1002
0,6980,7034,1,0,0,7,0,72;10;136;193;428;616;725
0,6944,6997,1,0,0,7,0,108;46;172;225;464;652;761
1,6987,7192,1,0,0,7,1,65;3;129;185;421;609;718
1,6984,7059,1,0,0,7,2,68;6;132;189;424;612;721
1,7062,7142,1,0,0,5,1,54;111;346;524;551
1,7056,7120,1,0,0,5,2,60;117;352;540;551
1,7095,7159,1,0,0,5,1,21;78;313;457;551
0,7073,7160,1,0,0,5,0,43;100;335;457;551
1,6812,6881,1,0,0,7,2,228;51;118;304;355;596;784
1,6809,7046,1,0,0,7,2,228;54;181;307;355;599;787
1,6875,6927,1,0,0,6,2,177;95;241;298;533;721
1,6853,6911,1,0,0,7,1,199;10;118;263;320;555;743
0,6896,6955,1,1,0,7,0,156;94;220;277;512;690;809
1,6887,6967,1,0,0,7,2,165;95;229;286;521;709;818
1,6941,7209,1,1,0,7,4,111;49;175;232;467;655;764
1,6899,6967,1,0,0,7,2,153;91;217;274;509;690;806
1,6643,6711,1,1,0,6,1,391;220;347;473;530;765
1,6645,6850,1,0,0,6,2,391;218;345;471;518;763
1,6692,6753,1,0,0,6,1,360;123;298;424;481;716
1,6692,6747,1,0,0,6,1,325;123;298;424;481;716
1,6714,6786,1,0,0,6,1,325;123;276;402;459;694
1,6757,6819,1,0,0,6,1,295;106;233;359;416;629
1,6792,7033,1,0,1,7,3,260;71;198;324;381;616;804
1,6804,7045,1,0,0,7,4,248;59;186;312;355;604;792
1,6489,6565,1,0,0,11,1,135;106;5;46;99;551;44;374;501;627;684
1,6527,6770,1,0,0,10,4,97;68;8;25;525;6;336;463;589;646
0,6529,6582,1,0,0,10,0,95;61;6;25;523;4;334;461;587;644
1,6536,6741,1,1,0,8,3,88;59;25;516;327;454;580;637
1,6564,6646,1,0,0,8,1,60;31;24;488;269;426;552;609
0,6570,6620,1,0,0,8,0,54;25;18;482;269;420;546;536
0,6578,6642,1,0,0,8,0,46;17;10;474;269;412;538;536
1,6628,6716,1,0,0,6,2,424;235;362;488;536;780
1,7622,7707,1,1,0,14,1,83;69;642;305;562;153;211;329;328;481;526;627;636;799
1,7615,7690,1,0,0,14,1,90;76;649;312;569;160;219;336;335;488;533;634;643;806
1,7603,7676,1,1,0,13,1,102;88;661;324;581;172;220;348;347;500;545;646;655
1,7593,7676,1,0,0,14,1,3;112;98;671;334;591;182;301;358;357;510;555;656;665
1,7667,7875,1,9,0,15,11,38;24;597;260;514;108;190;284;283;436;481;582;591;754;420
1,7664,7732,1,3,0,15,1,41;27;600;263;514;111;190;287;286;439;484;585;594;757;423
1,7657,7913,1,1,0,15,8,48;34;607;270;527;118;190;294;293;446;491;592;601;764;430
1,7642,7724,1,2,0,15,1,63;49;622;285;542;133;193;309;308;461;506;607;616;779;445
1,7540,7628,1,0,0,13,2,56;165;148;724;387;622;235;354;411;410;563;608;709
1,7534,7603,1,1,0,13,1,62;171;148;730;393;650;241;360;417;416;569;614;715
1,7508,7741,1,0,0,13,4,88;197;183;756;419;676;267;386;443;442;595;640;741
1,7479,7746,1,0,0,12,9,117;226;212;785;448;705;296;415;472;471;624;669
0,7589,7668,1,0,0,13,0,7;116;102;675;338;595;186;305;362;361;514;559;660
0,7584,7655,1,1,0,13,0,12;116;107;680;343;600;191;310;367;366;519;564;665
1,7583,7865,1,1,0,13,10,13;122;108;681;344;601;192;311;368;367;520;565;666
1,7561,7635,1,1,0,13,1,35;144;130;701;366;622;214;333;390;389;542;587;688
1,7353,7429,1,0,0,9,2,55;243;352;338;911;554;831;422;541
1,7357,7416,1,0,0,10,2,51;239;348;334;907;554;800;418;537;594
1,7283,7573,1,1,0,9,8,125;313;422;408;965;644;901;492;611
1,7345,7405,1,0,0,9,2,63;251;360;346;919;582;839;430;549
1,7387,7439,1,1,0,10,1,21;153;318;304;876;540;797;388;507;564
1,7437,7490,1,0,0,11,1,153;268;254;827;490;747;338;457;514;513;666
1,7365,7449,1,0,0,10,2,43;231;340;326;899;554;800;410;529;586
1,7367,7447,1,0,0,10,1,41;229;338;324;876;554;800;408;527;584
1,7210,7283,1,0,0,5,1,198;386;495;481;1054
0,7210,7274,1,1,0,5,0,198;386;495;481;1010
1,7132,7355,1,0,0,4,1,41;276;457;551
1,7146,7346,1,0,1,6,2,27;247;450;551;545;1118
1,7239,7303,1,0,0,7,1,169;357;466;452;1010;688;945
1,7261,7312,1,1,0,9,1,147;335;444;430;966;666;923;514;633
1,7214,7287,1,0,0,5,1,194;382;491;477;1010
0,7228,7296,1,1,0,7,0,180;368;466;463;1010;699;956
1,5799,6061,1,1,0,18,11,52;22;58;179;565;377;110;581;550;530;431;368;825;451;115;780;695;736
1,5793,5877,1,1,0,19,2,2;58;28;64;185;571;383;116;581;556;536;437;374;831;457;130;780;701;742
1,5815,6099,1,0,0,18,7,36;6;42;163;549;361;94;563;534;502;415;352;809;435;115;780;679;720
1,5800,6005,1,0,0,18,9,51;21;57;178;564;376;109;563;549;529;430;367;824;450;115;780;694;735
1,5754,5816,1,1,0,18,1,41;97;56;103;224;610;422;155;638;595;566;476;413;870;496;216;780;740
1,5750,5816,1,0,0,18,1,45;101;56;107;228;614;426;159;654;599;566;480;417;874;500;220;780;744
1,5791,5842,1,0,0,19,1,4;60;30;66;187;573;385;118;613;558;538;439;376;833;459;130;780;703;744
1,5790,5864,1,0,0,19,2,5;61;31;67;188;574;386;119;614;559;539;440;377;834;460;180;780;704;745
1,5730,5803,1,0,0,19,4,17;65;121;91;127;248;634;446;179;674;619;599;500;437;894;520;240;797;764
1,5706,6003,1,0,0,19,9,41;89;5;145;115;151;272;658;470;203;698;643;623;524;461;898;544;264;889
1,5739,6007,1,0,0,19,7,8;56;112;82;118;239;625;437;170;665;610;566;491;428;885;511;231;780;755
1,5731,5818,1,0,0,19,1,16;64;120;90;126;247;633;445;178;673;618;566;499;436;893;519;239;797;763
1,5675,5728,1,0,0,18,1,72;120;36;176;146;182;303;689;501;234;727;674;654;538;492;949;575;295
0,5655,5731,1,0,0,16,0,92;140;56;196;161;202;323;709;521;254;727;694;665;538;512;969
1,5687,5760,1,0,0,18,1,60;108;24;164;134;170;291;677;489;222;709;662;624;538;480;937;563;283
1,5680,5738,1,0,0,18,3,67;115;31;171;141;177;298;684;496;229;709;669;649;538;487;944;570;290
1,5628,5707,1,0,0,17,1,119;167;83;0;223;168;229;350;736;548;281;758;721;701;602;539;996
1,5631,5715,1,0,0,16,3,116;164;80;220;168;226;347;733;545;278;758;718;698;538;536;993
1,5632,5711,1,1,0,16,1,115;163;79;219;168;225;346;732;544;277;727;717;697;538;535;992
1,5641,5695,1,0,0,16,3,106;154;70;210;161;216;337;723;535;268;727;708;688;538;526;983
1,5563,5648,1,0,0,17,3,184;41;232;148;65;288;200;294;415;801;613;346;841;786;766;667;604
1,5564,5637,1,0,0,17,5,183;40;231;147;64;287;200;293;414;800;612;345;789;785;765;666;603
1,5598,5676,1,0,0,17,2,149;6;197;113;30;253;200;259;380;766;578;311;789;751;731;632;569
1,5611,5900,1,0,1,17,8,136;184;100;17;240;200;246;367;753;565;298;758;738;718;619;556;1013
1,5495,5570,1,0,0,14,1,252;109;300;216;133;65;356;326;362;483;869;681;414;909
1,5518,5587,1,0,0,16,3,229;86;277;193;110;42;333;303;339;460;846;658;391;886;831;811
1,5530,5815,1,0,0,16,8,217;74;265;181;98;30;321;291;327;448;834;646;379;874;819;782
0,5556,5642,1,1,0,17,0,191;48;239;155;72;4;295;200;301;422;808;620;353;848;793;773;674
0,5431,5503,1,0,0,11,0,314;60;173;364;280;170;129;420;390;426;547
1,5437,5687,1,1,0,11,6,310;54;167;358;274;170;123;414;384;420;541
1,5443,5519,1,0,0,11,1,286;48;161;352;268;170;117;408;378;414;535
1,5470,5696,1,0,0,13,5,262;21;134;325;241;158;90;381;351;387;508;894;706
1,6483,6763,1,0,1,11,4,141;112;11;52;105;569;50;380;507;633;690
1,6461,6524,1,0,0,10,1,163;134;33;74;127;591;72;402;529;655
1,6422,6672,1,0,0,10,5,202;173;63;113;166;630;111;441;568;694
1,6383,6444,1,0,0,12,2,21;241;212;63;152;205;13;669;150;480;607;733
1,6382,6451,1,0,0,12,1,22;242;213;95;153;206;14;670;151;481;608;734
1,6366,6603,1,0,0,11,3,38;258;229;128;169;210;30;686;167;497;624
1,6361,6446,1,0,0,12,2,3;43;263;234;133;174;210;35;691;172;502;629
1,6297,6348,1,0,0,14,2,67;107;52;32;327;298;197;238;210;99;755;236;539;693
1,6283,6367,1,1,0,13,3,81;121;66;46;341;312;211;252;210;113;769;250;580
1,6261,6338,1,0,0,13,1,103;143;88;68;363;334;233;274;294;135;780;272;602
1,6258,6311,1,0,0,13,1,106;146;91;71;366;337;236;277;294;138;794;275;605
1,6240,6327,1,0,0,14,4,124;164;109;89;384;10;355;254;295;294;156;812;293;623
1,6218,6499,1,0,1,15,7,146;186;131;111;12;406;32;377;276;317;370;178;824;315;645
1,6202,6256,1,1,0,15,2,162;202;147;127;28;422;48;393;292;333;386;194;824;331;661
1,6175,6238,1,0,0,16,2,189;1;229;174;154;55;449;75;420;319;360;413;213;851;358;688
1,6174,6253,1,0,0,16,3,190;2;230;175;155;56;450;76;421;320;361;414;213;878;359;689
1,6167,6244,1,0,0,17,2,197;9;237;182;162;63;0;457;83;426;327;368;421;229;885;366;696
1,6171,6260,1,0,0,16,2,193;5;233;178;158;59;453;79;424;323;364;417;225;881;362;692
1,6127,6185,1,0,0,16,2,237;49;277;222;202;103;40;497;123;468;367;408;461;269;925;406
1,6148,6204,1,0,0,16,2,216;28;256;201;181;82;19;476;102;447;346;387;440;248;900;385
1,6062,6127,1,0,0,16,2,302;114;342;287;267;168;105;562;188;533;432;473;526;334;990;471
1,6100,6175,1,1,1,16,1,264;76;304;249;229;130;67;524;150;495;394;435;488;296;952;433
1,6001,6252,1,0,0,15,11,363;175;403;348;328;229;166;623;249;594;493;534;587;395;1030
1,6029,6103,1,0,0,16,3,335;147;375;320;300;201;138;595;221;566;465;506;559;367;1023;504
1,5928,5988,1,1,0,16,2,50;436;248;476;421;396;302;239;696;322;42;667;566;607;660;468
1,5960,6023,1,1,0,17,1,18;404;216;444;389;369;270;207;664;290;10;635;534;575;628;436;1092
1,5886,5941,1,1,0,17,1,92;478;290;23;518;463;443;344;281;738;364;71;709;608;649;702;510
1,5924,6185,1,0,0,16,11,54;440;252;480;425;405;306;243;700;326;46;671;570;611;664;472
1,5847,5901,1,2,0,17,1,4;10;131;517;329;62;557;502;482;383;320;777;403;78;748;647;688
1,5849,6065,1,6,0,17,4,2;8;129;515;327;60;555;500;480;381;318;775;401;71;746;645;686
1,5841,5910,1,0,0,17,2,10;16;137;523;335;68;563;508;488;389;326;783;409;86;754;653;694
1,5846,5914,1,1,0,17,2,5;11;132;518;330;63;558;503;483;384;321;778;404;84;749;648;689
1,8969,9021,1,0,0,13,3,18;51;130;82;206;580;615;608;636;663;684;873;659
1,8982,9064,1,0,0,13,2,5;38;117;69;193;567;602;595;631;650;671;860;646
0,8986,9047,1,1,0,13,0,1;34;113;65;189;545;598;591;631;646;667;856;642
1,8994,9194,1,0,1,12,6,26;105;57;181;545;590;583;628;638;659;848;634
1,9004,9241,1,0,0,13,8,16;95;47;171;545;580;573;618;628;649;838;609;806
1,9023,9092,1,0,0,12,1,76;28;152;526;561;554;561;609;630;819;605;787
1,9076,9137,1,0,0,13,2,23;99;473;508;501;546;556;577;766;552;734;570;643
1,9097,9159,1,0,0,13,2,2;78;452;487;480;525;535;556;745;531;713;549;622
1,9098,9152,1,0,0,13,1,1;77;451;486;479;471;534;555;744;530;712;548;621
1,9106,9164,1,0,0,12,2,69;443;478;471;471;526;547;736;522;704;504;613
1,9113,9354,1,0,0,12,9,62;436;471;464;471;519;540;729;480;697;504;606
1,9120,9187,1,1,0,12,2,55;429;464;457;471;512;533;722;480;690;470;599
1,9159,9409,1,0,0,12,9,16;390;425;418;463;473;494;683;469;651;470;560
1,9180,9269,1,0,0,12,1,369;404;397;442;452;473;662;448;630;466;539;536
0,9194,9254,1,0,0,13,0,355;390;383;428;438;459;648;434;616;437;525;522;629
1,9203,9446,1,0,0,13,7,346;381;374;419;429;450;639;425;607;437;516;513;620
1,8719,8788,1,0,0,12,1,55;67;268;169;44;283;194;380;332;456;753;865
1,8712,8794,1,1,0,12,3,62;67;275;176;51;308;201;387;339;463;753;872
1,8759,8816,1,1,0,14,1,15;59;228;129;4;261;154;340;292;416;753;825;818;863
1,8720,8801,1,1,0,13,2,54;59;267;168;43;283;193;379;331;455;753;864;857
1,8785,8857,1,1,0,12,1,37;202;103;235;128;314;266;390;753;799;792;837
1,8782,8870,1,0,0,12,1,43;205;106;238;131;317;269;393;753;802;795;840
1,8820,8893,1,0,0,14,2,25;135;68;200;93;279;231;355;729;764;757;802;812;833
1,8792,8847,1,1,1,13,1,37;135;96;228;121;307;259;383;753;792;785;830;840
1,8836,8907,1,1,0,14,1,9;135;52;184;4;263;215;339;713;748;741;774;796;817
1,8831,9067,1,0,1,14,9,14;135;57;189;82;268;220;344;718;753;746;774;801;822
1,8902,9182,1,1,0,14,10,85;118;4;197;149;273;647;682;675;715;730;751;940;726
1,8879,8929,1,0,0,15,2,93;9;141;4;220;172;296;670;705;698;743;753;774;963;749
1,8926,9207,1,0,0,13,8,61;94;173;125;249;623;658;651;696;706;727;908;702
1,8902,9107,1,0,0,14,5,85;118;4;197;149;273;647;682;675;715;730;751;908;726
1,8938,8996,1,0,0,13,2,40;82;161;113;237;611;646;639;676;694;715;904;690
1,8931,9135,1,0,1,13,6,56;89;168;120;244;618;653;646;676;701;722;908;697
1,9487,9548,1,0,0,15,2,62;97;90;135;145;166;355;141;323;159;232;229;336;462;478
0,9515,9579,1,0,0,16,0,34;69;62;107;117;138;327;113;295;131;204;201;308;434;450;813
1,9452,9524,1,0,0,15,2,97;132;125;170;180;201;387;176;358;194;267;264;371;497;513
1,9481,9534,1,1,0,15,1,68;103;96;141;151;172;361;147;329;165;238;235;342;468;484
1,9541,9629,1,0,0,16,3,8;43;36;81;91;112;301;87;269;104;178;175;282;408;407;787
1,9554,9615,1,0,0,17,1,30;23;68;37;99;288;74;256;92;165;162;269;395;407;774;538;773
1,9530,9581,1,0,0,16,1,19;54;47;92;102;123;312;98;280;116;189;186;293;419;435;798
1,9537,9594,1,1,0,16,2,12;47;40;85;95;116;305;91;273;104;182;179;286;412;428;791
1,9638,9726,1,1,0,13,2,15;204;172;8;81;78;185;311;327;690;454;689;649
1,9645,9718,1,0,0,13,1,8;191;165;1;74;71;178;304;320;683;447;682;642
1,9569,9774,1,0,0,17,6,15;8;53;37;84;273;59;241;66;150;147;254;380;396;759;523;758
1,9584,9643,1,0,0,16,1,0;38;37;69;258;44;226;62;135;132;239;365;381;744;508;743
1,9672,9725,1,1,0,13,1,170;138;47;44;151;235;293;656;420;655;615;827;480
1,9683,9759,1,0,0,13,2,159;127;36;33;140;235;273;645;409;644;604;816;469
0,9659,9715,1,0,0,12,0,183;151;60;57;164;235;306;669;433;668;628;840
1,9664,9743,1,0,1,12,2,178;146;55;52;159;235;301;664;428;663;623;835
1,9277,9344,1,0,0,13,2,272;307;300;345;355;376;550;351;533;369;442;439;546
1,9266,9344,1,0,0,13,2,283;318;311;356;366;387;576;362;544;380;453;450;557
1,9230,9299,1,0,0,13,2,300;354;347;386;402;423;612;398;580;416;489;486;593
1,9224,9501,1,0,0,13,11,325;360;353;386;408;429;618;404;586;422;495;492;599
1,9345,9589,1,0,1,14,9,157;239;232;277;287;308;497;283;465;301;374;371;478;604
1,9333,9608,1,0,0,14,8,216;251;244;289;299;320;509;295;477;313;386;383;490;616
1,9298,9364,1,0,0,13,2,251;286;279;312;334;355;544;330;512;348;421;418;525
1,9296,9367,1,1,0,13,2,253;288;281;326;336;357;546;332;514;350;423;420;527
1,9365,9433,1,0,0,14,1,157;219;212;257;267;288;460;263;445;256;354;351;458;584
1,9359,9435,1,0,0,14,3,157;225;218;263;273;294;460;269;451;256;360;357;464;590
1,9358,9411,1,0,0,14,2,157;226;219;264;274;295;484;270;452;256;361;358;465;591
1,9355,9422,1,0,0,14,1,157;229;222;267;277;298;487;273;455;275;364;361;468;594
0,9443,9501,1,1,0,15,0,106;141;128;179;189;210;387;185;367;203;276;273;380;506;522
1,9440,9493,1,0,1,15,1,109;144;128;182;192;213;402;188;370;206;279;276;383;509;525
1,9424,9499,1,0,0,15,3,125;160;153;198;208;229;418;204;386;222;287;292;399;525;541
1,9378,9436,1,0,0,14,1,157;206;199;244;254;275;460;250;432;256;287;338;445;571
1,8006,8084,1,1,0,12,2,258;178;97;142;243;252;415;81;368;768;541;590
1,8020,8088,1,0,0,12,1,244;164;83;128;229;238;401;67;344;754;527;576
1,8049,8128,1,0,0,12,2,215;135;54;99;200;209;372;38;344;725;498;547
1,8052,8113,1,0,0,12,2,212;132;51;96;197;206;369;35;341;722;495;544
1,7921,7979,1,0,0,14,1,343;6;256;30;29;182;160;328;337;500;166;493;853;626
1,7922,8143,1,0,0,14,7,342;5;256;29;28;181;160;327;336;499;165;492;852;620
1,7983,8052,1,0,0,11,1,281;201;120;160;266;275;438;104;431;791;564
1,8004,8284,1,0,0,12,4,260;180;99;144;245;254;417;83;370;770;543;592
1,8149,8350,1,0,0,12,5,115;35;100;109;272;265;625;398;447;491;507;696
1,8161,8399,1,0,0,12,5,103;23;88;97;260;246;613;386;435;479;495;684
1,8161,8381,1,1,0,12,6,103;23;88;97;206;246;613;386;435;479;495;684
1,8214,8439,1,0,0,13,6,50;35;44;206;200;560;333;382;426;442;631;773;467
1,8054,8271,1,0,0,12,4,210;130;49;94;195;204;367;33;341;720;484;542
1,8054,8131,1,1,0,12,2,210;130;49;94;195;204;367;33;305;720;484;542
1,8080,8299,1,0,0,14,5,184;104;23;68;169;178;341;7;298;694;467;516;560;576
1,8091,8145,1,0,0,13,1,173;93;12;57;158;167;330;292;683;456;505;549;565
1,7739,7824,1,0,1,13,1,525;188;445;36;155;212;211;364;409;510;508;682;348
1,7736,7821,1,0,1,13,4,528;191;448;39;158;215;214;367;412;513;522;685;351
1,7758,7834,1,0,0,15,2,506;169;426;17;136;193;192;345;390;491;500;663;329;656;1016
0,7745,7807,1,0,0,14,0,519;182;439;30;143;206;205;358;403;504;508;676;342;669
1,7704,7760,1,1,0,14,2,1;560;223;480;71;182;247;246;399;444;545;554;717;383
1,7683,7750,1,2,0,15,1,22;8;581;244;501;92;190;268;265;420;465;566;575;738;404
1,7714,7782,1,1,0,13,1,550;213;470;61;172;237;236;389;434;535;527;707;373
1,7712,7937,1,0,0,13,9,552;215;472;63;182;239;238;391;436;537;527;709;375
1,7877,8158,1,0,0,14,6,387;50;298;17;74;73;226;271;372;381;544;210;537;897
1,7856,8130,1,0,0,14,9,408;57;298;38;95;94;247;292;393;402;565;231;558;918
1,7904,8152,1,0,0,13,6,360;23;261;47;46;199;160;345;354;517;183;510;870
1,7888,8089,1,0,0,14,7,376;39;261;6;63;62;215;260;361;370;533;199;526;886
1,7832,7913,1,0,0,14,1,432;95;352;62;119;118;271;316;417;426;589;255;582;942
0,7829,7916,1,0,0,14,0,435;98;355;65;122;121;274;319;420;429;592;258;585;945
1,7850,7919,1,0,0,14,4,414;77;298;44;101;100;253;298;399;408;571;237;564;924
1,7835,7920,1,0,0,14,1,429;92;298;59;116;115;268;313;414;423;586;252;579;939
1,8570,8855,1,0,0,14,9,204;26;68;75;275;417;97;318;193;450;343;529;475;605
0,8571,8621,1,0,0,14,0,203;25;68;75;274;416;97;317;192;439;342;528;475;604
1,8565,8638,1,0,1,14,2,209;31;68;75;280;422;116;323;198;452;348;534;475;610
0,8568,8631,1,0,0,14,0,206;28;68;75;277;419;97;320;195;452;345;531;475;607
1,8550,8628,1,0,0,14,2,224;46;68;106;295;437;131;338;213;452;363;549;501;625
1,8557,8629,1,0,0,14,2,217;39;68;75;288;430;124;331;206;452;356;542;494;618
1,8518,8582,1,0,0,14,1,256;29;78;122;138;327;469;163;370;245;479;395;581;533
1,8547,8606,1,1,0,15,2,227;0;49;93;109;298;440;134;341;216;452;366;552;504;628
1,8686,8928,1,1,0,11,5,88;83;301;202;77;334;227;413;365;489;863
1,8704,8787,1,0,0,12,1,70;83;283;184;59;316;209;395;347;471;753;880
1,8640,8726,1,0,0,13,2,134;0;16;205;347;41;248;123;380;245;459;411;535
1,8663,8943,1,0,0,12,7,111;182;324;18;225;100;357;245;436;388;512;886
1,8614,8669,1,0,0,13,2,160;26;42;231;373;67;274;149;406;245;485;437;561
0,8628,8686,1,0,0,13,0,146;12;28;217;359;53;260;135;392;245;471;423;547
1,8608,8689,1,0,0,13,2,166;32;48;237;379;73;280;155;412;305;491;443;567
0,8613,8687,1,0,0,13,0,161;27;43;232;374;68;275;150;407;245;486;438;562
1,8279,8350,1,0,0,13,1,142;135;495;268;317;305;377;566;708;402;609;461;741
1,8278,8498,1,0,0,13,3,143;136;496;269;318;362;378;567;709;403;610;461;742
1,8265,8352,1,0,0,13,2,156;149;509;282;331;375;391;580;722;416;623;498;755
1,8239,8324,1,0,0,14,1,25;10;19;182;174;535;308;357;401;417;606;748;439;649
1,8222,8275,1,1,0,13,1,42;27;36;199;192;552;325;374;418;434;623;765;439
1,8222,8298,1,2,0,13,1,42;27;36;199;174;552;325;374;418;434;623;765;439
1,8219,8285,1,0,0,13,3,45;30;39;202;195;555;328;377;421;437;626;768;450
1,8214,8292,1,0,0,13,3,50;35;44;206;200;560;333;382;426;442;631;773;457
1,8502,8581,1,0,0,13,1,272;45;94;138;154;343;485;179;386;261;518;411;597
1,8423,8484,1,1,0,13,1,351;84;173;217;233;422;564;258;465;340;590;490;676
1,8416,8678,1,0,0,14,11,5;358;131;180;224;240;429;571;265;472;347;590;497;683
1,8403,8486,1,0,0,15,2,18;11;371;144;193;237;253;442;584;278;485;360;617;510;696
1,8350,8418,1,0,1,14,1,71;55;424;197;246;290;301;495;637;331;538;413;670;563
1,8346,8424,1,0,0,14,2,75;68;428;201;250;294;301;499;641;335;542;417;674;567
1,8308,8361,1,1,0,14,2,113;106;466;238;288;305;348;537;679;363;580;455;712;605
1,8304,8362,1,0,0,14,2,117;110;470;238;292;305;352;541;683;377;584;459;716;609
1,10850,11055,1,0,0,13,4,105;233;133;300;126;316;557;179;623;527;649;383;897
0,10851,10908,1,0,0,13,0,104;232;132;299;125;315;556;178;622;526;648;382;896
0,10842,10919,1,1,0,13,0,113;311;141;308;134;324;565;187;631;535;657;391;905
1,10847,11064,1,0,0,13,4,108;306;136;303;129;319;560;182;626;530;652;386;900
1,10875,10964,1,1,0,13,5,80;232;108;275;101;291;532;148;598;502;610;358;872
0,10886,10955,1,0,0,14,0,69;232;97;264;90;280;521;143;587;491;593;347;861;1177
1,10862,10915,1,0,0,13,1,93;232;121;288;114;304;545;167;611;515;637;371;885
1,10865,10929,1,0,0,13,3,90;232;118;285;111;301;542;148;608;512;634;368;882
0,10717,10791,1,0,0,13,0,73;85;39;238;436;27;266;433;259;449;690;281;756
1,10720,10781,1,1,0,13,1,70;82;36;235;433;24;263;430;256;446;687;281;753
1,10714,10772,1,1,0,13,1,76;88;42;241;439;30;269;436;262;452;693;303;759
0,10715,10782,1,0,0,13,0,75;87;41;240;438;29;268;435;261;451;692;281;758
1,10822,10874,1,0,0,13,2,133;331;161;328;154;344;585;207;651;555;677;411;925
0,10840,10906,1,0,0,13,0,115;313;143;310;136;326;567;189;633;537;659;393;907
1,10771,10834,1,1,0,14,1,19;31;184;382;212;379;205;395;636;258;702;606;728;462
1,10783,10859,1,1,0,14,1,7;19;172;370;200;363;193;383;624;246;690;594;716;450
1,11209,11281,1,0,0,11,1,198;264;168;284;24;493;854;269;628;521;795
1,11207,11268,1,0,0,11,1,200;266;170;291;26;493;856;271;630;523;797
1,11201,11286,1,0,0,11,1,206;272;176;298;32;493;862;277;636;529;803
1,11156,11450,1,0,0,12,8,10;251;317;221;343;77;591;907;322;681;574;848
1,11335,11591,1,0,0,12,6,26;138;42;164;412;728;143;502;395;669;237;840
1,11332,11546,1,0,0,12,5,75;141;45;167;415;731;146;505;398;672;240;843
1,11300,11350,1,0,0,12,2,107;173;77;199;447;763;178;537;430;704;272;875
1,11210,11274,1,0,0,11,1,197;263;167;284;23;462;853;268;627;520;794
1,11084,11171,1,0,0,14,3,69;66;82;323;389;293;415;149;663;979;394;753;646;920
1,11017,11101,1,0,0,13,3,136;133;142;390;12;456;360;482;216;730;1046;461;820
1,10994,11082,1,0,0,12,3,159;156;172;413;35;479;383;505;239;753;1069;484
0,10960,11049,1,0,0,14,0,193;23;190;16;206;447;69;513;417;539;273;787;1103;518
1,11141,11209,1,0,0,14,1,12;9;25;266;332;236;349;92;606;917;337;696;589;863
1,11136,11188,1,0,0,14,1,17;14;30;271;337;241;363;97;611;917;342;701;594;868
1,11120,11205,1,0,0,14,3,33;30;30;287;353;257;379;113;627;918;358;717;610;884
1,11113,11200,1,0,0,14,3,40;37;53;294;360;264;386;120;634;918;365;724;617;891
1,11413,11479,1,0,0,10,3,60;77;321;638;65;424;317;591;159;762
1,11431,11509,1,0,0,10,1,42;68;316;632;34;406;299;573;141;744
1,11473,11559,1,0,0,10,1,0;26;274;590;5;364;257;531;99;702
1,11512,11583,1,0,0,7,1,235;551;319;218;492;60;663
1,11545,11634,1,1,0,9,1,202;518;292;185;459;27;628;959;918
0,11573,11626,1,0,0,9,0,174;490;264;157;431;602;931;890;678
1,11624,11692,1,0,0,11,3,123;439;213;106;380;551;880;839;627;486;465
1,11699,11944,1,0,0,11,8,48;364;138;31;305;476;805;764;552;411;390
1,11344,11396,1,0,0,12,2,26;129;33;155;401;719;134;493;386;660;228;831
1,11356,11426,1,0,0,12,3,26;117;21;140;391;707;122;481;374;648;216;819
1,11356,11619,1,0,0,12,6,26;117;21;140;391;707;122;481;374;607;216;819
1,11365,11451,1,1,0,12,2,26;108;12;134;382;695;113;472;365;607;207;810
1,11382,11434,1,1,0,11,2,25;91;117;365;681;96;455;348;607;190;792
1,11397,11453,1,0,0,11,2,10;76;102;350;666;81;440;333;607;175;775
1,11399,11470,1,0,0,11,2,8;74;100;348;638;79;438;331;605;173;775
1,11400,11474,1,0,0,11,1,7;73;77;347;638;78;437;330;604;172;775
1,11806,11879,1,0,0,10,2,257;31;198;357;698;657;445;270;283;618
1,11799,11873,1,0,0,10,3,264;38;205;357;705;664;452;295;290;625
1,11835,12080,1,1,0,10,5,228;2;169;340;669;628;416;234;254;589
1,11828,11879,1,0,0,10,1,235;9;176;347;676;635;423;256;261;596
1,11852,11934,1,1,0,9,2,211;147;263;652;611;399;234;237;572
1,11842,11898,1,1,0,9,2,221;162;263;662;621;409;234;247;582
1,11878,11928,1,0,0,9,1,176;126;263;626;585;373;232;211;546
1,11869,11943,1,0,0,9,2,189;135;263;635;594;382;234;220;555
1,11715,11794,1,1,0,11,2,32;348;122;15;272;460;789;748;536;395;374
1,11709,11788,1,1,0,11,2,32;354;128;21;295;466;795;754;542;401;380
1,11746,11828,1,0,0,10,2,1;311;91;248;429;758;717;505;364;343
1,11739,11955,1,0,0,10,4,8;324;98;248;436;765;724;512;371;350
1,11757,12055,1,0,0,9,5,306;80;216;418;747;706;494;353;332
1,11749,11810,1,0,0,9,2,311;88;242;426;755;714;502;361;340
1,11797,12020,1,0,0,10,8,266;40;207;357;707;666;454;313;292;627
0,11765,11819,1,0,0,9,0,298;72;216;357;739;698;486;345;324
1,9885,9942,1,0,0,13,2,64;80;443;207;442;402;614;258;216;467;474;574;826
1,9904,9967,1,0,0,13,2,45;61;424;188;423;383;595;248;197;448;455;555;807
1,9841,10117,1,0,0,13,9,1;91;124;487;251;486;446;658;292;260;511;518;618
1,9881,9962,1,0,0,12,1,68;84;447;211;446;406;618;271;220;471;478;578
1,9807,9874,1,0,0,15,2,35;3;16;94;158;521;285;520;480;690;345;294;545;552;652
1,9840,10074,1,1,1,13,5,2;91;125;488;252;487;447;659;312;261;512;519;619
1,9779,9857,1,0,0,14,2,63;31;44;105;186;549;313;548;508;690;373;322;573;580
1,9781,9844,1,1,0,14,1,61;29;42;94;184;547;311;546;506;690;371;320;571;578
1,9759,9817,1,0,0,14,1,83;51;64;105;206;569;333;568;528;740;393;342;593;600
1,9771,9832,1,1,0,14,3,71;39;52;105;194;557;321;556;516;690;381;330;581;588
1,9751,10048,1,0,0,14,11,91;59;72;146;214;577;341;575;536;748;401;350;601;608
0,9758,9820,1,0,0,14,0,84;52;65;105;207;570;334;569;529;741;394;343;594;601
1,9720,10003,1,0,1,12,9,122;90;103;229;245;608;372;575;567;779;403;381
1,9731,9817,1,1,0,13,1,111;79;92;211;234;597;361;575;556;768;403;370;621
1,9703,9765,1,0,0,14,1,139;107;16;13;120;235;262;625;389;602;584;796;449;398
1,9709,9766,1,0,0,14,1,133;101;10;7;114;235;256;619;383;602;578;790;403;392
1,10209,10277,1,0,0,14,2,119;118;78;257;143;150;250;502;567;593;545;746;944;535
1,10208,10260,1,0,0,14,2,120;119;79;257;144;151;251;503;582;594;545;747;945;536
1,10192,10263,1,0,0,12,1,136;135;95;257;160;167;267;519;598;610;564;763
1,10190,10263,1,0,0,12,2,138;136;97;300;162;169;269;521;600;612;566;765
1,10190,10264,1,1,0,12,1,138;136;97;265;162;169;269;521;600;612;566;765
1,10175,10264,1,0,0,12,3,153;152;112;300;177;184;284;536;615;627;581;780
1,10168,10235,1,0,0,11,2,160;159;119;331;184;191;291;543;622;634;585
0,10158,10225,1,0,0,11,0,170;169;129;341;194;201;301;553;632;644;585
1,10152,10357,1,1,1,12,6,176;175;135;347;0;200;207;307;559;638;650;604
0,10142,10207,1,0,0,12,0,186;185;145;357;10;210;217;317;569;648;660;614
1,10120,10398,1,0,0,12,7,208;207;167;379;32;232;239;339;591;670;682;636
1,10089,10306,1,1,0,13,7,239;3;238;198;410;41;12;263;270;370;622;701;713
1,10077,10144,1,1,0,13,2,251;15;250;210;422;75;24;275;282;382;634;713;725
1,10048,10329,1,0,0,13,9,280;44;279;239;451;104;53;304;311;411;663;742;754
1,9998,10206,1,0,0,13,6,330;94;329;289;501;154;103;354;361;461;713;792;804
1,9919,10189,1,0,1,13,7,16;46;409;173;408;368;580;233;182;433;440;540;792
1,10331,10417,1,0,0,17,2,168;21;28;128;380;434;471;425;624;822;413;652;367;369;819;645;835
1,10414,10467,1,0,0,15,1,85;45;297;376;388;342;541;739;330;569;284;286;736;562;752
1,10422,10679,1,0,0,15,8,77;37;289;357;380;334;533;731;322;561;276;278;728;554;744
1,10465,10540,1,0,1,14,3,34;246;325;337;291;490;688;279;518;233;235;685;511;701
1,10283,10352,1,1,0,18,1,45;44;4;216;69;76;176;428;492;519;450;672;870;461;700;415;417;856
1,10291,10367,1,0,0,17,2,37;36;208;61;68;168;420;492;511;450;664;862;453;692;407;409;826
0,10295,10347,1,1,0,17,0,33;32;175;57;64;164;416;492;507;450;660;858;449;688;403;405;826
1,10311,10381,1,0,0,17,1,17;16;175;41;48;148;400;479;491;445;644;842;433;672;387;389;826
1,10251,10311,1,0,0,17,1,77;76;36;248;101;108;208;460;539;551;450;702;902;493;732;447;449
1,10264,10329,1,0,1,18,3,64;63;23;235;88;95;195;447;526;538;450;691;889;480;719;434;436;886
1,10269,10554,1,0,0,18,12,59;58;18;230;83;90;190;442;521;533;450;686;884;475;714;429;431;856
1,10281,10543,1,0,0,18,9,47;46;6;218;71;78;178;430;509;521;450;674;872;463;702;417;419;856
1,10231,10316,1,0,0,17,3,97;96;56;248;121;128;228;480;559;571;525;724;922;513;752;467;469
1,10231,10309,1,0,0,17,2,97;96;56;248;121;128;228;480;559;571;488;724;922;513;752;467;469
1,10233,10291,1,1,0,17,2,95;94;54;248;119;126;226;478;557;569;470;722;920;511;750;465;467
1,10246,10301,1,1,0,17,2,82;81;41;248;106;113;213;465;544;556;470;702;907;498;737;452;454
1,10642,10729,1,0,0,15,2,69;148;160;114;313;511;102;341;56;58;487;334;524;765;320
1,10637,10693,1,1,0,15,1,74;153;165;119;318;516;107;346;61;63;513;339;529;770;320
1,10681,10751,1,0,0,15,2,30;109;121;75;274;472;63;302;17;19;456;295;485;726;320
1,10674,10741,1,1,0,15,1,37;116;128;82;281;479;70;309;24;26;476;302;492;733;320
0,10617,10695,1,0,0,15,0,94;173;185;139;338;536;127;366;81;83;533;359;549;790;412
1,10600,10657,1,0,0,15,1,111;190;202;156;355;553;144;383;98;100;550;376;566;807;429
1,10627,10873,1,0,0,15,8,84;163;175;129;328;526;117;356;71;73;523;349;539;780;351
1,10617,10706,1,0,0,15,4,94;173;185;139;338;536;127;366;81;83;533;359;549;790;412
0,10521,10603,1,1,0,14,0,190;269;281;218;434;632;190;462;177;179;629;455;645;886
1,10514,10602,1,1,0,14,2,197;276;288;218;441;639;230;469;184;186;636;462;652;893
1,10586,10671,1,0,0,15,3,125;204;216;170;369;567;158;397;112;114;564;390;580;821;443
1,10552,10609,1,1,0,14,1,159;238;250;204;403;601;190;431;146;148;598;424;614;855
1,10492,10546,1,1,0,15,1,7;219;292;310;264;463;661;252;491;206;208;658;484;674;915
1,10477,10690,1,0,0,15,8,22;234;313;325;279;478;676;267;506;221;223;672;499;689;930
1,10497,10549,1,1,0,15,1,2;214;292;305;235;458;656;247;486;201;203;653;479;669;910
1,10496,10573,1,0,0,15,3,3;215;292;306;235;459;657;248;487;202;204;654;480;670;911
1,12931,13003,1,0,0,11,2,382;62;226;52;252;764;627;600;774;600;562
1,12899,12976,1,0,0,11,1,396;93;247;71;284;764;659;632;806;632;594
1,12896,13149,1,0,0,11,5,396;93;247;87;287;764;662;635;809;635;597
1,12885,13129,1,0,0,11,4,396;93;247;98;298;814;673;646;820;646;608
0,13006,13069,1,0,0,10,0,307;14;151;177;693;552;525;699;525;487
0,12982,13054,1,0,0,11,0,331;38;175;1;201;717;576;549;723;549;511
1,12948,13159,1,1,0,11,3,365;62;209;35;235;751;610;583;723;583;545
1,12940,13009,1,0,0,11,1,373;62;217;37;243;759;618;591;765;591;553
0,13068,13145,1,0,0,9,0,245;89;115;631;490;463;637;463;425
0,13059,13143,1,0,0,9,0,254;98;124;631;499;472;646;472;434
1,13052,13299,1,0,0,9,5,261;105;131;647;506;479;653;479;441
0,13043,13114,1,0,0,9,0,270;114;140;656;515;488;662;488;450
0,13111,13166,1,0,0,13,0,202;46;72;586;447;420;594;420;382;762;526;804;747
1,13102,13327,1,0,0,13,7,211;55;81;597;456;429;603;429;391;771;535;813;756
0,13102,13162,1,0,0,13,0,211;55;81;586;456;429;603;429;391;771;535;813;756
0,13096,13148,1,0,0,13,0,217;61;87;603;462;435;609;435;397;777;541;819;762
1,13154,13215,1,0,1,14,1,159;3;29;538;404;377;551;377;339;679;483;761;704;685
1,13160,13248,1,0,0,14,1,153;23;538;398;371;504;371;333;679;477;755;698;679;594
1,13117,13326,1,0,0,13,4,196;40;66;582;441;414;588;414;376;756;520;798;741
1,13149,13376,1,0,0,14,8,164;8;34;550;409;382;556;382;344;679;488;766;709;690
1,13217,13279,1,1,0,14,1,96;482;341;314;472;314;276;656;420;698;641;610;537;780
1,13230,13296,1,0,0,14,1,83;469;328;301;472;301;263;622;407;685;628;609;524;767
1,13208,13272,1,0,0,13,1,105;491;350;323;497;323;285;665;429;707;650;631;546
1,13216,13275,1,0,0,14,1,97;483;342;315;489;315;277;657;421;699;642;610;538;781
1,13277,13356,1,0,0,15,1,36;422;281;254;428;254;216;596;360;638;581;562;477;720;648
1,13309,13361,1,1,0,15,1,4;390;249;222;396;222;184;564;328;606;549;529;445;688;616
0,13235,13308,1,1,0,14,0,78;464;323;296;470;296;258;622;402;680;623;594;519;762
1,13265,13518,1,1,0,15,8,48;434;293;266;440;266;228;608;372;650;593;574;489;732;660
1,13338,13396,1,0,0,15,1,361;220;193;367;193;155;508;299;577;520;501;416;659;587;626
1,13350,13408,1,0,0,15,1,349;208;181;355;181;143;495;287;565;508;489;404;647;575;614
1,13322,13407,1,0,0,14,3,377;236;209;383;209;171;551;315;577;536;517;432;675;603
1,13324,13410,1,0,0,15,1,375;234;207;381;207;169;549;313;577;534;515;430;673;601;640
1,13403,13470,1,0,0,18,1,296;155;128;302;128;90;470;234;512;455;436;351;594;522;561;807;649;627
1,13357,13443,1,0,0,15,1,342;201;174;348;174;136;495;280;558;501;481;397;640;568;607
1,13424,13480,1,1,0,18,4,275;134;107;281;107;69;449;213;491;434;403;330;573;501;540;786;628;606
1,13415,13709,1,1,0,18,12,284;143;116;290;116;78;458;222;500;443;412;339;582;510;549;795;637;615
1,13444,13684,1,0,0,18,10,255;114;87;261;87;49;429;193;471;414;395;310;553;481;520;766;608;582
1,13436,13519,1,0,0,18,2,263;122;95;269;95;57;437;201;479;422;403;318;561;489;528;774;616;582
1,13464,13763,1,0,0,19,10,235;94;67;241;67;29;409;173;451;394;375;290;533;461;500;746;588;566;775
1,13450,13501,1,0,0,18,2,249;108;81;255;81;43;423;187;465;408;389;304;547;475;514;754;602;580
0,13473,13531,1,1,0,19,0,226;85;58;211;58;20;400;164;442;385;366;281;524;452;414;737;579;557;766
1,13470,13761,1,1,0,19,12,229;88;61;235;61;23;403;167;445;388;369;284;527;455;414;740;582;560;769
1,13530,13582,1,1,0,19,2,169;28;1;175;1;343;107;385;328;309;224;467;395;414;680;522;500;709;513
0,13479,13543,1,0,0,19,0,220;79;52;211;52;14;394;158;436;379;360;275;518;446;414;731;573;551;760
1,13573,13662,1,0,0,16,1,126;132;300;64;342;285;266;181;424;352;391;637;479;457;666;470
1,13533,13622,1,1,0,17,1,166;25;172;340;104;373;325;306;221;464;392;414;677;519;497;706;510
1,13581,13660,1,1,0,16,4,118;124;290;56;334;277;258;173;416;344;380;629;471;449;658;462
1,13577,13649,1,0,0,16,1,122;128;296;60;338;281;262;177;420;348;380;633;475;453;662;466
1,13599,13685,1,0,0,17,3,100;106;274;38;316;259;240;155;398;326;365;611;453;431;640;444;881
1,13603,13683,1,0,0,17,1,96;102;270;34;312;255;236;151;394;322;361;571;449;427;636;440;877
1,13624,13691,1,0,0,17,4,75;81;249;13;291;234;215;130;373;301;316;571;428;406;615;419;856
1,13628,13690,1,1,0,17,1,71;77;245;9;271;230;211;126;369;297;316;571;424;402;611;415;852
1,13636,13720,1,0,0,17,2,63;69;235;1;271;222;203;118;361;289;316;571;416;394;603;407;844
1,13663,13733,1,0,0,17,1,36;42;210;252;195;176;91;334;262;301;547;389;367;576;380;817;576
1,13673,13748,1,1,0,18,2,26;32;200;242;185;166;81;324;252;278;537;379;357;566;370;807;566;731
1,13735,13813,1,0,0,18,3,138;180;123;104;19;262;190;229;475;317;295;504;308;745;504;669;584;761
1,13739,13825,1,0,0,18,1,134;176;119;100;15;258;186;225;471;313;291;500;304;741;500;665;580;757
1,13744,13833,1,0,0,18,1,129;171;114;95;10;253;181;182;466;308;286;495;299;736;495;660;575;752
1,13757,13809,1,0,0,17,1,116;158;101;82;240;168;175;453;295;273;482;286;723;482;647;562;739
1,13794,14059,1,0,0,18,13,79;121;64;45;203;131;165;416;258;236;445;249;686;445;610;525;702;750
1,13805,14062,1,0,0,18,11,68;110;53;34;192;120;143;405;247;225;434;238;675;434;599;514;691;739
1,13807,14066,1,0,0,18,11,66;108;51;32;190;118;143;390;245;223;432;236;673;432;597;512;689;737
1,13816,13896,1,0,0,19,2,57;99;42;23;181;109;143;376;236;214;423;227;664;423;588;503;680;728;695
1,13821,13901,1,0,0,19,4,52;94;37;18;176;104;143;346;231;209;418;222;659;418;583;498;675;723;690
1,11986,12049,1,0,0,11,1,77;18;189;518;477;265;124;103;438;762;854
1,11957,12218,1,0,0,10,6,106;31;210;547;506;294;153;132;467;791
1,11953,12030,1,0,0,10,2,110;31;222;551;510;298;157;136;471;795
1,11936,12164,1,0,0,9,4,127;68;239;568;527;315;174;153;488
1,11900,11965,1,0,0,9,3,163;102;241;604;563;351;210;189;524
0,11893,11951,1,1,0,9,0,170;102;241;611;570;358;217;196;531
1,11886,11973,1,0,0,9,1,176;102;244;618;577;365;224;203;538
1,11881,11959,1,0,0,9,2,176;123;244;623;582;370;229;208;543
1,12163,12227,1,0,0,12,3,12;341;300;39;258;585;677;1150;710;716;836;407
1,12156,12209,1,0,0,12,2,19;348;307;39;258;592;684;1157;717;723;864;414
1,12154,12226,1,0,0,12,1,21;350;309;97;258;594;686;1159;719;725;866;416
1,12152,12382,1,0,0,12,7,23;352;311;99;271;596;688;1161;721;727;868;418
1,12136,12380,1,0,0,11,8,39;368;327;115;271;612;704;1177;737;743;884
1,12095,12154,1,1,0,12,1,80;383;368;156;15;329;653;745;1218;778;784;925
1,12091,12163,1,0,0,10,2,84;413;372;160;19;333;657;749;1222;782
1,12058,12119,1,0,0,11,2,5;117;446;405;193;52;31;366;690;782;1255
1,12234,12313,1,0,0,13,5,270;229;17;190;514;606;1079;639;645;786;336;445;385
1,12237,12311,1,0,0,13,5,225;226;14;187;511;603;1076;636;642;783;333;442;382
0,12213,12288,1,0,0,13,0,291;250;29;211;535;626;1100;660;666;807;357;466;406
1,12234,12311,1,0,0,13,4,270;229;17;190;514;604;1079;639;645;786;336;445;385
1,12206,12455,1,0,1,13,8,298;257;39;215;542;626;1107;667;673;814;364;473;413
1,12213,12293,1,0,0,13,5,291;250;29;211;535;626;1100;660;666;807;357;466;406
1,12165,12430,1,0,1,12,10,10;339;298;39;258;583;662;1148;708;714;836;405
1,12203,12283,1,1,0,12,4,301;260;39;215;545;637;1110;670;676;817;367;476
1,12389,12601,1,0,1,14,8,115;74;35;359;451;917;484;490;631;181;290;230;720;594
1,12401,12472,1,0,1,14,1,103;62;23;347;439;912;472;478;619;169;278;218;707;582
1,12342,12427,1,0,0,14,2,162;121;82;406;498;971;531;537;678;228;337;277;723;641
1,12386,12604,1,0,0,14,8,118;77;38;362;454;927;487;493;634;184;293;233;720;597
0,12314,12394,1,0,0,14,0,190;149;110;434;512;983;559;565;706;256;365;305;843;669
1,12339,12602,1,0,0,14,9,165;124;85;409;501;974;534;540;681;231;340;280;818;644
1,12305,12376,1,0,0,14,4,199;158;119;443;535;1008;568;574;715;265;374;314;852;678
1,12309,12563,1,0,1,14,9,195;154;115;439;512;1004;564;570;711;261;370;310;848;674
1,12499,12584,1,0,0,12,3,5;241;341;814;374;380;521;71;180;120;658;484
1,12481,12532,1,0,0,12,1,23;267;359;832;392;383;539;89;198;138;676;488
1,12509,12588,1,0,0,11,3,239;331;804;364;355;511;61;170;110;648;474
1,12505,12567,1,0,0,11,4,241;335;808;368;355;515;65;174;114;652;478
0,12421,12495,1,1,0,14,0,83;42;3;327;419;892;452;458;599;149;258;198;696;493
1,12417,12685,1,0,1,14,9,87;46;7;331;423;896;456;462;603;153;262;202;696;566
1,12466,12553,1,1,0,12,2,38;282;374;847;407;413;554;104;213;153;691;488
1,12447,12713,1,1,0,13,7,57;16;301;393;866;426;432;573;123;232;172;696;493
1,12628,12704,1,0,0,11,2,120;212;685;245;248;392;51;529;355;555;1071
1,12614,12891,1,1,0,11,8,134;226;699;259;248;406;65;5;543;369;569
1,12688,12770,1,0,0,10,3,60;152;625;185;191;332;469;295;495;1011
1,12660,12921,1,0,0,11,6,88;180;653;213;219;360;19;497;323;523;1039
1,12579,12631,1,0,0,11,1,169;261;734;294;300;441;100;40;578;389;604
1,12576,12633,1,1,0,11,1,172;264;737;297;303;444;103;43;581;407;607
1,12611,12697,1,0,0,11,2,137;229;702;262;268;409;68;8;546;372;572
1,12602,12668,1,0,0,11,3,146;238;711;271;277;418;77;17;555;381;581
1,12743,12799,1,0,0,10,2,5;97;570;130;136;277;410;240;440;956
1,12757,12835,1,0,0,10,3,78;556;116;122;263;400;226;426;942;801
1,12764,12820,1,0,0,10,2,76;549;109;115;256;393;219;419;935;794
1,12782,12856,1,0,0,10,1,58;531;91;97;238;375;201;401;917;776
1,12701,12790,1,0,1,10,3,47;139;612;172;178;319;456;282;482;978
1,12725,12805,1,1,0,10,3,23;115;588;148;154;295;432;258;458;974
1,12733,12799,1,0,0,10,1,15;107;580;140;146;287;424;250;450;958
0,12737,12789,1,0,0,10,0,11;103;576;136;142;283;410;246;446;958
1,12844,12918,1,0,0,10,2,464;29;35;176;313;139;339;855;714;687
1,12848,13052,1,1,0,11,5,441;25;31;172;309;135;335;851;710;683;857
1,12861,12935,1,0,0,11,1,396;12;18;159;296;122;322;838;697;670;844
1,12882,12968,1,0,0,11,1,396;93;275;101;301;817;676;649;823;649;611
1,12785,13053,1,0,0,10,6,55;528;88;94;235;357;198;398;914;773
1,12797,12859,1,1,0,10,3,43;516;76;82;223;357;186;386;874;761
1,12805,12879,1,0,0,11,3,35;508;68;74;215;352;178;378;869;753;726
1,12839,13102,1,0,1,11,7,1;474;34;40;181;318;144;344;860;719;692
1,15828,15909,1,0,0,9,1,260;462;257;552;450;413;375;511;770
1,15795,15860,1,0,0,10,2,15;293;32;495;257;585;483;446;408;544
0,15794,15871,1,0,0,10,0,16;294;33;496;257;586;484;447;409;545
0,15794,15861,1,0,0,10,0,16;294;33;496;257;586;484;447;409;545
0,15792,15845,1,0,0,10,0,18;296;35;498;257;588;486;449;411;547
1,15761,16025,1,0,1,10,5,49;327;66;529;375;619;517;480;442;578
1,15761,15834,1,0,0,10,2,49;327;66;529;257;619;517;480;442;578
0,15733,15794,1,0,0,11,0,5;77;331;94;557;403;647;545;508;470;606
1,15725,15800,1,0,0,11,1,13;85;363;102;565;411;655;553;516;478;614
1,15725,15790,1,1,0,11,1,13;85;359;102;565;411;655;553;516;478;614
0,15720,15784,1,1,0,11,0,18;90;368;107;570;416;660;558;521;483;619
1,15683,15886,1,0,0,10,5,55;127;377;136;607;453;697;595;558;520
1,15671,15943,1,0,0,10,7,67;139;401;136;619;465;709;607;570;532
1,15670,15753,1,0,0,10,1,68;140;401;157;620;466;710;608;571;533
0,15668,15750,1,1,0,10,0,70;142;401;159;622;468;712;610;573;535
1,15652,15711,1,0,0,10,2,86;158;401;175;638;484;728;626;589;551
1,15641,15936,1,0,0,10,7,97;169;447;186;649;495;739;637;600;562
0,15643,15710,1,0,0,10,0,95;167;401;184;647;493;737;635;598;560
1,15528,15605,1,0,0,11,2,210;60;13;282;560;299;762;608;852;750;713
1,15614,15694,1,0,0,9,2,124;196;474;213;676;522;766;664;627
1,15444,15502,1,0,0,9,2,294;144;96;366;644;383;800;692;936
1,15480,15554,1,1,0,11,2,258;108;61;330;608;347;800;656;900;798;761
1,15413,15487,1,1,0,10,1,2;325;175;96;397;675;414;800;723;967
1,15413,15491,1,0,0,10,2,2;325;175;96;380;675;414;800;723;967
1,15389,15652,1,0,0,9,6,26;349;199;110;421;699;438;800;747
0,15412,15481,1,0,0,10,0,3;326;176;96;398;676;415;800;724;968
0,15347,15400,1,0,0,8,0,68;391;241;194;463;741;480;800
1,15375,15626,1,0,0,9,5,40;363;213;166;435;713;452;800;761
0,15330,15410,1,0,0,8,0,85;408;258;211;480;758;497;960
1,15345,15566,1,1,0,8,2,70;393;243;196;465;743;482;945
0,15296,15354,1,0,0,7,0,119;442;292;245;514;792;531
0,15305,15392,1,0,0,7,0,110;433;283;236;505;783;522
0,15256,15320,1,0,0,11,0,0;25;134;15;482;16;332;285;554;832;571
1,15237,15295,1,0,0,11,1,19;44;174;34;497;35;351;304;573;851;590
0,15284,15352,1,0,0,7,0,131;454;304;257;526;804;543
0,15260,15330,1,1,0,10,0,21;134;11;478;12;328;281;550;828;567
1,15203,15427,1,0,0,12,4,53;78;200;3;68;497;69;385;338;607;885;624
1,15198,15259,1,0,0,12,2,58;83;200;8;73;497;72;390;343;612;890;629
0,15222,15273,1,1,0,11,0,34;59;174;49;497;50;366;319;588;866;605
0,15213,15264,1,0,0,11,0,43;68;174;58;497;59;375;328;597;875;614
1,15159,15229,1,0,0,11,2,97;122;200;47;112;579;72;429;382;651;929
1,15114,15317,1,0,0,10,2,142;167;301;92;157;618;72;474;427;696
1,15196,15417,1,1,0,12,5,60;85;200;10;75;529;72;392;345;614;892;631
0,15175,15237,1,0,0,11,0,81;106;200;31;96;529;72;413;366;635;913
1,15093,15380,1,1,0,10,6,163;188;322;113;178;618;179;495;448;717
1,15077,15154,1,1,0,10,3,179;204;338;128;194;638;195;511;464;733
1,15114,15189,1,0,0,10,1,142;167;204;92;157;618;72;474;427;696
0,15104,15167,1,0,0,10,0,152;177;311;102;167;618;72;484;437;706
1,15060,15139,1,0,0,10,2,196;221;355;128;211;678;212;528;481;750
1,15061,15126,1,0,0,10,1,195;220;354;128;210;660;211;527;480;749
1,15068,15143,1,0,0,10,2,188;213;347;128;203;645;204;520;473;742
0,15075,15161,1,1,0,10,0,181;206;340;128;196;638;197;513;466;735
1,15003,15078,1,0,0,10,1,253;278;412;203;235;735;232;585;538;807
0,15031,15114,1,0,0,10,0,224;250;384;175;235;707;232;557;510;779
0,15032,15085,1,0,0,10,0,224;249;383;174;235;706;232;556;509;778
1,15038,15098,1,0,0,10,1,218;243;377;168;233;700;232;550;503;772
1,14944,15030,1,0,0,12,2,41;37;312;33;337;471;262;327;794;328;644;597
1,14956,15044,1,0,0,13,1,4;25;300;21;325;459;250;315;782;316;632;585;854
1,14964,15047,1,1,0,13,1,4;17;292;13;317;451;242;235;774;308;624;577;846
1,14994,15195,1,0,0,10,3,262;287;421;212;235;744;278;594;547;816
1,14853,14931,1,1,0,11,2,132;28;128;403;19;124;395;562;353;418;885
1,14881,14967,1,0,0,12,2,104;16;100;375;96;374;534;325;390;857;391;707
1,14909,14990,1,0,0,12,1,76;72;347;68;372;506;297;362;829;363;679;632
1,14914,15202,1,0,0,12,9,71;67;325;63;367;501;292;357;824;358;674;627
1,14796,15030,1,0,1,12,8,36;47;189;56;185;436;76;181;482;619;410;475
1,14795,14862,1,0,0,12,1,37;48;190;56;186;461;77;182;482;620;411;476
1,14793,14860,1,0,0,12,2,39;50;192;104;188;463;79;184;482;622;413;478
1,14778,14864,1,0,0,12,1,54;65;207;119;203;478;94;199;499;637;428;493
1,14848,14934,1,0,0,11,2,137;28;133;408;24;129;408;567;358;423;890
1,14847,15138,1,0,0,10,4,138;28;134;409;25;130;434;568;359;424
1,14803,14891,1,1,0,12,4,29;40;182;30;178;430;69;174;478;612;403;468
1,14800,14888,1,0,0,12,1,32;43;185;30;181;436;72;177;481;615;406;471
1,14686,14739,1,1,0,14,2,146;4;157;292;211;295;545;76;186;291;595;729;520;585
1,14686,14952,1,1,0,14,11,146;4;157;292;211;295;545;76;186;291;592;729;520;585
1,14681,14760,1,1,0,14,4,151;4;162;292;216;300;575;81;191;296;600;734;525;590
1,14642,14697,1,0,0,14,1,158;3;4;201;343;255;339;614;120;230;335;637;773;564
1,14755,14837,1,0,0,13,1,77;88;230;142;226;501;7;117;222;518;660;451;516
1,14754,14824,1,0,0,13,1,78;89;231;143;227;502;8;118;223;527;661;452;517
1,14714,14925,1,1,0,13,5,118;129;271;183;267;513;48;158;263;536;701;492;557
1,14706,14774,1,0,0,13,1,126;137;279;191;275;513;56;166;271;575;709;500;565
1,14573,14631,1,0,0,14,2,226;72;102;270;412;324;408;683;189;299;404;691;842;633
1,14583,14645,1,0,0,14,2,226;51;102;260;402;314;398;673;179;289;394;691;832;623
1,14567,14783,1,0,0,14,6,226;78;124;276;418;330;414;689;195;305;410;714;848;639
1,14572,14643,1,0,0,14,2,226;73;119;271;413;325;409;684;190;300;405;691;843;634
1,14630,14690,1,0,0,14,1,177;15;4;213;355;267;351;626;132;242;347;651;785;576
1,14636,14709,1,0,0,14,2,158;9;4;207;349;261;345;620;126;236;341;645;779;570
1,14619,14823,1,1,0,14,5,213;26;72;224;366;278;362;637;143;253;358;662;796;587
1,14629,14689,1,0,0,14,1,203;16;4;214;356;268;352;627;133;243;348;652;786;577
1,14434,14516,1,0,0,16,2,46;62;110;77;398;211;257;409;551;463;547;822;234;438;543;785
1,14434,14500,1,0,0,16,3,46;56;110;77;398;211;257;409;551;463;547;822;234;438;543;785
1,14402,14622,1,0,0,16,7,78;1;94;142;109;430;243;289;441;583;495;579;854;360;470;575
1,14430,14501,1,0,0,16,1,50;66;114;81;402;215;261;413;555;467;551;826;234;442;547;851
1,14518,14788,1,0,0,14,6,26;314;127;173;325;467;379;463;738;234;354;459;763;897
1,14561,14624,1,1,0,14,1,238;84;130;282;424;336;420;695;201;311;416;720;854;645
1,14438,14658,1,1,0,16,10,42;24;106;73;394;207;253;405;547;459;543;818;234;434;539;785
1,14469,14545,1,0,0,16,2,11;24;75;42;363;176;222;374;516;428;512;787;234;403;508;785
0,14230,14304,1,0,0,16,0,9;250;9;133;89;266;314;281;602;415;461;613;755;667;751;1026
1,14226,14478,1,0,0,16,12,13;254;13;149;93;270;318;285;606;419;465;617;759;671;755;1030
1,14272,14332,1,0,0,15,3,208;132;47;204;272;239;560;373;419;571;713;625;709;984;490
1,14261,14323,1,0,0,15,2,219;133;58;235;283;250;571;384;430;582;724;636;720;995;501
1,14284,14525,1,0,0,16,9,196;120;35;204;260;227;548;361;407;559;701;613;697;972;478;588
0,14279,14335,1,0,0,15,0,201;125;40;204;265;232;553;366;412;564;706;618;702;977;483
1,14392,14464,1,0,0,16,4,88;12;104;152;119;440;253;299;451;593;505;589;864;370;480;585
1,14347,14421,1,0,0,16,3,133;57;149;197;164;485;298;344;496;638;550;634;909;415;525;630
1,14103,14181,1,0,0,13,2,107;136;377;103;301;216;393;441;365;45;729;542;588
1,14089,14149,1,1,0,13,2,121;150;391;131;315;230;407;455;365;45;743;556;602
1,14148,14223,1,0,0,15,2,62;91;332;91;256;171;348;396;363;21;684;497;543;695;837
1,14108,14163,1,0,0,14,1,102;131;372;103;296;211;388;436;365;45;724;519;583;735
1,14211,14293,1,0,0,16,3,28;269;28;193;108;285;333;300;621;434;480;632;774;686;770;1045
0,14197,14252,1,0,0,15,0,13;42;283;42;207;122;299;347;314;635;448;494;646;788;700
0,14222,14300,1,1,0,16,0,17;258;17;149;97;274;322;289;610;423;469;621;763;675;759;1034
0,14217,14273,1,0,0,16,0,22;263;22;149;102;279;327;294;615;428;474;626;768;680;764;1039
1,14037,14266,1,0,1,13,8,173;15;202;6;443;202;367;282;459;507;474;80;795
1,14040,14108,1,1,0,13,3,170;12;199;3;440;185;364;279;456;504;471;80;792
1,14044,14273,1,1,0,12,4,166;8;195;436;158;360;275;452;500;467;80;788
1,14062,14142,1,0,1,12,3,148;177;418;158;342;257;434;482;365;80;770;583
1,14069,14138,1,0,0,12,1,141;170;411;147;335;250;427;475;365;80;763;576
1,14070,14364,1,1,0,12,10,140;169;410;147;334;249;426;474;365;80;762;575
1,14074,14143,1,1,0,12,3,136;165;406;147;330;245;422;470;365;74;758;571
1,14077,14322,1,1,0,12,7,133;162;403;131;327;242;419;467;365;74;755;568
1,13835,13904,1,1,0,19,1,38;68;23;4;162;90;129;346;217;195;404;208;645;404;569;484;661;709;676
1,13873,13937,1,0,0,17,2,0;42;124;52;91;330;179;157;366;170;607;366;531;446;623;671;638
1,13894,13972,1,0,0,17,3,17;103;31;70;316;158;136;345;149;586;345;510;425;602;650;617;275
1,14006,14056,1,0,0,13,3,204;46;24;233;37;474;233;398;313;490;538;505;163
1,14012,14095,1,1,0,13,1,198;40;18;227;31;468;222;392;307;484;532;499;157
1,14022,14097,1,1,0,13,1,188;30;8;217;21;458;217;382;297;474;522;489;133
0,14024,14107,1,0,0,13,0,186;28;6;215;19;456;215;380;295;472;520;487;89
1,14030,14099,1,0,0,13,1,180;22;0;209;13;450;209;374;289;466;514;481;89
1,547,603,1,0,0,12,2,27;40;54;414;177;456;607;378;464;500;660;725
1,598,677,1,0,0,10,1,3;382;126;405;556;327;464;449;639;674
1,541,607,1,0,0,12,1,27;46;60;414;183;462;613;384;639;506;696;731
1,542,794,1,0,0,12,6,27;45;59;414;182;461;612;383;638;505;660;730
1,613,665,1,0,0,10,2,367;110;390;537;301;464;434;624;659;547
1,619,674,1,0,0,10,1,361;105;384;535;301;464;428;618;653;515
1,611,684,1,0,0,10,2,369;110;392;543;314;464;436;626;661;549
1,612,668,1,0,0,10,2,368;110;391;537;313;464;435;625;660;548
1,500,791,1,0,0,13,9,90;22;87;101;466;224;503;654;421;680;547;737;772
1,507,759,1,0,1,13,7,83;15;80;94;466;217;496;647;401;673;540;730;765
1,476,709,1,0,0,10,5,98;46;111;125;472;233;527;678;449;704
1,498,754,1,0,0,13,9,92;24;89;103;466;226;505;656;427;682;549;739;774
1,533,594,1,1,0,12,2,55;54;68;437;191;470;621;392;647;514;704;739
1,535,621,1,0,0,12,1,55;52;66;414;189;468;619;390;645;512;702;737
1,509,714,1,1,0,13,4,81;13;78;92;437;215;494;645;401;671;538;728;763
1,513,570,1,0,0,13,2,55;9;74;88;437;211;490;641;401;667;534;724;759
1,444,519,1,0,0,12,2,146;24;16;78;143;157;536;233;559;710;481;736
1,426,513,1,1,0,11,2,164;42;34;96;161;175;554;233;577;728;499
1,419,491,1,0,0,11,2,171;49;41;103;168;182;561;233;584;732;506
1,404,629,1,0,0,10,2,174;64;56;118;183;197;576;320;599;732
1,475,532,1,1,0,10,1,107;47;112;126;472;233;528;679;450;705
1,466,547,1,0,0,11,1,124;2;56;121;135;472;233;537;688;459;714
1,453,539,1,1,0,12,2,137;15;7;69;134;148;527;233;550;701;472;727
1,453,676,1,1,0,12,4,137;15;7;69;134;148;472;233;550;701;472;727
1,343,551,1,0,0,11,2,247;125;117;20;179;244;258;637;381;660;791
1,340,418,1,0,0,11,1,250;128;120;23;182;247;261;640;384;663;814
0,292,344,1,0,0,12,0,298;19;176;168;71;230;295;309;688;432;711;817
0,288,370,1,0,0,12,0,302;23;180;172;75;234;299;313;692;436;715;817
1,395,458,1,0,0,10,1,195;73;65;127;192;206;585;329;608;732
1,366,434,1,1,0,10,1,224;102;94;156;221;235;614;358;637;732
1,355,650,1,0,0,11,6,235;113;105;8;167;232;246;625;369;648;732
1,354,431,1,0,1,11,1,236;114;106;9;168;233;247;626;370;649;762
1,58,126,1,0,0,8,2,532;253;379;402;305;464;529;543
1,114,380,1,0,0,8,5,476;197;354;346;249;408;473;487
0,136,193,1,1,0,8,0,454;175;332;324;227;386;451;465
0,153,204,1,1,0,8,0,437;158;315;307;210;369;434;448
0,209,259,1,0,0,9,0,381;102;259;251;154;313;378;392;771
1,242,530,1,0,0,10,5,348;69;226;218;121;280;345;359;738;482
1,256,343,1,0,0,12,1,334;38;212;204;107;266;331;345;724;468;747;898
0,283,351,1,0,0,12,0,307;28;185;177;80;239;304;318;697;441;720;817
0,0,62,1,0,0,8,0,590;311;468;460;363;522;587;601
1,27,101,1,0,0,8,2,563;284;441;433;336;495;560;574
1,1567,1844,1,0,0,10,5,6;6;242;257;587;255;764;360;642;302
1,1577,1642,1,0,0,9,3,6;232;257;577;245;754;350;632;292
1,1553,1774,1,0,0,10,5,20;42;256;312;601;269;778;374;656;316
1,1554,1642,1,0,0,10,1,19;6;255;311;600;268;777;373;655;315
1,1497,1551,1,0,0,10,1,76;98;312;346;657;325;834;430;712;372
1,1500,1574,1,0,0,10,1,73;95;309;346;654;322;818;427;709;369
1,1445,1525,1,0,0,10,3,128;150;364;396;709;377;886;482;764;424
1,1483,1562,1,0,0,10,1,90;112;326;382;671;339;848;444;726;386
1,1425,1511,1,1,0,10,1,148;170;384;440;728;397;900;494;784;444
1,1431,1500,1,0,0,10,3,142;164;378;396;723;391;900;494;778;438
1,1407,1491,1,0,0,10,1,166;188;402;458;728;415;901;512;802;462
1,1413,1489,1,0,0,10,3,160;182;396;452;728;409;900;512;796;456
1,1397,1666,1,0,0,9,5,176;198;412;468;741;425;934;512;812
1,1398,1449,1,0,0,9,2,175;197;411;467;741;424;901;512;811
1,1364,1442,1,0,0,8,1,209;231;445;501;790;458;952;512
1,1369,1454,1,1,0,8,1,204;226;440;496;741;453;952;512
1,1363,1447,1,0,0,8,2,210;232;446;502;791;459;952;515
1,1361,1416,1,0,0,8,1,212;234;448;504;793;461;952;566
0,1303,1357,1,1,0,7,0,270;292;506;562;851;519;952
1,1283,1357,1,1,0,7,1,290;297;526;582;871;539;1048
1,1283,1515,1,1,0,7,4,290;297;526;582;871;539;976
0,1233,1290,1,0,0,6,0,4;39;340;297;576;632
0,1214,1300,1,0,0,6,0,14;58;359;297;595;651
1,1211,1416,1,0,0,6,4,26;61;362;297;598;654
1,1179,1384,1,0,0,6,3,1;58;93;394;297;630
1,1157,1231,1,0,0,7,1,23;66;115;3;416;297;652
0,1135,1193,1,0,0,8,0,19;34;66;137;25;438;297;674
1,1134,1357,1,0,0,8,2,20;34;92;138;26;439;297;675
1,1130,1394,1,0,0,8,3,24;34;107;142;30;443;297;679
1,1124,1363,1,0,0,8,1,30;34;113;147;36;449;313;685
1,1123,1174,1,1,0,8,1,31;42;114;147;37;450;313;686
1,1103,1364,1,0,0,8,3,51;59;134;147;57;470;313;706
1,1051,1106,1,1,0,8,2,103;59;186;208;109;522;544;758
1,1061,1323,1,0,0,8,1,93;59;176;202;99;512;534;748
1,1090,1160,1,0,0,8,1,64;59;147;182;70;483;313;719
1,1095,1146,1,1,0,8,1,59;59;142;147;65;478;313;714
1,1018,1077,1,0,0,9,1,136;69;29;219;239;142;555;577;791
0,1025,1094,1,1,0,9,0,129;69;22;212;225;135;548;570;784
1,1032,1103,1,0,0,9,1,122;69;15;205;225;128;541;563;777
1,1035,1096,1,1,0,9,2,119;59;12;202;225;125;538;560;774
1,906,1164,1,1,0,10,3,74;97;248;19;71;141;331;249;254;667
1,925,1158,1,0,0,10,6,55;78;229;0;69;122;312;249;235;648
1,987,1065,1,1,0,9,2,16;167;69;60;250;249;173;586;608
1,1008,1066,1,0,1,8,2,146;69;39;229;248;152;565;587
1,856,1086,1,1,0,9,3,124;147;298;69;324;191;381;416;304
1,870,957,1,0,0,10,4,110;133;284;55;310;177;367;272;290;703
1,881,1150,1,0,0,10,4,99;122;273;44;299;166;356;272;279;692
1,901,1154,1,0,0,10,2,79;102;253;24;279;146;336;249;259;672
0,801,856,1,0,0,9,0,179;202;353;124;379;246;436;471;359
1,774,1067,1,0,0,9,6,206;229;380;149;406;273;463;498;386
0,831,888,1,0,0,9,0,149;172;323;94;349;216;406;441;329
1,807,862,1,0,0,9,1,173;196;347;118;373;240;430;465;353
1,745,833,1,0,0,9,1,235;258;409;180;435;302;492;527;415
1,678,736,1,0,0,10,2,302;24;325;476;247;464;369;535;594;482
1,769,830,1,0,0,9,1,211;234;385;156;410;278;468;503;391
1,766,994,1,0,0,9,3,214;237;388;159;410;281;471;506;394
1,665,747,1,0,0,10,1,315;48;338;489;260;464;382;572;607;495
1,644,707,1,1,0,10,2,335;48;359;492;281;464;403;593;628;515
1,675,753,1,0,0,10,5,305;24;328;479;247;464;372;562;597;485
1,672,727,1,0,0,10,2,308;24;331;482;253;464;375;565;600;488
1,628,693,1,0,1,10,2,352;48;375;526;297;464;419;609;644;515
1,622,685,1,0,0,10,1,358;83;381;532;301;464;425;615;650;515
1,639,723,1,0,0,10,4,341;48;364;492;286;464;408;598;633;515
1,637,718,1,0,0,10,2,343;48;366;517;288;464;410;600;635;515
1,2257,2346,1,0,0,18,1,74;254;185;469;460;94;523;554;434;396;286;348;791;298;184;567;641;685
1,2273,2355,1,1,1,18,5,58;238;169;453;444;78;507;538;418;380;270;332;775;282;168;551;625;669
1,2287,2360,1,0,0,19,3,44;224;155;439;430;64;493;524;404;366;256;318;761;268;154;537;611;655;741
1,2293,2353,1,0,0,19,1,38;218;149;433;424;58;487;518;398;360;250;312;755;252;148;531;605;649;735
1,2320,2408,1,1,0,19,1,11;191;122;406;397;31;460;491;371;333;223;285;728;231;121;504;578;622;708
1,2321,2408,1,0,0,19,4,10;190;121;395;396;30;459;490;370;332;222;284;727;231;120;503;577;621;707
1,2323,2388,1,0,1,19,3,8;188;119;395;394;28;457;488;368;330;207;282;725;231;118;501;575;619;705
1,2355,2420,1,0,0,17,2,156;87;371;362;425;456;336;298;188;250;693;200;86;469;543;587;673
1,2373,2610,1,0,0,18,9,138;69;353;344;407;438;318;280;170;232;675;182;68;451;525;551;655;571
1,2383,2664,1,0,0,18,11,128;59;343;334;397;428;308;270;160;222;665;170;58;441;515;551;645;561
1,2417,2493,1,1,0,18,1,94;25;309;300;363;394;274;236;126;188;631;138;24;407;481;525;611;527
1,2421,2482,1,0,0,18,1,90;21;285;296;359;390;270;232;122;184;627;134;20;403;477;521;607;523
1,2443,2686,1,0,0,16,7,68;274;274;337;368;248;210;100;162;605;112;381;455;499;585;501
1,2452,2504,1,0,0,16,2,59;274;265;328;359;239;201;91;153;596;103;372;446;489;576;492
1,2455,2524,1,1,0,16,4,56;271;262;325;356;236;198;88;150;593;100;369;443;487;573;489
1,2456,2536,1,0,0,16,3,55;270;261;324;355;235;174;87;149;592;99;368;442;486;572;488
1,2505,2572,1,0,0,16,2,6;221;212;275;306;186;148;38;100;543;50;319;393;437;523;439
1,2478,2538,1,0,0,16,1,33;248;239;302;333;213;174;65;127;570;77;346;420;464;550;466
1,2506,2575,1,0,0,16,1,5;220;211;274;305;185;147;37;99;542;49;318;392;402;522;438
1,2506,2585,1,0,0,16,3,5;192;211;274;305;185;147;37;99;542;49;318;392;402;522;438
1,2516,2600,1,0,0,16,4,192;201;264;295;175;137;27;89;532;39;260;382;396;512;428;378
1,2509,2567,1,0,0,16,1,2;192;208;271;302;182;144;34;96;539;46;315;389;396;519;435
1,2569,2633,1,1,0,18,2,157;148;181;242;122;84;36;479;255;329;373;459;375;325;847;896;825;581
1,2533,2620,1,0,0,18,1,192;184;247;278;158;120;10;72;515;22;260;365;379;495;411;361;883;932
1,2620,2674,1,0,0,17,3,106;97;160;191;71;33;428;204;278;322;408;324;274;796;845;774;530
1,2577,2844,1,0,0,18,12,149;140;181;234;114;58;28;471;247;321;365;451;367;317;839;888;817;573
1,2629,2698,1,0,1,17,4,97;88;151;182;62;24;384;185;269;313;399;315;265;787;836;765;521
1,2628,2690,1,0,0,17,1,98;89;152;183;63;25;420;185;270;314;400;316;266;788;837;766;522
1,2657,2719,1,0,0,16,1,69;60;123;154;34;384;167;241;285;371;287;237;759;808;737;493
1,2632,2707,1,1,0,17,1,94;85;148;179;59;21;384;185;266;310;396;312;257;784;833;762;518
1,2690,2893,1,0,0,16,10,36;27;90;121;1;358;134;208;252;338;254;204;726;775;704;452
1,2669,2956,1,1,0,16,11,57;48;111;142;22;379;155;229;273;359;275;225;747;796;725;452
1,1611,1667,1,0,0,9,1,198;254;540;211;720;316;550;258;599
1,1644,1878,1,0,0,10,4,165;221;510;178;687;283;550;225;566;867
1,1582,1666,1,0,0,9,1,6;227;257;572;240;749;344;627;287
1,1594,1646,1,1,0,9,2,1;215;257;560;228;737;333;550;275
1,1703,1775,1,0,0,13,2,106;162;451;119;514;224;506;166;507;808;739;1023;1014
1,1738,1803,1,0,0,15,1,71;127;416;84;514;189;471;131;472;773;704;988;979;613;1042
1,1667,1749,1,1,0,10,1,142;198;487;155;569;260;542;202;543;844
1,1684,1770,1,0,0,10,2,125;181;470;138;540;243;525;185;526;827
1,1776,1842,1,1,0,15,3,33;76;373;46;514;151;433;93;434;735;666;950;941;575;1004
1,1782,1849,1,0,0,15,2,27;76;350;40;514;145;427;87;428;729;660;944;935;569;998
1,1750,1808,1,0,0,15,2,59;76;404;72;514;177;459;119;460;761;692;976;967;601;1030
1,1767,1841,1,0,0,15,4,42;76;387;55;514;160;442;102;443;744;675;959;950;578;1013
1,1818,1878,1,0,0,18,5,47;336;4;513;109;391;51;392;693;624;908;899;493;962;993;873;835;725
1,1845,1919,1,1,0,18,6,20;309;486;82;364;24;365;666;597;881;872;493;935;966;846;808;698;760
1,1783,1834,1,0,0,15,2,26;76;350;39;514;144;426;86;427;728;659;943;934;565;997
1,1805,2026,1,1,0,18,6,4;60;349;17;514;122;404;64;405;706;637;921;912;546;975;1006;886;848
1,1964,2043,1,1,0,18,3,190;367;245;246;547;478;762;753;387;816;847;727;689;579;641;1084;591;477
1,1901,2179,1,0,0,16,11,253;430;26;308;309;610;541;802;816;450;879;910;790;752;642;704
1,1869,2069,1,1,0,17,8,285;462;58;322;0;341;642;573;857;848;482;911;942;822;784;674;736
1,1866,2137,1,0,0,17,12,288;465;61;343;3;344;645;576;860;851;485;914;945;825;787;677;739
1,2055,2142,1,1,0,19,3,99;276;154;155;456;387;635;662;296;725;756;636;598;488;550;993;500;386;769
1,2044,2278,1,0,1,18,9,110;287;165;166;467;398;635;673;307;736;767;647;609;499;561;1004;511;397
1,2018,2270,1,0,0,18,8,136;313;191;192;493;424;708;699;333;762;793;673;635;525;587;1030;517;423
1,2000,2073,1,0,0,18,4,154;331;209;210;511;442;726;717;351;780;811;691;653;543;605;1048;555;441
1,2175,2460,1,0,0,20,13,156;34;35;336;267;551;542;176;605;636;516;478;368;430;873;380;266;649;723;767
1,2113,2197,1,0,0,20,5,41;218;96;97;398;329;613;604;238;667;698;578;540;407;492;935;442;328;711;785
1,2108,2193,1,0,0,19,5,46;223;101;102;403;334;618;609;243;672;703;583;545;422;497;940;447;333;716
1,2084,2160,1,0,0,19,5,47;247;125;126;427;358;635;633;267;696;727;607;569;459;521;964;471;357;740
1,2213,2485,1,0,0,18,13,118;298;229;497;504;138;567;598;478;440;330;392;835;333;228;611;685;729
1,2211,2274,1,0,0,18,1,120;300;231;502;506;140;569;600;480;442;332;394;837;333;230;613;687;731
1,2209,2266,1,0,0,20,1,122;0;1;302;233;517;508;142;571;602;482;444;334;396;839;333;232;615;689;733
1,2178,2254,1,0,0,20,3,153;31;32;333;264;548;539;173;602;633;513;475;365;427;870;349;263;646;720;764
1,3306,3359,1,0,0,9,1,110;159;88;143;186;208;307;344;743
1,3308,3388,1,1,0,9,1,108;157;86;143;186;206;305;312;741
1,3309,3364,1,1,0,9,1,107;115;85;143;186;205;304;312;740
1,3332,3384,1,0,0,10,1,84;115;62;122;183;182;281;312;717;795
1,3277,3483,1,0,0,10,5,139;167;117;158;9;238;237;336;361;772
1,3296,3351,1,0,0,9,2,120;167;98;158;219;218;317;349;753
1,3296,3346,1,0,0,9,1,120;167;98;158;186;218;317;349;753
1,3297,3363,1,0,0,9,1,119;167;97;143;186;217;316;349;752
0,3365,3435,1,1,0,10,0,51;100;29;85;143;149;248;261;684;762
1,3385,3663,1,0,0,10,4,31;80;9;69;130;129;228;261;664;742
1,3394,3672,1,0,0,10,4,22;71;0;60;121;120;219;213;655;733
0,3394,3452,1,0,0,10,0,22;71;0;60;121;120;219;172;655;733
1,3338,3410,1,0,0,10,2,78;112;56;116;177;176;275;312;711;789
1,3346,3569,1,1,0,10,2,70;112;48;108;169;168;267;261;703;781
1,3352,3441,1,1,0,10,3,64;112;42;85;163;162;261;261;697;775
0,3363,3439,1,0,0,10,0,53;102;31;85;143;151;250;261;686;764
0,3473,3557,1,0,0,7,0,42;41;140;172;576;654;671
0,3445,3506,1,0,0,9,0,20;9;70;69;168;172;604;682;699
1,3477,3544,1,0,0,7,1,38;37;136;172;507;650;667
1,3475,3561,1,0,0,7,1,40;39;138;172;574;652;669
1,3403,3473,1,0,0,9,2,13;62;51;112;111;210;172;646;724
0,3402,3455,1,0,0,9,0,14;63;52;113;112;211;172;647;725
0,3439,3489,1,0,0,9,0,26;15;76;75;174;172;610;688;705
0,3432,3509,1,0,0,9,0,33;22;83;82;181;172;617;695;712
1,3541,3752,1,0,1,6,5,72;109;507;586;603;645
0,3527,3580,1,0,0,6,0,86;123;507;600;617;659
1,3548,3758,1,0,0,6,2,17;102;453;579;596;638
1,3542,3600,1,0,0,6,1,17;108;507;585;602;644
0,3493,3558,1,0,0,7,0,19;21;120;157;507;634;651
0,3486,3540,1,0,0,7,0,19;28;127;164;507;641;658
0,3526,3582,1,0,0,6,0,87;124;507;601;618;660
0,3506,3570,1,0,0,7,0,9;8;107;144;507;621;638
1,2891,3153,1,0,0,12,4,157;7;51;137;53;3;525;574;503;259;563;284
1,2900,2979,1,0,0,10,1,148;42;128;44;516;559;494;250;554;284
1,2826,2895,1,1,0,12,1,222;72;116;191;118;68;590;639;568;324;628;460
1,2874,3116,1,0,0,12,3,174;24;68;154;70;20;542;591;520;276;580;412
1,2760,2842,1,0,0,13,3,20;51;288;64;138;182;251;184;134;656;705;634;390
1,2795,2862,1,0,0,13,1,16;253;29;103;147;233;149;99;621;670;599;355;659
1,2708,2915,1,0,0,15,6,18;9;72;103;340;116;190;234;320;236;186;708;757;686;442
1,2726,2808,1,0,0,14,3,0;54;85;322;98;172;216;251;218;168;690;739;668;424
0,2984,3049,1,0,0,9,0,64;44;432;481;410;166;470;276;531
0,2992,3043,1,1,0,9,0,56;36;424;473;402;158;462;276;523
0,2944,3019,1,1,0,10,0,104;84;0;472;493;450;206;510;276;571
0,2955,3010,1,0,0,9,0,93;73;461;493;439;195;499;276;560
0,2943,2998,1,0,0,10,0,105;85;1;473;522;451;207;511;276;572
1,2943,3198,1,0,0,10,5,105;85;1;473;522;451;207;511;276;572
0,2939,3013,1,0,0,11,0,109;3;89;5;477;526;455;211;515;284;576
1,2940,3012,1,1,0,11,2,108;2;88;4;476;525;454;210;514;284;575
0,3160,3219,1,0,0,10,0,256;305;234;270;126;355;354;453;490;889
1,3108,3173,1,0,0,10,1,308;357;286;42;270;178;407;406;505;502
1,3104,3166,1,0,0,10,1,312;361;290;46;350;182;411;410;509;546
1,3104,3188,1,0,0,10,1,312;361;290;46;350;182;411;410;509;502
0,3095,3169,1,0,0,10,0,321;370;299;55;359;191;420;419;518;555
0,3021,3085,1,0,0,9,0,27;2;395;444;373;129;433;265;494
1,2997,3086,1,0,0,9,3,51;31;419;468;397;153;457;276;518
0,2997,3069,1,0,0,9,0,51;2;419;468;397;153;457;276;518
1,3272,3515,1,0,0,10,5,144;167;122;182;14;243;242;341;361;777
1,3264,3327,1,0,0,10,1,152;167;130;190;22;251;250;349;386;785
1,3251,3514,1,1,0,10,6,165;179;143;203;35;264;263;362;399;798
1,3234,3304,1,0,0,10,1,182;229;160;220;52;281;280;379;416;815
1,3216,3505,1,0,1,10,8,200;229;178;238;59;299;298;397;434;833
1,3208,3507,1,0,0,10,8,208;257;186;246;59;307;306;405;442;841
1,3197,3261,1,0,0,10,3,219;268;197;257;89;318;317;416;453;852
1,3177,3254,1,0,0,10,1,239;288;217;270;109;338;337;436;473;872
1,4189,4422,1,0,0,10,6,189;196;302;419;327;121;471;469;893;710
1,4182,4466,1,1,0,11,8,4;196;250;309;426;334;121;471;476;900;717
1,4202,4456,1,1,0,10,7,176;196;289;406;314;70;464;456;880;697
1,4199,4281,1,0,0,10,2,179;196;292;409;317;76;467;459;883;700
1,4208,4263,1,1,0,10,2,170;196;283;346;308;70;442;450;874;691
1,4206,4260,1,1,0,10,1,172;196;285;346;310;70;460;452;876;693
0,4267,4323,1,0,0,10,0,111;165;224;341;249;70;399;391;815;632
1,4219,4301,1,0,0,10,1,159;196;272;346;297;70;442;439;847;680
1,4077,4298,1,0,1,12,5,44;67;109;301;355;68;414;531;439;245;589;581
1,4036,4117,1,1,0,14,3,13;44;105;150;342;396;36;109;455;572;480;245;630;622
1,4102,4181,1,1,0,13,2,25;42;84;276;330;43;389;506;414;237;564;556;980
1,4087,4162,1,0,0,12,3,40;57;99;291;345;58;404;521;429;245;570;571
1,4136,4205,1,0,0,12,2,8;50;242;296;9;355;447;380;203;530;522;946
1,4134,4219,1,0,0,12,1,10;52;244;298;11;357;474;382;205;532;524;948
1,4163,4244,1,0,0,10,2,23;215;268;328;445;353;121;503;495;919
1,4161,4240,1,0,0,10,1,25;217;268;330;447;355;178;505;497;921
0,4322,4386,1,1,0,10,0,56;110;103;266;194;8;344;336;760;577
0,4324,4406,1,1,0,10,0,54;108;103;266;192;8;342;334;758;575
0,4330,4392,1,0,0,10,0,48;102;103;266;186;8;336;328;752;569
0,4333,4396,1,0,0,10,0,45;99;103;266;183;6;333;325;749;566
1,4339,4427,1,0,0,10,1,39;93;103;266;177;0;327;319;743;560
0,4368,4423,1,0,0,10,0,10;64;103;188;148;298;290;714;531;510
1,4391,4474,1,0,0,9,1,41;100;188;125;275;267;691;508;487
1,4421,4504,1,0,0,9,1,11;70;187;95;245;199;661;478;457
1,4276,4363,1,0,0,10,1,102;156;215;332;240;63;390;382;806;623
1,4285,4352,1,0,0,10,1,93;147;206;266;231;54;381;373;797;614
0,4299,4360,1,0,0,10,0,79;133;192;266;217;40;367;359;783;600
1,4305,4361,1,0,0,10,1,73;127;186;266;211;34;361;353;777;594
0,4307,4370,1,0,0,10,0,71;125;184;266;209;32;344;351;775;592
1,4309,4383,1,0,0,10,2,69;123;182;266;207;30;344;349;773;590
0,4318,4403,1,0,0,10,0,60;114;173;266;198;8;344;340;764;581
1,4319,4394,1,0,0,10,1,59;113;172;266;197;8;344;339;763;580
1,3721,3771,1,0,0,8,1,254;406;423;454;649;711;351;424
1,3701,3751,1,3,0,8,1,254;426;443;485;649;731;371;444
1,3687,3740,1,1,0,8,2,254;440;457;499;649;745;385;458
1,3666,3935,1,1,0,8,5,383;461;478;520;649;766;406;479
1,3809,4100,1,1,0,10,6,240;318;335;371;569;623;263;336;682;799
1,3801,3875,1,0,0,10,1,248;326;343;384;577;631;271;344;690;807
1,3784,3849,1,0,0,9,1,254;343;360;402;594;648;288;361;707
1,3724,3779,1,0,0,8,1,254;403;420;454;618;708;348;421
1,3588,3799,1,0,0,7,3,17;62;453;539;528;598;790
0,3583,3635,1,0,0,6,0,17;67;453;544;528;603
0,3567,3654,1,0,0,6,0,17;83;453;560;528;619
0,3558,3643,1,0,0,6,0,17;92;453;569;528;628
1,3666,3940,1,1,0,8,5,274;461;478;520;649;766;406;479
1,3635,3838,1,1,0,8,4,15;414;492;509;551;659;797;437
0,3611,3681,1,1,0,7,0,2;39;438;516;528;575;659
1,3592,3849,1,1,0,7,3,17;58;453;535;528;594;676
1,3950,4018,1,0,0,13,2,76;177;170;236;428;446;122;195;541;658;566;266;716
1,3986,4040,1,0,0,13,2,63;141;158;200;392;446;86;159;505;622;530;266;680
1,3939,4197,1,0,0,13,3,76;188;205;247;439;446;133;206;552;669;577;400;727
1,3944,4005,1,1,0,13,2,76;183;200;242;434;446;128;201;547;664;572;266;722
1,4029,4103,1,0,0,13,5,20;98;115;157;349;403;43;116;462;579;487;245;637
1,4032,4111,1,0,0,14,2,17;44;112;154;346;400;40;113;459;576;484;245;634;626
1,3988,4062,1,0,0,13,2,61;139;156;198;390;444;84;157;503;620;528;266;663
1,4020,4103,1,0,0,13,1,29;107;124;166;358;412;52;125;471;588;496;266;646
1,3828,3890,1,0,0,10,2,221;299;316;345;550;604;203;317;663;780
1,3831,4097,1,1,0,10,5,218;296;277;345;547;601;203;314;660;777
1,3811,4099,1,0,0,10,8,236;316;333;371;567;621;261;334;680;797
1,3819,3879,1,0,0,10,1,230;308;325;367;559;613;203;326;672;789
1,3908,3986,1,1,0,12,1,141;219;236;278;470;524;164;237;583;700;608;431
1,3923,3996,1,1,0,13,1,76;204;221;263;455;509;149;222;568;685;593;416;743
1,3836,3917,1,1,0,10,2,206;291;277;345;542;596;203;309;655;772
1,3841,4045,1,0,0,10,5,206;286;277;345;505;591;203;304;650;767
1,5159,5221,1,0,1,12,1,135;58;191;588;188;232;445;636;552;469;401;692
1,5141,5225,1,0,0,11,2,153;76;209;606;206;232;463;639;570;487;419
0,5189,5241,1,1,0,13,0,105;28;161;558;158;198;415;606;522;439;371;662;632
0,5169,5233,1,1,0,12,0,125;48;181;578;178;198;435;626;542;459;391;682
1,5126,5191,1,0,0,10,3,168;91;224;621;221;365;478;669;585;502
1,5059,5147,1,1,0,10,1,23;235;158;291;688;288;411;545;736;652
1,5136,5401,1,0,0,11,7,158;81;214;611;211;350;468;639;575;492;424
1,5133,5183,1,0,0,11,1,161;84;217;614;214;358;471;639;578;495;427
1,5010,5097,1,0,0,11,2,72;284;207;23;340;737;301;430;594;785;655
1,4996,5071,1,0,0,11,1,86;298;221;23;354;751;351;430;608;799;655
1,5056,5125,1,0,0,10,1,26;238;161;294;691;291;429;548;739;655
1,5019,5231,1,0,0,11,6,49;275;198;18;331;728;301;430;585;776;655
1,4977,5029,1,0,0,11,2,105;317;240;60;373;770;370;514;627;818;655
1,4977,5035,1,0,0,11,2,105;317;240;34;373;770;370;514;627;818;655
0,4995,5046,1,1,0,11,0,87;299;222;23;355;752;352;430;609;800;655
1,4991,5277,1,1,0,11,8,91;303;226;23;359;756;356;500;613;804;655
1,5384,5451,1,1,0,11,2,348;107;220;407;327;244;173;467;437;473;594
1,5391,5477,1,0,0,11,1,348;100;213;404;320;237;155;460;430;466;587
1,5395,5453,1,0,0,11,1,348;96;209;400;316;170;155;456;426;462;583
1,5409,5617,1,0,0,11,5,322;82;195;386;302;170;151;442;412;448;569
1,5335,5415,1,0,0,13,1,15;354;12;156;241;460;376;293;225;516;486;522;643
1,5354,5422,1,0,0,11,2,354;136;241;441;357;274;206;497;467;503;624
1,5357,5430,1,1,0,11,2,354;134;241;438;354;271;173;494;464;500;621
1,5363,5419,1,0,0,11,1,354;128;241;407;348;265;173;488;458;494;615
1,5265,5482,1,0,0,13,5,29;85;482;82;198;339;530;446;363;293;586;556;592
1,5269,5339,1,1,0,13,3,25;81;354;78;198;335;526;442;359;291;582;552;588
1,5293,5365,1,0,0,13,1,1;57;354;54;198;311;502;418;335;267;558;528;564
1,5293,5361,1,0,0,13,2,1;57;354;54;198;241;502;418;335;267;558;528;564
1,5201,5259,1,0,0,13,1,93;16;149;546;146;198;403;594;510;427;359;650;620
1,5228,5281,1,0,0,12,2,66;122;519;119;198;376;567;481;400;332;623;593
1,5229,5301,1,0,0,12,2,65;121;518;118;198;375;554;481;399;331;622;592
0,5237,5300,1,0,0,13,0,57;113;510;110;198;367;554;474;391;293;614;584;620
1,4704,4777,1,0,0,6,1,378;195;174;590;513;333
1,4678,4759,1,0,0,6,1,404;221;200;614;539;359
1,4618,4854,1,0,1,6,4,48;40;461;281;238;676
1,4613,4672,1,0,0,5,2,53;45;461;286;265
1,4598,4675,1,0,0,6,2,10;68;60;484;289;280
0,4566,4620,1,1,0,6,0,42;100;92;516;289;312
1,4563,4615,1,0,0,6,1,45;103;95;519;336;315
0,4555,4642,1,0,0,6,0,53;111;103;527;344;323
0,4545,4611,1,0,0,6,0,63;121;113;537;353;333
1,4511,4586,1,0,0,7,1,97;5;155;147;571;353;367
0,4506,4572,1,0,0,7,0,102;10;160;152;576;353;372
0,4485,4573,1,0,0,8,0,6;123;31;181;173;597;353;393
1,4483,4776,1,0,0,8,4,8;125;33;183;175;599;413;395
0,4479,4568,1,0,0,8,0,12;129;37;187;179;603;413;399
0,4458,4514,1,0,0,8,0,33;150;58;208;199;624;413;420
0,4435,4498,1,0,0,8,0,56;173;81;231;199;647;413;443
0,4933,5015,1,1,0,9,0,149;361;272;87;417;814;414;558;671
1,4971,5191,1,0,0,11,7,111;323;246;66;379;776;376;520;633;824;740
0,4923,4990,1,0,0,9,0,149;371;272;114;427;824;424;568;681
1,4930,4984,1,0,0,9,2,149;364;272;107;420;817;417;561;674
1,4906,4986,1,0,0,9,1,176;388;311;131;444;841;441;585;698
1,4921,4978,1,0,0,9,3,149;373;296;116;429;826;426;570;683
1,4870,4922,1,0,0,10,1,212;16;8;424;347;163;480;877;477;621
1,4891,5113,1,0,0,10,6,191;8;403;326;146;459;856;456;600;713
1,4845,5081,1,0,0,9,6,237;54;33;449;372;192;505;902;502
1,4846,4931,1,0,0,9,1,236;53;32;448;371;163;504;901;501
0,4759,4810,1,0,0,6,0,323;140;119;535;458;278
1,4787,4840,1,0,0,7,1,295;112;91;507;430;250;563
1,4746,5021,1,0,0,6,5,336;153;132;548;471;291
0,4751,4823,1,0,0,6,0,331;148;127;543;466;286
1,4705,4766,1,0,0,6,1,377;174;173;589;512;332
0,4736,4800,1,0,0,6,0,346;163;142;558;481;301
276
945,1595,273.65,9
865,1573,0.00,11
604,1160,32.55,9
493,1272,258.59,10
489,1237,157.83,8
481,1047,0.00,9
429,1180,445.56,8
413,925,97.44,10
254,1154,252.29,11
247,1003,7.96,11
228,724,201.47,10
161,980,129.87,8
0,590,148.82,8
0,311,31.23,4
0,468,62.39,9
0,460,0.00,5
0,363,0.00,5
0,522,0.00,5
0,587,0.00,7
0,601,0.00,6
2527,3416,0.00,10
2516,2894,8.08,9
2545,3394,0.00,11
2533,3465,196.96,9
2155,2942,186.89,11
2112,2898,0.00,9
2361,2944,0.00,8
2287,3028,168.35,8
1957,2555,166.40,8
1921,3048,36.48,10
2046,2824,92.79,11
1963,2441,0.00,11
1804,2653,84.00,9
1802,2691,41.37,8
1845,2605,0.00,10
1815,2543,67.37,10
1703,2717,0.00,8
1718,2351,126.01,8
1735,2780,71.71,9
1791,2811,0.00,9
1597,2210,0.00,9
1616,2511,41.26,9
1697,2442,0.00,9
1701,2726,251.48,10
1253,2331,369.65,11
1350,1927,120.13,8
1395,2209,98.78,11
1400,1869,0.00,11
1018,1809,0.00,10
1200,1865,190.73,11
1246,2154,193.47,11
1248,1822,0.00,9
4771,5350,0.00,11
4652,5037,99.30,11
4624,5217,24.08,9
4615,5294,62.04,9
4882,5604,70.72,11
4858,5491,272.13,8
4839,5347,50.05,8
4832,5747,241.71,8
3913,4666,148.41,9
3902,4339,286.58,10
3876,4516,0.00,11
3799,4608,251.08,8
4349,4878,27.51,9
4166,4899,279.46,9
4091,5082,120.12,10
4031,4658,68.06,8
3522,4186,124.27,10
3584,4378,217.10,8
3325,4127,54.74,10
3418,4144,159.97,9
3643,4145,0.00,8
3777,4491,69.03,8
3624,4432,147.11,9
3625,4072,58.05,10
2811,3286,166.46,10
2914,3515,85.04,8
2569,3150,41.59,10
2781,3454,143.57,10
3086,3650,268.83,8
3143,4049,334.06,9
3037,3514,0.00,10
3048,3613,78.61,10
6017,6533,0.00,9
5947,7052,292.64,10
6296,6990,86.67,9
6150,6863,217.35,8
6469,7173,160.36,10
6372,7116,0.00,10
6777,7596,221.59,8
6596,7408,94.33,10
5660,6250,0.00,10
5604,6624,39.07,9
5702,6595,161.18,11
5673,5970,130.38,11
5789,6535,0.00,9
5715,6494,71.45,9
5856,6396,12.78,8
5855,6588,255.27,10
5453,6364,0.00,11
5458,6176,0.00,9
5486,5909,0.00,10
5493,6404,265.89,10
5500,6349,0.00,10
5501,6329,227.04,10
5543,6230,64.19,9
5557,6167,0.00,10
4939,5795,95.32,11
4955,5711,148.40,10
5103,5628,67.46,9
5133,5560,89.76,11
5147,5851,0.00,8
5171,5821,174.11,9
5231,5857,0.00,9
5325,5978,0.00,10
13123,13839,193.08,9
13095,13858,26.92,8
13083,13915,139.44,8
13081,13637,0.00,10
13075,13873,212.62,11
12879,13493,0.00,9
12871,13531,0.00,10
12847,13705,139.01,11
12805,13531,0.00,9
12755,13558,0.00,11
12624,13699,227.10,10
12519,13183,0.00,10
12258,12983,136.30,9
12257,13157,218.65,9
12205,12619,0.00,8
12194,12679,0.00,10
13767,14544,0.00,11
13812,14511,108.50,9
13682,14319,0.00,8
13722,14496,69.95,9
13637,14239,133.67,8
13666,14404,71.27,8
13492,14043,0.00,8
13586,14480,0.00,9
13386,14030,41.50,11
13464,14239,40.11,11
13369,14210,132.67,9
13384,14052,0.00,10
13248,13925,0.00,9
13323,13964,250.06,10
13159,13754,0.00,8
13214,13997,0.00,9
10946,11478,31.19,11
10881,12063,198.21,10
11019,11730,0.00,10
11010,11837,45.09,10
10765,11499,136.83,9
10724,11377,14.23,8
10793,11747,192.24,8
10767,11233,0.00,10
10467,11407,49.27,8
10331,11166,54.56,10
10709,11473,0.00,8
10561,11029,161.59,11
10221,10700,0.00,9
10212,10698,0.00,10
10328,10976,0.00,11
10257,11150,171.05,9
12063,12873,0.00,10
12093,12879,76.47,9
12093,13020,125.75,8
12143,12570,0.00,8
11793,12424,114.66,10
11941,12748,26.11,8
11976,12840,164.66,10
12041,13313,149.89,10
11522,12463,0.00,11
11555,12251,68.11,10
11589,12110,122.64,8
11615,12089,0.00,11
11071,12004,208.30,11
11227,11572,0.00,8
11244,12175,262.43,9
11513,12504,83.35,9
9188,9823,0.00,10
9170,9716,0.00,8
9060,9719,92.75,9
9050,9646,213.55,9
9552,10092,0.00,8
9495,10328,0.00,8
9409,9965,47.11,8
9329,9949,247.76,10
8790,9632,54.83,11
8754,9622,299.37,10
8720,9577,92.77,11
8691,9584,0.00,11
8998,9810,0.00,8
8875,9628,83.27,9
8854,9842,187.42,11
8806,9653,0.00,10
9928,10790,193.79,10
10091,10756,180.97,10
9885,10711,0.00,10
9928,10802,0.00,8
10201,10744,40.46,10
10210,10983,0.00,9
10175,10955,20.66,8
10194,11153,74.24,11
9647,10499,198.95,8
9665,10152,130.84,9
9554,10327,102.30,10
9633,10287,0.00,11
9736,10359,0.00,8
9794,10459,0.00,10
9701,10101,0.00,8
9728,10352,0.00,10
7429,8103,0.00,8
7391,7950,18.96,9
7481,8249,0.00,11
7476,8148,100.72,11
7605,8421,54.29,9
7590,8258,87.12,10
7740,8414,191.62,10
7631,8087,0.00,11
7133,7691,35.06,8
6882,7705,209.59,11
7223,7927,48.86,9
7145,8264,196.00,8
7245,7775,0.00,11
7227,8184,215.96,10
7357,7951,0.00,10
7257,7894,157.65,11
8239,8888,0.00,10
8242,8763,37.75,8
8251,9020,219.46,8
8302,8913,138.60,11
8376,9099,0.00,10
8508,9051,19.08,9
8540,9175,0.00,9
8645,9549,263.30,8
7756,8774,0.00,9
7917,8547,207.70,11
7995,8596,0.00,9
8059,8640,83.43,9
8069,8656,78.39,10
8104,8845,148.71,10
8163,8987,125.44,10
8189,8681,67.65,9
13889,14169,112.31,8
14032,14832,162.67,9
14059,14645,64.40,8
14078,14691,148.98,8
14107,14843,0.00,8
14124,14985,113.99,10
14187,14897,76.01,9
14203,14981,0.00,8
14204,15256,194.84,9
14247,14762,126.65,11
14282,14872,26.99,8
14321,14977,0.00,9
14421,15281,247.87,11
14481,15415,169.40,10
14548,15206,40.67,11
14651,15271,80.51,10
14872,15272,153.57,10
14848,15738,164.50,8
14899,15541,81.72,9
14876,15588,0.00,10
15142,16088,106.78,10
14953,15810,17.03,8
15317,16290,165.52,11
15177,15827,21.17,9
15391,16380,53.81,10
15353,16136,132.65,8
15465,16241,0.00,10
15457,16278,0.00,10
15691,16339,0.00,10
15615,16203,0.00,8
15835,16552,0.00,11
15815,16598,0.00,8
