1003
1,7870,7953,1,1,0,7,2,27;300;308;178;787;379;675
1,7866,7955,1,0,1,7,1,31;304;312;185;791;379;679
1,7904,7969,1,1,0,7,1,266;265;167;753;379;641;649
1,7877,7957,1,0,0,7,1,20;293;292;178;780;379;668
1,7966,8232,1,0,0,8,5,204;212;105;691;379;579;587;560
1,7910,7995,1,0,0,7,1,260;265;155;747;379;635;643
1,7984,8042,1,0,0,9,1,186;194;87;673;379;351;569;542;796
1,7968,8214,1,0,1,8,5,202;210;103;689;379;474;585;558
1,8002,8060,1,0,0,9,1,139;176;69;655;379;351;336;524;778
1,7998,8278,1,1,0,9,5,139;180;73;659;379;351;555;528;782
0,8014,8102,1,1,0,9,0,139;164;57;619;379;351;336;512;712
1,8008,8070,1,0,0,9,1,139;170;63;619;379;351;336;518;772
1,8043,8132,1,1,0,9,2,127;135;28;586;379;351;336;483;712
1,8030,8111,1,0,0,9,1,139;148;41;619;379;351;336;496;712
1,8086,8142,1,1,0,10,1,84;92;571;361;351;333;440;694;761;634
1,8056,8137,1,0,0,9,1,114;122;15;586;379;351;333;470;712
1,7579,7636,1,0,0,8,3,82;96;138;235;171;564;599;492
1,7593,7649,1,0,0,8,3,68;96;126;221;171;558;585;478
0,7621,7674,1,0,0,8,0,40;96;98;193;171;549;557;450
0,7631,7844,1,0,0,8,0,30;96;88;183;171;539;547;440
1,7638,7697,1,1,0,8,4,23;96;81;176;171;532;540;433
1,7651,7727,1,0,0,8,3,10;92;68;163;171;519;527;420
1,7653,7889,1,1,0,8,1,8;92;66;161;171;517;525;418
1,7666,7885,1,0,0,7,2,79;53;148;171;504;512;185
1,7668,7756,1,0,0,7,3,77;51;146;171;502;403;185
1,7732,7954,1,0,1,6,1,13;82;165;438;403;185
1,7751,7818,1,0,1,6,2,63;146;419;403;185;906
1,7769,8000,1,1,0,7,4,45;128;401;403;185;888;678
1,7772,7853,1,0,0,7,1,42;125;398;403;185;885;507
1,7801,8099,1,0,0,7,4,13;96;369;377;185;809;507
1,7810,7879,1,0,0,7,1,4;87;360;368;185;809;379
1,7821,7880,1,1,0,6,2,76;340;357;185;809;379
1,8423,8493,1,0,0,11,2,218;24;122;127;103;357;424;297;333;439;695
1,8421,8489,1,0,0,11,2,218;26;124;132;105;359;426;299;333;439;697
1,8406,8479,1,0,0,11,2,251;41;139;147;120;374;441;314;333;439;712
1,8395,8671,1,1,0,11,7,262;52;150;158;131;385;452;325;333;640;723
1,8498,8563,1,0,0,11,2,159;47;55;28;278;349;222;333;439;620;1027
1,8486,8569,1,0,0,11,3,171;59;67;40;278;361;234;333;439;632;1061
1,8481,8545,1,0,0,11,2,176;64;72;45;299;366;239;333;439;633;1066
1,8471,8542,1,0,0,10,1,186;74;82;55;309;376;249;333;439;647
1,8539,8779,1,0,0,10,6,118;6;14;236;292;181;303;439;579;1008
1,8538,8777,1,0,1,10,5,119;7;15;236;309;182;304;439;580;1009
0,8509,8594,1,1,0,11,0,148;36;44;17;236;338;211;333;439;609;1027
1,8508,8587,1,0,0,11,2,149;37;45;18;253;339;212;333;439;610;1027
0,8593,8659,1,0,0,8,0,64;187;254;127;249;439;445;954
1,8581,8848,1,0,0,8,4,76;199;256;139;261;439;537;966
1,8569,8623,1,0,0,8,3,88;211;263;151;273;439;549;978
1,8560,8631,1,0,0,8,3,97;220;270;160;282;439;558;987
1,8144,8218,1,0,0,11,3,26;34;513;303;351;333;382;636;606;576;698
1,8146,8442,1,0,0,11,7,24;32;511;301;351;333;380;634;606;512;696
1,8109,8191,1,0,0,10,2,61;38;548;338;351;333;417;671;738;611
1,8134,8362,1,1,0,11,4,36;38;523;313;351;333;392;646;713;586;708
1,8254,8478,1,0,0,10,5,403;193;291;299;272;526;593;466;565;781
1,8263,8318,1,0,1,10,3,384;184;282;290;263;517;584;457;565;772
1,8169,8252,1,0,0,11,2,1;9;488;278;351;333;357;611;606;512;565
1,8177,8240,1,0,0,11,3,1;480;270;310;333;349;603;606;512;565;858
1,8299,8385,1,0,0,10,4,358;148;246;254;227;481;548;421;333;736
0,8301,8354,1,0,0,10,0,356;146;244;252;225;479;534;419;333;734
1,8280,8579,1,0,0,10,7,377;167;265;273;246;500;567;440;562;755
1,8294,8368,1,1,0,10,3,363;153;251;259;232;486;553;426;339;741
1,8372,8431,1,0,0,11,2,285;75;173;181;154;408;475;348;333;663;746
0,8378,8452,1,0,0,11,0,279;69;167;175;148;402;469;342;333;657;740
1,8320,8405,1,0,0,10,2,337;127;225;233;206;460;527;400;333;715
0,8359,8414,1,0,0,11,0,298;88;186;194;167;421;488;361;333;676;759
1,8862,9152,1,0,0,9,4,173;256;685;731;482;374;576;287;915
1,8842,9102,1,1,0,10,4,5;0;193;276;705;750;482;602;576;307
1,8903,8983,1,1,0,10,2,132;215;644;688;482;374;576;246;874;734
1,8864,8944,1,0,0,9,2,171;254;662;729;482;374;576;285;913
1,8830,9076,1,0,0,10,6,17;12;195;288;717;763;482;614;697;319
1,8819,9115,1,0,0,10,7,28;23;195;299;728;774;482;625;810;330
1,8838,9122,1,1,0,10,6,9;4;195;280;709;750;482;606;678;311
1,8831,8889,1,0,0,10,1,16;11;195;287;716;762;482;613;678;318
1,8971,9234,1,0,0,11,5,50;147;576;622;482;374;576;178;772;666;560
1,8956,9022,1,0,0,11,1,50;162;591;627;482;374;576;193;788;681;575
1,8980,9035,1,1,0,11,3,50;138;546;613;482;374;576;169;772;560;551
1,8977,9045,1,0,0,11,1,50;141;570;616;482;374;576;172;772;560;554
1,8943,9017,1,0,0,11,1,85;175;604;650;482;374;576;206;834;694;588
1,8915,8987,1,1,0,10,2,92;203;632;678;482;374;576;234;862;722
1,8954,9014,1,0,0,11,2,81;164;593;627;482;374;576;195;788;683;577
1,8953,9013,1,0,0,11,1,82;165;594;627;482;374;576;196;824;684;578
1,8701,8755,1,0,0,8,1,79;146;19;141;334;417;846;892
0,8707,8784,1,1,0,8,0,73;140;13;135;328;411;840;882
1,8714,8798,1,1,0,8,2,66;133;6;128;321;404;833;879
1,8732,8811,1,0,0,8,1,48;115;110;283;386;815;861;745
1,8598,8864,1,0,0,8,5,59;182;249;122;244;437;445;949
1,8640,8707,1,0,0,8,2,17;140;207;80;202;395;445;907
1,8647,8706,1,1,0,8,3,10;133;200;73;170;388;445;900
1,8690,8905,1,0,0,8,4,90;157;30;152;345;428;857;903
1,8802,8871,1,0,0,10,1,45;40;233;316;743;791;675;642;827;347
1,8802,8867,1,0,0,10,2,45;40;219;316;743;791;675;642;827;347
1,8804,9011,1,0,0,10,3,43;38;219;299;743;789;673;640;825;345
1,8810,8869,1,1,0,10,1,37;32;219;299;737;783;482;634;819;339
1,8742,8829,1,1,0,8,1,38;105;100;283;376;799;851;735
1,8751,8814,1,0,0,9,2,29;96;91;283;367;784;842;726;693
1,8784,8837,1,0,0,10,1,63;58;251;334;763;809;693;660;845;365
1,8791,8853,1,0,0,10,1,56;51;244;327;743;802;686;653;838;358
1,9323,9398,1,0,0,12,3,224;270;154;121;306;454;314;208;286;490;324;657
1,9299,9535,1,1,0,12,3,248;294;178;145;330;454;338;232;288;514;517;674
1,9291,9366,1,0,0,12,2,256;301;186;153;338;486;346;240;288;522;525;674
1,9289,9359,1,1,0,12,4,258;301;188;155;340;488;348;242;320;524;527;674
1,9258,9316,1,0,0,12,4,289;301;219;186;368;519;379;273;351;555;558;698
1,9256,9331,1,1,0,12,2,291;337;221;188;368;521;381;275;353;557;560;698
1,9230,9442,1,0,0,12,6,317;363;247;214;368;547;407;301;359;571;586;750
1,9201,9290,1,0,0,11,4,346;392;276;243;368;576;436;330;359;571;615
1,9409,9663,1,0,0,13,8,138;184;68;35;220;362;199;122;200;400;285;571;923
1,9404,9466,1,0,0,13,4,143;189;73;40;222;362;233;127;205;400;285;576;928
1,9397,9460,1,1,0,12,4,150;196;80;47;232;362;240;134;212;400;285;583
1,9388,9454,1,1,0,12,4,159;205;89;56;241;362;249;143;221;425;285;592
1,9385,9604,1,0,0,12,5,162;208;92;59;244;362;252;146;224;428;288;595
1,9372,9450,1,1,0,12,2,175;221;105;72;257;405;265;156;237;441;288;608
1,9337,9419,1,0,0,12,2,210;256;140;107;292;440;300;156;272;476;288;643
1,9331,9405,1,0,1,12,4,216;262;146;113;298;446;306;200;278;482;288;649
0,9073,9140,1,1,0,11,0,45;474;520;368;371;368;76;704;558;458;536
1,9077,9137,1,0,0,11,3,41;470;516;368;367;368;72;700;558;454;532
1,9043,9100,1,0,0,10,2,75;504;550;434;374;368;106;731;558;488
1,9056,9263,1,0,0,10,6,62;488;537;421;374;368;93;721;558;475
1,9033,9094,1,1,0,11,2,2;85;514;560;444;374;368;116;744;560;498
1,9034,9104,1,1,0,11,3,1;84;513;559;443;374;368;115;731;560;497
1,9010,9275,1,0,0,11,7,25;108;537;583;467;374;576;139;767;560;521
1,9012,9089,1,0,0,11,3,23;106;535;581;465;374;371;137;765;560;519
0,9176,9237,1,1,0,11,0,371;417;301;268;368;601;461;355;359;571;640
0,9183,9264,1,1,0,11,0,364;410;294;261;368;594;454;348;359;571;633
1,9151,9363,1,0,0,11,4,396;442;326;293;368;626;486;380;359;662;665
0,9156,9226,1,1,0,11,0,391;437;321;288;368;621;481;375;359;571;660
0,9110,9184,1,1,0,11,0,8;437;483;367;334;368;39;663;527;421;499
1,9135,9367,1,0,0,10,8,412;458;342;309;368;14;642;502;396;474
1,9097,9156,1,0,0,11,1,21;450;496;368;347;368;52;680;540;434;512
0,9104,9192,1,0,0,11,0,14;443;489;368;340;368;45;663;533;427;505
1,6001,6060,1,0,1,9,1,196;404;123;183;351;113;581;500;535
1,6009,6083,1,1,0,10,3,188;396;115;175;331;105;573;500;535;808
1,6025,6083,1,0,0,11,1,166;380;99;159;327;89;557;500;535;792;671
1,6034,6123,1,1,0,11,1,163;371;90;150;304;80;548;500;535;783;662
1,6052,6120,1,0,0,11,3,145;353;72;132;300;62;530;500;530;765;644
1,6065,6152,1,0,0,11,1,132;328;59;119;287;49;517;500;530;752;631
1,6083,6159,1,0,0,11,2,114;322;41;101;269;31;499;500;530;734;613
1,6091,6144,1,0,1,11,2,106;298;33;93;261;23;491;500;530;726;605
0,5838,5902,1,0,0,10,0,3;50;159;359;567;182;327;514;129;661
0,5838,5917,1,0,0,10,0,3;50;159;359;567;182;327;514;129;661
1,5851,5915,1,0,0,10,1,37;146;346;554;182;327;501;129;661;822
1,5855,5912,1,0,0,10,2,33;142;342;550;182;289;497;129;661;818
1,5887,6148,1,0,0,10,7,1;110;310;518;182;289;465;129;661;786
1,5893,5962,1,0,0,9,1,104;304;512;182;289;459;129;661;658
1,5951,6248,1,0,0,10,8,46;246;454;173;233;401;129;631;658;720
1,5953,6200,1,0,1,10,3,44;244;452;171;231;399;129;629;500;718
1,5752,5833,1,1,0,9,1,89;136;245;445;640;372;432;598;362
1,5734,5799,1,0,0,9,1,107;154;263;463;640;390;445;598;380
1,5784,5872,1,0,0,9,1,57;104;208;413;621;340;400;568;330
1,5767,5818,1,0,0,9,1,74;121;226;430;638;357;417;585;347
1,5795,6019,1,1,0,9,5,46;93;202;402;610;182;389;557;319
1,5789,6023,1,1,0,9,5,52;99;208;408;616;335;395;563;325
1,5826,5892,1,0,0,10,1,15;62;171;371;579;182;358;526;129;661
1,5824,6098,1,0,0,10,6,17;64;173;373;581;182;360;528;129;758
1,5622,5672,1,1,0,10,1,219;8;266;16;375;560;640;502;471;730
1,5607,5838,1,0,0,10,3,234;23;281;31;390;560;640;517;577;745
1,5638,5713,1,0,0,9,1,203;250;0;359;559;640;486;471;657
1,5632,5716,1,0,0,9,1,209;256;6;365;560;640;492;471;720
1,5694,5755,1,0,0,8,1,147;194;303;503;640;430;471;657
1,5660,5728,1,0,1,8,1,181;228;327;537;640;464;471;657
1,5704,5790,1,0,0,8,1,137;184;293;493;640;420;445;598
1,5696,5921,1,0,0,8,3,145;192;301;501;640;428;445;656
1,6474,6552,1,0,0,9,2,108;199;197;343;222;542;470;892;672
0,6491,6542,1,0,0,10,0,91;182;180;326;205;525;470;875;626;508
1,6416,6635,1,0,0,8,1,166;257;255;400;280;596;470;950
0,6456,6509,1,0,0,8,0,126;217;215;361;240;557;470;910
1,6525,6581,1,0,0,10,3,57;148;146;292;171;491;470;841;621;474
1,6539,6592,1,0,0,10,2,43;134;132;278;157;477;458;827;607;460
1,6500,6559,1,0,0,10,1,82;173;171;317;196;516;470;866;626;499
0,6506,6583,1,0,0,10,0,76;167;165;311;190;504;470;860;626;493
0,6375,6446,1,0,0,9,0,30;207;298;296;414;321;596;470;991
0,6376,6426,1,0,0,9,0,29;206;297;295;414;320;596;470;990
1,6361,6611,1,1,0,8,4,44;221;312;310;414;335;596;660
1,6365,6415,1,0,0,8,3,40;217;308;306;414;331;596;470
1,6399,6463,1,1,0,9,2,6;183;274;272;414;297;596;470;967
1,6404,6483,1,0,0,9,2,1;178;269;267;413;292;596;470;962
1,6376,6453,1,0,0,9,2,29;206;297;295;414;320;596;470;990
0,6383,6466,1,0,0,9,0,22;199;283;288;414;313;596;470;983
1,6297,6367,1,1,0,8,1,108;46;285;317;337;414;399;719
1,6290,6349,1,0,0,8,1,115;62;292;317;337;414;406;726
1,6265,6350,1,0,0,8,2,140;87;317;317;391;414;431;751
1,6221,6517,1,0,0,7,4,184;94;361;452;391;414;437
1,6338,6424,1,0,0,8,1,67;14;244;317;332;414;358;596
1,6331,6531,1,1,0,8,3,74;18;251;317;332;414;365;685
0,6307,6393,1,0,0,8,0,98;18;275;317;332;414;389;709
1,6303,6364,1,0,1,8,2,102;18;279;317;337;414;393;713
1,6196,6277,1,0,0,8,1,1;209;156;386;477;475;621;437
1,6163,6231,1,0,0,9,1,34;242;21;189;419;500;508;654;437
1,6135,6424,1,0,0,9,7,62;270;49;217;447;500;530;682;561
1,6098,6162,1,1,0,11,2,99;298;26;86;254;16;466;500;530;719;598
1,6214,6279,1,0,0,7,1,191;127;368;459;391;414;437
1,6210,6286,1,0,0,7,1,195;127;372;463;452;414;437
1,6209,6476,1,0,0,7,4,196;127;373;464;452;608;437
1,6201,6277,1,0,0,7,1,204;151;381;472;452;616;437
0,6959,7044,1,0,0,11,0,57;62;407;187;37;106;389;369;702;786;242
1,6969,7035,1,0,0,11,1,47;52;397;177;30;96;379;359;692;776;232
1,6986,7048,1,0,0,11,4,30;35;380;160;13;79;362;342;675;759;215
1,7005,7069,1,1,0,10,3,11;16;361;141;40;343;323;656;740;196
1,6888,6975,1,0,0,10,2,128;133;478;258;56;175;460;389;773;857
1,6899,6949,1,1,0,10,3,117;122;467;247;56;166;449;375;762;846
1,6911,6978,1,0,0,10,2,97;110;455;235;56;154;437;375;750;834
1,6924,6975,1,1,0,10,5,92;95;442;222;56;141;424;375;737;821
1,6815,6900,1,0,0,9,1,2;201;206;551;331;184;250;533;513
1,6876,6951,1,1,0,9,2,140;145;490;270;123;189;472;452;785
1,6877,6948,1,1,0,9,4,139;144;489;269;122;188;471;389;784
1,6880,6939,1,0,0,9,3,136;141;486;266;56;185;468;389;781
1,6730,6794,1,0,0,9,2,87;286;291;636;416;269;335;613;598
1,6737,6815,1,0,0,9,1,80;279;284;629;409;262;328;611;591
1,6769,6819,1,0,0,9,1,48;247;252;597;377;230;296;579;559
1,6772,6833,1,0,0,9,2,45;244;249;569;374;227;293;576;556
0,6664,6727,1,0,0,10,0,9;7;153;32;352;357;640;482;335;347
0,6661,6715,1,0,0,10,0,12;10;156;35;355;360;640;485;338;347
0,6709,6770,1,1,0,9,0,108;307;312;640;437;290;347;613;619
1,6699,6785,1,0,0,8,1,118;317;322;640;447;300;347;649
1,6642,6700,1,1,0,10,2,28;29;175;54;374;379;679;504;357;347
1,6636,6693,1,0,0,10,2,28;35;181;60;380;385;679;510;363;347
1,6658,6743,1,0,0,10,2,15;13;159;38;358;363;679;488;341;347
1,6648,6727,1,1,0,10,3,25;23;169;47;368;373;679;498;351;347
0,6591,6651,1,0,0,10,0,82;80;226;105;425;430;712;555;408;347
1,6572,6821,1,1,0,11,6,10;101;99;245;115;444;449;712;574;427;493
1,6618,6680,1,0,0,10,3,55;53;199;78;398;403;679;528;381;347
1,6610,6664,1,1,0,10,2,63;61;207;86;406;411;712;536;389;347
0,6553,6613,1,0,0,10,0,29;120;118;264;115;457;458;813;593;446
1,6551,6613,1,0,0,10,2,31;122;120;266;145;457;458;815;595;448
1,6571,6790,1,1,0,11,5,11;102;100;246;115;445;450;795;575;428;494
1,6554,6616,1,1,0,10,2,28;119;117;263;115;457;458;812;592;445
1,7564,7647,1,0,0,8,1,97;96;155;250;171;564;614;507
0,7564,7780,1,1,0,8,0,97;96;138;250;171;564;614;507
0,7531,7774,1,0,0,7,0,130;96;188;283;171;639;647
1,7548,7820,1,0,0,8,7,113;96;171;266;171;622;630;523
1,7453,7739,1,0,0,5,3,208;96;266;361;394
1,7459,7534,1,0,0,5,1,202;96;260;355;173
1,7403,7481,1,0,0,5,2,258;342;309;411;394
1,7438,7693,1,0,0,5,4,223;307;281;376;394
1,7326,7540,1,0,0,8,3,40;22;2;335;419;393;488;394
1,7361,7632,1,0,1,6,3,5;300;384;358;453;394
1,7258,7345,1,0,0,8,2,108;90;70;350;475;461;519;394
1,7265,7354,1,1,0,8,2,101;83;63;350;475;430;519;394
1,7249,7327,1,0,0,8,2,117;99;79;412;475;470;565;394
1,7256,7342,1,0,0,8,2,110;92;72;405;475;463;519;394
1,7235,7288,1,1,0,8,1,131;113;93;426;510;484;573;587
1,7242,7533,1,0,0,8,5,124;106;86;419;475;477;572;587
1,7235,7289,1,0,0,8,1,131;113;93;426;501;484;573;587
1,7221,7299,1,0,0,8,2,145;127;107;440;524;498;573;587
1,7191,7278,1,0,1,9,1,175;157;137;470;540;10;528;623;587
1,7177,7450,1,0,0,9,4,189;171;151;484;547;24;541;631;587
1,7164,7233,1,0,0,9,2,202;184;164;497;547;37;555;631;587
1,7163,7368,1,0,0,9,5,203;185;165;498;547;38;556;631;734
1,7142,7218,1,0,0,10,2,224;4;206;186;519;603;59;567;631;755
0,7123,7177,1,0,0,9,0,243;23;215;205;538;622;61;567;631
1,7108,7170,1,0,0,9,3,258;38;215;220;553;637;93;567;631
1,7103,7187,1,0,0,9,2,263;43;215;225;558;642;98;567;711
1,7093,7165,1,0,0,9,2,273;53;215;235;568;652;108;626;721
1,7062,7296,1,0,0,8,2,304;84;3;283;266;599;683;133
1,7050,7137,1,0,0,8,1,316;96;15;298;278;611;695;133
1,7038,7096,1,1,0,8,3,328;106;27;310;290;623;707;133
1,7025,7113,1,0,0,8,4,341;121;37;323;303;636;720;133
1,7006,7072,1,0,0,10,3,10;15;360;140;40;342;322;655;739;133
0,3571,3630,1,0,0,22,0,15;8;137;148;63;63;221;120;186;252;82;65;72;218;134;308;258;157;495;208;488;643
1,3578,3857,1,1,0,22,13,8;1;130;141;63;56;214;113;179;245;75;58;65;211;127;303;258;157;488;201;481;636
1,3518,3603,1,0,0,21,5,68;61;190;201;145;116;274;173;239;305;135;118;125;271;187;308;258;157;548;214;541
1,3524,3612,1,1,0,21,6,62;55;184;195;139;110;268;167;233;292;129;112;119;265;181;308;258;157;542;214;535
1,3613,3664,1,1,1,22,7,95;106;50;21;179;36;144;210;40;23;30;176;92;268;246;130;453;166;446;571;543;630
1,3626,3714,1,0,1,22,8,82;93;37;8;166;36;131;195;27;10;17;163;79;255;246;117;440;153;433;571;530;617
1,3606,3686,1,0,0,22,2,102;113;57;28;186;85;151;217;47;30;37;183;99;275;258;137;460;173;453;571;550;637
1,3609,3681,1,1,0,22,4,99;110;54;25;183;36;148;214;44;27;34;180;96;272;258;134;457;170;450;571;547;634
1,3649,3896,1,0,0,20,6,59;70;14;143;36;108;174;4;140;56;232;238;94;417;130;410;565;456;594;146
1,3653,3719,1,1,0,20,2,55;66;10;139;36;104;170;0;136;52;228;234;90;413;126;406;321;456;590;146
1,3627,3711,1,1,0,22,7,81;92;36;7;165;36;130;195;26;9;16;162;78;254;246;116;439;152;432;571;456;616
1,3642,3938,1,0,0,21,10,66;77;21;150;36;115;181;11;1;147;63;239;245;101;424;137;417;571;456;601;423
1,3688,3773,1,0,0,18,3,20;31;104;3;69;135;101;17;193;199;55;378;91;371;321;435;555;146
1,3703,3781,1,1,0,18,3,5;16;89;54;120;86;2;178;184;40;363;76;356;321;435;540;146;512
1,3663,3728,1,1,0,19,5,45;56;0;129;28;94;160;126;42;218;224;80;403;105;396;321;456;580;146
1,3677,3759,1,0,0,18,3,31;42;115;14;80;146;112;28;204;210;66;389;102;382;321;435;566;146
1,3803,3889,1,0,0,10,3,20;78;84;263;256;321;353;440;146;389
0,3783,3871,1,1,0,12,0,9;40;6;98;104;283;276;321;373;460;146;389
0,3780,3844,1,0,0,12,0,12;43;9;101;107;286;279;321;376;463;146;389
1,3771,3846,1,0,0,13,3,21;52;18;110;116;295;8;288;321;385;472;146;444
1,3950,4245,1,0,0,8,4,116;109;264;206;293;115;263;779
1,3936,4009,1,1,0,7,2,130;123;278;220;307;129;279
1,3916,4000,1,0,0,7,2,150;143;298;240;327;146;299
1,3855,3941,1,0,0,9,3,26;32;211;204;321;301;388;146;360
0,4038,4106,1,0,0,9,0,28;21;176;63;205;27;157;691;546
1,4034,4089,1,0,0,9,2,32;25;180;63;209;31;181;695;546
1,4029,4079,1,0,0,9,2,37;30;185;63;214;36;186;700;578
1,3955,4184,1,1,0,8,4,111;104;259;63;288;110;260;774
1,4110,4336,1,0,0,7,4,104;41;133;105;614;497;720
1,4086,4147,1,1,0,6,3,128;41;157;129;643;521
1,4076,4161,1,0,0,6,1,138;63;157;139;653;531
1,4058,4127,1,0,0,9,3,8;1;156;63;185;7;157;671;546
1,4115,4203,1,0,0,7,1,99;41;128;100;614;492;631
0,4115,4172,1,0,0,7,0,99;11;128;100;614;492;631
1,4138,4189,1,0,0,7,1,76;11;105;77;591;469;631
1,4186,4430,1,0,0,6,4,28;57;29;543;421;631
0,4204,4271,1,1,0,6,0,10;39;11;500;403;626
0,4227,4284,1,0,0,4,0,16;500;380;603
0,4233,4314,1,0,0,4,0,10;496;374;597
1,4287,4339,1,0,0,3,3,442;320;543
0,4291,4349,1,1,0,3,0,438;316;518
1,4294,4535,1,0,0,3,3,435;313;518
0,4300,4359,1,0,0,3,0,429;293;518
1,4336,4396,1,0,0,3,3,393;271;494
0,4353,4424,1,0,0,3,0,376;254;477
1,4379,4431,1,0,0,4,3,350;228;451;677
1,4414,4620,1,0,0,4,1,315;193;416;642
1,4425,4495,1,0,0,4,3,304;182;405;448
1,4428,4631,1,0,0,4,3,301;179;397;448
1,4428,4673,1,0,0,4,3,132;179;397;448
1,4457,4523,1,0,0,4,3,127;150;373;448
0,4438,4499,1,0,0,4,0,127;169;392;448
1,4459,4752,1,0,0,4,2,45;148;371;448
1,4458,4726,1,0,1,4,3,110;149;372;448
0,4504,4591,1,0,0,4,0,45;103;326;448
0,4475,4535,1,0,0,4,0,45;124;355;448
1,4515,4756,1,0,0,4,2,45;92;315;448
0,4512,4597,1,0,0,4,0,45;95;318;448
1,4559,4642,1,0,0,4,1,45;48;247;441
1,4518,4799,1,0,0,4,1,45;89;312;441
1,4573,4631,1,1,0,4,1,45;34;247;385
0,4564,4637,1,1,0,4,0,45;43;247;385
1,4633,4694,1,0,1,3,1,45;4;385
1,4632,4898,1,0,0,3,2,45;198;385
1,4703,4759,1,0,0,3,1,11;2;353
0,4708,4765,1,0,0,3,0,11;2;329
0,4686,4743,1,0,0,3,0,11;2;370
1,4697,4778,1,0,0,3,1,11;2;359
1,4642,4938,1,0,0,3,1,42;2;378
0,4674,4743,1,1,0,3,0,11;2;378
1,4633,4691,1,0,0,3,1,42;4;385
1,4640,4849,1,0,0,3,1,42;4;378
0,4799,4885,1,1,0,6,0,2;257;618;1042;734;647
0,4799,4852,1,0,0,6,0,2;257;618;1042;734;647
0,4797,4853,1,0,0,6,0,2;259;618;1044;736;649
0,4799,4877,1,0,0,6,0,2;257;618;1042;734;647
0,4719,4784,1,0,0,4,0,10;2;329;618
0,4790,4845,1,0,0,6,0,2;266;618;1051;743;656
1,4714,4949,1,0,0,4,1,11;2;329;764
0,4717,4771,1,0,0,4,0,11;2;329;618
1,4965,5051,1,0,0,7,1,91;513;870;407;481;631;665
1,4941,5230,1,0,0,6,4,115;537;889;592;505;655
1,4941,5010,1,0,0,6,1,115;537;889;407;505;655
1,4923,4981,1,0,0,6,1,133;555;897;610;523;673
0,4883,4947,1,0,0,6,0,173;595;897;650;563;713
0,4875,4959,1,0,0,6,0,181;603;897;658;571;721
1,4863,4922,1,0,0,6,1,193;615;897;670;583;733
1,4835,5101,1,0,0,6,4,221;618;1006;698;611;761
1,5044,5127,1,1,0,9,1,12;434;797;407;375;552;549;844;583
1,5029,5114,1,1,0,9,1,23;449;812;407;417;567;549;859;583
1,5022,5108,1,1,0,9,1,23;456;819;407;424;574;561;866;583
1,5012,5084,1,1,0,9,1,23;466;829;407;434;584;588;876;583
1,5008,5076,1,0,0,9,1,23;470;833;407;438;588;588;880;630
1,4975,5177,1,0,0,8,4,23;503;866;407;471;621;655;913
1,4973,5042,1,0,0,7,1,46;505;868;407;473;623;657
0,4973,5039,1,0,0,7,0,23;505;868;407;473;623;657
1,5139,5228,1,0,0,8,2,339;659;393;307;457;491;749;499
1,5143,5193,1,0,1,8,2,335;659;390;303;453;473;745;495
1,5176,5424,1,0,0,8,5,302;659;357;270;420;454;712;462
1,5210,5294,1,0,0,8,2,268;631;323;236;218;420;678;428
1,5060,5119,1,0,0,8,1,418;724;407;375;536;549;828;578
1,5073,5151,1,0,0,8,2,405;724;407;345;523;549;815;565
1,5087,5153,1,0,0,8,1,391;724;393;345;509;543;801;551
1,5116,5189,1,0,0,8,1,362;724;393;330;480;514;772;517
1,5263,5338,1,0,0,8,2,209;562;270;154;218;367;625;346
1,5296,5540,1,0,0,8,4,182;545;237;150;218;334;592;313
1,5302,5510,1,1,0,8,2,176;539;231;144;210;328;586;313
1,5332,5392,1,0,0,9,2,146;506;201;114;210;298;556;306;665
1,5211,5298,1,0,0,8,2,267;630;322;154;218;419;677;427
1,5234,5315,1,0,0,8,1,244;607;299;154;218;396;654;404
1,5246,5300,1,1,0,8,1,209;595;287;154;218;384;642;392
1,5262,5324,1,0,0,8,1,209;579;271;154;218;368;626;346
1,5456,5508,1,0,1,10,1,22;385;77;140;174;432;182;494;741;949
1,5438,5519,1,0,0,11,2,40;403;95;8;158;192;450;182;505;759;967
1,5484,5565,1,0,0,10,2,357;49;112;135;404;154;494;713;921;640
1,5479,5538,1,0,1,10,2,362;54;117;151;409;159;494;718;926;645
1,5376,5447,1,0,0,9,1,102;465;157;70;210;254;512;262;505
1,5335,5599,1,1,0,9,7,143;506;198;111;210;289;553;303;662
1,5427,5478,1,0,0,11,2,51;414;106;19;169;203;461;211;505;770;978
1,5417,5625,1,0,0,11,2,61;424;116;29;179;213;471;221;505;780;988
1,5577,5627,1,0,0,11,1,264;19;53;311;61;420;560;828;547;607;775
1,5558,5641,1,1,0,10,2,283;38;72;330;80;439;639;847;566;626
0,5597,5660,1,0,0,10,0,244;33;291;41;400;560;640;527;587;755
1,5577,5791,1,1,0,11,5,264;19;43;311;61;420;560;828;547;607;775
1,5501,5569,1,0,0,10,1,340;32;95;112;387;132;494;696;904;623
1,5490,5559,1,1,0,10,1,351;43;106;112;398;148;494;707;915;634
0,5554,5636,1,1,0,9,0,287;41;76;334;84;443;643;851;570
1,5534,5603,1,0,0,9,2,296;62;96;354;104;463;663;871;590
1,1644,1881,1,0,0,14,9,530;167;352;290;328;595;619;192;597;615;556;593;543;535
1,1628,1688,1,1,0,15,1,2;546;183;368;306;344;611;623;208;613;631;572;593;543;535
1,1623,1690,1,0,1,15,2,7;551;188;373;307;349;616;623;213;618;636;577;593;560;535
1,1602,1674,1,0,0,15,4,28;565;209;394;332;370;637;623;234;639;657;598;593;560;535
1,1680,1738,1,0,0,14,3,494;131;316;254;292;559;583;156;561;579;520;555;543;535
0,1679,1754,1,0,0,14,0,495;132;317;255;293;560;584;157;562;580;521;555;543;535
1,1657,1731,1,1,0,14,4,510;154;339;277;315;582;606;179;584;602;543;555;543;535
1,1652,1734,1,1,0,14,2,522;159;344;282;320;587;611;184;589;607;548;555;543;535
1,1556,1816,1,0,0,15,12,74;612;255;440;378;416;683;707;280;685;703;644;593;560;703
1,1553,1770,1,0,0,15,8,77;612;258;443;381;419;686;710;283;688;706;647;593;694;706
1,1550,1626,1,0,0,15,2,80;624;261;446;384;422;689;713;286;691;709;650;593;697;709
1,1525,1798,1,1,0,14,11,105;649;286;471;409;447;704;738;311;716;734;675;858;722
1,1580,1642,1,0,0,15,2,50;565;231;416;354;392;659;663;256;650;679;620;593;560;535
1,1577,1662,1,1,0,15,2,53;597;234;419;357;395;662;663;259;650;682;623;593;560;535
1,1574,1655,1,1,0,15,2,56;600;237;422;360;398;665;689;262;650;685;626;593;560;535
1,1568,1635,1,0,1,15,2,62;606;243;428;366;404;671;695;268;673;691;632;593;560;535
1,1792,1852,1,0,0,18,1,382;19;204;142;164;447;471;44;449;467;408;534;455;467;633;768;1107;663
1,1815,2042,1,0,0,17,7,359;181;119;157;424;448;21;412;444;385;534;432;444;610;745;1107;663
1,1778,2064,1,0,0,18,14,396;33;218;156;164;461;485;58;453;481;422;555;469;481;647;782;1107;818
1,1785,1865,1,0,0,18,5,389;26;211;149;164;454;478;51;453;474;415;555;462;474;640;775;1107;663
1,1863,1916,1,1,0,18,4,311;133;71;109;376;376;378;396;337;520;384;396;562;590;1076;661;722;646
1,1892,1957,1,1,0,18,1,282;104;42;80;347;371;349;367;308;491;355;367;533;590;1047;661;693;617
1,1849,1938,1,0,1,18,7,325;147;85;123;390;414;392;410;351;534;398;410;576;590;1090;663;736;660
1,1857,1917,1,0,0,18,1,317;139;77;115;382;406;384;402;343;526;390;402;568;590;1082;661;728;652
1,1721,1782,1,1,0,15,1,453;90;275;213;251;518;542;115;520;538;479;555;526;508;704
1,1721,1780,1,0,0,15,4,453;90;275;213;251;518;499;115;520;538;479;555;526;508;704
1,1703,1789,1,0,0,15,1,471;108;293;231;269;536;560;133;538;556;497;555;543;508;722
1,1712,1777,1,1,0,15,3,462;99;284;222;260;527;551;124;525;547;488;555;535;508;713
1,1764,1848,1,1,0,18,4,410;47;232;167;208;475;499;72;477;495;436;555;483;495;661;796;1175;832
1,1775,1984,1,1,0,18,10,399;36;221;159;197;464;488;61;453;484;425;555;472;484;650;785;1107;821
1,1736,1804,1,0,0,17,4,438;75;260;198;236;503;499;100;505;523;464;555;511;508;689;824;1203
1,1764,1839,1,0,0,18,1,410;47;232;167;208;475;499;72;477;495;436;555;483;495;661;796;1107;832
1,2017,2231,1,0,0,16,5,157;222;246;218;234;183;366;230;242;408;543;922;579;568;309;712
1,2003,2076,1,1,0,16,4,171;236;260;218;256;197;380;244;256;422;557;936;593;582;309;726
1,2082,2137,1,0,1,16,5,92;157;181;159;177;118;301;165;177;343;478;857;514;503;309;590
1,2043,2103,1,0,0,16,5,131;196;220;198;216;157;340;204;216;382;517;896;553;542;309;590
1,2088,2148,1,0,0,16,5,86;141;172;153;171;112;295;159;171;337;472;851;508;497;309;590
1,2086,2162,1,0,0,16,1,88;141;177;155;173;114;297;161;173;339;474;853;510;499;309;590
1,2108,2195,1,0,0,16,2,66;131;155;133;119;92;275;139;151;317;452;805;488;477;309;590
1,2096,2155,1,1,0,16,2,78;141;167;145;119;104;287;151;163;329;464;843;500;489;309;590
1,1905,1973,1,0,0,18,4,269;91;29;67;334;342;336;354;295;475;342;354;520;590;1034;661;680;604
1,1896,1956,1,1,0,18,3,278;100;38;76;343;342;345;363;304;487;351;363;529;590;1043;661;689;613
1,1917,1977,1,0,0,18,4,257;79;17;55;315;342;324;342;283;466;330;319;508;590;1022;661;668;592
1,1913,1980,1,0,0,18,4,261;83;21;59;326;342;328;346;287;470;334;319;512;590;1026;661;672;596
1,1941,2023,1,1,0,17,5,233;55;31;298;322;300;318;259;442;306;318;484;590;998;651;644;398
1,1932,2202,1,0,0,18,9,242;64;2;40;307;331;309;327;268;451;315;319;493;590;1007;651;653;577
1,2000,2082,1,0,0,16,1,174;239;263;241;259;200;383;247;259;425;560;939;596;585;309;729
1,1960,2037,1,0,0,17,2,214;36;12;279;303;281;299;240;423;287;299;465;590;979;636;625;398
1,2344,2401,1,0,0,13,2,39;81;216;595;252;241;165;385;376;353;447;401;479
1,2347,2401,1,0,0,13,2,36;78;213;592;234;238;162;382;373;353;444;401;476
1,2393,2451,1,0,0,13,2,32;167;546;203;192;116;336;327;353;398;401;430;835
1,2396,2448,1,1,0,13,3,29;138;543;200;189;113;333;324;353;395;401;427;832
1,2406,2488,1,1,0,13,3,19;138;533;190;179;103;323;314;353;385;401;384;822
1,2427,2484,1,0,1,12,3,133;512;169;158;82;302;293;353;364;401;381;801
1,2442,2520,1,0,0,12,3,118;497;154;143;67;287;278;353;349;370;381;786
1,2475,2556,1,1,0,13,3,85;464;121;110;34;254;245;353;316;364;348;753;895
1,2168,2221,1,0,0,19,3,6;71;95;73;91;32;215;79;91;257;392;771;428;417;309;561;552;755;623
1,2202,2269,1,1,0,17,3,37;61;39;57;181;45;57;223;358;737;394;383;307;527;518;721;589
1,2243,2307,1,1,0,17,1,20;16;140;4;16;182;317;696;353;342;266;486;477;680;548;605;580
1,2290,2378,1,0,0,13,2,93;135;270;649;306;295;219;439;430;633;501;558;533
1,2291,2507,1,0,0,13,6,92;134;269;604;305;294;218;438;429;632;500;557;532
1,2299,2375,1,0,0,13,2,84;126;261;604;297;286;210;430;421;624;492;441;524
1,2325,2576,1,0,0,13,8,58;100;235;604;271;260;184;404;395;598;466;441;498
1,2336,2419,1,1,0,13,4,47;89;224;603;260;249;173;393;384;353;455;441;487
1,2650,2864,1,1,1,14,5,288;79;22;273;141;198;173;578;705;735;631;539;936;513
1,2637,2688,1,0,0,13,3,302;92;22;286;154;211;186;591;705;748;644;539;949
1,2637,2703,1,0,0,13,4,295;92;22;286;154;211;186;591;705;748;644;539;949
1,2623,2919,1,1,0,13,8,316;106;22;300;168;225;200;605;705;762;658;759;963
1,2598,2685,1,0,0,12,2,341;131;22;325;193;250;225;630;713;787;674;784
1,2580,2648,1,0,0,14,3,359;16;5;149;22;343;211;268;243;648;713;805;674;802
1,2542,2616,1,1,0,14,3,18;397;21;43;187;22;352;249;306;281;686;713;843;739
0,2538,2600,1,1,0,14,0,22;401;21;47;191;22;352;253;310;285;690;713;847;743
1,2533,2606,1,0,0,14,3,22;406;63;52;196;22;352;258;315;290;695;713;852;748
1,2530,2585,1,1,0,13,3,30;409;66;55;199;22;352;261;318;293;698;713;855
1,2512,2579,1,0,1,12,4,48;427;84;73;217;22;353;279;336;311;704;713
1,2507,2748,1,1,0,13,7,53;432;89;78;2;222;213;353;284;341;316;704;713
1,2497,2747,1,1,0,13,9,57;442;99;88;12;232;223;353;294;351;326;704;717
1,2490,2714,1,0,1,13,7,57;449;106;95;19;239;230;353;301;358;333;704;880
1,2486,2564,1,0,0,13,3,74;453;110;99;23;243;234;353;305;362;337;704;884
1,2479,2541,1,0,0,13,3,81;460;117;106;30;250;241;353;312;364;344;704;891
0,2901,2964,1,1,0,13,0,35;22;327;469;406;380;481;540;260;678;728;722;762
1,2917,2985,1,1,0,13,1,22;6;311;453;406;364;465;540;246;662;728;722;746
1,2897,3151,1,0,1,13,11,35;26;331;473;406;384;485;540;260;682;811;722;766
0,2898,2973,1,0,0,13,0,35;25;330;472;406;383;484;540;260;681;728;722;765
1,2883,2952,1,1,0,13,2,52;40;345;487;406;390;499;540;260;696;825;836;780
1,2896,3107,1,1,0,13,7,35;27;332;474;406;385;486;540;260;683;812;823;767
1,2874,2925,1,1,0,11,2,65;49;354;496;406;407;508;540;260;701;834
1,2880,2959,1,0,0,11,1,52;43;348;490;406;401;502;540;260;699;828
1,2818,2905,1,0,0,12,3,121;105;30;5;410;552;406;454;519;768;325;701
1,2828,3079,1,1,0,11,7,111;95;20;400;542;406;453;519;758;260;701
1,2762,2971,1,0,1,12,4,177;161;29;86;61;466;608;406;454;519;824;401
1,2811,2888,1,1,0,12,5,128;112;37;12;417;559;406;454;519;775;325;768
1,2684,2918,1,0,0,14,4,255;45;22;239;81;164;99;544;686;701;454;539;902;479
1,2723,3011,1,1,0,13,6,216;6;200;68;125;99;505;647;662;454;519;863;440
1,2652,2721,1,1,0,14,1,287;77;22;271;139;196;171;576;705;733;454;539;934;511
1,2663,2738,1,0,0,14,2,276;66;22;260;81;185;160;565;705;722;454;539;923;500
1,3179,3266,1,1,0,21,5,49;191;206;102;203;407;400;529;540;484;455;613;512;578;644;474;457;464;438;526;702
1,3162,3388,1,1,0,22,13,66;208;223;119;220;424;1;417;546;557;501;460;630;529;595;661;491;474;481;627;543;719
1,3207,3439,1,0,1,21,14,21;163;178;74;175;379;372;501;512;456;427;585;484;550;616;446;429;427;438;498;674
1,3192,3275,1,0,0,21,1,36;178;193;89;190;394;387;516;527;471;442;600;499;565;631;461;444;451;438;513;689
1,3132,3218,1,0,0,21,5,96;238;253;149;250;454;31;447;576;587;531;460;660;559;625;691;521;504;511;657;573
1,3112,3181,1,0,0,20,3,116;258;273;169;270;474;51;467;596;607;551;522;680;579;645;704;541;524;531;677
1,3162,3237,1,0,0,22,3,66;208;223;119;220;424;1;417;546;557;501;460;630;529;595;661;491;474;481;438;543;719
1,3148,3227,1,0,0,21,5,80;222;237;133;234;431;15;431;560;571;515;460;644;543;609;675;505;488;495;641;557
1,3047,3274,1,0,1,19,12,181;323;338;234;335;539;116;532;661;672;616;587;730;644;710;776;606;589;596
0,3017,3070,1,0,0,16,0,211;353;368;264;365;540;146;562;691;702;630;617;730;674;740;806
1,3074,3135,1,0,0,19,5,154;296;311;207;308;512;89;485;634;645;589;560;718;617;683;704;579;562;569
1,3068,3150,1,0,0,19,5,160;302;317;213;314;518;95;511;640;651;595;566;724;623;689;704;585;568;575
1,2975,3184,1,0,1,13,8,253;395;406;306;407;540;188;604;728;722;688;659;817
1,2936,2995,1,0,0,13,5,3;292;434;406;345;446;540;227;643;728;722;727;698
0,3004,3076,1,0,0,16,0,224;366;381;277;378;540;159;575;704;715;630;630;730;687;753;819
1,2993,3082,1,0,0,16,2,235;377;392;288;389;540;170;586;715;722;670;641;730;698;764;830
1,3458,3544,1,0,0,20,2,128;121;250;261;205;176;334;233;299;365;168;178;185;331;247;308;258;169;608;321
1,3459,3511,1,0,0,20,3,127;120;249;260;204;175;333;232;298;364;168;177;184;330;246;308;258;169;561;320
1,3461,3732,1,0,0,20,8,125;118;247;258;154;173;331;230;296;362;168;175;182;328;244;308;258;169;561;318
1,3498,3550,1,1,0,20,2,88;81;210;221;154;136;294;193;259;325;155;138;145;291;207;308;258;169;561;214
1,3338,3389,1,0,0,19,3,32;47;44;248;241;370;381;233;296;454;353;419;485;168;291;305;438;367;308
1,3362,3426,1,1,0,20,5,8;23;20;224;217;346;357;233;265;430;329;395;461;168;274;281;427;343;308;525
1,3440,3675,1,0,0,18,14,146;139;268;279;223;194;352;251;317;383;168;196;203;349;265;308;447;303
1,3452,3714,1,0,0,18,11,134;127;256;267;211;182;340;239;305;371;168;184;191;337;253;308;258;291
1,3295,3355,1,0,0,19,5,75;90;87;291;284;413;424;233;339;497;396;462;528;168;341;347;438;410;586
1,3304,3380,1,0,0,19,2,66;81;78;282;275;404;415;233;330;488;387;453;518;168;332;339;438;401;577
1,3323,3407,1,1,0,19,4,47;62;59;263;256;385;396;233;311;469;368;434;500;168;291;320;438;382;558
1,3329,3595,1,0,1,19,13,39;56;53;257;250;379;390;233;305;463;362;428;494;168;291;314;438;376;552
1,3226,3295,1,0,0,21,3,2;144;159;55;156;360;353;482;493;333;408;566;465;531;597;427;410;417;438;479;655
1,3241,3310,1,0,0,20,1,129;144;40;141;345;338;467;478;333;393;550;450;516;582;412;395;402;438;464;640
1,3264,3514,1,1,0,20,10,106;121;17;118;322;315;444;455;333;370;528;427;493;559;389;372;347;438;441;617
1,3267,3352,1,1,0,20,2,103;118;14;115;319;312;441;452;333;367;525;424;490;556;168;369;347;438;438;614
1,199,273,1,0,0,10,1,169;415;64;659;448;671;465;564;734;849
1,153,214,1,0,0,10,1,215;415;42;40;110;705;494;717;465;598
1,145,224,1,0,0,10,1,223;415;50;48;118;713;502;725;465;598
1,142,195,1,1,0,10,1,226;415;53;51;121;716;505;728;465;621
1,126,404,1,0,0,10,4,242;1;415;68;67;137;732;521;744;692
1,77,140,1,1,0,8,1,291;50;415;68;108;186;781;570
1,74,160,1,1,0,8,2,294;53;415;121;108;189;784;573
1,73,133,1,0,0,8,1,295;54;415;122;120;190;785;574
1,383,440,1,1,0,9,1,265;475;262;472;435;380;550;665;894
1,365,419,1,0,0,10,2,3;283;493;282;472;453;383;568;683;912
1,358,428,1,0,0,10,2,10;290;500;289;472;460;405;575;690;919
1,328,382,1,0,0,10,2,40;320;530;319;477;465;417;605;720;949
1,326,414,1,1,0,10,2,42;322;532;321;477;465;437;607;722;951
1,317,404,1,1,0,10,2,51;330;541;330;553;465;446;616;731;960
0,309,359,1,0,0,10,0,59;330;549;338;561;465;454;624;739;968
1,308,363,1,0,0,10,2,60;340;550;339;562;465;455;625;740;969
0,55,111,1,0,0,7,0,313;72;415;140;124;208;803
0,68,130,1,0,0,7,0,300;59;415;127;124;195;790
1,29,109,1,1,0,7,2,339;98;417;166;164;234;829
1,29,100,1,0,0,7,1,339;98;415;166;164;234;829
1,3,72,1,0,0,8,1,21;365;124;645;192;9;190;260
1,28,306,1,0,0,7,2,340;99;620;167;165;235;830
1,1242,1331,1,0,0,7,1,21;224;135;265;388;907;569
0,1224,1294,1,0,0,7,0,21;224;153;283;406;907;587
1,1212,1269,1,0,0,7,1,21;239;165;295;418;907;599
1,1198,1258,1,0,0,6,1,21;283;179;309;432;907
1,1291,1362,1,0,0,8,2,190;86;216;339;875;520;705;643
0,1277,1363,1,0,0,8,0,0;204;100;230;353;875;534;719
1,1256,1326,1,1,0,7,1,21;224;121;251;374;886;555
1,1252,1313,1,1,0,7,1,21;224;125;255;378;907;559
1,1377,1433,1,0,0,12,2,104;0;127;253;797;434;619;557;595;834;886;459
1,1371,1427,1,0,0,12,2,110;6;127;259;803;440;625;563;601;868;892;465
1,1365,1425,1,1,0,11,2,116;12;128;265;809;446;631;569;607;874;898
1,1361,1413,1,0,1,9,1,120;16;146;269;813;450;635;573;611
1,1503,1567,1,0,0,15,1,4;127;671;298;493;431;469;736;760;333;738;756;697;880;744
1,1463,1522,1,1,0,15,2,18;44;167;711;298;533;471;509;776;800;373;765;796;737;920
1,1444,1514,1,1,0,15,4,37;63;186;730;367;552;490;528;795;819;392;765;815;756;939
1,1405,1483,1,0,0,13,3,76;102;225;769;406;591;529;567;816;858;431;836;854
1,987,1277,1,0,0,11,8,61;290;136;494;183;171;17;390;520;643;1187
1,1024,1275,1,0,0,10,7,24;253;99;457;146;152;353;483;606;1064
1,943,1016,1,0,0,10,2,105;334;180;538;207;171;61;434;564;687
1,960,1010,1,0,0,10,3,88;317;163;521;207;171;44;417;547;654
1,1067,1286,1,0,1,9,2,21;56;414;103;109;310;440;563;934
1,1076,1131,1,0,0,9,1,21;47;405;94;100;301;431;554;934
1,1032,1095,1,0,0,10,3,16;245;91;449;138;144;345;475;598;934
1,1058,1333,1,0,0,9,4,219;65;423;112;118;319;449;572;934
1,1092,1168,1,0,0,9,1,21;31;339;78;84;285;415;517;934
1,1103,1192,1,1,0,9,1,21;20;339;31;73;274;404;517;934
1,1080,1143,1,0,0,9,2,21;43;374;90;96;297;427;550;934
1,1091,1170,1,0,0,9,1,21;32;374;79;85;286;416;517;934
1,1167,1379,1,0,0,8,2,21;303;3;9;210;340;463;907
1,1184,1245,1,0,0,6,2,21;297;193;323;446;907
1,1139,1385,1,1,0,8,4,21;339;31;31;238;368;491;934
1,1146,1205,1,0,0,8,1,21;335;24;30;231;361;484;907
1,662,742,1,0,0,14,1,196;208;156;101;271;374;593;461;76;819;508;514;342;527
1,639,856,1,1,0,16,8,9;219;8;231;179;124;294;374;593;484;99;842;519;537;365;738
1,670,750,1,0,0,14,4,188;200;78;93;263;374;593;453;68;811;479;506;334;527
1,665,733,1,0,0,14,1,193;205;78;98;268;374;593;458;73;816;505;511;339;527
1,742,815,1,0,0,13,2,116;128;76;21;191;306;535;381;739;428;434;262;527
1,687,748,1,0,0,14,2,171;183;78;76;246;361;590;436;16;794;479;489;317;527
1,769,857,1,1,0,12,3,89;101;49;164;279;508;354;712;401;407;235;489
1,764,1040,1,0,0,12,9,94;106;54;169;284;513;359;717;406;412;240;527
1,777,828,1,1,0,12,1,81;93;41;156;271;500;338;704;393;399;227;489
1,776,845,1,1,0,12,2,82;94;42;157;272;501;347;705;394;400;228;489
1,799,852,1,1,0,12,1,59;71;19;134;249;478;324;682;371;377;205;489
1,799,868,1,0,0,12,3,59;71;19;134;249;478;324;682;347;377;205;489
1,885,964,1,0,0,11,2,48;163;392;238;596;285;291;119;484;590;745
1,858,1146,1,0,0,12,8,0;12;75;190;419;265;623;312;318;146;484;649
1,942,999,1,0,0,10,2,106;335;181;539;228;171;62;435;565;688
1,924,1008,1,0,0,11,3,9;124;353;199;557;246;252;80;453;583;706
1,385,439,1,0,0,9,2,263;473;262;452;433;378;548;663;892
1,397,447,1,0,0,10,1,251;461;250;452;421;358;536;651;880;726
1,400,678,1,1,0,10,8,248;458;247;452;418;358;533;648;877;686
1,433,522,1,1,0,11,1,215;425;214;437;385;330;500;615;844;545;305
1,520,574,1,0,0,12,3,128;338;127;350;298;243;413;528;757;545;218;961
1,524,608,1,1,0,12,2,124;334;123;346;294;239;409;524;753;541;214;957
1,553,635,1,0,0,13,3,95;305;94;317;265;210;376;495;724;541;185;928;617
1,564,645,1,0,0,13,2,84;294;83;306;254;199;369;484;713;541;174;917;553
1,577,627,1,0,0,13,3,71;281;70;293;241;186;356;471;700;541;161;890;553
1,577,644,1,0,0,13,4,71;281;70;293;241;186;356;471;700;528;161;890;553
1,579,651,1,1,0,13,2,69;279;68;291;239;184;354;469;698;517;159;890;553
1,592,643,1,0,0,14,1,56;266;55;278;226;171;341;456;685;517;146;869;553;584
1,597,657,1,0,0,14,1,51;261;50;266;221;166;336;451;680;517;141;869;553;579
1,609,688,1,1,0,15,5,39;249;38;261;209;154;324;439;668;514;129;869;553;567;395
1,618,677,1,0,0,15,2,30;240;29;252;200;145;315;374;659;505;120;863;552;558;386
1,637,714,1,0,0,16,2,11;221;10;233;181;126;296;374;640;486;101;844;519;539;367;740
1,14556,14636,1,0,0,8,3,108;241;266;357;146;539;610;638
1,14552,14627,1,0,0,8,2,112;245;266;361;150;543;621;642
1,14482,14571,1,0,0,11,2,182;315;40;43;5;266;431;220;613;691;712
0,14459,14511,1,0,0,11,0,205;338;63;66;28;266;454;243;636;714;735
1,14620,14671,1,0,0,10,2,30;177;219;293;82;475;553;574;659;695
1,14619,14675,1,0,0,9,1,45;178;220;294;83;476;554;575;659
1,14615,14901,1,0,0,9,8,49;182;224;298;87;480;558;579;821
1,14584,14635,1,0,0,9,1,80;213;255;324;118;511;589;610;852
1,14689,14744,1,0,0,10,2,108;150;224;13;406;484;505;659;420;245
1,14676,14925,1,0,1,10,5,121;163;237;26;419;497;518;659;448;258
1,14668,14885,1,0,0,10,4,129;171;245;34;427;505;526;659;647;266
1,14639,14708,1,0,0,11,2,25;158;200;274;63;456;534;555;659;676;295
1,14704,14949,1,1,0,9,3,93;135;209;389;469;403;659;401;230
1,14693,14945,1,0,1,10,4,104;146;220;8;389;480;403;659;420;241
1,14692,14751,1,1,0,10,1,105;147;221;10;389;481;502;659;420;242
1,14692,14932,1,0,0,10,5,105;147;221;8;389;481;502;659;420;242
0,14774,14833,1,1,0,9,0,23;65;139;321;399;403;659;401;13
0,14781,14863,1,1,0,9,0,16;58;132;314;392;403;655;401;13
1,14730,14939,1,1,0,9,3,67;109;183;365;443;403;659;401;24
0,14752,14807,1,0,0,9,0,45;87;161;343;421;403;659;401;13
1,14825,14878,1,1,0,8,1,14;88;270;348;369;611;401;13
1,14836,15125,1,0,0,8,4,3;77;259;337;358;599;401;13
0,14783,14859,1,0,0,9,0,14;56;130;312;390;403;653;401;13
0,14808,14886,1,1,0,8,0,31;105;287;365;386;628;401;13
1,14886,15161,1,1,0,13,9,27;209;69;308;550;401;13;264;647;531;833;630;420
1,14904,14993,1,1,0,13,3,9;191;69;290;532;401;13;264;629;513;573;612;402
1,14851,15132,1,1,1,8,6,62;244;103;343;585;401;13;481
1,14856,15117,1,0,0,9,3,57;239;103;338;580;401;13;264;677
0,15047,15114,1,1,0,15,0,48;69;147;389;268;264;446;370;571;469;259;966;933;366;487
1,15048,15334,1,1,0,15,8,47;69;146;388;267;264;446;369;571;468;258;965;932;365;486
1,14913,15121,1,0,1,13,7,0;182;69;277;523;401;13;264;620;504;573;603;393
1,15035,15110,1,1,0,15,1,60;69;159;401;280;264;498;382;571;481;271;978;945;378;499
1,13912,13998,1,0,0,17,4,238;500;63;335;518;514;354;570;450;397;807;610;484;401;613;575;487
1,13912,13978,1,1,0,17,1,238;500;63;332;518;514;354;570;450;397;807;610;484;401;613;575;487
1,13952,14004,1,1,0,18,5,198;460;23;295;478;474;314;570;410;357;807;570;444;361;573;512;447;887
1,13942,13993,1,0,0,17,5,208;470;33;305;488;484;324;570;420;367;807;580;454;371;583;545;457
1,13992,14046,1,0,0,17,4,158;420;255;438;434;274;570;370;317;805;530;205;321;533;495;398;847
1,13972,14263,1,1,0,18,13,178;440;3;275;458;454;294;570;390;337;807;550;424;341;553;512;398;867
1,14011,14075,1,1,0,17,5,139;401;236;419;408;255;570;351;298;786;511;205;302;486;476;388;828
1,14009,14095,1,0,0,17,5,141;403;238;421;417;257;570;353;300;788;513;205;304;486;478;390;830
1,14082,14144,1,0,0,17,4,68;330;165;348;344;184;428;280;227;715;440;205;231;443;405;317;757
1,14060,14310,1,0,0,17,11,90;352;187;370;366;206;570;302;249;737;462;205;253;465;427;339;779
1,14121,14208,1,0,0,18,2,29;291;126;309;305;145;428;241;188;676;401;205;192;404;366;278;642;792
1,14095,14339,1,0,0,17,9,55;317;152;335;331;171;428;267;201;702;427;205;218;430;392;304;744
1,14125,14204,1,0,0,18,4,25;276;122;305;301;141;428;237;184;657;397;205;188;400;362;274;642;788
1,14123,14197,1,1,0,18,4,27;289;124;307;303;143;428;239;186;657;399;205;190;402;364;276;642;790
1,14144,14202,1,1,0,19,4,6;268;103;286;282;122;428;218;165;653;378;205;169;381;343;255;642;769;558
0,14127,14211,1,1,0,18,0,23;276;120;303;299;139;428;235;182;657;395;205;186;398;360;258;642;786
1,14165,14218,1,0,0,19,4,247;82;265;261;101;428;197;144;632;357;205;148;360;322;234;642;748;537;930
1,14172,14261,1,0,0,19,6,240;75;258;254;94;428;190;137;625;350;205;141;353;315;227;642;741;530;923
1,14179,14260,1,1,0,19,2,233;68;251;247;87;428;183;130;618;343;205;134;346;308;220;642;734;523;844
1,14216,14276,1,1,0,19,6,196;31;214;210;50;428;146;93;581;306;180;97;309;271;183;623;697;486;844
1,14241,14299,1,0,0,19,5,171;6;189;185;25;423;121;68;556;281;155;72;284;246;158;598;672;461;844
1,14290,14348,1,0,0,17,5,122;140;136;374;72;19;507;232;106;23;235;197;109;549;623;412;805
1,14297,14380,1,0,0,17,5,115;133;123;367;65;12;500;225;99;16;228;190;102;542;616;405;798
1,14327,14618,1,0,1,15,8,85;103;99;337;35;470;195;69;198;160;72;512;586;375;768
1,14330,14615,1,0,0,15,6,82;100;96;334;32;467;192;66;195;157;69;509;473;372;765
1,14337,14407,1,0,0,16,3,75;93;89;327;25;460;185;59;188;150;62;283;473;365;758;836
1,14351,14421,1,0,0,16,5,61;79;75;313;11;446;171;45;174;136;48;266;473;351;744;822
1,14353,14415,1,0,0,16,5,59;77;66;311;9;444;169;43;172;134;46;266;473;349;742;820
1,14393,14482,1,0,0,15,3,19;37;33;271;404;129;3;132;94;6;266;473;309;702;780
1,14398,14472,1,1,0,14,3,14;32;28;266;399;124;127;83;1;266;473;304;697;775
1,14425,14480,1,0,0,13,3,5;1;239;372;97;100;62;266;473;277;670;748;769
1,14429,14516,1,0,0,12,2,1;235;368;93;96;58;266;473;273;666;724;765
1,13532,13750,1,0,1,14,6,114;207;81;15;82;205;309;241;513;880;443;715;898;894
1,13484,13535,1,0,0,13,3,162;47;255;129;58;130;253;24;346;289;513;928;491
1,13464,13547,1,1,0,12,3,182;67;275;149;83;150;273;24;346;309;513;948
0,13463,13529,1,0,0,12,0,183;68;276;150;84;151;274;24;346;310;513;949
1,13451,13533,1,0,0,12,1,195;80;288;162;96;163;286;24;354;322;513;961
0,13420,13500,1,0,0,12,0,226;111;319;193;127;194;317;24;354;353;513;984
1,13401,13638,1,0,0,12,5,245;130;338;212;146;213;336;24;354;372;749;984
1,13394,13448,1,1,0,12,2,252;137;345;219;153;220;343;24;354;379;756;1018
1,13651,13898,1,1,0,13,6,88;86;190;122;499;761;324;596;779;726;615;1013;711
1,13644,13863,1,0,0,14,5,2;95;93;197;129;506;768;331;603;786;726;622;1020;718
1,13635,13854,1,1,0,12,7,11;104;102;206;138;513;777;340;612;788;735;631
1,13602,13672,1,0,0,14,3,44;137;11;12;135;239;171;513;810;373;645;788;735;664
1,13582,13642,1,1,0,14,2,64;157;31;32;155;259;191;513;830;393;665;788;735;670
1,13572,13640,1,0,0,14,3,74;167;41;42;165;269;201;513;840;403;675;788;735;694
1,13570,13657,1,1,0,14,2,76;169;43;44;167;271;203;513;842;405;677;827;735;696
1,13540,13780,1,0,0,14,8,106;199;73;7;74;197;301;233;513;872;435;707;890;735
0,13772,13822,1,0,0,16,0,69;1;378;640;203;475;658;654;494;892;590;495;1025;750;624;541
1,13775,14012,1,0,0,15,10,66;375;637;200;472;655;651;491;889;587;495;1022;747;621;538
1,13747,13799,1,0,1,16,2,94;26;403;665;228;500;683;679;519;917;615;562;1050;775;649;566
1,13769,13831,1,1,0,16,3,72;4;381;643;206;478;661;657;497;895;593;540;1028;753;627;544
1,13683,13737,1,1,0,13,2,56;54;158;90;467;698;292;564;747;726;583;981;679
1,13728,13810,1,0,0,15,4,11;9;113;45;422;681;247;519;702;698;538;936;634;581;1069
1,13668,13733,1,0,0,13,3,71;69;173;97;482;744;307;579;762;726;598;996;694
1,13679,13764,1,0,0,13,2,60;58;162;94;471;733;296;568;751;726;587;985;683
1,13883,13953,1,0,0,17,4,267;529;92;364;547;543;383;718;479;426;807;639;513;430;642;604;516
1,13905,14170,1,0,0,17,14,245;507;70;342;525;521;361;718;457;404;807;617;491;408;620;582;494
1,13841,14135,1,0,0,17,13,0;309;571;134;406;589;585;412;823;521;468;807;681;555;436;684;646
1,13865,13928,1,0,0,17,3,285;547;110;382;565;561;401;718;497;444;807;657;531;436;660;622;534
1,13826,13886,1,0,0,16,1,15;324;586;149;421;604;600;440;838;536;483;807;696;570;436;699
1,13833,13904,1,0,0,16,1,8;317;579;142;414;597;593;428;831;529;476;807;689;563;436;692
1,13797,13849,1,0,0,15,3,44;353;615;178;450;633;629;469;867;565;495;807;725;599;516
1,13798,13878,1,0,0,15,4,43;352;606;177;449;632;628;468;866;564;495;807;724;598;515
1,13028,13114,1,0,0,11,3,87;316;238;80;141;345;618;503;711;585;519
1,13027,13101,1,0,0,11,2,88;317;274;81;142;346;619;504;712;586;520
1,13045,13130,1,1,0,11,2,70;299;238;63;124;328;601;477;694;568;502
1,13039,13098,1,0,0,11,2,70;305;238;69;130;334;607;492;700;574;508
1,12964,13039,1,0,0,13,2,15;1;151;31;380;299;144;205;409;682;526;775;622
1,12949,13017,1,1,0,13,2,30;16;166;46;395;343;159;220;424;697;526;790;622
1,12983,13037,1,0,0,11,1,116;12;361;299;125;186;390;663;526;756;622
1,12982,13043,1,0,0,11,3,133;13;362;299;126;187;391;664;526;757;622
1,13151,13227,1,0,0,11,2,193;120;18;222;495;380;588;462;396;384;586
1,13149,13215,1,0,0,10,2,195;152;20;224;497;382;590;464;398;384
1,13166,13401,1,0,0,11,5,178;120;3;207;479;365;573;447;381;384;571
1,13154,13205,1,0,0,11,2,190;120;15;219;492;373;585;459;393;384;583
1,13067,13139,1,1,0,12,2,48;277;234;41;102;306;579;454;672;546;480;547
1,13051,13120,1,1,0,11,2,64;293;238;57;118;322;595;457;688;562;496
1,13111,13383,1,0,1,11,7,4;233;190;58;262;535;420;628;502;436;503
1,13086,13136,1,0,0,12,2,29;258;215;22;83;287;560;445;653;527;461;528
1,13270,13333,1,0,0,12,1,74;31;103;376;261;469;343;240;344;412;259;571
0,13275,13350,1,0,0,13,0,12;26;98;371;256;464;338;240;339;412;254;566;498
1,13278,13516,1,0,0,14,8,12;23;95;368;253;461;335;240;336;412;251;563;495;872
1,13285,13362,1,0,0,14,3,12;16;88;361;246;454;328;240;329;412;244;354;488;865
1,13185,13250,1,1,0,11,2,159;116;188;461;346;554;428;240;384;552;344
1,13193,13432,1,0,1,11,7,151;108;180;453;338;546;398;240;384;544;336
1,13203,13287,1,0,0,11,1,141;98;170;443;328;536;398;240;384;412;326
1,13221,13276,1,0,0,11,2,97;80;152;425;310;518;392;240;384;412;308
0,13323,13405,1,0,0,13,0,12;50;323;208;416;290;188;291;412;206;354;435;774
0,13337,13408,1,1,0,13,0,7;36;309;194;402;276;188;277;400;192;354;435;774
1,13378,13658,1,0,0,11,8,268;153;361;235;169;236;359;151;354;395;772
1,13383,13451,1,0,0,12,3,263;148;356;230;164;231;354;24;354;390;767;1029
1,13287,13359,1,1,0,14,3,12;14;86;359;244;452;326;240;327;412;242;354;486;863
1,13294,13357,1,0,0,14,3,12;7;58;352;237;445;319;240;320;412;235;354;479;856
1,13314,13394,1,0,0,13,3,12;58;332;217;425;299;233;300;412;215;354;435;836
1,13316,13394,1,0,0,13,4,12;57;330;215;423;297;188;298;412;213;354;435;834
1,15222,15298,1,0,0,16,4,214;93;110;303;195;497;294;84;729;755;191;312;899;507;715;655
1,15232,15292,1,1,0,16,3,204;83;100;301;185;487;284;74;729;748;181;302;889;497;705;613
1,15233,15313,1,0,0,16,5,170;82;99;300;184;486;283;73;729;747;180;301;888;496;704;613
1,15272,15529,1,0,0,17,11,164;43;36;261;145;447;244;34;729;708;141;262;849;457;665;605;522
1,15201,15251,1,0,0,15,1,235;114;131;332;216;518;315;105;740;779;212;333;920;528;736
1,15203,15269,1,0,0,16,2,233;112;129;303;214;516;313;103;740;777;210;331;918;526;734;674
0,15213,15302,1,1,0,16,0,223;102;119;303;204;506;303;93;740;755;200;321;908;516;724;664
1,15218,15307,1,0,0,16,2,218;97;114;303;199;501;298;88;740;755;195;316;903;511;719;659
1,15104,15174,1,0,0,16,4,69;73;332;211;228;420;313;571;412;202;740;876;309;430;1017;625
0,15114,15185,1,1,0,16,0,59;73;309;201;218;419;303;571;402;192;740;866;299;420;1007;615
1,15117,15186,1,0,0,16,4,56;73;309;198;215;416;300;571;399;189;740;863;296;417;1004;612
1,15171,15244,1,0,0,16,3,2;23;265;144;161;362;246;548;345;135;740;809;242;363;950;558
1,15079,15158,1,1,0,16,6,16;69;115;357;236;253;446;338;571;437;227;740;901;334;455;1042
1,15083,15170,1,1,0,16,1,12;69;103;353;232;249;446;334;571;433;223;740;897;330;451;1038
1,15099,15184,1,1,0,16,4,69;95;337;216;233;420;318;571;417;207;740;881;314;435;1022;630
0,15102,15186,1,1,0,16,0,69;73;334;213;230;420;315;571;414;204;740;878;311;432;1019;627
1,15357,15431,1,0,0,16,2,79;176;60;362;159;656;623;56;177;764;254;580;520;301;663;473
0,15342,15431,1,1,0,16,0,94;191;75;377;174;671;638;71;192;779;387;595;535;301;714;488
1,15289,15580,1,0,0,18,9,147;26;36;244;128;430;227;17;724;691;124;245;832;440;648;568;505;767
1,15351,15650,1,0,0,16,6,85;182;66;368;165;662;629;62;183;770;378;586;526;301;663;479
1,15345,15430,1,1,0,16,5,91;188;72;374;171;668;635;68;189;776;384;592;532;301;711;485
1,11152,11232,1,0,0,11,3,84;69;91;134;147;104;33;105;250;294;187
1,11166,11252,1,0,0,11,4,70;69;77;120;134;90;19;91;236;280;187
1,11177,11252,1,0,0,12,1,59;69;66;109;115;79;8;80;225;269;187;395
1,11208,11293,1,0,0,12,1,28;69;35;78;115;48;49;194;238;126;364;561
1,11236,11312,1,0,0,12,3,0;46;7;50;99;20;21;166;210;126;336;533
1,11248,11533,1,0,0,10,5,34;38;79;8;9;154;198;126;324;521
1,11261,11537,1,0,0,9,1,5;25;74;141;185;126;311;508;628
1,11275,11554,1,0,0,9,2,5;11;60;127;171;126;297;430;614
1,11275,11333,1,0,0,9,3,5;11;60;127;171;126;297;430;337
0,11288,11372,1,1,0,7,0,47;114;133;126;284;430;337
1,11294,11375,1,1,0,7,1,41;108;133;126;278;430;337
1,11313,11398,1,0,0,7,4,22;89;133;126;259;425;337
1,11353,11431,1,1,0,8,2,49;93;101;219;416;337;764;542
0,11388,11454,1,0,0,8,0,14;58;66;184;381;337;729;507
0,11391,11451,1,0,0,8,0,11;55;63;181;378;337;726;504
1,11404,11493,1,0,0,7,1,42;50;168;365;337;713;491
1,10954,11212,1,0,0,12,7,282;328;247;332;381;118;302;231;303;445;492;500
1,10946,11032,1,0,0,12,2,290;336;297;340;389;126;310;239;311;445;500;508
1,10990,11214,1,0,1,12,8,246;292;247;296;345;82;266;195;267;412;456;330
0,10957,11018,1,0,0,12,0,279;325;247;329;378;115;299;228;300;445;489;330
1,11003,11085,1,0,0,12,1,221;69;240;283;332;69;253;182;254;399;443;330
1,11000,11076,1,0,0,12,1,236;69;243;286;335;72;256;185;257;402;446;330
1,11033,11105,1,0,0,12,1,203;69;210;253;302;39;223;152;224;369;413;330
1,11011,11064,1,1,0,12,1,221;69;232;263;324;61;245;174;246;391;435;330
0,11053,11128,1,0,0,12,0,183;69;190;233;282;19;201;132;204;349;393;299
1,11050,11139,1,1,0,12,1,186;69;193;236;285;22;201;135;207;352;396;330
1,11106,11165,1,1,0,11,3,130;69;137;180;229;150;79;151;296;340;192
1,11097,11330,1,1,0,11,2,139;69;146;189;238;159;88;160;305;349;299
1,11109,11174,1,1,0,11,1,127;69;134;177;208;147;76;110;293;337;192
1,11108,11164,1,1,0,11,1,128;69;135;178;208;148;77;149;294;338;192
1,11143,11232,1,1,0,11,3,93;69;100;143;192;113;42;110;259;303;187
0,11121,11172,1,1,0,11,0,115;69;122;165;208;135;64;110;281;325;187
1,10674,10745,1,0,0,13,3,125;194;108;64;538;544;569;444;661;35;398;582;511
1,10678,10735,1,1,0,13,2,71;190;104;60;538;544;565;444;657;31;394;578;507
1,10663,10944,1,0,0,14,7,6;136;205;119;75;538;544;580;623;672;46;409;593;522
1,10665,10731,1,1,0,14,3,4;134;203;117;73;538;544;578;444;670;44;407;591;520
0,10753,10835,1,1,0,13,0,46;115;29;457;487;490;444;582;319;503;432;504;649
1,10774,10845,1,0,0,13,1,25;94;8;457;487;469;444;561;298;482;411;483;628
1,10729,10785,1,0,0,14,3,70;139;53;9;507;487;514;444;606;343;527;456;528;673
1,10751,10807,1,0,0,13,1,48;117;31;485;487;492;444;584;321;505;434;506;651
1,10803,11043,1,0,0,11,7,58;433;479;440;427;532;223;453;382;454;599
1,10816,10880,1,0,0,11,1,52;420;466;427;427;519;223;440;369;441;445
1,10792,10854,1,1,0,12,1,7;76;444;487;451;427;543;280;464;393;465;610
1,10798,10862,1,0,0,12,2,1;58;438;484;445;427;537;274;458;387;459;604
1,10904,10968,1,0,0,12,1,332;378;339;382;431;168;352;281;353;445;506;550
1,10925,10997,1,0,0,12,4,311;357;318;361;410;147;331;260;332;445;506;529
1,10822,11063,1,0,0,12,9,46;414;460;421;427;513;223;434;363;434;445;624
1,10864,10943,1,0,0,12,3,4;372;418;379;422;471;208;392;321;393;445;524
1,10385,10446,1,2,0,13,1,152;51;49;236;5;184;284;414;483;397;353;724;897
1,10338,10604,1,0,1,14,7,165;98;96;283;25;7;52;231;331;461;530;444;392;726
1,10313,10537,1,1,0,16,6,19;1;165;123;121;303;32;25;77;256;346;465;555;469;392;759
1,10301,10524,1,1,0,16,1,29;13;165;135;133;303;32;25;89;268;346;472;567;481;392;759
1,10524,10583,1,0,0,14,3,13;97;45;145;275;344;258;214;702;758;719;762;811;185
1,10511,10569,1,0,0,13,3,26;110;58;158;288;357;271;227;724;771;732;775;824
1,10425,10499,1,1,0,12,1,112;11;9;196;144;244;368;443;357;313;724;857
1,10397,10486,1,1,0,12,1,140;39;37;224;172;272;400;471;385;341;724;885
1,10577,10795,1,0,0,13,5,44;92;222;291;205;161;659;544;666;709;758;132;495
1,10577,10642,1,0,0,13,1,44;92;222;291;205;161;659;544;666;709;680;132;495
1,10558,10830,1,0,1,14,8,63;11;111;241;310;224;180;678;645;685;728;777;151;514
1,10541,10818,1,0,0,14,9,80;28;128;258;327;241;197;695;741;702;745;794;168;531
1,10655,10710,1,1,0,14,2,14;144;213;127;83;552;544;588;631;679;54;417;601;530
1,10634,10719,1,1,0,14,3,35;165;234;148;104;602;544;609;652;679;75;438;622;551
1,10613,10671,1,1,0,14,1,8;56;174;255;169;125;623;544;630;673;680;96;459;643
1,10590,10665,1,0,1,13,3,31;79;174;278;192;148;646;544;653;696;680;119;482
1,10233,10290,1,0,0,16,2,99;65;81;165;203;201;303;130;112;157;301;396;566;635;549;421
1,10249,10546,1,1,0,16,8,83;49;65;165;187;185;303;114;96;141;301;396;550;619;533;421
1,10252,10341,1,1,0,16,2,80;46;62;165;184;182;303;111;93;138;301;396;547;616;530;392
1,10263,10338,1,1,0,16,5,69;35;51;165;173;171;303;100;82;127;301;396;536;605;519;392
1,10166,10233,1,1,1,16,2,166;132;148;371;270;268;303;197;179;224;342;396;633;702;616;421
1,10173,10378,1,1,0,16,5,159;125;141;364;263;261;303;190;172;217;342;396;626;695;609;421
1,10198,10260,1,1,0,16,3,134;100;116;165;238;236;303;165;147;192;342;396;601;670;584;421
1,10209,10265,1,2,0,16,2,123;89;105;165;227;225;303;154;136;181;301;396;590;659;573;421
1,10292,10363,1,1,0,17,5,40;4;22;165;144;142;303;71;53;98;277;346;472;576;490;392;944
1,10295,10368,1,1,0,17,2,29;3;19;165;141;139;303;68;50;95;274;346;472;573;487;392;941
1,10296,10352,1,0,0,17,2,29;2;18;165;140;138;303;67;25;94;273;346;472;572;486;392;940
1,10299,10584,1,1,0,16,7,29;15;165;137;135;303;32;25;91;270;346;472;569;483;392;937
1,10273,10327,1,1,0,16,1,59;25;41;165;163;161;303;90;72;117;296;396;526;595;509;392
1,10279,10338,1,1,0,16,2,53;19;26;165;157;155;303;84;66;111;290;390;520;589;503;392
1,10281,10334,1,0,0,16,2,51;17;26;165;155;153;303;82;64;109;288;346;518;587;501;392
1,10284,10345,1,1,0,17,1,48;4;26;165;152;150;303;79;61;106;285;346;515;584;498;392;952
1,10032,10115,1,1,0,15,3,300;266;93;282;505;404;402;410;331;313;358;342;424;767;836
1,10019,10277,1,0,1,15,7,313;279;93;295;518;417;415;410;344;326;371;550;424;780;849
1,10042,10110,1,1,0,16,2,290;256;93;272;495;394;389;410;321;303;348;342;424;757;806;740
1,10039,10111,1,1,0,16,2,293;259;93;275;498;397;395;410;324;306;351;342;424;760;806;743
1,9986,10065,1,0,0,15,2,346;312;158;328;551;450;448;410;352;359;404;583;424;813;882
1,9977,10224,1,0,1,15,8,3;355;321;167;337;560;459;457;629;352;368;413;592;424;822
1,10014,10251,1,1,0,15,9,318;281;130;300;523;422;420;410;349;331;376;555;424;785;854
1,10006,10077,1,0,0,15,2,326;282;138;308;531;430;428;410;352;339;384;563;424;793;862
1,10130,10378,1,1,0,17,11,202;168;14;184;407;306;304;303;233;215;260;342;414;669;738;652;608
1,10130,10187,1,0,0,17,3,202;168;14;184;407;306;304;303;233;215;260;342;414;669;738;652;421
1,10152,10238,1,1,0,16,3,180;146;162;385;284;282;303;211;193;238;342;414;647;716;630;421
1,10152,10445,1,2,0,16,11,180;146;162;385;284;282;303;211;193;238;342;407;647;716;630;421
1,10067,10307,1,1,0,16,9,265;231;77;247;470;338;367;410;296;278;323;342;424;732;801;715
1,10055,10105,1,1,0,16,3,277;243;89;259;482;381;379;410;306;290;335;342;424;744;806;727
1,10105,10177,1,1,0,16,2,227;193;39;209;432;331;329;303;258;240;285;342;414;694;763;677
1,10097,10320,1,1,0,16,8,235;201;47;217;440;338;337;410;266;248;293;342;414;702;771;685
1,9832,9904,1,1,0,11,1,148;500;466;312;482;705;604;551;689;389;513
1,9851,9928,1,0,0,11,1,129;481;447;293;463;686;585;551;689;389;494
1,9821,10080,1,1,0,11,7,159;511;477;323;493;716;615;566;800;389;524
1,9826,10058,1,0,0,11,7,154;506;472;318;488;711;610;566;689;389;519
1,9803,9888,1,0,0,14,2,10;13;177;529;1;495;341;511;722;633;587;818;560;542
1,9807,10071,1,1,0,13,7,6;9;173;525;491;337;507;722;629;566;814;556;538
1,9781,9864,1,0,0,13,1,32;35;199;551;23;517;363;533;722;655;653;840;582
1,9797,9871,1,0,0,14,2,16;19;183;535;7;501;344;517;722;639;637;824;566;548
1,9949,10037,1,1,0,12,2,31;383;349;195;365;588;487;485;629;352;375;441
1,9975,10262,1,1,1,15,13,5;357;323;169;339;562;461;459;629;352;370;415;594;694;824
1,9922,9977,1,0,0,12,2,58;410;376;222;392;615;514;512;629;383;423;468
1,9928,10014,1,0,0,12,2,52;404;370;216;386;609;508;506;629;383;375;462
1,9907,9987,1,1,0,12,2,73;425;391;237;407;630;529;527;689;389;438;483
1,9908,9971,1,0,1,12,4,72;424;390;236;406;629;528;526;689;383;437;482
1,9869,9921,1,1,0,12,2,111;463;429;260;445;668;567;551;689;389;476;521
1,9896,9950,1,1,0,12,2,84;436;402;248;418;641;540;538;689;389;449;494
1,9522,9780,1,0,0,13,5,25;71;107;255;115;9;87;291;249;458;723;108;776
1,9518,9584,1,0,0,13,1,29;75;111;259;119;13;91;295;285;462;723;108;780
1,9493,9572,1,1,0,12,3,54;100;136;284;144;38;116;320;285;487;723;108
1,9469,9737,1,1,0,13,4,78;124;8;160;308;168;62;140;330;285;511;723;335
1,9461,9529,1,0,0,12,3,86;132;16;168;316;176;70;148;352;285;519;723
0,9453,9513,1,1,0,12,0,94;140;24;176;324;184;78;150;360;285;527;723
1,9435,9491,1,0,0,13,4,112;158;42;9;194;342;199;96;174;378;285;545;723
1,9413,9472,1,0,0,13,4,134;180;64;31;216;362;199;118;196;400;285;567;723
1,9742,9796,1,0,0,11,2,35;63;74;238;590;62;556;402;572;722;694
1,9734,9963,1,0,0,11,5,43;63;82;246;598;70;564;410;580;803;702
1,9721,9777,1,0,0,10,2,56;92;95;259;611;83;577;423;593;816
1,9697,9754,1,0,0,9,2,80;116;119;283;635;107;601;441;617
1,9671,9726,1,0,0,9,2,106;142;145;309;661;108;623;441;643
1,9594,9811,1,0,0,11,4,35;183;43;15;219;222;386;723;108;623;550
1,9559,9623,1,0,1,12,1,34;70;218;78;50;254;249;421;723;108;623;585
1,9539,9606,1,0,0,12,1,8;54;90;238;98;70;274;249;441;723;108;623
0,12858,12928,1,1,0,11,0,121;107;257;137;486;380;250;311;456;788;526
1,12820,12878,1,1,0,12,4,26;159;145;295;145;523;380;288;349;456;826;526
1,12864,12944,1,1,0,11,1,115;101;251;131;480;380;244;305;456;782;526
0,12860,12935,1,0,0,11,0,119;105;255;135;484;380;248;309;456;786;526
1,12894,13174,1,0,0,13,4,85;71;221;101;450;376;214;275;456;752;526;800;719
1,12879,12954,1,0,0,12,2,100;86;236;116;465;376;229;290;456;767;526;860
1,12944,13161,1,0,0,13,6,35;21;171;51;400;357;164;225;429;702;526;795;622
1,12904,12990,1,1,0,13,1,75;61;211;91;440;376;204;265;456;742;526;800;622
1,12753,12826,1,0,1,13,4,41;93;23;226;40;212;321;242;591;380;355;408;620
1,12752,13037,1,0,0,13,8,42;94;24;227;41;213;321;243;592;438;356;408;621
1,12772,12990,1,0,0,14,5,22;74;4;207;21;193;314;223;572;380;336;397;456;874
1,12758,13057,1,1,0,14,10,36;88;18;221;35;207;314;237;586;380;350;408;615;888
0,12794,12863,1,0,0,12,0,0;52;185;171;314;145;550;380;314;375;456;852
0,12788,12854,1,0,0,13,0,6;58;191;5;177;314;145;556;380;320;381;456;858
1,12812,13041,1,1,0,12,3,34;167;153;303;145;523;380;296;357;456;834;719
1,12805,12868,1,1,0,12,4,41;174;160;310;145;539;380;303;364;456;841;726
1,12639,12710,1,0,0,15,1,45;155;207;137;3;291;154;310;5;321;338;705;662;469;530
1,12639,12714,1,0,0,15,1,45;155;207;137;3;291;154;291;5;321;338;705;662;469;530
1,12696,12773,1,0,0,12,4,98;150;80;283;97;269;321;299;648;605;412;473
1,12705,12778,1,0,0,12,1,89;141;71;274;88;260;321;290;639;596;403;408
0,12714,12797,1,0,0,12,0,80;132;62;265;79;243;321;281;630;587;394;408
1,12716,12941,1,0,1,12,6,78;130;60;263;77;243;321;279;628;585;392;408
0,12729,12811,1,1,0,12,0,65;117;47;250;64;236;321;266;615;438;379;408
0,12742,12825,1,0,0,12,0,52;104;34;237;51;223;321;253;602;438;366;408
1,12546,12627,1,1,0,12,5,138;248;300;230;96;433;247;419;98;569;338;747
1,12549,12631,1,0,0,12,1,135;245;297;227;93;430;244;416;93;566;338;747
1,12580,12669,1,0,0,12,5,104;214;266;196;62;399;213;385;64;535;338;747
1,12600,12675,1,0,0,13,2,84;194;246;176;42;379;193;365;44;515;338;744;701
1,12612,12684,1,0,0,14,1,72;182;234;164;30;367;181;353;32;503;338;732;689;496
1,12613,12690,1,0,0,14,1,71;181;233;163;29;366;180;340;31;502;338;731;688;495
1,12626,12842,1,0,0,14,6,58;168;220;150;16;291;167;339;18;489;338;718;675;482
1,12628,12716,1,1,0,14,1,56;166;218;148;14;291;165;337;16;321;338;716;673;480
1,12447,12695,1,1,0,13,8,237;347;399;329;195;82;473;346;501;141;668;548;897
1,12437,12504,1,0,0,13,1,247;357;409;339;205;92;473;356;528;141;678;558;907
1,12400,12456,1,1,0,13,2,284;394;0;446;376;242;121;473;393;563;141;715;595
1,12395,12450,1,0,0,13,1,289;399;5;451;381;247;121;473;398;570;141;720;600
1,12519,12607,1,0,0,13,2,165;275;327;257;123;10;460;274;446;125;596;338;747
1,12491,12559,1,0,0,13,2,193;303;355;285;151;38;473;302;474;141;624;338;747
1,12486,12746,1,1,1,13,7,198;308;360;290;156;43;473;307;479;141;629;338;858
1,12452,12697,1,0,0,13,11,232;342;394;324;169;77;473;341;501;141;663;543;892
1,12356,12639,1,0,0,11,9,328;438;44;490;420;286;173;473;414;609;288
1,12337,12423,1,0,0,11,2,347;457;63;509;439;305;192;473;414;628;307
1,12327,12599,1,1,0,11,8,357;467;73;519;440;315;202;499;414;638;317
1,12308,12370,1,1,0,11,1,364;484;92;538;440;334;215;499;414;657;336
1,12375,12439,1,1,0,13,1,309;419;25;471;386;267;139;473;414;590;141;740;620
1,12367,12436,1,0,0,12,1,317;427;33;479;386;275;162;473;414;598;141;748
1,12364,12417,1,1,0,12,2,320;430;36;482;396;278;165;473;414;601;141;751
1,12359,12441,1,0,0,11,2,325;435;41;487;417;283;170;473;414;606;141
1,12280,12357,1,0,0,10,2,404;514;120;566;496;362;249;499;436;663
0,12290,12341,1,1,0,10,0,394;504;110;556;440;352;239;499;436;663
0,12280,12367,1,1,0,10,0,404;514;120;566;440;362;249;499;436;663
1,12280,12359,1,1,0,10,1,404;514;120;566;440;362;249;499;436;663
1,12296,12362,1,1,0,10,4,388;498;104;550;440;346;215;499;414;663
1,12301,12362,1,0,0,10,1,364;493;99;545;440;341;215;499;414;663
1,12291,12367,1,0,0,10,5,393;503;109;555;440;351;238;499;436;663
1,12292,12359,1,0,0,10,1,392;502;108;554;440;350;237;499;414;663
1,12222,12302,1,1,0,12,5,55;3;462;572;178;624;554;370;307;757;571;743
1,12224,12486,1,0,0,12,7,53;1;460;570;159;622;552;370;305;755;569;741
1,12181,12236,1,0,0,12,4,96;44;32;503;613;219;665;595;370;307;798;612
0,12208,12278,1,0,0,12,0,69;17;5;476;586;192;638;568;370;307;771;585
1,12261,12476,1,0,0,11,3,16;423;533;139;585;515;370;268;718;436;704
1,12276,12542,1,0,0,11,8,1;408;518;124;570;500;366;253;703;436;663
1,12237,12288,1,1,0,11,1,40;447;557;159;609;539;370;292;742;436;728
0,12253,12333,1,0,0,11,0,24;431;538;147;593;523;370;276;726;436;712
1,12141,12213,1,1,1,12,4,136;84;68;543;653;259;705;635;370;307;838;652
1,12140,12217,1,1,0,12,1,137;85;73;544;654;260;706;636;370;307;839;653
1,12164,12234,1,0,0,12,4,113;61;49;512;630;236;682;612;370;307;815;629
1,12159,12230,1,1,0,12,4,118;66;54;525;635;241;687;617;370;307;820;634
1,12112,12167,1,1,0,13,1,5;165;113;24;96;572;682;288;734;664;370;317;867
1,12102,12370,1,0,0,13,6,15;175;123;34;96;582;692;298;744;674;370;320;877
1,12128,12185,1,0,0,13,1,149;97;8;83;556;666;272;718;648;370;312;851;665
1,12115,12315,1,1,1,13,2,2;162;110;21;83;569;679;285;731;661;370;317;864
1,12086,12138,1,0,0,13,1,31;191;139;50;127;598;708;314;760;690;403;443;893
1,12058,12139,1,1,0,12,4,59;219;167;78;155;626;736;342;788;718;403;471
1,12088,12324,1,1,0,13,7,29;189;137;48;96;596;706;312;758;688;403;320;891
1,12086,12297,1,0,0,13,4,31;191;139;50;96;598;708;314;760;690;403;443;893
1,12015,12259,1,0,0,12,9,102;262;210;100;198;669;779;385;831;761;627;488
1,11988,12062,1,1,0,12,2,129;265;226;100;225;696;786;412;858;788;654;541
1,12037,12097,1,0,1,12,2,80;240;188;99;162;647;757;363;809;739;403;488
1,12021,12078,1,0,0,12,1,96;256;204;100;192;663;773;379;825;755;403;488
1,11939,12023,1,1,0,8,2,178;338;286;112;255;720;786;461
1,11946,12031,1,1,0,8,1,171;331;279;100;255;720;786;454
1,11956,12013,1,2,0,9,1,161;321;234;100;255;720;786;444;890
1,11978,12058,1,2,0,12,4,139;299;226;100;235;706;786;422;868;798;664;551
1,11877,11929,1,1,0,10,2,12;239;18;400;348;129;296;724;786;503
1,11886,11971,1,1,0,10,1,3;231;9;391;339;129;296;724;786;503
1,11890,12112,1,1,0,9,3,227;5;387;335;129;255;724;786;503
1,11925,12162,1,2,0,8,4,192;352;300;112;255;724;786;475
1,11845,12049,1,0,0,10,2,44;239;50;432;380;197;348;724;786;555
1,11845,11898,1,0,0,10,3,44;239;50;432;380;145;348;724;786;555
1,11863,12101,1,0,1,10,3,26;239;32;414;362;145;348;724;786;503
1,11869,11941,1,1,0,10,1,20;239;26;408;356;129;344;724;786;503
0,11774,11857,1,1,0,8,0,115;239;102;503;451;197;348;724
1,11776,12046,1,0,0,8,2,113;239;102;501;449;197;348;724
1,11794,12009,1,1,0,9,2,95;239;101;483;416;197;348;724;1000
0,11828,11896,1,0,0,9,0,61;239;67;449;397;197;348;724;786
1,11773,11852,1,0,0,8,2,116;239;122;504;452;197;348;724
1,11771,11986,1,0,0,8,3,118;240;122;506;454;197;348;724
1,11749,11837,1,0,0,9,2,20;140;240;146;528;468;197;348;724
1,11743,12003,1,0,0,9,3,26;146;240;152;534;482;197;348;724
1,11735,11992,1,1,0,9,4,34;154;240;160;542;490;401;348;724
0,11720,11802,1,0,0,9,0,46;169;240;175;557;505;416;348;724
1,11719,12016,1,0,0,9,6,46;170;240;176;558;506;417;348;906
1,11718,11932,1,0,0,9,4,46;171;240;177;559;507;418;495;906
1,11706,11963,1,0,0,9,5,46;178;411;189;571;519;430;507;906
0,11702,11770,1,1,0,9,0,46;178;415;193;575;523;434;511;906
1,11692,11766,1,0,0,9,2,46;197;425;203;585;533;444;521;906
1,11690,11777,1,0,0,9,2,79;199;427;205;587;535;446;523;906
1,11689,11928,1,1,0,9,7,80;200;428;206;588;536;447;524;995
1,11660,11721,1,1,0,8,3,109;206;457;235;617;565;476;553
1,11660,11745,1,0,0,8,2,109;206;457;208;617;565;476;553
1,11654,11731,1,0,0,8,2,115;235;463;241;623;571;482;559
1,11622,11679,1,1,0,8,2,147;267;495;273;655;598;514;579
0,11651,11732,1,0,0,8,0,118;238;466;244;626;574;485;562
0,11576,11631,1,1,0,8,0,193;313;541;319;701;626;560;579
1,11612,11662,1,0,0,8,1,157;277;505;283;665;613;524;579
1,11550,11617,1,0,0,9,2,22;199;337;567;345;727;636;586;579
1,11555,11613,1,1,0,9,1,17;199;315;562;340;722;636;581;579
1,11543,11780,1,0,1,9,4,29;226;337;574;352;734;636;593;670
1,11549,11626,1,1,0,9,2,23;220;337;568;346;728;636;587;579
0,11493,11571,1,0,0,7,0,79;258;337;624;387;784;645
1,11539,11756,1,0,0,9,4,33;230;337;578;356;738;645;597;674
1,11466,11555,1,0,0,7,2,106;303;337;651;429;811;645
1,11486,11556,1,0,0,7,1,86;283;337;631;387;791;645
1,11457,11692,1,0,0,7,4,115;312;337;660;438;820;768
0,11463,11539,1,1,0,7,0,109;306;337;654;432;814;645
0,11435,11495,1,0,0,8,0,11;19;137;334;337;682;460;842
0,11454,11512,1,0,0,8,0,0;118;315;337;663;441;823;771
259
11964,12776,133.83,9
11967,12642,284.70,8
11839,12400,72.21,10
11955,12846,2.53,11
12123,12793,155.02,10
12217,12965,160.52,9
11967,12529,262.05,10
12085,12979,319.01,8
12369,12995,283.62,10
12406,13344,263.76,9
12304,12644,169.56,10
12360,13115,237.90,8
12639,13169,75.48,10
12748,13373,201.05,11
12597,13301,348.63,11
12605,13108,0.00,8
12884,13613,127.94,8
12870,13739,68.73,11
12803,13531,239.93,10
12758,13646,32.40,11
13175,13529,127.21,9
13150,13737,142.55,10
13067,13614,149.61,11
13014,13547,212.71,9
13381,14412,121.28,8
13277,14150,298.99,11
13271,13773,70.43,10
13259,13841,217.25,11
13529,14426,218.79,9
13488,14430,119.53,9
13486,14247,3.83,11
13467,13975,9.76,10
13541,14266,83.11,10
13638,14664,454.25,9
13638,14362,20.63,11
13707,14309,72.84,8
13708,14797,258.66,11
13729,14522,0.00,10
13739,14396,219.70,8
13742,14313,79.34,9
13808,14525,69.19,11
13841,14487,45.81,10
13859,14399,77.74,11
13946,14839,346.21,9
14105,14913,147.02,8
14128,14702,53.65,11
14156,15095,157.12,9
14337,15173,310.10,10
14570,15436,254.24,8
14419,15194,147.60,10
14622,14934,217.81,8
14620,15315,246.51,8
14853,15533,160.70,8
14849,15332,280.30,10
14861,15417,0.00,10
14861,15719,262.73,11
14876,15306,0.00,11
14872,15516,0.00,9
14962,15980,28.90,10
14945,16013,236.90,8
15030,15534,0.00,9
15021,15413,0.00,8
15092,15729,124.07,11
15079,16121,0.00,11
15260,15794,204.33,9
8114,8842,393.11,8
15280,16056,48.39,11
8173,9035,362.61,11
15182,15937,0.00,8
8059,8847,188.47,8
15202,15877,80.10,9
8074,8720,89.10,9
7937,8526,0.00,11
7969,8780,156.89,9
15331,15830,0.00,10
7853,8545,269.77,11
7902,8553,228.64,10
8767,9149,0.00,9
8845,9777,160.50,10
8748,9444,228.99,10
8766,9629,468.12,9
8689,9593,140.85,10
8720,9477,245.07,10
8332,9118,155.90,11
8475,9547,172.43,8
9468,9804,227.80,10
9404,10332,211.59,11
9227,9980,129.22,9
9143,9816,336.18,10
9136,9813,169.78,10
9062,9609,171.97,11
8923,9531,44.61,10
8866,9637,159.61,10
9771,10363,255.81,9
9756,10621,497.66,11
9749,10434,129.62,8
9723,10436,51.22,11
9709,10537,281.26,10
9608,10314,15.62,10
9555,10144,208.34,11
9511,10298,207.41,11
9967,10799,218.47,10
9985,10868,51.00,11
10038,10782,0.00,11
10117,10738,216.57,11
9785,10345,74.19,11
9861,10390,0.00,8
9957,10569,249.15,11
9958,10669,356.49,11
10476,11335,209.40,10
10524,10709,0.00,10
10533,11072,51.38,11
10592,11256,22.40,9
10284,11236,359.45,10
10347,11282,507.53,9
10458,11243,50.44,9
10472,11286,221.91,10
11168,11572,0.00,10
10876,11454,374.47,8
11254,11889,372.96,8
11188,11769,219.12,9
10687,11257,47.10,10
10634,11185,0.00,9
10821,11446,178.83,10
10715,11402,154.87,11
11498,12136,312.10,9
11498,12213,409.20,8
11781,12794,257.86,8
11672,12684,322.60,8
11353,11895,114.00,9
11328,12117,172.21,8
11439,12225,259.92,9
11432,12277,49.36,8
3359,3887,201.39,8
3158,3881,244.24,11
3122,3705,0.00,11
3098,3789,189.09,9
3505,4059,14.48,11
3455,3779,126.61,10
3453,4066,57.35,11
3379,3743,134.27,8
2993,3757,0.00,8
2976,3691,49.90,11
2962,3792,117.83,11
2933,3634,93.69,10
3043,3643,79.61,10
3037,3636,41.40,11
3027,3653,221.36,9
2993,3823,156.48,8
4745,5841,384.27,10
4753,5533,207.08,9
4359,5056,357.16,11
4711,5478,188.33,10
4952,5630,206.23,9
4975,5888,0.00,10
4782,5446,155.18,8
4803,5596,231.63,8
3597,4243,55.08,9
3637,4065,277.44,10
3570,4214,338.48,8
3588,4156,293.96,10
3965,4607,113.85,10
4097,4830,385.97,10
3690,4215,115.56,10
3947,4729,374.13,11
5841,6673,463.46,11
5805,6582,140.49,10
6007,6817,243.08,9
5910,6671,363.28,9
6241,7016,190.40,10
6022,6696,162.45,9
6374,7366,184.01,10
6352,7021,227.20,11
5328,5997,303.77,9
5005,5638,211.20,8
5403,6405,257.10,8
5397,6197,124.85,11
5555,6184,207.71,11
5470,6124,153.40,8
5718,6114,190.88,10
5567,6352,309.33,11
7072,7719,172.58,10
7087,7814,176.77,8
7124,7897,572.61,10
7497,8170,184.20,8
7520,8178,208.24,9
7541,8071,253.03,9
7733,8657,215.95,9
7752,8447,305.67,10
6467,7146,70.76,10
6487,6999,85.35,10
6564,7065,199.78,10
6676,7348,150.45,11
6702,7328,117.80,9
6864,7661,110.27,8
6887,7745,314.25,10
6925,7201,96.26,9
185,933,142.02,11
132,763,87.32,9
120,870,119.42,10
120,818,317.55,10
70,647,46.29,10
13,858,35.09,9
0,24,0.00,0
0,368,0.00,8
0,127,22.57,1
0,648,215.66,7
0,195,53.30,3
0,12,0.00,0
0,193,53.10,3
0,263,0.00,3
1289,1934,72.32,11
1333,1972,33.81,10
1200,1811,79.48,8
1257,1996,0.00,11
871,1630,76.03,8
976,2174,369.79,8
628,1377,254.11,8
805,1507,127.72,9
586,1176,123.89,9
607,1004,0.00,11
443,1481,221.83,10
540,1170,217.41,10
396,1123,218.15,11
416,738,52.58,10
195,1048,67.58,11
292,1277,246.17,11
1817,2585,0.00,11
1763,2596,249.05,10
1969,2729,139.46,9
1833,2509,300.67,8
1683,2425,0.00,10
1547,2259,231.39,10
1730,2939,225.75,11
1727,2560,230.95,11
1429,2200,0.00,8
1404,2259,74.89,9
1497,2247,161.21,9
1432,2383,355.48,10
1363,2263,175.53,8
1362,2239,121.01,8
1392,2241,202.15,10
1371,1836,0.00,9
2807,3579,94.13,9
2842,3708,89.86,11
2881,3719,101.54,8
2882,3663,389.66,11
2531,3281,254.68,11
2554,3382,252.02,8
2617,3586,242.05,11
2646,3163,141.66,11
2232,2823,108.69,9
2381,3228,49.87,9
2458,3370,184.08,9
2520,3385,256.41,10
2128,2720,191.94,10
2135,2923,246.50,11
2142,2791,58.59,10
2215,2848,210.86,9
