1003
1,3606,3686,1,0,0,22,2,80;113;57;28;186;85;151;217;47;30;37;183;99;275;281;137;460;173;453;608;550;637
1,3578,3857,1,0,0,22,13,8;1;108;141;85;56;214;113;179;245;48;58;65;211;127;303;309;165;488;201;481;636
1,3613,3664,1,0,0,22,4,80;106;50;21;179;36;144;210;40;23;30;176;92;268;274;94;453;166;446;601;543;630
1,3609,3681,1,0,0,22,2,80;110;54;25;183;36;148;214;44;27;34;180;96;272;278;134;457;170;450;605;547;634
1,3518,3603,1,0,0,21,3,68;61;190;201;145;116;274;173;239;305;135;118;125;240;187;363;369;225;548;261;541
1,3498,3550,1,0,0,20,1,88;81;209;221;165;136;294;193;259;325;155;138;145;291;207;383;389;245;568;281
1,3571,3630,1,1,0,22,1,15;8;108;148;92;63;221;120;186;252;82;65;72;218;134;310;316;172;495;208;488;643
1,3524,3612,1,1,0,21,4,62;55;184;195;139;110;250;167;233;299;129;112;119;240;181;357;363;219;542;255;535
1,3458,3544,1,0,0,20,2,96;121;250;261;205;176;334;233;299;365;195;178;185;331;247;423;429;285;608;321
1,3452,3714,1,0,0,18,11,102;127;253;267;211;182;340;239;305;371;201;184;191;337;253;429;435;291
1,3461,3732,1,1,0,20,13,96;117;209;258;202;173;331;230;296;362;192;175;182;328;244;420;426;282;605;318
1,3459,3511,1,0,0,20,2,96;117;249;260;204;175;333;232;298;364;194;177;184;330;246;422;428;284;607;320
1,3338,3389,1,1,0,19,2,32;47;44;102;236;354;381;325;296;445;353;384;485;315;298;305;451;367;543
1,3329,3595,1,0,0,19,13,41;56;53;102;236;373;390;334;305;445;362;384;494;324;307;314;460;376;552
1,3440,3675,1,0,0,18,12,102;139;268;279;223;194;352;251;317;383;213;196;203;349;265;441;447;303
1,3362,3426,1,0,0,20,3,8;23;20;102;217;296;357;301;272;430;329;384;461;291;274;281;427;343;519;525
1,3803,3889,1,1,0,10,3,20;78;84;263;256;411;353;440;262;412
1,3855,3941,1,0,0,9,2,26;32;211;204;335;301;388;210;360
1,3916,4000,1,0,0,7,3,150;143;298;240;327;149;299
1,3936,4009,1,0,0,7,1,130;123;278;220;307;129;279
1,3703,3781,1,1,0,18,4,5;16;64;50;120;86;2;178;184;40;360;76;356;511;453;540;362;512
1,3771,3846,1,0,0,13,3,21;52;18;110;116;295;8;288;443;385;472;294;444
0,3780,3844,1,0,0,12,0,12;43;9;101;107;279;279;434;376;463;285;435
0,3783,3871,1,0,0,12,0,9;40;6;98;104;279;276;431;373;460;282;432
1,3653,3719,1,0,0,20,1,48;66;10;139;36;50;170;0;136;52;228;234;90;413;126;406;561;503;590;412
1,3663,3728,1,1,0,19,3,45;56;0;129;28;50;160;126;42;218;224;80;360;116;396;551;493;580;402
1,3677,3759,1,0,0,18,2,31;42;115;14;50;146;112;28;204;210;66;360;102;382;537;479;566;388
1,3688,3773,1,1,0,18,3,20;31;104;3;50;135;101;17;193;199;55;360;91;371;526;468;555;377
1,3626,3714,1,1,0,22,7,62;93;37;8;166;36;131;197;27;10;17;163;79;255;261;94;440;153;433;588;530;617
1,3627,3711,1,0,0,22,5,48;92;36;7;165;36;130;196;26;9;16;162;78;254;260;94;439;152;432;587;529;616
1,3642,3938,1,1,0,21,10,48;77;21;139;36;115;181;11;1;147;63;239;245;94;424;137;417;572;514;601;423
1,3649,3896,1,1,0,20,4,48;70;14;139;36;84;174;4;140;56;232;238;94;417;130;410;565;507;594;416
1,3068,3150,1,1,0,19,2,78;261;317;213;314;518;95;511;640;651;595;566;724;623;689;755;585;568;575
1,3047,3274,1,0,0,19,15,102;261;338;216;335;539;116;532;661;672;616;587;745;644;710;776;606;589;596
0,3017,3070,1,0,0,16,0,102;261;368;216;365;569;146;562;691;702;646;617;775;674;740;806
0,3004,3076,1,0,0,16,0,102;261;381;216;378;582;159;575;704;715;659;630;788;687;753;819
1,2993,3082,1,1,0,16,3,102;261;392;288;389;593;170;586;715;726;670;641;799;698;764;830
1,2975,3184,1,0,0,13,7,102;386;410;306;407;611;188;594;733;744;688;659;817
1,2936,2995,1,2,0,13,1,3;102;386;449;312;446;650;227;643;772;783;727;698
1,2917,2985,1,4,0,13,1,22;6;102;387;468;312;465;669;246;662;791;802;746
1,2901,2964,1,6,0,13,1,29;22;102;387;484;327;481;685;262;678;807;818;762
1,2898,2973,1,6,0,13,1,29;25;102;387;487;383;484;688;265;681;810;821;765
1,2897,3151,1,16,0,13,9,29;26;331;387;488;384;485;689;266;682;811;822;766
1,2896,3107,1,4,0,13,7,29;27;332;418;489;385;486;690;267;683;812;823;767
1,2883,2952,1,1,0,13,1,29;40;345;419;502;398;499;703;280;696;825;836;780
0,2880,2959,1,0,0,11,0,29;43;348;419;505;401;502;706;283;699;828
1,2874,2925,1,0,0,11,1,29;49;354;447;511;407;508;712;289;705;834
1,2828,3079,1,0,0,11,5,29;95;20;400;463;557;453;554;758;335;751
1,3304,3380,1,1,0,19,2,66;81;78;102;275;373;415;344;330;445;387;453;519;349;332;339;485;401;577
1,3323,3407,1,0,0,19,1,47;62;59;102;256;373;396;340;311;445;368;384;500;330;313;320;466;382;558
1,3267,3352,1,1,0,20,2,103;118;14;115;102;312;373;452;396;367;525;424;490;556;386;369;347;522;438;614
1,3295,3355,1,1,0,19,2,75;90;87;102;284;373;424;344;339;497;396;462;528;358;341;347;494;410;586
1,3241,3310,1,1,0,20,1,129;144;40;141;345;338;373;478;422;393;551;450;516;582;412;395;402;548;464;640
1,3264,3514,1,1,0,20,11,106;121;17;118;322;315;373;455;399;370;528;427;493;559;389;372;347;525;441;617
1,3207,3439,1,0,0,21,12,21;163;178;74;175;379;372;387;512;456;404;585;484;550;616;446;429;427;582;498;674
1,3226,3295,1,0,0,21,2,2;144;159;55;156;360;353;376;493;437;404;566;465;531;597;427;410;417;563;479;655
1,3179,3266,1,0,0,21,4,49;191;206;102;203;407;400;387;540;484;404;613;512;578;644;474;457;464;610;526;702
1,3192,3275,1,1,0,21,1,31;178;193;89;190;394;387;387;527;471;404;600;499;565;631;461;444;451;597;513;689
1,3162,3237,1,0,0,22,1,51;208;223;119;220;424;1;417;546;557;501;472;630;529;595;661;491;474;481;627;543;719
1,3162,3388,1,1,0,22,11,51;208;223;119;220;424;1;417;546;557;501;404;630;529;595;661;491;474;481;627;543;719
1,3132,3218,1,0,0,21,4,78;238;253;149;250;444;31;447;576;587;531;502;660;559;625;691;521;504;511;657;573
1,3148,3227,1,1,0,21,4,60;222;237;133;234;438;15;431;560;571;515;486;644;543;609;675;505;488;495;641;557
1,3074,3135,1,1,0,19,2,78;261;311;207;308;447;89;505;634;645;589;560;718;617;683;749;579;562;569
1,3112,3181,1,1,0,20,2,78;258;273;169;270;444;51;467;596;607;551;522;680;579;645;711;541;524;531;677
0,2479,2541,1,0,0,13,0,81;460;117;47;30;250;241;444;312;369;344;749;891
1,2475,2556,1,0,0,13,2,85;464;121;110;34;254;245;448;316;373;348;753;895
1,2490,2714,1,1,0,13,7,70;384;106;47;19;239;230;433;301;358;333;738;880
1,2486,2564,1,0,0,13,2,74;453;110;47;23;243;234;437;305;362;337;742;884
1,2507,2748,1,0,0,13,7,53;384;89;21;2;222;213;416;284;341;316;721;863
1,2497,2747,1,1,0,13,7,63;384;99;36;12;232;223;426;294;351;326;731;873
1,2530,2585,1,1,0,13,1,30;367;66;21;199;190;393;261;318;293;698;840;855
0,2512,2579,1,1,0,12,0,48;367;84;21;217;208;411;279;336;311;716;858
0,2344,2401,1,0,0,13,0,22;81;216;595;252;241;165;385;376;579;380;504;479
1,2336,2419,1,1,0,13,1,22;89;224;603;260;249;173;393;384;587;431;512;487
0,2393,2451,1,0,0,13,0,32;167;546;203;192;116;336;327;530;380;455;430;835
1,2347,2401,1,0,0,13,1,22;78;213;592;249;238;162;382;373;576;380;501;476
1,2406,2488,1,1,0,13,4,19;154;533;190;179;88;323;314;517;380;442;417;822
1,2396,2448,1,1,0,13,3,29;164;543;200;189;113;333;324;527;380;452;427;832
0,2442,2520,1,0,0,12,0,118;497;154;143;67;287;278;481;349;406;381;786
0,2427,2484,1,0,0,12,0,133;512;169;158;82;302;293;496;364;421;396;801
1,2650,2864,1,1,0,14,2,30;79;70;273;141;198;173;578;720;735;631;732;936;513
1,2652,2721,1,0,0,14,1,30;77;68;271;96;196;171;576;718;733;629;730;934;511
1,2663,2738,1,1,0,14,2,30;66;57;260;95;185;160;565;707;722;618;719;923;500
1,2684,2918,1,0,0,14,6,30;45;36;239;95;164;107;544;686;701;597;698;902;479
1,2723,3011,1,0,0,13,9,30;6;134;68;125;100;505;647;662;558;659;863;440
1,2762,2971,1,0,0,12,4,29;134;29;86;61;466;608;623;519;620;824;401
1,2811,2888,1,0,0,12,4,29;112;37;12;417;487;574;470;571;775;352;768
1,2818,2905,1,1,0,12,3,29;95;30;5;410;487;567;463;564;768;345;761
1,2533,2606,1,1,0,14,2,27;364;63;21;196;187;390;258;315;290;695;837;852;748
1,2538,2600,1,1,0,14,1,22;364;58;4;191;182;385;253;310;285;690;832;847;743
1,2542,2616,1,1,0,14,3,18;364;54;4;187;178;381;249;251;281;686;828;843;739
1,2580,2648,1,1,0,14,1,359;16;4;149;122;343;211;251;243;648;790;805;701;802
1,2598,2685,1,0,0,12,1,341;131;122;325;193;250;225;630;772;787;683;784
1,2623,2919,1,0,0,13,9,316;106;97;300;168;225;200;603;747;762;658;759;963
1,2637,2703,1,0,0,13,1,77;92;83;286;154;211;186;591;733;748;644;745;949
1,2637,2688,1,0,0,13,1,31;92;83;286;154;211;186;591;733;748;644;745;949
1,1913,1980,1,0,0,18,1,160;62;6;59;288;342;328;346;287;470;334;346;512;647;1026;683;672;596
1,1905,1973,1,1,0,18,1,160;62;6;67;334;342;336;354;295;478;342;354;520;655;1034;691;680;604
1,1896,1956,1,1,0,18,3,160;62;38;76;343;342;345;363;304;487;351;363;529;664;1043;700;689;613
1,1892,1957,1,0,0,18,2,160;62;42;80;347;371;349;367;308;491;355;367;533;668;1047;704;693;617
1,1960,2037,1,0,0,17,1,160;36;12;125;303;281;299;240;364;287;299;465;600;979;636;625;549
1,1941,2023,1,0,0,17,1,160;55;31;125;322;300;314;259;442;306;318;484;619;998;655;644;568
1,1932,2202,1,1,0,18,10,160;62;2;40;280;331;309;314;268;451;315;327;493;628;1007;664;653;577
1,1917,1977,1,1,0,18,2,160;62;6;55;280;342;324;342;283;466;330;342;508;643;1022;679;668;592
0,1792,1852,1,0,0,18,0,160;19;62;121;180;447;471;44;449;467;408;591;455;467;633;768;1147;804
1,1785,1865,1,0,0,18,3,160;26;62;149;187;454;478;51;456;474;415;598;462;474;640;775;1154;811
1,1778,2064,1,0,0,18,16,394;33;62;156;194;461;485;58;463;481;422;605;469;481;647;782;1161;818
1,1775,1984,1,0,0,18,13,394;36;221;159;197;464;488;61;466;484;425;608;472;484;650;785;1164;821
1,1863,1916,1,0,0,18,1,160;62;65;109;376;376;378;396;337;520;384;396;562;697;1076;733;722;646
1,1857,1917,1,0,0,18,1,160;62;65;115;382;406;384;402;343;526;390;402;568;703;1082;739;728;652
1,1849,1938,1,0,0,18,4,160;62;85;123;390;414;392;410;351;534;398;410;576;711;1090;747;736;660
1,1815,2042,1,1,0,17,9,160;62;119;157;424;448;21;426;444;385;568;432;444;610;745;1124;781
1,2202,2269,1,0,0,17,1,37;61;39;57;181;45;57;223;358;737;394;383;307;527;518;721;589
0,2243,2307,1,0,0,17,0,20;16;140;4;16;182;317;696;353;342;266;486;477;680;548;605;580
1,2108,2195,1,0,0,16,2,34;125;155;122;151;92;266;97;151;317;452;831;488;477;401;621
1,2168,2221,1,0,0,19,1,6;71;95;73;91;32;215;79;91;257;392;771;428;417;341;561;552;755;623
1,2299,2375,1,0,0,13,1,67;126;261;640;297;286;210;430;421;624;492;549;524
1,2325,2576,1,0,0,13,10,58;100;235;614;271;260;184;404;395;598;431;523;498
1,2290,2378,1,0,0,13,2,93;135;270;649;306;295;219;439;430;633;501;558;533
1,2291,2507,1,0,0,13,8,85;134;269;648;305;294;218;438;429;632;500;557;532
1,2017,2231,1,1,0,16,8,115;125;246;224;242;183;364;230;242;408;543;922;579;568;489;712
1,2043,2103,1,0,0,16,1,115;125;220;122;216;157;340;204;216;382;517;896;553;542;466;686
1,2000,2082,1,0,0,16,1,160;125;263;241;259;200;364;247;259;425;560;939;596;585;492;729
1,2003,2076,1,1,0,16,3,160;125;260;238;256;197;364;244;256;422;557;936;593;582;489;726
1,2088,2148,1,0,0,16,4,86;125;175;122;171;112;266;159;171;337;472;851;508;497;421;641
1,2096,2155,1,0,0,16,2,34;125;167;122;163;104;266;151;163;329;464;843;500;489;413;633
1,2082,2137,1,1,0,16,1,92;125;181;122;177;118;301;165;177;343;478;857;514;503;427;647
0,2086,2162,1,0,0,16,0,88;125;177;122;173;114;266;161;173;339;474;853;510;499;423;643
1,1377,1433,1,0,0,12,1,104;0;82;253;797;434;619;557;595;862;886;459
1,1405,1483,1,1,0,13,3,76;82;225;769;406;591;529;567;823;858;431;836;854
1,1444,1514,1,0,0,15,4,37;63;182;730;367;552;490;528;795;819;392;797;815;756;939
1,1463,1522,1,1,0,15,2,18;44;167;711;298;533;471;509;776;800;373;778;796;737;920
1,1291,1362,1,0,0,8,1,190;61;216;339;883;520;705;643
1,1361,1413,1,0,0,9,1,120;16;146;269;813;450;635;573;611
1,1365,1425,1,0,0,11,2,116;12;128;265;809;446;631;569;607;874;898
1,1371,1427,1,0,0,12,2,110;6;127;259;803;440;625;563;601;868;892;465
1,1556,1816,1,1,0,15,13,74;476;249;440;378;416;683;690;280;685;703;644;827;691;703
1,1568,1635,1,0,0,15,1,62;466;243;428;366;404;671;690;268;673;691;632;815;679;691
1,1574,1655,1,0,0,15,2,39;466;237;422;360;398;665;689;262;667;685;626;809;673;685
1,1577,1662,1,0,0,15,2,39;466;234;419;357;395;662;684;259;664;682;623;806;670;682
1,1503,1567,1,0,0,15,1,4;127;671;298;493;431;469;736;760;333;738;756;697;880;744
1,1525,1798,1,0,0,14,11,105;649;286;471;409;447;704;738;311;716;734;675;858;722
1,1550,1626,1,1,0,15,2,80;624;249;446;384;422;689;713;286;691;709;650;833;697;709
1,1553,1770,1,0,0,15,10,77;621;249;443;381;419;686;690;283;688;706;647;830;694;706
1,1652,1734,1,0,0,14,2,466;155;344;282;320;587;611;184;589;607;548;731;595;607
1,1644,1881,1,0,0,14,11,466;163;352;290;328;589;619;192;597;615;556;739;603;615
1,1679,1754,1,0,0,14,1,466;132;317;255;293;560;584;157;562;580;521;704;568;580
1,1657,1731,1,0,0,14,4,466;154;339;277;315;582;605;179;584;602;543;726;590;602
1,1602,1674,1,1,0,15,4,28;466;209;394;332;370;637;631;234;639;657;598;781;645;657
1,1580,1642,1,0,0,15,1,39;466;231;416;354;392;659;647;256;661;679;620;803;667;679
0,1628,1688,1,0,0,15,0,2;466;163;368;306;344;589;631;208;613;631;572;755;619;631
1,1623,1690,1,1,0,15,1,7;466;163;373;311;349;616;631;213;618;636;577;760;624;636
1,1736,1804,1,0,0,17,4,432;75;260;198;236;503;497;100;505;523;464;647;511;523;689;824;1203
1,1721,1780,1,0,0,15,4,432;90;275;213;251;518;542;115;520;538;479;662;526;538;704
1,1764,1848,1,0,0,18,4,410;47;232;170;208;475;497;72;477;495;436;619;483;495;661;796;1175;832
0,1764,1839,1,1,0,18,0,394;47;232;170;208;475;497;72;477;495;436;619;483;495;661;796;1175;832
0,1703,1789,1,0,0,15,0,456;108;293;231;269;536;560;133;538;556;497;680;534;556;722
1,1680,1738,1,1,0,14,2,466;131;316;254;292;559;583;156;561;579;520;703;534;579
1,1721,1782,1,0,0,15,2,432;88;275;213;251;518;542;115;520;538;479;662;526;538;704
1,1712,1777,1,0,0,15,2,456;99;284;222;260;527;551;124;529;547;488;671;534;547;713
1,885,964,1,0,0,11,2,48;42;392;238;596;285;291;119;492;622;745
1,924,1008,1,1,0,11,1,9;42;353;199;557;246;252;80;453;583;706
1,799,852,1,1,0,12,1,25;19;71;134;227;478;324;682;371;377;205;578
1,858,1146,1,0,0,12,7,0;12;75;190;419;265;623;312;318;146;519;649
0,777,828,1,1,0,12,0,25;41;88;156;227;500;346;704;393;399;227;600
1,799,868,1,1,0,12,3,25;19;71;134;227;478;324;682;347;377;205;578
1,769,857,1,1,0,12,4,37;49;88;164;241;508;354;712;401;407;235;608
1,776,845,1,1,0,12,1,25;42;88;157;241;501;347;705;394;400;228;601
1,1058,1333,1,0,0,9,2,145;51;423;112;118;319;449;572;1116
1,1067,1286,1,0,0,9,1,145;51;268;103;109;310;440;563;1107
1,1024,1275,1,0,0,10,6,4;253;99;457;146;152;353;483;606;1150
1,1032,1095,1,0,0,10,2,4;145;91;449;138;144;345;475;598;1142
1,960,1010,1,0,0,10,2,42;317;163;521;206;171;44;417;547;670
1,987,1277,1,1,0,11,8,31;290;136;494;183;171;17;390;520;643;1187
1,942,999,1,0,0,10,2,42;335;181;539;228;171;62;435;565;688
1,943,1016,1,1,0,10,2,42;334;180;538;207;171;61;434;564;687
1,1167,1379,1,1,0,8,1,29;210;3;9;210;340;463;1007
1,1146,1205,1,1,0,8,1,29;211;7;30;231;361;484;1028
1,1139,1385,1,1,0,8,4,138;211;7;37;238;368;491;1035
1,1103,1192,1,2,0,9,3,145;20;211;7;73;274;404;527;1071
1,1092,1168,1,1,0,9,2,145;31;211;67;84;285;415;538;1082
1,1091,1170,1,0,0,9,1,145;32;220;67;85;286;416;539;1083
1,1080,1143,1,1,0,9,2,145;43;220;90;96;297;427;550;1094
1,1076,1131,1,0,0,9,1,145;47;256;94;100;301;431;554;1098
0,1277,1363,1,1,0,8,0,0;204;61;230;353;897;534;719
1,1256,1326,1,0,0,7,1,21;209;121;251;366;918;555
0,1252,1313,1,0,0,7,0,25;209;125;255;366;922;559
1,1242,1331,1,0,0,7,1,29;209;135;265;388;932;569
0,1224,1294,1,1,0,7,0,29;209;153;265;406;950;587
0,1212,1269,1,0,0,7,0,29;209;165;265;418;962;599
0,1198,1258,1,1,0,6,0,29;209;179;265;432;976
1,1184,1245,1,1,0,6,1,29;209;193;323;446;990
1,199,273,1,0,0,10,1,169;255;64;659;448;619;671;564;734;849
1,308,363,1,1,0,10,1,60;255;550;339;510;562;455;625;740;969
0,309,359,1,0,0,10,0,59;255;549;338;509;561;443;624;739;968
1,317,404,1,0,0,10,2,51;255;541;330;501;553;443;616;731;960
1,326,414,1,1,0,10,1,42;255;532;321;492;477;437;607;722;951
1,328,382,1,0,0,10,2,40;255;530;319;490;477;407;605;720;949
1,358,428,1,0,0,10,1,10;255;500;289;460;472;405;575;690;919
1,365,419,1,0,0,10,2,3;255;493;282;453;472;383;568;683;912
1,383,440,1,0,0,9,1,252;475;264;435;472;380;550;665;894
1,385,439,1,0,0,9,1,252;473;262;433;452;378;548;663;892
1,397,447,1,0,0,10,1,251;461;250;421;452;358;536;651;880;726
1,400,678,1,0,0,10,8,248;458;247;418;452;358;533;648;877;686
1,433,522,1,0,0,11,1,64;425;214;385;437;330;500;615;844;686;305
1,520,574,1,0,0,12,1,64;338;127;298;350;243;413;528;757;603;218;961
1,524,608,1,0,0,12,2,64;334;123;294;346;230;409;524;753;599;214;957
1,553,635,1,1,0,13,2,64;305;94;265;317;210;376;495;724;570;185;928;617
1,577,627,1,0,0,13,2,64;281;51;241;293;186;351;471;700;546;161;904;593
1,564,645,1,0,0,13,2,64;294;51;254;306;199;369;484;713;559;174;917;606
1,579,651,1,1,0,13,2,38;279;51;239;291;184;351;469;698;544;159;902;591
1,577,644,1,0,0,13,3,51;281;51;241;293;186;351;471;700;546;161;904;593
1,597,657,1,0,0,14,2,38;261;50;221;266;166;330;451;680;526;141;884;573;579
1,592,643,1,1,0,14,2,38;266;51;226;278;171;330;456;685;531;146;889;578;584
1,618,677,1,0,0,15,1,28;240;29;200;252;145;315;430;659;505;120;863;552;558;386
1,609,688,1,0,0,15,4,38;249;38;209;261;154;324;439;668;514;129;872;561;567;395
1,639,856,1,1,0,16,9,9;219;8;179;216;124;294;409;638;484;99;842;515;537;365;738
1,637,714,1,0,0,16,3,11;221;10;181;233;126;296;411;640;486;101;844;515;539;367;740
1,665,733,1,0,0,14,1,37;153;205;98;268;383;612;458;73;816;505;511;339;712
0,662,742,1,1,0,14,0,37;156;208;101;271;386;615;461;76;819;508;514;342;715
1,687,748,1,1,0,14,2,37;131;183;66;246;361;590;436;51;794;479;489;317;690
1,670,750,1,0,0,14,3,37;148;200;93;263;378;607;453;68;811;479;506;334;707
1,764,1040,1,0,0,12,9,37;54;106;169;241;513;359;717;406;412;240;613
1,742,815,1,0,0,13,1,37;76;128;21;191;306;535;381;739;428;434;262;635
1,3,72,1,1,0,8,1,365;124;21;9;190;645;192;260
0,55,111,1,0,0,7,0,313;72;124;593;120;138;803
1,29,100,1,0,0,7,1,339;98;164;619;166;138;829
1,29,109,1,0,0,7,2,339;98;124;619;166;138;829
1,28,306,1,0,0,7,2,340;99;165;620;167;235;830
1,77,140,1,0,0,8,1,291;50;108;571;109;138;781;570
1,74,160,1,0,0,8,2,294;53;108;574;120;138;784;573
1,73,133,1,0,0,8,1,295;54;120;575;120;138;785;574
0,68,130,1,1,0,7,0,300;59;124;580;120;138;790
1,153,214,1,0,0,10,1,215;40;255;42;104;705;494;636;717;610
1,145,224,1,0,0,10,1,223;48;255;50;104;713;502;673;725;618
1,142,195,1,0,0,10,2,226;51;255;53;121;716;505;676;728;621
1,126,404,1,0,0,10,5,242;1;67;522;69;137;732;521;692;744
1,7966,8232,1,1,0,8,5,135;212;105;691;481;579;587;560
1,7968,8214,1,0,0,8,6,135;210;103;667;479;577;585;558
0,7904,7969,1,0,0,7,0,135;227;167;753;543;641;649
1,7910,7995,1,0,0,7,2,135;227;161;747;537;635;643
0,7870,7953,1,1,0,7,0,7;135;308;201;787;577;675
1,7877,7957,1,1,0,7,1,7;135;301;194;780;570;668
0,7821,7880,1,1,0,6,0,7;135;357;228;836;597
0,7866,7955,1,0,0,7,0,7;135;312;205;791;581;679
1,7801,8099,1,1,0,7,4,13;7;369;377;228;856;646
1,7810,7879,1,0,0,7,1,4;7;135;368;228;847;637
1,7769,8000,1,1,0,7,6,45;117;401;409;302;888;678
1,7772,7853,1,0,0,7,2,42;7;398;406;299;885;675
1,7732,7954,1,0,0,6,2,13;82;165;438;446;339
1,7751,7818,1,0,0,6,2,63;117;419;427;320;906
1,7666,7885,1,1,0,7,3,67;53;148;206;504;512;405
1,7668,7756,1,1,0,7,3,60;51;146;206;502;510;403
1,7653,7889,1,1,0,8,2,1;67;62;161;220;517;525;418
1,7651,7727,1,0,0,8,3,1;67;68;163;220;519;527;420
1,7638,7697,1,0,0,8,2,1;67;81;176;220;532;540;433
1,7631,7844,1,0,0,8,1,1;67;88;183;224;539;547;440
1,7621,7674,1,0,0,8,1,1;67;98;193;230;549;557;450
1,7593,7649,1,0,0,8,2,1;67;126;221;230;577;585;478
1,7579,7636,1,0,0,8,2,1;67;140;235;230;591;599;492
1,7564,7780,1,0,0,8,1,1;67;145;250;230;606;614;507
0,7564,7647,1,1,0,8,0,1;67;145;250;230;606;614;507
1,7548,7820,1,0,0,8,5,1;67;171;266;230;622;630;523
1,7531,7774,1,0,0,7,1,1;67;187;283;366;639;647
1,7459,7534,1,0,0,5,1,1;72;187;355;438
1,7453,7739,1,0,0,5,3,1;292;187;361;444
1,7438,7693,1,1,0,5,5,223;307;187;376;459
1,7403,7481,1,0,0,5,1,225;342;187;411;494
1,7361,7632,1,1,0,6,3,5;225;384;284;453;536
1,7256,7342,1,1,0,8,1,110;7;72;225;475;463;519;641
1,7258,7345,1,0,0,8,2,108;7;70;225;475;461;515;639
1,7265,7354,1,1,0,8,1,37;7;63;225;475;454;515;632
1,7326,7540,1,0,0,8,3,37;7;2;225;419;393;488;571
1,7235,7289,1,0,0,8,1,123;7;93;241;510;484;579;662
1,7235,7288,1,0,0,8,1,123;7;93;241;494;484;579;662
1,7242,7533,1,1,0,8,5,123;7;86;241;475;477;572;655
1,7249,7327,1,1,0,8,1,117;7;79;225;475;470;565;648
1,7164,7233,1,0,0,9,2,159;7;164;497;571;37;555;650;733
1,7177,7450,1,1,0,9,5,123;7;151;484;568;24;542;637;720
1,7191,7278,1,1,0,9,1,123;7;137;241;554;10;528;623;706
1,7221,7299,1,1,0,8,1,123;7;107;241;524;498;582;676
1,7108,7170,1,1,0,9,2,159;38;240;220;550;637;93;611;706
1,7123,7177,1,1,0,9,2,159;23;225;205;538;622;78;596;691
1,7142,7218,1,0,0,10,1,159;4;196;186;519;603;59;577;672;755
1,7163,7368,1,1,0,9,5,159;185;165;498;571;38;556;651;734
1,7062,7296,1,1,0,8,3,234;42;3;286;266;599;683;139
1,7050,7137,1,0,0,8,2,316;42;15;298;278;611;687;151
1,7103,7187,1,1,0,9,2,159;42;245;225;558;642;98;616;711
1,7093,7165,1,1,0,9,3,166;42;255;235;568;652;108;626;721
1,7006,7072,1,0,0,10,1,10;15;360;78;59;342;322;655;739;195
1,7005,7069,1,0,0,10,3,11;16;361;117;60;343;323;656;740;196
1,7038,7096,1,0,0,8,2,328;53;27;310;290;623;687;163
1,7025,7113,1,0,0,8,2,341;78;40;323;303;636;687;176
1,6959,7044,1,0,0,11,1,57;62;407;187;37;106;389;369;689;786;242
1,6924,6975,1,1,0,10,2,92;97;442;222;56;141;424;375;689;821
1,6986,7048,1,1,0,11,2,30;35;370;160;13;79;362;342;675;759;215
1,6969,7035,1,0,0,11,1,47;52;370;177;30;96;379;359;689;776;232
1,6888,6975,1,1,0,10,1,128;133;478;258;56;177;460;389;773;857
0,6880,6939,1,0,0,9,0,136;141;486;266;56;185;468;389;781
1,6911,6978,1,1,0,10,1,105;110;455;235;56;154;437;375;750;834
0,6899,6949,1,0,0,10,0,117;122;467;247;56;166;449;375;762;846
1,6737,6815,1,0,0,9,1,80;279;284;629;409;262;328;611;591
0,6769,6819,1,0,0,9,0,48;247;252;597;377;230;296;579;559
0,6709,6770,1,1,0,9,0,108;307;312;657;437;290;356;613;619
0,6730,6794,1,0,0,9,0,87;286;291;636;416;269;335;613;598
1,6876,6951,1,0,0,9,1,140;145;490;270;123;189;472;452;785
1,6877,6948,1,1,0,9,1,139;144;489;269;122;188;471;389;784
0,6772,6833,1,0,0,9,0,45;244;249;594;374;227;293;576;556
0,6815,6900,1,0,0,9,0,2;201;206;551;331;184;250;533;513
1,6642,6700,1,0,0,10,1,31;29;175;11;374;379;724;504;357;423
1,6648,6727,1,0,0,10,2,25;23;169;8;368;373;718;498;351;417
0,6618,6680,1,0,0,10,0,55;53;199;11;398;403;748;528;381;447
0,6636,6693,1,0,0,10,0,37;35;181;11;380;385;730;510;363;429
0,6664,6727,1,0,0,10,0,9;7;153;8;352;357;702;482;335;401
1,6699,6785,1,0,0,8,1,118;317;322;667;447;300;366;649
0,6658,6743,1,1,0,10,0,15;13;159;8;358;363;708;488;341;407
0,6661,6715,1,0,0,10,0,12;10;156;8;355;360;705;485;338;404
1,6554,6616,1,0,0,10,1,28;109;95;263;142;462;467;812;592;445
1,6553,6613,1,0,0,10,3,29;109;118;264;143;463;468;813;593;446
0,6551,6613,1,0,0,10,0,31;109;120;266;145;465;470;815;595;448
1,6539,6592,1,0,0,10,1,43;129;132;278;157;477;482;827;607;460
0,6610,6664,1,1,0,10,0,63;61;207;11;406;411;756;536;389;455
0,6591,6651,1,0,0,10,0,82;80;226;11;425;430;775;555;408;474
1,6572,6821,1,0,0,11,8,10;101;95;245;11;444;449;794;574;427;493
1,6571,6790,1,0,0,11,4,11;102;95;246;125;445;450;795;575;428;494
1,6474,6552,1,0,0,9,2,56;199;197;343;222;542;547;892;672
0,6456,6509,1,1,0,8,0,56;211;215;361;240;560;565;910
1,6416,6635,1,0,0,8,6,56;231;255;401;280;600;605;950
0,6404,6483,1,1,0,9,0,1;56;231;267;413;292;612;617;962
1,6525,6581,1,0,0,10,1,56;129;146;292;171;491;496;841;621;474
0,6506,6583,1,1,0,10,0,56;129;165;311;190;510;515;860;640;493
1,6500,6559,1,1,0,10,1,56;170;171;317;196;516;521;866;646;499
0,6491,6542,1,0,0,10,0,56;170;180;326;205;525;530;875;655;508
0,6338,6424,1,0,0,8,0,6;4;105;251;333;479;358;678
1,6361,6611,1,0,0,8,5,6;105;251;310;456;335;655;660
0,6365,6415,1,1,0,8,0,6;83;251;306;452;331;651;656
0,6375,6446,1,1,0,9,0,6;83;251;296;442;321;641;646;991
1,6376,6426,1,1,0,9,1,6;83;251;295;441;320;640;645;990
0,6376,6453,1,1,0,9,0,6;56;251;295;441;320;640;645;990
0,6383,6466,1,1,0,9,0,6;56;251;288;434;313;633;638;983
1,6399,6463,1,1,0,9,1,6;56;251;272;418;297;617;622;967
1,6214,6279,1,0,0,7,1,6;15;368;459;457;603;482
1,6221,6517,1,0,0,7,4,6;10;361;452;450;596;475
0,6265,6350,1,0,0,8,0,6;10;120;408;406;552;431;751
1,6290,6349,1,0,0,8,1,6;10;120;383;381;527;406;726
1,6297,6367,1,0,0,8,1,6;10;105;376;374;520;399;719
1,6303,6364,1,0,0,8,1,6;10;105;370;368;514;393;713
0,6307,6393,1,1,0,8,0,6;4;105;366;364;510;389;709
1,6331,6531,1,0,0,8,5,6;4;105;342;340;486;365;685
0,6098,6162,1,0,0,11,0,89;265;26;86;254;16;484;575;573;719;598
0,6091,6144,1,1,0,11,0,89;265;33;93;261;23;491;582;580;726;605
0,6163,6231,1,0,0,9,0,34;6;21;189;419;510;508;654;533
1,6135,6424,1,0,0,9,6,62;265;49;217;447;538;536;682;561
1,6201,6277,1,0,0,7,1,6;151;381;472;470;616;495
0,6196,6277,1,0,0,8,0,1;6;156;386;477;475;621;500
0,6210,6286,1,0,0,7,0,6;15;372;463;461;607;486
1,6209,6476,1,0,0,7,5,6;143;373;464;462;608;487
1,6001,6060,1,0,0,9,2,89;286;123;183;351;113;581;672;670
1,5953,6200,1,0,0,10,6,44;89;452;171;231;399;161;629;720;718
1,6025,6083,1,0,0,11,2,89;286;99;159;327;89;557;648;646;792;671
0,6009,6083,1,0,0,10,0,89;286;115;163;343;105;573;664;662;808
0,6052,6120,1,0,0,11,0,89;265;72;132;300;62;530;621;619;765;644
1,6034,6123,1,0,0,11,1,89;286;90;136;318;80;548;639;637;783;662
0,6083,6159,1,1,0,11,0,89;265;41;101;269;31;499;590;588;734;613
1,6065,6152,1,0,0,11,1,89;265;59;119;287;49;517;608;606;752;631
1,5824,6098,1,1,0,10,6,17;51;173;335;581;300;360;528;290;758
1,5795,6019,1,1,0,9,4,46;51;202;350;610;329;389;557;319
1,5789,6023,1,1,0,9,5,52;99;208;350;616;335;390;563;325
1,5784,5872,1,0,0,9,1,57;104;213;380;621;340;390;568;330
0,5767,5818,1,0,0,9,0,74;121;230;380;638;357;390;585;347
0,5752,5833,1,0,0,9,0,89;136;245;380;653;372;390;600;362
0,5734,5799,1,0,0,9,0,105;154;263;380;671;390;390;618;380
1,5704,5790,1,0,0,8,1,137;182;293;380;701;420;390;648
1,5951,6248,1,0,0,10,8,46;246;454;173;233;401;163;631;722;720
1,5893,5962,1,0,0,9,2,104;271;512;231;291;459;221;689;780
1,5887,6148,1,0,0,10,7,1;110;286;518;237;297;465;227;695;786
0,5855,5912,1,1,0,10,0,33;142;286;550;269;329;497;259;727;818
1,5851,5915,1,0,0,10,1,37;146;319;554;273;333;501;263;731;822
0,5838,5917,1,0,0,10,0,3;50;159;319;567;286;346;514;276;744
0,5838,5902,1,0,0,10,0,3;50;159;319;567;286;346;514;276;744
0,5826,5892,1,1,0,10,0,15;51;171;319;579;298;358;526;288;756
1,5577,5627,1,1,0,11,1,264;19;53;311;61;420;620;828;547;607;775
1,5577,5791,1,0,0,11,6,264;19;43;311;61;420;620;828;547;607;775
0,5554,5636,1,0,0,9,0,270;42;76;334;84;443;643;851;570
1,5558,5641,1,0,0,10,2,270;38;72;330;80;439;639;847;566;626
0,5501,5569,1,0,0,10,0,340;32;95;112;387;132;496;696;904;623
1,5534,5603,1,1,0,9,1,307;62;96;354;104;463;663;871;590
1,5484,5565,1,0,0,10,1,357;49;112;135;404;154;513;713;921;640
1,5490,5559,1,0,0,10,1,351;43;106;112;398;148;507;707;915;634
0,5694,5755,1,0,0,8,0,137;182;303;380;711;430;490;657
1,5696,5921,1,0,0,8,2,137;182;301;380;709;428;488;656
1,5638,5713,1,1,0,9,1,180;182;0;359;380;767;486;546;657
1,5660,5728,1,1,0,8,1,148;182;337;380;745;464;524;657
1,5622,5672,1,0,0,10,1,219;8;182;16;375;380;783;502;562;730
1,5632,5716,1,0,0,9,1,180;182;6;365;380;773;492;552;720
0,5597,5660,1,0,0,10,0,244;33;182;41;400;600;808;527;587;755
1,5607,5838,1,1,0,10,4,234;23;182;31;390;590;798;517;577;745
1,5263,5338,1,0,0,8,2,199;451;270;154;333;367;625;346
1,5262,5324,1,0,0,8,1,216;451;271;154;334;368;626;346
1,5302,5510,1,0,0,8,2,176;443;231;134;294;328;586;336
1,5296,5540,1,0,0,8,4,182;451;237;134;300;334;592;342
1,5211,5298,1,1,0,8,1,267;451;322;154;385;419;677;427
1,5210,5294,1,0,0,8,2,268;451;323;236;386;420;678;428
1,5246,5300,1,0,0,8,1,232;451;287;154;350;384;642;392
0,5234,5315,1,0,0,8,0,244;451;299;154;362;384;654;404
1,5438,5519,1,0,0,11,2,40;403;95;8;158;192;450;200;559;759;967
1,5427,5478,1,1,0,11,1,51;414;106;19;169;203;461;211;570;770;978
1,5479,5538,1,0,0,10,1,362;54;117;151;409;159;518;718;926;645
1,5456,5508,1,0,0,10,1,22;370;77;140;174;432;182;541;741;949
1,5335,5599,1,1,0,9,6,143;443;198;111;261;289;553;303;662
1,5332,5392,1,1,0,9,1,143;443;201;114;264;298;556;306;665
1,5417,5625,1,0,0,11,3,61;424;116;29;179;213;471;221;580;780;988
1,5376,5447,1,0,0,9,1,102;442;157;70;220;254;512;262;621
1,5008,5076,1,0,0,9,1,48;394;833;525;438;588;622;880;630
1,5012,5084,1,0,0,9,1,44;394;829;521;434;584;618;876;583
1,5022,5108,1,1,0,9,1,17;394;819;511;424;574;608;866;583
1,5029,5114,1,0,0,9,1,17;394;812;504;417;567;529;859;583
0,4965,5051,1,0,0,7,0,85;394;876;568;481;631;665
0,4973,5039,1,0,0,7,0,83;394;868;560;473;623;657
0,4973,5042,1,0,0,7,0,83;394;868;560;473;623;657
1,4975,5177,1,0,0,8,4,81;394;866;558;471;621;655;913
1,5116,5189,1,0,0,8,2,362;725;417;330;480;506;772;517
1,5139,5228,1,0,0,8,1,339;702;394;307;457;491;749;499
1,5143,5193,1,0,0,8,1,335;698;390;303;453;478;745;495
1,5176,5424,1,0,0,8,5,302;665;357;270;420;454;712;462
1,5044,5127,1,0,0,9,1,12;394;797;489;375;552;529;844;583
1,5060,5119,1,0,0,8,1,394;742;473;375;536;529;828;578
1,5073,5151,1,0,0,8,1,394;742;460;345;523;529;815;565
1,5087,5153,1,0,0,8,1,391;742;446;345;509;506;801;551
0,4719,4784,1,1,0,4,0,10;111;139;759
0,4717,4771,1,1,0,4,0,12;113;139;761
1,4714,4949,1,1,0,4,2,15;113;139;764
0,4708,4765,1,0,0,3,0,21;113;139
0,4799,4885,1,1,0,6,0,31;139;679;1042;734;647
0,4799,4877,1,0,0,6,0,31;139;679;1042;734;647
0,4797,4853,1,0,0,6,0,33;139;681;1044;736;649
0,4790,4845,1,0,0,6,0,40;139;688;1051;743;656
1,4875,4959,1,0,0,6,1,139;394;966;658;571;721
0,4863,4922,1,0,0,6,0,139;394;978;670;583;733
1,4835,5101,1,0,0,6,4,139;643;1006;698;611;761
0,4799,4852,1,0,0,6,0,31;139;679;1042;734;647
1,4941,5230,1,0,0,6,4,106;394;900;592;505;655
0,4941,5010,1,0,0,6,0,85;394;900;592;505;655
0,4923,4981,1,0,0,6,0,106;394;918;610;523;673
0,4883,4947,1,0,0,6,0,106;394;958;650;563;713
1,4515,4756,1,1,0,4,2,76;92;240;541
1,4518,4799,1,1,0,4,1,76;89;221;538
1,4504,4591,1,0,0,4,1,76;103;243;552
0,4512,4597,1,0,0,4,0,76;95;240;544
1,4573,4631,1,2,0,4,1,76;34;191;359
1,4632,4898,1,0,0,3,2,76;191;359
1,4559,4642,1,0,0,4,1,76;48;221;359
0,4564,4637,1,3,0,4,0,76;43;191;359
1,4640,4849,1,1,0,3,1,37;168;359
1,4642,4938,1,1,0,3,1,37;168;287
1,4633,4694,1,1,0,3,1,76;191;359
1,4633,4691,1,1,0,3,1,37;191;359
0,4697,4778,1,0,0,3,0,32;133;139
1,4703,4759,1,0,0,3,1,26;127;139
0,4674,4743,1,1,0,3,0,37;156;139
0,4686,4743,1,1,0,3,0,37;144;139
0,4291,4349,1,0,0,3,0,396;316;539
1,4287,4339,1,0,0,3,2,442;320;543
0,4300,4359,1,0,0,3,0,370;307;530
1,4294,4535,1,0,0,3,3,396;313;536
0,4353,4424,1,0,0,3,0,363;254;477
1,4336,4396,1,0,0,3,2,370;271;494
1,4414,4620,1,0,0,4,2,315;193;416;642
1,4379,4431,1,0,0,4,2,350;228;451;677
1,4428,4673,1,1,0,4,3,290;179;243;628
1,4425,4495,1,0,0,4,2,304;182;243;631
0,4438,4499,1,1,0,4,0,141;169;243;618
1,4428,4631,1,0,0,4,3,290;179;243;628
1,4458,4726,1,0,0,4,3,141;143;243;598
1,4457,4523,1,1,0,4,1,141;150;243;599
0,4475,4535,1,0,0,4,0,76;130;243;581
1,4459,4752,1,1,0,4,2,76;143;243;597
1,3950,4245,1,1,0,8,4,116;109;264;206;293;115;238;779
1,3955,4184,1,0,0,8,2,111;104;121;201;288;110;238;774
1,4029,4079,1,0,0,9,2,37;30;121;127;214;36;55;700;578
0,4034,4089,1,0,0,9,0,32;25;121;122;206;31;55;695;573
0,4038,4106,1,0,0,9,0,28;21;121;118;205;27;55;691;569
1,4058,4127,1,1,0,9,4,8;1;121;98;185;7;55;671;549
1,4076,4161,1,0,0,6,1,121;30;167;55;653;531
1,4086,4147,1,0,0,6,4,99;30;157;55;643;521
1,4110,4336,1,0,0,7,4,99;14;133;55;619;497;720
1,4115,4203,1,0,0,7,1,99;14;102;55;614;492;715
0,4115,4172,1,1,0,7,0,69;14;102;55;614;492;715
0,4138,4189,1,0,0,7,0,69;14;102;55;591;469;692
1,4186,4430,1,0,0,6,4,28;57;29;543;421;644
0,4204,4271,1,0,0,6,0,10;28;11;525;403;626
0,4227,4284,1,0,0,4,0,16;502;380;603
0,4233,4314,1,0,0,4,0,10;496;374;597
1,9949,10037,1,1,0,12,2,31;337;349;195;365;588;487;485;672;414;375;441
1,9928,10014,1,1,0,12,1,52;357;370;216;386;588;508;506;693;435;375;462
1,9922,9977,1,0,0,12,1,58;357;376;222;392;588;514;512;699;441;423;468
1,9908,9971,1,1,0,12,2,72;357;390;236;406;627;528;526;713;455;437;482
1,9907,9987,1,0,0,12,2,73;366;391;237;407;627;529;527;714;456;438;483
1,9896,9950,1,0,0,12,1,75;366;402;248;418;627;540;538;725;467;449;494
1,9869,9921,1,0,0,12,1,107;366;429;275;445;627;567;565;752;494;476;521
0,9851,9928,1,0,0,11,0,107;366;447;293;463;627;585;583;770;512;494
1,10039,10111,1,1,0,16,3,174;259;105;275;472;397;395;582;324;290;351;530;630;760;829;743
1,10032,10115,1,1,0,15,2,174;266;112;282;472;404;402;589;331;313;358;537;637;767;836
1,10019,10277,1,6,0,15,7,174;279;125;295;518;417;415;602;344;326;371;550;650;780;849
1,10014,10251,1,3,0,15,6,179;284;130;300;523;422;420;607;349;331;376;555;655;785;854
1,10006,10077,1,1,0,15,1,180;292;138;308;531;430;428;615;357;339;384;563;663;793;862
1,9986,10065,1,3,0,15,1,201;312;158;328;551;450;448;635;377;359;404;583;683;813;882
1,9977,10224,1,1,0,15,5,3;317;321;167;337;560;459;457;644;386;368;413;592;692;822
1,9975,10262,1,0,0,15,13,5;337;323;169;339;562;461;459;646;388;370;415;594;694;824
1,10130,10378,1,0,0,17,11,40;168;14;184;407;306;304;491;233;215;260;439;539;669;738;652;608
1,10152,10445,1,1,0,16,11,40;146;162;385;284;282;469;211;193;238;417;517;647;716;630;586
1,10105,10177,1,0,0,16,2,40;193;39;209;432;331;329;516;258;240;285;464;564;694;763;677
1,10130,10187,1,0,0,17,2,40;168;14;184;392;306;304;491;233;215;260;439;539;669;738;652;608
1,10067,10307,1,0,0,16,7,174;231;77;247;439;369;332;554;296;278;323;502;602;732;801;715
1,10097,10320,1,0,0,16,7,40;201;47;217;439;339;332;524;266;248;293;472;572;702;771;685
1,10042,10110,1,1,0,16,1,174;256;102;272;472;394;332;579;321;290;348;527;627;757;826;740
1,10055,10105,1,1,0,16,2,174;243;89;259;472;381;332;566;308;290;335;514;614;744;813;727
1,10249,10546,1,1,0,16,8,40;49;65;150;184;185;372;114;96;141;320;420;550;619;533;489
1,10252,10341,1,1,0,16,2,40;46;62;150;161;182;369;111;93;138;317;417;547;616;530;486
1,10209,10265,1,1,0,16,2,40;89;105;150;204;225;412;154;136;181;360;460;590;659;573;513
1,10233,10290,1,0,0,16,1,40;65;81;150;203;201;388;130;112;157;336;436;566;635;549;505
1,10173,10378,1,0,0,16,3,40;125;141;150;263;261;448;190;172;217;396;496;626;695;609;513
1,10198,10260,1,0,0,16,1,40;100;116;150;238;236;423;165;147;192;371;471;601;670;584;513
1,10152,10238,1,0,0,16,1,40;146;162;150;284;282;469;211;193;238;417;517;647;716;630;586
1,10166,10233,1,0,0,16,2,40;132;148;150;270;268;455;197;179;224;403;503;633;702;616;513
1,10292,10363,1,0,0,17,2,40;6;22;150;144;121;329;71;53;98;277;377;507;576;490;411;944
1,10284,10345,1,0,0,17,2,40;14;26;150;151;150;337;79;61;106;285;385;515;584;498;411;952
0,10296,10352,1,0,0,17,0,36;2;18;150;122;121;325;67;9;94;273;373;503;572;486;411;940
1,10295,10368,1,0,0,17,2,37;3;19;150;122;121;326;68;50;95;274;374;504;573;487;411;941
1,10273,10327,1,0,0,16,2,40;25;41;150;151;161;348;90;64;117;296;396;526;595;509;465
1,10263,10338,1,0,0,16,2,40;35;51;150;161;171;358;100;64;127;306;406;536;605;519;475
0,10281,10334,1,0,0,16,0,40;17;26;150;151;153;340;82;64;109;288;388;518;587;501;411
1,10279,10338,1,0,0,16,1,40;19;26;150;151;155;342;84;64;111;290;390;520;589;503;459
1,10397,10486,1,0,0,12,4,102;39;35;224;172;272;402;471;385;341;839;885
1,10385,10446,1,2,0,13,2,102;51;49;236;5;184;284;414;483;397;353;851;897
1,10511,10569,1,1,0,13,2,26;110;58;158;288;357;271;227;725;771;732;775;824
1,10425,10499,1,0,0,12,3,102;11;3;196;144;244;374;443;357;313;811;857
1,10301,10524,1,1,0,16,5,31;13;137;122;121;320;62;9;89;268;368;498;567;481;411;935
1,10299,10584,1,0,0,16,7,33;15;150;122;121;322;64;9;91;270;370;500;569;483;411;937
1,10338,10604,1,1,0,14,4,105;98;96;283;25;7;52;231;331;461;530;444;400;898
1,10313,10537,1,0,0,16,4,19;1;137;122;108;308;50;9;77;256;356;486;555;469;411;923
1,10577,10795,1,1,0,13,5,44;92;19;232;205;161;659;705;666;709;758;132;495
1,10590,10665,1,0,0,13,2,31;24;19;232;192;148;646;692;653;696;745;119;482
1,10613,10671,1,1,0,14,2,8;24;19;206;169;125;623;669;630;673;722;96;459;643
1,10634,10719,1,0,0,14,2,12;19;206;148;104;602;648;609;652;701;75;438;622;551
1,10524,10583,1,0,0,14,1,5;97;45;145;275;344;258;214;712;758;719;762;811;185
1,10541,10818,1,0,0,14,7,80;28;128;258;327;241;197;695;741;702;745;794;168;531
1,10558,10830,1,0,0,14,8,63;11;111;241;232;224;180;678;724;685;728;777;151;514
0,10577,10642,1,0,0,13,0,44;24;19;232;205;161;659;705;666;709;758;132;495
1,10678,10735,1,0,0,13,2,19;171;66;44;558;604;565;608;657;31;344;578;507
1,10729,10785,1,0,0,14,1,19;139;53;9;507;553;514;557;606;343;527;456;528;673
1,10751,10807,1,0,0,13,1,19;117;31;485;531;492;535;584;307;505;434;506;651
1,10753,10835,1,1,0,13,1,19;96;29;483;529;490;533;582;307;503;432;504;649
1,10655,10710,1,0,0,14,1,12;19;171;127;83;581;627;588;631;680;54;417;601;530
1,10663,10944,1,1,0,14,5,6;19;171;119;44;573;619;580;623;672;46;409;593;522
1,10665,10731,1,1,0,14,1,4;19;171;66;44;571;617;578;621;670;44;407;591;520
1,10674,10745,1,0,0,13,1,19;171;66;44;562;608;569;612;661;35;379;582;511
1,10803,11043,1,1,0,11,6,65;433;479;440;483;481;269;453;382;454;599
1,10798,10862,1,0,0,12,2,1;70;438;484;445;488;537;274;458;387;459;604
0,10792,10854,1,0,0,12,0,7;76;444;490;451;494;543;280;464;393;465;610
0,10774,10845,1,0,0,13,0,19;94;5;462;508;469;512;561;298;482;411;483;628
0,10904,10968,1,0,0,12,0,174;378;339;320;431;168;352;281;353;498;542;550
1,10864,10943,1,0,0,12,3,4;174;418;379;356;471;208;392;321;393;538;582
1,10822,11063,1,0,0,12,8,46;414;460;421;356;481;250;434;363;434;580;624
1,10816,10880,1,0,0,11,1,52;420;466;427;356;481;256;440;369;441;586
0,10957,11018,1,0,0,12,0,174;143;286;317;378;115;299;228;300;445;489;497
1,10954,11212,1,0,0,12,6,174;273;289;317;381;118;302;231;303;448;492;500
1,10946,11032,1,1,0,12,3,174;336;297;317;389;126;310;239;311;456;500;508
1,10925,10997,1,0,0,12,3,174;357;318;320;410;147;331;260;332;477;521;529
0,11011,11064,1,0,0,12,0,151;143;232;275;324;61;245;174;246;391;435;443
0,11003,11085,1,0,0,12,0,151;143;240;283;332;69;253;182;254;399;443;451
0,11000,11076,1,1,0,12,0,151;143;243;286;335;72;256;185;257;402;446;454
1,10990,11214,1,1,0,12,9,174;143;253;296;345;82;266;195;267;412;456;464
0,11053,11128,1,0,0,12,0,151;134;173;233;282;19;203;132;204;349;393;401
1,11097,11330,1,0,0,11,3,139;134;146;189;238;159;88;160;305;349;357
1,11033,11105,1,0,0,12,2,151;143;210;253;302;39;223;152;224;369;413;421
1,11050,11139,1,0,0,12,1,151;143;173;236;285;22;206;135;207;352;396;404
1,11109,11174,1,1,0,11,1,110;27;134;177;226;147;76;110;293;337;345
0,11121,11172,1,1,0,11,0,110;23;122;165;214;135;64;110;281;325;333
1,11106,11165,1,0,0,11,3,130;27;137;180;229;150;79;151;296;340;348
1,11108,11164,1,1,0,11,2,110;27;135;178;227;148;77;149;294;338;346
1,11166,11252,1,0,0,11,3,35;23;77;120;169;90;19;91;236;280;288
0,11177,11252,1,1,0,12,0,16;23;66;109;158;79;8;80;225;269;277;395
1,11143,11232,1,0,0,11,3,93;23;100;143;192;113;42;110;259;303;311
1,11152,11232,1,0,0,11,3,48;23;91;134;183;104;33;105;250;294;302
1,11248,11533,1,1,0,10,5,23;1;87;8;9;154;198;206;324;521
1,11261,11537,1,1,0,9,1,21;1;47;141;185;193;311;508;628
0,11208,11293,1,1,0,12,0,16;23;35;78;127;48;49;194;238;246;364;561
1,11236,11312,1,0,0,12,2,0;23;7;50;99;20;21;166;210;218;336;533
1,11275,11333,1,0,0,9,1,7;1;47;127;171;179;297;430;614
1,11275,11554,1,0,0,9,3,7;1;33;127;171;179;297;430;614
1,11294,11375,1,0,0,7,1,33;108;152;6;278;430;595
0,11288,11372,1,0,0,7,0,33;114;158;6;284;430;601
1,11353,11431,1,0,0,8,1,49;93;6;219;416;536;764;542
1,11313,11398,1,0,0,7,2,22;89;133;6;259;425;576
0,11391,11451,1,0,0,8,0,11;55;6;181;378;491;726;504
0,11388,11454,1,0,0,8,0,14;58;6;184;381;491;729;507
0,11435,11495,1,0,0,8,0,11;6;137;334;454;682;460;842
1,11404,11493,1,0,0,7,1,42;6;168;365;485;713;491
1,11457,11692,1,0,0,7,5,115;312;432;660;438;820;768
0,11454,11512,1,0,0,8,0,0;118;315;435;663;441;823;771
1,11466,11555,1,1,0,7,2,106;303;408;651;429;811;759
1,11463,11539,1,0,0,7,1,109;306;426;654;432;814;762
1,11493,11571,1,0,0,7,1,79;258;396;624;387;784;732
1,11486,11556,1,0,0,7,1,86;283;403;631;387;791;739
1,11539,11756,1,0,0,9,5,33;230;350;578;356;738;686;597;674
1,11543,11780,1,0,0,9,5,29;226;322;574;352;734;682;593;670
1,11549,11626,1,0,0,9,1,23;220;133;568;346;728;676;587;664
1,11550,11617,1,1,0,9,1,22;199;133;567;345;727;675;586;663
1,11555,11613,1,0,0,9,1,17;171;133;562;340;722;670;581;658
0,11576,11631,1,0,0,8,0,171;126;541;319;701;649;560;637
0,11612,11662,1,0,0,8,0,157;126;505;283;665;613;524;601
1,11622,11679,1,0,0,8,1,147;126;495;273;655;603;514;591
0,11651,11732,1,0,0,8,0,118;126;466;244;626;574;485;562
1,11654,11731,1,0,0,8,1,115;126;463;241;623;571;482;559
1,11660,11745,1,0,0,8,1,86;126;457;235;617;565;476;553
1,11660,11721,1,0,0,8,2,28;126;457;235;617;565;476;553
1,11689,11928,1,0,0,9,6,28;126;428;206;588;536;447;524;995
0,11690,11777,1,0,0,9,0,28;126;192;205;587;535;446;523;994
0,11692,11766,1,1,0,9,0,28;126;192;203;585;533;444;521;992
0,11702,11770,1,0,0,9,0,28;126;192;193;575;523;434;511;982
1,8177,8240,1,0,0,11,1,1;374;270;368;376;349;603;670;543;665;858
1,8254,8478,1,0,0,10,7,374;193;291;299;272;526;593;466;588;781
1,8146,8442,1,0,0,11,9,3;26;511;301;399;407;380;634;701;574;696
0,8169,8252,1,0,0,11,0,1;9;374;278;376;384;357;611;678;551;673
1,8134,8362,1,0,0,11,7,36;26;523;313;411;419;392;646;713;586;708
1,8144,8218,1,0,0,11,3,9;26;513;303;401;409;382;636;703;576;698
0,8086,8142,1,0,0,10,0,84;26;571;361;459;455;440;694;761;634
1,8109,8191,1,0,0,10,2,61;26;548;338;436;444;417;671;738;611
1,8043,8132,1,0,0,9,1,127;26;28;598;404;502;510;483;737
0,8056,8137,1,0,0,9,0,114;26;15;598;391;489;455;470;724
1,8014,8102,1,0,0,9,3,135;26;33;616;433;531;539;512;766
0,8030,8111,1,0,0,9,0,135;26;33;598;417;515;523;496;750
1,8002,8060,1,1,0,9,1,135;26;69;616;445;543;551;524;778
1,8008,8070,1,1,0,9,3,135;26;33;616;439;537;545;518;772
1,7984,8042,1,1,0,9,2,135;26;87;667;463;561;569;542;796
1,7998,8278,1,0,0,9,6,135;26;73;637;449;547;555;528;782
1,8486,8569,1,0,0,11,2,171;2;27;40;286;361;234;356;549;632;1061
1,8481,8545,1,0,0,11,2,176;2;27;45;298;366;239;361;554;637;1066
1,8471,8542,1,0,0,10,2,186;2;82;55;298;376;249;371;564;647
0,8423,8493,1,0,0,11,0,234;17;2;130;103;298;424;297;419;612;695
1,8421,8489,1,0,0,11,2,236;17;2;132;105;359;426;299;421;614;697
0,8406,8479,1,0,0,11,0,251;17;2;147;120;374;441;314;436;629;712
1,8395,8671,1,0,0,11,7,262;52;2;158;131;385;452;325;447;640;723
0,8378,8452,1,1,0,11,0,279;69;2;175;148;402;469;342;464;657;740
0,8372,8431,1,0,0,11,0,285;75;2;181;154;408;475;348;470;663;746
0,8359,8414,1,0,0,11,0,298;88;2;194;167;421;488;361;483;676;759
1,8320,8405,1,0,0,10,3,337;127;2;217;206;460;527;400;522;715
1,8301,8354,1,0,0,10,2,356;146;27;217;211;479;546;419;541;734
1,8299,8385,1,1,0,10,2,358;148;27;217;227;481;548;421;543;736
1,8294,8368,1,0,0,10,1,362;153;27;259;232;486;553;426;548;741
1,8280,8579,1,0,0,10,6,362;167;265;273;246;500;567;440;562;755
1,8263,8318,1,0,0,10,1,364;184;282;290;263;517;584;457;579;772
1,8690,8905,1,0,0,8,3,4;12;30;152;345;428;857;903
1,8701,8755,1,1,0,8,1,4;7;19;141;334;417;846;892
1,8707,8784,1,1,0,8,1,4;7;13;135;328;411;840;882
1,8714,8798,1,1,0,8,1,4;7;6;128;269;404;833;879
0,8593,8659,1,1,0,8,0,64;5;12;127;249;442;525;940
1,8598,8864,1,0,0,8,5,59;5;12;122;244;437;520;940
0,8640,8707,1,0,0,8,0,17;4;12;80;202;395;478;907
1,8647,8706,1,0,0,8,1,10;4;12;73;195;388;471;900
1,8539,8779,1,1,0,10,5,118;2;14;5;308;181;303;496;579;1008
1,8560,8631,1,0,0,8,1,97;5;203;160;282;475;558;987
1,8569,8623,1,0,0,8,1,88;5;203;151;273;466;549;956
1,8581,8848,1,1,0,8,3,76;5;203;139;261;454;537;940
1,8498,8563,1,1,0,11,1,159;2;27;28;282;349;222;344;537;620;1049
1,8508,8587,1,0,0,11,2,149;2;27;18;258;339;212;334;527;610;1039
0,8509,8594,1,0,0,11,0,148;2;27;17;233;338;211;333;526;609;1038
1,8538,8777,1,0,0,10,5,119;2;15;233;309;182;304;497;580;1009
1,8842,9102,1,1,0,10,4,5;0;37;203;430;750;635;602;787;307
1,8838,9122,1,0,0,10,5,7;4;37;203;709;750;639;606;791;311
1,8864,8944,1,1,0,9,2,37;203;430;729;460;580;765;285;913
1,8862,9152,1,0,0,9,4,37;203;430;731;466;582;767;287;915
1,8819,9115,1,1,0,10,8,7;15;216;203;728;774;658;625;810;330
0,8810,8869,1,0,0,10,0,7;15;225;203;737;783;667;634;819;339
1,8831,8889,1,1,0,10,1,7;11;37;203;716;762;646;613;798;318
1,8830,9076,1,1,0,10,7,7;12;205;203;717;763;647;614;799;319
1,8802,8871,1,0,0,10,1,7;29;233;316;743;791;675;642;827;347
1,8791,8853,1,1,0,10,1,7;51;244;327;743;802;686;653;838;358
1,8804,9011,1,1,0,10,3,7;15;231;314;743;789;673;640;825;345
0,8802,8867,1,1,0,10,0,7;15;233;316;743;791;675;642;827;347
1,8742,8829,1,0,0,8,1,4;7;78;269;376;799;851;735
1,8732,8811,1,1,0,8,1,4;7;78;269;386;815;861;745
1,8784,8837,1,1,0,10,1,7;57;251;334;763;809;693;660;845;365
1,8751,8814,1,1,0,9,1,4;7;78;269;367;784;842;726;693
1,9012,9089,1,0,0,11,2,23;89;430;581;423;432;617;137;765;625;519
1,9033,9094,1,1,0,11,2,2;85;430;530;423;411;596;116;744;604;498
1,8980,9035,1,2,0,11,2,37;138;430;613;423;464;649;169;772;657;551
1,9010,9275,1,1,0,11,6,25;107;430;583;423;434;619;139;767;627;521
1,9056,9263,1,0,0,10,4,62;430;510;419;388;573;93;721;581;475
0,9073,9140,1,1,0,11,0,45;430;510;404;371;556;76;704;564;458;536
1,9034,9104,1,1,0,11,1,1;84;430;510;423;410;595;115;743;603;497
0,9043,9100,1,0,0,10,0,75;430;510;419;401;586;106;734;594;488
1,8943,9017,1,0,0,11,1,37;175;430;650;460;501;686;206;834;694;588
1,8953,9013,1,0,0,11,1,37;165;430;627;460;491;676;196;824;684;578
0,8903,8983,1,1,0,10,0,37;203;430;688;460;541;726;246;874;734
0,8915,8987,1,0,0,10,0,37;203;430;678;460;529;714;234;862;722
1,8971,9234,1,0,0,11,5,37;147;430;622;460;473;658;178;772;666;560
1,8977,9045,1,1,0,11,1,37;141;430;616;430;467;652;172;772;660;554
0,8954,9014,1,0,0,11,0,37;164;430;627;460;490;675;195;788;683;577
1,8956,9022,1,0,0,11,1,37;162;430;627;460;488;673;193;788;681;575
1,9256,9331,1,0,0,12,2,195;337;208;188;373;521;381;275;353;557;560;724
1,9230,9442,1,0,0,12,4,195;363;233;214;399;547;407;301;379;583;586;750
1,9201,9290,1,0,0,11,2,195;392;276;243;428;576;436;330;408;612;615
0,9183,9264,1,0,0,11,0,195;410;294;261;446;594;454;348;426;630;633
1,9299,9535,1,1,0,12,6,195;245;178;145;330;478;338;213;310;514;517;681
1,9291,9366,1,0,0,12,3,195;293;183;153;338;486;346;213;318;522;525;689
1,9289,9359,1,0,0,12,1,195;293;183;155;340;488;348;242;320;524;527;691
1,9258,9316,1,0,0,12,1,195;293;208;186;371;519;379;273;351;555;558;722
0,9110,9184,1,0,0,11,0,8;430;479;367;334;519;39;667;527;421;499
0,9104,9192,1,1,0,11,0,14;430;479;373;340;525;45;673;533;427;505
1,9097,9156,1,0,0,11,2,21;430;496;376;347;532;52;680;540;434;512
1,9077,9137,1,0,0,11,1,41;430;510;400;367;552;72;700;560;454;532
0,9176,9237,1,0,0,11,0,195;417;301;268;453;601;461;355;433;637;640
0,9156,9226,1,0,0,11,0,195;437;315;288;473;621;481;375;453;657;660
1,9151,9363,1,0,0,11,4,195;442;326;293;478;626;486;380;458;662;665
1,9135,9367,1,0,0,10,7,412;458;342;309;494;14;642;502;396;474
1,9409,9663,1,0,0,13,7,138;111;68;5;220;368;228;109;200;404;407;542;923
1,9413,9472,1,0,0,13,1,134;111;64;5;216;185;224;109;196;400;403;542;919
1,9435,9491,1,0,0,13,1,112;111;42;5;194;185;202;94;174;378;381;542;897
0,9453,9513,1,1,0,12,0,94;111;24;176;185;184;58;156;360;363;527;879
1,9461,9529,1,0,0,12,1,86;111;16;168;185;176;58;148;352;355;519;871
1,9469,9737,1,0,0,13,5,78;111;8;160;185;168;58;140;344;347;497;863;335
1,9493,9572,1,0,0,12,2,54;100;136;185;38;38;116;320;323;487;839;311
0,9518,9584,1,0,0,13,0,29;75;111;185;38;13;91;295;298;462;814;286;780
1,9323,9398,1,0,0,12,1,195;111;154;121;306;454;314;208;286;490;493;657
1,9331,9405,1,0,0,12,1,195;111;146;113;298;434;306;200;278;482;485;649
1,9337,9419,1,0,0,12,2,195;111;140;107;292;434;300;170;272;476;479;643
1,9372,9450,1,0,0,12,2,175;111;105;36;257;405;265;159;237;441;444;608
1,9385,9604,1,1,0,12,4,162;111;92;21;244;392;252;146;224;428;431;595
1,9388,9454,1,1,0,12,1,159;111;89;5;241;389;249;143;221;425;428;592
1,9397,9460,1,0,0,12,1,150;111;80;5;232;380;240;134;212;416;419;542
0,9404,9466,1,1,0,13,0,143;111;73;5;225;373;233;109;205;409;412;542;928
0,9781,9864,1,0,0,13,0,32;35;199;551;23;517;363;533;756;655;653;840;582
0,9742,9796,1,1,0,11,0,15;71;49;230;590;62;556;402;572;795;694
1,9803,9888,1,1,0,14,2,10;13;160;529;1;495;341;511;734;633;631;818;560;542
1,9797,9871,1,0,0,14,2,16;19;183;535;7;501;347;517;740;639;637;824;566;548
1,9821,10080,1,0,0,11,4,139;366;477;323;493;716;615;613;800;542;524
1,9807,10071,1,0,0,13,8,6;9;139;525;491;337;507;730;629;627;814;556;538
0,9832,9904,1,1,0,11,0,107;366;466;312;482;627;604;602;789;531;513
1,9826,10058,1,0,0,11,7,139;366;472;318;488;627;610;608;795;537;519
0,9539,9606,1,1,0,12,0,8;54;90;185;38;70;274;114;441;793;265;759
1,9522,9780,1,0,0,13,5,25;71;107;185;38;9;87;291;294;458;810;282;776
1,9594,9811,1,0,0,11,3,35;183;38;15;219;114;386;738;210;704;550
0,9559,9623,1,0,0,12,0,34;70;185;38;50;254;114;421;773;245;739;585
0,9697,9754,1,1,0,9,0,80;116;49;283;635;107;601;447;617
0,9671,9726,1,0,0,9,0,106;142;49;309;661;133;627;473;643
1,9734,9963,1,0,0,11,4,43;79;49;230;598;70;564;410;580;803;702
1,9721,9777,1,0,0,10,1,56;92;49;259;611;83;577;423;593;816
1,13582,13642,1,0,0,14,2,37;157;31;32;155;259;191;568;830;393;665;848;844;670
1,13602,13672,1,1,0,14,1,37;137;11;12;135;239;171;548;810;373;645;828;824;664
1,13635,13854,1,0,0,12,5,11;104;102;206;138;515;777;340;612;795;791;631
1,13644,13863,1,0,0,14,8,2;95;38;197;129;506;768;331;603;786;782;622;718;1020
1,13532,13750,1,0,0,14,6,114;207;81;15;82;205;309;241;618;880;443;715;898;894
1,13540,13780,1,1,0,14,9,103;199;73;7;74;197;301;233;610;872;435;707;890;886
1,13570,13657,1,0,0,14,4,76;169;43;44;167;271;203;580;842;405;677;860;856;696
1,13572,13640,1,0,0,14,1,37;167;41;42;165;269;201;578;840;403;675;858;854;694
1,13728,13810,1,0,0,15,1,11;9;113;45;422;653;247;519;702;698;538;634;936;581;1069
1,13747,13799,1,1,0,16,2,94;26;403;653;228;500;627;679;519;615;917;562;1050;775;649;566
1,13769,13831,1,0,0,16,3,72;4;381;630;206;478;627;657;497;593;895;540;1028;753;627;544
0,13772,13822,1,0,0,16,0,69;1;378;585;203;475;627;654;494;590;892;537;1025;750;624;541
1,13651,13898,1,1,0,13,9,88;38;178;122;499;761;324;596;779;775;615;711;1013
1,13668,13733,1,0,0,13,1,71;38;149;105;482;744;307;579;762;758;598;694;996
1,13679,13764,1,0,0,13,2,60;38;149;94;471;733;296;568;751;747;587;683;985
1,13683,13737,1,1,0,13,2,56;38;149;90;467;664;292;564;747;743;583;679;981
1,13323,13405,1,1,0,13,3,21;10;132;208;416;290;224;291;414;206;502;450;827
1,13316,13394,1,0,0,13,3,28;10;132;215;423;297;231;298;421;213;503;457;834
1,13378,13658,1,0,0,11,7,132;133;361;228;169;236;359;151;463;395;772
1,13337,13408,1,1,0,13,1,7;10;132;133;402;276;210;277;400;192;502;436;813
1,13287,13359,1,0,0,14,1,57;3;18;132;244;452;326;260;299;450;242;554;486;863
1,13285,13362,1,1,0,14,2,59;10;18;132;246;454;328;262;299;452;244;556;488;865
0,13314,13394,1,0,0,13,0,30;10;132;217;425;299;233;299;423;215;503;459;836
1,13294,13357,1,0,0,14,2,50;3;10;132;237;445;319;253;299;443;235;547;479;856
1,13463,13529,1,1,0,12,2,114;68;232;150;84;151;274;66;378;310;687;949
1,13451,13533,1,1,0,12,4,121;80;232;162;96;163;286;78;390;322;699;961
0,13484,13535,1,1,0,13,0,114;47;232;105;23;130;253;45;357;289;666;928;491
1,13464,13547,1,1,0,12,2,114;67;232;149;23;150;273;65;377;309;686;948
1,13394,13448,1,1,0,12,2,132;133;232;219;153;220;343;135;447;379;756;1018
1,13383,13451,1,1,0,12,1,132;133;295;228;164;231;354;146;458;390;767;1029
1,13420,13500,1,0,0,12,3,121;111;232;181;127;194;317;109;421;353;730;992
1,13401,13638,1,1,0,12,5,132;130;232;181;146;213;336;128;440;372;749;1011
1,14125,14204,1,0,0,18,2,25;287;107;98;301;141;215;539;184;672;397;271;188;400;362;274;714;788
0,14127,14211,1,0,0,18,0,23;285;107;98;299;139;215;537;182;670;395;206;186;398;360;272;712;786
1,14121,14208,1,0,0,18,3,29;291;126;98;305;145;241;543;188;676;401;275;192;404;366;278;718;792
1,14123,14197,1,0,0,18,3,27;289;107;98;303;143;239;541;186;674;399;273;190;402;364;276;716;790
1,14082,14144,1,1,0,17,2,38;325;165;348;344;184;280;582;227;715;440;314;231;443;405;317;757
1,14095,14339,1,0,0,17,12,38;317;152;335;331;171;253;569;214;702;427;301;218;430;392;304;744
1,14011,14075,1,0,0,17,2,38;325;236;378;415;255;338;653;298;786;511;385;302;514;476;388;828
1,14060,14310,1,0,0,17,13,38;325;187;360;366;206;302;604;249;737;462;336;253;465;427;339;779
1,14290,14348,1,0,0,17,2,122;98;136;72;374;19;507;232;106;23;235;197;109;549;623;412;805
1,14297,14380,1,1,0,17,3,115;98;129;65;367;12;500;225;78;16;228;190;102;542;616;405;798
1,14216,14276,1,0,1,19,2,196;31;98;210;50;146;448;93;581;306;180;97;309;271;183;623;697;486;879
1,14241,14299,1,0,0,19,2,171;6;98;185;25;121;423;68;556;281;155;72;284;246;158;598;672;461;854
1,14172,14261,1,0,0,19,4,240;75;98;254;94;190;492;137;625;350;184;141;353;315;227;667;741;530;923
1,14179,14260,1,1,0,19,2,233;68;98;247;87;171;485;130;618;343;184;134;346;308;220;660;734;523;916
1,14144,14202,1,1,0,19,1,6;268;103;98;282;122;215;520;165;653;378;206;169;381;343;255;695;769;558
1,14165,14218,1,0,0,19,2,247;82;98;261;101;197;499;144;632;357;206;148;360;322;234;674;748;537;930
1,13883,13953,1,0,0,17,3,38;529;92;285;547;543;383;479;781;426;914;639;513;430;642;604;516
1,13865,13928,1,1,0,17,3,38;547;110;285;565;561;401;497;799;444;932;657;531;448;660;622;534
1,13841,14135,1,0,0,17,14,0;309;566;134;285;589;585;412;521;823;468;956;681;555;472;684;646
1,13833,13904,1,1,0,16,1,8;317;566;142;285;597;593;428;529;831;476;964;689;563;480;692
1,13826,13886,1,0,0,16,1,15;324;566;149;285;604;600;440;536;838;483;971;696;570;487;699
1,13798,13878,1,1,0,15,6,43;352;566;177;285;627;628;468;564;866;511;999;724;598;515
1,13797,13849,1,0,0,15,2,44;353;585;178;285;627;629;469;565;867;512;1000;725;599;516
1,13775,14012,1,0,0,15,9,66;375;585;200;472;627;651;491;587;889;534;1022;747;621;538
1,14009,14095,1,0,0,17,3,38;325;238;421;417;257;338;655;300;788;513;387;304;516;478;390;830
1,13992,14046,1,0,0,17,3,38;325;255;438;434;274;370;672;317;805;530;404;321;533;495;398;847
1,13972,14263,1,0,0,18,14,38;383;3;275;444;454;294;390;692;337;825;550;424;341;553;515;398;867
1,13952,14004,1,0,0,18,1,38;383;23;280;444;474;314;410;712;357;845;570;444;361;573;535;447;887
1,13942,13993,1,1,0,17,2,38;383;32;280;488;484;324;420;722;367;855;580;454;371;583;545;457
1,13912,13998,1,1,0,17,5,38;383;63;285;518;514;354;450;752;397;885;610;484;401;613;575;487
1,13912,13978,1,0,0,17,2,38;383;32;285;518;514;354;450;752;397;885;610;484;401;613;575;487
1,13905,14170,1,1,0,17,13,38;507;70;285;525;521;361;457;759;404;892;617;491;408;620;582;494
1,14620,14671,1,0,0,10,1,44;177;219;151;82;475;553;574;816;695
1,14639,14708,1,0,0,11,1,25;158;200;151;63;456;528;555;797;676;295
1,14668,14885,1,0,0,10,4,129;171;151;34;427;498;526;768;647;266
1,14676,14925,1,1,0,10,5,121;163;151;26;372;497;518;760;639;258
1,14689,14744,1,0,0,10,2,108;150;151;13;344;484;505;747;626;245
1,14692,14932,1,0,0,10,5,105;147;151;10;343;481;502;744;623;242
1,14692,14751,1,2,0,10,1,105;147;151;10;339;481;502;744;623;242
1,14693,14945,1,2,0,10,4,103;146;151;9;339;480;501;743;622;241
1,14704,14949,1,10,0,9,6,93;135;151;322;469;490;732;611;230
1,14730,14939,1,2,0,9,5,67;109;151;322;443;464;706;585;204
1,14752,14807,1,1,0,9,1,37;87;151;322;421;442;684;563;182
0,14774,14833,1,0,0,9,0,21;65;139;321;399;420;662;541;160
1,14781,14863,1,0,0,9,1,16;58;132;314;392;413;655;534;153
0,14783,14859,1,0,0,9,0,7;56;130;312;390;411;653;532;151
0,14808,14886,1,0,0,8,0,31;105;287;365;386;628;507;126
1,14825,14878,1,0,0,8,2,14;88;270;348;369;611;490;109
1,14330,14615,1,0,0,15,6,82;98;96;32;158;467;192;66;195;157;69;509;583;372;765
1,14327,14618,1,0,0,15,7,85;98;99;35;337;470;195;69;198;160;72;512;586;375;768
1,14351,14421,1,0,0,16,2,61;78;75;11;122;446;171;45;174;136;48;488;562;351;744;822
1,14337,14407,1,0,0,16,4,75;93;89;25;122;460;185;59;188;150;62;502;576;365;758;836
1,14393,14482,1,0,0,15,1,19;37;33;122;404;129;3;132;94;6;446;520;309;702;780
1,14353,14415,1,0,0,16,3,59;77;73;9;122;444;169;36;172;134;46;486;560;349;742;820
1,14425,14480,1,0,0,13,2,5;1;122;372;97;100;45;414;488;277;670;748;769
1,14398,14472,1,1,0,14,1,14;32;28;122;399;124;127;68;1;441;515;304;697;775
1,14459,14511,1,0,0,11,1,122;338;63;66;28;380;454;243;636;714;735
0,14429,14516,1,1,0,12,0,1;122;368;93;66;45;410;484;273;666;744;765
1,14552,14627,1,0,0,8,1,112;245;287;361;150;543;621;642
1,14482,14571,1,0,0,11,3,122;315;40;43;5;357;406;220;613;691;712
0,14584,14635,1,0,0,9,0,80;213;255;329;118;511;586;610;852
1,14556,14636,1,0,0,8,2,108;241;283;357;146;539;586;638
0,14619,14675,1,0,0,9,0,45;178;220;151;83;476;554;575;817
1,14615,14901,1,0,0,9,5,49;182;224;298;87;480;558;579;821
1,15203,15269,1,0,0,16,2,204;112;129;330;214;516;313;103;810;777;210;331;918;526;734;674
1,15213,15302,1,0,0,16,1,204;102;119;320;204;502;303;93;800;767;200;321;908;516;724;664
1,15171,15244,1,0,0,16,3,2;23;259;144;161;362;246;548;345;135;842;809;242;363;950;558
1,15201,15251,1,0,0,15,2,235;114;131;332;216;518;315;105;812;779;212;333;920;528;736
1,15232,15292,1,0,0,16,3,186;17;100;301;185;447;284;74;781;748;181;302;889;497;705;645
1,15233,15313,1,0,0,16,3,186;17;99;300;150;447;283;73;780;747;180;301;888;496;704;644
1,15218,15307,1,1,0,16,2,204;17;114;315;199;501;298;88;795;762;195;316;903;511;719;659
1,15222,15298,1,1,0,16,4,186;17;110;311;195;497;294;84;791;758;191;312;899;507;715;655
1,15342,15431,1,1,0,16,1,40;191;75;377;174;671;638;71;192;779;387;595;535;452;714;488
1,15345,15430,1,0,0,16,4,40;188;72;374;171;668;635;68;189;776;384;592;450;449;711;485
1,15272,15529,1,0,0,17,11,164;17;60;261;145;447;244;34;712;708;141;262;849;457;665;605;522
1,15289,15580,1,0,0,18,9,147;17;43;244;128;410;227;17;712;691;124;245;832;440;648;588;505;767
1,15351,15650,1,0,0,16,7,40;182;66;368;165;636;629;62;183;770;378;586;450;443;705;479
1,15357,15431,1,0,0,16,1,40;176;60;205;159;636;623;56;177;764;372;580;450;437;699;473
1,14886,15161,1,1,0,13,10,23;195;287;308;550;429;48;446;647;531;833;630;420
1,14856,15117,1,0,0,9,6,57;195;317;338;580;459;78;476;677
1,14851,15132,1,1,0,8,5,62;244;322;343;585;464;83;481
1,14836,15125,1,0,0,8,7,3;76;259;337;358;600;479;98
0,15047,15114,1,0,0,15,0,48;126;147;389;268;285;446;370;672;469;259;966;933;366;487
1,15035,15110,1,0,0,15,1,60;138;159;401;280;297;498;382;684;481;271;978;945;378;499
1,14913,15121,1,1,0,13,6,0;110;260;281;523;402;21;419;620;504;806;603;393
1,14904,14993,1,0,0,13,2,9;121;269;290;532;411;30;428;629;513;815;612;402
1,15099,15184,1,0,0,16,3,67;95;259;216;233;420;318;620;417;207;914;881;314;435;1022;630
1,15083,15170,1,0,0,16,1,12;67;111;259;232;249;446;334;636;433;223;930;897;330;451;1038
1,15079,15158,1,0,0,16,2,16;94;115;259;236;253;446;338;640;437;227;934;901;334;455;1042
1,15048,15334,1,1,0,15,7,47;125;146;388;267;284;446;369;671;468;258;965;932;365;486
1,15117,15186,1,1,0,16,3,44;77;259;198;215;416;300;577;399;189;896;863;296;417;1004;612
0,15114,15185,1,0,0,16,0,44;80;259;201;218;419;303;577;402;192;899;866;299;420;1007;615
1,15104,15174,1,0,0,16,3,44;90;259;211;228;420;313;615;412;202;909;876;309;430;1017;625
0,15102,15186,1,0,0,16,0,44;92;259;213;230;420;315;617;414;204;911;878;311;432;1019;627
1,12058,12139,1,0,0,12,4,59;219;167;78;155;626;736;342;788;718;471;584
0,12037,12097,1,0,0,12,0,80;240;188;99;176;647;757;363;809;739;492;605
1,12086,12297,1,0,0,13,5,31;191;139;50;127;598;708;314;760;690;443;556;893
0,12086,12138,1,0,0,13,0,31;191;139;50;127;410;708;314;760;690;443;556;893
1,11988,12062,1,0,0,12,2,98;279;233;148;225;696;806;412;858;788;541;654
1,11978,12058,1,2,0,12,3,98;299;233;158;235;706;816;422;868;798;551;664
0,12021,12078,1,0,0,12,0,96;247;204;115;192;663;773;379;825;755;508;621
1,12015,12259,1,0,0,12,7,98;262;210;121;198;669;779;385;831;761;514;627
1,11939,12023,1,1,0,8,1,132;338;242;197;274;745;855;461
1,11925,12162,1,2,0,8,4,132;352;242;211;288;759;869;475
1,11956,12013,1,3,0,9,1,98;321;233;180;257;728;838;444;890
1,11946,12031,1,1,0,8,1,132;331;233;190;267;738;848;454
1,11877,11929,1,25,0,10,1,12;132;16;400;271;259;336;807;917;523
0,11869,11941,1,11,0,10,0,20;132;16;408;271;267;344;815;925;531
1,11890,12112,1,27,0,9,4,132;5;387;253;246;323;794;904;510
0,11886,11971,1,41,0,10,0,3;132;9;391;253;250;327;798;908;514
0,11828,11896,1,2,0,9,0,61;132;16;449;337;308;385;856;966
1,11845,12049,1,2,0,10,3,44;132;16;432;337;291;368;839;949;555
1,11845,11898,1,2,0,10,2,44;132;16;432;288;291;368;839;949;555
1,11863,12101,1,4,0,10,5,26;132;16;414;288;273;350;821;931;537
1,11773,11852,1,1,0,8,1,97;166;16;503;337;363;440;911
0,11774,11857,1,1,0,8,0,97;166;16;484;337;362;439;910
1,11776,12046,1,0,0,8,4,97;166;16;484;337;360;437;908
1,11794,12009,1,1,0,9,5,95;132;16;483;337;342;419;890;1000
1,11735,11992,1,1,0,9,4,28;97;192;16;542;339;401;478;949
1,11743,12003,1,1,0,9,4,26;97;192;16;534;338;393;470;941
1,11749,11837,1,1,0,9,1,20;97;166;16;528;338;387;464;935
1,11771,11986,1,1,0,8,3,97;166;16;503;338;365;442;913
1,11706,11963,1,0,0,9,4,28;126;192;189;571;519;430;507;978
1,11718,11932,1,0,0,9,4,28;126;192;177;559;369;418;495;966
1,11719,12016,1,0,0,9,5,28;126;192;16;558;369;417;494;965
1,11720,11802,1,0,0,9,2,28;97;192;16;557;369;416;493;964
0,12367,12436,1,1,0,12,0,224;427;28;479;386;162;275;612;426;598;277;748
1,12364,12417,1,0,0,12,1,224;430;28;482;396;165;278;615;429;601;280;751
1,12359,12441,1,0,0,11,1,224;435;28;487;417;170;283;620;434;606;285
1,12356,12639,1,1,0,11,7,224;438;44;490;420;173;286;623;437;609;288
1,12337,12423,1,0,0,11,1,224;457;63;509;439;192;305;642;456;628;307
1,12327,12599,1,0,0,11,9,249;467;73;519;440;202;315;652;466;638;317
1,12308,12370,1,0,0,11,1,249;486;81;538;440;221;334;671;485;657;336
0,12301,12362,1,0,0,10,0,249;493;81;545;440;228;341;678;492;663
1,12296,12362,1,1,0,10,2,249;498;104;550;440;233;346;683;497;663
1,12292,12359,1,0,0,10,1,250;502;104;554;440;237;350;687;501;663
1,12291,12367,1,0,0,10,2,250;503;109;555;440;238;351;688;502;663
0,12290,12341,1,1,0,10,0,250;504;110;556;440;239;352;689;503;663
1,12280,12357,1,0,0,10,1,250;514;120;566;496;249;362;699;513;663
0,12280,12359,1,1,0,10,0,250;514;120;566;440;249;362;699;513;663
0,12280,12367,1,0,0,10,0,250;514;120;566;440;249;362;699;513;663
1,12276,12542,1,0,0,11,9,1;316;518;124;570;500;253;366;703;517;663
0,12253,12333,1,1,0,11,0,24;316;541;125;593;523;276;389;726;540;712
1,12261,12476,1,0,0,11,1,16;316;533;125;585;515;268;381;718;532;704
1,12224,12486,1,0,0,12,4,53;1;316;570;139;622;552;305;418;755;569;741
0,12237,12288,1,1,0,11,0,40;316;557;125;609;539;292;405;742;556;728
0,12208,12278,1,0,0,12,0,69;17;5;316;586;171;638;568;321;434;771;585
1,12222,12302,1,1,0,12,2,55;3;316;572;171;624;554;307;420;757;571;743
1,12164,12234,1,1,0,12,2,113;61;49;316;630;202;682;612;365;478;815;629
1,12181,12236,1,0,0,12,2,96;44;32;316;613;173;665;595;348;461;798;612
1,12141,12213,1,1,0,12,2,136;84;72;316;653;259;705;635;388;501;838;652
1,12159,12230,1,0,0,12,2,118;66;54;316;635;211;687;617;370;483;820;634
0,12128,12185,1,0,0,13,0,149;97;8;85;316;666;272;718;648;401;514;851;665
0,12140,12217,1,1,0,12,0,137;85;73;316;654;260;706;636;389;502;839;653
0,12112,12167,1,0,0,13,0,5;158;113;24;101;316;682;288;734;664;417;530;867
1,12115,12315,1,1,0,13,5,2;158;110;21;98;316;679;285;731;661;414;527;864
1,12088,12324,1,1,0,13,5,29;189;137;48;125;410;706;312;758;688;441;554;891
1,12102,12370,1,0,0,13,6,15;158;123;34;111;410;692;298;744;674;427;540;877
1,12752,13037,1,0,0,13,7,42;94;24;144;41;213;363;243;453;549;356;417;621
0,12742,12825,1,0,0,12,0,52;104;34;144;51;223;373;253;453;559;366;427
1,12758,13057,1,0,0,14,8,36;88;18;59;35;207;357;237;446;543;350;411;615;888
1,12753,12826,1,0,0,13,1,41;93;23;59;40;212;362;242;453;548;355;416;620
0,12788,12854,1,0,0,13,0,6;58;45;5;177;327;207;446;513;320;381;585;858
1,12772,12990,1,0,0,14,6,22;74;4;59;21;193;343;223;446;529;336;397;601;874
1,12805,12868,1,0,0,12,1,41;45;160;310;190;446;496;303;364;568;841;726
0,12794,12863,1,1,0,12,0,0;52;45;171;321;201;446;507;314;375;579;852
1,12639,12710,1,0,0,15,1,45;155;207;137;3;144;154;310;5;476;356;680;662;469;530
1,12628,12716,1,1,0,14,1,56;166;218;148;14;144;165;337;16;487;367;680;673;480
1,12696,12773,1,0,0,12,2,98;150;80;144;97;269;419;299;648;605;412;473
1,12639,12714,1,0,0,15,1,45;155;207;137;3;144;154;291;5;476;356;680;662;469;530
0,12714,12797,1,1,0,12,0,80;132;62;144;79;243;401;281;574;587;394;455
1,12705,12778,1,0,0,12,1,89;141;71;144;88;260;410;290;574;596;403;464
0,12729,12811,1,0,0,12,0,65;117;47;144;64;236;386;266;453;572;379;440
1,12716,12941,1,0,0,12,3,78;130;60;144;77;243;399;279;574;585;392;453
0,12519,12607,1,0,0,13,0,83;275;327;257;10;123;460;274;446;125;596;476;825
1,12546,12627,1,0,0,12,1,83;248;300;230;96;433;247;419;98;569;449;798
1,12549,12631,1,0,0,12,5,83;245;272;227;93;430;244;416;95;566;446;795
1,12580,12669,1,0,0,12,1,83;214;266;196;62;399;213;385;64;535;415;764
0,12600,12675,1,0,0,13,0,83;194;246;176;42;379;193;365;44;515;395;744;701
1,12612,12684,1,0,0,14,1,72;182;234;164;30;367;181;353;32;503;383;732;689;496
1,12613,12690,1,0,0,14,1,71;181;233;163;29;366;180;340;31;502;382;731;688;495
1,12626,12842,1,0,0,14,6,58;168;220;150;16;353;167;339;18;489;369;680;675;482
0,12375,12439,1,0,0,13,0,224;419;25;471;386;154;267;604;418;590;269;740;620
1,12395,12450,1,1,0,13,1,224;399;5;451;381;134;247;584;398;570;249;720;600
1,12400,12456,1,0,0,13,1,224;394;0;446;376;129;242;579;393;563;244;715;595
1,12437,12504,1,0,0,13,2,224;357;409;339;92;205;542;356;528;207;678;558;907
1,12447,12695,1,1,0,13,5,224;347;399;329;82;195;532;346;501;197;668;548;897
1,12452,12697,1,1,0,13,12,224;342;339;324;77;190;527;341;501;192;663;543;892
1,12486,12746,1,0,0,13,11,156;308;339;290;43;156;493;307;479;158;629;509;858
1,12491,12559,1,0,0,13,1,83;303;339;285;38;151;488;302;474;153;624;504;853
1,13203,13287,1,1,0,11,1,141;10;18;275;328;536;410;344;411;534;326
1,13193,13432,1,0,0,11,7,151;10;18;453;338;546;420;354;421;544;336
0,13185,13250,1,1,0,11,0,159;10;18;457;346;554;428;362;429;552;344
1,13166,13401,1,0,0,11,3,178;10;3;207;457;365;558;447;381;448;571
1,13278,13516,1,1,0,14,8,66;10;18;275;253;461;335;269;299;459;251;563;495;872
1,13275,13350,1,0,0,13,2,69;10;18;275;256;464;338;272;301;462;254;566;498
1,13270,13333,1,0,0,12,1,74;10;18;275;260;469;343;277;344;467;259;571
0,13221,13276,1,1,0,11,0,123;10;18;275;260;518;392;326;393;516;308
0,13086,13136,1,1,0,12,0,29;258;215;22;37;287;560;445;629;527;461;528
1,13067,13139,1,1,0,12,1,48;277;228;41;37;306;579;464;641;546;480;547
1,13051,13120,1,0,0,11,2,64;293;231;57;37;322;595;480;641;562;496
1,13045,13130,1,0,0,11,2,70;299;252;63;37;328;601;486;641;568;502
1,13154,13205,1,0,0,11,1,190;10;15;219;475;377;558;459;393;460;583
1,13151,13227,1,0,0,11,1,193;10;18;222;495;380;558;462;396;463;586
1,13149,13215,1,0,0,10,1,195;10;20;224;497;382;590;464;398;465
1,13111,13383,1,0,0,11,6,4;233;190;37;262;535;420;628;502;436;503
1,12964,13039,1,0,0,13,2,15;1;151;31;334;330;144;37;409;682;567;775;649
1,12982,13043,1,1,0,11,1,133;13;334;319;126;37;391;664;549;757;631
1,12944,13161,1,1,0,13,3,29;21;171;51;400;330;164;37;429;702;587;795;669
1,12949,13017,1,0,0,13,1,29;16;166;46;378;330;159;37;424;697;582;790;664
1,13028,13114,1,0,0,11,1,87;316;273;80;37;345;618;503;641;585;519
1,13039,13098,1,0,0,11,2,76;305;262;69;37;334;607;486;641;574;508
0,12983,13037,1,1,0,11,0,132;12;334;318;125;37;390;663;523;756;630
1,13027,13101,1,0,0,11,1,88;317;274;81;37;346;619;504;712;586;520
1,12858,12928,1,0,0,11,1,29;107;257;137;446;443;250;311;515;788;663
0,12860,12935,1,0,0,11,0,29;105;255;135;436;441;248;309;513;786;663
1,12812,13041,1,1,0,12,4,34;29;153;303;183;446;489;296;357;561;834;719
1,12820,12878,1,2,0,12,1,23;29;145;295;175;446;481;288;349;553;826;711
1,12894,13174,1,3,0,13,5,29;71;221;101;423;407;214;275;479;752;637;845;719
1,12904,12990,1,0,0,13,2,29;61;211;91;423;397;204;37;469;742;627;835;709
1,12864,12944,1,1,0,11,1,29;101;251;131;436;437;244;305;509;782;663
1,12879,12954,1,1,0,12,2,29;86;236;116;426;422;229;290;494;767;652;860
259
120,818,37.67,10
70,647,69.26,10
132,763,126.79,9
120,870,154.95,10
0,368,0.00,8
0,127,22.57,1
13,858,234.49,9
0,24,0.00,0
0,12,0.00,0
0,193,53.10,3
0,648,490.75,7
0,195,57.14,3
0,263,114.64,3
10476,11335,121.07,10
10472,11286,215.63,10
10533,11072,99.19,11
10524,10709,0.00,10
10284,11236,361.35,10
10117,10738,175.81,11
10458,11243,37.89,9
10347,11282,313.99,9
9967,10799,222.97,10
9958,10669,80.62,11
10038,10782,78.16,11
9985,10868,203.32,11
9785,10345,173.70,11
9771,10363,0.00,9
9957,10569,72.97,11
9861,10390,0.00,8
9709,10537,528.51,10
9723,10436,108.65,11
9749,10434,176.62,8
9756,10621,0.00,11
9468,9804,0.00,10
9511,10298,0.00,11
9555,10144,0.00,11
9608,10314,15.62,10
9136,9813,0.00,10
9143,9816,245.98,10
9227,9980,221.98,9
9404,10332,485.61,11
8845,9777,284.45,10
8866,9637,130.89,10
8923,9531,136.75,10
9062,9609,0.00,11
12639,13169,238.77,10
12605,13108,0.00,8
12597,13301,295.93,11
12406,13344,344.67,9
12369,12995,0.00,10
12360,13115,0.00,8
12304,12644,0.00,10
12217,12965,160.52,9
12123,12793,0.00,10
12085,12979,324.18,8
11967,12529,0.00,10
11967,12642,20.76,8
11964,12776,176.05,9
11955,12846,117.08,11
11839,12400,179.71,10
11781,12794,16.62,8
11498,12136,0.00,9
11672,12684,515.41,8
11439,12225,286.29,9
11498,12213,0.00,8
11353,11895,231.36,9
11432,12277,170.76,8
11254,11889,358.21,8
11328,12117,330.64,8
11168,11572,0.00,10
11188,11769,296.53,9
10821,11446,0.00,10
10876,11454,173.92,8
10687,11257,47.10,10
10715,11402,0.00,11
10592,11256,0.00,9
10634,11185,0.00,9
13808,14525,74.10,11
13742,14313,0.00,9
13859,14399,60.84,11
13841,14487,49.38,10
14105,14913,256.77,8
13946,14839,0.00,9
14156,15095,250.03,9
14128,14702,0.00,11
13541,14266,71.59,10
13529,14426,0.00,9
13638,14362,126.64,11
13638,14664,241.90,9
13708,14797,142.12,11
13707,14309,0.00,8
13739,14396,141.71,8
13729,14522,0.00,10
13175,13529,0.00,9
13259,13841,121.25,11
13271,13773,0.00,10
13277,14150,271.70,11
13381,14412,362.12,8
13467,13975,37.18,10
13486,14247,224.82,11
13488,14430,435.12,9
12748,13373,197.23,11
12758,13646,442.48,11
12803,13531,263.72,10
12870,13739,245.96,11
12884,13613,131.76,8
13014,13547,61.61,9
13067,13614,45.60,11
13150,13737,64.38,10
15260,15794,0.00,9
15202,15877,85.77,9
15182,15937,0.00,8
15092,15729,0.00,11
15331,15830,0.00,10
15280,16056,0.00,11
14876,15306,0.00,11
14945,16013,100.69,8
14861,15417,35.24,10
14872,15516,0.00,9
15030,15534,0.00,9
15079,16121,0.00,11
14962,15980,0.00,10
15021,15413,0.00,8
14570,15436,287.22,8
14620,15315,85.75,8
14337,15173,141.59,10
14419,15194,0.00,10
14853,15533,126.18,8
14861,15719,341.29,11
14622,14934,0.00,8
14849,15332,0.00,10
1392,2241,138.69,10
1404,2259,53.41,9
1429,2200,0.00,8
1432,2383,219.49,10
1333,1972,0.00,10
1362,2239,343.18,8
1363,2263,192.91,8
1371,1836,0.00,9
1730,2939,387.65,11
1763,2596,0.00,10
1817,2585,106.36,11
1833,2509,90.54,8
1497,2247,88.54,9
1547,2259,0.00,10
1683,2425,0.00,10
1727,2560,0.00,11
443,1481,214.48,10
416,738,0.00,10
586,1176,81.71,9
540,1170,193.26,10
195,1048,266.27,11
185,933,197.74,11
396,1123,81.09,11
292,1277,221.36,11
1200,1811,201.28,8
976,2174,537.94,8
1289,1934,97.51,11
1257,1996,159.83,11
628,1377,60.61,8
607,1004,0.00,11
871,1630,89.02,8
805,1507,136.42,9
3027,3653,34.20,9
3037,3636,0.00,11
2993,3757,134.94,8
2993,3823,0.00,8
2962,3792,184.51,11
2976,3691,49.90,11
2882,3663,52.72,11
2933,3634,68.81,10
3453,4066,129.06,11
3455,3779,0.00,10
3359,3887,0.00,8
3379,3743,40.03,8
3122,3705,0.00,11
3158,3881,0.00,11
3043,3643,79.61,10
3098,3789,51.60,9
2458,3370,360.06,9
2381,3228,327.20,9
2232,2823,53.25,9
2215,2848,59.75,9
2142,2791,158.49,10
2135,2923,123.21,11
2128,2720,56.17,10
1969,2729,0.00,9
2881,3719,0.00,8
2842,3708,443.05,11
2807,3579,85.20,9
2646,3163,0.00,11
2617,3586,300.56,11
2554,3382,0.00,8
2531,3281,144.20,11
2520,3385,0.00,10
4975,5888,178.10,10
5005,5638,172.41,8
5328,5997,0.00,9
5397,6197,477.42,11
5403,6405,446.19,8
5470,6124,0.00,8
5555,6184,183.68,11
5567,6352,208.70,11
5718,6114,0.00,10
5805,6582,317.69,10
5841,6673,251.82,11
5910,6671,23.54,9
6007,6817,0.00,9
6022,6696,117.94,9
6241,7016,0.00,10
6352,7021,0.00,11
3570,4214,287.50,8
3505,4059,0.00,11
3597,4243,69.42,9
3588,4156,84.41,10
3690,4215,224.53,10
3637,4065,0.00,10
3965,4607,45.94,10
3947,4729,361.29,11
4359,5056,490.68,11
4097,4830,262.71,10
4745,5841,463.38,10
4711,5478,333.02,10
4782,5446,175.70,8
4753,5533,0.00,9
4952,5630,227.45,9
4803,5596,0.00,8
7902,8553,153.77,10
7937,8526,79.51,11
7752,8447,99.91,10
7853,8545,263.92,11
8074,8720,0.00,9
8114,8842,110.71,8
7969,8780,352.13,9
8059,8847,301.93,8
8475,9547,616.96,8
8689,9593,404.26,10
8173,9035,228.47,11
8332,9118,174.13,11
8766,9629,0.00,9
8767,9149,0.00,9
8720,9477,345.60,10
8748,9444,102.26,10
6564,7065,0.00,10
6487,6999,85.35,10
6467,7146,129.20,10
6374,7366,302.58,10
6887,7745,353.31,10
6864,7661,550.90,8
6702,7328,117.80,9
6676,7348,276.05,11
7124,7897,319.05,10
7087,7814,121.08,8
7072,7719,276.18,10
6925,7201,0.00,9
7733,8657,296.84,9
7541,8071,108.88,9
7520,8178,259.23,9
7497,8170,274.37,8
