1007
0,8752,8805,1,0,0,8,0,18;194;182;102;29;370;750;672
0,8767,8828,1,0,0,8,0,14;183;167;87;14;370;750;657
1,8780,8838,1,0,0,8,1,1;170;154;74;1;370;750;644
1,8794,9008,1,1,0,6,1,156;140;60;370;750;630
1,8705,8776,1,0,0,8,1,76;17;245;229;149;76;377;750
1,8706,8787,1,0,0,8,2,75;16;194;228;148;75;377;750
0,8719,8784,1,1,0,8,0,62;3;194;215;135;62;370;750
1,8734,9008,1,1,0,7,1,47;194;200;120;47;370;750
1,8841,8908,1,1,0,7,1,109;93;13;323;597;555;1084
1,8843,9105,1,0,0,7,3,107;91;11;321;597;549;1082
1,8865,9115,1,0,0,6,1,85;69;299;597;549;902
1,8878,9106,1,0,0,6,2,72;56;286;597;540;902
1,8808,9074,1,1,0,6,1,142;126;46;356;750;616
1,8815,9111,1,1,0,6,2,135;119;39;349;750;556
0,8816,8867,1,1,0,6,0,134;118;38;348;597;556
1,8826,8912,1,1,0,7,1,124;108;28;338;597;556;1099
1,9037,9089,1,0,0,10,1,127;562;387;872;491;529;599;629;240;714
0,9007,9077,1,0,0,8,0,157;592;417;872;521;559;629;659
1,9050,9281,1,0,0,11,8,114;549;374;863;478;516;586;616;224;701;750
1,9045,9263,1,1,0,11,8,119;554;379;872;483;521;591;621;224;706;755
0,8924,9006,1,1,0,9,0,26;10;240;597;500;884;604;642;712
1,8884,8940,1,0,0,6,1,66;50;280;597;540;884
1,9007,9060,1,0,0,8,1,157;592;417;872;521;559;629;659
1,8973,9055,1,0,0,7,3,191;597;451;884;555;593;663
1,9172,9261,1,0,0,13,1,427;252;648;356;394;464;494;105;579;628;643;843;651
1,9172,9261,1,1,0,13,1,427;210;648;356;394;464;494;105;579;628;643;843;651
1,9216,9266,1,1,0,14,1,383;208;648;312;350;420;450;61;535;584;643;799;607;639
0,9187,9272,1,0,0,14,0,412;210;648;341;379;449;479;68;564;613;643;828;636;668
1,9124,9382,1,1,1,12,7,21;475;300;648;404;442;512;542;153;627;676;863
1,9090,9153,1,1,0,12,1,74;509;334;648;438;476;546;576;187;661;710;897
0,9167,9219,1,0,0,12,0,432;252;648;361;399;469;499;110;584;633;643;848
1,9128,9178,1,0,0,12,1,21;471;296;648;400;438;508;538;149;623;672;643
1,8315,8404,1,1,0,13,2,71;128;350;302;108;466;407;329;525;267;387;613;539
1,8325,8583,1,0,0,13,7,61;118;340;292;98;452;397;319;525;257;377;609;529
1,8262,8314,1,0,0,13,1,124;181;403;355;161;479;460;382;525;320;440;613;592
1,8296,8351,1,0,0,13,3,90;147;369;321;127;479;426;348;525;286;406;613;558
1,8249,8315,1,1,0,14,2,137;194;416;360;3;174;505;473;392;525;333;453;614;605
1,8252,8310,1,0,0,14,2,134;191;413;360;0;171;505;470;392;525;330;450;613;602
1,8242,8301,1,0,0,14,3,144;201;423;375;10;181;505;480;392;525;340;460;614;612
0,8246,8307,1,0,0,14,0,140;197;419;360;6;177;505;476;392;525;336;456;614;608
1,8415,8502,1,1,0,12,2,28;250;202;8;366;307;229;381;167;287;519;439
1,8427,8484,1,0,0,12,2,16;238;190;354;295;217;343;155;275;507;427;354
1,8383,8466,1,0,1,13,3,3;60;282;234;40;378;339;261;388;199;319;543;471
1,8387,8474,1,0,0,12,3,56;278;230;36;378;335;257;388;195;315;526;467
1,8375,8652,1,0,0,13,7,11;68;290;242;48;378;347;269;525;207;327;559;479
1,8381,8457,1,1,0,13,3,5;62;284;236;42;378;341;263;388;201;321;553;473
1,8351,8418,1,0,0,13,2,35;92;314;266;72;430;371;293;525;231;351;583;503
1,8363,8628,1,0,0,13,6,23;80;302;254;60;406;359;281;525;219;339;571;491
1,8547,8786,1,0,0,13,6,118;61;234;127;97;333;10;155;387;307;234;617;1052
1,8544,8602,1,1,0,13,2,121;61;237;178;100;333;10;158;390;310;237;620;1055
1,8539,8791,1,0,0,13,6,126;61;242;183;105;343;10;163;395;315;242;625;1060
1,8538,8595,1,1,0,13,1,127;79;243;184;106;343;10;164;396;316;243;626;1061
1,8501,8579,1,0,0,13,1,164;116;280;221;143;343;81;201;423;353;280;663;1098
1,8486,8545,1,0,0,11,2,179;131;295;236;158;343;96;216;448;368;295
1,8475,8530,1,1,0,11,1,190;142;306;247;169;343;107;227;459;379;306
1,8445,8699,1,0,0,11,9,220;172;336;277;199;343;137;257;466;409;336
1,8694,8985,1,0,0,9,4,87;20;256;8;240;160;87;396;750
1,8665,8730,1,0,0,10,1,0;116;57;261;37;269;189;116;396;750
1,8628,8696,1,1,0,11,2,37;153;94;16;322;74;306;226;153;396;750
1,8627,8681,1,1,0,11,2,38;154;95;17;323;75;307;227;154;396;756
1,8574,8853,1,1,0,13,6,91;43;207;127;70;323;8;128;360;280;207;396;768
1,8570,8649,1,1,0,13,2,95;47;211;127;74;333;10;132;364;284;211;396;768
1,8567,8849,1,0,0,13,7,98;50;214;127;77;333;10;135;367;287;214;396;990
1,8564,8649,1,0,0,13,2,101;53;217;127;80;333;10;138;370;290;217;396;1035
0,7752,7807,1,0,0,12,0,25;183;134;327;353;385;486;634;691;819;475;865
1,7757,7984,1,0,0,12,7,20;178;129;322;348;380;481;629;686;819;470;860
1,7772,7858,1,1,0,12,1,5;163;114;307;333;365;466;614;671;819;455;737
1,7775,8064,1,1,0,12,6,2;160;111;304;330;362;463;611;668;808;452;737
1,7777,8026,1,1,0,12,4,0;158;109;302;328;360;461;609;666;602;450;737
1,7806,7862,1,1,0,12,1,129;80;273;299;331;432;580;586;602;421;737;446
1,7811,7861,1,0,0,12,1,124;75;268;294;326;427;527;586;602;416;737;441
0,7824,7878,1,1,0,12,0,111;62;255;281;313;414;527;586;602;403;737;428
1,7867,7933,1,0,0,13,1,68;19;212;238;270;371;519;576;602;360;737;385;556
1,7867,7924,1,0,0,13,1,68;19;212;238;246;371;519;576;602;360;737;385;556
1,7888,7974,1,0,0,13,3,47;191;217;246;350;498;555;602;339;729;364;535;893
0,7900,7952,1,0,0,13,0,35;179;205;237;338;486;543;602;327;706;352;523;881
1,7904,8157,1,0,0,13,7,31;175;201;233;334;482;539;602;323;706;348;519;877
1,7963,8027,1,0,0,13,1,116;142;174;275;423;480;602;264;654;289;460;629;759
1,7994,8048,1,1,0,14,4,85;111;143;244;392;449;602;233;623;258;429;629;728;650
1,8004,8083,1,0,0,14,1,75;101;133;234;382;439;602;223;613;248;419;629;697;640
1,8031,8085,1,0,0,15,2,48;74;106;207;355;412;602;196;586;221;392;629;627;575;919
1,8025,8109,1,1,0,15,4,54;80;112;213;361;418;602;202;592;227;398;629;697;575;925
1,8060,8292,1,0,0,15,6,19;45;77;178;326;383;602;167;557;192;346;629;627;575;815
1,8045,8275,1,0,0,15,7,34;60;92;193;341;398;602;182;572;207;346;629;627;575;905
1,8123,8410,1,0,0,16,10,14;115;263;320;494;104;494;129;300;629;599;521;815;459;579;811
1,8113,8172,1,1,0,15,2,24;125;273;330;552;114;504;139;310;629;609;530;815;469;589
1,8148,8215,1,0,0,15,3,90;238;295;494;79;469;104;275;629;574;496;802;434;554;618
0,8132,8189,1,0,0,16,0,5;106;254;311;494;95;485;120;291;629;590;512;815;450;570;618
1,8194,8259,1,0,0,16,3,44;192;249;462;33;423;58;229;587;528;450;756;388;508;618;660
1,8160,8240,1,0,0,15,1,78;226;283;494;67;457;92;263;621;562;484;790;422;512;618
1,8217,8269,1,1,0,16,2,21;169;226;446;10;400;35;206;564;505;427;733;365;485;618;637
1,8195,8258,1,0,0,16,1,43;191;248;462;32;409;57;228;586;527;449;755;387;507;618;659
1,8237,8305,1,0,0,15,2,1;149;206;428;380;15;186;537;485;407;713;345;465;614;617
1,8229,8516,1,1,0,15,9,9;157;214;436;388;23;194;537;493;415;721;353;473;618;625
1,8240,8520,1,1,0,14,11,146;203;425;377;12;183;505;482;392;710;342;462;614;614
1,8238,8313,1,0,0,15,1,0;148;205;427;379;14;185;505;484;406;712;344;464;614;616
1,7272,7337,1,1,0,15,2,27;54;234;53;200;140;155;165;280;445;105;441;663;614;807
1,7283,7371,1,1,0,15,2,16;43;223;42;189;129;144;156;277;434;94;441;652;603;796
1,7255,7544,1,0,0,16,6,44;71;251;11;70;217;157;172;191;280;462;122;450;680;631;824
1,7271,7341,1,1,0,15,2,28;55;235;54;201;141;156;191;280;446;106;441;664;615;808
1,7364,7440,1,0,0,13,2,142;108;48;63;102;196;353;13;413;567;522;715;741
1,7365,7440,1,1,0,13,2,141;107;47;62;101;195;352;12;412;511;521;714;740
1,7291,7373,1,0,0,15,2,8;35;215;34;181;121;136;156;269;426;86;441;644;595;767
1,7296,7360,1,1,0,15,1,3;30;210;29;176;116;131;156;264;421;81;441;567;590;767
1,7380,7434,1,0,0,12,1,126;92;32;47;86;180;337;397;504;506;699;725
1,7389,7674,1,0,0,12,5,117;83;23;38;59;171;328;388;504;497;690;716
1,7366,7421,1,1,0,13,2,140;106;46;61;100;194;351;11;402;511;520;713;739
0,7378,7435,1,0,0,12,0,128;94;34;49;88;182;339;399;504;508;701;727
1,7402,7474,1,0,0,13,2,104;70;10;25;59;158;315;375;503;484;660;703;735
1,7415,7466,1,0,0,12,2,91;57;12;51;145;302;362;503;471;623;690;722
1,7392,7481,1,0,0,12,2,114;80;20;35;59;168;325;385;504;494;664;713
1,7400,7476,1,1,0,13,2,106;72;12;27;59;160;317;377;504;486;660;705;737
1,7477,7543,1,0,0,9,3,29;83;240;300;429;409;508;628;660
1,7476,7769,1,0,0,9,6,30;84;241;301;429;410;603;629;661
1,7464,7549,1,0,0,11,1,42;8;2;96;253;313;471;422;614;641;673
1,7420,7478,1,1,0,12,1,86;52;7;46;140;297;357;503;466;614;685;717
0,7574,7636,1,0,0,9,0,143;203;361;312;468;531;563;664;812
0,7561,7647,1,0,0,9,0,156;216;374;325;468;544;576;677;825
0,7542,7606,1,0,0,10,0,18;175;235;393;344;468;563;595;696;844
1,7488,7557,1,0,0,10,1,18;72;229;289;429;398;508;617;631;750
1,7617,7676,1,0,0,10,1,100;160;318;269;450;488;491;621;769;826
1,7598,7683,1,1,1,9,2,119;179;337;288;451;507;491;640;788
1,7596,7649,1,0,0,9,2,121;181;339;290;468;509;491;642;790
1,7586,7845,1,0,0,9,6,131;191;349;300;468;519;551;652;800
1,7719,7787,1,0,0,12,1,58;216;167;360;386;418;519;667;724;819;508;898
1,7699,7928,1,1,0,11,6,18;78;236;187;380;406;438;539;687;744;915
1,7688,7948,1,0,1,11,8,29;89;247;198;391;417;449;550;698;755;977
0,7632,7707,1,0,0,10,0,85;145;303;254;447;473;491;606;713;811
1,6951,7023,1,1,0,17,3,27;348;187;375;110;555;315;374;521;461;208;476;292;486;609;717;426
1,6938,7010,1,0,0,18,3,40;361;200;388;123;559;328;8;387;534;474;221;489;305;486;622;729;439
1,7003,7300,1,1,0,16,13,296;135;323;58;503;263;322;469;409;156;424;240;463;557;697;374
1,6959,7191,1,1,0,17,10,19;340;179;367;102;547;307;366;513;453;200;468;284;486;601;717;418
1,6891,7170,1,0,0,17,12,87;408;247;435;170;582;375;55;434;581;521;268;536;352;517;641;826
1,6889,6951,1,0,0,17,2,89;410;249;437;172;617;377;57;436;583;523;270;538;354;517;641;828
1,6928,6984,1,1,1,18,2,50;371;210;398;133;559;338;18;397;544;484;231;499;315;517;632;729;449
1,6912,6974,1,0,0,18,2,66;387;226;414;149;582;354;34;413;560;500;247;515;331;517;641;729;465
1,6856,6935,1,1,0,17,2,14;122;443;282;468;205;648;410;90;469;616;556;303;571;387;610;704
1,6838,6890,1,1,0,17,2,32;140;461;300;468;223;668;428;108;487;634;574;321;589;405;628;722
1,6886,6964,1,0,0,17,2,92;413;252;440;175;620;380;60;439;586;526;273;541;357;517;641;831
1,6876,6959,1,1,0,16,4,102;423;262;450;185;630;390;70;449;596;536;283;551;367;590;641
1,6774,6858,1,0,0,16,1,96;204;525;364;522;287;715;492;172;551;698;638;385;624;469;692
1,6772,6823,1,1,0,16,2,98;206;527;366;522;289;729;494;174;553;700;640;387;624;471;694
1,6832,6904,1,0,0,17,2,38;146;467;306;494;229;674;434;114;493;640;580;327;595;411;634;728
1,6777,6862,1,0,1,16,3,93;150;522;361;522;284;715;489;169;548;695;635;382;624;466;689
1,7181,7239,1,0,0,16,2,118;145;325;85;144;291;231;246;62;285;280;536;196;450;754;705
1,7234,7290,1,0,0,16,1,65;92;272;32;91;238;178;193;9;232;280;483;143;450;701;652
1,7234,7294,1,0,0,16,2,65;92;251;32;91;238;178;193;9;232;280;483;143;450;701;652
1,7252,7310,1,0,0,16,2,47;74;251;14;73;220;160;175;203;280;465;125;450;683;634;827
1,7077,7130,1,0,0,16,2,222;61;249;429;189;248;395;335;82;350;166;389;280;636;300;664
1,7080,7136,1,1,0,16,2,219;58;246;426;186;245;392;332;79;315;163;386;280;636;297;664
1,7086,7342,1,0,0,16,8,213;52;240;420;180;239;386;326;73;315;157;380;280;626;291;664
1,7137,7198,1,0,0,17,2,162;1;189;369;129;188;335;275;22;290;106;329;280;580;240;450;798
1,7042,7119,1,1,0,17,4,257;96;284;19;464;224;283;430;370;117;385;201;424;514;657;335;735
1,7056,7140,1,0,0,17,2,243;82;270;5;450;210;269;416;356;103;371;187;410;504;657;321;664
1,7059,7110,1,0,0,17,2,240;79;267;2;447;207;266;413;353;100;368;184;407;501;642;318;664
1,7075,7302,1,0,0,16,7,224;63;251;431;191;250;397;337;84;352;168;391;485;636;302;664
1,7021,7093,1,0,1,17,3,278;117;305;40;485;245;304;451;391;138;406;222;445;539;681;356;756
1,7024,7102,1,0,0,17,2,275;114;302;37;482;242;301;448;388;135;403;219;442;536;671;353;753
0,7026,7089,1,0,0,17,0,273;112;300;35;480;240;299;446;386;133;401;217;440;514;671;351;751
1,7028,7100,1,1,0,17,2,271;110;298;33;478;238;297;444;384;131;399;215;438;514;671;349;749
1,6587,6662,1,0,0,18,2,59;57;283;13;133;391;72;712;551;719;474;897;679;359;738;885;825;572
1,6580,6649,1,0,0,17,1,66;64;290;20;140;398;79;719;558;719;481;897;686;366;745;892;832
1,6541,6625,1,0,0,15,2,105;103;329;59;179;437;118;758;597;719;503;897;725;405;784
1,6530,6805,1,0,0,15,7,116;114;340;70;190;444;129;769;608;796;503;897;736;416;795
1,6521,6572,1,0,0,15,1,125;123;349;79;199;444;138;778;617;805;540;897;745;425;804
1,6491,6574,1,0,0,15,1,155;153;379;109;229;444;168;808;647;835;556;897;775;455;834
0,6484,6560,1,0,0,14,0,162;160;386;116;236;444;175;815;654;842;556;897;782;462
1,6449,6737,1,0,1,15,10,18;197;29;195;421;151;271;444;210;850;689;877;556;897;817
0,6440,6511,1,1,0,15,0,27;205;38;204;430;160;280;444;219;859;698;886;556;897;826
1,6435,6494,1,0,0,16,1,32;211;43;209;435;3;165;285;444;220;864;703;891;556;897;831
0,6435,6495,1,1,0,16,0,32;205;43;209;435;3;165;285;444;220;864;703;891;556;897;831
1,6417,6506,1,0,0,16,1,50;229;61;227;453;21;183;303;444;220;882;721;909;644;897;849
0,6395,6447,1,0,0,16,0,16;72;251;83;249;475;43;205;325;444;220;904;743;931;666;897
1,6391,6662,1,1,0,16,10,20;76;255;87;253;479;47;209;329;444;220;908;747;935;670;1115
1,6372,6450,1,0,0,15,2,39;95;274;106;272;488;66;228;348;444;287;927;766;954;689
0,6369,6421,1,0,0,15,0,42;98;277;109;275;488;69;231;351;444;290;929;769;957;692
1,6749,7034,1,1,1,16,11,121;229;550;389;577;312;757;517;197;576;723;663;410;624;494;717
1,6769,6825,1,0,0,16,2,101;209;530;369;557;292;729;497;177;556;703;643;390;624;474;697
1,6724,6807,1,0,0,16,1,146;254;551;414;602;337;782;542;222;601;748;688;435;661;519;742
1,6742,6829,1,0,0,16,1,128;236;551;396;584;319;764;524;204;583;730;670;417;636;501;724
1,6692,6768,1,0,1,16,1,178;28;286;607;446;633;369;814;574;254;633;780;720;467;735;551
1,6706,6784,1,0,0,16,1,164;14;272;551;432;620;355;800;560;240;619;766;706;453;721;537
1,6677,6755,1,0,0,16,3,193;43;289;622;461;649;384;829;589;269;648;792;735;482;750;566
1,6682,6906,1,0,0,16,9,188;38;289;617;456;644;379;819;584;264;643;790;730;477;745;561
0,6653,6708,1,0,0,15,0,217;67;289;6;646;485;673;408;842;613;277;672;819;759;506
1,6666,6737,1,0,0,16,2,204;54;289;633;472;660;395;840;600;277;659;806;746;493;761;577
1,6631,6685,1,0,0,17,1,15;13;239;89;289;28;668;507;695;430;875;635;315;694;841;781;528
1,6646,6711,1,1,0,16,2,0;224;74;289;13;653;492;680;415;860;620;277;679;826;766;513
1,6611,6680,1,1,0,17,2,35;33;259;109;364;48;688;527;700;450;895;655;335;714;861;801;548
1,6624,6693,1,1,0,17,2,22;20;246;96;345;35;675;514;700;437;882;642;322;701;848;788;535
1,6592,6644,1,0,0,18,1,54;52;278;8;128;364;67;707;546;719;469;897;674;354;733;880;820;567
1,6593,6653,1,0,0,18,1,53;51;277;7;127;364;66;706;545;706;468;897;673;353;732;879;819;566
1,6054,6107,1,1,0,13,1,58;78;36;167;307;302;413;291;505;411;590;683;384
1,6037,6124,1,0,0,13,2,75;95;53;215;307;319;430;308;505;411;607;683;401
0,6095,6162,1,0,0,13,0,17;37;167;307;261;372;250;481;383;549;683;343;505
1,6092,6162,1,0,0,12,2,20;40;167;307;264;375;253;505;386;552;683;346
1,6110,6164,1,1,0,13,2,2;22;161;301;246;357;235;481;359;534;683;328;490
1,6109,6174,1,0,0,13,2,3;23;162;302;247;358;236;481;369;535;683;329;491
0,6119,6170,1,1,0,12,0,13;152;257;237;348;226;470;359;525;683;319;481
1,6118,6206,1,2,0,12,1,14;153;293;238;349;227;470;359;526;683;320;482
1,5958,6024,1,0,0,14,1,154;73;56;174;132;313;453;45;398;509;387;527;520;686
1,5929,5987,1,1,0,12,1,183;102;85;203;161;332;482;74;427;528;388;527
1,5967,6056,1,0,0,14,2,145;52;47;165;123;304;444;36;389;500;378;527;424;677
1,5960,6182,1,0,0,14,7,152;52;54;172;130;311;451;43;396;507;385;527;518;684
1,6026,6115,1,0,0,14,3,86;5;106;64;245;385;330;441;319;527;411;618;683;412
1,6000,6234,1,0,0,16,8,112;31;14;132;90;271;411;3;356;467;345;527;411;644;870;438
1,6031,6237,1,1,0,14,5,81;0;101;59;215;307;325;436;314;527;411;613;683;407
1,6026,6113,1,0,0,14,1,86;5;106;64;215;385;330;441;319;527;411;618;683;412
0,6254,6311,1,0,0,13,0,17;157;102;213;91;392;224;390;488;184;346;466;545
1,6254,6337,1,0,0,13,4,17;157;102;213;91;392;224;390;488;184;346;466;545
1,6262,6315,1,0,0,13,3,9;149;94;205;83;384;216;382;488;176;338;458;467
0,6280,6337,1,0,0,14,0,131;76;187;65;366;198;364;488;158;320;440;444;379;1019
1,6294,6548,1,1,0,15,8,117;62;173;51;352;184;350;488;144;306;426;444;365;1005;844
1,6306,6357,1,1,0,15,2,105;50;161;39;340;172;338;488;132;294;414;444;353;940;832
1,6334,6387,1,1,0,15,5,77;22;133;11;312;144;310;488;104;266;386;444;325;940;804
1,6340,6402,1,0,0,15,2,71;16;127;5;306;138;304;488;98;260;380;444;319;929;798
0,6133,6215,1,0,0,11,0,138;257;223;334;212;470;345;511;683;305;467
1,6146,6403,1,1,0,11,10,125;257;210;321;199;470;332;498;683;292;454
0,6169,6252,1,0,0,12,0,102;242;187;298;176;470;309;475;488;269;431;551
1,6170,6224,1,0,0,12,2,101;241;186;297;175;470;308;474;488;268;430;550
1,6180,6239,1,0,0,12,1,91;231;176;287;165;460;298;464;488;258;420;540
0,6234,6320,1,0,0,12,0,34;177;122;233;111;412;244;410;488;204;366;486
1,6234,6297,1,0,0,12,2,34;177;122;233;111;412;244;410;488;204;366;486
1,6243,6535,1,0,0,13,10,28;168;113;224;102;403;235;401;488;195;357;477;735
1,5548,5607,1,0,0,16,2,125;371;81;315;333;36;258;546;483;360;466;584;521;183;723;863
1,5542,5600,1,1,0,16,1,131;377;87;321;368;42;264;546;489;366;472;590;521;189;724;869
1,5533,5611,1,0,0,16,2,140;386;96;330;377;51;273;579;498;375;481;599;521;198;724;878
0,5507,5577,1,0,0,15,0,166;412;122;356;403;77;299;605;524;401;507;625;521;224;724
1,5574,5660,1,0,0,17,2,99;282;55;289;333;10;232;531;457;334;440;558;516;157;571;746;429
1,5568,5643,1,0,0,17,1,105;351;61;295;333;16;238;531;463;340;446;564;521;163;571;746;435
1,5557,5764,1,0,0,17,7,116;362;72;306;333;27;249;531;474;351;457;575;521;174;571;854;446
1,5556,5786,1,1,0,17,7,117;363;73;307;333;28;250;531;475;352;458;576;521;175;715;855;447
1,5426,5511,1,0,0,15,3,33;247;490;203;437;484;158;380;614;592;482;588;627;568;305
0,5422,5485,1,1,0,15,0,37;251;490;207;441;488;162;384;614;592;486;592;627;568;309
1,5414,5498,1,0,1,15,3,45;259;490;215;449;496;170;392;614;617;494;600;627;568;317
0,5409,5493,1,1,0,15,0,50;264;490;220;454;501;175;397;614;622;499;605;627;568;322
1,5473,5550,1,0,0,15,2,200;446;156;390;437;111;333;614;558;435;541;627;521;258;798
0,5446,5496,1,1,0,15,0,13;227;473;183;417;464;138;360;614;585;462;568;627;521;285
0,5432,5505,1,0,0,15,0,27;241;487;197;431;478;152;374;614;586;476;582;627;521;299
1,5430,5494,1,0,0,15,3,29;243;489;199;433;480;154;376;614;586;478;584;627;568;301
1,5857,5922,1,1,0,16,2,62;6;53;255;174;51;157;275;233;414;554;146;499;528;488;789
1,5874,6151,1,0,0,15,7,45;36;238;157;34;140;230;216;397;537;129;482;528;471;772
1,5833,6119,1,0,0,16,8,86;30;77;279;198;75;181;299;257;438;578;170;512;634;512;813
1,5833,5915,1,0,0,16,3,86;30;77;279;198;75;181;299;257;438;578;170;512;528;512;813
1,5912,5975,1,0,0,13,2,7;200;119;102;220;178;352;499;91;444;528;433;527
1,5917,5999,1,1,0,13,3,2;195;114;97;215;173;352;494;86;439;528;388;527
1,5878,5950,1,1,0,15,2,41;32;234;153;30;136;230;212;393;533;125;478;528;467;527
1,5889,6152,1,0,0,15,7,30;21;223;142;19;125;230;201;382;522;114;446;528;456;527
1,5633,5697,1,0,0,15,1,40;282;230;277;173;479;398;275;381;326;457;98;571;746;370
1,5639,5694,1,0,0,15,4,34;280;224;271;167;473;392;269;375;326;451;50;571;746;364
1,5583,5666,1,1,0,17,3,90;282;46;280;327;1;223;505;448;325;431;549;507;148;571;746;420
1,5592,5863,1,0,0,16,8,81;282;37;271;318;214;505;439;316;422;536;498;139;571;746;411
0,5730,5781,1,0,0,17,0,189;133;180;76;382;301;178;284;326;360;1;541;634;273;626;737;615
1,5774,5863,1,0,0,16,1,145;89;136;32;338;257;134;240;326;316;497;634;229;582;693;571
1,5675,5739,1,0,0,14,3,244;188;235;131;437;356;233;339;326;415;50;571;719;328
1,5728,5962,1,0,0,17,9,191;135;182;78;384;303;180;286;326;362;3;543;683;275;628;739;617
1,5268,5346,1,1,0,15,2,57;87;121;191;405;506;361;595;592;316;538;744;763;640;746
1,5255,5457,1,0,0,15,5,70;100;134;204;418;506;374;608;655;329;551;744;776;653;759
1,5191,5268,1,0,0,12,1,131;164;198;268;469;506;394;672;719;393;615;744
1,5184,5261,1,0,0,12,1,131;171;205;275;469;506;445;679;726;400;622;744
1,5182,5256,1,0,0,12,1,143;173;207;277;469;506;447;681;728;402;623;744
1,5171,5450,1,1,0,12,7,147;184;218;288;469;506;458;692;739;413;635;744
1,5169,5249,1,0,0,12,2,147;186;220;290;469;528;460;694;741;415;637;744
1,5168,5403,1,0,0,12,6,147;187;221;291;469;528;461;695;742;416;638;944
1,5389,5668,1,1,0,16,10,0;70;284;490;240;474;504;195;417;614;642;519;625;743;568;342
1,5380,5638,1,0,0,16,11,9;79;293;490;249;483;504;204;426;614;651;528;634;752;710;351
1,5319,5530,1,1,0,15,2,6;36;70;140;354;490;306;544;504;265;487;744;712;589;695
1,5298,5360,1,1,0,15,3,27;57;91;161;375;490;306;565;579;286;508;744;724;610;716
1,5297,5558,1,0,0,15,8,28;58;92;162;376;490;306;566;579;287;509;744;734;611;717
0,5284,5338,1,1,0,15,0,41;71;105;175;389;490;306;579;579;300;522;744;747;624;730
1,5277,5351,1,0,0,15,1,48;78;112;182;396;490;352;586;579;307;529;744;754;631;737
1,5274,5353,1,0,0,15,3,51;81;115;185;399;490;355;589;592;310;532;744;757;634;740
1,4937,5170,1,0,0,13,5,85;14;104;175;180;217;382;418;440;144;522;736;956
1,4955,5206,1,0,0,12,7,67;86;157;162;209;370;400;434;126;504;692;956
1,4924,5007,1,0,0,13,3,98;27;117;188;193;217;382;431;458;157;535;749;995
1,4934,4995,1,0,0,13,4,88;17;107;178;183;217;382;421;440;147;525;739;985
1,4883,4957,1,0,0,11,3,139;68;158;229;234;281;382;472;464;198;576
1,4921,4987,1,0,0,13,3,101;30;120;191;196;243;382;434;458;160;538;752;998
0,4833,4907,1,0,0,12,0,189;118;5;208;279;284;331;382;507;464;248;626
0,4867,4926,1,1,0,11,0,155;84;174;245;250;297;382;488;464;214;592
0,5160,5242,1,1,0,12,0,4;147;195;229;299;469;759;469;703;750;424;646
1,5163,5446,1,0,0,12,7,1;147;192;226;296;469;756;466;700;747;421;643
1,5113,5178,1,0,0,13,1,4;51;199;242;276;346;469;776;516;750;797;471;652
1,5150,5212,1,0,0,12,1,14;175;205;239;309;469;769;479;713;760;434;652
1,5109,5160,1,0,0,14,1,3;8;55;216;246;280;350;469;799;520;754;801;475;652
1,5112,5201,1,0,0,14,3,0;5;52;199;243;277;347;469;799;517;751;798;472;652
1,4992,5243,1,0,0,13,6,30;49;120;125;172;333;363;397;89;467;681;799;637
1,5102,5185,1,0,0,14,2,10;15;62;223;253;287;357;469;799;527;761;808;482;704
1,4674,4737,1,1,0,15,4,74;117;348;277;37;130;7;164;367;438;443;490;651;507;715
1,4601,4874,1,0,1,15,9,24;147;190;421;350;110;203;80;237;440;511;516;563;724;754
1,4690,4745,1,0,1,14,4,58;101;316;261;21;114;148;351;422;427;473;635;507;699
1,4687,4750,1,0,0,14,2,61;104;335;264;24;117;151;354;425;430;473;638;507;702
1,4534,4587,1,0,0,15,2,91;214;257;459;417;177;270;147;276;507;578;556;630;791;787
1,4505,4567,1,0,0,16,3,120;243;286;459;446;206;299;176;318;536;21;607;556;659;820;787
1,4561,4622,1,1,0,15,2,64;187;230;451;390;150;243;120;276;480;551;556;603;764;772
1,4534,4603,1,0,0,15,4,91;214;257;451;417;177;270;147;276;507;578;556;630;791;787
1,4780,4854,1,0,0,13,2,11;242;171;24;58;241;332;337;384;545;507;479;301
1,4775,4844,1,0,0,13,1,16;247;176;29;63;266;337;342;389;550;507;479;306
1,4797,4999,1,1,0,12,5,225;154;7;41;241;315;320;367;528;507;464;281
1,4789,5011,1,0,0,13,5,2;233;162;15;49;241;323;328;375;536;507;479;281
1,4757,4843,1,0,0,13,2,34;265;194;47;76;284;355;360;407;568;507;632;324
1,4700,4770,1,0,0,14,1,48;91;316;251;11;104;138;341;412;417;453;625;507;689
1,4769,4830,1,0,0,13,3,22;253;182;35;69;272;343;348;395;556;507;479;312
1,4762,4970,1,1,0,13,6,29;260;189;42;76;279;350;355;402;557;507;627;319
1,4358,4443,1,1,0,17,4,114;97;267;390;115;348;459;593;353;446;322;480;606;168;744;591;806
1,4363,4426,1,2,0,17,5,109;92;262;385;110;348;459;588;348;441;318;475;606;163;744;591;723
1,4366,4443,1,4,0,17,5,106;89;259;382;107;348;459;585;345;438;315;472;606;160;744;578;723
1,4381,4664,1,2,0,18,10,91;74;244;367;92;348;459;570;330;423;300;457;606;145;731;571;723;944
1,4319,4402,1,1,0,17,6,153;117;306;429;154;359;703;632;392;485;322;519;606;207;744;616;845
1,4320,4597,1,1,0,17,11,152;117;305;428;153;359;682;631;391;484;322;518;606;206;744;616;844
1,4352,4416,1,0,0,17,2,120;103;273;396;121;359;459;599;359;452;322;486;606;174;744;616;812
1,4353,4439,1,0,0,17,5,119;102;272;395;120;348;459;598;358;451;322;485;606;173;744;616;811
1,4463,4712,1,0,0,18,13,9;162;285;10;328;459;488;248;341;218;375;571;63;649;556;701;862;892
1,4486,4545,1,0,0,16,3,139;262;305;459;465;225;318;195;352;555;40;626;556;678;839;787
1,4498,4549,1,0,0,16,2,127;250;293;459;453;213;306;183;340;543;28;614;556;666;827;787
1,4499,4568,1,0,0,16,3,126;249;292;459;452;212;305;182;339;538;27;613;556;665;826;787
1,4390,4478,1,4,0,18,5,82;65;235;358;83;348;459;561;321;414;291;448;571;136;722;571;723;935
1,4394,4483,1,10,0,18,5,78;61;231;354;79;348;459;557;317;410;287;444;571;132;718;571;723;931
1,4406,4492,1,1,1,18,3,66;49;219;342;67;348;459;545;305;398;275;432;571;120;706;564;723;919
1,4429,4483,1,1,0,19,4,43;26;196;319;44;346;459;522;282;375;252;409;571;97;683;564;723;896;926
1,4227,4300,1,1,0,15,2,245;33;228;398;521;75;246;399;715;676;484;577;454;611;814
1,4155,4447,1,1,0,17,7,66;317;9;8;11;46;33;105;300;403;593;147;318;636;715;676;556
1,4155,4386,1,0,0,17,4,66;317;9;8;11;46;33;105;300;403;593;147;318;399;715;676;556
1,4152,4230,1,0,0,17,6,69;320;12;11;14;49;36;108;303;403;596;150;321;639;715;684;559
0,4266,4325,1,1,0,16,0,206;189;359;482;36;207;359;715;636;445;538;415;536;775;260;846
1,4254,4307,1,1,0,17,4,218;6;201;371;494;48;219;359;715;636;457;550;427;584;787;272;858
1,4247,4300,1,0,0,16,2,225;13;208;378;501;55;226;359;715;653;464;557;434;591;794;279
1,4231,4303,1,1,0,15,1,241;29;224;394;517;71;242;399;715;653;480;573;450;607;810
1,4300,4562,1,1,0,17,11,172;155;325;448;2;173;359;715;636;411;504;322;536;741;226;744;817
1,4296,4370,1,0,0,17,2,176;159;326;452;6;177;359;715;636;415;508;385;536;745;230;744;821
1,4279,4499,1,0,0,16,9,193;176;326;469;23;194;359;715;636;432;525;402;536;762;247;833
1,4271,4338,1,0,0,16,2,201;184;354;477;31;202;359;715;636;440;533;410;536;770;255;841
1,4315,4612,1,1,0,16,10,157;117;310;433;158;359;707;636;396;489;322;523;726;211;744;616
1,4312,4604,1,1,0,16,14,160;117;313;436;161;359;710;636;399;492;322;526;729;214;744;752
1,4309,4519,1,1,0,16,10,163;117;316;439;164;359;713;636;402;495;322;529;732;217;744;786
1,4308,4374,1,0,0,16,1,164;147;317;440;165;359;714;636;403;496;322;530;733;218;744;786
1,3946,4023,1,0,0,14,2,275;526;218;217;220;255;242;314;109;509;672;802;356;527
1,3946,4177,1,0,0,14,7,275;526;218;217;220;255;242;314;109;450;672;802;356;527
1,3883,3964,1,0,0,14,1,338;589;281;249;283;8;318;305;377;172;572;726;865;419
1,3935,3985,1,0,0,14,2,286;537;221;228;231;266;253;325;120;520;690;813;367;538
1,3980,4040,1,0,0,15,1,241;492;184;183;186;221;208;280;75;450;643;768;322;493;704
1,4000,4055,1,0,0,15,2,221;472;164;163;128;201;188;260;55;450;625;748;302;473;704
1,3946,4179,1,1,0,14,6,275;526;218;217;220;255;242;314;109;450;672;800;356;527
1,3959,4219,1,0,1,15,9,262;513;205;204;207;242;229;301;96;450;643;789;343;514;832
1,4037,4323,1,1,0,16,10,184;435;127;126;128;164;151;223;18;418;588;711;265;409;692;985
0,4045,4107,1,0,0,16,0,176;427;119;118;121;156;143;215;10;410;580;703;257;409;692;715
1,4014,4075,1,0,0,16,3,207;458;150;149;128;187;174;246;41;441;611;722;288;459;704;1008
1,4035,4258,1,0,0,16,7,186;437;129;128;128;166;153;225;20;420;590;713;267;409;704;987
1,4112,4163,1,0,0,17,1,109;360;52;51;54;89;76;148;343;483;636;190;361;679;715;684;599
1,4131,4371,1,0,0,17,3,90;341;33;32;35;70;57;129;318;483;617;171;342;660;715;684;580
1,4094,4155,1,0,0,16,1,127;378;70;69;72;107;94;166;361;531;654;208;379;692;715;857
1,4098,4353,1,1,0,16,7,123;374;66;65;68;103;90;162;357;483;650;204;375;692;715;853
0,3677,3763,1,0,0,11,0,54;521;762;487;486;488;224;524;511;583;378
1,3671,3957,1,1,0,11,9,60;521;801;493;492;488;230;530;517;589;384
1,3706,3772,1,0,0,11,3,25;515;695;458;457;460;195;495;482;554;349
1,3683,3734,1,0,0,11,2,48;521;762;481;480;483;218;518;505;577;372
0,3724,3809,1,0,0,11,0,7;484;692;440;439;442;177;477;464;536;331
1,3723,3798,1,0,0,11,3,8;484;695;441;440;443;178;478;465;537;332
1,3777,4027,1,0,0,10,3,444;692;387;386;389;124;424;411;483;278
1,3739,3819,1,0,0,10,2,482;692;425;424;427;162;462;449;521;316
1,3806,3890,1,1,0,11,1,415;666;358;275;360;95;395;382;454;249;649
0,3778,3833,1,1,0,10,0,443;692;386;275;388;123;423;410;482;277
1,3816,4040,1,0,0,11,3,405;656;348;256;350;85;366;372;444;239;639
1,3814,3879,1,0,0,11,1,407;658;350;275;352;87;366;374;446;241;641
1,3838,3922,1,0,0,12,4,383;634;326;249;328;63;363;350;422;217;617;787
1,3824,3883,1,0,0,11,1,397;648;340;249;342;77;366;364;436;231;631
1,3863,3924,1,1,0,13,1,358;609;301;249;303;38;338;325;397;192;592;726;885
1,3851,3917,1,0,0,13,3,370;621;313;249;315;50;350;337;409;204;604;743;897
1,3366,3424,1,0,0,7,1,0;168;365;78;145;809;824
1,3366,3451,1,1,0,7,3,0;168;365;57;145;809;824
1,3392,3452,1,0,0,6,1,142;339;52;119;809;824
1,3408,3675,1,1,0,6,2,126;323;33;103;809;824
1,3411,3495,1,0,0,6,1,123;320;33;100;792;824
1,3411,3484,1,0,0,6,2,84;320;33;100;792;824
0,3504,3554,1,0,0,9,0,30;227;7;717;824;660;659;662;397
1,3514,3733,1,0,0,9,3,20;217;707;824;650;649;652;387;687
0,3586,3648,1,1,0,10,0,145;635;824;578;577;488;315;615;602;674
0,3594,3680,1,0,0,10,0,137;627;824;570;569;488;307;607;594;666
0,3611,3672,1,1,0,10,0,120;610;824;553;552;488;290;590;577;649
1,3629,3680,1,0,0,11,2,102;592;824;535;534;488;272;572;559;631;426
0,3640,3693,1,1,0,11,0,91;581;824;524;523;488;261;561;548;620;415
1,3645,3734,1,0,0,11,3,86;576;824;519;518;488;256;556;543;615;410
0,3657,3742,1,1,0,11,0,74;559;815;507;506;488;244;544;531;603;398
1,3665,3734,1,0,0,11,3,66;556;807;499;498;488;236;536;523;595;390
1,3359,3655,1,0,0,7,3,7;175;372;85;152;862;1067
1,3362,3439,1,0,0,7,2,4;172;369;82;149;859;824
1,3348,3408,1,0,0,7,2,18;186;375;96;163;873;1124
1,3353,3434,1,0,0,7,3,13;181;375;91;158;868;1077
1,3302,3569,1,1,0,6,2,36;64;232;375;142;209
0,3305,3377,1,0,0,6,0,33;61;229;375;139;206
0,3272,3342,1,1,0,6,0,66;94;260;450;172;239
1,3283,3493,1,0,0,6,3,55;83;251;448;161;228
0,3218,3268,1,0,0,6,0,120;148;260;450;226;293
0,3226,3294,1,0,0,6,0,112;140;260;450;218;285
1,3175,3261,1,1,0,8,1,163;10;191;25;260;450;263;336
0,3208,3283,1,0,0,7,0,130;4;158;260;450;231;303
1,3164,3232,1,2,0,8,1,174;48;202;36;260;450;263;347
0,3175,3225,1,1,0,8,0,163;10;191;25;260;450;231;336
1,3125,3176,1,2,0,9,1,8;1;213;87;241;75;260;450;276
1,3152,3203,1,2,0,8,1,186;60;214;48;260;450;276;359
0,3114,3203,1,1,0,9,0,19;12;224;98;252;78;260;450;276
1,3111,3192,1,1,0,9,1,22;15;227;101;255;78;260;450;318
1,3108,3173,1,2,0,9,1,25;18;230;104;258;78;260;450;321
1,3105,3171,1,1,1,9,3,28;21;233;107;261;78;320;450;321
1,3095,3181,1,2,0,10,2,38;31;3;243;117;271;105;320;450;321
1,3091,3297,1,0,0,10,5,42;35;7;247;121;275;109;320;453;325
1,3091,3162,1,2,0,10,1,42;35;7;247;121;275;109;320;450;325
1,3070,3295,1,0,0,10,5,63;56;28;268;142;296;130;320;529;325
1,3057,3294,1,1,0,10,3,76;69;41;281;155;309;143;455;529;325
1,3048,3102,1,0,0,10,3,85;78;50;290;164;318;152;475;529;325
1,3046,3122,1,0,0,10,1,87;80;52;292;166;320;154;475;529;352
0,3033,3108,1,0,0,10,0,100;93;65;305;179;333;167;475;529;352
1,2992,3069,1,1,0,11,2,141;134;106;12;346;220;374;208;475;529;352
0,2976,3055,1,0,0,11,0,157;150;122;28;362;236;390;217;475;529;352
1,2968,3230,1,0,0,11,5,165;158;130;36;364;241;398;217;475;550;352
1,2962,3181,1,1,0,11,3,171;164;136;42;364;250;404;217;475;550;482
1,2893,3177,1,0,0,12,6,33;240;233;205;47;22;111;364;319;429;307;641
1,2952,3030,1,0,0,11,2,181;174;146;52;364;260;414;248;475;779;492
1,2959,3182,1,0,0,11,7,174;167;139;45;364;253;407;217;475;772;485
1,2962,3031,1,0,0,11,2,171;164;136;42;364;250;404;217;475;550;352
0,2851,2909,1,0,0,11,0,75;282;275;247;89;96;153;364;361;429;349
0,2869,2928,1,0,0,11,0,57;264;257;229;71;78;135;364;343;429;331
1,2870,2948,1,1,0,11,4,56;263;256;228;70;77;134;364;342;429;330
1,2892,2968,1,0,0,11,1,34;241;234;206;48;55;112;364;320;429;308
1,2792,3075,1,0,1,13,10,134;341;334;306;44;148;155;212;51;544;418;429;378
1,2801,2858,1,0,0,13,2,125;332;325;297;35;139;146;203;42;454;411;429;378
1,2804,2869,1,0,0,13,1,122;329;322;294;32;136;143;200;39;368;408;429;378
1,2849,2901,1,0,0,11,2,77;284;277;249;91;98;155;368;363;429;351
1,2770,2849,1,0,0,13,2,156;363;356;328;66;170;177;234;73;568;418;429;430
1,2778,2831,1,0,0,13,2,148;355;348;309;58;162;169;226;65;560;418;429;422
1,2783,2854,1,1,0,13,2,143;350;343;309;53;157;164;221;60;544;418;429;417
1,2785,2843,1,0,0,13,2,141;348;341;309;51;155;162;219;58;544;418;429;389
1,2754,2837,1,0,0,11,4,172;379;372;339;82;186;193;250;89;584;454
1,2721,2965,1,0,0,12,5,23;205;412;405;377;115;219;226;283;122;586;454
0,2768,2827,1,0,0,13,0,158;365;358;330;68;172;179;236;75;570;418;598;432
1,2768,3006,1,1,0,13,10,158;365;358;330;68;172;179;236;75;570;418;598;432
1,2682,2771,1,0,0,12,3,62;244;451;444;416;154;258;265;322;161;604;481
1,2679,2766,1,0,0,12,4,65;247;454;447;419;157;261;268;325;164;604;533
1,2719,2772,1,1,0,12,3,25;207;414;407;379;117;221;228;285;124;586;481
0,2696,2753,1,1,0,12,0,48;230;437;430;402;140;244;251;308;147;586;481
1,2620,2693,1,0,0,14,4,15;23;124;306;513;506;449;216;320;327;384;223;609;592
1,2598,2652,1,0,0,14,2,37;45;146;328;535;528;500;238;342;349;406;245;609;614
1,2666,2755,1,0,0,12,1,78;260;467;460;432;170;274;281;338;177;604;546
1,2636,2721,1,0,0,13,3,7;108;290;497;490;449;200;304;311;368;207;609;576
1,2526,2606,1,0,0,15,5,37;109;117;23;218;400;607;600;572;310;414;421;478;317;654
1,2501,2746,1,0,0,15,7,62;134;142;48;243;425;619;625;592;335;439;446;503;342;816
1,2594,2649,1,0,0,14,2,41;49;150;332;539;532;504;242;346;353;410;249;609;618
1,2572,2654,1,0,0,14,6,63;71;172;354;561;554;526;264;368;375;432;271;647;640
1,2414,2473,1,0,0,14,2,149;85;221;229;135;330;512;619;712;684;422;526;533;590
1,2442,2517,1,0,0,15,2,121;57;193;201;107;302;484;619;684;656;394;498;505;562;401
1,2367,2455,1,0,0,15,2,196;132;268;29;37;276;182;377;559;715;759;731;469;573;569
1,2368,2425,1,1,0,15,1,195;131;267;28;36;275;181;376;558;619;758;730;468;572;569
1,2462,2718,1,0,0,16,8,101;37;173;181;87;282;464;619;664;624;374;478;485;542;381;840
1,2463,2549,1,1,0,16,2,100;36;172;180;86;281;463;619;663;624;373;477;484;541;380;816
1,2447,2502,1,1,0,15,3,116;52;188;196;102;297;479;619;679;624;389;493;500;557;396
1,2451,2521,1,1,0,16,5,112;48;184;192;98;293;475;619;675;624;385;489;496;553;392;887
1,2282,2356,1,1,0,13,1,281;211;353;114;122;361;267;462;644;715;829;816;554
1,2292,2354,1,0,0,13,2,271;207;343;104;112;340;257;452;634;715;829;806;544
1,2274,2357,1,0,0,13,2,289;211;361;122;130;368;275;470;652;859;836;824;562
1,2275,2518,1,0,0,13,8,288;211;360;121;129;368;274;469;651;858;829;823;561
1,2334,2384,1,0,0,15,1,229;165;301;62;70;309;215;410;592;715;792;762;502;606;613
1,2352,2422,1,1,0,15,2,211;147;283;44;52;291;197;392;574;715;774;746;484;588;595
1,2299,2351,1,1,0,13,1,264;200;336;97;105;340;250;445;627;715;810;799;537
1,2302,2548,1,0,0,13,7,261;180;333;94;102;340;247;442;624;715;810;796;534
0,2229,2295,1,0,0,11,0,299;266;406;167;175;368;320;515;697;904;897
1,2223,2290,1,1,0,11,1,299;276;412;173;181;368;326;521;703;910;903
1,2220,2278,1,0,0,11,1,299;279;415;176;184;412;329;524;706;913;906
1,2216,2267,1,1,0,11,1,347;283;419;180;188;412;333;528;710;917;910
1,2272,2331,1,0,0,13,2,291;211;363;124;132;368;277;472;654;861;854;826;564
1,2240,2329,1,1,0,11,1,299;231;395;156;164;368;309;504;686;893;886
1,2232,2291,1,0,0,11,1,299;238;403;164;172;368;317;512;694;901;894
1,2231,2315,1,0,0,11,1,299;266;404;165;173;368;318;513;695;902;895
1,2122,2195,1,0,0,8,1,432;377;509;274;282;441;427;622
1,2114,2192,1,0,0,8,1,449;385;509;282;290;441;435;630
1,2077,2365,1,0,0,8,6,36;486;422;509;319;327;441;472
0,2073,2124,1,0,0,8,0,40;490;426;509;323;331;441;476
1,2191,2253,1,0,0,11,1,372;308;444;205;213;441;358;553;735;942;915
1,2183,2266,1,0,0,11,2,380;316;452;213;221;441;366;561;743;950;943
1,2149,2208,1,0,0,8,1,409;350;486;247;255;441;400;595
1,2142,2219,1,0,0,8,1,421;357;493;254;262;441;407;602
1,1954,2036,1,1,0,11,2,9;112;159;102;57;609;545;525;442;450;689
1,1978,2220,1,1,0,11,6,88;135;78;33;585;521;518;418;426;665;571
1,1990,2287,1,0,0,11,7,76;123;66;21;573;509;518;406;414;441;559
0,1994,2049,1,2,0,11,0,72;119;62;17;569;505;509;402;410;441;555
0,2004,2055,1,1,0,11,0,62;109;52;7;559;495;509;392;400;441;545
0,2038,2091,1,0,0,10,0,28;75;18;525;461;509;358;366;441;511
1,2046,2100,1,0,0,10,1,20;67;10;517;453;509;350;358;441;503
0,2069,2158,1,1,0,8,0,44;494;430;509;327;335;441;480
1,1798,1867,1,0,0,12,2,165;268;315;258;154;213;634;582;96;692;598;606
1,1822,1878,1,1,0,12,1,141;242;291;234;130;189;634;582;72;692;574;582
1,1873,1940,1,0,0,13,1,90;193;240;179;79;138;634;582;21;692;523;531;770
1,1882,1942,1,1,0,13,1,81;184;231;174;70;129;634;582;12;692;514;522;705
1,1883,1952,1,0,0,13,1,80;183;230;173;69;128;634;582;11;692;513;521;705
0,1911,1988,1,0,0,12,0,52;155;202;145;41;100;634;582;692;485;493;705
1,1929,2138,1,1,0,12,5,34;137;184;127;23;82;634;570;692;467;475;705
0,1941,2027,1,1,0,12,0,22;125;172;115;11;70;622;558;525;455;463;702
1,1693,1989,1,0,0,10,9,270;373;420;363;259;318;854;806;201;709
1,1692,1777,1,0,0,10,3,271;374;420;364;260;319;871;807;202;709
1,1715,1930,1,0,0,10,4,248;351;398;341;237;296;848;695;179;692
1,1713,2000,1,0,0,10,8,250;353;400;343;239;298;850;695;181;709
0,1756,1842,1,1,0,10,0,207;310;357;300;196;255;634;582;138;692
1,1719,1925,1,1,0,10,4,244;347;394;337;233;292;634;695;175;692
0,1784,1871,1,0,0,12,0,179;282;329;272;168;227;634;582;110;692;612;620
0,1767,1835,1,1,0,12,0,196;299;346;289;185;244;634;582;127;692;629;637
1,1591,1663,1,0,0,10,1,41;70;372;475;506;465;349;420;947;908
0,1583,1658,1,0,0,10,0,49;78;380;483;506;473;349;428;947;916
1,1631,1717,1,0,0,11,1,1;30;332;435;457;425;321;380;932;868;263
0,1607,1665,1,0,0,11,0,25;54;356;459;457;449;345;404;947;892;287
1,1674,1742,1,0,0,10,1,289;392;422;382;278;337;889;825;220;961
0,1651,1721,1,0,0,10,0,10;312;415;422;405;301;360;912;848;243
1,1686,1978,1,0,0,10,5,277;380;420;370;266;325;877;813;208;860
1,1685,1926,1,0,0,10,6,278;381;420;371;267;326;878;814;209;950
1,54,341,1,1,0,8,5,407;120;84;245;135;258;281;44
1,69,354,1,0,0,8,1,393;105;69;241;120;243;266;29
1,25,281,1,0,0,8,5,407;149;113;461;164;287;310;73
0,42,102,1,1,0,8,0,407;132;96;245;147;270;293;56
1,8,272,1,0,0,8,4,431;166;130;478;181;304;327;90
0,25,113,1,1,0,8,0,407;149;113;245;164;287;310;73
1,0,55,1,0,0,8,2,462;174;138;486;189;312;335;98
0,305,368,1,1,0,11,0,157;181;7;30;661;470;519;574;846;576;456
1,300,381,1,0,0,10,2,162;186;12;35;666;502;524;579;851;581
0,298,369,1,0,0,10,0,164;188;14;37;668;504;526;581;853;583
1,233,309,1,0,0,8,2,198;228;79;102;733;569;591;646
1,221,275,1,0,0,8,1,207;228;91;114;745;581;603;658
1,197,274,1,1,0,5,1,253;228;115;138;769
0,159,244,1,1,0,7,0,253;15;228;30;153;176;807
0,138,208,1,1,0,8,0,253;36;0;228;51;169;197;828
1,129,213,1,1,0,7,1,258;45;9;228;60;169;206
0,126,187,1,1,0,7,0,258;48;12;228;63;169;209
1,124,186,1,1,0,7,1,258;50;14;228;65;188;211
1,95,181,1,0,0,8,1,261;79;43;228;94;203;240;3
0,83,145,1,1,0,8,0,261;91;55;228;106;229;252;15
1,83,167,1,1,0,8,1,261;91;55;228;106;229;252;15
0,81,147,1,0,0,8,0,261;93;57;228;108;231;254;17
1,77,370,1,0,1,8,4,261;97;61;241;112;235;258;21
1,453,509,1,1,0,14,2,9;33;513;349;371;426;698;428;308;833;162;799;721;1003
1,483,570,1,0,0,14,4,3;483;319;341;396;668;398;278;818;132;769;693;973;621
1,515,596,1,1,0,14,2,451;287;309;364;636;366;246;795;100;737;661;921;589;729
1,531,732,1,0,0,15,4,435;271;293;348;620;350;230;779;84;721;645;921;573;713;890
1,388,613,1,0,0,13,9,74;98;558;414;436;491;763;493;373;851;227;864;788
1,393,457,1,0,0,13,2,69;93;558;409;431;486;758;488;368;833;222;859;783
1,393,454,1,0,0,13,3,69;93;558;390;431;486;758;488;368;833;222;859;783
1,428,488,1,1,0,13,3,34;58;538;374;396;451;723;453;333;833;187;824;742
1,352,413,1,0,0,12,2,110;134;569;450;472;527;794;529;409;860;263;900
1,353,415,1,0,0,12,2,109;133;569;434;471;526;794;528;408;860;262;899
0,354,407,1,0,0,12,0,108;132;569;434;470;525;794;527;407;851;261;898
1,376,435,1,0,0,12,1,86;110;569;426;448;503;775;505;385;851;239;876
1,318,550,1,0,0,11,7,144;168;17;648;470;506;561;833;563;443;992
1,329,551,1,0,0,12,4,133;157;6;637;470;495;550;822;552;432;860;286
1,330,414,1,0,0,12,2,132;156;5;636;470;494;549;794;551;431;860;285
1,334,406,1,0,0,12,1,128;152;1;632;464;490;545;794;547;427;860;281
1,749,804,1,0,0,19,3,217;53;75;130;402;132;12;561;503;427;707;355;495;672;497;557;555;464;883
1,737,980,1,1,0,19,9,229;65;87;142;414;144;24;573;515;439;713;367;507;684;509;741;567;476;888
1,772,845,1,0,0,19,2,194;30;52;107;379;109;538;480;404;684;332;472;649;474;557;532;441;859;796
1,770,990,1,1,0,19,9,196;32;54;109;381;111;540;482;406;686;334;474;651;476;557;534;443;859;891
1,663,939,1,0,0,19,14,303;139;161;216;488;218;98;647;589;513;733;441;581;712;583;815;641;550;890
1,659,724,1,1,0,19,1,307;143;165;220;492;222;102;651;593;517;733;445;585;712;587;819;645;554;890
1,716,784,1,0,0,19,3,250;86;108;163;435;165;45;594;536;460;733;388;528;705;530;762;588;497;888
1,674,735,1,1,0,19,1,292;128;150;205;477;207;87;636;578;502;733;430;570;712;572;804;630;539;888
1,614,831,1,0,0,18,9,352;188;210;265;537;267;147;696;1;638;562;842;490;621;720;632;864;690
1,596,663,1,0,0,17,1,370;206;228;283;549;285;165;714;19;656;580;860;508;621;720;650;882
1,656,897,1,0,0,19,11,310;146;168;223;495;225;105;654;596;520;733;448;588;712;590;822;648;557;976
1,624,705,1,1,0,18,2,342;178;200;255;527;257;137;686;628;552;733;480;620;720;622;854;680;589
1,539,802,1,0,0,15,11,427;263;285;340;612;342;222;771;76;713;630;917;565;705;882
1,539,766,1,0,0,15,6,427;263;285;340;612;342;222;771;76;713;630;891;565;705;882
1,588,667,1,0,0,17,2,378;214;236;291;563;293;173;722;27;664;588;868;516;621;720;658;890
1,556,631,1,0,0,15,3,410;246;268;323;595;325;205;754;59;696;620;891;548;688;720
1,905,990,1,1,0,16,3,61;246;405;347;271;551;199;339;516;341;557;399;308;722;756;376
1,912,979,1,0,0,16,3,54;239;398;340;264;521;192;332;509;334;557;392;301;720;749;369
1,901,980,1,0,0,16,3,65;250;409;351;275;555;203;343;520;345;557;403;312;731;760;380
1,905,990,1,0,0,16,4,61;246;405;347;271;547;199;339;516;341;557;399;308;722;756;376
1,943,1013,1,0,0,16,4,23;208;367;309;233;501;161;301;478;303;535;361;270;546;718;338
1,944,1150,1,1,0,16,7,22;207;366;308;232;501;160;300;477;302;534;360;269;546;704;337
1,927,1007,1,0,0,16,4,39;224;383;325;249;501;177;317;494;319;551;377;286;705;734;354
1,934,1148,1,1,0,16,8,32;217;376;318;242;501;170;310;487;312;544;370;279;688;727;347
1,786,837,1,1,0,19,2,180;16;38;93;365;95;465;466;390;637;318;458;635;460;557;518;427;830;796
1,808,876,1,1,0,18,2,158;16;71;343;73;465;444;368;637;296;436;612;438;557;496;405;824;796
1,776,846,1,0,0,19,3,190;26;48;103;375;105;534;476;400;637;328;468;645;470;557;528;437;856;796
1,779,847,1,0,0,19,1,187;23;45;100;372;102;531;473;397;637;325;465;642;467;557;525;434;830;796
1,858,1127,1,0,0,17,9,108;21;293;23;452;394;318;598;246;386;563;388;557;446;355;774;785
1,874,927,1,1,0,18,2,92;5;277;7;436;378;302;582;230;370;547;372;557;430;339;734;785;407
1,812,893,1,0,0,18,3,154;12;67;339;69;465;440;364;637;292;432;609;434;557;492;401;815;796
1,813,873,1,1,0,18,2,153;11;66;338;68;465;439;363;637;291;431;608;433;557;491;400;815;785
1,1137,1351,1,1,0,15,3,14;173;115;39;319;107;284;109;328;167;76;495;475;144;688
1,1120,1208,1,1,0,15,5,31;190;132;56;336;124;301;126;358;184;93;507;475;161;688
1,1095,1303,1,0,0,16,4,56;200;157;81;361;9;149;326;151;383;209;118;507;475;186;868
1,1059,1137,1,0,0,16,2,92;200;193;117;397;45;185;362;187;419;245;129;507;475;222;904
1,1182,1246,1,0,0,13,1,128;70;274;51;239;64;269;122;31;450;475;99;658
0,1180,1239,1,0,0,13,0,130;72;276;51;241;66;269;124;33;452;475;101;658
1,1169,1222,1,1,0,14,1,141;83;7;287;75;252;77;269;135;44;463;475;112;658
1,1147,1210,1,0,0,15,3,4;163;105;29;309;97;274;99;328;157;66;485;475;134;658
1,966,1019,1,0,0,16,4,0;185;344;286;210;490;138;278;455;280;512;338;247;507;475;315
1,965,1219,1,0,0,16,10,1;186;345;287;211;491;139;279;456;281;513;339;248;507;696;316
1,949,1211,1,0,1,16,13,17;202;361;303;227;501;155;295;472;297;529;355;264;544;702;332
1,945,1212,1,0,1,16,9,21;206;365;307;231;501;159;299;476;301;533;359;268;544;704;336
1,1035,1119,1,0,0,15,3,116;275;217;141;421;69;209;378;211;443;269;129;507;475;246
1,1028,1098,1,0,0,15,2,123;282;224;148;428;76;216;378;218;450;276;185;507;475;253
0,1021,1073,1,0,0,15,0,130;289;231;155;435;83;223;378;225;457;283;192;507;475;260
1,1016,1092,1,0,0,15,3,135;294;236;160;440;88;228;405;230;462;288;197;507;475;265
0,1327,1382,1,0,0,9,0,129;94;151;305;334;636;739;786;729
1,1330,1622,1,0,0,9,5,126;91;148;302;331;633;736;783;726
1,1355,1590,1,0,0,10,4,101;66;123;277;306;608;711;575;701;597
1,1356,1421,1,0,0,10,4,100;65;122;276;305;607;668;575;700;596
1,1362,1427,1,0,0,10,2,94;59;116;270;299;601;664;575;694;590
1,1376,1458,1,0,0,10,2,80;45;102;256;285;587;664;575;680;576
1,1389,1619,1,0,0,10,4,67;32;89;243;272;568;664;575;667;563
1,1390,1451,1,0,0,10,2,66;31;88;242;271;568;643;575;666;562
1,1186,1245,1,0,0,13,3,124;8;270;51;235;60;269;118;27;446;475;95;658
1,1190,1243,1,0,1,13,3,120;8;266;51;231;56;269;114;23;442;471;91;658
1,1196,1252,1,0,0,13,2,114;8;260;48;225;50;269;108;17;436;462;85;658
1,1210,1276,1,0,0,13,1,100;8;246;34;211;36;268;94;3;422;451;71;658
1,1219,1308,1,0,0,12,1,82;8;237;25;202;27;259;85;413;442;62;658
1,1227,1297,1,1,0,12,1,57;8;229;17;194;19;251;77;405;434;54;658
1,1253,1341,1,1,0,10,3,55;203;168;225;51;379;408;28;658;813
1,1263,1331,1,0,0,10,1,47;193;158;215;41;369;398;18;658;768
1,1494,1573,1,0,0,9,1,138;167;469;572;575;562;458;517;976
0,1489,1559,1,0,0,9,0,143;172;474;577;575;567;463;522;976
1,1511,1566,1,0,0,9,1,121;150;429;555;568;545;441;500;976
1,1503,1582,1,0,0,9,1,129;158;429;563;575;553;449;508;976
1,1532,1620,1,0,0,9,4,100;129;419;534;568;524;420;479;976
0,1511,1592,1,0,0,9,0,121;150;419;555;568;545;441;500;976
1,1572,1641,1,0,0,10,1,60;89;391;494;541;484;349;439;947;927
1,1537,1614,1,0,0,9,1,95;124;419;529;568;519;415;474;947
1,1404,1459,1,0,0,10,4,52;17;74;228;257;539;643;575;652;548
1,1404,1625,1,0,0,10,4,52;17;74;228;257;539;621;575;652;548
0,1424,1480,1,0,0,9,0,32;54;208;237;539;601;575;618;528
1,1407,1637,1,0,0,10,3,49;14;71;225;254;539;621;575;618;545
1,1439,1508,1,1,0,11,3,17;39;193;222;524;601;575;607;513;572;1124
1,1431,1517,1,1,0,10,3,25;47;201;230;532;601;575;618;521;580
1,1462,1692,1,0,0,10,5,16;170;199;501;601;575;594;490;549;981
1,1452,1707,1,0,0,11,5,4;26;180;209;511;601;575;604;500;559;1111
1,13920,13998,1,1,0,15,3,115;346;225;168;284;505;405;553;373;304;156;563;445;347;823
1,13898,14163,1,0,1,15,6,16;137;368;247;190;306;505;418;553;395;326;178;614;445;369
1,13896,13978,1,1,0,15,2,18;139;370;249;192;308;505;429;553;397;328;180;616;445;371
1,13870,14135,1,0,1,15,9,44;165;21;396;275;218;334;505;455;553;423;332;206;642;530
1,14082,14348,1,0,1,15,8,184;63;6;122;375;243;408;211;142;395;318;185;570;452;636
1,14080,14153,1,0,0,15,1,186;65;8;124;377;245;410;213;144;432;320;187;570;454;638
1,14026,14077,1,0,0,16,2,9;240;119;62;178;431;299;464;267;198;50;486;374;241;570;508
1,13924,14187,1,0,0,15,10,111;342;221;164;280;505;401;500;369;300;152;563;445;343;819
1,13804,13878,1,0,0,15,3,110;231;49;87;462;16;341;284;400;505;521;675;442;420;272
1,13785,13858,1,0,0,14,1,129;250;68;106;477;35;360;303;419;505;540;675;508;439
1,13775,13846,1,1,0,14,3,139;260;78;116;491;45;370;313;429;505;550;675;518;449
1,13742,14000,1,0,0,15,5,13;166;293;111;149;502;78;403;346;462;606;583;675;551;482
0,13863,13931,1,1,0,14,0,51;172;28;403;282;225;341;505;462;553;430;332;213;649
1,13832,13915,1,1,0,14,2,82;203;21;59;434;313;256;372;505;493;553;442;379;244
1,13829,13880,1,0,0,14,3,85;206;24;62;437;316;259;375;505;496;569;442;379;247
1,13824,14063,1,1,0,14,7,90;211;29;67;442;321;264;380;505;501;569;442;400;252
0,14230,14291,1,0,0,12,0,36;227;95;260;63;248;170;37;380;304;373;580
1,14233,14500,1,1,0,12,2,33;224;92;257;60;248;167;34;380;301;373;577
0,14198,14265,1,0,0,13,0,68;6;259;106;292;95;26;248;202;69;380;336;495
1,14229,14525,1,1,0,12,7,37;228;96;261;64;248;171;38;380;305;489;581
0,14283,14370,1,1,0,12,0,37;23;207;10;229;117;380;251;373;388;612;859
1,14294,14362,1,1,0,11,1,37;23;196;218;106;380;240;373;388;601;848
1,14249,14322,1,1,0,12,1,17;37;76;241;44;248;151;18;380;285;373;561
1,14254,14552,1,0,0,12,8,12;37;23;236;39;248;146;13;380;280;373;556
1,14133,14366,1,0,0,14,5,133;12;71;324;165;357;160;91;374;267;134;570;401;504
1,14141,14213,1,0,0,14,1,125;4;63;316;165;349;152;83;371;259;126;570;393;495
1,14112,14351,1,0,0,14,3,154;33;92;345;213;378;181;112;395;288;155;570;422;504
1,14131,14194,1,0,0,14,1,135;14;73;326;194;359;162;93;374;269;136;570;403;504
1,14176,14252,1,0,0,13,2,90;28;281;149;314;117;48;324;224;91;380;358;495
1,14188,14271,1,1,0,13,2,78;16;269;106;302;105;36;324;212;79;380;346;495
1,14158,14405,1,0,0,13,6,108;46;299;165;332;135;66;324;242;109;570;376;495
1,14173,14429,1,1,0,13,7,93;31;284;152;317;120;51;324;227;94;559;361;495
1,14465,14540,1,0,0,13,2,25;47;278;69;253;345;430;677;809;534;618;559;625
1,14435,14514,1,0,0,14,3,22;55;77;308;99;283;375;460;707;809;564;648;589;655
1,14479,14555,1,0,0,14,1,11;33;251;55;239;331;416;663;787;520;604;545;611;580
1,14466,14734,1,1,0,13,9,24;46;251;68;252;344;429;676;809;533;617;558;624
1,14503,14571,1,0,0,13,2,9;240;31;215;307;392;639;783;496;580;421;587;556
1,14502,14710,1,1,0,13,6,10;241;32;216;308;393;640;784;497;581;473;588;557
1,14525,14597,1,1,0,12,1,215;9;193;285;370;617;570;474;558;421;565;534
1,14516,14762,1,0,0,12,6,215;18;202;294;379;626;770;483;567;421;574;543
1,14322,14377,1,1,0,11,1,37;3;168;147;78;380;212;373;388;573;820
1,14311,14395,1,0,0,11,1,37;14;179;177;89;380;223;373;388;584;831
1,14347,14407,1,0,0,11,2,37;143;147;38;380;187;371;388;548;795;939
1,14346,14406,1,0,0,11,1,37;144;147;54;380;188;372;388;549;796;940
1,14378,14583,1,0,0,14,6,37;112;134;22;365;156;340;388;517;764;852;621;705;646
1,14368,14644,1,0,0,13,7,37;122;144;32;375;166;350;388;527;774;918;631;715
1,14398,14467,1,0,0,14,4,37;92;114;2;339;136;320;388;497;744;829;601;685;626
1,14383,14446,1,1,0,14,2,37;107;129;17;360;151;335;388;512;759;829;616;700;641
1,14537,14610,1,0,0,11,3,206;181;273;358;605;570;462;546;421;553;522
0,14540,14606,1,0,0,11,0,203;178;270;355;534;570;459;543;421;550;519
1,14549,14621,1,0,0,11,1,194;169;261;346;534;570;450;534;421;541;510
1,14554,14630,1,1,0,12,3,189;164;256;307;534;570;445;529;421;536;505;518
1,14559,14858,1,0,0,12,10,184;159;251;307;534;570;440;524;421;531;500;493
1,14560,14634,1,0,0,12,1,183;158;250;307;534;570;439;523;421;530;499;442
1,14570,14798,1,0,0,12,6,173;148;240;307;534;570;429;513;408;520;489;442
1,14579,14635,1,1,0,12,3,164;139;231;307;534;560;420;504;408;511;480;442
1,12929,13134,1,1,0,15,6,181;21;335;223;236;243;184;139;533;479;434;605;301;657;579
1,12920,13203,1,0,0,15,8,190;30;344;232;245;252;193;148;542;479;443;614;310;666;735
1,12917,12989,1,1,0,15,3,193;33;347;235;248;255;196;151;545;502;446;617;313;669;738
0,12901,12955,1,0,0,14,0,209;49;363;251;264;271;198;167;558;502;462;633;329;685
1,12885,12938,1,0,0,14,1,225;65;379;267;280;287;228;183;558;502;478;649;345;701
1,12884,12940,1,1,0,14,3,226;66;380;268;281;288;229;184;558;543;479;650;346;702
1,12872,12931,1,0,0,14,1,0;238;78;392;280;293;300;241;196;563;543;491;662;358
1,12869,12919,1,0,0,14,1,3;241;81;395;283;296;303;244;199;589;543;494;665;361
1,12851,12916,1,0,0,14,3,21;259;99;413;301;314;321;262;217;589;563;512;683;379
1,12830,12909,1,1,0,14,1,42;280;7;120;434;322;335;342;283;238;612;563;533;704
0,12809,12867,1,1,0,14,0,63;301;28;141;455;343;356;363;304;259;612;563;554;725
1,12786,12841,1,0,0,14,3,86;324;51;164;478;366;379;386;327;282;612;563;577;748
1,12779,13073,1,0,0,14,10,93;331;58;171;485;373;386;393;334;289;612;564;584;755
1,12715,12796,1,0,0,14,3,157;395;122;235;547;437;450;457;398;353;612;564;648;819
1,12705,12773,1,0,0,13,1,167;405;132;245;559;447;460;467;408;363;612;564;658
0,12691,12775,1,0,0,14,0,181;419;13;146;259;573;461;474;481;422;377;612;564;672
1,13146,13223,1,0,0,17,3,118;6;19;26;316;285;217;388;84;440;509;440;343;609;576;768;880
1,13184,13237,1,0,0,14,1,80;278;247;179;350;46;402;471;402;305;571;538;712;851
1,13102,13160,1,0,0,17,3,8;162;50;63;70;11;360;286;261;432;128;484;546;484;387;653;620
1,13132,13220,1,0,0,17,2,132;20;33;40;330;286;231;402;98;454;523;454;357;623;581;782;903
1,13093,13147,1,0,0,17,3,17;171;59;72;79;20;369;338;270;441;137;493;546;493;396;662;629
1,13100,13154,1,1,0,17,3,10;164;52;65;72;13;362;294;263;434;130;486;546;486;389;655;622
1,13049,13131,1,0,0,16,1,61;215;103;116;123;64;19;413;382;314;485;181;531;546;530;440
1,13050,13109,1,0,0,16,1,60;214;102;115;122;63;18;402;381;313;484;180;531;546;530;439
1,13026,13299,1,1,0,16,7,84;238;126;139;146;87;42;436;405;337;508;204;531;579;560;463
1,13048,13120,1,0,0,16,2,62;216;104;117;124;65;20;414;383;315;486;182;531;579;530;441
1,12998,13078,1,0,0,16,1,112;266;154;167;174;115;70;464;433;365;536;232;531;579;588;491
1,13001,13066,1,0,0,16,2,109;263;151;164;171;112;67;448;430;362;533;229;531;579;585;488
1,12961,13013,1,0,0,14,1,149;303;191;204;211;152;107;501;448;402;573;269;541;579
1,12964,13222,1,0,0,14,6,146;300;188;201;208;149;104;468;448;399;570;266;541;579
1,12941,13020,1,1,0,15,4,169;9;323;211;224;231;172;127;521;479;422;593;289;541;579
1,12954,13008,1,0,0,14,3,156;310;198;211;218;159;114;508;448;409;580;276;541;579
1,13414,13476,1,0,0,18,1,48;17;120;172;241;172;75;341;308;500;621;439;477;852;406;731;246;674
1,13370,13621,1,1,0,18,9,92;61;164;216;285;216;119;385;352;544;665;483;521;896;450;775;290;718
1,13488,13543,1,0,0,18,3,46;98;167;98;1;267;234;426;547;365;397;778;332;657;172;600;716;969
1,13464,13552,1,0,0,16,3,70;122;191;122;25;291;258;450;571;389;427;802;356;681;196;624
0,13289,13353,1,0,0,15,0,173;142;74;245;297;366;297;200;448;433;570;716;564;602;977
1,13289,13343,1,0,0,15,4,173;142;74;245;297;366;297;200;448;433;570;716;564;602;977
1,13344,13395,1,0,0,17,1,118;87;19;190;242;311;242;145;411;378;570;691;509;547;916;476;801
1,13295,13586,1,1,0,16,12,167;136;68;239;291;360;291;194;448;427;570;716;558;596;971;525
1,13247,13308,1,0,0,15,3,17;215;184;116;287;339;408;339;242;496;475;667;716;606;644
0,13243,13331,1,0,0,15,0,21;219;188;120;291;343;412;343;246;496;479;671;716;610;648
1,13254,13330,1,1,0,15,3,10;208;177;109;280;332;401;332;235;478;468;570;716;599;637
1,13253,13470,1,1,0,15,6,11;209;178;110;281;333;402;333;236;478;469;661;716;600;638
1,13230,13305,1,1,0,16,3,34;232;201;133;304;0;356;425;356;259;525;492;684;716;623;661
1,13219,13470,1,0,0,16,9,45;243;212;144;315;11;367;436;367;270;536;503;695;816;634;672
0,13238,13307,1,1,0,15,0,26;224;193;125;296;348;417;348;251;496;484;676;716;615;653
0,13235,13304,1,1,0,15,0,29;227;196;128;299;351;420;351;254;496;487;679;716;618;656
1,13704,13754,1,0,0,16,1,51;18;210;331;149;187;552;116;441;384;500;606;621;675;589;520
1,13705,13775,1,0,0,16,1,50;17;209;330;148;186;523;115;440;383;499;606;620;675;588;519
1,13732,13816,1,0,0,15,1,23;182;303;121;159;523;88;413;356;472;606;593;675;561;492
1,13735,13936,1,0,1,15,6,20;166;300;118;156;523;85;410;353;469;606;590;675;558;489
1,13684,13764,1,0,0,16,3,71;38;230;351;169;207;582;136;461;404;520;606;641;806;609;540
1,13687,13760,1,0,0,16,4,68;35;227;348;166;204;579;133;458;401;517;606;638;744;606;537
1,13698,13956,1,0,1,16,9,57;24;216;337;155;193;568;122;447;390;506;606;622;744;595;526
1,13703,13988,1,0,0,16,9,52;19;211;332;150;188;563;117;442;385;501;606;622;675;590;521
1,13564,13648,1,0,0,17,3,22;91;22;191;158;350;471;289;327;702;256;581;96;524;591;893;718
1,13610,13897,1,0,1,15,9,45;145;112;304;425;243;281;644;210;535;50;478;591;847;715
1,13656,13721,1,0,0,15,4,99;66;258;379;197;235;610;164;489;4;432;548;606;669;834
1,13668,13745,1,1,0,15,2,87;54;246;367;185;223;598;152;477;420;536;606;657;822;625
1,13512,13592,1,0,0,17,2,22;74;143;74;243;210;396;523;341;379;754;308;633;148;576;692;945
1,13526,13609,1,0,0,17,4,8;60;129;60;229;196;388;509;327;337;740;294;619;134;562;678;931
1,13548,13622,1,0,0,17,3,38;107;38;207;174;366;487;305;337;718;272;589;112;540;656;909;777
1,13563,13637,1,0,0,17,5,23;92;23;192;159;351;472;290;328;703;257;582;97;525;591;894;762
1,12060,12120,1,0,0,12,1,18;325;219;313;248;382;6;812;399;492;441;1050
1,12049,12125,1,0,0,12,1,44;325;230;324;259;393;17;823;410;492;452;1061
1,12111,12196,1,0,0,10,2,277;168;262;197;331;761;348;442;390;999
0,12102,12184,1,0,0,10,0,286;177;271;206;340;770;357;451;399;1008
0,12142,12225,1,0,0,10,0,246;137;231;166;279;730;317;411;359;968
1,12137,12221,1,1,0,10,2,251;142;236;171;305;735;322;416;364;973
1,12174,12255,1,0,0,10,2,214;105;196;134;268;698;285;379;327;936
1,12149,12221,1,0,0,10,1,239;130;224;159;279;723;310;404;352;961
1,12210,12499,1,0,0,10,5,178;69;163;98;232;662;249;343;291;800
1,12182,12440,1,1,0,10,4,206;97;191;126;260;690;277;369;319;928
1,12250,12306,1,0,0,11,1,138;29;123;58;192;622;209;303;251;800;454
0,12214,12267,1,1,0,10,0,174;65;142;94;228;658;245;339;287;800
1,12280,12365,1,1,0,12,2,108;93;28;162;592;179;273;221;790;424;557;670
1,12252,12471,1,0,0,11,5,136;27;96;56;190;620;207;301;249;800;452
1,12289,12574,1,1,0,12,4,99;84;19;147;583;170;264;212;779;415;548;661
1,12281,12343,1,1,0,12,2,107;92;27;161;591;178;272;220;779;423;556;669
1,11860,11928,1,0,0,14,4,80;233;528;307;186;96;493;448;187;582;206;1010;599;693
1,11866,11942,1,0,0,14,2,74;227;522;307;180;90;493;442;181;576;200;1000;593;687
1,11872,11941,1,1,0,14,2,68;221;516;307;151;84;493;436;175;570;194;1000;587;681
1,11917,11980,1,0,0,15,3,23;176;471;307;129;39;456;391;130;525;149;955;542;636;584
1,11933,12021,1,0,0,15,2,7;160;455;307;113;23;440;375;114;509;133;918;526;620;568
1,11939,12001,1,0,0,15,4,1;154;449;307;107;17;434;369;108;482;127;918;520;614;562
1,11959,12031,1,1,0,13,2,134;429;307;87;414;349;88;482;107;905;500;594;542
1,11960,12213,1,0,0,13,7,133;428;307;86;413;348;87;468;106;905;499;593;541
1,11962,12042,1,1,0,13,4,131;426;307;84;411;346;85;468;104;877;497;591;539
1,11977,12204,1,0,0,13,7,116;411;302;69;396;331;70;465;89;859;482;576;524
1,11977,12051,1,0,0,13,2,116;411;302;69;396;331;70;465;89;859;482;492;524
1,11990,12190,1,0,0,13,5,103;398;285;56;383;318;57;452;76;859;469;492;511
1,11995,12078,1,1,0,13,1,98;393;284;51;354;313;52;447;71;859;464;492;506
1,12030,12103,1,0,0,14,2,63;358;249;16;343;278;17;412;36;842;429;492;471;1080
1,12032,12110,1,0,0,14,2,61;356;247;14;341;276;15;406;34;840;427;492;469;1078
1,12037,12112,1,0,0,14,1,56;325;242;9;336;271;10;405;29;835;422;492;464;1073
1,12536,12602,1,0,0,12,4,336;17;574;168;301;414;660;616;629;636;577;532
1,12506,12573,1,0,0,12,4,366;47;604;198;331;444;660;646;658;666;607;562
1,12464,12529,1,1,0,13,2,408;89;37;630;240;373;486;660;688;667;676;649;604
1,12449,12654,1,1,0,14,6,423;10;104;52;630;255;388;501;660;703;716;676;649;619
1,12623,12703,1,0,0,11,1,249;487;81;214;327;611;529;542;549;482;445
1,12607,12661,1,0,0,11,1,265;503;97;230;343;622;545;558;565;482;461
1,12605,12658,1,0,0,11,3,267;505;99;232;345;622;547;560;567;508;463
1,12603,12685,1,0,0,11,1,269;507;101;234;347;660;549;562;569;510;465
1,12633,12710,1,2,0,12,2,239;461;71;204;317;583;519;532;539;480;435;612
1,12631,12702,1,1,0,12,1,241;461;73;206;319;584;521;534;541;482;437;831
1,12631,12864,1,2,0,12,7,241;461;73;206;319;583;521;534;541;482;437;831
1,12627,12699,1,0,0,12,3,245;483;77;210;323;584;525;538;545;482;441;835
1,12655,12884,1,1,0,13,6,217;455;49;182;295;577;497;510;517;455;413;612;776
0,12653,12709,1,2,0,13,0,219;457;51;184;297;577;499;512;519;455;415;612;778
1,12645,12713,1,1,0,12,1,227;461;59;192;305;583;507;520;521;455;423;612
1,12634,12715,1,1,0,12,4,238;461;70;203;316;583;518;531;538;455;434;612
1,12318,12405,1,0,0,12,3,70;55;124;554;141;235;183;745;386;412;632;946
1,12358,12435,1,1,1,14,3,30;15;84;514;101;195;143;745;346;412;592;875;794;807
1,12298,12376,1,0,0,12,2,90;75;10;144;574;161;255;203;779;406;412;652
1,12302,12366,1,1,0,12,1,86;71;6;140;570;157;251;199;745;402;412;648
1,12367,12626,1,0,0,15,6,21;6;75;505;92;167;134;743;337;412;583;871;785;798;754
1,12385,12474,1,0,0,14,3,3;57;487;74;167;116;725;319;412;565;660;767;780;754
1,12359,12442,1,1,0,14,1,29;14;83;513;100;194;142;745;345;412;591;871;793;806
1,12364,12433,1,0,1,15,4,24;9;78;508;95;167;137;745;340;412;586;871;788;801;808
1,12400,12617,1,1,0,14,7,42;472;59;142;101;707;304;412;550;660;752;719;754;713
1,12411,12480,1,0,1,14,4,31;461;48;142;90;699;293;412;539;660;741;719;715;702
1,12392,12480,1,0,0,13,4,50;480;67;161;109;707;312;412;558;660;760;773;754
1,12392,12451,1,0,0,13,1,50;480;67;161;109;707;312;412;558;660;760;719;754
1,12427,12500,1,1,0,15,4,15;445;32;126;74;664;277;410;523;660;725;719;715;686;641
1,12446,12515,1,0,0,14,4,426;13;107;55;630;258;391;504;660;706;719;715;649;622
1,12413,12468,1,1,0,14,4,29;459;46;140;88;674;291;412;537;660;739;719;715;700
1,12427,12511,1,0,0,15,3,15;445;32;126;74;664;277;410;523;660;725;719;715;649;641
1,11250,11309,1,0,0,17,3,52;120;141;88;315;107;187;111;391;253;381;221;274;428;213;529;591
1,11246,11320,1,0,0,17,3,56;124;145;92;319;111;191;115;395;257;383;225;278;489;217;529;595
1,11266,11529,1,1,0,17,9,36;104;125;72;299;91;171;95;375;237;365;205;258;420;197;529;575
1,11264,11333,1,0,0,17,3,38;106;127;74;301;93;173;97;377;239;367;207;260;428;199;529;577
1,11200,11289,1,0,0,16,1,102;170;191;138;365;157;237;161;441;303;402;271;324;535;263;740
0,11176,11227,1,1,0,16,0,126;194;215;162;389;179;261;178;465;327;402;295;348;559;287;764
1,11220,11283,1,0,0,16,3,82;150;171;118;345;137;217;141;421;283;383;251;304;515;243;529
1,11209,11447,1,0,0,16,8,93;161;182;129;356;148;228;152;432;294;383;262;315;526;254;731
1,11345,11603,1,1,0,15,2,25;46;220;12;92;16;296;158;286;126;179;390;118;382;496
1,11322,11589,1,0,0,16,3,48;69;16;243;35;115;39;319;174;309;149;202;409;141;529;519
0,11347,11417,1,0,0,15,0,23;44;218;10;90;14;294;156;128;124;177;388;116;382;200
1,11345,11642,1,1,0,15,3,25;46;220;12;92;16;296;158;128;126;179;390;118;382;496
1,11287,11370,1,1,0,17,3,15;83;104;51;278;70;149;74;354;216;344;184;237;409;176;529;554
1,11279,11337,1,1,0,17,2,23;91;112;59;286;78;158;82;362;224;352;192;245;409;184;529;562
1,11295,11358,1,1,0,17,1,7;75;96;43;270;62;142;66;346;174;336;176;229;409;168;529;546
1,11288,11363,1,0,0,17,1,14;82;103;50;272;69;149;73;353;215;343;183;236;409;175;529;553
1,10961,11012,1,0,0,15,1,341;409;150;174;430;139;128;184;377;531;365;473;400;553;542
1,10968,11215,1,1,0,15,7,334;402;143;167;423;132;121;177;370;531;362;469;393;553;535
1,10975,11219,1,1,0,16,9,327;395;136;160;416;125;114;170;363;531;362;427;386;553;528;656
1,10981,11042,1,1,0,16,2,321;389;130;154;410;119;108;164;357;531;362;427;380;549;522;650
1,10934,11005,1,0,0,16,3,368;8;436;177;201;457;166;155;211;404;531;382;503;427;553;569
0,10945,11002,1,0,0,16,0,357;2;425;166;190;446;155;144;200;393;531;382;473;416;553;558
1,10947,11016,1,0,0,16,1,355;0;423;164;188;444;153;142;198;391;531;382;473;414;553;556
0,10954,11042,1,0,0,15,0,348;416;157;181;437;146;135;191;384;531;365;473;407;553;549
1,11135,11212,1,1,0,18,1,167;235;0;256;10;203;430;222;302;226;506;368;496;336;389;600;328;805
1,11151,11212,1,1,0,16,1,151;219;240;187;414;206;286;178;490;352;480;320;373;584;312;789
1,11161,11240,1,1,0,16,4,141;209;230;177;404;179;276;178;480;342;470;310;363;574;302;779
1,11165,11253,1,0,0,16,1,137;205;226;173;400;179;272;178;471;338;466;306;359;570;298;775
1,10991,11055,1,1,0,17,3,311;379;120;144;400;109;98;154;347;531;362;427;370;549;463;640;480
1,11023,11098,1,1,0,18,4,279;347;88;112;368;77;66;122;315;513;334;414;338;549;463;608;448;501
0,11062,11117,1,1,0,18,0,240;308;49;73;329;38;27;83;276;503;295;375;299;547;441;569;409;462
1,11099,11380,1,1,0,18,10,203;271;12;36;292;1;46;239;466;258;338;262;542;404;532;372;425;636
1,11728,11805,1,1,0,14,5,7;212;113;365;640;551;318;228;538;546;319;641;332;1111
1,11727,11795,1,0,0,14,4,8;213;114;366;640;552;319;229;538;546;320;641;332;1145
0,11727,11793,1,0,0,14,0,8;213;114;366;640;552;319;229;538;546;320;641;332;1111
1,11723,11777,1,1,0,13,2,12;217;116;370;640;556;323;233;538;585;324;641;332
1,11712,11795,1,1,0,13,5,23;228;116;381;644;567;334;244;538;596;335;641;332
1,11695,11761,1,0,0,13,1,40;245;146;398;644;584;351;261;538;613;352;641;332
1,11693,11763,1,0,0,13,1,42;247;148;400;644;586;353;263;538;615;354;641;373
1,11682,11761,1,1,0,13,5,53;258;159;411;691;597;364;274;538;626;365;641;384
1,11823,11883,1,1,0,13,1,117;18;270;565;307;223;133;523;485;224;619;243;1010
1,11818,12023,1,1,0,13,4,122;23;275;570;461;228;138;523;490;229;620;248;1010
1,11815,11899,1,1,0,13,1,125;26;278;573;464;231;141;538;493;232;627;251;1010
1,11815,11884,1,0,0,13,2,125;26;278;573;464;231;141;523;493;232;627;251;1010
1,11807,11878,1,0,0,13,5,133;34;286;581;472;239;149;538;501;240;635;259;1053
1,11787,11870,1,0,0,13,4,153;54;306;601;492;243;169;538;521;260;641;279;1085
0,11762,11842,1,1,0,13,0,178;79;331;626;517;243;194;538;546;285;641;304;1098
1,11760,11836,1,0,0,13,2,180;81;333;628;519;286;196;538;546;287;641;306;1098
1,11466,11525,1,0,0,14,1,99;175;37;128;5;58;269;382;187;506;922;813;580;490
0,11468,11535,1,1,0,14,0,97;173;14;128;3;56;267;382;187;506;920;811;578;488
1,11446,11519,1,0,0,11,1,119;195;57;128;25;78;289;17;382;187;508
1,11448,11654,1,0,0,11,2,117;193;50;128;23;76;287;15;382;187;508
1,11394,11595,1,0,0,12,4,171;43;247;109;128;77;130;341;69;382;200;699
1,11414,11658,1,0,0,12,2,151;23;227;89;128;57;110;321;49;382;200;508
1,11364,11423,1,1,0,13,1,6;27;201;73;277;139;128;107;160;371;99;382;200
0,11389,11475,1,0,0,12,0,2;176;48;252;114;128;82;135;346;74;382;200
1,11659,11930,1,0,1,13,8,76;281;182;434;729;620;387;297;714;649;388;641;407
1,11664,11732,1,0,0,13,5,71;276;177;429;708;615;382;292;538;644;383;641;402
1,11642,11937,1,0,0,13,9,93;298;187;451;746;637;404;314;731;666;405;800;424
1,11659,11732,1,0,0,13,5,76;281;182;434;729;620;387;297;538;649;388;641;407
1,11524,11593,1,1,0,13,4,41;117;107;0;211;382;187;506;836;755;522;432;849
1,11565,11627,1,0,1,12,4,0;76;66;170;375;187;506;805;714;481;391;808
1,11491,11697,1,0,0,13,6,74;150;12;128;33;244;382;187;506;897;788;555;465
1,11513,11755,1,1,1,12,6,52;128;118;11;222;382;187;506;849;766;533;443
1,10424,10636,1,11,0,14,3,253;87;362;89;289;234;729;494;790;687;711;957;638;322
1,10439,10491,1,11,0,14,1,238;72;347;89;274;219;729;468;790;672;696;952;638;307
1,10452,10717,1,16,0,14,6,225;59;334;83;261;206;729;468;790;659;683;939;638;291
1,10467,10533,1,40,0,14,3,210;44;319;68;246;191;729;468;768;644;668;924;633;279
1,10476,10553,1,39,0,14,1,201;35;310;59;237;182;729;468;768;635;659;915;612;270
1,10476,10554,1,39,0,14,2,201;35;310;59;237;182;729;468;768;635;590;915;612;270
0,10487,10548,1,38,0,14,0,190;24;299;48;226;171;729;460;768;624;590;904;607;259
1,10499,10582,1,38,0,14,1,178;12;287;36;214;159;729;448;768;612;590;892;601;247
1,10377,10436,1,6,0,14,1,5;300;134;409;158;336;281;780;494;791;734;758;1014;723
1,10388,10440,1,2,0,13,4,289;123;398;144;325;270;780;494;791;723;747;1003;712
1,10390,10463,1,2,0,13,3,287;121;396;144;323;268;729;494;791;721;745;1001;710
1,10400,10456,1,3,0,14,1,277;111;386;135;313;258;729;494;791;711;735;991;642;346
1,10404,10473,1,2,0,14,1,273;107;382;89;309;254;729;494;791;707;731;987;642;342
1,10404,10488,1,3,0,14,4,273;107;382;89;309;254;729;494;791;707;731;957;642;342
1,10417,10711,1,4,0,14,8,260;94;369;89;296;241;729;494;791;694;718;957;642;329
1,10420,10501,1,10,0,14,3,257;91;366;89;293;238;729;494;790;691;715;957;642;326
1,10314,10539,1,1,0,13,5,5;68;363;197;472;221;399;55;344;905;633;832;797
0,10314,10370,1,1,0,13,0,5;68;363;197;472;221;399;55;344;905;494;832;797
1,10331,10603,1,1,0,13,7,51;323;180;455;204;382;38;327;905;494;832;780;804
1,10319,10400,1,0,0,13,2,0;63;358;192;467;216;394;50;339;905;494;832;792
1,10367,10585,1,1,0,15,4,15;310;144;419;168;346;2;291;883;494;815;744;768;1024;733
1,10353,10435,1,1,0,14,3,29;323;158;433;182;360;16;305;905;494;815;758;782;1038
1,10376,10577,1,6,0,14,5,6;301;135;410;159;337;282;883;494;791;735;759;1015;724
1,10368,10650,1,3,0,15,9,14;309;143;418;167;345;1;290;883;494;814;743;767;1023;732
1,10203,10292,1,0,0,13,2,29;116;179;87;474;308;583;332;510;166;455;1099;744
0,10196,10248,1,0,0,11,0,36;123;186;94;481;315;590;339;517;173;462
1,10231,10479,1,0,0,14,9,1;88;151;59;446;280;553;304;482;138;427;1071;716;1139
1,10225,10283,1,0,0,14,3,7;94;157;65;452;286;561;310;488;144;433;1077;722;1145
1,10277,10354,1,0,0,13,1,42;105;13;378;234;509;258;436;92;381;1025;670;992
1,10265,10331,1,0,0,13,2,54;117;25;412;246;521;270;448;104;393;1037;682;992
1,10307,10571,1,0,0,13,6,12;75;370;204;479;228;406;62;351;905;640;992;804
1,10287,10569,1,0,0,14,9,32;95;3;378;224;499;248;426;82;371;1015;660;992;824
1,10841,10911,1,0,0,14,1,457;106;529;270;294;550;259;248;304;497;583;516;596;520
1,10861,10913,1,0,0,14,2,441;86;509;250;274;530;239;228;284;477;531;496;576;500
0,10789,10863,1,0,0,12,0,513;158;581;322;346;602;311;300;356;538;751;568
1,10830,10887,1,0,0,13,2,472;117;540;281;305;561;270;259;315;508;583;527;607
1,10918,10980,1,1,0,15,1,384;29;452;193;217;473;182;171;227;420;531;439;519;443;553
1,10925,10996,1,0,0,16,1,377;22;445;186;210;466;175;164;220;413;531;382;512;436;553;578
1,10894,11142,1,0,0,15,8,408;53;476;217;241;497;206;195;251;444;531;463;543;467;747
1,10895,11125,1,0,0,15,8,407;52;475;216;240;496;205;194;250;443;531;462;542;466;568
1,10727,10812,1,1,0,13,2,59;570;220;643;384;400;664;373;19;362;418;538;824
1,10755,10830,1,0,0,12,2,31;547;192;615;356;372;636;345;334;390;538;810
1,10694,10775,1,0,0,14,1,92;19;570;253;676;417;441;697;406;52;395;451;538;836
1,10722,10798,1,0,0,13,2,64;570;225;648;389;413;669;378;24;367;423;538;824
1,10775,10848,1,0,0,13,1,11;527;172;595;336;360;616;325;314;370;538;788;582
1,10789,11041,1,0,1,12,8,513;158;581;322;346;602;311;300;356;538;751;568
1,10765,10851,1,1,0,13,2,21;534;182;605;346;370;626;335;324;380;538;800;592
1,10773,10838,1,1,0,13,2,13;529;174;597;338;362;618;327;316;372;538;788;584
0,10647,10725,1,0,0,15,0,30;139;66;11;570;300;723;464;488;744;453;99;442;498;691
1,10636,10699,1,0,0,14,2,41;150;77;22;570;311;734;475;499;755;464;110;453;509
1,10605,10660,1,0,1,13,2,72;181;108;53;570;342;747;506;530;786;495;141;484
1,10603,10855,1,0,1,13,5,74;183;110;55;699;344;747;508;532;788;495;143;486
1,10665,10732,1,0,0,15,2,12;121;48;570;272;705;446;470;726;435;81;424;480;538;836
1,10656,10718,1,1,0,16,1,21;130;57;2;570;291;714;455;479;735;444;90;433;489;538;836
1,10655,10869,1,0,0,16,5,22;131;58;3;570;292;715;456;480;736;445;91;434;490;683;910
1,10655,10919,1,1,0,16,9,22;131;58;3;570;292;715;456;480;736;445;91;434;490;683;836
0,10564,10652,1,1,0,13,0,113;222;149;94;729;369;748;547;561;827;536;182;525
1,10559,10637,1,1,0,13,2,118;227;154;99;729;388;748;552;561;832;541;187;530
1,10557,10632,1,1,0,13,1,120;229;156;101;729;390;768;554;561;834;543;189;532
1,10526,10615,1,8,0,14,1,151;260;9;187;132;729;421;768;585;577;865;574;220;563
1,10593,10657,1,1,0,13,2,84;193;120;65;709;354;748;518;542;798;507;153;496
1,10593,10663,1,0,0,13,1,84;193;120;65;709;354;748;518;542;798;495;153;496
1,10574,10624,1,1,0,13,1,103;212;139;84;728;369;748;537;549;817;526;172;515
1,10573,10623,1,0,0,13,1,104;213;140;85;729;369;748;538;561;818;527;173;516
1,9631,9690,1,0,0,14,1,294;5;35;120;169;356;384;192;224;334;601;386;688;512
1,9665,9898,1,1,0,14,8,260;1;86;135;322;350;158;190;300;567;386;654;455;717
1,9702,9985,1,0,0,14,9,223;49;98;285;313;121;153;263;530;351;617;441;625;588
1,9727,9790,1,0,0,14,3,198;24;73;260;288;96;128;238;505;326;592;416;625;563
0,9489,9546,1,0,0,16,0,110;436;39;77;147;177;262;311;485;463;334;366;476;743;564;830
1,9518,9606,1,0,0,16,3,81;407;10;48;118;148;233;282;469;463;305;337;447;714;535;801
1,9573,9657,1,1,0,14,2,26;352;63;93;178;227;414;442;250;282;392;659;480;746
1,9590,9677,1,1,0,15,1,9;335;46;76;161;210;397;385;233;265;375;642;463;729;553
1,9421,9483,1,1,0,15,2,178;3;447;107;145;215;245;330;379;566;564;402;434;544;811
0,9428,9501,1,0,0,14,0,171;447;100;138;208;238;323;372;559;463;395;427;537;804
1,9455,9526,1,1,0,15,1,144;447;73;111;181;211;296;345;532;463;368;400;510;777;598
1,9485,9547,1,1,0,15,1,114;440;43;81;151;181;266;315;502;463;338;370;480;747;568
0,9392,9452,1,0,0,14,0,207;32;489;136;174;244;274;359;408;590;564;431;463;573
1,9399,9479,1,1,0,14,1,200;25;489;129;167;237;267;352;401;588;564;424;456;566
1,9406,9489,1,1,0,14,1,193;18;489;122;160;230;260;345;394;572;564;417;449;559
1,9413,9501,1,1,1,14,2,186;11;470;115;153;223;253;338;387;572;564;410;442;552
0,9370,9434,1,1,0,14,0,229;54;489;158;196;266;296;381;430;592;578;453;485;595
1,9357,9422,1,1,0,14,2,242;67;489;171;209;279;309;394;443;592;583;466;498;608
1,9380,9432,1,0,0,14,3,219;44;489;148;186;256;286;371;420;590;578;443;475;585
1,9372,9618,1,1,0,14,8,227;52;489;156;194;264;294;379;428;592;578;451;483;593
1,9349,9407,1,0,0,14,2,250;75;576;179;217;287;317;402;451;622;666;474;506;616
0,9343,9410,1,1,0,14,0,256;81;582;185;223;293;323;408;457;622;672;480;512;622
1,9353,9616,1,1,0,14,8,246;71;489;175;213;283;313;398;447;592;662;470;502;612
1,9350,9637,1,1,0,14,12,249;74;575;178;216;286;316;401;450;592;665;473;505;615
1,9262,9343,1,0,0,14,3,337;143;648;266;304;374;404;15;489;538;638;730;561;593
1,9261,9316,1,0,0,14,1,338;163;648;267;305;375;405;16;490;539;638;730;562;594
1,9312,9396,1,0,0,14,4,287;112;613;216;254;324;354;439;488;638;692;511;543;653
0,9269,9345,1,0,0,14,0,330;143;648;259;297;367;397;8;482;531;638;692;554;586
1,9240,9479,1,0,0,14,7,359;184;648;288;326;396;426;37;511;560;643;775;583;615
1,9225,9298,1,1,0,14,1,374;195;648;303;341;411;441;52;526;575;643;790;598;630
1,9255,9330,1,1,0,14,2,344;167;648;273;311;381;411;22;496;545;643;730;568;600
1,9243,9301,1,0,0,14,1,356;181;648;285;323;393;423;34;508;557;643;730;580;612
1,10153,10238,1,1,0,11,2,79;166;229;137;524;358;633;382;560;216;490
1,10158,10367,1,0,0,11,4,74;161;224;132;507;353;628;377;555;211;489
1,10134,10198,1,1,0,12,4,98;185;9;248;156;540;377;652;401;579;235;490
1,10153,10226,1,1,0,11,1,79;166;229;137;507;358;633;382;560;216;490
1,10098,10187,1,0,0,12,4,134;221;45;284;192;540;413;688;437;615;256;560
1,10132,10215,1,0,0,12,1,100;187;11;250;158;540;379;654;403;581;237;526
1,10080,10132,1,1,0,12,2,152;239;63;302;210;581;431;695;450;633;289;578
1,10085,10163,1,1,0,12,1,147;234;58;297;205;540;426;695;450;628;284;573
1,10044,10099,1,2,0,12,1,188;9;275;99;338;246;581;467;695;467;669;325
1,10080,10139,1,0,0,12,1,152;239;63;302;210;568;431;695;450;633;289;578
1,10011,10093,1,1,0,12,3,4;221;42;308;132;371;279;586;500;711;467;702
1,10012,10096,1,1,0,12,1,3;220;41;307;131;370;278;586;499;695;467;701
1,9980,10034,1,1,0,12,1,7;35;252;73;339;154;402;310;589;507;711;467
1,9987,10254,1,1,0,12,6,0;24;245;66;332;154;395;303;589;507;711;467
1,9970,10021,1,1,0,12,1,17;45;262;83;349;173;412;320;589;541;711;495
1,9976,10226,1,0,0,12,3,11;39;256;77;343;154;406;314;589;507;711;495
1,9970,10053,1,1,0,12,3,17;45;262;83;349;154;412;320;589;541;711;495
1,9958,10009,1,1,0,13,1,29;57;7;274;95;361;185;424;332;589;553;711;495
1,9957,10161,1,1,0,13,4,30;58;8;275;96;362;186;425;333;627;554;711;495
1,9923,10130,1,1,0,14,3,2;64;92;42;309;130;396;220;459;367;627;588;711;612
1,9888,9971,1,0,0,14,4,37;99;127;77;344;165;431;227;494;402;627;623;711;647
0,9887,9942,1,0,0,14,0,38;100;128;78;345;166;432;227;495;403;627;624;711;648
1,9883,9944,1,0,0,14,1,42;104;132;82;349;170;436;260;499;407;627;628;711;652
1,9876,10097,1,1,0,13,10,49;111;139;89;356;177;443;267;506;414;627;633;910
1,9853,9933,1,0,0,13,4,72;134;162;2;112;379;200;466;290;529;437;627;658
1,9839,10095,1,0,1,13,6,86;148;176;16;126;393;214;480;304;543;451;838;672
1,9776,9829,1,0,0,15,3,149;24;211;206;47;79;189;456;277;543;367;569;514;901;705
1,9774,9827,1,0,0,15,1,151;26;213;241;49;81;191;458;279;545;369;569;516;903;705
1,9772,9839,1,0,0,15,2,153;28;215;243;51;83;193;460;281;547;371;605;518;905;705
1,9760,9811,1,0,0,15,3,165;40;227;254;63;95;205;472;293;559;383;605;530;917;751
1,9737,9826,1,0,0,15,1,188;14;63;250;278;86;118;228;482;316;582;406;605;553;940
1,9730,9806,1,0,0,14,3,195;21;70;257;285;93;125;235;482;323;589;413;625;560
283
11455,12279,172.58,9
11465,11956,0.00,8
11522,12373,349.29,10
11569,12308,39.40,8
11625,12047,0.00,11
11627,12442,279.75,11
11630,12066,41.49,11
11725,12872,229.39,9
11002,11524,0.00,10
11070,11735,80.92,8
11109,11463,0.00,10
11125,11940,349.03,11
11238,11841,339.68,10
11390,12093,219.49,11
11449,12388,223.62,9
11455,12046,72.60,9
10758,11357,104.99,9
10652,11565,380.75,8
10833,11361,48.88,11
10819,11437,82.64,10
10921,11503,142.16,10
10867,11641,269.21,8
10991,11471,0.00,8
10969,11631,263.23,9
10327,11135,167.01,10
10279,11111,0.00,11
10365,11100,138.62,8
10349,11391,30.97,10
10516,11089,0.00,10
10398,10746,16.57,11
10637,11338,159.16,10
10617,11145,0.00,9
13186,13853,0.00,8
13217,13891,72.49,9
13110,13914,207.45,10
13125,14035,123.46,8
13307,14145,30.73,11
13346,13660,0.00,10
13288,14266,277.78,10
13295,13820,0.00,9
12876,13586,126.73,9
12908,13655,189.32,9
12713,13534,0.00,11
12831,13230,0.00,8
13074,13755,77.17,8
13090,13722,39.34,9
12993,13586,54.00,11
12993,13489,0.00,10
12399,13113,119.86,10
12364,13172,219.70,8
12351,13165,113.11,9
12346,13152,0.00,11
12661,13363,62.23,10
12650,13431,394.80,10
12627,13462,335.00,10
12423,13068,0.00,10
12017,13110,294.41,9
11881,12501,0.00,8
11854,12459,0.00,8
11854,12553,152.18,11
12309,13264,381.81,9
12270,12950,0.00,9
12253,12837,136.51,10
12249,12704,0.00,8
14373,15024,137.92,8
14414,15090,0.00,9
14468,15059,0.00,10
14551,15072,81.63,11
14278,15142,71.88,8
14326,15286,341.21,10
14364,14999,0.00,10
14366,15083,0.00,9
14034,14718,267.11,9
14012,14534,0.00,9
14267,14895,39.89,8
14207,14810,168.21,8
13864,14400,119.72,11
13851,14512,304.68,10
13907,14743,535.96,11
13876,14267,0.00,9
13659,14293,66.07,11
13613,14490,306.08,9
13799,14076,0.00,9
13670,14224,68.21,11
13471,14204,65.63,8
13349,14088,0.00,10
13548,14325,205.48,10
13475,14457,530.13,8
2332,2947,71.10,9
4216,5041,207.72,9
2406,3004,0.00,10
4198,4838,183.60,8
2433,2843,0.00,11
4254,5112,89.68,10
2450,3338,497.80,11
4247,4526,0.00,8
2566,3212,224.67,10
4319,5164,184.54,10
2765,3366,169.06,8
4296,5117,261.73,10
2766,3200,97.50,11
4423,5355,368.36,11
2893,3534,420.96,9
4372,5325,225.91,9
2928,3731,396.70,8
4727,5081,20.17,8
2946,3444,293.27,11
4655,5389,187.68,9
3138,3511,0.00,8
4901,5673,257.29,9
3308,4221,211.21,8
4803,5459,0.00,11
4977,5629,97.83,10
3316,4472,410.73,9
3412,4164,60.42,8
4921,5919,545.78,9
5016,5910,186.90,9
3433,4163,137.18,11
5015,5863,0.00,11
3474,4166,222.53,8
1436,2563,480.91,9
3481,3901,30.17,11
1428,2011,0.00,10
3512,4201,32.19,9
1595,1894,0.00,9
3563,4188,0.00,8
1554,2499,331.94,9
3585,4260,0.00,11
1764,2396,0.00,9
3624,4055,0.00,8
1671,2635,455.53,9
3801,4455,116.07,10
1850,2643,404.23,9
3826,4625,265.58,8
1767,2404,0.00,8
3851,4748,29.38,10
2094,2744,0.00,10
3880,4302,0.00,9
1960,2549,0.00,10
3916,4473,50.22,9
2165,3133,246.81,11
3949,4791,431.29,8
2150,2926,0.00,9
4009,5022,542.49,11
2259,3098,233.67,8
4063,4951,217.69,8
2182,3126,86.34,10
4108,4711,0.00,9
2327,2940,0.00,11
4183,4804,0.00,8
2272,2836,0.00,9
4191,4681,63.18,9
5983,6438,0.00,9
498,1244,91.17,11
5978,6870,382.33,10
528,1421,248.13,8
5953,6644,0.00,9
431,1456,361.10,10
5946,6478,117.87,10
466,1104,0.00,9
6265,6659,67.62,11
611,1304,0.00,11
6238,6978,448.32,10
615,1213,56.68,9
6151,6720,0.00,8
580,1246,1.44,9
6095,6600,0.00,9
584,1478,281.64,9
6366,7061,134.25,8
868,1281,0.00,10
6357,7326,172.22,8
1047,1963,334.56,8
6282,7138,0.00,10
642,1632,397.80,11
6275,7299,192.49,10
761,1661,357.23,9
6485,7325,0.00,9
1321,2056,100.77,10
6470,6946,38.66,8
1350,1952,66.94,11
6414,7266,0.00,11
1233,2066,182.35,10
6383,7506,391.39,11
1282,2113,355.22,8
5167,6112,404.44,8
0,462,251.48,7
5211,6031,76.75,10
0,174,0.00,2
5036,5584,0.00,10
0,138,0.00,2
5099,5806,65.16,10
0,486,233.91,5
5335,6132,385.63,9
208,824,0.00,10
5338,6090,189.45,9
198,802,108.81,8
5216,5908,0.00,10
132,966,74.91,9
5250,6014,0.00,11
0,189,0.00,4
5523,6411,306.08,10
303,761,0.00,11
5552,6003,0.00,8
290,881,0.00,10
5341,5731,48.77,10
239,1151,59.53,9
5459,6271,406.19,10
210,879,0.00,11
5708,6345,50.36,10
385,1176,85.27,11
5797,6646,358.92,9
351,1252,62.34,11
5676,6356,102.20,9
324,615,0.00,9
5702,6467,106.93,9
316,1310,369.96,11
7797,8252,0.00,11
7707,8617,209.68,8
7871,8781,450.26,11
7843,8423,46.61,9
7600,8443,114.47,10
7539,8386,142.58,10
7701,8227,0.00,11
7656,8665,482.56,9
8118,8934,292.93,10
8084,8702,42.02,11
0,312,45.69,3
8426,8781,0.00,8
0,335,0.00,3
8176,8854,0.00,10
0,98,0.00,1
7993,8644,146.02,9
7917,8722,190.67,10
8068,8582,71.97,10
8017,8950,590.85,10
6656,7243,0.00,10
6717,7466,229.73,11
6815,7560,292.01,10
6884,7717,214.13,11
6542,7472,15.00,10
6561,7412,0.00,9
6584,7159,0.00,10
6655,7427,146.84,11
7249,8079,260.20,9
7335,8105,0.00,9
7400,8137,114.57,11
7481,8238,0.00,8
6907,7377,0.00,10
7016,7777,305.37,11
7094,7935,198.23,10
7149,7886,0.00,11
9757,10511,139.68,9
9732,10677,415.77,11
9702,10290,0.00,11
9640,10382,148.80,11
9581,10143,139.31,10
9486,10319,0.00,9
9432,10053,77.71,9
9418,10232,23.66,11
10211,11370,392.50,9
10202,10947,217.95,10
10201,11302,445.24,8
10046,10658,37.50,11
10015,10369,28.31,10
9998,10713,0.00,10
9883,10535,232.30,11
9860,10786,259.49,8
8901,9636,0.00,11
8980,9666,0.00,11
8889,9528,0.00,11
8900,9566,0.00,9
8751,9424,234.28,11
8817,9925,562.43,8
8492,9164,339.90,10
8496,9599,438.94,10
9181,9855,0.00,10
9305,9965,0.00,9
9166,10015,423.02,11
9169,9823,0.00,11
9040,9800,0.00,10
9065,9987,316.27,10
9010,9277,60.03,10
9031,9751,0.00,10
