1007
1,5319,5530,1,1,1,15,4,6;36;70;102;354;543;306;418;583;265;487;744;712;548;607
1,5380,5638,1,0,1,16,11,9;79;293;402;249;418;530;204;426;732;651;528;607;752;710;351
1,5389,5668,1,0,1,16,10,0;70;284;402;240;418;521;195;417;723;642;519;607;743;568;342
1,5409,5493,1,0,0,15,1,50;264;402;220;418;501;175;397;703;369;499;605;723;568;322
1,5414,5498,1,1,0,15,3,45;243;402;215;418;496;170;392;698;369;494;600;718;568;317
1,5422,5485,1,0,0,15,1,37;243;402;207;405;488;162;384;690;369;486;592;710;568;309
1,5426,5511,1,0,1,15,3,33;216;402;203;405;484;158;380;686;369;482;588;706;568;305
1,5430,5494,1,0,0,15,4,29;216;402;199;405;480;154;376;682;369;478;558;702;568;301
1,5432,5505,1,0,0,15,1,27;216;402;169;405;478;152;374;680;369;476;558;700;568;299
1,5446,5496,1,1,0,15,1,13;213;402;169;405;464;138;360;666;369;462;558;686;568;285
1,5473,5550,1,0,0,15,1,184;402;156;390;437;111;333;639;369;435;541;659;568;258;798
0,5507,5577,1,0,0,15,0,166;402;122;356;403;77;299;605;369;401;507;625;568;224;724
1,5533,5611,1,1,0,16,3,140;386;96;330;377;51;273;579;369;375;481;599;557;198;724;878
1,5542,5600,1,0,0,16,2,108;377;87;321;368;42;264;570;369;366;472;590;548;189;724;869
1,5548,5607,1,0,0,16,2,108;371;81;315;362;36;258;564;369;331;466;584;542;183;723;863
1,5556,5786,1,0,1,17,7,108;363;73;307;354;28;250;556;369;331;458;576;531;175;715;855;447
0,5160,5242,1,0,0,12,0,4;165;195;229;299;476;722;469;703;750;424;646
1,5150,5212,1,0,0,12,1,4;175;205;239;309;523;722;479;713;760;434;652
1,5168,5403,1,0,1,12,5,157;187;221;291;476;543;461;695;742;416;638;944
1,5163,5446,1,0,1,12,6,1;162;192;226;296;476;722;466;700;747;421;643
1,5171,5450,1,0,1,12,9,154;184;218;288;476;543;453;692;739;413;635;744
1,5169,5249,1,1,0,12,1,156;186;220;290;476;543;460;694;741;415;637;744
1,5184,5261,1,1,0,12,1,141;171;205;275;464;543;445;418;726;400;622;744
1,5182,5256,1,0,0,12,1,143;173;207;277;476;543;447;418;728;402;624;744
1,5255,5457,1,0,0,15,4,70;100;134;204;418;543;374;418;655;329;551;744;776;653;759
1,5191,5268,1,0,0,12,1,134;164;198;268;464;543;417;418;719;393;615;744
1,5274,5353,1,0,0,15,3,51;81;115;185;398;543;355;418;636;310;532;744;757;548;740
1,5268,5346,1,0,0,15,1,57;87;121;191;405;543;361;418;642;316;538;744;763;548;746
0,5284,5338,1,1,0,15,0,41;71;105;175;389;543;306;418;583;300;522;744;747;548;730
1,5277,5351,1,0,0,15,1,48;78;112;182;396;543;352;418;583;307;529;744;754;548;737
1,5298,5360,1,1,0,15,1,27;57;91;161;375;543;306;418;583;286;508;744;733;548;607
1,5297,5558,1,0,0,15,10,28;58;92;162;376;543;306;418;583;287;509;744;734;548;717
1,4797,4999,1,0,0,12,4,219;154;7;41;244;283;320;367;463;392;479;284
1,4833,4907,1,0,0,12,1,189;118;5;208;160;284;331;463;392;479;248;626
1,4780,4854,1,0,0,13,2,11;242;171;24;58;261;283;337;383;463;575;479;301
1,4789,5011,1,0,1,13,4,2;219;162;15;49;252;283;328;375;463;566;479;292
1,4921,4987,1,0,0,13,1,101;30;120;160;196;243;404;392;468;160;538;752;998
1,4924,5007,1,0,0,13,4,98;6;117;160;193;240;401;392;465;157;535;749;995
1,4867,4926,1,1,0,11,1,155;84;174;160;242;297;458;392;479;214;592
1,4883,4957,1,1,0,11,3,139;68;158;160;234;281;442;392;479;198;576
1,4955,5206,1,1,1,12,6,67;86;147;162;209;370;374;434;126;504;718;956
1,4992,5243,1,0,1,13,7,30;49;120;125;39;333;363;397;89;467;681;927;637
1,4934,4995,1,0,0,13,5,88;6;107;160;183;230;391;374;455;147;525;739;985
1,4937,5170,1,0,0,13,2,85;6;104;160;180;227;388;374;452;144;522;736;956
1,5112,5201,1,1,1,14,2,0;5;39;213;243;277;347;561;722;517;751;798;472;652
1,5113,5178,1,0,0,13,1,4;39;212;242;276;346;560;722;485;750;797;471;652
1,5102,5185,1,0,0,14,3,10;15;39;223;253;287;357;571;722;527;761;808;482;704
0,5109,5160,1,1,0,14,0,3;8;39;216;246;280;350;564;722;520;754;801;475;652
1,4505,4567,1,0,0,16,3,120;243;286;464;446;206;299;176;333;514;21;607;586;551;713;850
1,4499,4568,1,0,1,16,4,126;249;292;464;452;211;305;182;339;514;27;613;618;551;713;856
1,4498,4549,1,0,0,16,2,127;250;293;464;453;211;306;183;340;543;28;614;619;551;713;857
1,4486,4545,1,1,0,16,4,139;262;305;464;465;225;318;195;352;555;40;626;631;551;713;869
1,4601,4874,1,1,1,15,9,24;147;190;421;350;110;203;80;237;440;511;516;551;713;754
1,4561,4622,1,0,0,15,2,64;187;230;456;390;150;243;120;277;480;551;554;551;713;794
1,4534,4603,1,0,1,15,4,91;214;257;464;417;177;270;147;304;507;578;583;551;713;821
1,4534,4587,1,0,0,15,2,91;214;257;464;417;177;270;147;304;507;578;554;551;713;821
1,4700,4770,1,0,0,14,2,48;91;316;232;11;104;138;341;412;417;464;463;655;689
1,4690,4745,1,1,0,14,3,58;101;316;247;21;114;148;351;422;427;474;463;665;699
1,4687,4750,1,0,0,14,1,61;104;335;247;24;117;151;354;425;430;477;463;668;702
1,4674,4737,1,0,1,15,3,74;117;348;277;37;130;7;164;367;438;443;490;463;681;715
1,4775,4844,1,1,0,13,2,16;247;176;29;63;266;283;342;389;463;580;479;306
1,4769,4830,1,0,0,13,3,22;253;182;35;69;272;343;348;395;463;586;479;312
1,4762,4970,1,0,0,13,4,29;260;189;42;76;279;350;355;402;463;593;627;319
0,4757,4843,1,0,0,13,0,34;265;194;47;81;284;355;360;407;463;598;632;324
1,6372,6450,1,0,0,15,2,39;95;274;103;272;498;66;228;348;606;287;927;766;954;689
1,6391,6662,1,0,1,16,12,20;76;255;87;253;479;47;209;329;587;220;908;747;935;670;1115
1,6395,6447,1,0,0,16,1,16;72;251;83;249;475;43;205;325;583;220;904;743;931;666;897
1,6417,6506,1,0,0,16,2,50;229;61;227;453;21;183;303;561;220;882;721;909;644;897;849
1,6306,6357,1,0,0,15,3,105;50;161;39;340;156;335;561;132;294;396;672;353;940;832
1,6334,6387,1,1,0,15,5,77;22;133;11;312;144;310;536;104;266;386;644;325;940;804
1,6340,6402,1,0,0,15,2,71;16;118;5;306;138;304;530;98;260;380;638;319;940;798
1,6369,6421,1,0,0,15,1,42;98;277;109;275;501;69;231;351;609;290;930;769;957;692
1,6484,6560,1,0,0,14,1,162;160;386;116;236;494;175;815;654;842;556;897;712;462
1,6491,6574,1,0,0,15,1,141;153;379;109;229;487;168;808;647;835;556;897;712;455;834
1,6521,6572,1,0,0,15,1,125;123;349;79;199;457;138;778;617;805;540;897;712;425;804
1,6530,6805,1,0,1,15,6,116;114;340;70;190;448;129;769;608;796;503;897;712;416;795
1,6435,6495,1,0,0,16,1,32;211;43;209;435;3;165;285;543;220;864;703;891;556;897;831
1,6435,6494,1,1,0,16,1,32;211;43;209;435;3;165;281;543;220;864;703;891;556;897;831
1,6440,6511,1,0,0,15,1,27;205;38;204;430;160;280;538;219;859;698;886;556;897;826
1,6449,6737,1,1,1,15,11,18;197;29;195;421;151;271;529;210;850;689;877;556;897;817
1,6169,6252,1,0,0,12,1,102;242;187;298;176;477;265;425;649;269;431;551
1,6146,6403,1,0,0,11,8,110;265;210;321;191;500;265;425;724;292;454
1,6180,6239,1,0,0,12,1,70;231;176;287;165;440;265;425;649;258;420;540
1,6170,6224,1,0,0,12,4,70;241;186;297;175;476;265;425;649;268;430;550
1,6118,6206,1,1,1,12,4,14;110;272;238;348;191;527;360;425;751;320;482
1,6110,6164,1,1,0,13,3,2;22;110;301;246;348;191;527;368;425;751;328;490
1,6133,6215,1,0,0,11,2,110;272;223;334;191;508;318;425;737;305;467
1,6119,6170,1,0,0,12,1,13;110;272;237;348;191;508;359;425;751;319;481
1,6262,6315,1,1,1,13,3,9;149;94;205;83;384;206;347;561;176;338;396;716
1,6254,6337,1,0,0,13,4,17;157;102;213;91;392;206;390;616;184;346;396;724
1,6294,6548,1,0,0,15,9,117;62;173;51;352;156;335;561;144;306;396;684;365;1005;844
1,6280,6337,1,0,0,14,2,131;76;187;65;366;198;335;561;158;320;396;698;379;1019
1,6234,6297,1,0,1,12,3,37;177;119;233;111;412;244;410;636;204;366;486
1,6234,6320,1,0,0,12,3,37;177;119;233;94;412;244;410;636;204;366;486
1,6254,6311,1,0,0,13,1,17;157;102;213;91;392;206;347;616;184;346;396;724
1,6243,6535,1,0,1,13,8,28;168;113;224;94;403;206;401;627;195;357;477;735
1,5967,6056,1,0,1,14,3,145;64;47;165;123;304;432;36;281;442;378;527;511;677
1,6000,6234,1,1,1,16,7,112;31;14;132;90;271;411;3;281;438;345;527;478;644;870;438
1,5958,6024,1,1,0,14,2,154;73;56;169;132;313;453;45;281;509;387;527;520;686
1,5960,6182,1,0,0,14,4,152;71;54;169;130;311;432;43;281;507;385;527;518;684
1,5917,5999,1,1,0,13,2,2;195;91;97;169;173;354;494;86;281;550;412;527
1,5929,5987,1,0,0,12,2,183;91;85;169;153;342;482;74;281;538;412;527
1,5889,6152,1,0,0,15,7,30;21;223;91;18;125;230;201;382;522;114;467;578;412;527
1,5912,5975,1,0,0,13,1,7;200;91;102;220;178;359;499;91;281;555;412;527
1,6095,6162,1,0,0,13,1,17;37;176;316;261;372;191;527;383;425;751;343;505
1,6109,6174,1,1,0,13,1,3;23;110;302;247;358;191;527;369;425;751;329;491
1,6054,6107,1,1,0,13,1,58;78;36;217;357;261;413;291;527;416;425;751;384
1,6092,6162,1,0,1,12,4,20;40;179;319;261;375;253;527;386;425;751;346
1,6031,6237,1,0,0,14,5,81;0;101;59;240;380;281;436;314;527;416;425;758;407
1,6037,6124,1,0,1,13,4,75;95;53;234;374;281;430;308;527;416;425;751;401
1,6026,6115,1,1,0,14,4,86;5;106;64;245;385;281;438;319;527;452;425;844;412
1,6026,6113,1,0,0,14,3,86;5;106;64;245;385;281;438;319;527;416;425;844;412
1,5675,5739,1,0,0,14,4,244;188;235;131;437;356;233;339;420;415;56;571;736;328
1,5639,5694,1,0,1,15,4,34;280;224;271;167;473;369;269;375;420;451;92;571;746;364
1,5633,5697,1,0,0,15,3,40;286;230;277;173;479;369;275;381;420;457;94;571;746;370
1,5592,5863,1,0,1,16,8,81;327;37;271;318;214;520;369;316;422;540;491;94;571;746;411
1,5583,5666,1,0,0,17,3,90;336;46;280;327;1;223;529;369;325;431;549;491;148;571;746;420
1,5574,5660,1,0,0,17,2,99;345;55;289;336;10;232;538;369;331;440;558;516;157;571;746;429
0,5568,5643,1,1,0,17,0,105;351;61;295;342;16;238;544;369;331;446;564;522;163;571;746;435
1,5557,5764,1,0,0,17,5,108;362;72;306;353;27;249;555;369;331;457;575;531;174;571;854;446
1,5878,5950,1,1,0,15,4,41;32;234;91;18;136;230;212;393;533;125;478;589;412;527
1,5874,6151,1,0,1,15,7,45;36;238;91;18;140;230;216;397;537;129;482;593;412;772
1,5857,5922,1,1,0,16,2,62;6;53;255;91;18;157;275;233;414;554;146;499;610;412;789
1,5833,5915,1,0,0,16,3,86;30;77;279;198;75;181;299;257;438;578;170;512;634;412;813
1,5833,6119,1,0,1,16,8,86;30;77;279;198;18;181;299;257;438;578;170;512;634;412;813
1,5774,5863,1,1,0,16,3,145;89;136;32;338;257;134;240;358;316;497;637;229;582;693;412
1,5730,5781,1,0,0,17,2,189;133;180;76;382;301;178;284;402;360;1;541;681;273;626;737;412
1,5728,5962,1,0,1,17,7,191;135;182;78;384;303;180;286;404;362;3;543;683;275;628;739;617
1,7364,7440,1,0,0,13,2,142;108;48;63;102;196;353;13;413;567;410;715;741
1,7296,7360,1,1,0,15,1,3;30;210;15;176;116;131;170;264;421;81;450;567;410;767
1,7366,7421,1,0,0,13,2,140;106;46;61;100;194;351;11;402;511;410;713;739
1,7365,7440,1,0,0,13,2,141;107;47;62;101;195;352;12;412;511;410;714;740
0,7380,7434,1,0,0,12,0,126;92;32;47;86;180;337;397;504;410;699;725
0,7378,7435,1,0,0,12,0,128;94;34;49;88;182;339;399;504;410;701;727
1,7392,7481,1,0,1,12,5,114;80;20;35;74;168;325;385;504;410;687;481
1,7389,7674,1,0,1,12,7,117;83;23;38;77;171;328;388;504;410;690;716
1,7234,7294,1,1,0,16,1,65;92;272;32;91;238;178;193;9;229;326;483;143;450;701;652
1,7234,7290,1,1,1,16,5,65;92;272;32;62;238;178;193;9;229;326;483;143;450;701;652
1,7255,7544,1,1,0,16,7,44;71;251;11;50;217;157;172;211;305;462;122;450;680;631;824
1,7252,7310,1,1,0,16,1,47;74;254;14;62;220;160;175;214;308;465;125;450;683;634;827
1,7272,7337,1,0,0,15,1,27;54;234;24;200;140;155;194;288;445;105;450;663;410;807
1,7271,7341,1,0,0,15,1,28;55;235;50;201;141;156;195;289;446;106;450;664;410;808
1,7291,7373,1,1,0,15,2,8;35;215;15;181;121;136;175;269;426;86;450;644;410;767
1,7283,7371,1,0,0,15,6,16;43;223;15;189;129;144;183;277;434;94;450;652;410;796
1,7056,7140,1,0,0,17,4,243;82;270;5;450;210;269;416;356;103;371;187;229;504;661;321;664
1,7059,7110,1,0,0,17,4,240;79;267;2;428;207;266;413;353;100;368;184;229;501;658;318;664
1,7075,7302,1,1,1,16,5,224;63;251;422;191;250;397;337;84;352;168;229;485;642;302;664
1,7077,7130,1,0,1,16,2,222;61;249;422;189;248;395;198;82;350;166;229;483;640;300;664
1,7080,7136,1,1,0,16,4,219;58;246;422;186;245;392;198;79;347;163;229;456;637;297;664
1,7086,7342,1,1,0,16,6,213;52;240;412;180;239;386;198;73;341;157;229;456;631;291;664
1,7137,7198,1,0,0,17,3,162;1;189;369;129;188;335;198;22;290;106;229;423;580;240;450;798
1,7181,7239,1,0,0,16,5,118;145;325;85;144;291;198;246;62;229;379;536;196;450;754;705
1,6951,7023,1,1,1,17,5,27;348;187;375;110;540;315;374;521;461;208;476;292;486;609;729;426
1,6959,7191,1,1,0,17,9,19;340;179;367;102;540;307;366;513;453;200;468;284;486;601;727;418
1,7003,7300,1,0,1,16,13,296;135;323;58;503;263;322;469;409;156;424;240;463;557;714;374
1,7021,7093,1,0,0,17,5,278;117;305;40;485;245;304;451;391;138;406;222;229;539;696;356;756
1,7024,7102,1,0,0,17,2,275;114;302;37;482;242;301;448;388;135;403;219;229;536;681;353;753
0,7026,7089,1,0,0,17,0,273;112;300;35;480;229;299;446;386;133;401;217;229;534;681;351;751
1,7028,7100,1,0,1,17,5,271;110;298;33;478;229;297;444;384;131;399;215;229;532;681;349;749
1,7042,7119,1,1,0,17,5,257;96;284;19;464;224;283;430;370;117;385;201;229;518;672;335;735
1,6889,6951,1,0,0,17,4,66;410;249;391;172;617;377;57;436;583;523;270;538;354;517;641;828
1,6886,6964,1,0,0,17,3,92;413;252;391;175;620;380;60;439;586;526;273;541;357;517;641;831
1,6876,6959,1,1,0,16,5,102;423;262;391;185;630;390;70;449;596;536;283;551;367;590;641
1,6856,6935,1,0,0,17,3,14;122;443;282;391;199;650;410;90;469;616;556;303;571;385;610;704
1,6938,7010,1,1,0,18,5,40;361;200;388;123;568;328;8;387;534;474;221;489;305;486;622;729;439
1,6928,6984,1,0,0,18,4,50;371;210;390;133;578;338;18;397;544;484;231;499;315;517;632;729;449
1,6912,6974,1,1,0,18,4,66;387;226;391;137;594;354;34;413;560;500;247;515;331;517;641;729;465
1,6891,7170,1,0,1,17,12,66;408;247;391;137;615;375;55;434;581;521;268;536;352;517;641;826
1,6772,6823,1,0,1,16,3,98;206;527;366;391;289;734;494;174;553;700;640;331;655;430;694
1,6769,6825,1,0,0,16,3,101;209;530;369;391;292;737;497;177;556;703;643;331;658;474;697
1,6749,7034,1,0,0,16,10,121;229;534;389;577;312;757;504;197;561;723;663;331;678;494;717
1,6742,6829,1,0,0,16,2,128;236;534;396;584;319;764;518;204;561;730;670;331;685;501;724
1,6838,6890,1,0,0,17,3,32;140;461;300;391;223;668;428;108;487;634;574;321;589;385;628;722
1,6832,6904,1,1,0,17,3,38;146;467;306;391;229;674;434;114;493;640;580;327;595;411;634;728
1,6777,6862,1,0,0,16,3,93;201;522;361;391;284;716;489;144;548;695;635;331;650;430;689
1,6774,6858,1,0,0,16,1,96;204;525;364;391;287;716;492;172;551;698;638;331;653;430;692
1,6666,6737,1,0,0,16,2,186;51;312;633;472;660;395;840;600;276;561;806;746;493;761;577
1,6677,6755,1,0,0,16,3,186;43;301;622;461;649;384;829;589;269;561;792;735;482;750;566
1,6646,6711,1,0,0,16,2,0;186;51;332;13;653;492;680;415;860;620;288;561;826;766;513
1,6653,6708,1,0,0,15,1,186;51;325;6;646;485;673;408;842;613;288;561;819;759;506
1,6706,6784,1,0,0,16,2,164;14;272;534;432;620;355;800;560;240;561;766;706;331;698;537
1,6724,6807,1,0,0,16,2,146;254;534;414;602;337;782;542;222;561;748;688;331;698;519;742
1,6682,6906,1,0,1,16,9,186;38;296;617;456;644;379;824;584;264;561;790;730;477;698;561
1,6692,6768,1,1,0,16,2,178;28;286;607;446;634;369;814;574;254;561;780;720;331;698;551
1,6587,6662,1,1,0,18,2,59;57;283;13;133;391;72;712;551;739;474;897;679;359;561;885;825;572
1,6592,6644,1,0,0,18,1,54;52;278;8;128;386;67;707;546;734;469;897;674;307;561;880;820;567
1,6541,6625,1,0,0,15,5,105;103;329;59;179;437;118;758;597;785;503;897;712;405;561
1,6580,6649,1,1,0,17,1,66;59;290;20;140;398;79;719;558;746;481;897;686;366;561;892;832
1,6624,6693,1,0,0,17,1,22;20;246;96;354;35;675;514;702;437;882;642;288;561;848;788;535
1,6631,6685,1,0,1,17,1,15;13;239;51;347;28;668;507;695;430;875;635;288;561;841;781;528
1,6593,6653,1,0,0,18,1,39;51;277;7;127;385;66;706;545;733;468;897;673;307;561;879;819;566
1,6611,6680,1,0,0,17,2,30;33;259;109;367;48;688;527;715;450;895;655;307;561;861;801;548
1,8375,8652,1,0,1,13,6,11;68;290;242;48;206;347;269;525;207;178;559;479
1,8363,8628,1,0,1,13,7,23;80;302;254;60;206;359;281;525;219;339;571;491
1,8383,8466,1,0,0,13,2,3;60;282;234;40;206;339;261;525;199;178;551;235
1,8381,8457,1,0,0,13,2,5;62;284;236;42;206;341;263;525;201;178;553;254
1,8315,8404,1,1,1,13,2,71;128;350;302;108;428;407;329;525;267;387;619;539
1,8296,8351,1,0,0,13,3,90;147;369;321;127;428;426;348;525;286;406;638;545
1,8351,8418,1,0,0,13,2,35;92;314;266;72;206;371;293;525;231;351;583;503
1,8325,8583,1,0,1,13,8,61;118;340;292;98;428;397;319;525;257;377;605;529
1,8249,8315,1,1,1,14,2,137;194;416;360;3;174;428;473;392;525;333;453;659;552
0,8246,8307,1,0,0,14,0,140;197;419;360;6;177;428;476;392;525;336;456;659;552
1,8262,8314,1,0,0,13,1,124;181;403;355;161;428;460;382;525;320;440;639;545
1,8252,8310,1,0,0,14,2,134;191;413;360;0;171;428;470;392;525;330;450;659;545
1,8238,8313,1,1,0,15,1,0;148;205;427;379;14;185;428;484;406;712;344;464;659;552
1,8237,8305,1,0,0,15,2,1;149;206;428;380;15;186;428;485;407;713;345;465;697;552
1,8242,8301,1,0,0,14,3,144;201;423;375;10;181;428;480;392;525;340;460;659;552
1,8240,8520,1,0,1,14,10,146;203;425;377;12;183;428;482;392;710;342;462;659;552
1,8194,8259,1,0,0,16,3,44;192;249;462;33;423;58;229;428;528;450;756;388;508;740;660
1,8195,8258,1,0,0,16,1,43;191;248;462;32;409;57;228;428;527;449;755;387;507;739;659
1,8217,8269,1,1,0,16,2,21;169;226;446;10;400;35;206;428;505;427;733;365;485;717;637
1,8229,8516,1,0,1,15,9,9;157;210;436;388;23;194;428;493;415;721;353;473;705;625
1,8123,8410,1,0,1,16,9,14;115;263;320;494;104;494;129;300;629;599;521;815;459;579;811
0,8132,8189,1,0,0,16,0,5;106;254;311;494;95;485;120;291;428;590;512;815;450;570;802
1,8148,8215,1,0,0,15,2,90;238;295;494;79;469;104;275;428;574;496;802;434;554;786
1,8160,8240,1,1,0,15,1,78;226;283;494;67;457;92;263;428;562;484;790;422;512;774
1,8031,8085,1,0,0,15,2,48;74;106;207;355;412;602;196;586;221;328;629;691;575;919
1,8045,8275,1,1,0,15,6,34;59;92;193;341;398;602;182;572;207;328;629;677;575;905
1,8060,8292,1,0,1,15,7,19;45;77;178;326;383;602;167;557;192;328;629;662;575;815
1,8113,8172,1,0,1,15,1,24;125;273;330;552;114;504;139;310;629;609;530;815;469;589
1,7963,8027,1,0,0,13,1,116;142;174;275;423;480;602;264;654;289;460;629;759
1,7994,8048,1,0,1,14,5,85;111;143;244;392;449;602;233;623;258;429;629;728;650
1,8004,8083,1,0,0,14,2,75;101;133;234;382;439;602;223;613;248;411;629;718;640
1,8025,8109,1,1,0,15,6,54;80;112;213;361;418;602;202;592;227;398;629;697;575;925
1,7904,8157,1,0,1,13,6,31;175;201;214;320;482;539;602;323;706;348;519;877
1,7900,7952,1,1,0,13,2,35;179;205;237;320;486;543;602;327;706;352;523;881
1,7888,7974,1,0,0,13,4,47;191;217;249;320;498;555;602;339;729;364;535;893
1,7867,7924,1,0,0,13,1,68;19;212;238;270;320;519;576;602;360;737;385;556
1,7867,7933,1,0,0,13,2,68;19;212;238;270;320;519;556;602;360;737;385;556
1,7824,7878,1,1,0,12,1,111;62;255;259;313;321;527;586;602;403;737;428
1,7811,7861,1,0,1,12,2,124;75;266;294;326;321;527;586;602;416;737;441
1,7806,7862,1,0,1,12,1,129;80;266;299;331;321;580;586;602;421;737;446
1,7777,8026,1,1,1,12,4,0;158;109;266;328;360;321;609;666;602;450;737
1,7775,8064,1,1,1,12,8,2;160;111;266;330;362;321;611;668;812;452;737
1,7772,7858,1,0,0,12,2,5;163;114;266;333;365;321;614;671;893;455;737
1,7757,7984,1,0,0,12,7,20;178;129;266;348;380;321;629;686;908;470;860
0,7752,7807,1,1,0,12,0,25;183;134;266;353;385;321;634;691;913;475;865
1,7719,7787,1,0,0,12,2,58;216;167;266;386;386;321;667;724;946;508;898
1,7699,7928,1,0,1,11,4,18;78;236;187;266;406;386;334;687;744;966
1,7688,7948,1,0,0,11,7,29;89;247;198;266;417;386;550;698;755;977
1,7617,7676,1,1,0,10,3,100;160;299;269;266;481;386;621;769;826
0,7632,7707,1,0,0,10,0,85;145;299;254;266;473;386;606;713;811
1,7596,7649,1,0,0,9,1,121;181;339;290;266;481;386;642;790
1,7598,7683,1,0,0,9,1,119;179;315;288;266;481;386;640;788
0,7574,7636,1,0,0,9,0,143;203;361;312;505;481;386;664;812
1,7586,7845,1,0,0,9,4,131;191;349;300;493;481;386;652;800
0,7542,7606,1,0,0,10,0,18;175;235;393;344;537;481;386;696;844
0,7561,7647,1,1,0,9,0,156;216;374;325;518;481;386;677;825
1,7477,7543,1,1,0,9,3,29;83;240;300;429;409;602;481;386
1,7488,7557,1,0,0,10,2,18;72;229;256;429;398;591;481;386;750
1,7464,7549,1,0,0,11,2,42;8;2;96;253;313;471;410;615;481;673
1,7476,7769,1,0,1,9,8,30;84;241;301;429;410;603;481;661
1,7415,7466,1,1,0,12,5,91;57;12;51;145;302;362;503;410;635;481;722
1,7420,7478,1,1,0,12,2,86;52;7;46;140;297;357;503;410;630;481;717
1,7400,7476,1,0,0,13,2,106;72;12;27;66;160;317;377;504;410;669;481;737
1,7402,7474,1,1,0,13,5,104;70;10;25;64;158;315;375;503;410;669;481;735
1,1404,1625,1,0,1,10,3,52;11;74;208;257;559;662;575;637;548
1,1390,1451,1,1,0,10,4,66;11;88;237;271;573;676;575;637;562
1,1389,1619,1,1,0,10,4,67;32;89;237;272;574;677;575;637;563
1,1376,1458,1,0,0,10,4,80;45;102;256;285;587;690;575;637;576
1,1431,1517,1,1,0,10,3,25;47;201;230;532;566;575;625;521;580
0,1424,1480,1,0,0,9,0,32;54;208;237;539;566;575;632;528
1,1407,1637,1,0,0,10,3,49;11;71;208;254;556;616;575;637;545
1,1404,1459,1,0,0,10,3,52;11;74;208;257;559;622;575;637;548
0,1489,1559,1,0,0,9,0,143;172;474;566;575;567;463;522;980
1,1462,1692,1,0,1,10,5,16;170;199;501;566;575;594;490;549;1101
1,1452,1707,1,0,0,11,5,4;26;180;209;511;566;575;604;500;559;1111
1,1439,1508,1,1,0,11,3,17;39;193;222;524;566;575;608;513;572;1124
1,1511,1592,1,1,0,9,2,98;150;452;555;568;545;441;500;980
1,1511,1566,1,0,0,9,2,98;150;434;555;568;545;441;500;980
1,1503,1582,1,1,0,9,1,98;158;460;563;575;553;449;508;980
1,1494,1573,1,0,1,9,2,138;167;469;566;575;562;458;517;980
1,1572,1641,1,0,0,10,1,60;89;391;494;541;484;349;439;980;927
1,1583,1658,1,0,0,10,2,49;78;380;483;506;473;349;428;980;916
1,1532,1620,1,0,0,9,4,98;129;415;534;568;524;420;479;980
1,1537,1614,1,0,0,9,1,95;115;415;529;568;519;415;474;980
1,1631,1717,1,0,0,11,1,1;30;303;435;457;425;321;380;932;868;263
0,1651,1721,1,0,0,10,0,10;303;415;422;405;301;360;912;848;243
1,1591,1663,1,0,0,10,1,41;70;351;475;506;465;349;420;972;908
1,1607,1665,1,0,0,11,2,25;54;351;459;457;449;345;404;956;892;287
1,1686,1978,1,0,0,10,6,277;380;420;370;154;325;877;813;208;949
1,1692,1777,1,0,0,10,3,271;374;420;364;30;319;871;807;202;943
1,1674,1742,1,0,0,10,1,289;392;422;382;278;337;889;825;220;961
1,1685,1926,1,0,1,10,7,278;381;420;371;267;326;878;814;209;950
1,1715,1930,1,1,1,10,3,248;351;398;341;30;296;571;784;179;852
1,1719,1925,1,0,0,10,5,244;347;394;337;30;292;571;594;175;852
1,1693,1989,1,0,1,10,9,270;373;420;363;30;318;854;806;201;942
1,1713,2000,1,1,1,10,9,250;353;400;343;30;298;850;786;181;852
1,943,1013,1,1,0,16,4,15;208;359;309;233;366;161;301;478;303;535;361;270;689;718;338
1,934,1148,1,0,1,16,10,15;217;359;314;242;522;170;310;487;312;544;370;279;698;727;347
1,945,1212,1,0,1,16,10,15;206;359;307;231;366;159;299;476;301;528;359;268;687;716;336
1,944,1150,1,0,0,16,9,15;207;359;308;232;366;160;300;477;302;528;360;269;688;717;337
1,965,1219,1,1,1,16,9,1;186;345;287;211;366;139;279;456;281;296;339;248;667;696;316
1,949,1211,1,0,1,16,13,15;202;359;303;227;366;155;295;472;297;528;355;264;683;712;332
1,1016,1092,1,0,0,15,2,135;294;236;160;366;88;228;405;230;296;288;197;616;471;265
1,966,1019,1,0,1,16,4,0;185;344;286;210;366;138;278;455;280;296;338;247;666;489;315
1,1028,1098,1,1,1,15,4,123;282;224;148;366;76;216;393;190;296;276;185;596;471;253
1,1021,1073,1,0,0,15,2,130;289;231;155;366;83;223;400;190;296;283;192;611;471;260
1,1059,1137,1,1,0,16,2,41;251;193;117;360;45;185;362;187;296;245;154;573;471;222;904
1,1035,1119,1,1,0,15,5,116;275;217;141;360;69;209;386;190;296;269;178;596;471;246
1,1120,1208,1,1,0,15,4,31;190;132;56;336;124;301;126;296;184;93;512;471;161;688
1,1095,1303,1,0,1,16,7,41;215;157;81;360;9;149;326;151;296;209;118;537;471;186;868
1,1147,1210,1,1,0,15,1,4;163;105;29;309;97;274;99;296;101;66;485;471;134;658
1,1137,1351,1,1,1,15,6,14;173;115;39;319;107;284;109;296;101;76;495;471;144;688
1,1169,1222,1,1,0,14,2,141;83;7;287;75;252;77;296;101;44;463;471;97;658
1,1180,1239,1,0,1,13,3,130;72;276;64;241;66;296;83;33;452;471;97;658
1,1182,1246,1,1,1,13,3,128;70;274;62;239;64;296;83;31;428;471;97;658
1,1186,1245,1,0,1,13,3,124;66;270;58;235;60;283;83;27;428;471;95;658
1,1190,1243,1,0,0,13,3,120;62;266;54;231;56;283;83;23;428;466;91;658
1,1196,1252,1,0,0,13,2,114;56;260;48;225;50;282;83;17;428;458;85;658
1,1210,1276,1,0,0,13,2,100;42;246;34;211;36;268;83;3;422;451;71;658
1,1219,1308,1,0,0,12,2,91;33;228;25;202;27;259;83;413;442;62;658
1,1227,1297,1,0,0,12,2,83;25;203;17;194;19;251;77;405;434;54;658
1,1253,1341,1,0,0,10,3,45;203;168;225;51;379;408;28;658;813
1,1263,1331,1,0,0,10,3,45;193;158;215;41;369;398;18;658;768
0,1327,1382,1,0,0,9,0,129;94;151;305;334;636;739;786;729
1,1330,1622,1,0,1,9,8,126;91;148;302;331;633;736;783;726
1,1355,1590,1,0,0,10,4,101;66;123;277;306;608;711;575;701;597
1,1356,1421,1,0,0,10,4,100;65;122;276;305;607;710;575;642;596
1,1362,1427,1,1,0,10,4,94;59;116;270;299;601;704;575;637;590
0,2299,2351,1,0,0,13,0,264;200;336;97;105;306;246;445;627;715;827;799;537
1,2292,2354,1,0,0,13,4,271;207;343;99;112;318;246;452;634;715;834;806;544
1,2282,2356,1,1,0,13,1,281;214;353;99;122;318;267;462;644;715;844;816;554
1,2275,2518,1,0,1,13,8,288;214;360;99;129;318;274;469;651;858;851;823;561
1,2274,2357,1,0,0,13,4,289;214;361;106;130;318;275;470;652;859;852;824;562
1,2272,2331,1,0,0,13,4,291;214;363;124;132;318;277;472;654;861;854;826;564
0,2240,2329,1,0,0,11,0,323;214;395;156;164;318;285;504;686;893;886
0,2232,2291,1,0,0,11,0,331;214;403;164;172;318;285;512;694;901;894
1,2447,2502,1,0,0,15,4,116;52;188;196;102;297;401;619;679;624;389;493;500;557;396
1,2442,2517,1,0,0,15,2,121;57;193;201;107;302;401;619;684;656;394;498;505;562;401
1,2414,2473,1,1,0,14,1,149;85;221;229;135;330;401;619;712;684;422;526;533;590
1,2368,2425,1,1,0,15,1,195;131;267;28;36;275;181;376;401;619;758;716;468;572;569
1,2367,2455,1,0,1,15,2,196;132;268;29;37;276;182;377;401;715;759;716;469;573;569
1,2352,2422,1,1,0,15,1,211;147;283;44;52;291;197;392;401;715;774;716;484;588;595
1,2334,2384,1,0,0,15,2,229;165;301;62;70;306;215;410;401;715;792;764;502;606;613
1,2302,2548,1,1,1,13,7,261;197;333;94;102;306;246;442;624;715;824;796;534
0,2594,2649,1,0,0,14,0,41;49;150;332;437;532;504;242;346;353;410;249;744;579
1,2598,2652,1,0,1,14,3,37;45;146;328;437;528;500;238;342;349;406;245;740;579
1,2526,2606,1,0,0,15,6,37;109;117;23;218;400;437;600;572;310;414;421;478;317;812
1,2572,2654,1,0,1,14,6,63;71;172;354;437;554;526;264;368;375;432;271;766;640
1,2463,2549,1,1,0,16,3,100;36;172;180;86;281;401;619;663;624;373;477;484;541;380;816
1,2501,2746,1,0,1,15,8,62;134;142;48;243;401;619;625;592;335;439;446;503;342;816
1,2451,2521,1,0,0,16,6,112;48;184;192;98;293;401;619;675;624;385;489;496;553;392;887
1,2462,2718,1,0,1,16,8,101;37;173;181;87;282;401;619;664;624;374;478;485;542;381;840
1,2719,2772,1,1,0,12,4,25;207;412;395;379;117;221;228;285;124;619;493
1,2721,2965,1,1,0,12,6,23;205;412;395;377;115;219;226;283;122;600;491
1,2682,2771,1,0,0,12,3,62;244;422;395;416;154;258;265;322;161;656;530
0,2696,2753,1,0,0,12,0,48;230;412;395;402;140;244;251;308;147;642;516
0,2666,2755,1,0,0,12,0,78;260;422;460;432;170;274;281;338;177;672;546
1,2679,2766,1,1,0,12,5,65;247;422;447;419;157;261;268;325;164;659;533
1,2620,2693,1,0,1,14,6,15;23;124;306;437;506;449;216;320;327;384;223;718;579
1,2636,2721,1,0,1,13,3,7;108;290;437;490;449;200;304;311;368;207;702;576
1,1873,1940,1,0,0,13,2,90;193;240;132;30;138;571;593;21;762;523;531;770
0,1822,1878,1,0,0,12,0,141;242;291;132;30;189;571;593;72;813;574;582
1,1883,1952,1,0,0,13,1,80;183;230;132;30;128;571;593;11;752;513;521;705
1,1882,1942,1,0,0,13,2,81;184;231;132;30;129;571;593;12;753;514;522;705
1,1767,1835,1,1,0,12,2,196;299;346;132;30;244;571;594;127;852;629;637
0,1756,1842,1,0,0,10,0,207;310;357;132;30;255;571;594;138;852
1,1798,1867,1,1,0,12,1,165;268;315;132;30;213;571;593;96;820;598;606
1,1784,1871,1,1,0,12,1,179;282;329;132;30;227;571;594;110;820;612;620
1,1990,2287,1,0,1,11,7,76;123;66;21;571;509;645;277;414;653;413
1,1978,2220,1,0,0,11,5,88;135;78;33;571;521;649;277;426;665;571
1,2004,2055,1,0,0,11,2,62;109;52;7;559;495;601;277;400;639;413
1,1994,2049,1,1,0,11,2,72;119;62;17;569;505;611;277;410;649;413
1,1929,2138,1,1,0,12,7,34;137;184;127;23;82;571;570;687;467;475;705
1,1911,1988,1,1,0,12,3,52;155;202;132;30;100;571;588;724;485;493;705
1,1954,2036,1,0,0,11,1,9;112;159;102;57;571;545;649;313;450;689
1,1941,2027,1,0,1,12,2,22;125;172;115;11;70;571;558;687;313;463;702
1,2077,2365,1,0,1,8,5,36;482;422;529;277;327;566;413
1,2114,2192,1,1,0,8,1,449;385;521;277;290;318;413;630
1,2122,2195,1,0,0,8,2,441;363;513;274;282;318;413;622
1,2142,2219,1,0,0,8,1,409;357;493;254;262;318;407;602
1,2038,2091,1,0,0,10,2,28;75;18;525;461;583;277;366;605;413
1,2046,2100,1,0,0,10,2,20;67;10;517;453;571;277;358;597;413
1,2069,2158,1,0,0,8,2,44;494;430;566;277;335;574;413
1,2073,2124,1,0,0,8,1,40;490;426;529;277;331;570;413
1,2220,2278,1,0,0,11,1,343;235;415;176;184;318;329;524;706;913;906
0,2223,2290,1,0,0,11,0,340;235;412;173;181;318;285;521;703;910;903
1,2229,2295,1,0,0,11,1,334;235;406;167;175;318;285;515;697;904;897
0,2231,2315,1,1,0,11,0,332;214;404;165;173;318;285;513;695;902;895
0,2149,2208,1,0,0,8,0,409;345;486;247;255;318;400;595
1,2183,2266,1,1,0,11,3,380;316;452;213;221;318;366;561;743;950;943
1,2191,2253,1,0,0,11,1,372;308;444;205;213;318;358;553;735;942;935
1,2216,2267,1,0,0,11,1,347;283;419;180;188;318;330;528;710;917;910
0,3226,3294,1,1,0,6,0,85;140;308;505;218;285
0,3272,3342,1,0,0,6,0,66;94;262;459;172;239
1,3208,3283,1,0,0,7,1,85;4;158;326;523;231;303
0,3218,3268,1,0,0,6,0,85;143;316;513;226;293
0,3305,3377,1,0,0,6,0,33;61;208;177;139;206
1,3348,3408,1,0,0,7,2,18;186;177;96;163;873;1124
1,3283,3493,1,0,1,6,3,55;83;251;448;161;228
1,3302,3569,1,0,0,6,3,36;64;208;429;142;209
1,3114,3203,1,1,0,9,1,19;12;85;98;195;78;412;527;276
1,3125,3176,1,1,0,9,2,8;1;85;87;192;75;409;527;276
1,3108,3173,1,1,0,9,1,25;18;85;104;195;78;412;527;321
1,3111,3192,1,1,0,9,1,22;15;85;101;195;78;412;527;318
0,3175,3225,1,0,0,8,0,85;9;191;25;359;527;263;336
1,3175,3261,1,0,0,8,1,85;9;191;25;359;527;263;336
1,3152,3203,1,0,0,8,1,85;60;192;48;382;527;276;359
1,3164,3232,1,0,0,8,3,85;48;192;36;370;527;263;347
0,3586,3648,1,0,0,10,0,145;635;838;578;577;488;315;615;602;674
1,3514,3733,1,0,0,9,3,20;171;707;838;650;649;652;387;687
1,3504,3554,1,0,0,9,1,30;177;7;717;838;660;659;662;397
1,3411,3484,1,1,0,6,2,123;177;33;100;778;838
0,3640,3693,1,0,0,11,0,91;581;832;524;523;488;261;561;548;620;415
1,3629,3680,1,0,0,11,1,102;592;838;535;534;488;272;572;559;631;426
0,3611,3672,1,0,0,10,0,120;610;838;553;552;488;290;590;577;649
0,3594,3680,1,1,0,10,0,137;627;838;570;569;488;307;607;594;666
1,3366,3424,1,1,0,7,1,0;147;177;78;145;798;838
1,3362,3439,1,0,1,7,2,4;147;177;82;149;801;838
1,3359,3655,1,0,0,7,3,7;147;177;85;152;801;1113
1,3353,3434,1,0,0,7,3,13;147;177;91;158;868;1119
0,3411,3495,1,1,0,6,0,123;177;33;100;747;838
1,3408,3675,1,0,0,6,2,126;177;33;103;791;838
1,3392,3452,1,0,0,6,1,142;177;52;119;791;838
1,3366,3451,1,1,0,7,3,0;147;177;57;145;798;838
1,2801,2858,1,1,0,13,2,125;332;325;297;35;139;146;203;42;375;411;312;378
1,2804,2869,1,0,0,13,2,122;295;322;294;32;136;143;200;39;375;408;312;378
1,2849,2901,1,0,0,11,2,77;284;277;249;91;98;155;375;363;312;351
1,2851,2909,1,0,0,11,2,75;244;275;247;89;96;153;375;361;312;349
1,2869,2928,1,0,1,11,2,57;244;257;229;71;78;135;375;343;312;331
1,2870,2948,1,0,0,11,4,56;244;256;222;70;77;134;375;342;312;330
1,2892,2968,1,1,0,11,2,34;241;234;206;48;55;112;375;320;312;308
1,2893,3177,1,1,0,12,7,33;223;233;205;47;54;111;375;319;312;307;641
1,2754,2837,1,0,0,11,4,172;379;372;344;82;186;193;250;89;375;458
1,2768,3006,1,1,1,13,10,158;365;358;330;68;172;179;236;75;375;443;598;432
0,2768,2827,1,1,0,13,0,158;365;358;330;68;172;179;236;75;375;443;429;432
1,2770,2849,1,0,0,13,3,156;363;356;328;66;170;177;234;73;375;442;429;430
1,2778,2831,1,0,0,13,2,148;355;348;310;58;162;169;226;65;375;434;429;422
1,2783,2854,1,1,0,13,1,143;339;343;310;53;157;164;221;60;375;429;429;417
1,2785,2843,1,0,0,13,1,141;339;341;310;51;155;162;219;58;375;427;429;389
1,2792,3075,1,1,0,13,9,134;339;334;306;44;148;155;212;51;375;420;429;378
1,3048,3102,1,0,1,10,4,56;78;50;290;164;312;152;472;550;325
1,3046,3122,1,1,0,10,2,56;80;52;292;166;312;154;472;550;352
1,3070,3295,1,1,0,10,5,56;56;28;268;142;195;130;464;550;325
1,3057,3294,1,1,0,10,3,56;69;41;281;150;309;143;472;550;325
1,3091,3297,1,1,0,10,4,42;35;7;85;121;195;109;443;550;325
1,3091,3162,1,1,1,10,1,42;35;7;85;121;195;109;443;527;325
1,3105,3171,1,0,0,9,3,28;21;85;107;195;78;429;527;321
1,3095,3181,1,0,0,10,1,38;31;3;85;117;195;105;439;527;321
1,2959,3182,1,1,0,11,8,174;167;139;45;375;253;312;217;475;772;485
1,2952,3030,1,1,0,11,1,181;174;146;52;375;260;312;248;475;779;492
1,2962,3181,1,0,0,11,2,171;164;136;42;375;250;312;217;475;550;482
1,2962,3031,1,0,0,11,2,171;164;136;42;375;250;312;217;475;550;352
1,2976,3055,1,1,0,11,1,157;150;122;28;362;236;312;217;472;550;352
1,2968,3230,1,0,0,11,7,165;158;130;36;370;239;312;217;475;550;352
1,3033,3108,1,0,0,10,1,100;93;65;305;179;312;167;472;550;352
1,2992,3069,1,0,0,11,2,141;134;106;12;346;220;312;208;472;550;352
1,4300,4562,1,1,1,17,12,172;155;325;448;2;41;491;715;636;411;429;322;538;741;226;812;817
1,4308,4374,1,1,0,16,1,164;147;317;440;41;483;714;636;397;429;322;530;733;218;804;809
1,4279,4499,1,1,1,16,9,173;176;346;469;23;41;512;715;636;432;525;402;559;762;247;833
1,4296,4370,1,0,0,17,2,173;159;329;452;6;41;495;715;636;415;429;385;542;745;230;816;821
1,4266,4325,1,0,0,16,1,206;189;359;482;36;41;525;715;636;441;538;415;572;775;260;846
1,4271,4338,1,1,0,16,2,201;184;354;477;31;41;520;715;636;440;533;410;567;770;255;841
1,4247,4300,1,0,0,16,2,225;13;208;378;501;55;41;544;715;653;464;557;434;591;794;279
1,4254,4307,1,1,0,17,4,218;6;201;371;494;48;41;537;715;636;457;550;427;584;787;272;858
1,4227,4300,1,0,0,15,2,245;33;228;398;521;75;88;564;715;676;484;577;454;611;814
1,4231,4303,1,0,0,15,1,241;29;224;394;517;71;88;560;715;653;480;573;450;607;810
1,4155,4386,1,1,1,17,6,66;308;9;8;11;46;33;105;300;470;593;147;318;636;715;676;556
1,4155,4447,1,0,0,17,8,66;308;9;8;11;46;33;105;300;406;593;147;318;636;715;676;556
1,4131,4371,1,0,1,17,5,90;341;33;32;35;70;57;129;318;472;617;171;342;660;715;684;580
1,4152,4230,1,0,0,17,6,69;308;12;11;14;49;36;108;303;472;596;150;321;639;715;684;559
1,4098,4353,1,1,1,16,9,123;374;66;65;68;103;90;162;357;472;646;204;375;693;715;853
1,4112,4163,1,0,0,17,1,109;360;52;51;54;89;76;148;343;472;636;190;361;679;715;684;599
1,4463,4712,1,0,0,18,10,9;162;285;10;328;464;488;248;341;218;375;578;63;649;654;551;862;892
1,4429,4483,1,0,0,19,4,43;26;196;309;30;362;464;522;282;375;252;409;606;97;683;688;551;896;926
1,4406,4492,1,1,0,18,4,66;49;219;309;30;385;464;545;305;398;275;432;606;120;706;710;551;919
1,4394,4483,1,1,0,18,4,78;61;231;354;30;397;464;557;307;410;287;444;606;132;718;710;551;931
1,4390,4478,1,1,0,18,4,82;65;235;358;30;401;464;561;321;414;291;448;606;136;722;710;551;935
1,4381,4664,1,0,1,18,12,91;74;244;367;30;410;464;570;330;423;300;457;606;145;731;710;723;944
1,4366,4443,1,1,0,17,4,106;89;259;382;30;425;464;585;345;429;315;472;606;160;746;717;723
1,4363,4426,1,0,1,17,4,109;92;262;385;30;428;464;588;348;429;318;475;606;163;749;723;723
1,4358,4443,1,0,0,17,5,114;97;267;390;30;433;464;593;353;429;322;480;606;168;754;723;806
1,4353,4439,1,0,0,17,4,119;102;272;395;30;438;464;598;358;429;322;485;606;173;759;764;811
1,4352,4416,1,1,0,17,1,120;103;273;396;41;439;464;599;359;429;322;486;606;174;760;765;812
1,4320,4597,1,1,1,17,13,152;117;305;428;41;471;596;631;391;429;322;518;606;206;792;770;844
1,4319,4402,1,1,0,17,6,153;117;306;429;41;472;596;632;392;429;322;519;606;207;793;771;845
1,4315,4612,1,0,1,16,12,157;117;310;433;41;476;596;636;396;429;322;523;726;211;797;771
1,4312,4604,1,0,1,16,14,160;117;313;436;41;479;710;636;397;429;322;526;729;214;800;771
1,4309,4519,1,1,1,16,10,163;117;316;439;41;482;713;636;397;429;322;529;732;217;803;808
1,3806,3890,1,0,0,11,1,415;666;358;357;230;95;395;382;451;249;649
1,3814,3879,1,0,0,11,1,407;658;350;349;230;87;379;374;446;241;641
1,3816,4040,1,0,1,11,4,405;656;348;321;230;85;379;372;444;239;639
1,3824,3883,1,0,0,11,1,397;648;340;256;230;77;377;364;436;231;631
0,3724,3809,1,0,0,11,0,7;461;748;440;439;442;177;454;405;451;331
1,3739,3819,1,0,0,10,1,461;733;425;424;427;162;454;405;451;316
1,3777,4027,1,0,1,10,4,444;695;387;386;389;124;424;405;451;278
0,3778,3833,1,0,0,10,0,443;694;386;385;230;123;423;405;451;277
1,3677,3763,1,0,0,11,1,54;544;795;487;486;488;224;477;511;451;378
1,3683,3734,1,0,1,11,3,48;461;789;481;480;483;218;477;505;451;372
1,3706,3772,1,0,0,11,1,8;461;766;458;457;460;195;477;482;451;349
1,3723,3798,1,1,0,11,3,8;461;749;441;440;443;178;454;465;451;332
1,3645,3734,1,0,0,11,2,86;576;827;519;518;488;256;556;543;615;410
0,3657,3742,1,1,0,11,0,74;564;815;507;506;488;244;508;531;603;398
1,3665,3734,1,0,0,11,2,66;556;807;499;498;488;236;508;523;595;390
1,3671,3957,1,1,1,11,10,60;550;801;493;492;488;230;477;517;589;384
1,4037,4323,1,0,1,16,11,184;435;127;126;129;164;151;223;18;418;588;646;265;409;754;985
1,4035,4258,1,1,1,16,7,186;437;129;128;131;166;153;225;20;420;590;653;267;409;756;987
1,4094,4155,1,0,0,16,2,127;378;70;69;72;107;94;166;361;531;646;208;379;697;715;857
0,4045,4107,1,0,0,16,0,176;427;119;118;121;156;143;215;10;410;580;646;257;409;746;715
0,3980,4040,1,0,0,15,0,241;483;184;183;186;221;208;280;75;450;645;653;322;493;811
1,3959,4219,1,0,1,15,10,262;483;205;204;207;242;229;301;96;450;666;789;343;514;832
1,4014,4075,1,0,0,16,3,207;458;150;129;152;187;174;246;41;441;611;653;288;459;777;1008
1,4000,4055,1,0,0,15,4,221;472;164;163;166;201;188;260;55;450;625;653;302;473;791
1,3946,4023,1,0,0,14,1,275;511;218;217;220;255;242;314;109;509;679;802;356;527
1,3935,3985,1,0,0,14,4,286;537;221;228;230;266;253;325;120;520;690;813;367;538
1,3946,4179,1,0,1,14,6,275;511;218;217;220;255;242;314;109;450;679;802;356;527
1,3946,4177,1,0,1,14,8,275;483;218;217;220;255;242;314;109;450;679;802;356;527
1,3851,3917,1,0,0,13,5,370;621;313;256;230;50;350;337;409;204;604;743;897
1,3838,3922,1,0,0,12,5,383;634;326;256;230;63;363;350;422;217;617;787
1,3883,3964,1,1,0,14,1,338;589;281;256;230;8;318;305;377;172;572;726;865;419
1,3863,3924,1,0,0,13,1,358;609;301;256;230;38;338;325;397;192;592;726;885
1,12358,12435,1,0,0,14,4,30;15;84;419;101;195;143;752;346;412;592;875;794;807
1,12359,12442,1,0,0,14,1,29;14;83;419;100;194;142;723;345;412;591;875;793;806
1,12302,12366,1,0,0,12,1,86;71;6;140;419;157;251;199;800;402;412;618
1,12318,12405,1,0,1,12,4,70;55;124;419;141;235;183;792;386;412;618;946
1,12289,12574,1,1,0,12,6,90;84;19;147;419;170;264;212;800;415;548;661
1,12298,12376,1,1,0,12,3,90;75;10;144;419;161;255;203;800;406;412;652
1,12280,12365,1,0,0,12,3,108;93;28;162;419;179;273;221;800;424;557;670
1,12281,12343,1,0,0,12,2,90;92;27;161;419;178;272;220;800;423;556;669
1,12411,12480,1,1,0,14,3,31;419;48;142;90;699;293;412;519;853;676;623;761;514
1,12413,12468,1,0,1,14,3,29;419;46;140;88;696;291;412;519;851;676;623;759;514
1,12392,12451,1,0,0,13,1,50;419;67;161;109;718;312;412;519;872;726;623;780
1,12400,12617,1,1,1,14,6,42;419;59;142;101;710;304;412;519;864;676;623;772;713
1,12385,12474,1,1,0,14,4,3;57;419;74;167;116;723;319;412;565;875;726;623;787
1,12392,12480,1,0,1,13,5,50;419;67;142;109;718;312;412;519;872;726;623;780
1,12364,12433,1,1,1,15,5,24;9;78;419;95;167;137;723;340;412;586;875;788;801;808
1,12367,12626,1,0,1,15,7,21;6;75;419;92;167;134;723;337;412;583;875;726;798;805
1,12137,12221,1,0,1,10,2,251;142;236;171;305;735;322;416;325;973
1,12111,12196,1,0,0,10,1,271;168;262;197;331;761;348;442;325;999
1,12102,12184,1,0,0,10,3,286;177;271;206;340;770;357;451;325;1008
1,12060,12120,1,0,0,12,1,33;326;219;313;248;382;6;810;399;492;325;1050
1,12049,12125,1,0,0,12,4,44;339;230;324;259;393;17;810;410;492;325;1061
1,12037,12112,1,0,0,14,1,56;351;9;242;336;271;10;405;29;810;422;492;325;1073
1,12032,12110,1,0,1,14,4,61;356;14;247;341;276;15;406;34;840;427;492;325;1078
1,12030,12103,1,0,0,14,2,63;358;16;249;343;278;17;412;36;842;429;492;325;1080
1,12252,12471,1,1,0,11,6,136;27;121;56;190;419;207;301;232;800;452
1,12250,12306,1,0,1,11,2,138;29;123;58;192;419;209;303;251;800;454
1,12214,12267,1,0,0,10,3,174;65;159;94;228;436;245;339;287;800
1,12210,12499,1,0,1,10,6,178;69;163;98;232;662;249;343;291;800
1,12182,12440,1,0,1,10,7,206;97;191;126;260;690;277;369;295;928
1,12174,12255,1,0,0,10,1,214;105;199;134;268;698;285;379;295;936
1,12149,12221,1,0,0,10,2,239;130;224;159;293;711;310;404;325;961
1,12142,12225,1,0,0,10,3,246;137;231;161;300;730;317;411;325;968
1,12705,12773,1,0,0,13,2,167;405;132;245;559;447;460;467;321;363;664;726;658
1,12715,12796,1,0,1,14,4,157;395;122;235;549;437;450;457;321;353;664;663;648;819
1,12779,13073,1,0,1,14,12,93;331;58;171;485;373;386;393;321;289;664;652;584;755
1,12786,12841,1,0,0,14,4,86;324;51;164;478;366;379;386;321;282;664;645;577;463
1,12645,12713,1,1,0,12,1,227;456;59;192;305;619;507;485;527;330;415;817
0,12653,12709,1,0,0,13,0,219;456;51;184;297;611;499;479;519;330;415;809;778
1,12655,12884,1,1,1,13,7,217;455;49;182;295;609;497;479;517;330;413;807;776
1,12691,12775,1,0,0,14,1,181;419;13;146;259;573;461;474;481;330;377;664;740;672
1,12872,12931,1,0,1,14,1,0;238;78;392;280;293;300;219;195;590;559;491;463;358
1,12884,12940,1,1,1,14,4,226;66;380;268;281;288;214;184;578;547;479;463;346;702
1,12885,12938,1,0,0,14,2,225;65;379;267;280;287;214;143;577;546;478;463;345;701
1,12901,12955,1,0,0,14,2,195;49;363;251;264;271;212;143;561;530;462;463;329;685
0,12809,12867,1,0,0,14,0,63;301;28;141;455;343;356;363;304;259;653;622;554;463
1,12830,12909,1,0,0,14,1,42;280;7;120;434;322;335;342;283;238;632;601;533;463
1,12851,12916,1,0,0,14,4,21;259;99;413;301;314;321;260;217;611;580;512;463;379
1,12869,12919,1,0,0,14,1,3;241;81;395;283;296;303;244;195;593;562;494;463;361
1,12506,12573,1,0,0,12,4,366;47;604;198;331;441;758;646;623;666;514;415
1,12464,12529,1,0,1,13,3,408;89;19;646;240;373;441;800;676;623;708;514;415
1,12603,12685,1,1,0,11,1,269;507;101;234;347;661;549;562;569;510;415
1,12536,12602,1,0,1,12,4,336;17;574;168;301;414;728;616;623;636;514;415
1,12427,12500,1,0,0,15,3,15;419;32;126;74;683;277;410;494;837;676;623;745;514;641
1,12427,12511,1,1,0,15,3,15;419;32;126;74;683;277;410;463;837;676;623;745;514;641
1,12449,12654,1,0,0,14,7,419;10;104;19;661;255;388;441;815;676;623;723;514;619
1,12446,12515,1,1,0,14,3,419;13;107;55;664;258;391;441;818;676;623;726;514;622
1,12631,12702,1,1,0,12,1,241;460;73;206;319;633;521;486;541;482;415;831
1,12631,12864,1,2,1,12,7,241;460;73;206;319;633;521;485;541;482;415;831
1,12634,12715,1,1,0,12,6,238;456;70;203;316;630;518;485;538;331;415;828
1,12633,12710,1,1,1,12,3,239;460;71;204;317;631;519;485;539;331;415;829
1,12607,12661,1,0,0,11,1,265;488;97;230;343;657;545;524;565;506;415
1,12605,12658,1,0,0,11,3,267;505;99;232;345;659;547;524;567;508;415
1,12627,12699,1,1,0,12,3,245;483;77;210;323;637;525;486;545;486;415;835
1,12623,12703,1,1,0,11,1,249;487;81;214;327;641;529;513;549;490;415
1,13184,13237,1,0,0,14,2,80;278;219;179;350;46;402;358;305;402;571;538;730;851
1,13219,13470,1,0,1,16,10,45;243;212;144;315;11;367;358;270;367;536;503;695;816;634;672
1,13132,13220,1,0,0,17,2,132;18;33;40;330;299;231;402;98;454;358;357;454;623;581;782;903
1,13146,13223,1,1,1,17,4,118;6;19;26;316;285;217;388;84;440;358;343;440;609;576;768;880
1,13238,13307,1,0,0,15,2,26;224;193;125;280;348;358;251;348;496;484;676;716;615;653
1,13243,13331,1,0,0,15,2,21;219;188;120;254;343;358;246;343;496;479;671;716;610;648
1,13230,13305,1,1,0,16,1,34;232;201;133;304;0;356;358;259;356;525;492;684;716;623;661
1,13235,13304,1,0,0,15,2,29;227;196;128;299;351;358;254;351;496;487;679;716;618;656
1,13254,13330,1,0,0,15,1,10;189;177;109;254;332;358;235;332;478;468;627;716;599;637
1,13289,13343,1,0,1,15,4,173;142;74;245;297;358;200;297;448;433;625;716;564;602;977
1,13247,13308,1,2,0,15,1,17;189;184;116;254;339;358;242;339;496;475;667;716;606;644
1,13253,13470,1,0,1,15,8,11;189;178;110;254;333;358;236;333;478;469;661;716;600;638
1,13344,13395,1,0,0,17,3,118;87;19;190;242;311;145;242;411;378;570;691;509;547;916;476;801
1,13370,13621,1,0,1,18,10,92;61;164;216;285;119;216;385;352;544;665;483;521;896;450;775;290;718
1,13289,13353,1,0,0,15,2,173;142;74;245;297;358;200;297;448;407;625;716;564;602;977
1,13295,13586,1,0,1,16,14,167;136;68;202;291;358;194;291;448;407;619;716;558;596;971;525
1,12941,13020,1,1,0,15,4,169;9;323;211;224;231;172;120;521;317;422;463;289;645;579
1,12929,13134,1,0,1,15,7,181;21;335;223;236;243;184;120;533;502;434;463;301;657;579
1,12920,13203,1,1,1,15,8,190;30;344;232;245;252;193;120;542;511;443;463;310;666;735
1,12917,12989,1,1,0,15,4,193;33;347;235;248;255;196;143;545;512;446;463;313;669;738
1,12998,13078,1,0,0,16,1,112;266;154;167;174;115;70;464;317;365;463;232;502;579;491;588
1,12964,13222,1,0,1,14,8,146;300;188;201;202;119;104;496;317;399;463;266;622;579
1,12961,13013,1,1,0,14,1,149;303;191;204;202;152;107;496;317;402;463;269;625;579
1,12954,13008,1,0,0,14,4,156;310;198;211;202;159;114;508;317;409;463;276;632;579
1,13049,13131,1,1,0,16,1,61;215;103;116;123;64;19;413;317;314;463;181;502;358;440;537
1,13048,13120,1,0,0,16,2,62;216;104;117;124;65;20;414;317;315;463;182;502;402;441;538
1,13026,13299,1,0,1,16,6,84;238;126;139;146;87;42;436;317;337;463;204;502;579;463;560
1,13001,13066,1,1,0,16,2,109;263;151;164;171;99;67;461;317;362;463;229;502;579;488;585
1,13102,13160,1,0,1,17,5,8;162;18;63;70;11;360;317;261;431;128;484;358;387;484;653;620
1,13100,13154,1,0,0,17,3,10;164;18;65;72;13;362;317;263;434;130;486;358;389;486;655;622
1,13093,13147,1,1,0,17,4,17;171;59;72;79;20;369;317;270;441;137;493;358;396;493;662;629
1,13050,13109,1,0,1,16,2,60;214;102;115;122;53;18;412;317;313;463;180;502;358;439;536
1,13705,13775,1,0,0,16,1,50;17;209;330;148;186;532;115;440;383;499;606;595;675;385;519
1,13732,13816,1,0,0,15,1,23;182;303;121;159;532;88;413;356;472;606;593;675;385;492
1,13735,13936,1,0,1,15,7,20;166;300;118;156;531;85;410;353;469;606;590;675;385;489
1,13742,14000,1,0,1,15,6,13;166;293;111;149;524;78;403;346;462;606;583;675;382;482
1,13775,13846,1,0,1,14,4,139;260;78;116;491;45;370;313;429;505;550;675;382;449
0,13785,13858,1,0,0,14,0,129;250;68;106;481;35;360;299;419;505;540;675;382;439
1,13804,13878,1,0,0,15,3,110;231;49;87;462;16;341;284;400;505;521;675;382;420;272
1,13824,14063,1,1,0,14,8,90;211;29;67;442;321;264;380;505;501;569;382;400;252
1,13829,13880,1,1,0,14,3,85;206;24;62;437;153;259;375;505;496;569;382;395;247
1,13832,13915,1,1,1,14,5,82;203;21;59;434;153;256;372;505;493;553;382;392;244
1,13863,13931,1,0,0,14,1,51;172;28;403;153;225;341;505;462;553;382;332;213;649
1,13870,14135,1,1,1,15,10,44;165;21;396;153;175;334;505;455;553;382;332;206;642;530
1,13896,13978,1,0,0,15,1,18;139;370;153;175;116;505;429;553;382;328;180;616;504;371
1,13898,14163,1,1,1,15,6,16;137;368;153;175;116;505;418;553;382;326;178;614;502;369
1,13920,13998,1,0,0,15,2,115;346;153;168;116;505;405;553;373;304;156;563;480;347;823
1,13924,14187,1,0,1,15,9,111;342;153;164;116;505;401;500;369;300;152;563;476;343;819
1,13464,13552,1,0,0,16,3,70;122;191;25;122;291;258;450;571;389;427;802;356;681;196;519
1,13414,13476,1,1,0,18,1,48;17;120;172;241;75;172;341;308;500;621;439;477;852;406;731;246;519
1,13512,13592,1,1,0,17,3,22;74;143;74;243;210;396;523;341;379;754;308;633;148;519;692;945
1,13488,13543,1,0,0,18,3,46;98;167;1;98;267;234;426;547;365;397;778;332;657;172;519;716;969
1,13548,13622,1,0,0,17,4,38;107;38;207;174;366;487;305;337;718;272;589;112;519;656;909;777
1,13526,13609,1,0,1,17,3,8;60;129;60;229;196;388;509;327;337;740;294;619;134;519;678;931
1,13564,13648,1,1,0,17,4,22;91;22;191;158;350;471;289;327;702;256;575;96;519;591;893;761
1,13563,13637,1,1,0,17,4,23;92;23;192;159;351;472;290;328;703;257;582;97;519;591;894;762
1,13656,13721,1,0,0,15,4,99;66;258;379;197;235;610;164;489;4;432;548;606;669;834
1,13610,13897,1,1,0,15,8,45;145;112;304;425;243;281;656;210;535;50;478;591;847;715
1,13684,13764,1,0,0,16,3,71;38;230;351;169;207;557;136;461;404;520;606;641;806;609;540
1,13668,13745,1,1,0,15,3,87;54;246;367;185;223;598;152;477;420;536;606;657;822;625
1,13698,13956,1,0,1,16,9,57;24;216;337;155;193;557;122;447;390;506;606;595;744;595;526
1,13687,13760,1,0,0,16,4,68;35;227;348;166;204;557;133;458;401;517;606;638;744;606;537
1,13704,13754,1,0,0,16,2,51;18;210;331;149;187;557;116;441;384;500;606;595;675;385;520
1,13703,13988,1,0,1,16,9,52;19;211;332;150;188;557;117;442;385;501;606;595;675;590;521
1,14502,14710,1,1,0,13,6,10;241;28;216;280;362;640;784;497;581;473;588;557
1,14479,14555,1,1,0,14,2,11;33;264;28;239;280;362;663;807;520;604;545;611;580
1,14466,14734,1,0,1,13,9,24;46;277;28;252;280;429;676;820;533;617;558;624
1,14465,14540,1,0,1,13,3,25;47;278;28;253;305;430;677;821;534;618;559;625
1,14435,14514,1,0,0,14,3,22;55;77;308;99;283;305;460;690;851;564;648;589;655
1,14398,14467,1,0,0,14,4,59;92;114;2;340;136;320;305;497;706;852;601;685;626
1,14383,14446,1,1,0,14,1,74;107;129;17;360;151;335;305;512;706;852;616;700;641
1,14378,14583,1,0,1,14,4,79;112;134;22;365;156;340;305;517;764;852;621;705;646
1,14368,14644,1,0,0,13,7,89;122;144;32;375;166;348;305;527;774;918;631;715
1,14347,14407,1,0,0,11,1,110;143;159;53;396;187;348;305;548;795;939
1,14346,14406,1,1,0,11,1,111;144;159;54;397;188;353;305;549;796;940
1,14322,14377,1,0,0,11,1,135;3;168;159;78;410;212;378;305;573;820
1,14311,14395,1,1,1,11,2,146;14;179;190;89;410;223;378;305;584;831
1,14294,14362,1,0,1,11,2,163;31;196;218;106;410;240;378;305;601;848
0,14283,14370,1,1,0,12,0,174;42;207;10;229;117;410;251;378;305;612;859
1,14254,14552,1,1,1,12,8,12;203;68;236;39;235;146;13;410;280;378;306
0,14233,14500,1,0,0,12,0,33;219;92;257;60;235;167;34;410;301;378;306
1,14249,14322,1,0,0,12,1,17;208;76;241;44;235;151;18;410;285;378;306
1,14229,14525,1,0,1,12,6,37;219;96;261;64;283;171;38;410;305;378;581
1,14230,14291,1,0,0,12,2,36;219;95;260;63;282;170;37;410;304;378;306
1,14188,14271,1,1,0,13,1,78;16;255;137;302;105;36;304;212;79;410;346;378
1,14198,14265,1,1,0,13,1,68;6;219;127;292;95;26;304;202;69;410;336;378
1,14173,14429,1,0,1,13,6,93;31;255;152;308;120;51;304;224;94;540;361;397
1,14176,14252,1,0,0,13,2,90;28;255;149;308;117;48;304;224;91;410;358;397
1,14141,14213,1,1,0,14,2,125;4;63;255;184;349;152;83;371;224;126;540;393;397
1,14158,14405,1,0,0,13,3,108;46;255;167;332;135;66;304;224;109;540;376;397
1,14131,14194,1,0,0,14,2,135;14;73;255;194;359;162;93;381;224;136;540;403;587
1,14133,14366,1,1,1,14,8,133;12;71;255;192;357;160;91;379;224;134;540;401;525
1,14082,14348,1,0,1,15,11,184;63;6;116;375;243;408;211;142;395;224;185;661;452;636
1,14112,14351,1,0,1,14,3,154;33;92;345;213;378;181;112;395;224;155;540;422;606
1,14026,14077,1,0,0,16,3,9;240;119;62;116;431;299;464;267;198;50;486;224;241;717;508
1,14080,14153,1,1,0,15,1,186;65;8;116;377;245;410;213;144;432;224;187;663;454;638
1,14560,14634,1,0,0,12,2,183;158;250;335;582;708;150;377;464;530;390;493
1,14570,14798,1,0,0,12,5,173;148;240;325;572;708;150;377;399;520;390;493
1,14579,14635,1,0,1,12,3,164;139;231;316;364;707;150;377;399;511;390;493
0,14540,14606,1,0,0,11,0,203;178;254;355;602;744;459;377;473;550;390
1,14549,14621,1,0,1,11,3,194;169;254;346;593;737;450;377;473;541;390
1,14554,14630,1,0,0,12,3,189;164;254;341;588;708;445;377;470;536;390;518
1,14559,14858,1,1,1,12,10,184;159;251;336;583;708;440;377;465;531;390;493
1,14503,14571,1,1,0,13,3,9;240;28;215;280;362;639;783;496;377;473;587;556
1,14516,14762,1,1,0,12,6,227;18;202;254;362;626;770;483;377;473;574;543
1,14525,14597,1,1,0,12,2,218;9;193;254;362;617;761;474;377;473;565;390
1,14537,14610,1,0,0,11,3,206;181;254;358;605;749;462;377;473;553;390
1,8486,8545,1,0,0,11,1,179;131;206;236;158;464;96;178;269;226;295
1,515,596,1,0,0,14,2,451;287;309;364;636;366;246;780;100;737;661;941;589;729
1,8475,8530,1,0,0,11,1,190;142;206;247;169;475;107;178;269;226;306
1,483,570,1,0,1,14,4,3;483;319;341;396;668;398;278;780;132;769;693;973;621
1,8538,8595,1,0,0,13,3,127;79;206;184;106;412;10;164;269;226;243;626;1061
1,539,766,1,0,1,15,6,427;263;285;340;612;342;222;771;76;713;637;917;565;613;882
1,8501,8579,1,0,0,13,1,154;116;206;221;143;449;81;178;269;226;280;663;1098
1,531,732,1,0,0,15,4,435;271;293;348;620;350;230;779;84;721;645;925;573;713;890
1,8415,8502,1,1,0,12,3,28;250;202;8;206;307;229;519;167;178;519;226
1,556,631,1,1,0,15,3,410;246;268;323;448;325;205;754;59;696;620;900;548;613;720
1,8387,8474,1,0,0,12,3,56;278;230;36;206;335;257;525;195;178;547;226
1,539,802,1,0,1,15,9,427;263;285;340;612;342;222;771;76;713;637;917;565;613;720
1,8445,8699,1,0,0,11,7,191;172;206;277;199;490;137;178;489;226;336
1,596,663,1,0,0,17,1,370;206;228;283;448;285;165;708;19;656;580;860;508;613;720;650;882
1,8427,8484,1,0,0,12,1,16;238;190;206;295;217;490;155;178;507;226;354
1,588,667,1,0,0,17,2,378;214;236;291;448;293;173;722;27;664;588;868;516;613;720;658;890
1,8570,8649,1,1,0,13,2,95;26;206;152;74;380;10;132;150;226;211;396;768
1,624,705,1,0,0,18,2,342;178;200;255;448;257;137;686;628;552;832;294;613;720;622;854;680;589
1,8567,8849,1,0,1,13,5,98;26;206;155;77;383;10;135;150;226;214;396;990
1,614,831,1,0,1,18,9,352;188;210;265;448;267;147;696;1;638;562;842;490;613;720;632;864;690
1,8627,8681,1,0,0,11,3,38;154;95;17;323;75;150;226;154;396;756
1,659,724,1,1,0,19,1,307;143;165;220;448;80;102;651;593;517;797;294;585;712;587;819;645;554;973
1,8574,8853,1,1,0,13,5,91;26;206;148;53;376;8;128;150;226;207;396;768
1,656,897,1,1,1,19,12,310;146;168;223;448;225;105;654;596;520;800;294;588;712;590;822;648;557;976
1,8544,8602,1,0,0,13,3,121;61;206;178;100;406;10;158;150;226;237;620;1055
1,674,735,1,1,0,19,1,292;128;150;205;448;66;87;636;578;502;782;294;570;712;572;804;630;539;958
1,8539,8791,1,0,0,13,6,126;61;206;183;105;411;10;163;269;226;242;625;1060
1,663,939,1,0,1,19,16,303;139;161;216;448;80;98;647;589;513;793;294;581;712;583;815;641;550;969
1,8564,8649,1,0,0,13,3,101;26;206;158;80;386;10;138;150;226;217;396;1035
1,737,980,1,0,0,19,8,229;65;87;142;414;66;24;563;515;439;719;294;507;684;509;741;567;476;895
1,8547,8786,1,0,1,13,7,118;26;206;175;97;403;10;155;150;226;234;617;1052
1,716,784,1,0,0,19,1,250;86;108;163;435;66;45;594;536;460;740;294;528;705;530;762;588;497;916
1,8706,8787,1,1,0,8,3,75;16;244;150;98;75;377;750
1,749,804,1,1,0,19,4,217;53;75;130;402;66;12;561;503;427;707;294;495;672;497;557;555;464;883
1,8719,8784,1,0,1,8,1,62;3;231;150;98;62;370;750
1,770,990,1,1,1,19,8,196;32;54;109;381;66;540;482;406;686;294;474;651;476;557;534;443;862;891
1,8734,9008,1,1,0,7,1,47;216;150;98;47;370;750
1,772,845,1,1,0,19,1,194;30;52;107;379;66;538;480;404;684;294;472;649;474;557;532;441;860;796
1,8752,8805,1,1,0,8,1,12;198;150;98;29;370;750;672
1,776,846,1,0,1,19,6,190;26;48;103;375;66;491;476;400;680;294;468;645;470;557;528;437;856;796
1,8628,8696,1,1,0,11,2,37;153;94;16;322;74;150;226;153;396;750
1,779,847,1,0,0,19,2,187;23;45;100;372;66;491;473;397;677;294;465;642;467;557;525;434;794;796
1,8665,8730,1,0,0,10,2,0;116;57;285;37;150;165;116;396;750
1,786,837,1,0,0,19,2,180;16;38;93;309;66;491;466;390;670;294;458;635;460;557;518;427;794;796
1,8694,8985,1,1,0,9,6,87;28;250;8;150;160;87;396;750
1,808,876,1,0,0,18,5,158;16;71;309;66;491;444;368;648;294;436;612;438;557;496;405;794;796
1,8705,8776,1,1,0,8,1,76;17;245;150;149;76;377;750
1,812,893,1,0,1,18,3,154;12;67;309;66;491;440;364;644;292;432;609;434;557;492;401;784;796
1,8815,9111,1,0,1,6,5,133;119;39;349;750;556
1,813,873,1,1,0,18,2,153;11;66;309;66;491;439;363;643;291;431;608;433;557;491;400;784;785
1,8816,8867,1,1,0,6,2,133;118;38;348;597;556
1,858,1127,1,1,1,17,10,108;21;293;23;452;394;318;598;246;386;563;388;557;446;355;774;785
1,8826,8912,1,1,0,7,1,124;99;28;338;597;556;1099
1,874,927,1,0,0,18,2,75;5;277;7;436;378;302;582;230;370;547;372;557;430;339;758;785;407
1,8841,8908,1,0,0,7,1,109;93;13;323;597;555;1084
1,901,980,1,0,0,16,4,65;250;409;351;275;555;203;343;520;345;557;403;312;731;760;380
1,8767,8828,1,1,0,8,2,12;183;150;87;14;370;750;657
1,905,990,1,0,0,16,4,61;246;405;314;271;551;199;339;516;341;557;399;308;727;756;376
1,8780,8838,1,0,0,8,2,1;170;141;74;1;370;750;644
1,905,990,1,0,0,16,3,61;246;361;314;271;551;199;339;516;341;557;399;308;727;756;376
1,8794,9008,1,0,0,6,3,156;140;60;370;750;630
1,912,979,1,0,0,16,3,54;239;360;314;264;544;192;332;509;334;557;392;301;720;749;369
1,8808,9074,1,0,0,6,1,133;126;46;356;750;616
1,927,1007,1,1,0,16,5,39;224;359;314;249;529;177;317;494;319;551;377;286;705;734;354
0,9007,9077,1,0,0,8,0,157;592;417;902;521;515;629;659
1,77,370,1,0,0,8,3,21;259;235;148;112;385;34;61
1,9007,9060,1,0,0,8,1,157;592;417;902;521;515;629;659
1,69,354,1,1,0,8,2,29;392;243;148;120;393;34;69
1,8973,9055,1,1,0,7,3,191;597;451;902;555;593;663
1,54,341,1,0,0,8,4,44;392;258;281;135;408;34;84
0,8924,9006,1,0,0,9,0,26;10;240;597;500;902;604;642;712
0,42,102,1,0,0,8,0,56;392;270;293;147;420;34;96
1,8884,8940,1,0,0,6,1,53;50;280;597;540;902
0,95,181,1,0,0,8,0,3;259;203;127;94;367;6;43
1,8878,9106,1,0,0,6,3,72;56;286;597;540;902
1,83,145,1,0,0,8,1,15;259;229;127;106;379;34;55
1,8865,9115,1,0,0,6,1,85;69;299;597;549;902
1,83,167,1,0,0,8,1,15;259;229;127;106;379;6;55
1,8843,9105,1,1,0,7,4,107;91;11;321;597;549;1082
0,81,147,1,0,0,8,0,17;259;231;127;108;381;34;57
1,9172,9261,1,0,0,13,1,427;252;753;356;394;464;494;105;505;564;815;843;651
1,138,208,1,0,0,8,1,259;169;127;51;324;6;0;828
1,9167,9219,1,1,0,12,1,432;252;758;361;399;469;499;110;507;564;820;848
1,129,213,1,0,0,7,1,259;169;127;60;333;6;9
1,9128,9178,1,0,0,12,1,21;471;296;797;400;438;508;538;149;507;564;859
0,126,187,1,1,0,7,0,259;169;127;63;336;6;12
1,9124,9382,1,1,0,12,6,21;475;300;801;404;442;512;542;153;627;564;863
1,124,186,1,0,0,7,1,259;188;127;65;338;6;14
1,9090,9153,1,0,0,12,1,74;509;334;835;438;476;546;576;187;661;564;897
1,233,309,1,0,0,8,2,210;79;102;229;733;569;591;646
1,9050,9281,1,1,0,11,8,114;549;374;871;478;515;586;616;224;701;750
1,221,275,1,0,0,8,1,214;91;114;241;745;581;603;658
1,9045,9263,1,0,1,11,8,119;554;379;880;483;515;591;621;224;706;755
1,197,274,1,0,0,5,1,259;115;127;265;769
1,9037,9089,1,0,0,10,1,120;562;387;888;491;515;599;629;240;714
0,159,244,1,0,0,7,0,259;153;127;30;288;6;807
1,9255,9330,1,0,0,14,2,303;169;670;273;311;381;411;22;494;545;732;760;568;600
0,305,368,1,0,0,11,0,181;7;30;157;661;470;519;574;846;576;456
1,9261,9316,1,0,0,14,2,303;163;664;267;305;375;405;16;464;539;726;754;562;594
1,318,550,1,0,1,11,8,168;17;144;648;470;506;561;833;563;443;992
1,9240,9479,1,1,0,14,8,359;184;685;288;326;396;426;37;498;560;747;775;583;615
0,298,369,1,0,0,10,0,188;14;37;164;668;504;526;581;853;583
1,9243,9301,1,0,0,14,2,303;181;682;285;323;393;423;34;498;557;744;772;580;612
1,300,381,1,0,0,10,1,186;12;35;162;666;502;524;579;851;581
1,9216,9266,1,0,0,14,1,383;208;709;312;350;420;450;61;504;564;771;799;607;639
1,334,406,1,0,1,12,1,152;1;128;632;464;490;545;817;547;297;780;281
1,9225,9298,1,1,0,14,1,374;199;700;303;341;411;441;52;498;564;762;790;598;630
1,352,413,1,0,0,12,1,134;110;569;450;472;527;799;529;297;780;263;900
1,9172,9261,1,0,0,13,2,427;252;753;356;394;464;494;68;505;564;815;843;651
1,329,551,1,0,0,12,6,157;6;133;637;470;495;550;822;552;297;981;286
0,9187,9272,1,0,0,14,0,412;237;738;341;379;449;479;68;504;564;800;828;636;668
1,330,414,1,1,0,12,1,156;5;132;636;470;494;549;821;551;297;780;285
1,9353,9616,1,1,1,14,9,246;71;572;175;213;283;313;392;447;620;662;290;502;581
1,376,435,1,1,0,12,1,110;86;569;426;444;503;775;505;297;780;239;876
1,9357,9422,1,1,1,14,4,242;67;529;171;209;279;309;392;443;620;658;290;498;581
1,388,613,1,0,1,13,8,98;74;558;414;436;491;763;493;297;780;227;864;788
1,9349,9407,1,0,0,14,2,250;75;576;179;217;287;317;402;451;620;666;474;506;581
1,353,415,1,0,0,12,1,133;109;569;434;471;526;798;528;297;780;262;899
1,9350,9637,1,1,1,14,13,249;74;575;178;216;286;316;392;450;620;665;473;505;581
0,354,407,1,0,0,12,0,132;108;569;434;444;525;797;527;297;780;261;898
1,9312,9396,1,0,0,14,4,272;112;613;216;254;324;354;439;488;645;703;511;543;653
1,428,488,1,0,0,13,2,58;34;538;374;396;451;723;453;297;780;187;780;742
1,9343,9410,1,1,0,14,1,256;81;582;185;223;293;323;408;457;644;672;480;512;581
1,453,509,1,0,0,14,3,33;9;513;349;371;426;698;428;297;780;162;780;723;1003
1,9262,9343,1,0,1,14,4,303;162;663;266;304;374;404;15;455;538;725;753;561;593
1,393,457,1,0,0,13,1,93;69;558;409;431;486;758;488;297;780;222;780;783
1,9269,9345,1,0,0,14,1,272;155;656;259;297;367;397;8;455;531;718;746;554;586
1,393,454,1,1,0,13,2,93;69;558;390;431;486;758;488;297;780;222;780;783
1,9372,9618,1,0,1,14,6,227;52;458;156;194;264;294;379;428;588;643;290;483;581
1,9370,9434,1,1,0,14,1,229;54;458;158;196;266;296;381;430;617;645;290;485;581
1,9392,9452,1,0,0,14,1,207;32;458;136;158;244;217;359;408;588;623;290;463;573
1,9380,9432,1,0,0,14,3,219;44;458;148;186;256;217;371;420;588;635;290;475;581
1,9406,9489,1,0,0,14,1,193;18;458;122;158;230;217;345;394;561;609;290;449;544
1,9399,9479,1,1,0,14,3,200;25;458;129;158;237;217;352;401;561;616;290;456;566
1,9421,9483,1,0,0,15,4,178;3;458;107;145;215;217;330;322;561;594;290;372;544;811
1,9413,9501,1,1,0,14,2,186;11;458;115;153;223;217;338;322;561;602;290;442;544
1,9455,9526,1,0,0,15,3,144;458;73;107;181;211;296;322;532;560;290;372;510;777;598
0,9428,9501,1,1,0,14,0,171;458;100;107;208;217;323;322;559;587;290;372;537;804
1,9489,9546,1,1,0,16,3,110;436;39;77;147;177;249;311;498;526;290;366;476;743;564;830
1,9485,9547,1,0,0,15,3,114;440;43;81;151;181;266;315;502;530;290;370;480;747;568
1,9573,9657,1,0,1,14,2,26;352;63;93;178;227;414;442;250;282;392;659;480;746
1,9518,9606,1,0,0,16,4,81;407;10;48;118;148;233;282;469;497;290;337;447;714;535;801
1,9631,9690,1,1,0,14,4,294;5;35;120;169;356;384;192;224;334;601;386;688;512
1,9590,9677,1,0,0,15,1,9;333;46;76;161;210;397;425;233;265;375;642;463;729;553
1,9665,9898,1,0,1,14,5,260;1;86;135;322;350;158;190;300;567;386;654;455;717
1,9702,9985,1,0,1,14,12,223;49;98;285;313;121;153;263;530;351;483;441;680;588
1,9727,9790,1,0,0,14,1,198;24;73;260;288;96;128;238;505;326;483;416;655;349
1,9730,9806,1,1,0,14,1,195;21;70;257;285;93;125;235;482;323;483;413;652;349
1,9737,9826,1,0,0,15,2,188;14;63;250;278;86;118;218;482;316;483;406;645;349;940
1,9760,9811,1,1,0,15,2,165;40;227;227;63;95;205;472;293;483;383;622;349;917;751
1,9772,9839,1,1,0,15,2,153;28;215;227;51;83;193;460;281;483;371;610;349;905;705
1,9774,9827,1,0,1,15,2,151;26;213;227;49;81;191;458;279;482;369;608;349;903;705
1,9776,9829,1,1,0,15,2,139;24;211;227;47;79;189;456;277;482;367;606;349;901;705
1,0,55,1,0,0,8,2,98;486;312;335;189;462;174;138
1,9839,10095,1,1,0,13,5,86;148;176;16;126;393;214;480;304;543;349;838;672
1,8,272,1,1,0,8,4,90;478;304;327;181;431;166;130
1,9853,9933,1,0,0,13,4,72;134;162;2;112;379;200;466;290;529;349;627;658
0,25,113,1,1,0,8,0,73;392;287;310;164;431;149;113
1,9876,10097,1,0,1,13,8,49;111;139;81;356;177;443;267;506;349;627;635;910
1,25,281,1,0,1,8,4,73;392;287;310;164;431;149;113
1,9883,9944,1,0,0,14,1,42;104;132;81;349;170;436;260;499;349;627;628;711;652
1,9887,9942,1,1,0,14,1,38;100;128;78;345;166;432;242;495;349;627;624;711;648
1,9888,9971,1,0,0,14,3,37;89;127;77;344;165;431;242;494;349;627;623;711;647
1,9923,10130,1,1,1,14,5,2;64;92;42;309;130;396;220;459;349;627;588;711;612
1,9970,10021,1,1,0,12,2,17;45;262;83;349;173;412;305;589;541;711;495
1,9970,10053,1,1,0,12,3,17;45;262;83;349;173;412;286;589;541;711;495
1,9958,10009,1,0,0,13,2,29;57;7;274;95;361;185;424;332;589;553;711;495
1,9957,10161,1,0,1,13,4,30;58;8;275;96;362;186;425;333;627;554;711;495
1,10011,10093,1,1,0,12,3,4;221;42;308;132;371;279;463;500;711;495;702
1,9987,10254,1,1,0,12,5,0;28;245;66;332;156;395;286;466;513;711;495
0,9980,10034,1,1,0,12,0,7;35;252;73;339;163;402;286;466;513;711;495
1,9976,10226,1,0,1,12,5,11;39;256;77;343;167;406;286;589;513;711;495
1,10080,10132,1,0,0,12,1,152;239;63;302;210;459;431;706;455;633;289;578
0,10080,10139,1,1,0,12,0,152;239;63;302;210;459;431;706;455;633;244;578
1,10044,10099,1,4,1,12,1,188;9;275;99;338;246;459;467;711;491;669;325
1,10012,10096,1,3,0,12,1,3;220;41;307;131;370;278;463;474;711;495;701
1,10134,10198,1,0,1,12,3,98;185;9;248;156;459;377;652;401;579;235;490
1,10132,10215,1,0,0,12,2,100;187;11;250;158;459;379;654;403;581;237;526
1,10098,10187,1,0,0,12,4,134;221;45;284;192;459;413;688;437;615;244;560
1,10085,10163,1,1,0,12,1,147;234;58;297;205;459;426;701;450;628;244;573
1,10158,10367,1,1,1,11,5,74;161;224;132;459;353;628;377;555;211;489
0,10196,10248,1,0,0,11,0,36;123;186;94;459;315;590;339;425;173;462
1,10153,10226,1,0,1,11,2,79;166;229;137;459;358;633;382;560;216;490
1,10153,10238,1,1,0,11,1,79;166;229;137;459;358;633;382;560;216;489
1,10231,10479,1,1,1,14,8,1;88;151;59;446;280;553;304;421;138;427;1071;716;1139
1,10265,10331,1,1,0,13,2,54;117;25;412;246;521;270;421;104;393;1037;546;1105
1,10203,10292,1,0,0,13,2,29;116;179;87;459;308;583;332;425;166;455;1099;744
1,10225,10283,1,0,0,14,3,7;94;157;65;452;286;561;310;421;144;433;1077;722;1145
1,10307,10571,1,0,1,13,7,12;75;370;204;479;228;352;62;351;995;546;1063;694
0,10314,10370,1,1,0,13,0,5;68;363;197;472;221;352;55;344;988;546;1011;694
1,10277,10354,1,0,0,13,2,42;105;13;400;234;509;258;352;92;381;1025;546;1093
1,10287,10569,1,0,0,14,7,32;95;3;390;224;499;248;352;82;371;1015;546;1083;824
1,10331,10603,1,0,1,13,8,51;346;180;455;204;352;38;327;843;542;1011;694;804
1,10353,10435,1,0,0,14,2,29;324;158;433;182;352;16;305;843;542;1011;694;612;1038
1,10314,10539,1,0,0,13,5,5;68;363;197;472;221;352;55;344;988;546;1011;694
1,10319,10400,1,1,1,13,3,0;63;358;192;467;216;352;50;339;843;546;1011;694
1,10439,10491,1,1,0,14,1,238;72;347;89;274;219;818;508;931;549;578;748;644;108
1,10452,10717,1,1,0,14,10,225;59;334;83;261;206;818;495;918;549;578;748;644;95
1,10467,10533,1,1,0,14,3,210;44;319;68;246;191;818;480;903;549;578;731;633;95
1,10476,10553,1,1,0,14,2,201;35;310;59;237;182;818;471;894;549;578;731;612;95
1,10404,10488,1,0,1,14,4,273;107;382;89;309;254;843;542;966;575;578;748;644;342
1,10417,10711,1,1,1,14,10,260;94;369;89;296;241;843;530;953;566;578;748;644;329
1,10420,10501,1,1,0,14,4,257;91;366;89;293;238;843;527;950;566;578;748;644;108
1,10424,10636,1,1,1,14,3,253;87;362;89;289;234;843;523;946;549;578;748;644;108
1,10388,10440,1,0,1,13,4,289;123;387;138;325;270;843;542;982;575;578;748;712
1,10390,10463,1,1,0,13,4,287;121;387;138;323;268;843;542;980;575;578;748;674
1,10400,10456,1,1,0,14,2,277;111;386;135;313;258;843;542;970;575;578;748;644;346
0,10404,10473,1,1,0,14,0,273;107;382;89;309;254;843;542;966;566;578;748;644;342
1,10367,10585,1,1,0,15,7,15;310;144;387;168;346;2;291;843;542;1003;694;612;1024;733
1,10368,10650,1,0,1,15,8,14;309;143;387;167;345;1;290;843;542;1002;694;578;1023;732
1,10376,10577,1,0,1,14,5,6;301;135;387;159;337;282;843;542;994;694;578;748;724
1,10377,10436,1,0,0,14,3,5;300;134;387;158;336;281;843;542;993;575;578;748;723
1,10636,10699,1,1,0,14,3,41;150;77;22;666;311;734;475;322;731;464;95;453;509
1,10605,10660,1,0,0,13,2,72;168;105;53;697;342;750;506;322;731;495;95;484
1,10655,10919,1,0,1,16,7,22;131;58;3;647;292;715;456;322;731;445;72;434;449;683;910
1,10647,10725,1,1,0,15,4,30;139;66;11;655;300;723;464;322;731;453;95;442;449;691
1,10593,10663,1,0,1,13,4,84;193;105;65;709;354;777;518;485;731;507;95;496
1,10574,10624,1,0,0,13,2,103;212;112;84;724;373;796;537;485;731;526;95;515
1,10603,10855,1,1,1,13,6,74;168;105;55;699;344;750;508;485;731;497;95;486
1,10593,10657,1,1,0,13,2,84;193;105;65;709;354;750;518;485;731;507;95;496
1,10559,10637,1,0,0,13,2,118;227;154;99;743;388;811;549;568;731;541;95;530
1,10557,10632,1,0,0,13,3,120;229;156;101;745;390;813;549;578;731;543;95;532
1,10573,10623,1,0,0,13,2,104;213;140;85;724;374;797;538;485;731;527;95;516
1,10564,10652,1,1,0,13,3,113;222;149;94;724;383;806;547;568;731;536;95;525
1,10487,10548,1,0,0,14,3,190;24;299;48;226;171;815;460;883;549;578;731;607;95
1,10476,10554,1,0,0,14,3,201;35;310;59;237;182;818;461;894;549;578;731;612;95
1,10526,10615,1,1,0,14,2,151;260;9;187;132;776;421;844;549;578;731;574;95;563
1,10499,10582,1,1,0,14,2,178;12;287;36;214;159;803;448;871;549;578;731;601;95
1,10861,10913,1,1,0,14,2,441;86;509;250;274;530;239;228;284;477;585;496;576;500
1,10894,11142,1,0,1,15,9,408;53;476;217;241;497;206;195;251;444;585;463;543;467;747
1,10830,10887,1,0,0,13,2,472;117;540;281;305;537;270;259;315;508;585;527;607
1,10841,10911,1,0,0,14,2,457;106;529;270;294;537;259;248;304;497;585;516;596;520
1,10789,11041,1,1,1,12,8,513;158;581;322;322;602;311;300;356;538;753;568
1,10789,10863,1,0,0,12,1,513;158;581;322;322;602;311;300;356;538;585;568
1,10773,10838,1,0,0,13,3,13;528;174;597;338;322;614;327;316;372;538;792;584
1,10775,10848,1,1,1,13,3,11;527;172;595;336;322;614;325;314;370;538;790;582
1,10755,10830,1,0,0,12,2,31;547;192;615;356;322;636;345;334;382;538;810
1,10765,10851,1,0,0,13,4,21;528;182;605;346;322;626;335;324;380;538;800;592
1,10722,10798,1,0,0,13,2,64;580;225;648;389;322;669;378;24;367;423;538;836
1,10727,10812,1,1,0,13,2,59;575;220;643;384;322;664;373;19;362;410;538;836
1,10665,10732,1,0,0,15,2,12;121;48;627;282;705;446;322;726;435;72;424;449;538;836
1,10694,10775,1,1,0,14,4,92;19;608;253;676;417;322;697;406;52;395;449;538;836
1,10655,10869,1,0,0,16,9,22;131;58;3;647;292;715;456;322;731;445;72;434;449;538;910
1,10656,10718,1,0,0,16,1,21;130;57;2;646;291;714;455;322;731;444;72;433;449;538;836
1,11135,11212,1,0,0,18,1,167;235;0;256;10;203;430;222;302;226;506;368;457;336;389;389;328;805
1,11099,11380,1,0,1,18,11,203;271;12;36;292;1;46;239;466;258;338;262;542;404;457;372;425;636
1,11062,11117,1,0,0,18,2,240;308;49;73;329;38;27;83;276;503;295;375;299;563;441;457;409;462
1,11023,11098,1,1,0,18,3,279;347;88;112;368;77;66;122;315;542;334;414;338;563;450;457;448;501
1,10991,11055,1,0,0,17,3,311;379;120;144;400;109;98;154;347;566;365;446;370;563;463;457;480
1,10981,11042,1,0,1,16,3,321;389;130;154;410;119;108;164;357;566;365;456;380;563;522;457
1,10975,11219,1,1,0,16,8,327;390;136;155;416;125;114;170;363;566;365;462;386;563;528;656
1,10968,11215,1,1,1,15,8,334;390;143;155;423;132;121;177;370;566;365;469;393;673;535
1,10961,11012,1,1,0,15,2,341;409;150;155;430;139;128;184;377;566;365;473;400;680;542
1,10954,11042,1,0,0,15,2,348;416;157;178;437;146;135;191;384;566;365;473;407;687;549
1,10947,11016,1,1,0,16,2,355;0;423;164;178;444;153;142;198;391;566;382;473;414;694;556
1,10945,11002,1,1,0,16,2,357;2;425;166;190;446;155;144;200;393;566;382;473;416;696;558
1,10934,11005,1,0,0,16,3,359;13;436;177;201;457;166;155;211;404;566;382;503;427;707;569
1,10925,10996,1,1,0,16,2,377;22;445;186;210;466;175;164;220;413;566;382;512;436;716;578
1,10918,10980,1,0,0,15,2,384;29;452;193;217;473;182;171;227;420;566;439;519;443;723
1,10895,11125,1,0,1,15,8,407;52;475;216;240;496;205;194;250;443;585;462;542;466;746
1,11250,11309,1,0,0,17,3,52;120;141;85;315;107;187;111;391;253;381;221;274;389;213;529;591
1,11264,11333,1,0,0,17,3,38;106;127;74;301;93;173;97;377;239;367;207;260;389;199;529;577
1,11266,11529,1,0,1,17,9,36;104;125;62;299;91;171;95;375;237;365;205;258;389;197;529;575
1,11279,11337,1,0,0,17,3,23;91;112;59;286;78;158;82;362;224;352;192;245;389;184;529;347
1,11287,11370,1,0,0,17,5,15;83;104;51;278;70;150;74;353;216;344;184;237;389;176;529;347
1,11288,11363,1,0,0,17,3,14;82;103;50;277;69;149;73;353;215;343;120;236;389;175;529;347
0,11295,11358,1,0,0,17,0,7;75;96;43;270;62;142;66;346;180;336;120;229;389;168;529;347
1,11322,11589,1,0,0,16,4,48;69;16;243;35;115;39;319;180;309;120;202;389;141;529;347
1,11151,11212,1,0,0,16,2,151;219;240;187;414;206;286;178;490;352;457;320;373;389;312;789
1,11161,11240,1,0,0,16,4,141;198;230;177;404;196;276;178;480;342;457;310;363;389;302;779
1,11165,11253,1,0,0,16,1,137;198;226;173;392;192;272;178;476;338;457;306;359;389;298;775
0,11176,11227,1,0,0,16,0,123;194;215;162;389;181;261;178;465;327;455;295;348;389;287;764
0,11200,11289,1,1,0,16,0,102;170;191;138;365;157;237;161;441;303;431;271;324;389;263;740
1,11209,11447,1,1,1,16,10,93;161;182;129;356;148;228;152;432;294;422;262;315;389;254;731
1,11220,11283,1,0,0,16,3,82;150;171;118;345;137;217;141;421;283;411;251;304;389;243;529
1,11246,11320,1,0,0,17,3,56;124;145;92;319;111;191;115;395;257;385;225;278;389;217;529;595
1,11466,11525,1,1,0,14,3,99;175;37;165;5;58;163;382;347;506;922;580;813;490
1,11448,11654,1,1,1,11,3,117;193;55;181;23;76;163;15;382;347;508
1,11491,11697,1,1,1,13,7,74;150;12;140;33;163;382;347;506;897;555;788;465
0,11468,11535,1,1,0,14,0,97;173;35;142;3;56;163;382;347;506;920;578;811;488
1,11524,11593,1,1,0,13,4,41;117;107;0;163;382;317;506;864;522;710;432;849
1,11513,11755,1,1,0,12,7,52;128;118;11;163;382;328;506;875;533;766;443
1,11642,11937,1,0,1,13,9,93;298;199;451;746;404;637;314;731;666;405;800;424
1,11565,11627,1,1,1,12,5,0;76;66;163;375;276;506;823;481;710;387;808
1,11345,11642,1,0,1,15,5,25;46;220;12;92;16;296;158;286;120;179;389;118;382;347
1,11345,11603,1,1,0,15,5,25;46;220;12;92;16;296;158;286;120;179;255;118;382;347
1,11364,11423,1,1,0,13,5,6;27;201;73;277;139;267;107;160;224;99;382;347
0,11347,11417,1,1,0,15,0,23;44;218;10;90;14;294;156;284;120;177;224;116;382;347
1,11394,11595,1,0,0,12,4,171;43;247;109;237;77;130;165;69;382;347;699
0,11389,11475,1,1,0,12,0,2;176;48;252;114;242;82;135;165;74;382;347
1,11446,11519,1,1,1,11,4,119;195;57;185;25;78;163;17;382;347;508
1,11414,11658,1,0,0,12,3,151;23;227;89;217;57;110;165;49;382;347;508
1,11728,11805,1,0,0,14,7,7;212;113;365;646;318;551;228;538;546;319;641;332;1111
1,11760,11836,1,0,0,13,2,180;81;333;628;286;519;196;538;546;287;641;306;1098
0,11727,11793,1,0,0,14,0,8;213;114;366;646;319;551;229;538;546;320;641;332;1145
1,11727,11795,1,0,0,14,7,8;213;114;366;646;319;551;229;538;546;320;641;332;1145
1,11807,11878,1,0,0,13,7,133;34;286;581;239;472;149;538;501;240;635;259;1053
1,11815,11884,1,1,0,13,2,125;26;278;573;231;464;141;538;493;232;627;251;1010
0,11762,11842,1,1,0,13,0,174;79;331;626;284;517;194;538;546;285;641;304;1098
1,11787,11870,1,0,0,13,5,153;54;306;601;259;492;169;538;521;260;641;279;1085
1,11664,11732,1,0,1,13,6,71;276;177;429;678;382;615;292;538;644;383;641;402
1,11682,11761,1,0,0,13,4,53;258;159;411;678;364;597;274;538;626;365;641;384
1,11659,11732,1,0,1,13,6,76;281;182;434;729;387;620;297;714;649;388;641;407
1,11659,11930,1,0,1,13,7,76;281;182;434;678;387;620;297;714;649;388;641;407
1,11712,11795,1,0,1,13,6,23;228;129;381;676;334;551;244;538;596;335;641;332
1,11723,11777,1,0,0,13,1,12;217;118;370;646;323;551;233;538;585;324;641;332
1,11693,11763,1,0,0,13,1,42;247;148;400;678;353;551;263;538;615;354;641;373
0,11695,11761,1,0,0,13,0,40;245;146;398;678;351;551;261;538;613;352;641;332
1,11962,12042,1,0,1,13,5,104;426;84;317;411;346;85;468;104;910;497;591;539
1,11960,12213,1,0,1,13,7,133;428;86;319;413;348;87;468;106;912;499;593;541
1,11959,12031,1,0,0,13,2,134;429;87;320;414;349;88;482;107;913;500;594;542
1,11939,12001,1,0,1,15,5,1;154;449;107;340;17;434;369;108;482;127;927;520;614;562
1,11995,12078,1,0,0,13,1,87;393;51;284;378;313;52;447;71;877;464;492;325
1,11990,12190,1,0,0,13,5,87;398;54;289;383;318;57;452;76;882;469;492;511
1,11977,12051,1,0,0,13,1,87;411;69;302;396;331;70;465;89;895;482;576;524
1,11977,12204,1,1,0,13,8,87;411;54;302;396;331;70;465;89;895;482;576;524
1,11860,11928,1,1,1,14,6,80;233;528;186;419;96;493;448;187;582;206;1010;599;693
1,11823,11883,1,0,0,13,1,90;18;270;565;223;456;133;523;485;224;619;243;1010
1,11818,12023,1,0,0,13,3,122;23;275;570;228;461;138;523;490;229;620;248;1010
1,11815,11899,1,0,0,13,1,125;26;278;573;231;464;141;538;493;232;620;251;1010
1,11933,12021,1,1,0,15,2,7;160;455;113;346;23;440;375;114;509;133;927;526;620;568
1,11917,11980,1,0,0,15,5,23;176;471;129;362;39;456;391;130;525;149;955;542;636;584
1,11872,11941,1,0,0,14,2,57;221;516;174;373;84;493;436;175;570;194;1000;587;681
1,11866,11942,1,0,0,14,2,74;227;522;180;373;90;493;442;181;576;200;1006;593;687
283
0,98,0.00,1
0,486,268.24,5
0,312,45.69,3
0,335,154.79,3
431,1456,217.75,10
385,1176,41.60,11
351,1252,122.43,11
324,615,0.00,9
316,1310,436.50,11
303,761,146.80,11
290,881,159.42,10
239,1151,316.95,9
210,879,0.00,11
208,824,27.63,10
198,802,161.82,8
132,966,179.22,9
0,189,0.00,4
0,462,67.31,7
0,174,143.26,2
0,138,0.00,2
4372,5325,399.46,9
4319,5164,466.72,10
4655,5389,155.32,9
4423,5355,192.13,11
4247,4526,0.00,8
4216,5041,150.06,9
4296,5117,255.94,10
4254,5112,196.87,10
5015,5863,299.36,11
4977,5629,145.83,10
5036,5584,0.00,10
5016,5910,53.11,9
4803,5459,59.11,11
4727,5081,0.00,8
4921,5919,554.19,9
4901,5673,182.51,9
5250,6014,157.74,11
5335,6132,217.78,9
5338,6090,200.12,9
5341,5731,54.98,10
5099,5806,52.58,10
5167,6112,220.21,8
5211,6031,380.77,10
5216,5908,198.63,10
5702,6467,95.14,9
5708,6345,285.74,10
5797,6646,392.89,9
5946,6478,240.66,10
5459,6271,317.22,10
5523,6411,211.95,10
5552,6003,0.00,8
5676,6356,334.82,9
6275,7299,139.04,10
6265,6659,67.62,11
6238,6978,26.28,10
6151,6720,130.75,8
6095,6600,0.00,9
5983,6438,0.00,9
5978,6870,279.46,10
5953,6644,319.33,9
6542,7472,15.00,10
6485,7325,372.86,9
6470,6946,111.89,8
6414,7266,173.30,11
6383,7506,341.44,11
6366,7061,213.26,8
6357,7326,188.00,8
6282,7138,0.00,10
6884,7717,149.16,11
6907,7377,0.00,10
6717,7466,339.36,11
6815,7560,105.60,10
6655,7427,52.42,11
6656,7243,71.38,10
6561,7412,139.76,9
6584,7159,146.06,10
7481,8238,230.98,8
7539,8386,142.54,10
7335,8105,287.31,9
7400,8137,299.05,11
7149,7886,227.64,11
7249,8079,315.39,9
7016,7777,340.78,11
7094,7935,238.75,10
498,1244,100.60,11
466,1104,222.43,9
580,1246,68.74,9
528,1421,214.92,8
611,1304,101.43,11
584,1478,437.10,9
642,1632,234.42,11
615,1213,0.00,9
868,1281,37.52,10
761,1661,369.13,9
1233,2066,168.20,10
1047,1963,325.12,8
1321,2056,288.14,10
1282,2113,355.22,8
1428,2011,0.00,10
1350,1952,304.19,11
1436,2563,458.71,9
1554,2499,296.26,9
1595,1894,0.00,9
1671,2635,310.00,9
1764,2396,220.47,9
1767,2404,0.00,8
1850,2643,358.97,9
1960,2549,271.97,10
2094,2744,0.00,10
2150,2926,223.44,9
2165,3133,604.32,11
2182,3126,61.19,10
2259,3098,205.36,8
2272,2836,0.00,9
2327,2940,0.00,11
2332,2947,37.88,9
2566,3212,155.12,10
2450,3338,538.95,11
2433,2843,0.00,11
2406,3004,0.00,10
2928,3731,544.31,8
2893,3534,296.14,9
2766,3200,97.50,11
2765,3366,419.49,8
3316,4472,391.99,9
3308,4221,215.19,8
3138,3511,0.00,8
2946,3444,292.44,11
3481,3901,30.17,11
3474,4166,323.54,8
3433,4163,128.42,11
3412,4164,60.42,8
3585,4260,138.83,11
3624,4055,0.00,8
3512,4201,144.92,9
3563,4188,60.44,8
3851,4748,191.68,10
3880,4302,0.00,9
3801,4455,116.07,10
3826,4625,201.49,8
4009,5022,568.08,11
4063,4951,287.94,8
3916,4473,339.06,9
3949,4791,5.63,8
4191,4681,85.73,9
4198,4838,0.00,8
4108,4711,110.09,9
4183,4804,96.32,8
12713,13534,396.30,11
12661,13363,62.23,10
12650,13431,333.74,10
12627,13462,187.20,10
12423,13068,291.98,10
12399,13113,475.76,10
12364,13172,97.57,8
12351,13165,258.98,9
12346,13152,174.73,11
12309,13264,71.15,9
12270,12950,158.46,9
12253,12837,136.51,10
12249,12704,0.00,8
12017,13110,236.54,9
11881,12501,272.79,8
11854,12459,0.00,8
11725,12872,444.64,9
11854,12553,152.18,11
11627,12442,252.60,11
11630,12066,41.49,11
11569,12308,49.85,8
11625,12047,0.00,11
11465,11956,45.69,8
11522,12373,255.85,10
11455,12046,15.36,9
11455,12279,164.67,9
11390,12093,239.92,11
11449,12388,168.97,9
11125,11940,405.91,11
11238,11841,246.56,10
11070,11735,473.71,8
11109,11463,0.00,10
14207,14810,327.16,8
14034,14718,239.53,9
14278,15142,283.13,8
14267,14895,67.45,8
13876,14267,0.00,9
13864,14400,252.69,11
14012,14534,71.53,9
13907,14743,292.65,11
13670,14224,60.95,11
13659,14293,208.24,11
13851,14512,262.79,10
13799,14076,0.00,9
13475,14457,469.27,8
13471,14204,283.96,8
13613,14490,330.23,9
13548,14325,87.04,10
13295,13820,0.00,9
13307,14145,213.14,11
13346,13660,0.00,10
13349,14088,289.07,10
13125,14035,123.46,8
13186,13853,0.00,8
13217,13891,72.49,9
13288,14266,183.03,10
12993,13489,0.00,10
13074,13755,77.17,8
13090,13722,66.17,9
13110,13914,93.63,10
12831,13230,0.00,8
12876,13586,120.58,9
12908,13655,377.19,9
12993,13586,23.33,11
9166,10015,51.89,11
9065,9987,165.37,10
9040,9800,258.96,10
9031,9751,213.78,10
9418,10232,23.66,11
9305,9965,176.38,9
9181,9855,87.07,10
9169,9823,183.07,11
8889,9528,0.00,11
8817,9925,375.60,8
8751,9424,144.28,11
8496,9599,526.29,10
9010,9277,60.03,10
8980,9666,77.41,11
8901,9636,0.00,11
8900,9566,146.37,9
8068,8582,71.97,10
8084,8702,203.59,11
7993,8644,167.69,9
8017,8950,389.71,10
8426,8781,0.00,8
8492,9164,339.08,10
8118,8934,454.19,10
8176,8854,453.35,10
7701,8227,0.00,11
7707,8617,245.05,8
7600,8443,131.35,10
7656,8665,470.87,9
7871,8781,707.03,11
7917,8722,0.00,10
7797,8252,0.00,11
7843,8423,88.47,9
10819,11437,30.82,10
10758,11357,74.97,9
10867,11641,137.39,8
10833,11361,48.88,11
10969,11631,226.71,9
10921,11503,132.02,10
11002,11524,0.00,10
10991,11471,64.03,8
10349,11391,373.75,10
10327,11135,537.46,10
10398,10746,257.53,11
10365,11100,117.59,8
10617,11145,101.74,9
10516,11089,0.00,10
10652,11565,344.89,8
10637,11338,179.04,10
9883,10535,208.85,11
9998,10713,283.28,10
10015,10369,49.35,10
10046,10658,37.50,11
10201,11302,277.91,8
10202,10947,185.03,10
10211,11370,141.57,9
10279,11111,275.26,11
9432,10053,77.71,9
9486,10319,172.08,9
9581,10143,75.79,10
9640,10382,0.00,11
9702,10290,286.25,11
9732,10677,389.01,11
9757,10511,101.21,9
9860,10786,326.71,8
14373,15024,137.90,8
14366,15083,204.89,9
14364,14999,290.54,10
14326,15286,101.65,10
14551,15072,43.58,11
14468,15059,153.22,10
14414,15090,0.00,9
