1004
1,13883,13951,1,0,0,14,3,219;1;178;438;215;277;619;566;1075;686;546;755;603;621
0,13918,13984,1,0,0,14,0,184;178;403;180;242;584;531;1040;651;511;720;568;586;539
0,13925,13981,1,0,0,14,0,177;178;396;173;235;577;524;1033;644;504;713;561;579;532
0,13938,14012,1,0,0,14,0,164;178;383;160;222;564;511;1020;631;491;700;548;566;519
0,13942,14013,1,0,0,14,0,160;174;379;156;218;560;507;1016;627;487;696;544;562;515
1,13948,14157,1,1,0,14,5,154;168;373;150;212;554;501;1010;621;481;690;538;556;509
0,13948,14011,1,0,0,14,0,154;168;297;150;212;554;501;1010;621;481;690;538;556;509
1,13976,14028,1,1,0,14,2,126;140;297;122;184;526;473;982;593;453;662;510;528;481
1,13778,13851,1,0,0,11,2,34;324;106;202;543;320;382;706;671;1180;791
1,13790,13865,1,0,0,11,2,22;312;94;202;531;304;370;706;659;1168;779
1,13805,13876,1,0,0,13,3,7;297;79;202;516;293;355;697;644;1153;764;624;833
1,13813,14051,1,0,0,13,6,289;61;202;508;285;347;689;636;1145;756;616;825;673
1,13834,14048,1,0,0,13,6,268;50;202;487;264;326;668;615;1124;735;579;804;652
0,13848,13909,1,1,0,14,0,254;36;202;473;240;312;654;601;1110;721;579;790;638;656
1,13852,14088,1,0,0,14,5,250;32;202;469;240;308;650;597;1106;717;577;786;634;652
0,13857,13910,1,0,0,14,0,245;27;178;464;240;303;645;592;1101;712;572;781;629;647
1,13585,13670,1,1,0,9,3,61;227;517;299;531;736;512;575;917
1,13583,13799,1,0,0,9,7,63;229;519;301;533;738;515;577;919
1,13653,13720,1,0,0,8,3,159;449;231;463;668;445;507;849
0,13630,13717,1,0,0,9,0,16;182;472;254;486;691;468;530;872
1,13761,13836,1,0,0,11,2,51;341;123;355;560;337;399;741;688;1197;808
1,13720,13797,1,0,0,8,4,92;382;164;396;601;378;440;782
1,13768,13834,1,0,0,11,2,44;334;116;348;553;330;392;706;681;1190;801
1,13768,14042,1,0,0,11,6,44;334;116;348;553;321;392;706;681;1190;801
1,13538,13611,1,0,0,10,1,21;108;31;274;564;346;33;578;783;560
1,13528,13614,1,0,0,10,2,31;109;41;284;574;356;43;588;793;570
1,13538,13623,1,0,0,10,4,21;108;31;274;564;346;8;578;783;560
1,13538,13612,1,0,0,10,3,21;108;31;274;564;335;8;578;783;560
1,13548,13769,1,0,0,10,2,11;98;21;264;554;302;2;568;773;550
1,13542,13627,1,0,0,10,1,17;104;27;270;560;302;8;574;779;556
1,13571,13821,1,0,0,10,7,75;241;531;302;0;545;750;527;589;931
0,13561,13647,1,0,0,10,0,85;8;251;541;302;1;555;760;537;599
1,13434,13513,1,0,0,10,1,125;212;121;378;668;435;82;682;887;664
1,13451,13672,1,1,0,10,6,108;195;118;361;651;433;77;665;870;647
1,13418,13494,1,0,0,10,1,141;228;151;394;684;435;108;698;903;680
1,13423,13510,1,0,0,10,2,136;223;146;389;679;435;82;693;898;675
1,13517,13578,1,0,0,10,2,42;129;52;295;585;367;54;599;804;581
1,13520,13599,1,0,0,10,2,39;109;49;292;582;364;51;596;801;578
0,13472,13549,1,0,0,10,0,87;174;97;340;630;412;77;644;849;626
1,13498,13551,1,0,0,10,1,61;148;71;314;604;386;73;618;823;600
1,13319,13583,1,0,0,9,3,15;240;327;250;493;761;565;252;797
0,13349,13416,1,0,0,8,0,210;297;220;463;753;535;108;767
0,13301,13358,1,0,0,9,0,18;258;345;268;511;787;583;270;815
1,13301,13381,1,1,0,9,1,18;258;345;268;511;787;583;270;815
0,13388,13459,1,0,0,8,0,171;258;181;424;714;464;108;728
1,13403,13483,1,0,0,10,3,156;243;166;409;699;464;108;713;918;695
0,13357,13415,1,0,0,8,0,202;289;212;455;745;527;108;759
1,13371,13428,1,0,0,8,1,188;275;198;441;731;513;108;745
1,13268,13526,1,1,0,8,5,66;291;378;301;544;811;616;303
1,13257,13328,1,0,0,8,1,77;302;389;312;555;845;627;314
1,13226,13524,1,0,0,7,5,108;333;420;343;586;851;658
1,13223,13307,1,0,0,7,1,111;336;423;346;589;855;661
1,13300,13351,1,0,0,9,1,28;259;346;269;512;787;584;271;816
1,13275,13338,1,1,0,8,3,59;284;354;294;537;787;609;296
1,13274,13494,1,0,0,8,3,60;285;354;295;538;805;610;297
1,13272,13342,1,0,0,8,1,62;287;354;297;540;811;612;299
1,13163,13218,1,0,0,7,1,171;17;350;483;372;649;939
1,13150,13227,1,0,0,6,2,184;30;409;491;372;662
1,13144,13231,1,0,0,6,2,190;36;415;491;425;668
0,13132,13195,1,1,0,6,0,202;48;427;506;437;680
1,13207,13436,1,0,0,7,3,114;350;439;362;605;882;677
1,13194,13268,1,0,0,7,1,114;350;452;372;618;908;690
1,13164,13398,1,0,0,7,1,133;16;350;482;372;648;938
1,13164,13246,1,0,0,7,2,133;16;350;482;372;648;910
1,13063,13327,1,0,0,6,5,5;271;117;496;583;506
0,13089,13150,1,0,0,7,0,5;245;91;470;557;480;723
1,13131,13218,1,0,0,6,1,203;49;428;515;438;681
1,13132,13430,1,0,0,6,5,202;48;427;506;437;680
0,12980,13047,1,0,0,8,0,149;354;75;200;5;579;643;589
1,12985,13273,1,1,0,8,5,144;349;70;195;0;574;643;584
1,13021,13287,1,0,0,7,2,108;313;34;159;538;625;548
0,13022,13090,1,0,0,7,0,5;312;33;158;537;624;547
0,12936,12996,1,1,0,7,0,193;386;119;244;49;37;623
0,12941,12991,1,0,0,7,0,188;386;114;239;44;32;618
1,12947,13033,1,0,0,8,1,182;386;108;233;38;26;612;699
1,12977,13047,1,1,0,8,2,152;357;78;203;8;582;669;592
1,12904,12969,1,0,0,9,1,225;403;17;13;151;276;68;69;655
1,12912,12989,1,0,0,9,1,217;402;9;5;143;268;68;61;647
0,12916,12988,1,1,0,9,0,213;386;5;1;139;264;68;57;643
0,12928,12993,1,0,0,7,0,201;386;127;252;57;45;631
1,12859,12927,1,0,0,11,2,270;22;403;62;58;35;196;321;90;114;700
1,12847,13080,1,0,0,11,2,282;34;403;74;70;47;199;333;103;126;712
1,12872,12938,1,0,0,11,1,246;3;403;49;45;22;183;308;90;101;687
1,12861,13063,1,0,0,11,5,246;20;403;60;56;33;194;319;90;112;698
0,12831,12903,1,0,0,11,0,298;50;403;90;86;63;199;349;154;142;728
0,12820,12883,1,1,0,11,0,309;61;403;101;97;74;199;360;160;153;739
1,12841,12930,1,0,0,11,1,288;40;403;80;76;53;199;339;144;132;718
1,12831,12911,1,0,0,11,4,298;50;403;90;86;63;199;349;154;142;728
1,12791,12879,1,0,0,11,1,338;83;543;130;126;103;254;389;160;182;768
1,12788,12870,1,0,0,11,1,341;83;546;133;129;106;254;392;197;185;771
1,12817,13111,1,0,0,11,4,312;64;517;104;100;77;199;363;160;156;742
1,12796,12858,1,1,0,11,1,333;83;538;125;121;98;222;384;160;177;763
1,12740,12791,1,0,0,12,1,389;141;594;181;177;154;32;39;273;440;245;233
1,12733,12790,1,0,0,13,1,396;2;148;601;188;184;161;39;46;289;447;252;240
1,12781,12849,1,0,0,11,3,348;92;553;140;136;113;254;399;204;192;778
1,12753,12808,1,0,0,13,2,376;128;581;168;164;141;19;26;254;427;232;220;806
1,12715,12930,1,0,0,13,4,414;20;166;619;206;202;179;57;64;338;465;270;258
1,12730,12955,1,0,0,13,7,399;5;151;604;191;187;164;42;49;325;450;255;243
1,12692,12763,1,0,0,14,1,437;43;189;642;229;225;202;80;11;87;362;488;293;281
1,12699,12927,1,0,0,14,5,430;36;182;635;222;218;195;73;4;80;353;481;286;274
1,12614,12669,1,0,0,14,1,515;121;267;720;307;303;280;154;89;165;362;566;371;359
1,12618,12707,1,1,0,14,2,511;117;263;716;303;299;246;154;85;161;362;562;367;355
1,12573,12798,1,1,0,14,8,556;162;308;761;348;344;321;170;130;206;362;607;412;400
1,12588,12648,1,0,0,14,1,541;147;293;746;333;329;306;154;115;191;362;592;397;385
1,12555,12624,1,1,0,16,1,17;574;7;180;326;779;366;362;322;170;148;224;500;625;430;418
1,12568,12835,1,0,0,15,9,4;561;167;313;766;353;349;322;170;135;211;487;612;417;405
1,12535,12587,1,0,0,16,1,37;594;27;200;346;799;386;382;322;237;168;244;520;645;450;438
1,12545,12833,1,0,0,16,11,27;584;17;190;336;789;376;372;322;227;158;234;510;635;436;428
0,12503,12562,1,0,0,16,0,69;626;59;203;378;831;418;414;363;269;200;276;552;677;465;470
1,12510,12598,1,0,0,16,3,62;619;52;203;371;824;411;407;363;262;193;269;545;670;465;463
1,12482,12545,1,1,0,17,3,0;90;647;80;203;399;852;439;435;412;290;221;297;573;698;465;491
1,12498,12554,1,0,0,16,2,74;631;64;203;383;836;423;419;396;274;205;281;557;682;465;475
1,12471,12538,1,0,0,19,1,8;11;1;101;658;91;264;410;863;450;446;423;301;232;308;584;709;465;502
1,12470,12524,1,0,0,19,2,9;12;2;102;659;92;265;411;864;451;447;424;302;233;309;585;710;515;503
1,12409,12661,1,0,0,18,13,70;73;63;163;720;153;326;472;925;512;508;485;363;294;370;646;771;576
1,12347,12401,1,1,0,18,1,132;135;50;125;225;782;215;349;534;987;574;570;510;425;356;432;708;833
1,12337,12581,1,0,0,18,13,142;145;60;135;235;792;225;367;544;997;584;580;510;435;366;442;718;843
1,12323,12394,1,0,0,19,1,4;156;159;74;149;249;806;239;369;558;1011;598;594;510;449;380;456;732;857
1,12321,12406,1,0,0,19,2,6;158;161;76;151;251;808;241;369;560;1013;600;596;573;451;382;458;734;859
0,12317,12371,1,0,0,17,0,10;162;165;80;155;255;812;245;369;564;1017;604;600;577;455;386;462
1,12308,12393,1,1,0,17,2,19;171;174;89;164;264;821;254;400;573;1026;613;609;586;464;395;471
1,12287,12339,1,0,0,16,1,40;192;195;110;185;285;842;275;430;594;1047;634;630;607;475;416
1,12282,12334,1,1,0,16,2,45;197;200;115;190;290;847;280;430;599;1052;639;635;612;490;421
1,12268,12332,1,1,0,16,1,59;211;214;129;204;304;861;294;467;613;1066;653;649;626;504;435
1,12243,12293,1,1,0,15,1,84;218;239;154;229;329;886;319;492;638;1091;678;674;651;529
1,12223,12427,1,0,0,15,9,15;104;256;259;174;249;349;906;339;493;658;1111;698;694;671
1,12220,12297,1,0,0,15,1,21;107;259;262;177;250;352;909;342;493;661;1114;701;697;674
1,12199,12263,1,1,0,15,1,5;42;128;280;283;198;273;373;930;363;493;682;1135;722;718
1,12020,12286,1,0,0,13,10,184;175;95;221;289;459;462;377;452;552;1109;542;715
1,12010,12064,1,0,0,12,1,194;185;105;231;317;469;472;387;462;562;1119;552
1,12038,12255,1,0,0,13,8,166;157;67;203;255;441;444;359;434;534;1091;524;697
1,12029,12267,1,0,0,13,10,175;166;86;212;255;450;453;368;443;543;1100;533;706
1,12052,12116,1,0,0,13,2,152;143;63;189;250;427;430;345;420;520;1077;510;683
0,12046,12105,1,0,0,13,0,158;149;67;195;250;433;436;351;426;526;1083;516;689
1,12074,12129,1,0,0,13,1,130;121;41;133;250;405;408;323;398;498;1055;488;661
1,12062,12308,1,0,0,13,5,142;133;53;154;250;417;420;335;410;510;1067;500;673
0,12110,12177,1,0,0,13,0,94;85;5;73;217;369;372;287;362;462;1019;452;515
1,12089,12353,1,1,0,13,6,115;106;26;73;238;390;393;308;383;483;1040;473;646
1,12141,12211,1,1,0,14,3,63;54;73;186;338;341;256;331;431;988;421;515;740;1193
0,12132,12193,1,0,0,13,0,72;63;73;195;347;350;265;340;440;997;430;515;749
1,12156,12211,1,1,0,14,1,48;39;73;171;323;326;241;293;416;973;406;500;725;1178
1,12153,12432,1,0,0,14,9,51;42;73;174;326;329;244;293;419;976;409;515;728;1181
1,12197,12250,1,1,0,15,1,7;44;130;282;285;200;275;375;932;365;500;684;1137;724;720
1,12181,12270,1,1,0,15,2,23;14;49;146;298;301;216;291;391;948;381;500;700;1153;740
1,11716,11768,1,0,0,12,1,151;488;223;211;256;479;357;525;215;605;763;766
1,11731,11975,1,1,0,12,6,136;473;208;196;241;464;357;510;192;596;748;751
1,11781,11869,1,0,0,13,1,86;423;158;146;191;414;334;460;150;546;698;701;616
1,11813,11867,1,0,0,13,1,54;391;126;114;159;382;302;428;118;514;666;669;584
1,11821,11907,1,0,0,13,2,46;383;82;106;151;374;294;420;110;506;658;661;576
1,11823,11883,1,0,0,13,4,44;381;82;104;149;324;292;418;108;504;656;659;574
1,11824,12091,1,0,0,13,9,37;380;82;103;148;324;291;417;107;503;655;658;573
1,11870,11958,1,0,0,12,3,334;69;57;102;324;245;371;61;457;609;612;527
1,11878,12102,1,0,0,12,6,310;61;49;94;317;237;363;53;449;601;604;519
1,11900,11980,1,0,0,12,1,304;39;27;72;295;215;327;31;427;579;582;497
1,11905,11988,1,0,0,12,2,299;34;22;67;290;210;323;26;422;574;577;492
1,11910,11975,1,0,0,12,1,294;29;17;62;285;184;323;21;417;569;572;487
1,11920,11997,1,0,0,13,1,284;19;7;52;275;184;296;11;407;559;562;477;552
0,11953,12021,1,0,0,12,0,251;19;242;162;288;374;526;529;444;519;619;1176
1,11963,12171,1,0,0,13,6,241;9;232;152;278;364;516;519;434;509;609;1166;599
1,12010,12073,1,1,0,12,1,194;185;105;231;309;469;472;387;462;562;1119;552
1,11544,11614,1,0,0,13,1,65;42;323;660;395;383;428;651;571;697;387;783;935
0,11520,11588,1,0,0,12,0,88;66;347;684;419;407;452;675;595;721;411;807
1,11494,11579,1,0,0,12,1,115;92;3;373;710;445;433;478;701;621;747;437
1,11466,11535,1,0,0,12,1,135;120;8;17;401;738;473;461;506;729;649;775
1,11615,11686,1,1,0,12,4,252;589;324;312;357;580;500;626;316;674;864;867
1,11592,11677,1,0,0,13,2,17;275;612;347;335;380;603;523;649;339;674;887;890
1,11571,11656,1,0,0,14,2,38;15;296;633;368;356;401;624;544;670;360;756;908;911
1,11557,11625,1,0,0,13,4,47;29;310;647;382;370;415;638;558;684;374;770;922
1,11647,11889,1,0,0,12,6,220;544;292;280;325;548;379;594;284;674;832;835
1,11643,11880,1,0,0,12,5,224;544;296;284;329;552;472;598;288;674;836;839
1,11625,11713,1,0,0,12,4,242;565;314;302;347;570;490;616;306;674;854;857
0,11616,11694,1,1,0,12,0,251;565;323;311;356;579;499;625;315;674;863;866
1,11701,11767,1,0,0,12,1,166;503;238;226;271;494;357;540;225;626;778;781
1,11700,11764,1,0,0,12,1,167;504;239;227;272;495;357;541;231;627;779;782
1,11649,11936,1,0,0,12,11,218;544;290;278;323;546;357;592;282;657;830;833
1,11648,11722,1,0,0,12,2,219;544;291;279;324;547;357;593;283;674;831;834
1,11315,11522,1,1,0,12,6,112;146;294;61;271;143;168;479;889;624;612;657
0,11317,11367,1,1,0,12,0,110;144;292;59;269;111;166;479;887;622;610;655
1,11266,11322,1,0,0,11,1,161;195;343;110;320;151;217;525;925;673;661
1,11304,11356,1,0,0,12,1,123;157;305;72;282;143;179;479;900;635;623;668
1,11347,11587,1,0,0,12,5,80;114;262;29;239;111;136;479;857;592;580;625
1,11362,11430,1,0,0,13,3,65;99;247;14;205;111;121;479;842;577;565;610;833
1,11324,11383,1,1,0,12,2,103;137;285;52;262;111;159;479;880;615;603;648
1,11328,11595,1,1,0,12,6,99;133;281;48;258;111;155;479;870;611;599;644
1,11407,11496,1,0,0,13,3,20;52;202;179;90;76;460;797;532;520;565;788;708
1,11413,11471,1,1,0,13,3,14;27;196;173;84;70;454;791;526;514;559;782;702
1,11363,11615,1,0,0,13,5,64;98;246;13;205;111;120;479;821;576;564;609;832
1,11400,11652,1,0,0,13,6,27;61;209;186;97;83;467;804;539;527;572;795;715
1,11435,11485,1,0,0,12,3,26;135;151;62;48;432;769;504;492;537;760;680
1,11449,11513,1,0,0,13,1,12;135;137;48;34;418;755;490;478;523;746;666;792
1,11415,11653,1,0,0,13,5,12;27;194;171;82;68;438;789;524;512;557;780;700
1,11420,11502,1,0,0,13,1,7;27;146;166;77;63;438;784;519;507;552;775;695
1,11178,11424,1,0,0,10,6,19;249;44;275;431;198;329;319;305;525
1,11176,11397,1,0,0,10,2,21;251;46;275;433;200;329;321;307;691
1,11203,11264,1,0,0,10,1,224;19;258;406;173;329;294;280;525;1001
0,11184,11248,1,0,0,10,0,13;243;38;263;425;192;329;313;299;525
0,11118,11205,1,0,0,9,0,79;309;104;343;491;258;468;379;365
0,11100,11178,1,0,0,9,0,97;327;122;361;509;276;486;397;383
1,11171,11398,1,1,0,10,5,26;256;51;290;438;205;415;326;312;696
1,11171,11416,1,0,0,10,7,26;256;51;290;438;205;329;326;312;696
1,11259,11323,1,0,0,11,2,168;202;350;117;327;151;224;525;931;680;668
1,11257,11334,1,0,0,11,2,170;204;352;119;329;151;226;525;947;682;670
1,11266,11535,1,0,0,11,6,161;195;343;110;320;151;217;479;925;673;661
0,11263,11348,1,0,0,11,0,164;198;346;113;323;151;220;525;925;676;664
0,11219,11275,1,0,0,11,0,208;3;242;390;157;329;278;264;525;960;720
0,11219,11277,1,0,0,11,0,208;3;242;390;157;329;278;264;525;960;720
0,11249,11321,1,0,0,11,0,178;212;360;127;329;151;234;525;955;690;678
1,11228,11440,1,0,0,11,3,199;233;381;148;329;269;255;525;960;711;699
0,10971,11040,1,0,0,9,0,79;167;456;251;480;638;405;615;526
1,10974,11026,1,1,0,9,1,76;167;453;248;480;635;402;612;523
1,10978,11262,1,2,0,9,7,72;127;449;244;480;631;398;608;519
1,10981,11050,1,1,0,9,2,69;127;446;171;480;628;395;605;516
1,10892,10948,1,0,0,9,1,158;169;535;330;569;709;484;686;605
1,10926,11182,1,1,0,9,4,124;169;501;296;535;667;450;660;571
1,10959,11175,1,1,0,9,6,91;167;468;263;502;650;417;627;538
0,10971,11057,1,0,0,9,0,79;167;456;251;480;638;405;615;526
0,11038,11100,1,0,0,9,0,12;103;389;171;423;571;338;548;459
0,11046,11099,1,0,0,9,0,4;103;381;171;415;563;330;540;451
1,11050,11119,1,1,0,9,1,0;103;377;171;411;559;326;536;447
0,11076,11140,1,1,0,8,0,103;351;146;385;533;300;510;421
1,10990,11274,1,5,0,9,4,60;127;437;171;455;619;386;596;507
0,11001,11067,1,1,0,9,0,49;103;426;171;455;608;375;585;496
0,11012,11081,1,1,0,9,0,38;103;415;171;449;597;364;574;485
0,11015,11073,1,1,0,9,0,35;103;412;171;446;594;361;571;482
1,10783,10855,1,0,0,8,1,19;267;414;644;439;678;807;593
1,10747,10824,1,0,0,7,1,55;303;437;680;475;714;862
1,10737,10788,1,0,0,7,1,65;313;460;690;485;724;872
0,10735,10790,1,0,0,7,0,67;315;462;692;487;726;874
0,10733,10804,1,0,0,7,0,69;317;464;694;489;728;876
0,10704,10763,1,0,0,7,0,98;346;491;723;518;757;905
1,10687,10906,1,0,0,7,5,115;363;510;740;535;774;922
0,10686,10891,1,0,0,7,0,116;364;511;741;536;775;923
1,10867,11116,1,0,0,9,4,183;169;560;355;586;709;509;686;630
1,10865,10916,1,0,0,9,1,185;169;562;357;586;744;511;721;632
1,10865,11154,1,0,0,9,3,185;169;562;357;586;709;511;721;632
0,10864,10928,1,0,0,9,0,186;169;563;358;586;745;512;722;633
1,10854,10921,1,0,0,8,1,196;169;573;368;607;755;522;732
0,10821,10873,1,1,0,8,0,229;169;606;401;611;788;555;765
0,10813,10873,1,1,0,8,0,237;169;614;409;611;796;563;773
1,10797,11051,1,0,0,8,2,5;253;400;630;425;611;807;579
0,10479,10556,1,1,0,8,0,323;571;718;55;77;935;743;982
1,10542,10621,1,0,0,8,2,260;508;655;55;14;885;680;919
1,10448,10533,1,1,0,7,1,354;602;749;88;108;979;774
1,10462,10545,1,0,0,7,3,340;588;735;55;94;965;760
1,10441,10517,1,0,0,7,1,361;609;756;218;115;986;781
1,10442,10708,1,1,0,7,3,360;608;755;191;114;985;780
0,10424,10508,1,0,0,6,0,378;626;773;218;132;1003
0,10440,10492,1,0,0,7,0,362;610;757;218;116;987;782
0,10672,10751,1,0,0,7,0,130;378;525;755;550;789;937
0,10676,10747,1,0,0,7,0,126;374;521;751;546;785;933
1,10604,10680,1,0,0,7,1,198;446;593;31;823;618;857
0,10614,10679,1,1,0,7,0,188;436;583;17;813;608;847
1,10578,10870,1,0,0,7,5,224;472;619;55;849;644;883
0,10593,10662,1,1,0,7,0,209;457;604;31;834;629;868
0,10542,10593,1,0,0,8,0,260;508;655;55;14;885;655;919
0,10547,10613,1,1,0,8,0,255;503;650;55;9;880;655;914
1,14543,14830,1,1,0,13,9,415;26;95;314;457;556;164;368;658;369;881;621;522
1,14543,14604,1,0,0,13,2,415;26;95;314;457;556;164;368;658;369;788;621;522
1,14487,14568,1,1,0,13,1,15;471;82;121;17;370;513;612;220;424;714;425;937
1,14504,14555,1,1,0,12,1,454;65;121;0;353;496;595;176;407;697;408;920
0,14474,14526,1,1,0,14,0,28;484;95;140;12;30;383;526;617;233;437;727;438;950
1,14479,14562,1,0,0,14,4,23;479;90;140;7;25;378;521;617;228;432;722;433;945
1,14443,14524,1,1,0,15,2,59;6;515;126;165;43;61;14;414;557;656;264;468;758;469
1,14458,14524,1,0,0,13,4,44;500;111;165;28;46;399;542;617;249;453;743;454
1,14700,14956,1,1,0,15,13,258;157;300;399;7;211;501;212;724;464;365;929;529;160;722
1,14704,14956,1,0,0,15,13,254;153;296;374;3;207;497;208;720;460;361;925;525;156;718
1,14635,14719,1,0,0,14,1,323;3;222;365;464;72;276;566;277;788;529;430;994;594
0,14682,14750,1,0,0,15,0,276;175;318;417;25;229;519;213;742;482;383;947;547;178;740
0,14593,14655,1,0,0,12,0,365;40;264;407;506;114;318;608;319;788;571;472
0,14603,14658,1,1,0,12,0,355;35;254;397;496;104;308;598;309;788;561;462
1,14560,14623,1,0,0,13,2,398;9;78;297;440;535;147;351;641;352;788;604;505
1,14588,14665,1,0,0,12,4,365;50;269;412;511;119;323;613;324;788;576;477
1,14780,14841,1,0,0,14,2,176;77;90;298;131;421;132;644;384;285;849;416;80;642
1,14776,15064,1,0,0,14,6,176;81;224;298;135;425;136;648;388;289;853;416;84;646
1,14766,14838,1,0,0,14,3,192;91;234;298;145;435;146;658;398;299;863;416;94;656
1,14759,14815,1,1,0,14,2,199;98;241;327;152;442;153;665;399;306;870;416;101;663
1,14733,14810,1,0,0,14,3,225;124;267;327;178;468;179;691;431;332;896;416;127;689
0,14721,14776,1,1,0,14,0,237;136;279;327;190;480;191;703;443;344;908;416;139;701
1,14715,14786,1,0,0,14,4,243;142;285;361;196;486;197;709;449;350;914;416;145;707
1,14711,15010,1,1,0,14,11,247;146;289;361;200;490;201;713;453;354;918;518;149;711
1,14816,14877,1,1,0,14,2,142;41;85;283;95;385;96;608;348;249;813;413;44;606
1,14813,14885,1,0,0,14,1,145;44;90;286;98;388;99;611;351;252;816;416;47;609
1,14798,14872,1,0,0,14,3,160;59;90;297;113;403;114;626;366;267;831;416;62;624
1,14789,14872,1,0,0,14,3,169;68;90;297;122;412;123;635;375;276;840;416;71;633
1,14035,14086,1,0,0,14,4,67;81;286;63;125;457;414;923;534;394;603;451;469;422
1,14054,14124,1,0,0,14,3,48;62;267;44;106;448;395;904;515;375;584;432;450;403
1,14060,14359,1,0,0,14,10,42;56;261;38;100;420;389;898;509;369;578;426;444;397
1,14068,14293,1,1,0,14,5,34;48;251;30;92;420;381;890;501;361;570;418;436;389
1,13978,14063,1,1,0,14,3,124;138;297;120;182;513;471;980;591;451;660;508;526;479
1,13989,14057,1,0,0,14,3,113;127;297;109;171;485;460;969;580;440;649;497;515;468
1,14006,14299,1,1,0,14,7,96;110;297;92;154;482;443;952;563;423;632;480;498;451
1,14029,14094,1,0,0,14,2,73;87;292;69;131;473;420;929;540;400;609;457;475;428
1,14161,14243,1,0,0,12,4,141;341;288;797;408;268;477;325;343;296;696;839
1,14186,14275,1,0,0,12,3,135;316;263;772;383;243;452;300;318;271;671;814
1,14189,14406,1,0,0,12,4,132;309;260;769;380;240;449;297;315;268;668;811
1,14226,14310,1,0,0,14,4,95;276;223;732;343;203;412;260;278;189;631;774;873;481
1,14080,14133,1,0,0,15,1,22;36;241;18;80;420;369;878;489;349;558;380;424;377;777
0,14104,14169,1,0,0,14,0,12;217;56;398;345;854;465;325;534;380;400;353;753;896
1,14142,14221,1,0,0,13,3,179;18;360;307;816;427;287;496;344;362;315;715;858
1,14150,14227,1,1,0,13,1,171;10;352;299;808;419;279;488;336;354;307;707;850
1,14266,14334,1,0,0,16,1,55;236;183;692;303;163;363;220;238;189;591;734;833;441;645;935
1,14263,14545,1,0,0,16,10,58;239;186;695;306;166;375;223;241;189;594;737;836;444;648;938
1,14281,14332,1,1,0,16,5,27;221;168;677;288;148;357;205;223;176;576;719;818;426;630;920
1,14271,14332,1,1,0,16,3,50;231;178;687;298;158;363;215;233;184;586;729;828;436;640;930
1,14246,14325,1,0,0,15,3,75;256;203;712;323;183;386;227;258;189;611;754;853;461;665
1,14231,14299,1,0,0,14,3,90;271;218;727;338;198;386;255;273;189;626;769;868;476
1,14253,14342,1,0,0,15,4,58;249;196;705;316;176;385;223;251;189;604;747;846;454;658
1,14247,14310,1,1,0,15,3,74;255;202;711;322;182;386;223;257;189;610;753;852;460;664
1,14368,14456,1,1,0,16,2,134;81;581;201;58;270;118;136;89;489;632;731;339;543;833;544
1,14352,14407,1,0,0,16,3,150;97;581;217;77;286;134;152;105;505;648;747;355;559;849;560
0,14439,14521,1,0,0,15,0,63;10;519;130;165;47;65;18;418;561;660;268;472;762;473
1,14432,14497,1,1,0,15,3,70;17;526;137;206;54;72;25;425;568;667;275;479;769;480
1,14296,14511,1,1,0,16,8,25;206;153;662;273;126;342;178;208;161;561;704;803;411;615;905
1,14291,14369,1,1,0,16,3,27;211;158;667;278;126;347;195;213;166;566;709;808;416;620;910
1,14345,14611,1,0,0,16,9,157;104;613;224;84;293;141;159;112;512;655;754;362;562;856;567
1,14333,14402,1,0,0,16,2,169;116;625;236;96;305;153;171;124;524;667;766;374;578;868;579
0,5811,5876,1,0,0,11,0,101;88;320;373;443;543;493;373;515;744;772
1,5813,6045,1,0,0,11,6,99;86;318;371;441;541;491;371;513;742;772
1,5767,5817,1,0,0,11,1,145;132;354;417;487;587;537;417;559;788;801
1,5777,5866,1,0,0,11,2,135;122;354;407;477;577;527;407;549;778;772
1,5741,5814,1,0,0,12,1,11;171;135;375;443;513;613;563;443;585;814;801
1,5762,6041,1,0,0,11,6,150;135;369;419;492;592;542;422;564;793;801
1,5705,5990,1,1,0,12,7,47;207;182;375;477;549;649;599;479;621;850;881
1,5727,5977,1,0,0,12,9,25;185;172;375;457;527;627;577;457;599;828;801
1,5684,5766,1,1,0,12,1,68;228;215;447;477;570;670;620;500;642;871;902
1,5697,5756,1,0,0,12,1,55;215;202;375;477;557;657;607;487;629;858;889
0,5678,5729,1,0,0,11,0,74;234;221;453;488;576;676;626;506;648;877
1,5681,5734,1,0,0,11,1,71;231;218;450;488;573;673;623;503;645;874
1,5667,5731,1,0,0,9,1,85;245;232;455;517;587;687;637;517
0,5668,5748,1,0,0,9,0,84;244;231;455;488;586;686;636;516
1,5614,5687,1,0,0,10,2,24;18;138;14;298;285;517;570;640;740
1,5621,5699,1,0,0,10,1,17;11;131;14;267;278;510;563;633;733
0,5613,5698,1,0,0,10,0,25;19;139;14;299;285;518;571;641;741
0,5609,5672,1,0,0,10,0,29;23;143;14;303;285;522;575;645;745
1,5602,5684,1,1,0,10,1,36;30;150;39;310;285;529;582;652;752
1,5590,5662,1,0,0,10,1,48;42;162;51;322;309;541;588;664;764
1,5568,5634,1,0,0,10,1,70;64;184;55;344;331;563;600;686;786
1,5557,5646,1,0,0,10,1,81;75;195;55;355;342;574;627;697;797
1,5542,5608,1,0,0,10,1,96;90;210;99;370;347;589;642;712;812
1,5527,5593,1,0,0,10,1,111;105;225;114;385;372;604;657;727;827
1,5485,5553,1,0,0,9,1,152;147;267;156;427;412;646;699;769
0,5474,5548,1,0,0,9,0,152;158;278;159;438;412;657;710;780
1,5472,5553,1,0,0,9,1,152;160;280;169;440;412;659;712;782
1,5459,5525,1,0,0,9,1,152;173;293;182;453;440;672;714;795
0,5457,5529,1,0,0,9,0,152;175;295;184;455;442;674;714;797
1,5425,5629,1,1,0,10,3,152;3;207;327;216;487;474;706;714;829
1,5420,5499,1,0,0,10,1,152;8;212;332;221;492;479;711;730;834
1,5419,5496,1,0,0,10,1,207;9;213;333;222;493;480;712;730;835
1,6214,6271,1,1,0,10,2,40;140;90;112;341;372;207;284;708;347
1,6242,6300,1,0,0,10,1,12;112;62;69;313;344;179;256;680;319
1,6245,6323,1,0,0,10,1,9;109;59;69;310;341;176;244;677;316
1,6252,6550,1,0,0,10,6,2;102;52;69;237;334;169;244;670;309
0,6097,6165,1,0,0,13,0,34;87;157;257;207;87;229;458;489;324;338;825;464
1,6125,6195,1,0,0,13,1,6;59;129;229;179;59;201;430;461;296;338;797;436
1,6128,6217,1,0,0,13,1,3;56;126;226;176;56;198;427;450;293;338;794;433
1,6146,6218,1,0,0,12,1,38;108;208;158;38;180;409;440;275;338;776;415
1,6025,6091,1,1,0,12,1,106;159;229;329;279;159;301;530;534;384;473;897
1,6039,6105,1,0,0,12,1,92;145;215;315;265;145;287;516;522;382;459;883
1,6045,6262,1,0,1,12,6,86;139;209;309;259;139;281;510;522;376;453;859
0,6062,6142,1,0,0,13,0,69;122;192;292;242;122;264;493;522;359;338;859;499
0,5980,6050,1,0,0,11,0,151;204;274;374;324;204;346;575;606;408;518
1,6018,6300,1,0,0,12,6,113;166;236;336;286;166;308;537;568;403;480;904
1,6021,6083,1,0,0,12,1,110;163;233;333;283;163;305;534;534;400;477;901
0,6021,6076,1,0,0,12,0,110;163;233;333;283;163;305;534;534;384;477;901
0,5931,6017,1,0,0,11,0,200;253;323;423;373;253;395;624;655;408;567
0,5925,5995,1,0,0,11,0,206;259;329;429;379;259;401;630;661;408;573
0,5937,6013,1,0,0,11,0,194;247;317;417;367;247;389;618;649;408;561
0,5936,6006,1,0,0,11,0,195;248;318;418;368;248;390;619;650;408;562
1,5911,5996,1,0,0,12,1,1;211;273;343;443;393;273;415;644;675;510;587
0,5898,5949,1,0,0,13,0,14;1;211;275;356;456;406;286;428;657;688;523;600
0,5913,5968,1,0,0,11,0,211;271;341;441;391;271;413;642;673;408;585
1,5911,6131,1,0,0,12,4,1;211;273;343;443;393;273;415;644;675;432;587
1,5888,5944,1,0,0,12,1,24;11;211;296;366;466;416;296;438;667;690;533
1,5884,5967,1,0,0,12,2,28;15;211;300;370;470;420;300;442;671;702;537
1,5898,5953,1,0,0,13,2,14;1;211;275;356;456;406;286;428;657;688;523;600
1,5897,6136,1,0,0,13,10,15;2;211;275;357;457;407;287;429;658;689;524;601
1,5846,5922,1,0,0,11,1,66;53;285;338;408;508;458;338;480;709;740
0,5834,5894,1,1,0,11,0,78;65;297;350;420;520;470;350;492;721;752
1,5873,6165,1,0,0,12,7,39;26;258;306;381;481;431;311;453;679;713;548
1,5856,5915,1,0,0,12,3,56;43;275;306;398;498;448;328;470;699;730;565
0,4875,4962,1,0,0,8,0,1;33;239;263;165;9;206;763
1,4885,5116,1,0,0,7,3,23;229;253;165;206;753;543
1,4822,5111,1,1,0,9,2,54;86;292;316;29;165;62;227;800
1,4829,4917,1,1,0,9,1,47;79;285;309;22;165;55;206;800
0,4927,5015,1,1,0,9,0,187;211;116;206;711;501;387;705;825
1,4937,5148,1,1,0,10,1,177;201;116;206;701;491;377;695;815;479
1,4890,5175,1,1,0,8,4,18;224;248;160;206;748;538;424
1,4902,4982,1,0,0,8,2,6;212;236;136;206;736;526;412
0,4760,4814,1,1,0,8,0,116;148;354;378;91;165;124;476
1,4772,4850,1,0,0,8,1,104;136;342;366;79;165;112;464
1,4717,4805,1,0,0,9,1,6;159;191;397;421;134;350;164;519
1,4753,5004,1,0,0,8,2,123;155;361;385;98;314;131;483
0,4795,4874,1,0,0,8,0,81;113;319;343;56;165;89;227
1,4819,5023,1,0,0,9,2,57;89;295;319;32;165;65;227;819
1,4773,4840,1,0,0,8,1,103;135;341;365;78;165;95;463
1,4778,5018,1,0,0,8,1,98;130;336;348;73;165;95;458
1,4612,4832,1,0,0,10,5,65;111;264;296;502;526;239;455;272;624
1,4592,4646,1,0,0,10,1,85;131;284;316;522;546;253;475;292;644
1,4582,4649,1,0,0,10,4,95;141;293;326;532;556;269;485;302;654
1,4565,4641,1,1,0,11,4,112;158;311;332;2;549;573;286;502;319;671
1,4707,4771,1,1,0,9,1,16;169;201;407;431;144;360;177;529
1,4666,4753,1,0,0,10,1,11;57;210;242;448;471;185;401;218;570
1,4656,4738,1,0,0,10,1,21;67;220;252;458;482;195;411;226;580
1,4624,4689,1,0,0,10,1,53;99;252;284;490;503;227;443;260;612
1,4512,4594,1,0,0,13,1,165;5;44;211;364;385;55;602;626;339;555;359;724
1,4477,4555,1,0,0,13,1,200;40;79;246;399;385;90;622;650;374;590;407;759
1,4470,4559,1,0,0,13,1,207;47;86;253;406;385;97;644;650;381;597;414;766
0,4464,4520,1,0,0,13,0,213;53;92;259;412;385;103;650;650;387;603;420;772
1,4548,4621,1,0,0,12,2,129;8;175;328;360;19;566;586;303;519;328;688
1,4546,4597,1,0,0,12,1,131;10;177;330;362;21;568;592;305;521;328;690
1,4542,4618,1,0,0,12,1,135;14;181;334;366;25;572;596;309;525;342;694
0,4514,4565,1,0,0,13,0,163;3;42;209;362;385;53;600;624;337;553;351;722
1,5308,5588,1,0,0,11,6,257;120;6;324;444;108;333;107;604;589;823
1,5323,5614,1,0,0,10,7,254;105;309;429;93;318;92;589;576;808
0,5331,5408,1,1,0,10,0,254;97;301;421;85;310;84;581;544;800
1,5349,5413,1,0,0,10,1,254;79;283;403;67;292;66;563;544;782
1,5354,5414,1,1,0,11,1,250;74;278;398;62;287;61;558;544;777;830
1,5364,5437,1,0,0,11,1,207;64;268;388;52;277;51;548;535;767;820
0,5407,5469,1,1,0,12,0,207;21;225;345;9;234;8;505;492;724;766;847
1,5417,5490,1,0,0,10,1,207;11;215;335;224;495;482;714;766;837
0,5223,5278,1,0,0,11,0,7;400;205;91;409;529;193;418;192;689;676
0,5226,5283,1,0,0,11,0,7;400;202;88;406;526;190;415;189;686;673
1,5236,5473,1,0,0,11,8,0;400;192;78;396;516;180;405;179;676;663
0,5242,5310,1,0,0,10,0,396;186;72;390;510;174;399;173;670;609
1,5251,5457,1,0,0,10,5,387;177;63;381;501;165;390;164;661;609
1,5273,5338,1,1,0,10,1,341;155;41;359;479;143;368;142;639;609
1,5279,5348,1,1,0,10,1,341;149;35;353;473;137;362;136;633;589
0,5296,5352,1,0,0,11,0,257;132;18;336;456;120;345;119;616;589;835
1,5037,5123,1,1,0,13,1,77;101;18;46;497;391;277;595;715;379;545;378;875
1,5034,5105,1,1,0,13,1,80;104;33;46;497;394;280;598;718;382;545;381;878
1,5050,5267,1,1,0,13,4,64;88;17;24;497;378;264;582;702;366;545;365;862
1,5044,5132,1,1,0,13,1,70;94;18;33;497;384;270;588;708;372;545;371;868
1,5187,5245,1,1,0,11,2,24;451;241;127;445;565;229;454;228;725;712
1,5114,5192,1,0,0,13,1,0;24;24;483;314;200;518;638;302;527;301;798;785
1,5222,5457,1,0,0,11,5,14;416;206;92;410;530;194;419;193;690;677
1,5222,5300,1,0,0,11,2,14;400;206;92;410;530;194;419;193;690;677
1,4974,5200,1,0,0,12,4,140;164;93;206;497;454;340;658;778;442;667;441
0,4940,5020,1,0,0,10,0,174;198;116;206;497;488;374;692;812;476
1,5005,5091,1,0,0,12,2,109;133;62;206;497;423;309;627;747;390;549;410
1,4980,5064,1,1,0,12,3,134;158;87;206;497;448;334;652;772;436;549;435
0,5009,5076,1,0,0,13,0,105;129;58;191;497;419;305;623;743;390;549;406;903
1,5006,5079,1,1,0,12,1,108;132;58;206;497;422;308;626;746;390;549;409
1,5019,5311,1,1,0,13,8,95;119;48;46;497;409;295;613;733;390;549;396;893
1,5016,5258,1,0,0,13,4,98;122;51;191;497;412;298;616;736;390;549;399;896
1,3910,4206,1,0,0,13,8,436;210;25;116;235;441;221;509;313;131;767;607;646
1,3901,3979,1,0,0,13,2,445;219;34;125;244;450;230;518;322;140;776;616;655
1,3878,3928,1,0,0,12,1,468;242;51;148;267;473;253;541;345;163;799;639
1,3866,4068,1,1,0,13,7,5;480;254;69;160;270;476;265;553;357;175;811;651
0,3842,3916,1,1,0,13,0,29;504;278;93;184;270;476;289;577;381;199;835;675
1,3840,4116,1,0,0,13,7,31;506;280;95;186;305;476;291;579;383;201;837;677
1,3811,3900,1,0,0,13,3,60;535;309;124;215;334;540;320;608;412;230;866;706
1,3784,3852,1,1,0,13,3,87;562;336;151;242;361;567;347;635;439;257;893;733
0,4002,4084,1,0,0,16,0,273;118;24;143;325;129;417;221;39;675;515;554;393;247;721;874
1,4000,4226,1,0,0,15,6,346;120;24;145;325;131;419;223;41;677;517;556;395;324;723
1,4000,4075,1,0,0,15,1,346;120;24;145;325;131;419;223;41;677;517;556;395;247;723
1,3993,4074,1,1,0,15,2,353;127;24;152;354;138;426;230;48;684;524;563;402;331;730
1,3974,4035,1,1,0,14,2,372;146;52;171;354;157;445;249;67;703;543;582;421;350
1,3954,4161,1,1,0,14,8,392;166;72;183;355;177;465;269;87;723;563;602;441;370
1,3949,4038,1,0,0,14,1,397;171;77;183;402;182;470;274;92;728;568;607;446;375
1,3935,4146,1,1,0,14,6,411;185;0;91;210;416;196;484;288;106;742;582;621;460
1,3516,3602,1,1,0,11,1,202;355;261;169;5;830;604;419;510;619;835
1,3517,3584,1,0,0,11,4,201;354;260;168;4;829;603;418;509;619;793
0,3482,3565,1,0,0,11,0,19;236;389;279;203;39;864;638;453;544;663
1,3512,3562,1,0,0,11,1,206;359;265;173;9;834;608;423;514;633;839
1,3475,3563,1,0,0,11,2,26;237;396;302;210;46;871;645;460;551;670
1,3479,3537,1,0,0,11,1,22;237;392;298;206;42;867;641;456;547;666
1,3454,3509,1,1,0,12,2,2;43;264;417;313;231;67;892;666;481;572;691
1,3462,3669,1,0,0,11,4,39;237;409;313;223;59;884;658;473;564;683
1,3771,3839,1,0,0,14,2,100;6;575;349;164;255;374;580;360;648;452;270;906;746
0,3776,3838,1,0,0,14,0,95;1;570;344;159;250;369;575;355;643;447;265;901;741
1,3657,3944,1,1,0,14,7,61;214;120;28;689;463;278;369;488;694;474;762;566;384
1,3686,3755,1,0,0,13,1,32;185;91;660;434;249;340;436;665;445;733;537;355
1,3570,3645,1,0,0,11,4,148;291;207;115;776;550;365;456;575;781;561
1,3602,3685,1,0,0,12,1,116;269;175;83;744;518;333;424;543;749;529;817
1,3530,3588,1,0,0,10,1,188;334;247;155;816;590;405;496;615;793
1,3566,3814,1,1,0,11,10,152;305;211;119;780;554;369;460;579;785;565
1,4286,4338,1,0,0,15,1,60;65;133;391;231;270;109;38;437;590;622;281;827;852;565
1,4279,4350,1,0,0,14,1,67;72;140;398;238;277;116;45;444;597;629;288;835;856
1,4344,4412,1,0,0,15,1,2;7;75;333;173;212;51;379;532;564;223;770;794;507;723
1,4316,4368,1,0,0,16,1,30;35;103;361;201;240;79;8;407;560;592;251;798;822;535;751
1,4237,4325,1,0,0,14,1,109;114;182;440;280;319;158;87;486;639;671;330;877;901
1,4213,4295,1,1,0,15,1,133;138;206;10;464;304;343;182;111;510;663;695;354;892;925
1,4253,4549,1,0,0,14,11,86;98;166;424;264;303;142;71;470;623;655;314;861;865
1,4246,4311,1,0,0,14,1,100;105;173;431;271;310;149;78;477;630;662;321;868;865
1,4446,4531,1,0,0,12,1,231;71;110;277;430;462;121;668;692;405;621;438
1,4391,4679,1,0,0,14,7,28;286;126;165;4;332;485;517;176;723;732;460;676;493
1,4458,4514,1,0,0,13,1,219;59;98;265;418;385;109;650;680;393;609;426;778
1,4455,4531,1,0,0,13,1,222;62;101;268;421;453;112;650;683;396;612;429;781
0,4369,4445,1,0,0,13,0,50;308;148;187;24;354;507;539;198;745;769;482;698
1,4358,4425,1,1,0,13,1,61;319;159;198;37;365;518;550;209;756;776;493;709
1,4388,4441,1,0,0,13,1,31;289;129;168;7;335;488;520;179;726;750;463;679
1,4373,4438,1,0,0,13,1,46;304;144;183;22;350;503;535;194;741;765;478;694
1,4025,4324,1,1,0,17,10,252;95;1;117;306;106;394;198;16;652;492;531;370;247;698;851;883
1,4051,4118,1,1,0,15,1,252;69;88;300;80;368;172;626;466;505;344;247;672;825;857
1,4057,4295,1,0,0,16,6,252;63;88;294;74;362;166;620;460;499;338;240;666;819;851;510
1,4072,4145,1,0,0,16,1,209;48;73;279;59;347;151;605;445;484;323;240;651;804;836;495
1,4004,4211,1,0,0,17,8,273;116;22;141;325;127;415;219;37;673;513;552;391;247;719;872;904
1,4013,4277,1,1,0,17,10,273;107;13;132;325;118;406;210;28;664;504;543;382;247;710;863;895
1,4015,4068,1,1,0,17,1,273;105;11;130;306;116;404;208;26;662;502;541;380;247;708;861;893
1,4020,4259,1,1,0,17,5,273;100;6;117;306;111;399;203;21;657;497;536;375;247;703;856;888
1,4120,4195,1,0,0,17,1,197;0;25;231;11;299;103;557;397;436;275;204;603;756;788;447;994
1,4150,4239,1,1,0,15,1,196;201;269;73;527;367;406;245;174;573;726;758;417;964;988
1,4171,4234,1,1,0,15,1,175;180;248;52;506;346;385;224;153;552;705;737;396;919;967
1,4190,4276,1,0,0,15,1,156;161;229;33;487;327;366;205;134;533;686;718;377;897;948
1,4083,4154,1,0,0,16,1,209;37;62;268;48;336;140;594;434;473;312;240;640;793;825;484
1,4090,4158,1,1,0,16,1,209;30;55;241;41;329;133;587;427;466;305;234;633;786;818;477
1,4096,4184,1,1,0,17,2,206;24;49;241;35;323;127;581;421;460;299;228;627;780;812;471;1018
1,4104,4189,1,0,0,17,1,206;16;27;241;27;315;119;573;413;452;291;220;619;772;804;463;1010
1,2836,2911,1,0,0,7,1,348;421;488;394;620;665;617
0,2792,2867,1,1,0,9,0,6;392;5;421;526;412;664;709;661
1,2786,2839,1,0,0,9,1,12;398;5;453;526;412;670;715;667
1,2781,2846,1,1,0,9,2,17;403;5;453;526;434;675;720;672
0,2880,2941,1,0,0,7,0,304;362;444;350;576;621;573
1,2877,2940,1,0,0,7,1,307;366;447;353;579;624;576
1,2865,3079,1,0,0,7,4,319;384;459;365;591;636;587
1,2861,2933,1,0,0,7,1,323;397;463;369;595;640;587
1,2904,3132,1,0,0,7,1,280;354;420;315;552;538;549
1,2902,3173,1,0,0,7,2,282;356;422;315;554;599;551
1,2901,3111,1,0,0,7,3,283;357;423;329;555;600;552
0,2884,2973,1,0,0,7,0,300;362;440;346;572;617;569
0,2942,3011,1,1,0,8,0,242;316;340;288;514;519;511;776
1,2941,3225,1,0,0,8,6,243;317;383;289;515;519;512;777
0,2939,2998,1,0,0,8,0,245;319;385;291;517;519;514;779
0,2908,2959,1,0,0,7,0,276;350;416;315;548;519;545
1,2595,2662,1,0,0,10,2,203;185;17;589;204;167;556;729;603;861
1,2611,2906,1,1,0,10,5,187;169;1;573;188;151;556;701;603;845
1,2567,2863,1,1,0,10,6,231;213;45;617;232;195;691;757;603;889
1,2589,2843,1,0,0,10,6,209;191;23;595;210;173;669;735;603;867
1,2712,2773,1,0,0,10,2,86;68;472;87;50;546;612;518;744;789
1,2714,2776,1,0,0,10,2,84;66;470;85;48;544;601;516;742;787
1,2630,2687,1,0,0,9,1,168;150;554;169;132;556;694;600;826
1,2645,2733,1,0,0,9,1,153;135;539;154;86;556;679;585;811
1,2752,2840,1,0,0,10,1,46;28;432;47;10;506;531;478;704;749
1,2757,3046,1,0,0,10,5,41;23;427;42;5;499;531;473;699;744
1,2721,3005,1,0,0,10,5,77;59;463;78;41;537;580;509;735;780
1,2750,2831,1,0,0,10,1,48;30;434;49;12;508;574;480;706;751
1,2773,3037,1,0,0,10,6,25;7;411;26;463;526;434;683;728;680
1,2778,2861,1,1,0,10,3,20;2;406;21;453;526;434;678;723;675
1,2758,2823,1,0,0,10,1,40;22;426;41;4;499;526;472;698;743
1,2763,2984,1,0,0,10,2,35;17;421;36;463;526;467;693;738;690
0,3218,3298,1,0,0,11,0,40;106;5;238;256;235;500;633;559;467;303
1,3217,3303,1,0,0,11,2,41;107;5;239;256;236;501;654;560;468;304
1,3331,3407,1,0,0,12,1,125;170;122;387;540;446;354;184;1015;789;604;695
1,3244,3501,1,1,0,11,7,14;80;212;256;209;474;627;533;441;277;1102
1,3368,3647,1,0,0,13,9,88;133;85;350;503;409;317;153;978;752;567;658;777
1,3343,3589,1,0,0,12,7,113;158;110;375;528;434;342;178;1003;777;592;683
1,3384,3454,1,0,0,13,3,72;102;69;334;487;393;301;137;962;736;551;642;761
1,3376,3462,1,0,0,13,2,80;118;77;342;495;401;309;145;970;744;559;650;769
1,3403,3471,1,0,0,13,1,53;98;50;315;468;374;282;118;943;717;523;623;742
1,3392,3443,1,0,0,13,2,64;102;61;326;479;385;293;129;954;728;531;634;753
1,3413,3493,1,0,0,13,4,43;88;40;297;458;339;272;108;933;707;522;613;732
1,3404,3474,1,0,0,13,2,52;97;49;297;467;373;281;117;942;716;523;622;741
1,3422,3659,1,0,0,13,8,34;79;31;296;449;339;263;99;924;698;513;604;723
1,3422,3480,1,0,0,13,1,34;79;31;296;449;313;263;99;924;698;513;604;723
1,3438,3498,1,0,0,13,3,18;43;15;280;433;313;247;81;908;682;497;588;707
1,3426,3506,1,0,0,13,3,30;43;27;292;445;313;259;95;920;694;509;600;719
0,2948,3028,1,1,0,8,0,236;310;340;282;508;519;505;770
1,2977,3191,1,0,0,8,3,207;281;340;253;479;519;476;741
1,2988,3047,1,0,0,8,1,196;270;336;242;468;480;465;730
0,3036,3120,1,0,0,9,0,148;222;288;194;420;465;417;682;835
0,3046,3121,1,0,0,9,0,138;212;278;184;410;455;407;672;825
1,3055,3118,1,0,0,9,1,129;203;269;175;401;446;398;663;816
1,3063,3141,1,1,0,10,2,121;195;261;167;393;438;390;655;808;714
1,3064,3331,1,0,0,10,5,120;194;260;166;392;412;389;654;807;713
1,3074,3145,1,1,0,10,2,110;184;250;156;382;412;379;644;797;703
1,3104,3189,1,0,0,12,3,80;154;220;126;352;392;349;614;767;673;581;417
1,3114,3173,1,1,0,12,3,70;144;210;116;342;381;339;604;757;663;571;407
1,3123,3344,1,0,0,12,5,61;135;201;107;333;378;330;595;745;654;562;398
0,3176,3244,1,1,0,12,0,8;82;148;54;280;256;277;542;695;601;509;345
1,3187,3257,1,0,0,11,3,71;137;43;269;256;266;531;684;590;498;334
0,3192,3261,1,0,0,11,0,66;132;30;264;256;261;526;679;585;493;329
1,3205,3283,1,1,0,11,3,53;119;25;251;256;248;513;666;572;480;316
1,9585,9847,1,0,0,13,9,154;38;237;7;474;432;306;197;476;657;706;508;363
1,9582,9847,1,0,0,13,7,157;41;240;10;477;435;309;200;476;660;709;560;366
0,9595,9649,1,1,0,13,0,144;28;227;464;422;296;141;447;647;696;508;353;422
1,9591,9660,1,1,0,13,1,148;32;231;1;468;426;300;191;447;651;700;508;357
1,9487,9548,1,0,0,13,2,252;129;335;105;510;530;404;279;601;755;804;655;461
1,9485,9752,1,1,0,13,10,254;129;337;107;510;532;406;284;603;757;806;657;463
0,9575,9644,1,1,0,13,0,164;48;247;17;484;442;316;207;476;667;716;567;373
1,9542,9622,1,0,0,13,1,197;81;280;50;510;475;349;240;546;700;749;600;406
1,9479,9557,1,0,0,13,1,260;129;343;113;580;538;412;303;609;763;812;663;469
1,9441,9521,1,0,0,14,4,298;158;11;381;151;618;576;450;341;647;801;850;701;507
1,9481,9547,1,0,0,13,2,258;129;341;111;578;536;410;284;607;761;810;661;467
1,9481,9559,1,1,0,13,3,258;129;341;111;559;536;410;284;607;761;810;661;467
1,9388,9460,1,0,0,13,1,15;351;184;35;64;434;204;671;629;503;394;700;854
1,9374,9445,1,0,0,13,2,29;365;232;49;78;448;218;685;643;517;408;714;868
1,9426,9515,1,0,0,13,2,313;180;26;396;166;633;591;465;356;662;816;865;716
1,9389,9455,1,1,0,13,2,14;350;184;34;63;433;203;670;628;502;382;699;853
1,9942,9992,1,1,0,11,1,117;75;146;300;349;200;6;75;477;860;400
1,9953,10013,1,0,0,10,1,106;64;135;289;338;189;64;466;849;389
1,9955,10240,1,0,0,10,4,104;62;86;287;336;187;62;464;847;387
1,9958,10235,1,0,0,10,4,101;59;86;284;333;184;59;461;844;338
1,9848,10110,1,0,0,11,8,211;169;43;240;394;443;294;100;169;571;954
0,9852,9940,1,0,0,11,0,207;165;39;236;390;439;290;96;165;512;950
1,9888,10130,1,0,0,12,5,171;129;3;200;354;403;254;60;129;512;914;454
0,9889,9939,1,1,0,12,0,170;128;2;199;353;402;253;59;128;512;860;453
1,9689,9754,1,1,0,12,1,50;81;370;328;202;93;391;553;602;453;259;328
1,9754,9834,1,0,0,11,1,68;305;263;137;28;334;488;537;388;194;263
1,9755,9840,1,1,0,11,1,40;304;262;136;27;333;487;536;387;193;262
1,9803,9862,1,0,0,11,1,19;256;214;88;285;439;488;339;145;214;616
1,9648,9732,1,1,0,12,3,91;174;411;369;243;134;440;594;643;494;300;369
1,9650,9716,1,0,0,12,3,89;172;409;367;241;132;414;592;641;492;298;367
1,9668,9924,1,0,0,12,8,71;154;383;349;223;114;414;574;623;474;280;349
1,9677,9746,1,1,0,12,1,62;145;382;340;214;105;391;565;614;465;271;340
1,10255,10504,1,0,0,8,3,36;164;541;87;795;942;415;206
1,10236,10479,1,0,0,9,3,6;55;183;566;102;814;961;434;320
1,10236,10322,1,0,0,9,3,6;55;183;566;102;814;961;434;206
1,10229,10501,1,0,0,9,4,12;62;190;570;113;821;968;441;327
1,10224,10492,1,0,0,9,4,18;67;195;570;118;826;973;446;332
1,10199,10452,1,1,0,9,6,19;92;220;603;143;851;998;471;357
1,10176,10228,1,3,0,9,1,22;115;243;626;166;874;1021;494;380
1,10142,10412,1,2,0,9,6,22;149;0;277;660;200;908;1055;528
1,10139,10221,1,1,0,9,1,28;152;3;280;662;203;911;1058;531
1,10119,10336,1,0,0,9,5,38;172;23;300;662;223;931;1078;551
1,10091,10154,1,0,0,7,1,38;200;51;328;711;245;959
1,10076,10277,1,0,0,8,2,12;166;215;66;343;726;245;974
1,10074,10129,1,0,0,8,1,14;168;217;68;345;728;268;976
1,10048,10122,1,0,0,8,1,11;40;194;243;94;371;754;294
1,10017,10071,1,0,0,10,2,42;0;71;225;274;125;0;402;784;325
1,9974,10185,1,0,0,10,3,85;43;86;268;317;168;43;445;821;338
1,10413,10490,1,0,0,7,1,6;389;637;784;235;143;1014
0,10418,10475,1,1,0,7,0,1;384;632;779;218;138;1009
0,10401,10485,1,0,0,7,0,10;401;649;796;235;155;1026
0,10410,10475,1,0,0,7,0,9;392;640;787;235;146;1017
1,10360,10424,1,1,0,7,1,12;442;690;835;235;196;1067
0,10377,10433,1,0,0,7,0,10;425;673;820;235;179;1050
0,10328,10409,1,1,0,7,0,13;474;14;722;835;235;206
0,10349,10399,1,0,0,7,0,12;453;701;835;235;206;1078
1,10310,10576,1,0,0,7,2,109;492;32;740;835;235;206
1,10328,10403,1,0,0,7,1,13;474;14;722;835;235;206
0,10290,10367,1,1,0,8,0,1;129;512;52;760;907;235;206
1,10297,10497,1,1,0,7,2,122;505;45;753;900;235;206
0,10279,10342,1,0,0,8,0,12;140;517;63;771;918;235;206
0,10283,10339,1,0,0,8,0,8;136;517;59;767;914;235;206
1,10255,10503,1,0,0,8,2,36;164;541;87;795;942;235;206
1,10266,10323,1,0,0,8,1,25;153;536;70;784;931;235;206
1,8344,8401,1,1,0,9,1,222;37;379;466;599;718;705;416;922
1,8336,8419,1,0,0,9,1,230;37;387;487;607;718;713;424;930
0,8346,8412,1,1,0,9,0,220;37;377;466;597;718;703;414;884
0,8346,8405,1,1,0,9,0,220;37;377;466;597;718;703;414;884
1,8410,8636,1,0,0,9,5,156;313;429;533;697;639;350;856;700
1,8398,8669,1,0,0,9,8,168;325;441;545;709;651;362;868;712
1,8433,8725,1,0,0,9,8,133;290;406;510;674;616;327;833;677
1,8417,8487,1,0,0,9,3,149;306;422;526;690;632;343;849;693
1,8280,8481,1,0,0,6,3,286;106;443;559;663;827
1,8260,8318,1,0,0,6,1,306;130;463;575;683;847
0,8323,8395,1,1,0,8,0,243;67;400;516;620;784;726;437
1,8307,8378,1,0,0,8,2,259;83;416;532;636;800;742;453
1,8329,8387,1,0,0,8,1,237;37;394;510;614;778;720;431
1,8326,8397,1,1,0,8,1,240;64;397;513;617;781;723;434
1,8335,8388,1,0,0,8,1,231;37;388;492;608;718;714;425
1,8333,8398,1,0,0,8,1,233;37;390;492;610;774;716;427
1,8575,8644,1,0,0,10,2,148;264;368;532;385;185;691;535;621;639
1,8593,8680,1,0,0,10,3,130;233;350;514;385;167;673;517;603;621
1,8621,8708,1,1,0,10,1,102;218;322;486;385;139;645;489;575;593
1,8624,8689,1,0,0,10,1,99;193;319;483;385;136;642;486;572;590
1,8634,8717,1,1,0,10,2,89;193;309;473;385;126;632;476;562;580
1,8640,8711,1,1,0,10,1,83;193;303;467;373;120;626;470;556;574
0,8678,8741,1,0,0,13,0,45;161;265;429;371;82;588;432;516;536;725;428;1061
1,8679,8737,1,1,0,13,2,44;160;264;428;370;81;587;431;516;535;724;427;1060
0,8436,8502,1,0,0,9,0,130;287;403;507;658;613;324;830;674
0,8476,8540,1,0,0,10,0,90;247;363;467;631;573;284;790;634;720
0,8490,8567,1,0,0,10,0,76;233;349;453;617;559;270;776;620;706
1,8501,8583,1,0,0,10,1,65;222;338;442;606;548;259;765;609;695
1,8503,8783,1,0,0,10,6,63;220;336;408;604;546;257;763;607;693
1,8507,8596,1,0,0,10,3,57;216;332;408;600;542;253;759;603;689
1,8514,8764,1,0,0,10,4,52;209;325;408;593;535;246;749;596;682
0,8528,8592,1,0,0,10,0,38;195;311;408;579;385;232;738;582;668
1,8874,8944,1,1,0,11,2,69;233;171;392;188;322;340;529;232;865;697
1,8873,8934,1,0,0,11,2,70;234;176;392;188;323;341;530;233;866;697
1,8871,8931,1,0,0,11,1,72;236;178;392;188;325;343;532;235;868;752
1,8862,9099,1,0,0,11,7,81;245;187;392;218;334;352;541;244;877;761
1,8939,9002,1,0,0,12,3,4;168;110;327;171;257;275;464;167;800;684;484
1,8919,8977,1,0,0,12,2,24;188;130;347;188;277;295;484;187;820;697;504
0,8912,8991,1,0,0,11,0,31;195;137;354;188;284;302;491;194;827;697
1,8893,8981,1,0,0,11,2,50;213;156;373;188;303;321;510;213;846;697
1,8812,8892,1,0,0,11,2,27;131;295;237;454;298;384;402;591;294;927
1,8812,8868,1,0,0,11,2,27;111;295;237;454;298;384;402;591;294;927
1,8749,8814,1,0,0,12,3,90;194;358;300;11;517;361;447;465;654;357;990
1,8694,8759,1,0,0,13,3,29;145;216;413;355;66;572;416;502;520;709;412;1045
1,8858,9105,1,0,0,11,6,85;248;191;408;218;338;356;545;248;881;765
1,8855,8934,1,0,0,11,2,88;252;194;411;218;340;359;548;251;884;768
1,8846,8924,1,0,0,11,2,97;261;201;420;218;350;368;557;260;893;777
1,8840,9071,1,0,0,11,7,103;267;201;426;270;356;374;563;266;899;783
1,9189,9267,1,0,0,13,2,77;7;25;214;550;405;234;263;633;403;870;828;702
1,9247,9332,1,0,0,12,2,19;156;492;376;176;205;575;345;812;770;644;535
1,9155,9385,1,0,0,13,4,111;41;59;248;584;468;268;297;667;437;904;862;736
1,9186,9257,1,0,0,13,2,80;10;28;217;553;437;237;266;636;406;873;831;705
1,9322,9379,1,0,0,11,1,81;417;301;101;117;500;270;737;695;569;460
1,9347,9403,1,0,0,11,1,56;392;276;76;105;475;245;690;670;544;435
1,9264,9464,1,0,0,12,7,2;139;475;359;159;188;558;328;795;753;627;518
1,9289,9576,1,0,0,11,9,114;450;334;134;149;533;303;770;728;602;493
1,9039,9305,1,0,0,14,6,68;10;227;71;144;175;364;67;700;584;384;413;783;553
1,9044,9130,1,0,0,14,2,63;5;222;66;133;170;359;62;695;579;379;408;778;548
1,8953,9028,1,0,0,12,4,154;95;313;157;243;261;450;153;786;670;470;499
1,9026,9101,1,0,0,14,1,81;23;240;84;170;188;377;80;713;597;397;426;796;566
1,9085,9171,1,0,0,14,2,22;181;20;111;129;316;21;654;538;338;367;737;507;974
0,9147,9207,1,1,0,13,0,119;49;67;256;592;476;276;305;675;445;912;870;744
1,9073,9156,1,0,0,14,3,34;193;37;123;141;316;33;666;550;350;379;749;519;986
1,9074,9134,1,0,0,14,2,33;192;32;122;140;316;32;665;549;349;378;748;518;985
1,7066,7128,1,0,0,5,1,150;101;407;620;569
0,7121,7200,1,0,0,5,0,95;82;407;565;514
0,7129,7211,1,0,0,5,0,87;82;407;557;506
1,7163,7459,1,0,0,6,4,53;82;407;523;472;1403
0,7034,7113,1,0,0,6,0,182;0;231;590;652;601
0,7038,7124,1,0,0,5,0,178;231;586;648;597
1,7041,7292,1,0,0,5,2,175;231;583;645;594
1,7065,7272,1,0,0,5,1,151;231;407;621;570
1,7240,7537,1,0,0,9,7,13;384;446;395;1326;849;661;942;512
0,7242,7312,1,0,0,9,0,13;382;444;393;1324;849;568;940;510
1,7258,7500,1,0,0,9,6,13;366;428;377;1308;849;568;924;494
0,7279,7343,1,0,0,9,0,13;345;407;356;1287;849;505;903;473
1,7184,7415,1,0,0,7,3,32;13;407;502;451;1382;954
0,7188,7266,1,0,0,7,0,28;13;407;498;447;1378;849
1,7197,7273,1,0,0,7,2,19;13;407;489;438;1369;849
0,7220,7281,1,0,0,6,0,13;404;466;395;1346;849
1,7439,7701,1,0,0,12,11,185;247;196;1127;699;457;743;313;690;554;654;734
1,7418,7634,1,0,0,11,10,206;268;217;1148;720;457;764;334;711;575;675
1,7475,7536,1,0,0,12,1,149;211;160;1091;663;413;707;277;654;518;618;698
0,7469,7536,1,0,0,12,0,155;217;166;1097;669;413;713;283;660;524;624;704
0,7345,7400,1,1,0,8,0,279;341;290;1221;793;505;837;407
1,7304,7379,1,0,0,8,2,320;382;331;1262;834;505;878;448
1,7417,7651,1,0,0,11,10,207;269;218;1149;721;484;765;335;712;576;676
0,7372,7434,1,1,0,8,0,252;314;263;1194;766;505;810;380
1,7614,7698,1,0,0,15,2,10;72;21;952;524;287;568;138;515;379;479;559;776;417;328
0,7614,7681,1,0,0,15,0,10;72;21;952;524;271;568;138;515;379;479;559;776;417;328
1,7680,7758,1,0,0,13,1,6;886;458;221;502;72;449;313;413;493;710;351;328
1,7641,7713,1,0,0,13,1,45;925;497;260;541;111;488;352;452;532;749;390;328
1,7588,7671,1,0,0,15,2,36;98;47;978;550;313;594;164;541;405;505;585;802;443;432
0,7513,7564,1,0,0,13,0,111;173;122;1053;625;388;669;239;616;480;580;660;877
1,7605,7891,1,0,0,15,8,19;81;30;961;533;296;577;147;524;388;488;568;785;426;415
0,7595,7651,1,0,0,15,0,29;91;40;971;537;306;587;157;534;398;498;578;795;436;425
1,7832,8032,1,0,0,12,10,648;306;69;350;297;161;261;341;558;199;188;891
0,7836,7892,1,0,0,12,0,648;302;65;346;293;157;257;337;554;181;184;887
1,7796,7877,1,0,0,12,1,770;342;105;386;333;197;297;377;594;235;224;927
1,7809,8098,1,0,0,12,7,757;329;92;373;320;184;284;364;581;222;201;914
1,7746,7985,1,0,0,12,10,820;392;155;436;6;383;247;347;427;644;277;274
0,7766,7838,1,0,0,12,0,800;372;130;416;363;227;327;407;624;265;254;957
1,7710,7767,1,0,0,12,2,856;428;191;472;42;419;283;383;463;680;321;310
0,7745,7822,1,0,0,12,0,821;393;156;437;7;384;248;348;428;645;277;275
0,7870,7942,1,1,0,12,0,648;260;15;312;259;123;223;303;520;161;133;853
1,7875,8109,1,0,0,12,5,648;244;15;307;254;118;218;298;515;156;133;848
1,7861,7947,1,0,0,12,3,648;277;40;321;268;132;232;312;529;170;133;862
1,7870,8079,1,1,0,12,5,648;260;15;312;259;123;223;303;520;161;133;853
1,7857,7912,1,0,0,12,1,648;281;44;325;272;136;236;316;533;174;145;866
1,7861,8092,1,0,0,12,7,648;277;15;321;268;132;232;312;529;170;133;862
1,7841,7920,1,1,0,12,1,648;297;60;341;288;152;252;332;549;181;179;882
1,7852,7907,1,0,0,12,1,648;286;49;330;277;141;241;321;538;179;145;871
0,8127,8182,1,0,0,8,0,439;3;55;2;46;255;596;712
1,8125,8207,1,0,0,8,2,441;3;57;4;48;265;598;714
1,8115,8181,1,0,0,8,2,451;23;67;14;58;275;608;724
0,8081,8139,1,0,0,9,0,485;57;101;48;12;92;309;642;758
0,8080,8135,1,0,0,9,0,486;58;102;49;13;93;310;643;759
1,7959,8016,1,0,0,12,1,607;179;223;170;34;134;214;431;72;61;764;880
1,7937,8161,1,0,0,12,6,624;201;245;192;56;156;236;453;94;83;786;902
1,7877,8123,1,1,0,12,7,624;244;15;305;252;116;216;296;513;154;133;846
1,8231,8314,1,1,0,6,1,335;159;492;577;712;876
1,8220,8497,1,0,0,6,6,346;170;503;580;723;887
0,8201,8257,1,0,0,6,0,365;178;522;580;742;906
1,8191,8424,1,0,0,6,5,375;178;532;628;752;916
1,8185,8261,1,1,0,6,1,381;205;538;628;758;922
1,8168,8256,1,1,0,7,1,398;14;5;208;554;671;775
1,8150,8217,1,0,0,6,1,416;32;23;240;554;689
1,8137,8192,1,0,0,7,1,429;1;45;36;253;586;702
1,6260,6316,1,1,0,9,1,94;44;66;237;324;161;238;662;301
1,6264,6317,1,0,0,9,1,90;40;62;237;322;145;234;658;297
1,6284,6364,1,1,0,11,2,70;20;42;237;302;135;214;638;277;305;700
1,6310,6594,1,0,0,10,6,44;16;237;253;111;188;612;251;279;674
1,6310,6386,1,0,0,10,2,44;16;237;253;111;188;612;251;279;597
1,6314,6389,1,0,0,11,1,40;12;237;253;96;184;608;247;275;597;594
1,6320,6400,1,0,0,11,2,34;6;235;253;96;178;602;241;269;550;588
1,6339,6424,1,0,0,10,1,15;216;247;82;159;529;222;250;550;569
0,6352,6423,1,0,0,10,0,2;199;234;69;146;529;209;237;550;556
0,6365,6451,1,0,0,9,0,190;221;56;133;529;196;224;550;543
1,6367,6433,1,0,0,9,2,188;219;54;131;529;194;222;550;541
1,6386,6473,1,0,0,10,2,169;200;35;112;529;175;203;518;522;614
0,6387,6459,1,0,0,10,0,168;199;34;111;529;174;202;511;521;613
1,6389,6445,1,0,0,10,2,166;197;32;109;529;172;200;511;519;611
1,6393,6444,1,1,0,10,2,162;193;28;105;519;168;196;511;515;607
1,6400,6457,1,0,0,10,2,155;186;21;98;519;161;189;511;508;600
1,6459,6521,1,0,0,9,1,96;127;39;463;102;130;511;449;541
1,6425,6639,1,0,0,9,4,130;161;73;497;136;164;511;465;575
1,6479,6712,1,0,0,9,3,76;107;19;437;37;110;505;429;521
1,6460,6660,1,1,0,9,3,95;126;38;437;101;129;511;448;540
1,6487,6546,1,0,0,9,1,68;99;11;413;37;102;497;421;513
1,6483,6557,1,0,0,9,1,72;103;15;413;37;106;501;425;517
1,6510,6587,1,1,0,10,2,45;76;412;3;79;474;398;469;455;706
1,6506,6563,1,0,0,9,1,49;80;413;3;83;478;402;494;459
1,6522,6606,1,1,0,10,1,33;64;358;3;67;462;386;469;443;694
1,6515,6593,1,0,0,10,1,40;71;359;3;74;469;393;469;450;701
1,6554,6607,1,0,0,10,1,1;32;358;3;35;430;354;446;334;643
1,6553,6640,1,0,0,10,2,2;33;358;3;36;431;355;447;412;643
1,6562,6651,1,1,0,8,2,24;358;27;422;346;438;334;633
1,6555,6791,1,0,0,10,3,0;31;358;3;34;429;353;445;334;642
1,6577,6800,1,1,0,8,3,9;345;12;407;331;423;319;517
1,6574,6805,1,1,0,8,4,12;348;15;410;334;426;319;633
1,6630,6862,1,0,0,7,3,292;354;278;370;319;517;404
1,6658,6723,1,0,0,7,1,264;326;250;342;307;517;376
0,6578,6650,1,0,0,8,0,8;344;11;406;289;422;319;517
0,6627,6690,1,0,0,7,0,295;357;281;373;319;517;407
1,6672,6760,1,0,0,7,1,250;312;236;328;293;512;316
1,6701,6760,1,0,0,8,2,221;283;207;299;264;512;303;595
1,6660,6739,1,0,0,7,1,262;324;248;340;303;517;374
1,6663,6732,1,0,0,7,1,259;321;245;337;302;512;371
1,6740,6961,1,0,0,8,4,182;244;168;260;223;476;294;556
1,6756,6828,1,0,0,8,2,166;228;152;244;209;460;278;540
1,6713,6765,1,1,0,8,1,209;271;195;287;252;503;301;583
1,6728,6993,1,1,0,8,3,194;256;180;272;237;488;301;568
1,6793,6865,1,0,0,8,1,129;165;115;207;172;423;241;503
1,6799,7009,1,1,0,8,4,123;165;101;201;166;417;235;497
1,6759,7022,1,0,0,8,6,163;225;149;241;206;457;268;537
1,6777,6829,1,0,0,8,1,145;207;117;223;188;439;257;519
1,6832,6892,1,0,0,8,2,90;152;76;168;129;384;184;464
1,6831,6901,1,0,0,8,2,91;153;77;169;129;385;203;465
1,6822,6897,1,1,0,8,1,100;162;86;178;129;394;210;474
1,6819,6895,1,0,0,8,2,103;165;89;181;146;397;210;477
1,6879,6963,1,0,0,8,1,43;89;29;121;86;337;155;417
1,6877,7176,1,0,0,8,3,45;107;31;123;88;339;156;419
1,6870,6943,1,0,0,8,2,52;114;38;130;95;346;164;426
1,6850,6916,1,0,0,8,2,72;122;58;150;115;366;184;446
1,6941,7025,1,0,0,6,2,43;59;24;275;93;355
0,6933,6988,1,0,0,6,0,51;67;32;283;101;363
1,6909,7194,1,0,0,7,2,13;75;91;56;307;125;387
1,6888,7129,1,0,0,8,3,34;89;20;112;77;328;146;408
1,7022,7111,1,0,0,5,1,194;12;274;602;664
0,6993,7049,1,0,0,6,0,7;223;41;303;631;693
0,6949,7030,1,0,0,6,0,35;51;16;267;55;347
1,6948,7029,1,0,0,6,2,36;52;17;268;73;348
1,711,762,1,0,0,14,1,97;186;85;219;460;684;405;634;319;598;405;646;334;478
1,691,762,1,0,0,15,2,99;193;9;105;239;480;708;425;654;339;618;425;666;354;498
1,657,720,1,0,0,14,1,151;193;43;139;273;514;742;459;688;373;652;459;700;388
1,649,871,1,1,0,14,9,159;248;51;147;281;522;750;467;696;381;660;463;708;396
1,741,829,1,0,0,15,3,67;156;32;189;430;658;375;604;289;568;375;616;304;448;690
0,728,779,1,0,0,14,0,75;169;32;202;443;663;388;617;302;581;388;629;317;461
1,724,1010,1,0,0,14,8,75;173;72;206;447;663;392;621;306;585;392;633;321;465
1,713,800,1,0,0,14,2,75;184;83;217;458;684;403;632;317;596;403;644;332;476
1,558,815,1,1,0,13,8,224;339;142;238;372;613;793;558;787;472;751;86;558
0,547,604,1,1,0,13,0,224;350;153;249;383;624;793;569;798;483;762;97;569
1,540,592,1,0,0,13,1,268;357;160;256;390;631;793;576;805;490;769;104;576
0,537,593,1,1,0,13,0,271;360;163;259;393;634;793;579;808;493;772;107;579
1,644,921,1,0,0,15,11,164;253;56;152;286;527;755;472;701;386;665;0;472;713;401
1,616,672,1,0,0,15,2,192;281;84;180;314;555;783;500;729;414;693;28;500;741;429
1,583,854,1,0,0,15,10,224;314;117;193;347;588;793;533;762;447;726;61;533;774;462
1,567,618,1,0,0,14,2,224;330;133;207;363;604;793;549;778;463;742;77;549;790
1,438,508,1,1,0,12,2,370;3;459;262;358;492;733;961;678;907;592;871
1,444,528,1,0,0,11,2,364;453;247;352;486;727;955;672;901;586;865
1,325,402,1,1,0,12,1,3;483;24;116;21;572;308;455;605;846;1074;791
0,412,463,1,1,0,10,0,396;29;485;288;384;518;759;987;704;933
0,506,571,1,0,0,13,0,302;391;194;290;424;665;893;610;839;524;803;138;610
1,520,608,1,0,0,13,1,288;377;180;276;410;651;879;596;825;510;789;124;596
1,466,519,1,1,0,11,1,342;431;234;328;464;705;933;650;879;564;843
1,480,704,1,0,0,12,7,328;417;220;316;450;691;919;636;865;550;829;164
1,263,334,1,0,0,10,1,65;500;27;178;83;634;437;533;667;908
1,269,339,1,1,0,10,2,59;497;27;172;77;628;431;527;661;902
0,258,313,1,1,0,9,0,70;500;27;183;88;639;442;538;672
0,261,312,1,0,0,9,0,67;500;27;180;85;636;439;535;669
1,304,521,1,0,0,10,5,24;497;27;137;34;593;396;458;626;867
1,313,399,1,1,0,11,1,15;495;27;128;33;584;387;455;617;858;1086
1,290,340,1,0,0,10,2,38;497;27;151;56;607;410;506;640;881
1,298,500,1,1,0,10,4,30;497;27;143;34;599;402;498;632;873
1,149,356,1,0,0,9,2,179;659;200;100;251;197;748;551;647
1,143,205,1,0,0,9,1,185;665;206;106;252;203;753;557;653
1,191,404,1,0,0,10,3,137;617;158;58;250;155;706;444;605;739
0,152,224,1,0,0,9,0,176;656;197;97;251;194;745;444;644
1,215,289,1,1,0,10,3,113;593;27;34;226;131;682;444;581;715
0,209,298,1,0,0,10,0,119;599;27;40;232;137;688;444;587;721
0,235,299,1,0,0,10,0,93;500;27;14;206;111;662;444;561;695
1,221,520,1,0,0,10,5,107;587;27;28;220;125;676;444;570;709
0,42,102,1,0,0,11,0,286;766;90;37;307;207;399;47;304;855;658
1,3,79,1,0,0,8,1,325;805;129;76;346;246;438;96
1,103,158,1,0,0,9,1,225;705;29;246;146;334;243;794;597
1,51,115,1,0,0,11,1,277;757;81;28;298;198;390;47;295;846;649
0,129,213,1,0,0,10,0,199;679;3;220;120;312;217;753;571;667
1,118,379,1,0,0,9,7,210;690;14;231;131;319;228;779;582
1,142,398,1,0,0,9,6,186;666;207;107;294;204;753;558;654
1,135,185,1,0,0,9,1,193;673;214;114;306;211;753;565;661
1,1593,1660,1,1,0,11,1,100;300;29;221;6;292;125;130;148;486;508
0,1593,1645,1,0,0,11,0,100;300;29;221;6;292;125;130;146;486;508
1,1574,1659,1,0,0,10,1,119;300;48;240;6;311;135;149;228;505
0,1587,1676,1,0,0,11,0,106;300;35;227;6;298;131;136;148;492;514
1,1568,1637,1,0,0,10,2,125;347;54;246;6;317;150;155;234;511
1,1569,1651,1,1,0,10,2,124;300;53;245;6;316;149;154;233;510
1,1532,1737,1,0,0,11,4,161;11;383;90;282;138;353;172;191;270;547
1,1558,1778,1,0,0,10,6,135;357;64;256;112;327;160;165;244;521
1,1666,1721,1,0,0,10,1,27;249;148;4;219;52;57;107;413;435
0,1681,1735,1,0,0,9,0,12;206;133;204;37;42;107;398;420
1,1653,1885,1,0,0,10,4,40;262;161;6;232;65;70;146;426;448
1,1656,1881,1,0,0,10,4,37;259;158;6;229;62;67;107;423;445
1,1622,1707,1,0,0,11,2,71;293;0;192;6;258;96;101;146;457;479
1,1646,1698,1,0,0,10,1,47;269;168;6;239;72;77;146;433;455
1,1602,1690,1,1,0,11,1,91;300;20;212;6;283;116;121;146;477;499
0,1618,1668,1,0,0,11,0,75;297;4;196;6;258;100;105;146;461;483
1,1305,1526,1,1,0,16,7,94;40;4;52;126;388;238;610;317;509;365;580;210;413;418;497
1,1281,1334,1,0,0,16,2,118;40;28;76;132;412;262;634;341;533;389;601;234;429;442;521
1,1274,1334,1,0,0,16,2,125;71;35;83;132;419;269;641;348;540;396;601;241;429;449;528
1,1264,1325,1,0,0,15,1,135;81;45;93;132;429;279;651;358;550;406;621;251;429;459
1,1240,1296,1,1,0,15,1,159;105;69;117;132;453;303;675;382;574;430;633;275;466;483
1,1235,1435,1,0,0,15,8,164;110;74;122;132;458;308;680;387;579;435;633;276;483;488
1,1214,1283,1,1,0,15,1,185;131;95;143;132;479;329;701;408;600;456;633;276;504;509
1,1203,1257,1,1,0,15,2,196;142;106;154;132;490;340;712;419;611;467;633;312;515;520
1,1530,1587,1,1,0,11,1,163;13;385;92;284;140;355;188;193;272;549
1,1481,1567,1,0,0,12,2,212;62;434;141;333;189;404;34;237;242;321;598
1,1417,1471,1,0,0,13,1,14;276;126;498;205;397;253;468;98;267;306;385;662
1,1410,1474,1,0,0,13,1,21;283;133;505;212;404;260;475;105;308;313;392;669
1,1353,1419,1,0,0,15,2,46;4;78;340;190;562;269;461;317;532;162;365;370;449;726
1,1334,1613,1,0,0,15,9,63;11;23;97;359;209;581;288;480;336;551;181;384;389;468
1,1317,1375,1,0,0,15,1,82;28;40;114;376;226;598;305;497;353;568;198;401;406;485
0,1309,1390,1,0,0,16,0,90;36;0;48;119;384;234;606;313;505;361;576;206;409;414;493
1,1048,1117,1,1,0,17,2,123;351;63;297;254;68;309;141;383;645;495;867;574;766;622;837;467
0,1055,1126,1,0,0,18,0,116;333;61;290;254;61;302;134;376;638;488;860;567;759;615;830;460;663
1,1064,1138,1,0,0,19,3,107;333;52;281;245;52;293;125;367;629;479;851;558;750;606;821;451;654;659
1,1081,1343,1,0,0,19,14,90;318;18;264;228;35;276;108;350;612;462;834;541;733;589;804;434;637;642
1,1005,1074,1,0,0,16,1,166;394;111;340;25;303;111;352;40;184;426;688;538;907;617;809
1,1028,1095,1,0,0,18,2,143;371;88;317;2;254;88;329;17;161;403;665;515;887;594;786;642;857
0,1033,1093,1,1,0,17,0,138;366;80;312;254;83;324;12;156;398;660;510;882;589;781;637;852
1,1045,1134,1,0,0,17,3,126;354;71;300;254;71;312;0;144;386;648;498;870;577;769;625;840
1,1163,1242,1,0,0,17,1,8;236;182;146;194;26;132;530;380;752;459;651;507;722;352;555;560
1,1172,1381,1,1,0,16,8,218;173;137;185;17;132;521;371;743;450;642;498;713;343;546;551
1,1173,1472,1,0,0,16,11,218;172;136;184;16;132;520;370;742;449;641;497;667;342;545;550
1,1177,1254,1,0,0,16,2,218;168;132;180;12;132;516;366;738;445;637;493;649;338;541;546
0,1088,1155,1,0,0,19,0,83;311;8;257;221;28;269;101;343;605;455;827;534;726;582;797;427;630;635
1,1102,1153,1,0,0,19,1,69;297;8;243;207;14;255;87;329;591;441;813;520;712;568;783;413;616;621
1,1125,1403,1,0,0,17,10,46;274;220;184;232;64;306;568;418;790;497;689;545;760;390;593;598
1,1133,1212,1,0,0,17,1,38;266;212;176;224;56;289;560;410;782;489;681;537;752;382;585;590
1,815,879,1,0,0,14,2,82;115;356;584;301;530;215;494;301;542;230;374;552;878
1,810,899,1,0,0,14,2,87;120;361;589;306;535;220;499;306;547;235;379;621;883
1,843,917,1,1,0,15,1,54;87;328;556;271;502;187;466;273;514;202;346;552;850;700
1,817,894,1,0,0,14,3,80;113;354;557;299;528;213;492;299;540;228;372;552;876
1,757,810,1,0,0,15,1,48;140;32;173;414;642;346;588;273;552;359;600;288;432;674
1,742,823,1,0,0,15,2,66;155;32;188;429;657;346;603;288;567;374;615;303;447;689
1,776,859,1,0,0,15,2,23;121;20;154;395;606;340;569;254;533;340;581;269;413;655
1,765,831,1,0,0,15,2,23;132;31;165;406;634;346;580;265;544;351;592;280;424;666
1,963,1028,1,0,0,15,1,208;436;153;382;67;346;153;394;82;226;468;730;580;952;659
1,939,1193,1,1,0,14,9,232;454;177;406;91;370;177;418;106;250;492;754;604;976
1,988,1196,1,0,0,16,8,183;411;128;357;42;303;128;369;57;201;443;705;555;907;634;826
1,963,1013,1,0,0,15,1,208;436;153;382;67;303;153;394;82;226;468;730;580;952;659
1,856,919,1,1,0,15,1,41;74;315;543;260;489;174;453;221;501;189;333;537;837;687
1,850,907,1,1,0,15,1,47;80;321;549;266;495;180;459;266;507;195;339;537;843;693
1,923,1005,1,0,0,14,2,7;248;476;193;422;107;386;193;434;122;266;508;770;620
1,886,975,1,0,0,15,2,11;44;285;513;230;459;144;423;221;471;159;303;529;807;657
1,2354,2424,1,0,0,9,1,444;123;97;79;426;258;830;389;408
1,2358,2426,1,0,0,9,1,440;119;93;79;396;254;826;389;404
1,2348,2621,1,0,0,9,4,450;129;103;128;432;258;836;451;414
1,2352,2428,1,0,0,9,1,446;125;99;124;428;258;832;389;410
1,2381,2449,1,0,0,9,1,417;96;70;79;396;154;803;389;381
0,2395,2452,1,0,0,9,0,403;82;56;79;376;154;789;389;367
1,2360,2448,1,0,0,9,1,438;117;91;79;396;247;824;389;402
1,2375,2460,1,0,0,9,1,423;102;76;79;396;237;809;389;387
1,2420,2480,1,0,0,9,1,378;57;31;56;360;154;764;379;342
1,2425,2514,1,0,0,9,1,373;52;26;28;355;154;759;374;337
0,2411,2481,1,0,0,9,0,387;66;40;65;369;154;773;388;351
0,2418,2480,1,1,0,9,0,380;59;33;58;362;154;766;381;344
1,2540,2775,1,0,0,9,4,258;240;72;644;259;222;718;784;690
1,2565,2651,1,0,0,10,1,233;215;47;619;234;197;693;759;608;891
1,2443,2522,1,0,0,9,1,355;34;8;28;337;154;741;356;319
0,2525,2592,1,0,0,8,0,273;255;87;659;274;237;733;799
1,2131,2220,1,0,0,7,1,26;185;10;667;346;276;345
1,2115,2366,1,0,0,7,3,42;201;26;683;362;336;361
1,2081,2163,1,1,0,8,1,20;61;235;43;717;396;365;395
1,2079,2138,1,0,0,9,1,0;22;61;237;62;719;398;365;397
0,2156,2238,1,0,0,6,0,1;160;642;321;186;320
1,2154,2224,1,1,0,6,1,3;162;644;323;187;322
1,2145,2209,1,0,0,6,2,12;171;653;332;187;331
0,2137,2221,1,0,0,7,0,20;179;4;661;340;187;339
1,2235,2502,1,0,0,8,3,81;563;242;186;241;537;377;949
1,2198,2487,1,0,0,7,3,118;600;279;186;278;562;414
0,2173,2242,1,1,0,7,0,143;625;304;186;303;562;439
1,2165,2398,1,0,0,6,3,151;633;312;186;311;615
0,2339,2393,1,0,0,8,0,459;138;112;137;441;258;845;460
1,2329,2400,1,0,0,8,1,469;148;122;147;451;283;855;470
0,2273,2349,1,0,0,9,0,43;525;204;178;203;507;299;911;526
1,2250,2464,1,0,0,9,3,66;548;227;186;226;520;362;934;549
0,1927,1993,1,0,0,8,0,152;174;230;389;159;871;550;524
1,1930,2013,1,1,0,8,2,149;171;227;386;159;868;547;521
1,1931,2006,1,1,0,8,2,148;170;222;385;159;867;546;520
0,1934,1985,1,0,0,8,0,145;167;222;382;159;839;543;517
1,1939,2211,1,0,0,8,6,140;162;218;377;159;839;538;512
0,1971,2028,1,1,0,9,0,108;130;186;345;138;827;506;480;505
1,1975,2040,1,0,0,9,1,104;126;182;341;138;823;502;476;501
0,1976,2032,1,0,0,9,0,103;125;181;340;138;822;501;418;500
1,1988,2065,1,0,0,9,1,91;113;169;328;138;810;489;418;488
1,2027,2102,1,1,0,9,1,52;74;130;289;114;771;450;404;449
1,2039,2089,1,0,0,9,1,40;62;118;277;89;759;438;404;437
1,2055,2125,1,0,0,9,1,24;46;102;261;86;743;406;396;421
1,2064,2291,1,1,0,9,4,15;37;93;252;76;734;406;387;412
1,2065,2121,1,0,0,9,2,14;36;92;251;76;733;406;366;411
0,2066,2144,1,0,0,9,0,13;35;61;250;75;732;406;366;410
1,2070,2342,1,0,0,9,4,9;31;61;246;71;728;406;366;406
1,1721,1802,1,0,0,9,2,194;93;164;2;81;358;380;436;595
0,1706,1756,1,0,0,9,0,206;108;179;12;17;96;373;395;451
1,1772,2057,1,0,0,10,6,143;42;113;30;307;329;385;544;369;973
1,1754,1840,1,1,0,10,1,161;60;131;48;325;347;394;562;387;1044
1,1792,1846,1,0,0,11,1,110;22;93;10;287;309;365;524;349;970;685
1,1788,1868,1,1,0,11,2,110;26;97;14;291;313;369;528;353;973;689
1,1816,2062,1,3,0,9,7,99;69;263;285;341;500;325;947;661
1,1797,1855,1,1,0,11,1,110;17;88;5;282;304;360;519;344;960;680
1,1856,1937,1,0,0,9,1,59;29;223;245;296;460;285;908;621
1,1831,1906,1,0,0,9,2,84;54;248;270;326;485;310;908;646
0,1865,1929,1,1,0,9,0,22;20;214;236;292;451;276;901;612
1,1864,1940,1,0,0,9,1,51;21;215;237;293;452;277;901;613
1,1874,2076,1,0,0,9,5,1;11;205;227;283;442;267;901;603
1,1867,1956,1,1,0,9,2,22;18;212;234;290;449;274;901;610
1,1918,2161,1,0,0,8,5,161;183;239;398;159;876;559;533
1,1911,2139,1,0,0,9,4,1;168;190;246;405;230;876;566;540
239
5,346,22.98,11
8,897,133.60,10
0,328,0.00,4
0,808,259.08,9
0,132,0.00,1
0,79,0.00,1
0,349,131.61,6
0,249,0.00,2
0,441,127.43,5
0,99,49.29,1
3592,4419,0.00,10
3611,4223,0.00,11
3492,4351,274.52,9
3544,4131,0.00,8
3722,4517,0.00,10
3888,4556,0.00,11
3619,4041,0.00,8
3721,4677,0.00,11
3102,3521,126.83,10
3241,4346,164.03,11
3063,3777,79.87,11
3085,3685,0.00,9
3327,4026,28.99,11
3356,4145,278.16,11
3282,4120,0.00,8
3294,3935,73.84,9
2561,3456,0.00,9
2529,3230,218.27,9
2520,3324,192.46,8
2481,3258,233.83,8
3015,3871,99.25,8
2920,3718,46.11,8
2759,3453,30.85,11
2693,3501,389.43,11
2162,2780,168.24,11
1970,2476,73.38,8
1896,2451,273.77,8
1785,2477,32.91,9
2344,2762,46.25,10
2248,2799,117.53,8
2223,3184,0.00,9
2172,2612,178.98,11
1062,1723,0.00,10
1272,1802,121.57,10
1344,2079,0.00,9
1580,2101,0.00,8
1689,2157,122.06,9
1713,2316,0.00,10
1739,2141,147.47,8
1747,2798,196.47,8
823,1543,0.00,11
925,1915,221.12,9
958,1622,0.00,10
977,1814,0.00,8
1008,1670,106.17,8
1008,1885,175.53,8
1048,1515,36.24,9
1055,1718,163.23,8
475,644,0.00,11
427,1309,123.29,10
562,1357,0.00,10
498,1116,55.77,11
669,1189,0.00,9
583,1045,0.00,8
784,1693,0.00,9
738,1431,307.87,8
127,796,201.81,10
39,700,229.03,9
262,1171,0.00,8
180,930,0.00,11
318,1116,173.73,9
306,1399,284.74,11
423,1030,0.00,11
373,1345,31.39,8
14657,15422,0.00,9
14611,15629,0.00,8
14538,15065,0.00,9
14643,14860,0.00,11
14622,15229,102.67,8
13738,14449,0.00,8
13564,14502,164.97,10
13561,14160,0.00,9
13401,14098,127.91,8
13395,14321,171.76,8
13288,14116,170.58,9
13231,13571,220.37,9
13174,13884,160.46,11
13152,14102,170.09,8
13065,13812,0.00,10
12968,13569,83.57,9
12943,13646,129.32,8
12744,13559,67.76,9
12428,12973,0.00,11
12355,12985,203.36,8
12320,13180,0.00,11
14472,15424,93.52,11
14526,15164,32.11,11
14257,15201,0.00,11
14304,14912,64.63,11
14216,14707,44.65,10
14235,14911,39.04,8
14100,15000,139.49,9
14215,15099,171.58,10
13899,14457,84.16,8
14069,14857,0.00,11
13808,14486,88.82,9
13847,14504,0.00,10
13802,14429,113.03,11
13802,14638,170.72,11
13751,14958,110.14,11
13758,14569,0.00,9
6284,6984,255.14,10
6312,6908,149.17,8
6370,7000,25.88,10
6496,6965,146.43,9
5897,6498,158.45,10
6004,6922,212.46,8
6046,6561,98.06,8
6279,6589,0.00,9
6986,7686,0.00,10
7027,7635,43.44,10
7137,8566,174.14,10
7181,8138,232.73,8
6508,7216,224.14,9
6627,7034,194.73,10
6701,7296,261.18,11
6961,7624,176.23,8
7412,8093,0.00,10
7403,7993,0.00,11
7503,8390,122.16,11
7439,8173,0.00,10
7228,8182,0.00,9
7224,7901,346.27,11
7389,8129,0.00,8
7232,7752,0.00,8
8184,9107,123.17,8
8156,8943,103.75,9
8306,8760,0.00,9
8298,9049,239.49,9
7586,8020,159.39,9
7585,8031,62.92,10
7908,8839,213.92,10
7748,8723,32.42,11
4096,5114,177.86,10
4143,5138,193.31,11
4003,4908,111.19,11
4057,4567,0.00,8
3980,4723,0.00,11
4001,4876,18.02,9
3933,4395,13.71,8
3939,4324,97.92,8
4888,5314,0.00,11
4911,5632,0.00,8
4799,5638,508.07,11
4882,5428,0.00,8
4391,4884,173.88,9
4455,5236,449.62,8
4283,4851,16.86,9
4308,5067,218.43,10
5354,6184,264.54,11
5286,6131,201.80,11
5053,5899,259.73,9
5009,5912,31.03,9
4949,5415,0.00,8
4941,5641,217.16,8
4928,5416,46.75,10
4920,5752,0.00,8
5850,6421,184.52,8
5682,6586,261.82,10
5677,6555,111.80,9
5675,6326,43.68,8
5641,6184,0.00,11
5637,6304,0.00,11
5527,6354,0.00,8
5394,6254,0.00,8
10667,11609,244.52,11
10754,11376,0.00,11
10800,11586,167.90,8
10855,11497,199.44,11
11096,11483,0.00,8
11168,11867,235.73,8
11203,12204,180.11,9
11205,11939,44.03,9
11221,11927,9.25,11
11287,11972,0.00,11
11350,12195,50.72,8
11383,12115,162.13,9
11449,12241,235.23,11
11469,11931,98.50,8
11500,12327,236.71,9
11522,12479,38.61,10
11749,12397,0.00,11
11559,12482,0.00,8
11926,12572,0.00,11
11915,12472,127.28,9
11961,12562,0.00,9
11945,13129,128.11,9
12123,12881,69.47,8
12012,12735,342.21,10
12177,12921,0.00,8
12139,13334,284.38,11
12200,12894,172.04,8
12187,12917,0.00,10
12261,12703,0.00,8
12232,12772,102.61,11
12318,13055,286.27,9
12299,12779,0.00,10
8450,9196,87.77,10
8567,9214,0.00,9
8336,9266,124.56,9
8352,9110,100.31,11
8660,9739,0.00,8
8839,9623,248.62,9
8644,9403,109.44,11
8659,9106,0.00,10
8978,9822,93.57,8
8985,9592,0.00,8
8914,9423,0.00,11
8940,9452,71.98,10
9145,9891,0.00,8
9238,9782,112.20,9
9071,10059,164.57,11
9111,10017,0.00,9
9398,10291,0.00,11
9398,10142,52.84,8
9367,10242,154.47,10
9355,10088,231.62,11
9845,10802,251.52,8
9788,10419,159.57,11
9592,10017,0.00,11
9432,9948,0.00,10
10117,10670,398.51,9
10105,11197,406.41,11
10058,11050,0.00,11
9878,10342,121.57,10
10466,11461,237.60,10
10434,11222,99.39,11
10347,11427,30.46,9
10171,10556,114.46,10
