1007
0,83,167,1,1,0,8,0,70;55;303;15;151;91;379;106
0,83,145,1,1,0,8,0,70;55;303;15;151;91;379;106
1,95,181,1,1,0,8,1,70;43;303;3;151;79;367;94
0,124,186,1,2,0,7,0,70;14;300;151;50;338;65
0,126,187,1,1,0,7,0,70;12;300;151;48;336;63
1,129,213,1,3,0,7,1,70;9;300;151;45;333;60
1,138,208,1,3,0,8,1,70;0;294;151;36;324;51;828
0,159,244,1,1,0,7,0,70;294;151;15;258;30;807
1,8,272,1,1,0,8,3,304;130;478;59;327;166;454;181
0,25,113,1,2,0,8,0,70;113;461;59;310;149;437;164
1,25,281,1,1,0,8,4,70;113;461;59;310;149;437;164
0,42,102,1,1,0,8,0,70;96;444;56;182;132;420;147
1,54,341,1,1,0,8,4,70;84;432;44;182;120;408;135
1,69,354,1,3,0,8,2,70;69;417;29;172;105;393;120
1,77,370,1,5,0,8,3,70;61;303;21;172;97;385;112
0,81,147,1,1,0,8,0,70;57;303;17;151;93;381;108
1,0,55,1,3,0,8,2,312;138;486;98;335;174;462;189
1,1253,1341,1,1,0,10,1,57;203;168;225;51;379;408;28;710;813
1,1263,1331,1,0,0,10,2,47;193;158;215;41;369;398;18;700;768
0,1327,1382,1,0,0,9,0,129;94;151;305;334;636;739;786;729
1,1330,1622,1,0,0,9,6,126;91;148;302;331;633;736;783;726
1,1196,1252,1,1,0,13,1,86;32;260;48;225;30;282;97;17;436;465;85;767
1,1210,1276,1,1,0,13,1,86;32;246;34;211;30;268;94;3;422;451;71;753
0,1219,1308,1,0,0,12,0,86;32;237;25;193;27;259;85;413;442;62;744
0,1227,1297,1,1,0,12,0,83;25;229;17;193;19;251;77;405;434;54;736
1,1180,1239,1,0,0,13,1,130;32;276;64;241;66;298;97;33;452;481;101;783
1,1182,1246,1,0,0,13,3,90;32;274;62;239;64;296;97;31;450;479;99;781
1,1186,1245,1,0,0,13,1,86;32;270;58;235;60;292;97;27;446;475;95;777
1,1190,1243,1,1,0,13,1,86;32;266;54;231;36;288;97;23;442;471;91;773
1,1120,1208,1,0,0,15,3,17;170;51;56;336;124;301;126;358;184;93;512;541;161;843
1,1137,1351,1,0,0,15,7,14;170;51;26;319;107;284;109;341;167;76;495;524;144;826
1,1147,1210,1,1,0,15,3,4;141;51;26;309;97;274;99;331;157;66;485;514;134;816
1,1169,1222,1,1,0,14,1,141;51;7;287;75;252;77;309;97;44;463;492;112;794
1,1462,1692,1,161,0,10,6,16;119;73;501;604;651;594;490;549;1101
1,1452,1707,1,42,0,11,6,4;26;119;82;511;614;661;604;500;559;1111
0,1494,1573,1,511,0,9,0,119;73;469;572;619;562;458;517;1069
0,1489,1559,1,588,0,9,0,119;73;474;577;624;567;463;522;1074
0,1424,1480,1,3,0,9,0,25;54;119;100;539;642;689;632;528
1,1407,1637,1,1,0,10,4,25;14;71;119;118;556;655;706;649;545
1,1439,1508,1,10,0,11,3,17;39;119;95;524;627;674;617;513;572;1124
1,1431,1517,1,2,0,10,4,25;47;119;100;532;635;682;625;521;580
1,1390,1451,1,1,0,10,2,41;31;88;119;119;573;676;723;666;562
1,1389,1619,1,0,0,10,4,41;32;89;119;140;574;677;724;667;563
1,1404,1459,1,0,0,10,2,25;17;74;119;119;559;662;709;652;548
1,1404,1625,1,0,0,10,4,25;17;74;119;119;559;655;709;652;548
1,1356,1421,1,1,0,10,2,100;65;122;119;140;607;710;757;700;596
1,1355,1590,1,0,0,10,4,101;66;123;119;306;608;711;758;701;597
1,1376,1458,1,0,0,10,2,50;45;102;119;140;587;683;737;680;576
1,1362,1427,1,1,0,10,2,94;59;116;119;140;601;683;751;694;590
1,1692,1777,1,0,0,10,2,78;374;240;364;260;319;848;807;202;943
1,1693,1989,1,0,0,10,10,78;363;240;363;259;318;848;806;201;942
1,1685,1926,1,1,0,10,9,278;381;428;371;267;326;848;814;209;950
1,1686,1978,1,0,0,10,6,78;380;427;370;266;325;848;813;208;949
0,1651,1721,1,1,0,10,0,10;312;415;462;405;301;360;859;848;243
1,1674,1742,1,0,0,10,1,289;392;439;382;278;337;859;825;220;961
0,1607,1665,1,0,0,11,0,25;41;356;459;482;449;345;404;956;892;287
1,1631,1717,1,0,0,11,1,1;30;332;435;482;425;321;380;932;868;263
1,1583,1658,1,1,0,10,1,25;41;380;483;530;473;349;428;980;916
0,1591,1663,1,0,0,10,0,25;41;372;475;482;465;349;420;972;908
1,1537,1614,1,0,0,9,1,95;41;426;529;533;519;415;474;1026
1,1572,1641,1,0,0,10,2,60;41;391;494;533;484;349;439;991;927
1,1511,1592,1,51,0,9,1,113;73;452;555;602;545;441;500;1052
1,1532,1620,1,20,0,9,4,100;73;431;534;533;524;420;479;1031
1,1503,1582,1,513,0,9,1,119;73;460;563;610;553;449;508;1060
0,1511,1566,1,51,0,9,0,113;73;452;555;533;545;441;500;1052
1,1978,2220,1,0,0,11,4,88;86;78;33;515;521;657;418;426;665;571
1,1954,2036,1,1,0,11,2,5;112;144;102;57;515;545;681;442;450;689
1,1941,2027,1,0,0,12,1,22;125;144;115;11;70;515;558;694;455;463;702
1,1929,2138,1,0,1,12,5,34;137;144;127;23;82;634;570;706;467;475;705
0,1911,1988,1,0,0,12,0,52;137;144;145;41;98;652;588;724;485;493;705
1,1883,1952,1,1,0,13,1,60;137;144;173;69;98;680;616;11;752;513;521;705
1,1882,1942,1,0,0,13,1,60;137;144;174;70;98;681;617;12;753;514;522;705
1,1873,1940,1,1,0,13,1,60;137;144;183;79;98;690;626;21;762;523;531;770
0,1822,1878,1,0,0,12,0,60;137;144;199;130;98;741;677;72;813;574;582
1,1798,1867,1,1,0,12,1,60;137;144;258;154;98;765;701;96;837;598;606
0,1784,1871,1,0,0,12,0,60;137;144;272;168;98;779;715;110;851;612;620
1,1767,1835,1,1,0,12,2,60;137;240;289;185;98;796;732;127;868;629;637
0,1756,1842,1,1,0,10,0,60;137;240;300;196;98;807;743;138;879
1,1719,1925,1,1,0,10,3,60;137;240;337;233;292;844;780;175;916
1,1715,1930,1,1,0,10,6,60;351;240;341;237;296;848;784;179;920
1,1713,2000,1,1,0,10,10,78;353;240;343;239;298;848;786;181;922
1,330,414,1,1,0,12,1,156;5;26;500;470;494;549;821;551;431;980;285
1,334,406,1,0,0,12,1,152;1;26;500;464;490;545;817;547;427;976;281
1,352,413,1,1,0,12,1,134;26;426;450;472;527;799;529;409;958;263;900
1,353,415,1,1,0,12,2,133;26;426;434;471;526;798;528;408;957;262;899
0,354,407,1,1,0,12,0,132;26;426;434;444;525;797;527;407;956;261;898
0,376,435,1,1,0,12,0,110;26;426;426;444;503;775;505;385;934;239;876
1,388,613,1,1,0,13,10,98;26;426;414;436;491;763;493;373;922;227;864;788
1,393,457,1,1,0,13,1,93;26;426;409;431;486;758;488;368;917;222;859;783
1,197,274,1,1,0,5,1,70;289;138;258;769
1,221,275,1,0,0,8,1,70;244;114;241;745;581;603;658
1,233,309,1,0,0,8,1,70;215;102;229;733;569;591;646
0,298,369,1,1,0,10,0,14;188;37;164;668;504;526;581;853;583
1,300,381,1,1,0,10,1,12;186;35;162;666;502;524;579;851;581
0,305,368,1,0,0,11,0,7;181;30;157;661;470;519;574;846;576;456
1,318,550,1,0,0,11,8,168;17;144;648;470;506;561;833;563;443;992
1,329,551,1,1,0,12,5,157;6;26;637;470;495;550;822;552;432;981;286
1,588,667,1,1,0,17,3,289;214;123;291;413;293;173;722;27;664;574;868;516;656;833;658;890
1,556,631,1,1,0,15,2,289;246;123;323;413;325;205;754;59;696;620;900;548;688;865
1,614,831,1,1,0,18,8,221;188;123;265;413;267;147;696;1;638;562;842;490;630;807;632;864;690
1,596,663,1,1,0,17,1,221;206;123;283;413;285;165;714;19;656;574;860;508;648;825;650;882
1,656,897,1,1,0,19,11,210;146;123;223;413;225;105;654;596;520;800;448;588;765;590;822;648;557;976
1,624,705,1,1,0,18,1,210;178;123;255;413;257;137;686;628;552;832;480;620;797;622;854;680;589
1,663,939,1,1,0,19,14,198;139;123;216;413;218;98;647;589;513;793;441;581;758;583;815;641;550;969
0,659,724,1,1,0,19,0,198;143;123;220;413;222;102;651;593;517;797;445;585;762;587;819;645;554;973
1,428,488,1,1,0,13,2,58;26;426;367;396;451;723;453;333;882;187;824;748
1,393,454,1,1,0,13,2,93;26;426;390;431;486;758;488;368;917;222;859;783
1,483,570,1,0,0,14,2,3;426;319;341;396;668;398;278;827;132;769;693;973;621
0,453,509,1,1,0,14,0,33;9;426;346;371;426;698;428;308;857;162;799;723;1003
1,531,732,1,1,0,15,4,426;271;293;348;620;350;230;779;84;703;645;925;573;713;890
1,515,596,1,1,0,14,2,426;287;309;364;636;366;246;795;100;703;661;941;589;729
1,539,802,1,1,0,15,10,426;263;123;340;612;342;222;771;76;703;637;917;565;705;882
1,539,766,1,0,0,15,5,289;263;123;340;612;342;222;771;76;703;637;917;565;705;882
1,812,893,1,1,0,18,1,93;12;67;339;69;498;433;364;644;292;432;579;434;666;492;401;820;849
0,813,873,1,1,0,18,0,93;11;66;338;68;497;433;327;643;291;431;579;433;665;491;400;819;848
1,786,837,1,0,0,19,2,93;16;35;93;365;95;524;466;390;670;318;458;579;460;692;518;427;846;875
1,808,876,1,1,0,18,3,93;16;71;342;73;502;444;368;648;296;436;579;438;670;496;405;824;853
1,901,980,1,0,0,16,3,65;250;284;351;275;555;203;343;520;345;577;403;312;731;760;380
1,905,990,1,1,0,16,2,61;246;284;318;271;551;199;339;516;341;573;399;308;727;756;376
1,858,1127,1,1,0,17,10,93;21;293;23;452;394;318;598;246;386;563;388;620;446;355;774;803
1,874,927,1,0,0,18,1,92;5;277;7;284;378;302;582;230;370;547;372;604;430;339;758;787;407
1,737,980,1,1,0,19,10,179;65;87;142;413;144;9;573;515;439;719;367;507;684;509;741;567;476;895
1,749,804,1,1,0,19,3,179;53;52;130;402;132;9;561;503;427;707;355;495;672;497;729;555;464;883
0,674,735,1,1,0,19,0,179;128;123;205;413;207;87;636;578;502;782;430;570;747;572;804;630;539;958
1,716,784,1,1,0,19,2,179;86;108;163;413;165;45;594;536;460;740;388;528;705;530;762;588;497;916
1,776,846,1,1,0,19,4,169;26;35;103;375;105;534;476;400;680;328;468;579;470;702;528;437;856;885
0,779,847,1,0,0,19,0,93;23;35;100;372;102;531;473;397;677;325;465;579;467;699;525;434;853;882
1,770,990,1,1,0,19,10,169;32;52;109;381;111;540;482;406;686;334;474;651;476;708;534;443;862;891
1,772,845,1,1,0,19,1,169;30;35;107;379;109;538;480;404;684;332;472;649;474;706;532;441;860;889
1,1021,1073,1,1,0,15,2,20;249;51;155;435;35;223;400;225;457;283;192;611;640;260
1,1016,1092,1,0,0,15,2,20;249;51;160;440;70;228;405;230;462;288;197;616;645;265
1,966,1019,1,1,0,16,1,0;20;249;51;200;490;70;278;455;280;512;338;247;666;695;315
1,965,1219,1,2,0,16,9,1;20;249;51;200;491;139;279;456;281;513;339;248;667;696;316
1,1095,1303,1,2,0,16,8,17;215;51;81;361;8;149;326;151;383;209;118;537;566;186;868
1,1059,1137,1,1,0,16,2,17;236;51;117;397;35;185;359;187;419;245;154;573;602;222;904
1,1035,1119,1,1,0,15,3,20;236;51;141;421;35;209;359;211;443;269;178;597;626;246
1,1028,1098,1,1,0,15,2,20;236;51;148;428;35;216;393;218;450;276;185;604;633;253
1,934,1148,1,0,0,16,9,32;217;280;318;242;522;170;310;466;312;544;370;279;698;727;347
1,927,1007,1,0,0,16,4,39;224;284;318;249;529;177;317;466;319;551;377;286;705;734;354
1,912,979,1,1,0,16,1,54;239;284;318;264;544;192;332;486;334;566;392;301;720;749;369
1,905,990,1,1,0,16,1,61;246;284;318;271;551;199;339;487;341;573;399;308;727;756;376
1,949,1211,1,1,0,16,12,17;20;280;51;200;507;155;295;466;297;529;355;264;683;712;332
1,945,1212,1,0,0,16,9,21;20;280;307;200;511;159;299;466;301;533;359;268;687;716;336
1,944,1150,1,1,0,16,7,22;42;280;308;200;512;160;300;466;302;534;360;269;688;717;337
1,943,1013,1,1,0,16,1,23;42;280;309;233;513;161;301;466;303;535;361;270;689;718;338
1,2962,3031,1,0,0,11,3,15;164;136;42;376;250;404;217;572;769;482
1,2959,3182,1,1,0,11,9,137;167;139;45;379;253;407;217;575;772;485
1,2968,3230,1,0,0,11,7,15;158;114;36;370;244;398;217;566;763;476
1,2962,3181,1,0,0,11,6,15;162;136;42;376;250;404;217;572;769;482
1,2892,2968,1,0,0,11,1,34;137;223;206;48;55;112;446;320;474;308
1,2870,2948,1,0,0,11,5,56;137;256;206;70;77;134;468;342;496;330
1,2952,3030,1,0,0,11,1,137;174;146;52;386;260;414;248;582;779;492
1,2893,3177,1,0,0,12,7,33;137;223;205;47;37;111;445;319;473;307;641
1,3057,3294,1,0,0,10,2,15;69;22;271;155;309;143;477;674;387
1,3048,3102,1,0,0,10,1,15;78;22;286;164;318;152;486;683;396
1,3091,3162,1,0,0,10,1,15;35;7;95;121;275;109;443;640;353
1,3070,3295,1,1,0,10,6,15;56;22;136;142;296;130;464;661;374
1,2992,3069,1,1,0,11,2,15;134;98;12;346;220;374;208;542;739;452
1,2976,3055,1,0,0,11,1,15;150;114;28;362;236;390;217;558;755;468
1,3046,3122,1,0,0,10,1,15;80;52;286;166;320;154;488;685;398
0,3033,3108,1,0,0,10,0,15;93;65;286;179;333;167;501;698;411
0,3111,3192,1,1,0,9,0,15;15;95;48;255;78;423;620;333
0,3114,3203,1,0,0,9,0,15;12;95;48;252;78;420;617;330
1,3125,3176,1,0,0,9,1,8;1;95;48;241;75;409;606;319
0,3152,3203,1,1,0,8,0,95;46;214;48;382;579;292;359
1,3091,3297,1,1,0,10,4,15;35;3;95;121;275;109;443;640;353
1,3095,3181,1,0,0,10,1,15;31;3;95;65;271;105;439;636;349
1,3105,3171,1,0,0,9,1,15;21;95;65;261;78;429;626;339
0,3108,3173,1,0,0,9,0,15;18;95;48;258;78;426;623;336
1,3218,3268,1,1,0,6,1,80;148;316;513;226;293
1,3226,3294,1,0,0,6,1,80;140;308;505;189;285
0,3272,3342,1,0,0,6,0,66;94;262;459;172;239
1,3283,3493,1,0,0,6,3,55;83;251;448;161;228
1,3164,3232,1,1,0,8,1,95;46;202;36;370;567;280;347
0,3175,3225,1,1,0,8,0,95;6;191;25;359;556;269;336
0,3175,3261,1,0,0,8,0,95;6;191;25;359;556;269;336
1,3208,3283,1,1,0,7,1,95;4;158;326;523;236;303
1,3366,3451,1,0,0,7,2,0;57;322;78;145;798;1077
1,3366,3424,1,1,0,7,1,0;57;322;78;145;791;1077
1,3362,3439,1,0,0,7,2,4;57;322;82;149;801;1077
1,3359,3655,1,1,0,7,2,7;57;337;85;152;801;1077
1,3353,3434,1,1,0,7,2,13;57;337;91;158;868;1077
1,3348,3408,1,0,0,7,1,18;57;337;96;163;873;1124
0,3305,3377,1,1,0,6,0,33;61;57;337;139;206
1,3302,3569,1,0,0,6,3,36;64;57;429;142;209
0,3594,3680,1,1,0,10,0,137;627;878;442;569;572;307;607;594;666
0,3586,3648,1,0,0,10,0,145;635;886;442;577;580;315;615;602;674
1,3514,3733,1,0,0,9,3,20;217;707;958;650;649;652;387;687
1,3504,3554,1,0,0,9,1,30;227;7;717;968;660;659;662;397
1,3411,3484,1,0,0,6,2,57;292;33;100;791;1061
0,3411,3495,1,1,0,6,0,57;292;33;100;748;1061
1,3408,3675,1,1,0,6,3,57;292;36;103;791;1064
1,3392,3452,1,1,0,6,1,57;314;52;119;791;1077
1,3671,3957,1,1,0,11,9,60;521;801;442;492;495;230;530;517;589;384
1,3677,3763,1,0,0,11,2,45;521;795;442;486;489;224;524;511;583;378
0,3657,3742,1,0,0,11,0,74;559;815;442;506;509;244;544;531;603;398
1,3665,3734,1,0,0,11,3,66;556;807;442;498;501;236;536;523;595;390
0,3640,3693,1,0,0,11,0,91;581;832;442;523;526;261;561;548;620;415
1,3645,3734,1,1,0,11,4,86;576;827;442;518;521;256;556;543;615;410
0,3611,3672,1,1,0,10,0,120;610;861;442;552;555;290;590;577;649
1,3629,3680,1,0,0,11,2,102;592;843;442;534;537;272;572;559;631;426
0,3778,3833,1,0,0,10,0,443;629;386;385;388;123;423;405;482;277
1,3806,3890,1,0,0,11,1,415;629;358;357;360;95;395;382;454;249;649
1,3739,3819,1,0,0,10,1,482;714;425;424;427;162;462;405;521;316
1,3777,4027,1,0,0,10,5,444;695;387;386;389;124;423;405;483;278
1,3723,3798,1,0,0,11,1,8;484;714;441;440;443;178;478;465;537;332
0,3724,3809,1,0,0,11,0,7;484;714;440;439;442;177;477;405;536;331
0,3683,3734,1,0,0,11,0,45;521;714;442;480;483;218;518;505;577;372
1,3706,3772,1,0,0,11,2,25;515;714;442;457;460;195;495;482;554;349
0,1994,2049,1,0,0,11,0,72;86;58;17;506;505;641;402;410;649;555
1,1990,2287,1,0,0,11,7,76;86;58;21;515;509;645;406;414;653;559
1,2038,2091,1,1,0,10,1,28;75;18;506;461;597;358;366;605;511
0,2004,2055,1,1,0,11,0,62;86;52;7;506;495;631;392;400;639;545
1,2069,2158,1,1,0,8,1,44;494;430;566;327;335;574;480
1,2046,2100,1,0,0,10,2,20;67;10;503;453;589;350;358;597;503
1,2077,2365,1,0,0,8,7,36;442;422;558;319;327;566;472
1,2073,2124,1,1,0,8,1,40;446;426;562;323;331;570;476
1,2122,2195,1,0,0,8,1,427;377;513;274;282;521;427;622
1,2114,2192,1,0,0,8,1,427;385;521;282;290;529;435;630
0,2149,2208,1,0,0,8,0,414;350;441;247;255;489;400;595
1,2142,2219,1,0,0,8,1,421;357;441;254;262;501;407;602
0,2191,2253,1,0,0,11,0,372;308;428;205;213;452;358;553;735;942;935
1,2183,2266,1,0,0,11,2,380;316;441;213;221;460;366;561;743;950;943
0,2220,2278,1,0,0,11,0,343;279;415;176;184;379;329;524;706;913;906
1,2216,2267,1,0,0,11,1,347;283;419;180;188;427;333;528;710;917;910
0,2223,2290,1,0,0,11,0,340;276;412;173;181;379;326;521;703;910;903
1,2229,2295,1,0,0,11,1,334;270;406;167;175;379;320;515;697;904;897
0,2231,2315,1,0,0,11,0,332;268;404;165;173;358;318;513;695;902;895
0,2232,2291,1,0,0,11,0,331;267;403;164;172;358;317;512;694;901;894
0,2240,2329,1,0,0,11,0,323;259;395;156;164;358;309;504;686;893;886
1,2272,2331,1,0,0,13,2,291;227;363;124;132;358;277;472;654;861;854;826;564
1,2274,2357,1,0,0,13,2,289;225;345;122;130;358;275;470;652;859;852;824;562
1,2275,2518,1,0,0,13,8,288;224;338;121;129;358;274;469;651;858;851;823;561
0,2282,2356,1,0,0,13,0,281;217;338;114;35;358;267;462;644;851;844;816;554
1,2292,2354,1,0,0,13,2,271;207;338;104;35;351;257;452;634;841;834;806;544
0,2299,2351,1,0,0,13,0,264;200;319;97;35;344;250;445;627;834;827;799;537
1,2302,2548,1,0,0,13,8,261;197;319;94;35;341;247;442;624;831;824;796;534
1,2334,2384,1,1,0,15,2,229;30;301;62;35;309;215;410;592;799;792;764;502;606;613
1,2352,2422,1,0,0,15,1,211;30;283;44;35;291;197;392;574;781;774;746;484;588;595
0,2367,2455,1,1,0,15,0,196;30;268;29;35;276;182;377;559;766;759;731;469;573;569
1,2368,2425,1,0,0,15,1,195;30;267;28;35;275;181;376;558;765;758;730;468;572;569
1,2451,2521,1,0,0,16,5,112;13;184;192;98;293;475;682;675;647;385;489;496;553;392;887
1,2447,2502,1,0,0,15,3,116;13;188;196;102;297;479;686;679;651;389;493;500;557;396
1,2442,2517,1,0,0,15,4,121;30;193;201;107;302;484;691;684;656;394;498;505;562;401
1,2414,2473,1,0,0,14,1,149;30;221;229;135;330;512;719;712;684;422;526;533;590
1,2526,2606,1,0,0,15,5,37;109;117;23;93;400;607;600;572;310;414;421;478;317;812
1,2501,2746,1,0,0,15,7,62;134;142;48;243;425;632;625;597;335;439;446;503;342;837
1,2463,2549,1,1,0,16,4,100;13;147;180;86;281;463;670;663;635;373;477;484;541;380;875
1,2462,2718,1,0,0,16,10,101;13;171;181;87;282;464;671;664;636;374;478;485;542;381;876
1,2620,2693,1,0,0,14,4,15;23;93;306;513;506;478;216;320;327;384;198;718;592
1,2598,2652,1,0,0,14,1,37;45;93;328;535;515;500;238;342;349;406;245;740;614
0,2594,2649,1,0,0,14,0,41;49;93;332;539;515;504;242;346;353;410;249;744;618
1,2572,2654,1,0,0,14,5,63;71;93;354;561;554;526;264;368;375;432;271;766;640
1,2682,2771,1,1,0,12,3,62;244;451;424;416;154;258;265;322;161;656;530
1,2679,2766,1,0,0,12,5,65;247;454;447;419;157;261;268;325;164;659;533
0,2666,2755,1,0,0,12,0,78;260;467;460;432;170;274;281;338;177;672;546
1,2636,2721,1,0,0,13,3,7;93;290;497;488;462;200;304;311;368;198;702;576
1,2721,2965,1,0,0,12,5,23;205;412;380;377;115;219;226;283;122;617;491
1,2754,2837,1,0,0,11,5,172;328;372;344;82;186;193;250;89;584;458
0,2696,2753,1,0,0,12,0,48;230;437;424;402;140;244;251;308;147;642;516
1,2719,2772,1,0,0,12,3,25;207;414;407;379;117;221;228;285;124;619;493
1,2770,2849,1,0,0,13,3,156;174;337;328;66;170;177;234;73;568;442;596;430
1,2778,2831,1,1,0,13,1,148;138;337;320;58;162;169;226;65;560;434;588;422
1,2768,3006,1,0,0,13,10,158;328;337;330;68;172;179;236;75;570;444;598;432
0,2768,2827,1,0,0,13,0,158;174;337;330;68;172;179;236;75;570;444;598;432
1,2792,3075,1,1,0,13,9,134;138;334;306;44;148;120;212;51;546;420;574;378
0,2801,2858,1,1,0,13,0,125;138;291;297;35;139;120;203;42;537;411;565;378
1,2783,2854,1,1,0,13,1,143;138;337;315;53;157;120;221;60;555;429;583;417
1,2785,2843,1,0,0,13,1,141;138;337;313;51;155;120;219;58;553;427;581;389
1,2851,2909,1,0,0,11,1,75;137;275;247;89;80;153;487;361;515;349
1,2869,2928,1,0,0,11,1,57;137;257;207;71;78;135;469;343;497;331
1,2804,2869,1,1,0,13,3,122;138;291;294;32;136;120;200;39;534;408;562;378
1,2849,2901,1,0,0,11,1,77;137;277;249;91;98;155;489;363;517;351
1,5277,5351,1,1,0,15,1,48;40;4;143;396;642;352;586;633;307;529;835;754;631;737
1,5274,5353,1,0,0,15,4,51;40;4;156;398;645;355;589;636;310;532;838;757;634;740
1,5268,5346,1,0,0,15,1,57;40;4;156;405;651;361;595;642;316;538;844;763;640;746
1,5255,5457,1,0,0,15,7,70;40;4;204;418;664;374;608;655;329;551;857;776;653;759
1,5191,5268,1,1,0,12,1,134;40;4;268;464;728;417;672;719;393;615;921
1,5184,5261,1,1,0,12,1,141;40;4;275;464;735;445;679;726;400;622;928
1,5182,5256,1,0,0,12,1,142;40;4;277;476;737;447;681;728;402;624;930
1,5171,5450,1,0,0,12,9,154;40;4;288;476;748;453;692;739;413;635;941
1,5169,5249,1,1,0,12,1,156;40;4;290;476;750;460;694;741;415;637;943
1,5168,5403,1,0,0,12,7,157;40;221;291;476;751;461;695;742;416;638;944
1,5163,5446,1,1,0,12,5,1;162;192;226;296;476;756;466;700;747;421;643
0,5160,5242,1,0,0,12,0,4;164;195;229;299;476;759;469;703;750;424;646
1,5150,5212,1,0,0,12,1,14;164;205;239;309;523;769;479;713;760;434;656
0,5113,5178,1,0,0,13,0,4;51;164;242;276;346;560;806;485;750;797;471;693
1,5112,5201,1,0,0,14,1,0;5;52;164;243;277;347;561;807;517;751;798;472;694
0,5109,5160,1,0,0,14,0,3;8;55;164;246;280;350;564;810;520;754;801;475;697
1,4992,5243,1,0,0,13,7,30;49;120;125;172;333;363;397;89;467;681;927;637
1,5102,5185,1,1,0,14,2,10;15;62;188;253;287;357;571;817;527;761;808;482;704
1,4937,5170,1,1,0,13,8,75;14;104;165;180;227;388;418;452;144;486;736;982
1,4955,5206,1,1,0,12,8,67;86;157;162;209;370;400;434;126;486;718;964
1,4924,5007,1,0,0,13,2,98;27;117;165;193;240;401;431;465;157;535;749;995
1,4934,4995,1,1,0,13,2,75;17;107;165;183;230;391;421;455;147;525;739;985
1,4883,4957,1,0,0,11,2,139;68;158;229;234;281;442;472;506;198;576
1,4921,4987,1,0,0,13,1,101;30;120;191;196;243;404;434;468;160;538;752;998
1,4833,4907,1,1,0,12,2,189;111;5;208;279;284;331;492;522;556;248;626
1,4867,4926,1,0,0,11,2,155;84;174;245;250;297;458;488;522;214;592
1,4789,5011,1,0,0,13,6,2;227;162;15;49;252;283;328;375;536;566;600;292
1,4797,4999,1,1,0,12,6,213;154;7;41;244;283;320;367;528;558;592;284
0,4775,4844,1,1,0,13,0,2;234;176;29;63;266;283;342;389;550;580;614;306
1,4780,4854,1,1,0,13,2,2;234;171;24;58;261;283;337;384;545;575;609;301
1,4762,4970,1,1,0,13,6,2;260;189;42;76;279;350;355;402;557;593;627;319
1,4769,4830,1,0,0,13,1,2;234;182;35;69;272;343;348;395;556;586;620;312
1,5774,5863,1,0,0,16,2,145;89;136;29;338;257;134;240;358;316;497;637;229;582;693;571
1,5730,5781,1,0,0,17,1,189;133;180;29;382;301;178;284;402;360;1;541;681;273;626;737;615
1,5833,5915,1,0,0,16,3,86;30;77;279;198;75;181;299;257;438;578;170;523;634;512;813
1,5833,6119,1,0,0,16,9,86;30;20;279;198;75;181;299;257;438;578;170;523;634;512;813
1,5639,5694,1,1,0,15,3,34;268;181;271;167;473;392;269;375;493;449;92;632;772;364
1,5633,5697,1,0,0,15,2,40;268;181;277;173;479;398;275;381;499;457;98;638;778;370
1,5728,5962,1,0,0,17,7,191;135;182;78;384;303;180;286;404;362;3;543;683;275;628;739;617
1,5675,5739,1,1,0,14,2,244;181;235;131;437;356;233;339;457;415;56;596;736;328
1,5574,5660,1,0,0,17,1,70;275;28;289;326;10;232;538;457;334;440;558;516;157;697;837;429
0,5568,5643,1,0,0,17,0,70;275;28;295;326;16;238;544;463;340;446;564;522;163;703;843;435
1,5592,5863,1,1,0,16,11,70;268;20;271;318;214;520;439;316;422;540;498;139;679;819;411
1,5583,5666,1,1,0,17,3,70;268;28;280;326;1;223;529;448;325;431;549;507;148;688;828;420
0,5548,5607,1,0,0,16,0,125;305;28;315;326;36;258;564;483;360;466;584;542;183;723;863
1,5542,5600,1,0,0,16,2,131;305;28;321;368;42;264;570;489;366;472;590;548;189;724;869
1,5557,5764,1,0,0,17,7,116;275;28;306;326;27;249;555;474;351;457;575;533;174;714;854;446
1,5556,5786,1,0,0,17,6,117;305;28;307;326;28;250;556;475;352;458;576;534;175;715;855;447
0,5446,5496,1,1,0,15,0,13;161;305;28;417;464;138;321;666;585;462;568;686;613;285
1,5473,5550,1,0,0,15,1,161;305;28;390;437;111;321;639;558;435;541;659;613;258;798
0,5507,5577,1,0,0,15,0,161;305;28;356;403;77;299;605;524;401;507;625;583;224;724
0,5533,5611,1,1,0,16,0,140;305;28;330;377;51;273;579;498;375;481;599;557;198;724;878
1,5422,5485,1,0,0,15,1,37;161;305;36;441;488;162;326;690;609;486;592;710;668;309
1,5426,5511,1,1,0,15,2,33;161;305;29;437;484;158;326;686;605;482;588;706;664;305
1,5430,5494,1,1,0,15,2,29;161;305;29;433;480;154;321;682;601;478;584;702;660;301
1,5432,5505,1,1,0,15,1,27;161;305;29;431;478;152;321;680;599;476;582;700;613;299
1,5380,5638,1,1,0,16,11,4;63;161;539;202;483;530;204;426;732;651;528;634;752;710;351
1,5389,5668,1,0,0,16,10,0;63;161;305;202;474;521;195;417;723;642;519;625;743;701;342
1,5409,5493,1,0,0,15,1,50;161;305;65;454;501;175;397;703;622;499;605;723;681;322
1,5414,5498,1,0,0,15,2,45;161;305;36;449;496;170;392;698;617;494;600;718;676;317
0,5284,5338,1,0,0,15,0,41;40;4;143;389;635;306;579;626;300;522;828;747;624;730
1,5297,5558,1,0,0,15,9,28;40;4;143;376;622;306;566;613;287;509;815;734;611;717
1,5298,5360,1,1,0,15,3,27;40;4;143;161;621;306;565;612;286;508;814;733;610;716
1,5319,5530,1,0,0,15,1,6;36;4;63;161;600;306;544;591;265;487;793;712;589;695
1,4247,4300,1,1,0,16,2,225;13;208;378;501;55;226;544;775;704;464;557;434;591;794;279
0,4231,4303,1,0,0,15,0,241;29;224;394;506;71;242;560;791;720;480;573;450;607;810
1,4227,4300,1,0,0,15,2,245;33;228;398;521;75;246;564;795;724;484;577;454;611;814
1,4155,4447,1,0,0,17,6,66;283;9;8;2;36;33;105;300;448;593;147;318;636;867;796;556
1,4279,4499,1,1,0,16,10,193;176;341;445;8;194;512;743;672;432;525;402;559;762;247;833
1,4271,4338,1,0,0,16,1,201;184;354;445;8;202;520;751;680;440;533;410;567;770;255;841
1,4266,4325,1,1,0,16,2,206;189;359;482;8;207;525;756;685;445;538;415;572;775;260;846
1,4254,4307,1,1,0,17,5,218;6;201;371;485;48;219;537;768;697;457;550;427;584;787;272;858
1,4098,4353,1,0,0,16,8,123;283;66;65;68;103;46;162;357;527;650;204;375;693;924;853
1,4094,4155,1,0,0,16,1,127;283;70;69;72;107;94;166;361;531;654;208;379;697;928;857
0,4045,4107,1,1,0,16,0,176;283;119;118;121;156;143;215;10;410;580;703;257;428;746;977
1,4037,4323,1,1,0,16,10,184;284;127;126;129;164;151;223;18;418;588;711;265;436;754;985
1,4155,4386,1,1,0,17,3,66;283;9;8;2;36;33;105;300;441;593;147;318;636;867;796;556
1,4152,4230,1,0,0,17,5,69;283;12;11;2;49;36;108;303;448;596;150;321;639;870;799;559
1,4131,4371,1,0,0,17,3,90;283;27;32;2;70;46;129;324;494;617;171;342;660;891;820;580
1,4112,4163,1,1,0,17,1,109;283;52;51;2;89;46;148;343;513;636;190;361;679;910;839;599
1,3946,4179,1,0,0,14,4,275;526;218;217;220;255;235;314;109;509;679;802;356;527
1,3959,4219,1,0,0,15,10,262;495;165;204;207;242;206;301;96;496;666;789;343;514;832
1,3946,4023,1,0,1,14,2,275;526;218;217;220;255;206;314;109;509;679;802;356;527
1,3946,4177,1,0,0,14,7,275;526;165;217;220;255;206;314;109;509;679;802;356;527
1,4014,4075,1,0,0,16,3,207;287;150;149;152;187;174;246;41;441;611;734;288;459;777;1008
1,4035,4258,1,0,0,16,10,186;287;129;128;131;166;153;225;20;420;590;713;267;438;756;987
0,3980,4040,1,0,0,15,0,241;358;165;183;186;221;206;280;75;475;645;768;322;493;811
1,4000,4055,1,0,0,15,2,221;358;164;163;166;201;188;260;55;455;625;748;302;473;791
1,3824,3883,1,0,0,11,1,397;614;340;321;342;77;377;364;436;231;631
1,3838,3922,1,0,0,12,2,383;614;326;321;328;63;363;350;422;217;617;787
1,3814,3879,1,1,0,11,1,407;629;350;349;352;87;379;374;446;241;641
1,3816,4040,1,0,0,11,5,405;629;348;321;350;85;379;372;444;239;639
0,3883,3964,1,0,0,14,0,338;589;281;280;283;8;318;305;377;172;572;742;865;419
1,3935,3985,1,0,0,14,2,286;537;229;228;231;266;253;325;120;520;690;813;367;538
1,3851,3917,1,0,0,13,2,370;614;313;312;315;50;350;337;409;204;604;774;897
1,3863,3924,1,0,0,13,1,358;609;301;300;303;38;338;320;397;192;592;762;885
1,4561,4622,1,0,0,15,1,35;187;230;436;390;150;243;120;277;480;551;556;603;764;794
1,4534,4603,1,1,0,15,6,50;214;257;436;415;174;270;147;304;507;578;583;630;791;821
0,4674,4737,1,1,0,15,0,74;2;348;277;37;130;7;164;367;438;443;490;651;681;715
1,4601,4874,1,1,0,15,10,24;147;190;421;350;110;203;80;237;440;511;516;563;724;754
0,4690,4745,1,0,0,14,0,58;2;310;261;21;114;148;351;422;427;474;635;665;699
1,4687,4750,1,0,0,14,1,61;2;335;264;24;117;151;354;425;430;477;638;668;702
1,4757,4843,1,1,0,13,1,2;265;194;47;81;284;355;360;407;568;598;632;324
1,4700,4770,1,1,0,14,3,48;2;310;251;11;104;138;341;412;417;464;625;655;689
1,4429,4483,1,1,0,19,6,43;22;64;268;21;362;436;522;282;375;252;409;612;44;683;688;735;896;926
1,4406,4492,1,1,0,18,1,66;22;64;268;21;378;436;545;305;398;275;432;635;120;706;711;758;919
1,4486,4545,1,0,0,16,6,50;240;305;436;465;225;318;195;352;555;40;626;631;678;839;869
1,4463,4712,1,1,0,18,13,9;64;240;10;328;436;488;248;341;218;375;578;44;649;654;701;862;892
1,4499,4568,1,0,0,16,5,50;233;292;436;452;212;305;172;339;542;27;613;618;665;826;856
1,4498,4549,1,1,0,16,1,50;233;293;436;453;213;306;183;340;543;28;614;619;666;827;857
0,4534,4587,1,0,0,15,0,35;214;257;436;415;174;270;147;304;507;578;583;630;791;821
1,4505,4567,1,0,0,16,4,50;233;286;436;415;206;299;172;333;536;21;607;612;659;820;850
0,4352,4416,1,1,0,17,0,120;57;64;353;80;439;436;599;359;452;322;486;689;174;760;765;812
1,4353,4439,1,0,0,17,6,119;57;64;353;80;438;436;598;358;451;322;485;688;173;759;764;811
1,4358,4443,1,0,0,17,3,114;57;64;311;80;433;436;593;353;446;322;480;683;168;754;759;806
1,4363,4426,1,0,0,17,7,109;57;64;311;80;378;436;588;348;441;318;475;678;163;749;754;801
1,4366,4443,1,1,0,17,6,106;57;64;268;80;378;436;585;345;438;315;472;675;160;746;751;798
1,4381,4664,1,1,0,18,11,91;57;64;268;56;378;436;570;330;423;300;457;660;145;731;736;783;944
1,4390,4478,1,1,0,18,7,82;22;64;268;56;378;436;561;321;414;291;448;651;136;722;727;774;935
1,4394,4483,1,2,0,18,6,78;22;64;268;56;378;436;557;317;410;287;444;647;132;718;723;770;931
1,4296,4370,1,1,0,17,1,176;159;329;441;6;177;495;726;655;415;508;385;542;745;230;816;821
1,4300,4562,1,0,0,17,12,172;155;325;441;2;173;491;722;651;411;504;322;538;741;226;812;817
0,4308,4374,1,0,0,16,0,164;147;80;440;165;483;714;643;403;496;322;530;733;218;804;809
1,4309,4519,1,0,0,16,10,163;146;80;439;164;482;713;642;402;495;322;529;732;217;803;808
1,4312,4604,1,0,0,16,13,160;143;80;353;161;479;710;639;399;492;322;526;729;214;800;805
1,4315,4612,1,1,0,16,11,157;140;64;353;158;476;707;636;396;489;322;523;726;211;797;802
1,4319,4402,1,0,0,17,6,153;57;64;353;154;472;703;632;392;485;322;519;722;207;793;798;845
1,4320,4597,1,0,0,17,10,152;57;64;353;80;471;702;631;391;484;322;518;721;206;792;797;844
1,7021,7093,1,0,0,17,2,200;117;305;40;485;245;304;451;391;138;406;222;445;539;696;356;756
1,7024,7102,1,1,0,17,1,200;114;302;37;482;242;301;448;388;135;403;219;442;536;693;353;753
1,6959,7191,1,1,0,17,10,6;340;179;367;102;547;307;366;513;453;200;457;284;507;601;758;418
1,7003,7300,1,0,0,16,11,230;135;323;58;503;263;322;469;409;156;424;240;463;557;714;374
1,6938,7010,1,1,0,18,2,6;361;182;388;123;568;328;8;387;534;474;221;489;305;528;622;779;439
1,6951,7023,1,1,0,17,2,6;348;182;375;110;555;315;374;521;461;208;457;292;515;609;766;426
1,6912,6974,1,1,0,18,1,6;384;182;414;149;594;354;34;413;560;500;247;515;331;554;648;805;465
0,6928,6984,1,1,0,18,0,6;371;182;398;133;578;338;18;397;544;484;231;495;315;538;632;789;449
1,7077,7130,1,4,0,16,1,169;41;51;429;189;248;395;335;82;350;166;389;483;640;300;700
1,7080,7136,1,12,0,16,2,169;41;51;426;186;245;392;332;79;347;163;386;468;637;297;697
1,7059,7110,1,12,0,17,2,176;41;267;2;447;207;266;413;353;100;368;184;407;483;658;318;718
1,7075,7302,1,3,0,16,7,169;41;251;431;191;250;397;337;84;352;168;391;483;642;302;702
1,7042,7119,1,1,0,17,4,184;96;284;19;464;224;283;430;370;117;385;201;424;483;675;335;735
1,7056,7140,1,3,0,17,2,184;41;270;5;450;210;269;416;356;103;371;187;410;483;661;321;721
0,7026,7089,1,1,0,17,0,200;112;300;35;480;240;299;446;386;133;401;217;440;483;691;351;751
1,7028,7100,1,0,0,17,2,200;110;298;33;478;238;297;444;384;131;399;215;438;483;689;349;749
1,6774,6858,1,0,0,16,1,66;32;525;364;552;287;732;492;172;551;698;638;385;634;469;692
1,6772,6823,1,1,0,16,1,66;32;527;366;554;289;734;494;174;553;700;640;387;655;471;694
1,6769,6825,1,1,0,16,2,101;32;530;369;557;292;737;497;177;556;703;643;390;658;474;697
1,6749,7034,1,0,0,16,11,121;172;550;389;577;312;757;517;197;576;723;663;410;678;494;717
1,6742,6829,1,0,0,16,2,128;195;557;396;584;319;757;524;204;583;730;670;417;685;501;724
1,6724,6807,1,0,0,16,2,146;204;575;414;602;337;757;542;222;601;748;688;435;698;519;742
1,6706,6784,1,0,0,16,2,164;14;272;593;432;620;355;757;560;240;619;766;706;453;698;537
1,6692,6768,1,0,0,16,1,177;28;286;607;446;634;369;814;574;254;633;780;720;467;698;551
1,6891,7170,1,0,0,17,13,6;384;182;435;170;615;375;55;434;581;521;268;536;352;575;669;826
1,6889,6951,1,0,0,17,2,32;384;182;437;172;617;377;57;436;583;523;270;538;354;577;671;828
1,6886,6964,1,1,0,17,2,32;404;182;440;175;620;380;60;439;586;526;273;541;357;580;674;831
1,6876,6959,1,0,0,16,3,32;404;262;450;185;630;390;70;449;596;536;283;551;367;590;684
1,6856,6935,1,0,0,17,2,12;32;443;282;470;205;650;410;90;469;616;556;303;569;387;610;704
1,6838,6890,1,0,0,17,1,12;32;461;300;488;223;668;428;108;487;634;574;321;589;405;628;722
1,6832,6904,1,1,0,17,3,38;32;467;306;494;229;674;434;114;493;640;580;327;595;411;634;728
1,6777,6862,1,1,0,16,3,66;32;522;361;549;284;729;489;144;548;695;635;382;634;466;689
1,7402,7474,1,1,0,13,1,78;70;10;8;64;158;315;375;533;484;677;703;735
0,7415,7466,1,1,0,12,0,78;57;8;51;145;302;362;465;471;664;690;722
1,7420,7478,1,0,0,12,2,78;52;7;46;140;297;357;465;466;659;685;717
1,7464,7549,1,0,0,11,1,42;8;2;96;253;313;465;422;615;641;673
0,7380,7434,1,0,0,12,0,79;92;32;47;86;180;337;397;555;506;699;725
1,7389,7674,1,1,0,12,8,79;83;23;38;77;171;328;388;546;497;690;716
1,7392,7481,1,0,0,12,3,79;80;20;12;74;168;325;385;543;494;687;713
1,7400,7476,1,1,0,13,3,79;72;12;8;66;160;317;377;535;486;679;705;737
0,7561,7647,1,0,0,9,0,156;216;374;325;518;544;576;677;825
0,7574,7636,1,0,0,9,0,143;203;361;312;505;531;563;664;812
1,7586,7845,1,0,0,9,4,131;191;349;300;493;519;551;652;800
0,7596,7649,1,0,0,9,0,121;181;105;290;483;509;541;642;790
1,7476,7769,1,0,0,9,9,30;84;241;301;459;410;603;629;661
1,7477,7543,1,0,0,9,1,11;83;240;300;458;409;602;628;660
1,7488,7557,1,0,0,10,2,11;72;229;289;447;398;591;617;631;750
0,7542,7606,1,0,0,10,0,18;175;235;393;344;537;563;595;696;844
0,7252,7310,1,0,0,16,0,47;23;254;14;73;220;160;175;214;308;465;125;525;683;634;827
0,7234,7294,1,0,0,16,0,65;23;272;32;91;238;178;193;9;232;326;483;143;543;701;652
0,7271,7341,1,1,0,15,0,28;20;235;54;201;141;156;195;289;446;106;506;664;615;808
1,7255,7544,1,1,0,16,9,44;23;251;11;70;217;157;172;211;305;462;122;522;680;631;824
0,7137,7198,1,0,0,17,0,162;1;23;369;129;188;335;275;22;290;106;329;423;580;240;640;798
1,7086,7342,1,3,0,16,8,168;41;51;420;180;239;386;326;73;341;157;380;468;631;291;691
1,7234,7290,1,0,0,16,1,65;23;272;32;91;238;178;193;9;232;326;483;143;543;701;652
1,7181,7239,1,0,0,16,2,118;23;325;85;144;291;231;246;62;285;379;536;196;596;754;705
0,7365,7440,1,0,0,13,0,86;107;47;62;101;195;352;12;412;570;521;714;740
1,7364,7440,1,0,0,13,3,142;108;48;63;102;196;353;13;413;571;522;715;741
0,7378,7435,1,0,0,12,0,79;94;34;49;88;182;339;399;557;508;701;727
1,7366,7421,1,0,0,13,3,86;106;46;61;100;194;351;11;411;569;520;713;739
1,7283,7371,1,0,0,15,2,16;20;223;42;189;129;144;183;277;434;94;494;652;603;796
0,7272,7337,1,1,0,15,0,27;20;234;53;200;140;155;194;288;445;105;505;663;614;807
1,7296,7360,1,0,0,15,1,3;20;156;29;176;116;109;170;264;421;81;481;639;590;783
1,7291,7373,1,0,0,15,3,8;20;215;34;181;121;109;175;269;426;86;486;644;595;788
1,6109,6174,1,0,0,13,1,3;23;92;273;247;358;236;537;357;535;761;329;491
1,6110,6164,1,1,0,13,1,2;13;92;273;246;357;235;536;357;534;760;328;490
1,6092,6162,1,1,0,12,1,20;40;92;300;264;364;253;554;357;552;778;346
0,6095,6162,1,0,0,13,0,17;37;92;273;261;364;250;551;357;549;775;343;505
1,6133,6215,1,0,0,11,1,84;257;223;307;212;513;345;511;737;305;467
1,6146,6403,1,0,0,11,11,84;257;210;254;199;500;332;498;724;292;454
1,6118,6206,1,0,0,12,2,13;92;257;238;349;227;528;357;526;752;320;482
1,6119,6170,1,0,0,12,1,13;84;257;237;348;226;527;357;525;751;319;481
1,6180,6239,1,1,0,12,1,2;231;176;254;165;466;298;464;690;258;420;540
1,6234,6320,1,0,0,12,2,2;177;122;233;111;412;241;410;636;204;366;486
0,6169,6252,1,1,0,12,0,8;242;187;254;176;477;309;475;701;269;431;551
1,6170,6224,1,0,0,12,2,8;241;186;254;175;476;308;474;700;268;430;550
1,6254,6311,1,0,0,13,1,2;157;102;195;34;392;224;390;616;184;346;466;724
1,6254,6337,1,0,0,13,2,2;157;102;195;34;392;224;390;580;184;346;466;724
1,6234,6297,1,0,0,12,1,2;177;122;195;111;412;241;410;636;204;366;486
1,6243,6535,1,0,0,13,7,2;160;113;195;102;403;235;401;627;195;357;477;735
1,5889,6152,1,1,0,15,7,30;20;80;141;19;125;243;180;382;522;114;467;578;456;757
1,5878,5950,1,1,0,15,2,41;20;80;141;30;136;254;212;393;533;125;478;589;467;768
1,5874,6151,1,1,0,15,8,45;20;80;157;34;140;258;216;397;537;129;482;593;471;772
1,5857,5922,1,1,0,16,1,62;6;20;188;174;51;157;275;233;414;554;146;499;610;488;789
1,5958,6024,1,0,0,14,1,59;73;56;174;132;313;453;45;398;509;387;688;520;686
1,5929,5987,1,1,0,12,1,59;102;85;203;161;342;482;74;427;538;416;717
0,5917,5999,1,0,0,13,0,2;59;114;97;215;173;354;494;86;439;550;428;729
1,5912,5975,1,0,0,13,2,5;80;119;102;220;178;359;499;91;444;555;433;734
1,6026,6115,1,1,0,14,2,59;5;50;64;245;385;330;441;319;620;452;618;844;412
1,6000,6234,1,0,0,16,9,59;31;14;55;90;271;411;3;356;467;345;646;478;644;870;438
1,5967,6056,1,0,0,14,4,59;52;47;55;123;304;444;36;389;500;378;679;511;677
1,5960,6182,1,0,0,14,6,59;52;54;172;130;311;451;43;396;507;385;686;518;684
0,6054,6107,1,1,0,13,0,58;50;36;92;300;302;364;291;592;357;590;816;384
1,6037,6124,1,1,0,13,1,59;50;53;92;300;319;364;308;609;441;607;833;401
1,6031,6237,1,0,0,14,6,59;0;50;59;240;300;325;364;314;615;447;613;839;407
1,6026,6113,1,1,0,14,2,59;5;50;64;245;385;330;364;319;620;452;618;844;412
0,6491,6574,1,0,0,15,0,155;153;379;109;229;487;168;808;647;835;570;1015;775;455;834
0,6521,6572,1,0,0,15,0,125;123;349;79;199;457;138;778;617;805;540;985;745;425;804
1,6530,6805,1,0,0,15,7,116;114;340;70;190;448;129;769;608;796;531;976;736;416;795
1,6541,6625,1,1,0,15,3,105;103;208;59;179;437;118;758;597;785;520;965;725;405;784
0,6580,6649,1,1,0,17,0,66;64;208;20;140;398;79;719;558;746;481;926;686;366;745;892;832
1,6587,6662,1,1,0,18,1,59;57;208;13;133;391;72;712;551;739;474;919;679;359;738;885;825;572
0,6592,6644,1,0,0,18,0,54;52;208;8;128;386;67;707;546;734;469;914;674;307;733;880;820;567
0,6593,6653,1,1,0,18,0,53;51;208;7;127;385;66;706;545;733;468;913;673;307;732;879;819;566
1,6611,6680,1,1,0,17,1,35;33;208;109;367;48;688;527;715;450;895;655;307;714;861;801;548
1,6624,6693,1,0,0,17,1,22;20;208;96;354;35;675;514;702;437;882;642;288;701;848;788;535
0,6631,6685,1,1,0,17,0,15;13;208;37;347;28;668;507;695;430;875;635;288;694;841;781;528
0,6646,6711,1,0,0,16,0,0;208;37;332;13;653;492;680;415;860;620;288;679;826;766;513
1,6653,6708,1,1,0,15,1,208;37;325;6;646;485;673;408;853;613;288;672;819;759;506
1,6666,6737,1,1,0,16,3,204;37;312;633;472;660;395;840;600;276;659;806;746;493;761;577
1,6677,6755,1,1,0,16,1,193;37;301;622;461;649;376;829;589;269;648;795;735;482;750;566
1,6682,6906,1,0,0,16,9,188;37;296;617;456;644;376;824;584;264;643;790;730;477;698;561
1,6280,6337,1,1,0,14,2,131;76;187;34;366;198;364;580;158;266;440;672;379;1019
1,6262,6315,1,0,0,13,1,2;149;94;195;34;384;216;382;580;176;266;458;716
1,6306,6357,1,1,0,15,1,105;50;145;34;340;59;338;564;132;266;414;672;353;993;832
1,6294,6548,1,0,0,15,8,117;62;145;34;352;184;350;576;144;266;426;672;365;1005;844
1,6340,6402,1,0,0,15,1,71;16;127;5;306;59;304;530;98;248;380;638;319;959;798
1,6334,6387,1,0,0,15,3,77;22;133;11;312;59;310;536;104;266;386;644;325;965;804
1,6372,6450,1,0,0,15,3,39;92;274;59;272;498;66;228;348;606;287;927;766;954;689
1,6369,6421,1,0,0,15,1,42;98;277;59;275;501;69;231;351;609;290;930;769;957;692
1,6395,6447,1,0,0,16,1,16;47;251;59;249;475;43;205;325;548;264;904;743;931;666;1111
1,6391,6662,1,0,0,16,12,20;76;255;59;253;479;47;209;329;548;268;908;747;935;670;1115
0,6435,6495,1,0,0,16,0,27;211;43;209;435;3;165;285;543;224;864;703;891;626;1071;831
1,6417,6506,1,1,0,16,2,33;229;59;227;453;21;183;303;548;242;882;721;909;644;1089;849
0,6440,6511,1,0,0,15,0,27;206;38;204;430;160;280;538;219;859;698;886;621;1066;826
0,6435,6494,1,1,0,16,0,27;211;43;209;435;3;165;285;543;224;864;703;891;626;1071;831
0,6484,6560,1,1,0,14,0,162;160;386;116;236;494;175;815;654;842;577;1022;782;462
1,6449,6737,1,0,0,15,11,18;197;29;195;421;151;271;529;210;850;689;877;612;1057;817
1,9261,9316,1,0,0,14,1,327;148;660;267;305;375;405;16;490;539;726;754;562;594
1,9262,9343,1,0,0,14,3,327;137;660;266;304;374;404;15;489;538;725;753;561;593
1,9243,9301,1,1,0,14,1,327;181;660;285;323;393;423;34;508;557;744;772;580;612
1,9255,9330,1,0,0,14,1,327;167;660;273;311;381;411;22;496;545;732;760;568;600
1,9343,9410,1,0,0,14,1,256;79;582;185;223;293;323;408;457;644;672;480;512;622
1,9349,9407,1,0,0,14,1,250;75;576;179;217;287;317;402;451;620;666;474;506;616
1,9269,9345,1,1,0,14,1,289;137;656;259;297;367;397;8;482;531;718;746;554;586
1,9312,9396,1,0,0,14,3,287;112;613;216;254;324;354;439;488;645;703;511;543;653
1,9172,9261,1,0,0,13,1,427;231;660;356;394;464;494;105;579;628;815;843;651
1,9172,9261,1,0,0,13,1,427;231;660;356;394;464;494;68;579;628;815;843;651
1,9128,9178,1,1,0,12,2,34;470;296;660;400;438;508;538;149;623;672;859
1,9167,9219,1,0,0,12,1,432;257;660;361;399;469;499;110;584;633;820;848
1,9225,9298,1,0,0,14,1,374;193;660;303;341;411;441;52;526;575;762;790;598;630
1,9240,9479,1,1,0,14,8,359;184;660;288;326;396;426;37;511;560;747;775;583;615
0,9187,9272,1,0,0,14,0,412;223;660;341;379;449;479;68;564;613;800;828;636;668
1,9216,9266,1,1,0,14,1,383;208;660;312;350;420;450;61;535;584;771;799;607;639
0,9428,9501,1,1,0,14,0,4;426;100;138;208;238;323;372;559;536;395;427;537;804
1,9421,9483,1,1,0,15,1,4;3;426;107;145;215;245;330;379;561;594;402;434;544;811
1,9413,9501,1,0,0,14,2,4;11;447;115;153;223;253;338;387;561;602;410;442;552
1,9406,9489,1,1,0,14,1,4;18;519;122;160;230;260;345;394;561;609;417;449;559
1,9518,9606,1,0,0,16,2,4;407;10;48;118;148;233;282;469;497;305;337;447;714;535;801
1,9489,9546,1,0,0,16,1,4;426;39;77;147;177;262;311;498;526;334;366;476;743;564;830
0,9485,9547,1,0,0,15,0,4;426;43;81;151;181;266;315;502;530;338;370;480;747;568
0,9455,9526,1,0,0,15,0,4;426;73;111;181;211;296;345;532;536;368;400;510;777;598
1,9370,9434,1,1,0,14,1,17;45;555;158;196;266;296;381;430;617;645;453;485;595
1,9357,9422,1,0,0,14,2,26;45;568;171;209;279;309;394;443;620;658;466;498;608
1,9353,9616,1,0,0,14,9,59;45;572;175;213;283;313;398;447;620;662;470;502;612
1,9350,9637,1,0,0,14,12,249;45;575;178;216;286;316;401;450;620;665;473;505;615
0,9399,9479,1,1,0,14,0,4;21;526;129;167;237;267;352;401;561;616;424;456;566
1,9392,9452,1,0,0,14,1,4;21;533;136;174;244;274;359;408;588;623;431;463;573
1,9380,9432,1,1,0,14,3,17;21;545;148;186;256;286;371;420;588;635;443;475;585
1,9372,9618,1,0,0,14,7,17;45;553;156;194;264;294;379;428;588;643;451;483;593
0,8719,8784,1,0,0,8,0,62;3;107;139;135;10;445;880
1,8734,9008,1,1,0,7,3,47;107;139;120;10;430;865
0,8752,8805,1,0,0,8,0,5;107;139;102;10;412;847;672
0,8767,8828,1,1,0,8,0,5;107;139;87;10;397;832;657
0,8780,8838,1,0,0,8,0,1;107;139;74;1;384;819;644
0,8794,9008,1,0,0,6,0,107;139;60;370;805;630
1,8808,9074,1,0,0,6,3,107;126;46;356;791;616
1,8815,9111,1,0,0,6,2,107;119;39;229;784;609
1,8570,8649,1,1,0,13,1,16;47;185;27;74;107;10;132;364;284;211;594;1029
1,8574,8853,1,1,0,13,4,16;43;185;27;53;107;8;128;360;280;207;590;1025
1,8627,8681,1,0,0,11,2,16;154;27;17;107;75;139;227;154;537;972
1,8628,8696,1,0,0,11,2,16;128;27;16;107;74;139;226;153;536;971
0,8665,8730,1,0,0,10,0,0;116;15;107;37;139;189;116;499;934
1,8694,8985,1,0,0,9,2,87;15;107;8;139;160;87;470;905
0,8705,8776,1,1,0,8,0,76;15;107;139;149;15;459;894
1,8706,8787,1,0,0,8,1,75;15;107;139;148;15;458;893
0,9007,9060,1,0,0,8,0,157;497;417;872;521;559;629;659
1,8973,9055,1,0,0,7,2,191;497;451;884;555;593;663
1,9037,9089,1,0,0,10,1,127;497;387;872;491;529;599;629;240;714
0,9007,9077,1,1,0,8,0,157;497;417;872;521;559;629;659
1,9050,9281,1,1,0,11,7,114;470;374;872;478;516;586;616;224;701;750
1,9045,9263,1,0,0,11,7,119;497;379;872;483;521;591;621;224;706;755
1,9124,9382,1,0,0,12,8,40;470;300;660;404;442;512;542;153;627;676;863
0,9090,9153,1,1,0,12,0,74;470;334;660;438;476;546;576;187;661;710;897
1,8826,8912,1,0,0,7,1,107;108;28;229;497;598;1099
0,8816,8867,1,0,0,6,0,107;118;38;229;497;608
1,8843,9105,1,1,0,7,1,107;91;11;229;497;550;1082
1,8841,8908,1,0,0,7,1,107;93;13;229;497;559;1084
1,8878,9106,1,1,0,6,1,72;56;220;497;546;902
1,8865,9115,1,1,0,6,2,85;69;229;497;550;902
1,8924,9006,1,0,0,9,1,26;10;220;497;500;884;604;642;712
1,8884,8940,1,1,0,6,2,66;50;220;497;540;884
1,8351,8418,1,1,0,13,1,35;36;154;266;72;208;371;293;599;231;351;568;503
1,8363,8628,1,1,0,13,5,23;36;154;254;60;208;359;281;587;219;339;555;491
1,8315,8404,1,0,0,13,1,71;36;154;302;108;466;407;329;635;267;387;619;539
1,8325,8583,1,1,0,13,5,61;36;154;292;98;456;397;319;625;257;377;568;529
1,8262,8314,1,0,0,13,1,124;36;154;355;161;519;460;373;688;320;440;657;592
1,8296,8351,1,0,0,13,2,90;36;154;321;127;485;426;348;654;286;406;638;558
0,8249,8315,1,0,0,14,0,137;36;154;368;3;166;532;473;373;701;333;453;657;605
0,8252,8310,1,0,0,14,0,134;36;154;365;0;166;529;470;373;698;330;450;657;602
1,8242,8301,1,0,0,14,2,144;36;154;375;10;181;539;480;373;708;340;460;692;612
1,8246,8307,1,1,0,14,1,140;36;154;371;6;166;535;476;373;704;336;456;688;608
1,8238,8313,1,0,0,15,1,0;148;36;396;379;14;185;543;484;406;712;344;464;696;616
1,8240,8520,1,0,0,14,11,146;36;396;377;12;183;541;482;373;710;342;462;694;614
1,8229,8516,1,0,0,15,9,4;156;37;436;388;23;189;552;493;415;721;353;473;705;625
1,8237,8305,1,1,0,15,2,1;149;36;428;380;15;186;544;485;407;713;345;465;697;617
0,8195,8258,1,0,0,16,0,4;156;37;470;32;422;57;189;586;527;449;755;387;507;739;659
1,8217,8269,1,1,0,16,2,4;156;37;448;10;400;35;189;564;505;427;733;365;485;717;637
1,8567,8849,1,1,0,13,5,16;50;185;27;77;383;10;135;367;287;214;597;1032
1,8564,8649,1,1,0,13,3,16;53;200;27;80;386;10;138;370;290;217;600;1035
1,8547,8786,1,0,0,13,6,16;70;200;28;97;403;10;155;387;307;234;617;1052
0,8544,8602,1,1,0,13,0,16;73;200;28;100;406;10;158;390;310;237;620;1055
1,8539,8791,1,1,0,13,5,16;78;200;148;105;411;10;163;395;315;242;625;1060
1,8538,8595,1,0,0,13,1,16;79;200;184;106;412;10;164;396;316;243;626;1061
1,8501,8579,1,1,0,13,1,16;116;200;221;143;449;81;201;433;353;280;663;1098
0,8486,8545,1,1,0,11,0,16;131;200;236;158;464;96;216;448;368;295
1,8475,8530,1,1,0,11,1,16;142;200;247;169;475;107;227;459;379;306
1,8445,8699,1,0,0,11,10,16;172;200;277;199;505;137;257;489;409;336
0,8427,8484,1,0,0,12,0,8;16;190;200;295;217;523;155;275;507;427;354
1,8415,8502,1,1,0,12,2,8;16;202;8;200;307;229;535;167;287;519;439
1,8387,8474,1,1,0,12,2,8;16;230;36;200;335;257;563;195;315;547;467
1,8383,8466,1,1,0,13,2,3;25;16;234;40;200;339;261;567;199;319;551;471
1,8381,8457,1,0,0,13,2,5;36;16;236;42;200;341;263;569;201;321;553;473
1,8375,8652,1,0,0,13,7,11;36;154;242;48;200;347;269;575;207;327;555;479
0,7811,7861,1,1,0,12,0,98;37;154;294;326;281;575;632;812;416;806;441
0,7824,7878,1,0,0,12,0,98;37;154;281;313;281;562;619;812;403;793;428
1,7867,7933,1,0,0,13,2,68;19;154;238;270;281;519;576;798;360;750;385;556
1,7867,7924,1,0,0,13,1,44;19;154;238;270;281;519;576;798;360;750;385;556
1,7772,7858,1,0,0,12,1,5;105;37;157;333;365;281;614;671;893;455;845
1,7775,8064,1,0,0,12,7,2;105;37;157;330;362;281;611;668;812;452;842
1,7777,8026,1,0,0,12,6,0;98;37;157;328;360;281;609;666;812;450;840
0,7806,7862,1,1,0,12,0,98;37;154;299;331;281;580;637;812;421;811;446
1,7699,7928,1,0,0,11,6,18;78;105;37;380;406;438;539;687;744;966
0,7719,7787,1,0,0,12,0,58;105;37;157;386;418;519;667;724;946;508;898
0,7752,7807,1,0,0,12,0,25;105;37;157;353;385;486;634;691;913;475;865
1,7757,7984,1,0,0,12,5,20;105;37;157;348;380;481;629;686;908;470;860
0,7598,7683,1,0,0,9,0,119;179;105;288;481;507;539;640;788
1,7617,7676,1,0,0,10,2,100;160;105;269;462;488;520;621;769;826
0,7632,7707,1,0,0,10,0,85;145;105;254;407;473;505;606;754;811
1,7688,7948,1,0,0,11,8,29;89;105;198;391;417;449;550;698;755;977
1,8148,8215,1,0,0,15,3,4;156;37;517;79;469;104;275;633;574;496;802;434;554;786
1,8132,8189,1,0,0,16,2,5;42;156;37;533;95;485;120;291;649;590;512;818;450;570;802
1,8194,8259,1,1,0,16,2,4;156;37;471;33;423;58;229;587;528;450;756;388;508;740;660
0,8160,8240,1,1,0,15,0,4;156;37;505;57;457;92;263;621;562;484;790;422;542;774
1,8060,8292,1,0,0,15,5,19;45;77;143;156;383;605;167;557;192;346;721;662;575;890
1,8045,8275,1,1,0,15,8,34;60;92;143;341;398;620;182;572;207;346;736;677;575;905
1,8123,8410,1,0,0,16,7,14;42;156;320;542;104;494;129;300;658;599;521;827;459;579;811
0,8113,8172,1,0,0,15,0,24;42;156;330;552;114;504;139;310;668;609;531;837;469;589
1,8004,8083,1,0,0,14,1,75;101;133;234;382;439;661;223;613;248;419;777;718;640
1,7994,8048,1,0,0,14,4,85;111;143;244;392;449;671;233;623;258;429;787;728;650
1,8031,8085,1,0,0,15,1,48;74;106;143;355;412;634;196;586;221;392;750;691;575;919
1,8025,8109,1,0,0,15,5,54;80;112;213;361;418;640;202;592;227;398;756;697;575;925
0,7900,7952,1,0,0,13,0,35;154;205;237;281;422;543;765;327;717;352;523;881
1,7888,7974,1,0,0,13,2,44;154;217;249;281;498;555;777;339;729;364;535;893
1,7963,8027,1,1,0,13,2,116;142;174;275;422;480;702;264;654;289;460;818;759
1,7904,8157,1,0,0,13,7,31;154;201;233;281;422;539;761;323;713;348;519;877
1,10895,11125,1,0,0,15,9,407;52;402;216;240;496;205;194;250;443;670;462;542;466;746
1,10894,11142,1,0,0,15,9,408;53;402;217;241;497;206;195;251;444;671;463;543;467;747
1,10861,10913,1,0,0,14,2,425;86;402;250;274;530;239;228;284;477;704;496;576;500
1,10841,10911,1,0,0,14,1,425;106;402;270;294;550;259;248;304;497;724;516;596;520
0,10945,11002,1,0,0,16,0,336;2;383;166;190;446;155;144;200;393;620;412;492;416;696;558
1,10934,11005,1,1,0,16,3,368;10;383;177;201;457;166;155;211;404;631;423;503;427;707;569
0,10925,10996,1,1,0,16,0,377;10;383;186;210;466;175;164;220;413;640;432;512;436;716;578
1,10918,10980,1,1,0,15,2,384;29;383;193;217;473;182;171;227;420;647;439;519;443;723
1,10968,11215,1,0,0,15,8,334;383;143;167;423;132;121;177;370;597;342;469;393;673;535
0,10961,11012,1,0,0,15,0,336;383;150;174;430;139;128;184;377;604;342;476;400;680;542
0,10954,11042,1,0,0,15,0,336;383;157;181;437;146;135;191;384;611;342;483;407;687;549
1,10947,11016,1,0,0,16,1,336;0;383;164;188;444;153;142;198;391;618;410;490;414;694;556
1,11023,11098,1,1,0,18,2,279;321;19;112;368;77;66;122;315;542;334;414;338;618;480;608;448;501
1,10991,11055,1,1,0,17,2,311;331;19;144;400;109;98;154;347;574;342;446;370;650;512;640;480
1,10981,11042,1,0,0,16,3,321;359;19;154;410;119;108;164;357;584;342;456;380;660;522;650
1,10975,11219,1,0,0,16,10,327;383;19;160;416;125;114;170;363;590;342;462;386;666;528;656
1,11135,11212,1,0,0,18,3,167;235;0;256;10;203;430;222;302;226;506;368;496;336;389;600;328;805
1,11151,11212,1,0,0,16,1,151;219;240;140;414;206;286;210;490;352;480;320;373;584;312;789
0,11062,11117,1,0,0,18,0,240;308;19;73;329;38;27;83;276;503;295;375;299;579;441;569;409;462
1,11099,11380,1,0,0,18,9,203;271;12;36;292;1;46;239;466;258;338;262;542;404;532;372;425;636
0,11176,11227,1,0,0,16,0,126;194;215;140;389;179;261;185;465;275;402;295;348;559;287;764
1,11200,11289,1,1,0,16,2,102;170;191;138;365;157;237;161;441;275;402;271;324;535;263;740
1,11161,11240,1,1,0,16,2,141;209;230;140;404;179;276;200;480;342;470;310;363;574;302;779
1,11165,11253,1,0,0,16,1,137;205;226;140;400;179;272;196;476;275;466;306;359;570;298;775
1,11246,11320,1,1,0,17,3,56;124;145;92;274;111;191;84;395;257;385;225;278;489;217;694;595
1,11250,11309,1,0,0,17,1,52;120;141;88;274;107;136;84;391;253;381;221;274;485;213;690;591
1,11209,11447,1,0,0,16,8,93;161;182;129;356;148;228;84;432;275;402;262;315;526;254;731
1,11220,11283,1,1,0,16,1,82;150;171;118;274;137;217;84;421;275;402;251;304;515;243;720
1,11279,11337,1,0,0,17,2,23;91;112;59;45;78;124;82;362;224;352;192;245;456;184;661;562
1,11287,11370,1,0,0,17,2,15;83;104;51;45;70;124;74;354;216;344;184;237;401;176;653;554
1,11264,11333,1,0,0,17,3,38;106;127;74;274;93;136;84;377;239;367;207;260;471;199;676;577
1,11266,11529,1,1,0,17,10,36;104;125;72;274;91;124;84;375;237;365;205;258;469;197;674;575
1,10467,10533,1,1,0,14,2,210;44;281;68;246;155;717;480;903;644;668;924;633;279
1,10452,10717,1,0,0,14,5,225;56;293;83;261;155;717;495;918;659;683;939;648;294
1,10476,10554,1,1,0,14,2,201;23;281;59;237;155;717;471;894;635;659;915;624;270
1,10476,10553,1,0,0,14,1,201;18;281;59;237;155;717;471;894;635;659;915;624;270
1,10499,10582,1,1,0,14,1,178;12;281;36;214;155;717;448;871;612;590;892;601;247
0,10487,10548,1,0,0,14,0,190;18;281;48;226;155;717;460;883;624;590;904;613;259
1,10557,10632,1,0,0,13,2,120;229;156;101;717;390;813;554;561;834;543;189;532
1,10526,10615,1,0,0,14,1,151;260;9;187;132;717;421;844;585;577;865;574;220;563
0,10564,10652,1,0,0,13,0,113;202;149;94;713;383;806;547;561;827;536;182;525
1,10559,10637,1,0,0,13,1,118;202;154;99;717;388;811;552;561;832;541;187;530
1,10574,10624,1,1,0,13,1,103;202;139;84;713;373;796;537;549;817;526;172;515
1,10573,10623,1,0,0,13,1,104;202;140;85;713;374;797;538;561;818;527;173;516
1,10593,10657,1,0,0,13,1,84;193;120;65;709;354;777;518;542;798;507;153;496
0,10593,10663,1,0,0,13,0,84;193;120;65;709;354;777;518;542;798;462;153;496
1,10605,10660,1,0,0,13,1,72;181;108;53;676;342;765;506;530;786;462;141;484
1,10603,10855,1,0,0,13,4,74;183;110;55;699;344;767;508;532;788;462;143;486
1,10636,10699,1,0,0,14,2,41;150;77;22;666;311;734;475;499;755;452;110;453;509
1,10647,10725,1,0,0,15,1,30;139;66;11;655;300;723;464;488;744;452;99;442;498;691
1,10655,10919,1,0,0,16,9,22;131;58;3;647;292;652;456;480;736;445;91;434;490;683;910
1,10655,10869,1,0,0,16,6,22;131;58;3;438;292;652;456;480;736;445;91;434;490;683;910
1,10656,10718,1,0,0,16,1,21;130;57;2;438;120;652;455;479;735;444;90;433;489;682;909
1,10665,10732,1,0,0,15,1,12;121;48;425;120;652;446;470;726;435;81;424;480;673;900
1,10694,10775,1,0,0,14,1,92;19;425;120;652;417;441;697;406;52;395;451;644;871
1,10722,10798,1,0,0,13,2,64;425;120;643;389;413;669;378;24;367;423;616;843
1,10727,10812,1,1,0,13,2,59;425;120;643;384;400;664;373;19;362;418;611;838
0,10755,10830,1,0,0,12,0,31;425;120;615;356;372;636;345;334;390;583;810
1,10765,10851,1,0,0,13,4,21;425;120;605;346;370;626;335;324;380;573;800;592
1,10773,10838,1,0,0,13,1,13;425;118;597;338;362;618;327;316;372;565;792;584
1,10775,10848,1,0,0,13,1,11;425;118;595;336;360;616;315;314;370;563;790;582
1,10789,11041,1,1,0,12,9,425;118;570;322;346;602;311;300;356;549;776;568
1,10789,10863,1,0,0,12,1,425;118;402;322;346;602;311;300;356;549;776;568
0,10830,10887,1,0,0,13,0,425;117;402;281;305;561;270;259;315;508;735;527;607
1,10203,10292,1,0,0,13,2,29;116;179;87;474;308;583;332;510;166;455;1099;744
0,10196,10248,1,0,0,11,0,36;123;186;94;481;315;590;339;517;173;462
1,10158,10367,1,0,0,11,6,74;142;224;132;519;353;628;377;555;211;489
1,10153,10238,1,1,0,11,2,79;166;229;137;524;358;633;382;560;216;490
1,10153,10226,1,1,0,11,1,79;142;229;137;524;358;633;382;560;216;490
1,10134,10198,1,0,0,12,4,98;176;9;248;156;543;377;652;401;579;235;490
1,10132,10215,1,0,0,12,1,100;176;11;250;158;545;379;654;403;581;237;526
1,10098,10187,1,0,0,12,4,134;176;29;284;192;579;413;688;437;615;244;560
1,10314,10539,1,0,0,13,3,5;68;363;197;356;221;399;55;344;988;633;1056;797
0,10314,10370,1,0,0,13,0,5;68;363;197;356;221;399;55;325;988;633;1056;797
1,10307,10571,1,0,0,13,7,12;71;370;204;479;228;406;62;351;995;640;1063;804
1,10287,10569,1,0,0,14,9,32;95;3;390;224;499;248;426;82;371;1015;660;1083;824
0,10277,10354,1,1,0,13,0,42;105;13;400;234;509;258;436;92;381;1025;670;1093
1,10265,10331,1,0,0,13,2,47;117;25;412;246;521;270;448;104;393;1037;682;1105
1,10231,10479,1,0,0,14,9,1;88;148;59;446;280;555;304;482;138;427;1071;716;1139
1,10225,10283,1,0,0,14,2,7;94;157;65;452;286;561;310;488;144;433;1077;722;1145
1,10377,10436,1,4,0,14,1,5;300;134;337;158;336;155;925;570;993;734;758;1014;723
1,10388,10440,1,10,0,13,2,289;123;294;147;325;155;914;559;982;723;747;1003;712
1,10368,10650,1,0,0,15,10,7;309;143;354;167;345;1;290;934;579;1002;743;767;1023;732
1,10376,10577,1,3,0,14,4,6;301;135;337;159;337;282;926;571;994;735;759;1015;724
1,10353,10435,1,0,0,14,2,29;324;158;355;182;360;16;305;949;594;1017;758;782;1038
1,10367,10585,1,0,0,15,6,7;310;144;355;168;346;2;291;935;580;1003;744;768;1024;733
1,10319,10400,1,0,0,13,1,0;63;358;192;356;216;394;50;325;983;628;1051;792
1,10331,10603,1,0,0,13,9,51;346;180;356;204;382;34;325;971;616;1039;780;804
1,10424,10636,1,9,0,14,3,253;56;293;111;289;155;878;523;946;687;711;957;676;322
1,10439,10491,1,3,0,14,2,238;56;293;96;274;155;718;508;931;672;696;952;661;307
1,10417,10711,1,4,0,14,9,260;67;294;118;296;155;885;530;953;694;718;957;683;329
1,10420,10501,1,9,0,14,2,257;67;293;115;293;155;882;527;950;691;715;957;680;326
1,10404,10473,1,2,0,14,1,273;67;294;131;309;155;898;543;966;707;731;987;696;342
1,10404,10488,1,2,0,14,2,273;67;294;131;309;155;898;543;966;707;731;957;696;342
1,10390,10463,1,2,0,13,2,287;97;294;145;323;155;912;557;980;721;745;1001;710
0,10400,10456,1,3,0,14,0,277;67;294;135;313;155;902;547;970;711;735;991;700;346
1,9727,9790,1,0,0,14,2,198;24;73;65;288;46;128;238;505;326;592;416;655;563
1,9702,9985,1,0,0,14,9,223;49;98;285;313;46;153;263;530;351;617;441;680;588
1,9737,9826,1,1,0,15,2,188;14;63;65;278;43;118;196;495;316;582;406;645;553;940
1,9730,9806,1,0,0,14,1,195;21;70;65;285;46;125;196;502;323;589;413;652;560
1,9590,9677,1,1,0,15,1,4;335;46;76;161;208;397;425;233;265;375;642;463;729;553
1,9573,9657,1,0,0,14,2,4;352;63;93;178;227;414;442;250;282;392;659;480;746
1,9665,9898,1,0,0,14,8,260;1;86;135;322;350;158;190;300;567;386;654;478;717
1,9631,9690,1,0,0,14,2,294;5;35;120;169;356;384;192;224;334;601;386;688;512
1,9853,9933,1,0,0,13,3,72;65;32;2;112;379;200;466;290;529;437;824;658
1,9839,10095,1,0,0,13,7,86;65;176;16;126;393;214;480;304;543;451;838;672
0,9883,9944,1,1,0,14,0,42;65;32;82;270;170;436;260;456;407;794;628;903;652
1,9876,10097,1,0,0,13,9,49;65;32;89;356;177;443;267;456;414;801;635;910
1,9772,9839,1,1,0,15,2,153;28;65;243;33;83;193;460;281;547;371;610;518;905;739
1,9760,9811,1,1,0,15,2,165;39;65;255;43;95;196;472;293;559;383;622;530;917;751
1,9776,9829,1,0,0,15,2,149;24;65;203;16;79;189;456;277;543;367;606;514;901;735
1,9774,9827,1,0,0,15,1,151;26;65;241;16;81;191;458;279;545;369;608;516;903;737
1,9958,10009,1,1,0,13,1,29;32;7;267;95;176;73;424;332;719;553;828;577
1,9970,10053,1,0,0,12,4,2;32;262;83;176;73;412;320;707;541;816;565
0,9970,10021,1,0,0,12,0,2;32;227;83;176;73;412;320;707;541;816;565
1,9976,10226,1,1,0,12,3,2;32;227;77;176;73;406;314;701;535;810;559
0,9887,9942,1,1,0,14,0,38;65;32;78;270;166;432;256;456;403;790;624;899;648
1,9888,9971,1,1,0,14,3,37;65;32;77;270;165;431;255;456;402;789;623;898;647
1,9923,10130,1,0,0,14,3,2;64;32;42;267;130;396;220;456;367;754;588;863;612
1,9957,10161,1,0,0,13,4,30;32;8;267;96;362;73;425;333;720;554;829;578
1,10044,10099,1,0,0,12,1,188;9;176;45;338;246;633;467;742;491;669;325
0,10080,10139,1,1,0,12,0,152;176;29;302;210;597;431;706;455;633;289;578
1,10080,10132,1,1,0,12,1,152;176;29;302;210;597;431;706;455;633;289;578
1,10085,10163,1,0,0,12,2,147;176;29;297;205;592;426;701;450;628;244;573
0,9980,10034,1,1,0,12,0,2;32;227;73;176;45;402;310;697;531;806;555
1,9987,10254,1,0,0,12,8,0;28;227;66;176;45;395;303;690;524;799;548
1,10011,10093,1,1,0,12,3,4;221;42;176;45;371;279;666;500;775;524;702
0,10012,10096,1,1,0,12,0,3;195;41;176;45;370;278;665;499;774;523;701
1,12964,13222,1,1,0,14,9,79;93;144;194;178;149;104;498;467;399;570;266;622;691
1,12961,13013,1,0,0,14,1,79;93;144;194;211;150;107;501;470;402;573;269;625;694
1,13001,13066,1,0,0,16,4,79;93;144;164;158;112;67;461;430;362;533;229;585;654;488;585
1,12998,13078,1,0,0,16,1,79;93;144;167;174;115;70;464;433;365;536;232;588;657;491;588
1,13048,13120,1,1,0,16,1,62;93;104;117;124;65;20;185;383;315;486;182;538;607;441;538
1,13026,13299,1,0,0,16,6,79;93;126;139;146;87;42;436;405;337;508;204;560;629;463;560
1,13050,13109,1,0,0,16,2,60;93;102;115;74;63;18;185;381;313;484;180;536;605;439;536
1,13049,13131,1,1,0,16,1,61;93;103;116;98;64;19;185;382;314;485;181;537;606;440;537
1,12885,12938,1,1,0,14,2,79;65;379;267;231;273;228;183;577;546;478;649;345;701
1,12884,12940,1,0,0,14,1,79;66;380;268;272;273;229;184;578;547;479;650;346;702
1,12917,12989,1,0,0,15,1,79;33;347;235;231;255;196;151;545;512;446;617;313;669;738
1,12901,12955,1,0,0,14,1,79;37;363;251;231;271;212;167;561;530;462;633;329;685
1,12929,13134,1,0,0,15,7,79;21;93;223;208;243;184;139;533;502;434;605;301;657;726
1,12920,13203,1,1,0,15,9,79;30;344;232;208;252;193;148;542;511;443;614;310;666;735
1,12954,13008,1,0,0,14,1,79;93;144;208;218;150;114;508;477;409;580;276;632;701
1,12941,13020,1,0,0,15,2,79;9;93;211;208;231;150;127;521;490;422;593;289;645;714
1,12715,12796,1,0,0,14,5,77;395;122;235;549;437;450;405;398;353;747;663;648;819
1,12779,13073,1,0,0,14,11,77;331;58;171;485;373;386;393;334;289;683;652;584;755
1,12786,12841,1,0,0,14,5,77;97;51;164;478;366;379;386;327;282;676;645;577;748
1,12809,12867,1,0,0,14,1,63;79;28;141;455;343;356;363;304;259;653;622;554;725
1,12830,12909,1,1,0,14,1,42;79;7;120;434;322;335;342;283;238;632;601;533;704
1,12851,12916,1,0,0,14,1,21;79;99;413;301;314;321;262;217;611;580;512;683;379
1,12869,12919,1,1,0,14,1,3;79;81;395;283;272;303;244;199;593;562;494;665;361
1,12872,12931,1,0,0,14,1,0;79;78;392;280;272;278;241;196;590;559;491;662;358
0,12631,12702,1,0,0,12,0,223;456;73;206;319;633;521;534;541;482;437;831
1,12633,12710,1,0,0,12,4,77;456;71;204;317;631;519;532;539;480;435;829
1,12634,12715,1,0,0,12,3,77;431;70;203;316;630;518;531;538;479;434;828
0,12645,12713,1,0,0,12,0,77;431;43;192;305;619;507;520;527;468;423;817
0,12653,12709,1,1,0,13,0,77;431;43;184;297;611;499;512;519;460;415;809;778
1,12655,12884,1,0,0,13,9,77;431;43;182;295;609;497;510;517;458;413;807;776
1,12691,12775,1,0,0,14,1,77;419;2;146;259;573;461;474;481;422;377;771;740;672
1,12705,12773,1,0,0,13,1,77;405;132;245;559;447;460;405;408;363;757;726;658
1,12605,12658,1,0,0,11,4,223;505;99;232;345;659;547;560;567;508;463
0,12603,12685,1,0,0,11,0,223;507;101;234;347;661;549;562;569;510;465
1,12536,12602,1,0,0,12,3,223;17;574;157;301;414;728;616;629;636;577;532
1,12506,12573,1,0,0,12,3,223;47;600;187;331;444;758;646;659;666;607;562
1,12631,12864,1,0,0,12,7,223;456;73;206;319;633;521;534;541;482;437;831
1,12627,12699,1,0,0,12,4,223;460;77;210;323;637;525;538;545;486;441;835
0,12623,12703,1,0,0,11,0,223;460;81;214;327;641;529;542;549;490;445
0,12607,12661,1,1,0,11,0,223;460;97;230;343;657;545;558;565;506;461
1,12427,12511,1,1,0,15,4,10;258;126;32;74;683;274;410;517;837;725;719;745;686;641
1,12413,12468,1,0,0,14,2,10;258;140;46;88;697;274;424;520;851;739;719;759;700
1,12411,12480,1,0,0,14,3,10;258;142;48;90;699;274;426;539;853;741;719;761;702
1,12400,12617,1,0,0,14,8,10;459;153;59;101;710;274;437;550;864;752;719;772;713
1,12464,12529,1,0,0,13,3,223;89;37;600;238;373;486;800;688;701;708;649;604
1,12449,12654,1,0,0,14,7,258;104;10;52;600;238;388;501;815;703;716;723;664;619
1,12446,12515,1,0,0,14,2,258;107;13;55;600;258;391;504;818;706;719;726;667;622
1,12427,12500,1,1,0,15,3,10;258;126;32;74;600;274;410;517;837;725;719;745;686;641
1,12359,12442,1,0,0,14,1,29;14;83;495;194;100;142;751;345;478;591;905;793;806
1,12364,12433,1,0,0,15,3,24;9;56;495;189;95;137;746;340;473;586;900;788;801;808
1,12318,12405,1,0,0,12,3,70;55;124;550;235;141;183;792;386;519;632;946
1,12358,12435,1,0,0,14,3,30;15;84;514;195;101;143;752;346;479;592;906;794;807
1,12392,12480,1,0,0,13,2,43;459;161;67;109;718;274;445;558;872;760;773;780
1,12392,12451,1,1,0,13,1,43;459;161;67;109;718;274;445;558;872;760;719;780
1,12367,12626,1,1,0,15,8,21;6;56;495;186;92;134;743;274;470;583;897;785;798;805
1,12385,12474,1,0,0,14,4,3;43;487;168;74;116;725;274;452;565;879;767;780;787
1,12252,12471,1,0,0,11,5,136;16;96;56;190;620;301;207;249;858;452
1,12280,12365,1,0,0,12,2,108;93;28;162;583;273;179;221;830;424;557;670
1,12214,12267,1,0,0,10,2,174;56;142;94;228;658;339;245;287;896
1,12250,12306,1,1,0,11,1,138;16;123;58;192;622;303;209;251;860;454
1,12298,12376,1,0,0,12,2,90;55;10;144;564;255;161;203;812;406;539;652
1,12302,12366,1,0,0,12,1,86;55;6;140;550;251;157;199;808;402;535;648
1,12281,12343,1,0,0,12,1,107;92;27;161;564;272;178;220;829;423;556;669
1,12289,12574,1,0,0,12,5,99;84;13;153;564;264;170;212;821;415;548;661
1,12174,12255,1,0,0,10,1,214;105;181;134;268;698;379;285;327;936
1,12149,12221,1,0,0,10,1,239;108;211;145;279;723;404;310;352;961
1,12210,12499,1,0,0,10,5,178;56;163;98;232;662;343;249;291;900
1,12182,12440,1,0,0,10,6,206;97;181;126;258;690;371;277;319;928
1,12111,12196,1,0,0,10,1,277;162;211;197;331;761;442;348;390;999
1,12102,12184,1,0,0,10,2,286;177;211;206;340;770;451;357;399;1008
1,12142,12225,1,0,0,10,2,246;137;211;145;279;730;411;317;359;968
1,12137,12221,1,0,0,10,1,251;142;211;171;279;735;416;322;364;973
0,12037,12112,1,1,0,14,0,56;351;9;220;211;271;10;405;29;835;516;422;464;1073
1,12032,12110,1,1,0,14,2,61;356;14;247;211;272;15;410;34;840;521;427;469;1078
0,12060,12120,1,0,0,12,0,33;328;201;211;248;382;6;812;493;399;441;1050
1,12049,12125,1,0,0,12,2,44;339;220;211;259;393;17;823;504;410;452;1061
1,11990,12190,1,0,0,13,4,88;393;56;275;383;318;57;452;76;882;563;469;511
1,11977,12051,1,0,0,13,3,116;393;69;275;396;331;70;465;89;895;576;482;524
1,12030,12103,1,0,0,14,1,63;358;16;249;211;278;17;412;36;842;523;429;471;1080
0,11995,12078,1,1,0,13,0,88;393;51;275;211;313;52;447;71;877;558;464;506
1,11959,12031,1,1,0,13,1,134;421;87;320;414;346;88;483;107;913;594;500;542
1,11960,12213,1,0,0,13,8,133;421;86;319;413;332;87;482;106;912;593;499;541
1,11962,12042,1,0,0,13,3,131;393;84;317;411;332;85;480;104;910;591;497;539
1,11977,12204,1,0,0,13,8,99;393;69;275;396;331;70;465;89;895;576;482;524
1,11872,11941,1,0,0,14,2,24;174;509;174;407;84;501;436;175;570;194;1000;681;587
1,11917,11980,1,0,0,15,2,13;174;471;129;362;39;456;391;130;525;149;955;636;542;584
1,11933,12021,1,0,0,15,1,7;160;434;113;346;23;440;375;114;509;133;939;620;526;568
1,11939,12001,1,0,0,15,3,1;154;434;107;340;17;434;346;108;503;127;933;614;520;562
1,11818,12023,1,1,0,13,6,24;11;275;519;228;461;138;555;483;229;624;248;1054
0,11823,11883,1,0,0,13,0,24;11;175;519;223;456;133;550;483;224;619;243;1049
1,11860,11928,1,0,0,14,4,24;175;519;186;419;96;513;448;187;582;206;1012;693;599
1,11866,11942,1,0,0,14,4,24;175;509;180;413;90;507;442;181;576;200;1006;687;593
1,11787,11870,1,0,0,13,4,24;40;306;595;243;492;169;586;521;260;655;279;1085
1,11807,11878,1,0,0,13,4,24;34;286;562;239;472;149;566;501;240;635;259;1065
1,11815,11884,1,0,0,13,1,24;26;278;519;231;464;141;558;493;232;627;251;1057
1,11815,11899,1,0,0,13,1,24;26;278;519;231;464;141;558;483;232;627;251;1057
1,11762,11842,1,0,0,13,1,24;42;331;595;243;517;194;611;546;285;680;304;1110
1,11760,11836,1,0,0,13,2,24;42;333;595;286;519;196;613;546;287;682;306;1112
1,11728,11805,1,1,0,14,5,2;24;42;365;607;318;551;228;645;546;319;714;332;1144
1,11727,11795,1,0,0,14,4,2;24;42;366;661;319;552;229;646;546;320;715;332;1145
0,11727,11793,1,0,0,14,0,2;24;42;366;607;319;552;229;646;546;320;715;332;1145
1,11723,11777,1,1,0,13,1,2;24;42;370;665;323;556;233;650;585;324;719;332
1,11712,11795,1,0,0,13,4,23;24;42;381;676;334;567;244;661;596;335;730;332
0,11695,11761,1,1,0,13,0,38;24;42;398;690;351;584;261;678;613;352;747;332
1,11693,11763,1,0,0,13,1,38;24;42;400;690;353;586;263;680;615;354;749;373
1,11682,11761,1,0,0,13,3,38;24;42;411;706;364;597;274;691;626;365;760;384
1,11664,11732,1,0,0,13,4,55;24;42;429;724;382;615;292;709;644;383;778;402
1,11659,11930,1,0,0,13,7,76;24;182;434;729;387;620;297;714;649;388;783;407
1,11659,11732,1,0,0,13,4,76;24;42;434;729;387;620;297;714;649;388;783;407
1,11642,11937,1,0,0,13,8,93;298;199;451;746;404;637;314;731;666;405;800;424
1,11565,11627,1,0,0,12,3,0;76;66;170;375;276;528;823;481;714;391;808
1,11524,11593,1,1,0,13,3,24;82;107;0;209;416;317;569;864;522;755;432;849
1,11491,11697,1,1,0,13,7,24;82;12;140;33;244;449;348;602;897;555;788;465
1,11513,11755,1,1,0,12,7,24;82;118;11;221;427;328;580;875;533;766;443
1,11466,11525,1,1,0,14,1,24;82;37;165;5;58;269;474;375;627;922;580;813;490
1,11468,11535,1,1,0,14,1,24;82;14;163;3;56;267;472;373;625;920;578;811;488
1,11446,11519,1,1,0,11,1,27;82;57;185;25;78;289;17;494;395;647
1,11448,11654,1,1,0,11,4,27;82;50;183;23;76;287;15;492;393;645
1,11394,11595,1,0,0,12,6,45;43;91;109;203;77;130;341;69;546;447;699
1,11414,11658,1,0,0,12,2,27;23;91;89;203;57;110;321;49;526;427;679
1,11364,11423,1,1,0,13,1,6;27;45;73;91;139;267;107;160;371;99;576;477
1,11389,11475,1,0,0,12,1,2;45;48;91;114;242;82;135;346;74;551;452
1,11345,11642,1,0,0,15,6,25;46;45;12;92;16;296;158;286;126;179;390;118;595;496
0,11347,11417,1,0,0,15,0,23;44;45;10;90;14;91;156;284;124;177;388;116;593;494
1,11322,11589,1,0,0,16,5,48;69;16;45;35;115;39;319;176;309;149;202;401;141;618;519
1,11345,11603,1,1,0,15,4,25;46;45;12;92;16;95;158;286;126;179;390;118;595;496
1,11288,11363,1,1,0,17,1,14;82;103;50;45;69;124;73;353;210;343;183;236;401;175;652;553
1,11295,11358,1,0,0,17,2,7;75;96;43;45;62;124;66;346;176;336;176;229;401;168;645;546
1,14502,14710,1,0,0,13,5,10;18;1;216;308;393;640;784;497;581;473;588;557
1,14503,14571,1,1,0,13,1,9;18;1;102;307;392;639;783;496;580;473;587;556
1,14466,14734,1,0,0,13,8,11;46;277;1;252;344;429;676;820;533;617;558;624
1,14479,14555,1,0,0,14,1,11;33;18;1;239;331;416;663;807;520;604;545;611;580
1,14537,14610,1,0,0,11,3,18;72;137;358;605;749;462;546;473;553;522
0,14540,14606,1,0,0,11,0,18;72;137;338;602;746;459;543;473;550;519
1,14516,14762,1,1,0,12,7,18;1;72;294;379;626;770;483;567;473;574;543
1,14525,14597,1,0,0,12,1,18;1;72;137;370;617;761;474;558;473;565;534
1,14559,14858,1,0,0,12,9,18;72;137;309;583;727;440;524;465;531;500;493
1,14560,14634,1,0,0,12,1,18;12;137;309;582;726;439;523;464;530;499;493
1,14549,14621,1,0,0,11,2,18;72;137;338;593;737;450;534;473;541;510
1,14554,14630,1,1,0,12,1,18;72;137;309;588;732;445;529;470;536;505;518
1,14570,14798,1,0,0,12,7,18;12;137;309;572;716;429;513;399;520;489;493
1,14579,14635,1,0,0,12,1,18;12;133;309;563;707;420;504;399;511;480;493
1,14254,14552,1,0,0,12,6,12;174;30;236;39;223;146;13;489;280;464;556
1,14249,14322,1,1,0,12,2,17;174;30;241;44;223;151;18;494;285;464;561
1,14233,14500,1,0,0,12,3,33;224;30;257;60;223;167;34;510;301;464;577
1,14230,14291,1,1,0,12,1,36;227;30;260;63;282;170;37;513;304;464;580
0,14322,14377,1,1,0,11,0,135;3;168;159;78;421;212;396;488;573;820
1,14311,14395,1,0,0,11,1,146;14;175;190;89;432;223;407;499;584;831
1,14294,14362,1,0,0,11,1,163;30;175;218;106;449;240;424;516;601;848
0,14283,14370,1,0,0,12,0,174;30;175;10;223;117;460;251;435;527;612;859
1,14378,14583,1,0,0,14,5,79;33;134;22;365;156;340;432;517;764;908;621;705;646
1,14368,14644,1,0,0,13,7,89;122;144;32;375;166;350;442;527;774;918;631;715
1,14347,14407,1,1,0,11,1,110;143;159;53;396;187;371;463;548;795;939
0,14346,14406,1,0,0,11,0,111;144;159;54;397;188;372;464;549;796;940
1,14465,14540,1,1,0,13,2,11;47;278;28;253;345;430;677;821;534;618;559;625
1,14435,14514,1,0,0,14,2,22;11;77;308;99;283;375;446;707;851;564;648;589;655
1,14398,14467,1,0,0,14,2,59;11;114;2;345;136;315;412;497;744;888;601;685;626
1,14383,14446,1,1,0,14,1,74;11;129;17;360;151;335;427;512;759;903;616;700;641
1,14080,14153,1,0,0,15,1,177;65;8;124;377;245;410;213;144;432;320;187;663;454;638
1,14082,14348,1,0,0,15,10,139;63;6;122;375;243;408;211;142;430;318;185;661;452;636
1,14112,14351,1,0,0,14,5,139;33;92;345;213;378;181;112;400;288;155;631;422;606
1,14131,14194,1,0,0,14,2,122;14;73;326;194;359;162;93;381;269;136;612;403;587
1,13898,14163,1,0,0,15,7,2;65;287;107;190;306;559;427;592;395;326;178;614;502;369
1,13920,13998,1,0,0,15,1,65;177;107;168;284;537;405;570;373;304;156;592;480;347;823
1,13924,14187,1,1,0,15,9,65;177;107;164;280;533;401;566;369;300;152;588;476;286;819
1,14026,14077,1,0,0,16,2,9;177;107;62;178;431;299;464;267;198;50;486;374;241;717;508
1,14176,14252,1,0,0,13,1,54;28;281;123;314;117;48;336;224;91;567;358;542
0,14188,14271,1,1,0,13,0,54;16;269;36;302;105;36;324;212;79;555;346;530
1,14198,14265,1,0,0,13,1,54;6;259;36;292;95;26;314;202;69;545;336;520
1,14229,14525,1,0,0,12,6,37;228;36;261;64;283;171;38;514;305;464;581
1,14133,14366,1,0,0,14,9,122;12;71;324;135;357;160;91;379;267;134;610;401;585
1,14141,14213,1,0,0,14,2,122;2;63;316;135;349;152;83;371;259;126;602;393;577
1,14158,14405,1,0,0,13,5,54;46;299;135;332;135;66;354;242;109;585;376;560
1,14173,14429,1,0,0,13,7,54;31;284;135;317;120;51;339;227;94;570;361;545
1,13735,13936,1,0,0,15,8,20;2;202;118;156;531;85;410;353;469;722;590;755;558;489
1,13732,13816,1,0,0,15,1,23;73;202;121;159;534;88;413;356;472;725;593;758;561;492
1,13775,13846,1,1,0,14,1,2;196;78;116;287;45;370;313;429;682;550;715;518;449
1,13742,14000,1,1,0,15,4,13;2;196;111;149;524;78;403;346;462;715;583;748;551;482
1,13703,13988,1,0,0,16,11,52;19;84;332;150;165;563;117;442;385;501;754;622;787;590;521
1,13698,13956,1,0,0,16,7,52;24;216;337;155;165;568;122;447;390;506;759;627;792;595;526
1,13705,13775,1,0,0,16,1,50;17;84;202;148;165;538;115;440;383;499;752;620;785;588;519
1,13704,13754,1,0,0,16,1,51;18;84;202;149;165;562;116;441;384;500;753;621;786;589;520
1,13863,13931,1,1,0,14,2,2;134;28;287;282;225;341;594;462;627;430;361;213;649
1,13832,13915,1,1,0,14,2,2;160;21;43;287;313;256;372;625;493;658;461;380;244
1,13896,13978,1,0,0,15,2,2;65;287;126;192;308;561;429;594;397;328;180;616;504;371
1,13870,14135,1,0,0,15,10,2;65;21;287;275;218;334;587;455;620;423;354;206;642;530
1,13804,13878,1,0,0,15,1,2;196;49;87;287;16;341;284;388;653;521;686;489;380;272
1,13785,13858,1,0,0,14,3,2;196;68;106;287;35;360;303;419;672;540;705;508;380
1,13829,13880,1,1,0,14,1,2;160;24;61;287;316;259;375;628;496;661;464;380;247
1,13824,14063,1,0,0,14,8,2;196;29;61;287;321;264;380;633;501;666;469;380;252
1,13512,13592,1,0,0,17,3,13;74;143;74;243;197;402;523;341;379;754;308;633;148;576;692;945
1,13526,13609,1,0,0,17,3,8;60;97;60;229;196;388;509;327;365;740;294;619;134;562;678;931
1,13464,13552,1,0,0,16,4,70;122;191;25;122;291;258;450;571;389;427;802;356;681;196;624
1,13488,13543,1,0,0,18,2,13;98;167;1;98;267;234;426;547;365;403;778;332;657;172;600;716;969
1,13370,13621,1,0,0,18,9,92;61;164;198;285;119;216;385;352;544;665;483;521;896;450;775;290;718
1,13414,13476,1,0,0,18,2,48;17;120;172;241;75;172;341;308;500;621;439;477;852;406;731;246;674
1,13295,13586,1,1,0,16,12,167;136;57;239;267;360;194;291;448;427;619;740;558;596;971;525
1,13344,13395,1,0,0,17,2,118;87;19;190;199;311;145;242;411;378;570;691;509;547;922;476;801
1,13684,13764,1,1,0,16,3,71;38;230;351;169;207;582;136;461;404;520;773;641;806;609;540
1,13687,13760,1,1,0,16,4,68;35;227;348;166;165;579;133;458;401;517;770;638;803;606;537
1,13656,13721,1,1,0,15,4,99;66;258;379;197;235;610;164;489;4;432;548;801;669;834
1,13668,13745,1,0,0,15,1,87;54;246;367;185;223;598;152;477;420;536;789;657;822;625
1,13564,13648,1,0,0,17,2,22;70;22;185;158;350;471;289;327;702;256;581;96;524;640;893;761
1,13610,13897,1,0,0,15,8,45;145;112;304;425;243;281;630;210;535;50;478;594;847;715
1,13548,13622,1,0,0,17,4,38;97;38;207;174;366;487;305;343;718;272;597;112;540;656;909;777
1,13563,13637,1,0,0,17,4,23;70;23;192;159;351;472;290;328;703;257;582;97;525;641;894;762
1,13230,13305,1,1,0,16,1,34;185;201;133;304;0;267;425;259;356;525;492;684;805;623;661
1,13219,13470,1,0,0,16,7,45;185;212;144;315;11;367;436;270;367;536;503;695;816;634;672
0,13184,13237,1,0,0,14,0,80;185;247;179;350;33;368;471;305;402;571;538;730;851
1,13146,13223,1,0,0,17,2,93;6;19;26;185;285;217;388;84;368;509;343;440;609;576;768;889
1,13132,13220,1,0,0,17,3,93;7;33;40;185;299;223;402;98;454;523;357;454;623;590;782;903
1,13102,13160,1,0,0,17,2,8;93;7;63;70;11;185;329;261;432;128;484;553;387;484;653;620
1,13100,13154,1,1,0,17,2,10;93;15;65;72;13;185;331;263;434;130;486;555;389;486;655;622
1,13093,13147,1,0,0,17,2,17;93;59;72;74;20;185;338;270;441;137;493;562;396;493;662;629
0,13289,13353,1,0,0,15,0,173;142;74;245;267;366;200;297;448;433;625;746;564;602;977
1,13289,13343,1,0,0,15,3,173;142;74;245;267;366;200;297;448;433;625;746;564;602;977
1,13254,13330,1,1,0,15,1,10;185;177;88;280;267;401;235;332;478;468;660;781;599;637
1,13253,13470,1,0,0,15,6,11;185;178;110;281;267;402;236;333;478;469;661;782;600;638
1,13247,13308,1,1,0,15,1,17;185;184;116;287;267;408;242;339;496;475;667;788;606;644
0,13243,13331,1,0,0,15,0,21;185;188;120;291;267;412;246;343;496;479;671;792;610;648
0,13238,13307,1,0,0,15,0,26;185;193;125;296;267;417;251;348;496;484;676;797;615;653
0,13235,13304,1,0,0,15,0,29;185;196;128;299;267;420;254;351;496;487;679;800;618;656
283
13851,14512,118.73,10
13864,14400,0.00,11
13670,14224,69.90,11
13799,14076,0.00,9
13613,14490,173.37,9
13659,14293,0.00,11
13475,14457,50.96,8
13548,14325,164.30,10
14278,15142,0.00,8
14326,15286,0.00,10
14207,14810,161.31,8
14267,14895,101.48,8
14012,14534,98.65,9
14034,14718,296.97,9
13876,14267,61.43,9
13907,14743,259.18,11
14551,15072,43.58,11
14468,15059,0.00,10
14414,15090,0.00,9
14373,15024,137.90,8
14366,15083,0.00,9
14364,14999,0.00,10
12270,12950,60.90,9
12309,13264,251.01,9
12346,13152,120.37,11
12351,13165,174.43,9
11881,12501,0.00,8
12017,13110,470.74,9
12249,12704,239.13,8
12253,12837,16.40,10
12650,13431,105.99,10
12661,13363,77.91,10
12713,13534,57.23,11
12831,13230,51.41,8
12364,13172,229.23,8
12399,13113,44.84,10
12423,13068,0.00,10
12627,13462,251.81,10
13090,13722,70.11,9
13074,13755,128.50,8
13125,14035,267.12,8
13110,13914,214.91,10
12908,13655,73.12,9
12876,13586,303.49,9
12993,13489,0.00,10
12993,13586,0.00,11
13346,13660,0.00,10
13307,14145,213.28,11
13471,14204,129.42,8
13349,14088,0.00,10
13217,13891,87.18,9
13186,13853,0.00,8
13295,13820,0.00,9
13288,14266,583.72,10
0,312,234.35,3
0,138,0.00,2
0,486,197.82,5
0,98,39.91,1
0,335,159.51,3
528,1421,209.36,8
498,1244,0.00,11
584,1478,0.00,9
580,1246,54.99,9
615,1213,0.00,9
611,1304,60.12,11
761,1661,265.08,9
642,1632,224.83,11
1047,1963,236.07,8
868,1281,0.00,10
1282,2113,459.69,8
1233,2066,312.66,10
1350,1952,66.94,11
1321,2056,79.51,10
1436,2563,308.52,9
1428,2011,194.83,10
0,174,0.00,2
0,462,185.19,7
0,189,0.00,4
132,966,544.70,9
198,802,161.11,8
208,824,250.88,10
210,879,0.00,11
239,1151,422.80,9
290,881,0.00,10
303,761,36.86,11
316,1310,363.89,11
324,615,0.00,9
351,1252,387.15,11
385,1176,157.11,11
431,1456,69.91,10
466,1104,131.35,9
2946,3444,37.71,11
2928,3731,163.07,8
2893,3534,194.88,9
2766,3200,97.50,11
2765,3366,31.09,8
2566,3212,115.66,10
2450,3338,266.92,11
2433,2843,47.78,11
3512,4201,97.66,9
3481,3901,30.17,11
3474,4166,66.80,8
3433,4163,28.54,11
3412,4164,287.68,8
3316,4472,453.74,9
3308,4221,214.84,8
3138,3511,0.00,8
1960,2549,0.00,10
2094,2744,175.18,10
1767,2404,114.57,8
1850,2643,188.57,9
1671,2635,195.68,9
1764,2396,0.00,9
1554,2499,184.93,9
1595,1894,0.00,9
2332,2947,124.88,9
2406,3004,0.00,10
2272,2836,0.00,9
2327,2940,0.00,11
2182,3126,242.03,10
2259,3098,114.40,8
2150,2926,0.00,9
2165,3133,397.81,11
4423,5355,152.66,11
4372,5325,194.26,9
4727,5081,0.00,8
4655,5389,217.22,9
4254,5112,95.84,10
4247,4526,76.75,8
4319,5164,0.00,10
4296,5117,0.00,10
5016,5910,99.05,9
5015,5863,90.93,11
5099,5806,137.72,10
5036,5584,0.00,10
4901,5673,357.95,9
4803,5459,180.86,11
4977,5629,401.07,10
4921,5919,296.49,9
3826,4625,373.00,8
3851,4748,280.28,10
3880,4302,40.07,9
3916,4473,133.63,9
3563,4188,179.16,8
3585,4260,0.00,11
3624,4055,0.00,8
3801,4455,118.21,10
4183,4804,0.00,8
4191,4681,96.24,9
4198,4838,0.00,8
4216,5041,0.00,9
3949,4791,243.28,8
4009,5022,397.89,11
4063,4951,135.47,8
4108,4711,32.81,9
6383,7506,214.10,11
6414,7266,0.00,11
6357,7326,231.20,8
6366,7061,19.79,8
6542,7472,0.00,10
6561,7412,0.00,9
6470,6946,111.89,8
6485,7325,0.00,9
6095,6600,118.37,9
6151,6720,59.48,8
5978,6870,244.92,10
5983,6438,0.00,9
6275,7299,251.71,10
6282,7138,135.94,10
6238,6978,369.24,10
6265,6659,0.00,11
5702,6467,309.38,9
5676,6356,0.00,9
5552,6003,0.00,8
5523,6411,183.22,10
5953,6644,0.00,9
5946,6478,287.13,10
5797,6646,0.00,9
5708,6345,68.83,10
5250,6014,0.00,11
5216,5908,0.00,10
5211,6031,51.08,10
5167,6112,220.06,8
5459,6271,312.87,10
5341,5731,0.00,10
5338,6090,142.13,9
5335,6132,132.84,9
8017,8950,294.52,10
8068,8582,71.97,10
8084,8702,0.00,11
8118,8934,317.12,10
8176,8854,0.00,10
8426,8781,77.41,8
8492,9164,169.93,10
8496,9599,629.96,10
7656,8665,508.89,9
7701,8227,22.17,11
7707,8617,0.00,8
7797,8252,0.00,11
7843,8423,142.51,9
7871,8781,340.03,11
7917,8722,169.23,10
7993,8644,141.99,9
7149,7886,161.14,11
7094,7935,361.93,10
7335,8105,0.00,9
7249,8079,332.27,9
7481,8238,412.75,8
7400,8137,29.65,11
7600,8443,312.26,10
7539,8386,262.61,10
6655,7427,226.46,11
6584,7159,0.00,10
6717,7466,0.00,11
6656,7243,0.00,10
6884,7717,0.00,11
6815,7560,94.72,10
7016,7777,0.00,11
6907,7377,0.00,10
10279,11111,124.60,11
10327,11135,211.93,10
10202,10947,206.65,10
10211,11370,355.42,9
10046,10658,184.79,11
10201,11302,457.02,8
9998,10713,0.00,10
10015,10369,61.40,10
9860,10786,226.68,8
9883,10535,0.00,11
9732,10677,0.00,11
9757,10511,93.99,9
9640,10382,129.41,11
9702,10290,0.00,11
9486,10319,282.07,9
9581,10143,191.30,10
9432,10053,77.71,9
9418,10232,186.49,11
9305,9965,42.82,9
9181,9855,0.00,10
9169,9823,142.86,11
9166,10015,258.35,11
9065,9987,401.35,10
9040,9800,77.29,10
9031,9751,0.00,10
9010,9277,60.03,10
8980,9666,0.00,11
8901,9636,0.00,11
8900,9566,0.00,9
8889,9528,0.00,11
8817,9925,545.64,8
8751,9424,230.63,11
11630,12066,41.49,11
11725,12872,523.86,9
11854,12553,0.00,11
11854,12459,0.00,8
11522,12373,281.40,10
11569,12308,143.71,8
11625,12047,0.00,11
11627,12442,136.40,11
11449,12388,247.83,9
11455,12046,43.40,9
11455,12279,215.50,9
11465,11956,0.00,8
11109,11463,0.00,10
11125,11940,285.08,11
11238,11841,183.48,10
11390,12093,130.45,11
10991,11471,0.00,8
10969,11631,104.18,9
11070,11735,193.64,8
11002,11524,0.00,10
10833,11361,109.12,11
10819,11437,67.21,10
10921,11503,182.17,10
10867,11641,214.49,8
10637,11338,63.52,10
10617,11145,0.00,9
10758,11357,96.01,9
10652,11565,348.44,8
10365,11100,85.87,8
10349,11391,30.97,10
10516,11089,0.00,10
10398,10746,0.00,11
