1004
1,466,519,1,1,0,11,2,342;431;234;330;464;705;933;650;879;564;818
1,480,704,1,1,1,12,7,328;417;220;316;450;691;919;636;865;550;818;164
1,506,571,1,0,0,13,1,302;391;194;290;424;665;893;610;767;524;803;138;610
1,520,608,1,0,0,13,2,288;377;180;276;410;651;879;596;767;510;789;124;596
0,325,402,1,1,0,12,0,483;3;116;24;21;546;375;471;538;747;1074;791
1,412,463,1,0,0,10,1,396;29;485;288;384;518;747;987;704;933
1,438,508,1,0,0,12,1,370;3;459;262;358;477;733;961;678;907;592;871
1,444,528,1,0,0,11,3,364;453;256;352;477;727;955;654;901;586;865
1,290,340,1,0,0,10,2,500;38;151;59;56;546;401;506;538;881
1,298,500,1,0,0,10,4,500;30;143;51;33;546;401;498;538;873
1,304,521,1,1,0,10,4,500;24;137;45;33;546;396;492;538;752
0,313,399,1,0,0,11,0,495;15;128;36;33;546;387;483;538;747;1086
0,258,313,1,0,0,9,0,500;70;183;72;88;546;442;538;538
1,261,312,1,0,0,9,1,500;67;180;72;85;546;439;535;538
1,263,334,1,0,0,10,3,500;65;178;72;83;546;437;533;538;908
1,269,339,1,0,0,10,2,500;59;172;72;77;546;401;527;538;902
1,215,289,1,1,0,10,3,593;113;226;34;72;131;546;449;581;538
1,209,298,1,0,0,10,1,599;119;232;40;72;137;616;449;587;538
0,235,299,1,0,0,10,0,500;93;206;14;72;111;546;449;561;538
1,221,520,1,1,0,10,4,587;107;220;28;72;125;546;449;570;538
1,149,356,1,0,0,9,1,659;179;264;100;72;197;748;449;647
1,143,205,1,0,0,9,1,665;185;294;106;72;203;754;449;653
1,191,404,1,0,0,10,1,617;137;250;58;72;155;616;449;605;739
0,152,224,1,0,0,9,0,656;176;264;97;72;194;616;449;644
0,129,213,1,1,0,10,0,679;199;312;3;120;72;217;768;571;667
1,118,379,1,0,0,9,7,690;210;319;14;131;231;228;779;582
1,142,398,1,0,0,9,6,666;186;294;107;72;204;755;558;654
1,135,185,1,0,0,9,1,673;193;306;114;72;211;762;565;661
0,42,102,1,0,0,11,0,766;286;47;399;37;90;207;307;304;855;658
1,3,79,1,0,0,8,1,805;325;96;438;76;129;246;346
1,103,158,1,0,0,9,1,705;225;334;29;146;246;243;794;597
1,51,115,1,0,0,11,1,757;277;47;390;28;81;198;298;295;846;649
1,963,1013,1,0,0,15,1,208;436;153;382;67;346;153;394;82;226;468;730;580;888;659
1,988,1196,1,0,0,16,9,183;411;128;357;42;321;128;369;57;201;443;705;555;816;634;826
1,939,1193,1,0,0,14,9,232;443;177;406;91;370;177;418;106;250;492;754;604;976
1,963,1028,1,0,0,15,3,208;436;153;382;67;346;153;394;82;226;468;730;580;816;659
1,886,975,1,0,0,15,4,11;44;285;513;230;459;141;423;230;471;159;303;545;807;657
1,923,1005,1,1,0,14,2,7;248;476;193;422;107;386;193;434;122;266;508;770;620
0,850,907,1,0,0,15,0,47;80;321;549;266;477;141;459;243;507;195;339;568;843;693
1,856,919,1,0,0,15,1,41;74;315;543;260;477;141;453;243;501;189;333;568;837;687
1,817,894,1,0,0,14,4,76;88;354;582;299;508;141;492;243;540;228;372;593;876
1,843,917,1,0,0,15,1,54;87;328;556;273;477;141;466;243;514;202;346;588;850;700
1,810,899,1,0,0,14,1,76;120;361;589;306;508;141;499;243;547;235;379;621;883
1,815,879,1,1,0,14,3,76;115;356;584;301;508;141;494;243;542;230;374;593;878
1,765,831,1,0,0,15,3,43;76;31;165;406;634;351;508;141;544;299;586;280;424;636
1,776,859,1,0,0,15,3,32;76;20;142;395;623;340;508;141;533;299;581;269;413;636
1,742,823,1,0,0,15,2,66;76;54;180;429;657;374;508;141;567;299;586;303;447;689
1,757,810,1,0,1,15,1,51;76;39;173;414;642;359;508;141;552;299;586;288;432;636
1,741,829,1,0,0,15,3,67;156;55;180;430;658;375;508;141;568;299;586;304;448;690
0,728,779,1,0,0,14,0,75;169;68;180;443;671;388;508;141;581;299;586;317;461
1,724,1010,1,1,0,14,7,75;173;72;180;447;675;392;508;141;585;392;586;321;465
1,713,800,1,1,0,14,3,75;184;83;187;458;686;403;508;141;596;403;586;332;476
1,711,762,1,0,0,14,1,97;186;85;187;460;688;405;508;141;598;405;586;334;478
1,691,762,1,0,0,15,3,117;206;9;105;239;480;708;425;508;141;618;425;586;354;498
1,657,720,1,0,0,14,1,151;240;43;139;273;514;742;459;508;141;652;459;586;388
1,649,871,1,0,0,14,11,159;248;51;147;281;522;750;467;696;141;660;467;586;396
1,644,921,1,0,0,15,11,164;253;56;152;286;527;755;472;701;386;665;0;472;586;401
1,616,672,1,1,0,15,4,192;281;84;180;314;555;783;500;729;414;693;28;500;586;429
1,583,854,1,1,0,15,11,225;314;117;213;327;588;793;533;753;447;726;61;533;774;462
1,567,618,1,0,0,14,4,241;330;123;229;327;602;793;549;767;463;742;77;549;790
1,558,815,1,0,0,13,6,250;339;123;238;327;613;793;558;767;472;751;86;558
1,547,604,1,0,0,13,1,261;350;123;249;383;624;793;569;767;483;762;97;569
1,540,592,1,1,0,13,2,268;357;160;256;390;631;793;576;767;490;769;104;576
0,537,593,1,0,0,13,0,271;360;163;259;393;634;793;579;767;493;772;107;579
0,1309,1390,1,0,0,16,0,90;36;0;48;122;384;234;606;230;505;347;576;206;409;395;493
1,1317,1375,1,1,0,15,1,82;28;40;114;376;226;598;230;497;347;568;198;401;395;485
1,1334,1613,1,1,0,15,8,63;11;23;97;359;209;581;230;480;336;551;181;384;389;468
1,1353,1419,1,0,0,15,4,46;4;78;340;190;562;230;461;317;532;162;365;370;383;726
1,1410,1474,1,0,0,13,3,21;283;133;505;208;404;260;475;105;308;313;383;669
1,1417,1471,1,0,0,13,3,14;276;126;498;205;395;253;468;98;301;306;383;662
1,1481,1567,1,0,0,12,4,212;62;434;141;333;189;404;34;237;242;321;598
1,1530,1587,1,0,0,11,3,163;13;385;92;284;140;355;188;193;272;549
1,1203,1257,1,1,0,15,1,196;142;106;154;228;490;340;712;419;591;467;682;312;515;395
1,1214,1283,1,0,0,15,5,185;131;95;143;217;479;329;701;408;591;456;671;276;504;395
1,1235,1435,1,1,0,15,5,164;110;74;122;196;458;308;680;387;579;435;650;276;483;395
1,1240,1296,1,1,0,15,3,159;105;69;117;191;453;303;675;246;574;430;645;275;478;395
1,1264,1325,1,1,0,15,6,135;81;45;93;149;429;279;651;246;550;406;621;251;454;395
1,1274,1334,1,0,0,16,1,125;71;35;83;149;419;269;641;246;540;396;599;241;444;395;528
1,1281,1334,1,1,0,16,3,118;64;28;76;149;412;262;634;246;533;347;599;234;437;395;521
1,1305,1526,1,1,0,16,5,94;40;4;52;126;388;238;610;246;509;347;580;210;413;395;497
1,1102,1153,1,1,0,19,2,69;297;14;243;207;14;255;87;329;503;441;782;520;712;568;783;413;616;426
1,1088,1155,1,1,0,19,5,83;311;28;257;221;28;269;91;343;503;455;796;534;726;582;797;427;630;426
0,1133,1212,1,0,0,17,0,38;266;212;176;224;56;298;503;410;782;489;591;537;752;382;585;426
1,1125,1403,1,1,0,17,9,46;274;220;184;232;64;306;503;418;782;497;689;545;760;390;593;426
1,1172,1381,1,0,0,16,10,218;173;137;185;17;259;503;371;743;450;591;498;713;343;546;426
1,1163,1242,1,1,0,17,2,8;236;182;146;194;26;268;503;380;752;459;591;507;722;352;555;426
1,1177,1254,1,1,0,16,5,218;168;132;180;12;254;503;366;738;445;591;493;708;338;541;395
1,1173,1472,1,1,0,16,13,218;172;136;184;16;258;503;370;742;449;591;497;712;342;545;414
1,1028,1095,1,1,0,18,5,143;371;88;317;2;281;88;329;17;161;403;503;515;816;594;786;642;857
1,1005,1074,1,0,0,16,3,166;394;111;340;25;304;111;352;40;184;426;503;538;816;617;809
1,1045,1134,1,0,1,17,5,126;354;71;300;264;71;312;0;144;386;503;498;816;577;769;625;802
0,1033,1093,1,1,0,17,0,138;366;83;312;276;83;324;12;156;398;503;510;816;589;781;637;802
0,1055,1126,1,1,0,18,0,116;344;61;290;254;61;302;91;376;503;488;807;567;759;615;802;460;663
1,1048,1117,1,0,0,17,2,123;351;68;297;261;68;309;141;383;503;495;807;574;766;622;802;467
1,1081,1343,1,0,0,19,14,90;318;35;264;228;35;276;91;350;503;462;796;541;733;589;802;434;637;642
1,1064,1138,1,1,0,19,5,107;335;52;281;245;52;293;91;367;503;479;807;558;750;606;802;451;654;659
1,1864,1940,1,1,0,9,2,51;21;215;237;190;452;277;908;581
1,1865,1929,1,1,0,9,2,46;20;214;236;190;451;276;908;581
1,1831,1906,1,1,0,9,1,84;54;248;270;190;485;310;949;581
1,1856,1937,1,0,0,9,2,59;29;223;245;190;455;285;942;581
1,1911,2139,1,0,0,9,4,4;168;190;190;405;203;887;566;540
1,1918,2161,1,0,0,8,3,161;183;190;398;189;880;559;533
1,1867,1956,1,1,0,9,4,7;18;212;234;190;449;274;908;581
1,1874,2076,1,0,0,9,2,7;11;205;227;190;442;203;908;581
1,1754,1840,1,0,0,10,2,161;60;131;48;325;291;403;547;387;1044
1,1772,2057,1,0,0,10,7,143;42;113;30;307;291;385;544;369;973
1,1706,1756,1,1,0,9,1,203;108;179;12;17;96;373;291;451
1,1721,1802,1,0,0,9,2,194;93;164;2;49;358;291;436;595
1,1797,1855,1,0,0,11,1,118;17;88;5;282;291;190;519;344;962;613
1,1816,2062,1,1,0,9,4,99;69;263;285;190;500;325;949;613
1,1788,1868,1,1,0,11,3,127;26;97;14;291;291;190;528;353;973;689
1,1792,1846,1,0,0,11,2,123;22;93;10;287;291;190;524;349;973;613
1,1646,1698,1,0,0,10,2,47;269;162;24;239;72;77;150;421;455
1,1622,1707,1,1,0,11,2,71;293;0;192;46;263;96;91;150;421;479
1,1618,1668,1,1,0,11,1,75;297;4;196;46;267;100;91;169;421;483
1,1602,1690,1,0,0,11,5,91;313;20;212;46;283;116;121;169;421;499
0,1681,1735,1,0,0,9,0,12;203;133;204;37;42;121;398;291
1,1666,1721,1,1,0,10,5,27;249;148;4;219;52;57;136;413;291
1,1656,1881,1,1,0,10,5,37;259;158;14;229;62;67;146;421;296
1,1653,1885,1,0,1,10,5,40;262;161;17;232;65;70;149;421;448
1,1569,1651,1,1,0,10,3,124;346;53;245;46;316;149;154;233;421
1,1568,1637,1,1,0,10,4,125;347;54;246;46;317;150;155;234;421
1,1558,1778,1,0,1,10,3,135;357;64;256;112;327;160;165;244;421
1,1532,1737,1,0,1,11,6,161;11;383;90;268;138;353;186;191;270;547
1,1593,1645,1,0,0,11,1,100;322;29;221;46;292;125;130;207;421;508
1,1593,1660,1,0,0,11,1,100;322;29;221;46;292;125;130;183;421;508
0,1587,1676,1,0,0,11,0,106;328;35;227;46;298;131;136;207;421;514
1,1574,1659,1,0,0,10,1,119;341;48;240;46;311;132;149;228;421
1,2145,2209,1,1,0,6,2,12;171;653;330;243;150
1,2137,2221,1,1,0,7,2,20;179;4;661;330;271;150
0,2156,2238,1,1,0,6,0,1;160;642;321;243;150
0,2154,2224,1,0,0,6,0,3;162;644;323;243;150
1,2081,2163,1,0,0,8,1,20;72;220;60;717;330;271;239
1,2079,2138,1,1,0,9,2,0;22;78;220;62;719;330;271;239
0,2131,2220,1,0,0,7,0,26;185;10;667;330;271;150
1,2115,2366,1,1,0,7,3,42;201;26;683;330;271;239
0,2273,2349,1,1,0,9,0,43;525;204;178;131;507;212;757;526
1,2250,2464,1,0,0,9,4,66;548;227;201;131;521;212;934;549
0,2339,2393,1,0,0,8,0,459;138;98;131;441;212;757;460
1,2329,2400,1,0,0,8,1,469;148;122;131;451;212;757;470
1,2173,2242,1,1,0,7,1,143;625;304;243;150;562;439
1,2165,2398,1,0,1,6,3,151;633;312;243;150;615
1,2235,2502,1,1,0,8,4,81;563;242;216;131;545;212;949
1,2198,2487,1,1,0,7,4,118;600;279;243;131;562;414
1,1939,2211,1,1,0,8,7,140;141;182;377;189;856;330;512
1,1971,2028,1,1,0,9,1,108;130;182;345;170;827;330;271;505
1,1975,2040,1,0,0,9,1,104;125;182;341;166;823;330;271;501
1,1976,2032,1,0,0,9,1,103;125;181;340;165;805;330;271;500
1,1927,1993,1,0,0,8,1,152;174;190;389;189;871;330;524
1,1930,2013,1,0,0,8,1,149;141;190;386;189;868;330;521
1,1931,2006,1,0,0,8,2,148;141;190;378;189;867;330;520
1,1934,1985,1,0,1,8,3,145;141;190;378;189;856;330;517
1,2064,2291,1,1,0,9,2,14;37;93;252;77;734;330;271;412
1,2065,2121,1,1,0,9,1,14;36;92;251;76;733;330;271;239
0,2066,2144,1,0,0,9,0,13;35;91;220;75;732;330;271;239
1,2070,2342,1,0,0,9,3,9;31;87;220;71;728;330;271;239
1,1988,2065,1,0,0,9,1,91;97;169;328;153;805;330;271;488
1,2027,2102,1,0,0,9,3,52;74;130;289;114;771;330;271;449
0,2039,2089,1,0,0,9,0,24;62;118;277;102;759;330;271;437
1,2055,2125,1,0,0,9,3,24;46;102;261;86;743;330;271;421
1,2714,2776,1,0,0,10,3,84;66;459;85;48;440;610;516;722;787
1,2712,2773,1,0,0,10,3,86;68;459;87;50;440;612;518;744;789
1,2645,2733,1,0,0,9,2,153;135;539;154;86;440;679;585;793
1,2630,2687,1,0,0,9,1,168;150;554;169;132;440;694;600;793
1,2611,2906,1,0,1,10,4,187;169;1;573;188;151;556;696;603;793
1,2595,2662,1,1,0,10,2,203;185;17;589;204;167;556;729;603;793
1,2589,2843,1,0,0,10,5,209;191;23;595;210;173;669;735;603;793
1,2567,2863,1,0,0,10,6,231;213;45;599;232;195;691;757;603;889
1,2778,2861,1,1,0,10,1,20;2;406;21;440;544;452;517;598;629
1,2773,3037,1,0,0,10,5,25;7;411;26;440;544;457;517;728;629
1,2763,2984,1,1,0,10,4,35;17;421;36;440;544;467;517;738;690
0,2758,2823,1,0,0,10,0,40;22;426;41;4;440;544;472;517;743
1,2757,3046,1,0,0,10,3,41;23;427;42;5;440;553;473;517;744
0,2752,2840,1,1,0,10,0,46;28;432;47;10;440;553;478;517;749
1,2750,2831,1,0,0,10,2,48;30;434;49;12;440;574;480;517;751
1,2721,3005,1,0,0,10,4,77;59;459;78;41;440;603;509;711;780
1,2381,2449,1,1,0,9,2,417;96;70;95;399;168;757;389;381
1,2395,2452,1,1,0,9,2,403;82;56;81;385;168;757;389;367
1,2360,2448,1,0,0,9,2,438;112;86;116;420;168;757;389;402
0,2375,2460,1,0,0,9,0,423;102;76;101;405;168;757;389;387
1,2354,2424,1,0,0,9,2,444;112;97;122;426;212;757;389;408
1,2358,2426,1,1,0,9,1,440;112;93;118;422;168;757;389;404
1,2348,2621,1,0,0,9,3,450;129;98;128;432;212;757;451;414
1,2352,2428,1,0,0,9,1,446;125;98;124;428;212;757;389;410
1,2540,2775,1,0,0,9,4,258;240;72;599;259;222;718;784;690
1,2565,2651,1,0,0,10,1,233;215;47;599;234;197;693;759;608;891
1,2443,2522,1,0,0,9,1,355;29;8;33;337;168;739;356;319
1,2525,2592,1,1,0,8,1,273;255;87;659;274;237;733;799
1,2420,2480,1,0,0,9,1,378;57;28;56;360;168;739;379;342
1,2425,2514,1,0,1,9,1,373;29;26;51;355;168;739;374;337
0,2411,2481,1,0,0,9,0,387;66;40;65;369;168;739;388;351
1,2418,2480,1,0,0,9,2,380;59;33;58;362;168;739;381;344
1,2977,3191,1,1,0,8,6,207;281;347;99;477;486;476;533
1,2948,3028,1,1,0,8,1,236;310;376;99;477;492;505;533
1,3036,3120,1,0,0,9,1,148;222;288;99;420;465;309;533;835
1,2988,3047,1,1,0,8,1,196;270;336;99;468;486;309;533
1,3055,3118,1,0,0,9,1,129;203;222;99;401;446;309;533;816
1,3046,3121,1,0,0,9,1,138;212;256;99;410;455;309;533;825
1,3064,3331,1,1,0,10,8,120;165;222;99;392;437;309;533;807;713
1,3063,3141,1,1,0,10,4,121;195;222;99;393;438;309;533;808;714
1,3104,3189,1,0,0,12,6,80;154;220;99;352;397;273;533;767;673;581;417
1,3074,3145,1,1,0,10,4,110;165;222;99;382;427;273;533;797;703
1,3123,3344,1,0,1,12,5,61;135;201;99;333;378;273;533;748;654;514;398
1,3114,3173,1,0,0,12,5,70;144;210;99;342;387;273;533;757;663;516;407
1,3187,3257,1,0,0,11,2,71;137;43;269;314;266;524;603;590;498;334
1,3176,3244,1,1,0,12,2,8;82;148;54;280;325;273;533;603;601;509;345
1,3205,3283,1,0,0,11,2,53;119;25;251;296;248;494;603;552;480;316
1,3192,3261,1,0,0,11,1,66;132;38;264;309;261;524;603;552;493;329
1,2781,2846,1,0,0,9,2,17;403;5;440;543;449;517;598;629
0,2786,2839,1,0,0,9,0,12;398;5;440;538;444;517;598;627
1,2792,2867,1,0,0,9,2,6;392;5;440;532;438;517;598;627
1,2836,2911,1,0,0,7,2,348;391;488;394;517;598;617
1,2861,2933,1,1,0,7,1,323;391;463;369;500;598;592
1,2865,3079,1,0,0,7,3,319;391;459;365;500;593;588
1,2877,2940,1,1,0,7,1,307;381;447;353;500;566;576
1,2880,2941,1,3,1,7,1,304;378;444;350;500;565;573
1,2884,2973,1,13,0,7,1,300;374;440;346;500;531;569
1,2901,3111,1,2,1,7,6,283;357;423;329;500;530;552
1,2902,3173,1,3,0,7,5,282;356;422;328;477;530;551
1,2904,3132,1,3,0,7,5,280;354;420;102;477;530;549
1,2908,2959,1,2,0,7,2,276;350;416;99;477;530;545
1,2939,2998,1,0,0,8,1,245;319;385;99;477;530;514;779
1,2941,3225,1,1,0,8,4,243;317;383;99;477;492;512;777
0,2942,3011,1,0,0,8,0,242;316;382;99;477;492;511;533
1,3479,3537,1,1,0,11,1,22;239;392;298;206;42;859;580;456;479;647
1,3475,3563,1,0,1,11,3,26;243;396;302;210;46;859;580;460;479;670
1,3462,3669,1,0,0,11,4,39;256;409;315;223;59;861;580;473;479;683
1,3454,3509,1,0,0,12,1,2;47;264;417;323;231;67;861;580;481;541;691
1,3517,3584,1,0,0,11,2,182;354;260;168;4;829;580;418;479;628;793
1,3516,3602,1,0,0,11,3,182;355;261;169;5;830;580;419;479;629;835
1,3512,3562,1,1,0,11,3,206;359;265;173;9;834;580;423;479;633;839
0,3482,3565,1,1,0,11,0,19;236;389;285;203;39;859;580;453;479;647
1,3602,3685,1,0,0,12,3,116;269;175;83;744;518;333;424;543;749;420;817
1,3570,3645,1,0,0,11,2,148;301;207;115;776;550;365;456;575;781;420
1,3566,3814,1,0,0,11,8,152;305;211;119;780;554;369;460;579;785;565
1,3530,3588,1,0,0,10,3,182;341;247;155;816;580;397;479;615;793
0,3776,3838,1,0,0,14,0,95;1;570;344;151;250;369;575;355;609;447;265;901;741
1,3771,3839,1,0,0,14,2,100;6;575;349;164;255;374;580;360;609;452;270;906;746
1,3686,3755,1,0,0,13,2,32;185;91;660;434;249;340;459;665;420;609;537;355
1,3657,3944,1,0,0,14,9,61;214;120;28;689;463;278;369;488;694;420;762;566;384
1,3244,3501,1,0,0,11,7,14;80;212;257;205;464;603;533;441;277;1102
1,3331,3407,1,0,0,12,1,125;170;122;387;540;446;354;190;866;789;604;695
1,3217,3303,1,1,0,11,2,41;107;13;239;284;236;494;603;536;468;304
1,3218,3298,1,0,0,11,2,40;106;12;238;283;205;494;603;536;467;303
1,3376,3462,1,0,0,13,2,80;125;77;342;495;401;309;145;866;580;559;650;769
1,3384,3454,1,0,0,13,3,72;117;69;334;487;393;301;137;866;580;551;642;761
1,3343,3589,1,0,1,12,6,113;158;110;375;528;434;342;178;866;777;592;683
1,3368,3647,1,0,0,13,8,88;133;85;350;503;409;317;153;866;596;567;658;777
1,3404,3474,1,0,0,13,3,52;97;49;314;467;373;279;117;866;580;531;622;741
1,3413,3493,1,0,1,13,3,43;88;40;305;458;364;272;108;866;580;522;566;732
1,3392,3443,1,0,1,13,3,64;109;61;326;479;385;289;129;866;580;543;634;753
0,3403,3471,1,0,0,13,0,53;98;50;315;468;374;279;118;866;580;532;623;742
1,3426,3506,1,1,0,13,3,30;75;27;292;423;351;259;95;866;580;493;541;719
1,3438,3498,1,1,0,13,3,18;63;15;280;423;339;247;83;861;580;493;541;707
1,3422,3480,1,0,0,13,2,34;79;31;296;449;355;263;99;866;580;493;566;723
1,3422,3659,1,1,0,13,7,34;79;31;296;423;355;263;99;866;580;493;566;723
0,14603,14658,1,0,0,12,0,355;35;254;397;496;104;308;598;309;821;540;426
0,14593,14655,1,0,0,12,0,365;45;264;407;506;114;318;608;319;831;540;426
1,14588,14665,1,0,0,12,6,370;50;269;412;511;119;323;613;324;836;576;426
1,14560,14623,1,1,0,13,5,398;9;78;297;435;535;147;351;641;352;864;604;426
1,14704,14956,1,0,0,15,13,254;142;296;395;3;207;497;208;720;460;361;762;525;156;718
1,14700,14956,1,0,1,15,13,258;142;300;399;7;211;501;212;724;464;365;929;529;160;722
0,14682,14750,1,1,0,15,0,276;142;318;417;25;229;519;230;742;482;383;947;547;178;740
1,14635,14719,1,1,0,14,1,323;3;222;365;464;72;276;566;277;789;529;426;994;594
1,14479,14562,1,0,0,14,5,23;479;69;155;7;25;378;435;620;228;432;722;433;945
1,14474,14526,1,0,0,14,1,28;484;95;155;12;30;383;435;624;233;437;727;438;950
1,14458,14524,1,0,0,13,4,44;500;110;180;28;46;399;435;624;249;453;743;454
1,14443,14524,1,1,0,15,3,59;6;515;110;195;43;61;14;414;435;656;264;468;750;469
1,14543,14604,1,0,0,13,3,415;26;95;314;435;556;164;368;658;369;881;621;522
1,14543,14830,1,0,1,13,10,415;26;95;314;435;535;164;368;658;369;881;621;522
1,14504,14555,1,0,0,12,1,454;65;134;0;353;435;595;176;407;697;408;920
1,14487,14568,1,1,0,13,2,15;471;69;151;17;370;435;612;220;424;714;425;937
1,14333,14402,1,0,0,16,3,169;116;625;236;96;305;153;171;124;476;502;766;374;578;868;579
1,14345,14611,1,0,0,16,8,157;104;613;224;84;293;141;159;112;476;502;754;362;566;856;540
1,14291,14369,1,1,0,16,4,30;195;158;667;278;138;347;195;213;166;566;502;806;416;588;873
1,14296,14511,1,1,0,16,8,25;195;153;662;273;133;342;178;208;161;561;502;803;411;588;873
1,14432,14497,1,0,0,15,5,70;17;526;137;206;54;72;25;425;435;667;275;479;769;480
1,14439,14521,1,1,0,15,1,63;10;519;130;199;47;65;18;418;435;660;268;472;750;473
1,14352,14407,1,1,0,16,6,150;97;606;217;77;286;134;152;105;476;435;747;355;559;849;540
1,14368,14456,1,1,0,16,3,134;81;590;201;61;270;118;136;89;476;435;731;339;543;833;540
1,14247,14310,1,1,0,15,2,74;195;202;711;322;177;391;239;257;169;610;700;852;460;664
1,14253,14342,1,0,0,15,4,68;195;196;705;316;176;385;233;251;169;604;700;806;454;658
1,14231,14299,1,0,0,14,3,90;212;218;727;338;177;407;255;273;169;626;700;868;476
1,14246,14325,1,1,0,15,4,75;212;203;712;323;177;392;240;258;169;611;700;853;461;665
1,14271,14332,1,1,0,16,2,50;195;178;687;298;158;367;215;233;169;586;502;806;436;640;930
1,14281,14332,1,0,0,16,5,40;195;168;677;288;148;357;205;223;169;576;502;806;426;588;920
1,14263,14545,1,0,0,16,11,58;195;186;695;306;166;375;223;241;169;594;700;806;444;648;938
1,14266,14334,1,1,0,16,2,55;195;183;692;303;163;372;220;238;169;591;504;806;441;645;935
1,14789,14872,1,0,0,14,4,169;68;211;310;105;412;123;390;375;276;631;440;71;633
1,14798,14872,1,1,0,14,5,160;59;202;301;105;403;114;390;366;267;631;431;62;624
0,14813,14885,1,0,0,14,0,145;44;187;286;98;388;99;390;351;252;631;416;47;609
1,14816,14877,1,0,0,14,4,142;41;184;283;95;385;96;390;348;249;631;413;44;606
1,14711,15010,1,0,1,14,10,247;142;289;388;200;490;201;713;453;354;762;518;149;711
1,14715,14786,1,1,0,14,5,243;142;285;384;196;486;197;709;449;350;631;514;145;707
0,14721,14776,1,1,0,14,0,237;136;279;378;190;480;191;703;443;344;631;508;139;648
1,14733,14810,1,1,0,14,4,225;124;267;366;178;468;179;691;431;332;631;496;127;648
1,14759,14815,1,1,1,14,5,199;98;241;340;152;442;153;665;405;306;631;470;101;648
1,14766,14838,1,1,0,14,4,192;91;234;319;145;435;146;658;398;299;631;463;94;648
1,14776,15064,1,1,0,14,6,182;81;224;319;135;425;136;648;382;289;631;453;84;646
1,14780,14841,1,0,0,14,5,178;77;220;319;131;421;132;390;382;285;631;449;80;642
1,13768,13834,1,0,0,11,4,35;334;116;348;553;330;392;734;681;1190;801
1,13768,14042,1,1,0,11,6,35;334;116;348;553;330;327;734;681;1190;801
1,13761,13836,1,0,0,11,3,51;341;123;355;560;337;399;741;688;1197;808
1,13720,13797,1,0,0,8,3,92;382;164;396;601;378;417;782
1,13653,13720,1,0,0,8,3,159;449;231;463;668;445;417;849
0,13630,13717,1,1,0,9,0,16;182;472;254;486;691;468;417;872
1,13585,13670,1,0,0,9,3,61;227;517;299;531;736;513;417;917
1,13583,13799,1,0,0,9,7,63;229;519;301;533;738;515;577;919
1,13571,13821,1,0,0,10,7,75;241;531;313;0;545;739;527;589;931
0,13561,13647,1,0,0,10,0,85;8;251;541;323;7;555;739;537;599
1,13548,13769,1,1,0,10,1,11;98;21;264;551;336;7;568;739;550
1,13542,13627,1,0,0,10,1,17;104;27;270;560;342;7;574;739;556
1,13538,13623,1,0,0,10,4,21;108;31;274;564;346;33;574;783;560
1,13538,13612,1,0,0,10,3,21;108;31;274;564;346;33;574;772;560
1,13538,13611,1,0,0,10,2,21;108;31;274;564;346;33;574;739;560
0,13528,13614,1,0,0,10,0,31;118;41;284;574;356;43;574;793;570
1,13517,13578,1,0,0,10,3,42;129;52;295;585;367;54;599;797;581
0,13520,13599,1,1,0,10,0,39;126;49;292;582;364;51;574;797;578
0,13472,13549,1,0,0,10,0,87;174;97;340;630;412;99;644;797;626
1,13498,13551,1,0,0,10,2,61;148;71;314;604;386;73;618;797;600
1,13434,13513,1,0,0,10,2,125;212;135;378;668;450;122;682;887;638
1,13451,13672,1,1,0,10,7,108;195;118;361;651;433;117;665;870;638
1,13418,13494,1,0,0,10,2,141;228;151;394;684;464;146;698;903;638
0,13423,13510,1,1,0,10,0,136;223;146;389;679;461;122;693;898;638
0,13388,13459,1,0,0,8,0,171;258;181;424;714;464;146;728
1,13403,13483,1,0,0,10,3,156;243;166;409;699;464;146;713;918;695
1,13357,13415,1,1,0,8,1,202;289;212;451;745;527;146;759
1,13371,13428,1,0,0,8,2,188;275;189;441;731;513;146;745
1,13319,13583,1,0,0,9,3,12;240;327;250;451;783;565;150;797
1,13349,13416,1,0,0,8,2,210;297;220;451;753;535;150;767
1,13301,13358,1,0,0,9,1,33;258;345;259;451;801;583;150;815
1,13301,13381,1,1,0,9,2,12;258;345;259;451;801;583;150;815
1,14186,14275,1,0,0,12,2,135;212;263;767;383;243;452;300;318;169;671;814
1,14161,14243,1,0,0,12,3,149;212;288;797;408;268;477;325;323;169;696;839
1,14226,14310,1,0,0,14,3,95;212;223;732;343;203;412;260;278;169;631;700;873;481
1,14189,14406,1,0,0,12,5,132;212;260;767;380;240;449;297;311;169;668;811
1,14104,14169,1,1,0,14,1,12;217;56;212;345;854;465;325;534;382;400;169;753;896
1,14080,14133,1,1,0,15,3,22;36;241;18;80;214;369;878;489;349;558;406;424;169;777
1,14150,14227,1,0,0,13,1,171;10;212;299;808;419;279;488;336;323;169;707;850
1,14142,14221,1,1,0,13,2,179;18;212;307;816;427;287;496;344;362;169;715;858
1,14054,14124,1,0,0,14,2,48;62;267;44;106;367;395;904;515;366;584;432;450;169
1,14035,14086,1,0,0,14,3,67;79;286;63;125;367;414;923;534;394;603;451;469;169
1,14068,14293,1,1,0,14,5,34;48;253;30;92;356;381;890;501;361;570;418;436;169
1,14060,14359,1,0,1,14,12,42;56;261;38;100;367;389;898;509;366;578;421;444;169
1,13989,14057,1,0,0,14,3,113;79;332;109;171;368;460;969;565;440;649;470;515;468
1,13978,14063,1,0,0,14,3,124;79;343;120;182;442;471;980;565;451;660;470;526;479
1,14029,14094,1,0,0,14,3,73;79;292;69;131;368;420;929;540;400;609;457;475;169
1,14006,14299,1,0,0,14,7,96;79;315;92;154;368;443;952;563;423;632;470;498;451
1,13942,14013,1,0,0,14,3,160;79;379;143;218;560;507;1016;565;487;696;544;562;515
1,13948,14157,1,0,0,14,7,154;79;355;143;212;554;501;1010;565;481;690;538;556;509
1,13948,14011,1,1,0,14,3,154;79;355;143;212;442;501;1010;565;481;690;538;556;509
1,13976,14028,1,0,0,14,1,126;79;345;122;184;442;473;982;565;453;662;510;528;481
1,13883,13951,1,0,0,14,4,219;1;184;438;215;277;619;566;1075;565;546;755;603;621
1,13918,13984,1,0,0,14,3,184;79;403;180;242;584;531;1040;565;511;720;568;586;539
1,13925,13981,1,0,0,14,3,177;79;396;173;235;577;524;1033;565;504;713;561;579;532
1,13938,14012,1,0,0,14,3,164;79;383;160;222;564;511;1020;565;491;700;548;566;519
1,13834,14048,1,0,0,13,7,268;50;282;487;264;326;668;615;1124;589;595;788;652
0,13848,13909,1,0,0,14,0,254;36;184;473;250;312;654;601;1110;589;581;788;638;656
1,13852,14088,1,1,0,14,4,250;32;184;469;246;308;650;597;1106;589;577;786;634;652
0,13857,13910,1,0,0,14,0,245;27;184;464;241;303;645;592;1101;565;572;781;629;647
1,13778,13851,1,0,0,11,4,34;324;106;338;543;320;327;724;671;1180;589
1,13790,13865,1,0,0,11,4,22;312;94;326;531;308;327;712;659;1168;589
1,13805,13876,1,0,0,13,4,7;297;79;311;516;274;327;697;644;1153;589;624;833
1,13813,14051,1,1,0,13,4,289;71;303;491;274;327;689;636;1145;589;616;825;673
1,12753,12808,1,1,0,13,4,374;128;558;168;133;141;19;26;302;427;232;220;806
1,12781,12849,1,0,0,11,4,348;100;553;140;133;113;274;399;204;192;778
1,12733,12790,1,1,0,13,4,396;2;148;589;174;133;161;39;46;322;443;252;240
1,12740,12791,1,1,1,12,4,389;141;558;174;133;154;32;39;315;440;245;233
1,12796,12858,1,0,0,11,4,315;85;538;125;121;98;259;384;176;177;719
1,12817,13111,1,0,0,11,6,312;64;517;104;100;77;238;363;168;156;719
1,12788,12870,1,1,0,11,1,341;93;546;133;129;106;267;392;197;185;719
1,12791,12879,1,0,0,11,4,338;90;543;130;126;103;264;389;176;182;719
1,12831,12911,1,0,0,11,4,278;50;503;90;86;63;224;349;154;142;719
1,12841,12930,1,0,0,11,1,278;40;493;80;76;53;214;339;144;101;718
1,12820,12883,1,0,0,11,4,309;61;514;101;87;74;235;360;165;153;719
1,12831,12903,1,0,0,11,4,278;50;503;90;86;63;224;349;154;101;719
1,12861,13063,1,1,0,11,3,268;20;473;60;56;33;194;319;103;101;514
1,12872,12938,1,1,0,11,1,257;9;462;49;45;22;183;308;103;83;514
1,12847,13080,1,0,0,11,2,278;34;487;74;70;47;208;333;103;101;712
0,12859,12927,1,0,0,11,0,270;22;475;62;58;35;196;321;103;101;514
1,12510,12598,1,0,0,16,3,62;619;52;225;371;808;411;407;384;262;193;269;524;670;475;435
1,12503,12562,1,0,0,16,3,69;626;59;232;378;831;418;414;391;269;200;276;524;677;482;435
1,12498,12554,1,0,0,16,2,74;631;64;237;383;836;423;419;396;274;205;281;557;682;487;435
1,12482,12545,1,0,0,17,3,0;90;647;80;253;399;852;439;435;412;290;221;297;573;691;503;491
1,12568,12835,1,0,0,15,9,4;561;167;313;766;353;349;305;204;135;211;487;584;417;371
1,12555,12624,1,0,0,16,3,17;574;7;180;326;779;366;362;305;217;148;224;500;625;430;371
1,12545,12833,1,0,0,16,10,27;584;17;188;336;789;376;372;305;227;158;234;510;635;440;428
1,12535,12587,1,1,0,16,3,37;594;27;200;346;799;386;382;305;237;168;244;520;645;450;435
1,12618,12707,1,0,0,14,3,511;117;263;716;174;133;276;154;85;161;396;562;367;355
1,12614,12669,1,0,1,14,2,515;121;267;720;174;133;280;158;89;165;441;566;371;359
1,12588,12648,1,0,0,14,2,541;147;293;746;174;133;305;184;115;191;467;584;397;371
1,12573,12798,1,1,0,14,6,556;162;308;761;348;133;305;199;130;206;482;584;412;371
1,12730,12955,1,0,0,13,7,399;5;151;604;174;133;164;42;49;325;443;255;243
1,12715,12930,1,0,0,13,6,414;20;166;619;174;133;179;57;64;340;465;270;258
1,12699,12927,1,0,0,14,6,430;36;182;635;174;133;195;73;4;80;356;475;286;274
1,12692,12763,1,1,0,14,3,437;43;189;642;174;133;202;80;11;87;363;488;293;281
1,13132,13195,1,0,0,6,1,202;48;427;506;322;680
0,13144,13231,1,1,0,6,0,190;36;415;502;322;484
0,13150,13227,1,0,0,6,0,184;30;409;496;322;484
1,13163,13218,1,0,0,7,3,171;17;396;483;322;484;939
1,13164,13246,1,0,0,7,3,170;16;395;482;322;460;938
1,13164,13398,1,0,0,7,2,170;16;395;482;311;460;938
1,13194,13268,1,1,0,7,2,140;365;452;311;460;908;690
1,13207,13436,1,0,0,7,2,127;352;439;311;460;895;677
1,13223,13307,1,1,0,7,2,111;325;423;311;460;879;661
1,13226,13524,1,0,0,7,4,108;325;420;311;460;864;658
1,13257,13328,1,1,0,8,2,77;302;389;311;460;845;627;314
1,13268,13526,1,0,0,8,4,66;291;378;301;460;829;616;303
1,13272,13342,1,0,0,8,2,62;287;374;297;451;829;612;299
1,13274,13494,1,0,0,8,3,60;285;372;295;451;817;610;297
1,13275,13338,1,0,0,8,3,59;284;371;294;451;817;609;150
1,13300,13351,1,0,0,9,2,34;259;346;269;451;802;584;150;816
1,12912,12989,1,0,0,9,3,217;422;9;5;143;268;73;61;514
1,12904,12969,1,0,0,9,3,225;430;17;13;151;276;80;69;514
1,12928,12993,1,0,0,7,1,201;398;127;252;20;45;514
1,12916,12988,1,0,0,9,1,213;398;5;1;139;264;69;57;514
1,12941,12991,1,0,0,7,1,173;393;87;239;20;32;514
1,12936,12996,1,0,0,7,2,193;398;87;244;20;37;514
1,12977,13047,1,0,0,8,2,152;357;78;203;8;514;669;592
1,12947,13033,1,1,0,8,3,173;387;87;233;20;13;514;699
1,12985,13273,1,0,0,8,5,144;349;70;195;0;514;643;584
0,12980,13047,1,0,0,8,0,149;354;75;200;5;514;643;589
1,13022,13090,1,0,0,7,1,107;312;33;158;500;624;322
1,13021,13287,1,0,0,7,2,108;313;34;159;514;625;322
1,13089,13150,1,1,0,7,1,40;245;91;470;557;322;723
1,13063,13327,1,0,0,6,2,66;271;117;493;583;322
1,13132,13430,1,0,0,6,4,202;48;417;506;322;680
1,13131,13218,1,0,0,6,1,203;49;428;515;322;681
1,11824,12091,1,0,0,13,8,43;380;115;103;148;371;253;384;107;503;655;658;573
1,11870,11958,1,0,0,12,1,334;69;57;102;325;245;371;61;457;609;612;434
1,11821,11907,1,0,0,13,3,46;383;118;106;151;374;294;420;110;506;658;661;576
1,11823,11883,1,0,0,13,1,44;381;116;104;149;372;253;418;108;504;656;659;574
1,11781,11869,1,0,0,13,3,86;423;158;146;191;414;334;460;150;546;698;697;616
0,11813,11867,1,0,0,13,0,54;391;126;114;159;382;302;428;116;514;666;669;584
1,11716,11768,1,0,0,12,1,151;488;221;211;256;479;399;525;215;611;731;697
1,11731,11975,1,0,0,12,5,136;473;208;168;241;464;384;510;200;596;731;697
1,11963,12171,1,0,1,13,6,241;9;232;152;278;364;508;519;397;509;609;1166;599
1,12010,12073,1,0,0,12,2,194;185;105;231;317;469;472;387;462;463;1119;552
1,11920,11997,1,0,0,13,1,284;19;7;52;275;162;303;11;407;559;562;397;552
1,11953,12021,1,0,0,12,1,251;19;242;162;288;374;526;529;397;519;619;1176
1,11905,11988,1,1,0,12,3,299;34;22;67;290;210;329;26;422;574;577;397
1,11910,11975,1,0,0,12,1,294;29;17;62;285;162;329;21;417;569;572;397
1,11878,12102,1,0,0,12,5,326;61;49;94;317;237;359;53;449;601;604;434
1,11900,11980,1,0,0,12,1,304;39;27;72;295;215;341;31;427;579;582;397
1,11615,11686,1,0,0,12,1,252;589;324;312;357;580;500;626;316;674;864;867
1,11592,11677,1,0,0,13,4,17;275;612;347;335;380;603;523;643;339;674;887;890
1,11571,11656,1,0,0,14,4,38;15;296;633;368;356;401;624;544;643;360;756;908;911
1,11557,11625,1,0,0,13,1,52;29;310;647;382;370;415;638;558;684;374;770;922
1,11544,11614,1,0,0,13,4,65;42;323;660;395;383;428;651;571;697;387;783;935
1,11520,11588,1,0,0,12,3,89;66;347;684;419;390;452;675;595;721;411;807
1,11494,11579,1,0,0,12,4,115;92;3;373;710;438;390;478;701;621;747;437
1,11466,11535,1,0,0,12,3,143;120;31;17;401;738;467;390;506;726;621;775
1,11701,11767,1,1,0,12,4,166;503;238;226;271;494;414;540;230;626;731;697
1,11700,11764,1,0,0,12,3,167;504;239;227;272;495;415;541;231;627;737;697
1,11649,11936,1,1,1,12,11,218;555;290;278;321;546;466;567;282;674;830;697
1,11648,11722,1,0,1,12,4,219;556;291;279;324;547;467;567;283;674;831;697
1,11647,11889,1,0,0,12,9,220;557;292;280;325;548;468;567;284;674;832;697
1,11643,11880,1,0,0,12,8,224;561;296;284;329;552;472;567;288;674;836;839
1,11625,11713,1,0,0,12,1,237;579;314;302;347;570;490;574;306;674;854;857
1,11616,11694,1,0,0,12,3,251;588;323;311;356;579;499;574;315;674;863;866
1,12268,12332,1,0,0,16,3,59;211;214;129;80;304;802;294;446;613;1060;653;649;626;504;435
1,12282,12334,1,1,0,16,3,24;197;200;115;80;290;802;280;446;599;1052;639;635;612;490;421
1,12287,12339,1,1,0,16,2,24;192;195;110;80;285;802;275;446;577;1047;634;630;607;485;416
1,12308,12393,1,0,0,17,1,19;171;174;89;80;264;802;254;427;573;1026;613;609;586;464;395;471
1,12199,12263,1,1,0,15,3,5;42;105;280;283;198;273;314;802;353;470;682;1060;722;718
1,12220,12297,1,1,0,15,2,21;105;259;262;177;252;314;802;342;470;661;1060;701;697;674
1,12223,12427,1,0,0,15,8,18;104;256;259;174;249;306;802;339;470;658;1060;698;694;671
1,12243,12293,1,0,0,15,3,84;236;239;154;80;306;802;319;470;638;1060;678;674;651;529
1,12347,12401,1,0,0,18,3,132;135;50;80;225;782;215;388;534;981;574;570;547;425;356;432;659;691
1,12409,12661,1,1,1,18,11,70;73;63;163;720;153;326;472;925;512;508;485;363;294;370;646;691;576
1,12470,12524,1,0,0,19,3,9;12;2;102;659;92;265;411;864;451;447;424;302;233;309;585;691;506;503
1,12471,12538,1,1,0,19,2,8;11;1;101;658;81;264;410;863;450;446;423;301;232;308;584;691;506;502
1,12317,12371,1,0,0,17,2,10;162;165;80;80;255;802;245;418;564;996;604;600;577;455;386;462
1,12321,12406,1,0,0,19,4,6;158;161;59;80;251;802;241;414;560;996;600;596;573;451;382;458;734;859
1,12323,12394,1,0,0,19,2,4;156;159;59;80;249;802;239;412;558;996;598;594;571;449;380;456;659;857
1,12337,12581,1,0,1,18,12,142;145;59;80;235;792;225;398;544;981;584;580;557;435;366;442;659;843
1,12052,12116,1,0,0,13,2,152;143;63;189;275;409;430;345;420;454;862;510;470
1,12046,12105,1,0,0,13,1,158;149;69;195;281;433;436;351;426;454;862;516;470
1,12074,12129,1,1,0,13,2,130;121;41;167;253;405;408;323;398;314;862;488;470
1,12062,12308,1,1,0,13,6,142;133;53;179;265;409;420;335;410;454;862;500;470
1,12020,12286,1,1,0,13,11,184;175;95;221;285;459;462;377;452;463;1109;542;715
1,12010,12064,1,0,0,12,2,194;185;105;231;289;469;472;387;462;463;1119;552
1,12038,12255,1,0,0,13,7,166;157;77;203;285;441;444;359;434;463;862;524;470
1,12029,12267,1,1,0,13,7,175;166;86;212;285;450;453;368;443;463;862;533;706
1,12156,12211,1,0,0,14,2,48;39;85;171;323;326;241;316;314;802;357;470;725;1060
1,12153,12432,1,1,0,14,10,51;42;88;173;326;329;244;319;314;802;357;470;728;1181
1,12197,12250,1,0,0,15,1,7;44;130;282;285;200;275;314;802;353;470;684;1060;724;720
1,12181,12270,1,1,1,15,4,23;14;60;146;298;301;216;291;314;802;357;470;700;1060;740
1,12110,12177,1,0,0,13,3,94;85;5;131;217;369;372;287;362;314;802;452;470
1,12089,12353,1,1,0,13,7,115;106;26;152;238;390;393;308;383;314;862;473;470
1,12141,12211,1,1,0,14,4,63;54;100;173;338;341;256;331;314;802;421;470;740;1193
1,12132,12193,1,0,0,13,3,72;63;109;195;347;350;265;340;314;802;430;470;749
0,11263,11348,1,1,0,11,0,164;198;346;1;323;234;220;563;772;676;664
1,11266,11535,1,1,0,11,5,161;195;343;1;320;231;217;563;772;673;661
1,11257,11334,1,0,0,11,4,170;204;352;1;329;240;226;563;832;682;670
1,11259,11323,1,1,0,11,4,168;202;350;1;327;238;224;563;775;680;668
1,11228,11440,1,1,0,11,4,199;233;381;65;358;269;255;563;960;711;699
1,11249,11321,1,1,0,11,1,178;212;360;65;337;248;234;563;832;690;678
0,11219,11277,1,1,0,11,0,208;3;242;390;65;367;278;264;563;960;720
0,11219,11275,1,0,0,11,0,208;3;242;390;65;367;278;264;563;960;720
0,11184,11248,1,1,0,10,0,13;243;38;277;425;65;381;313;299;563
1,11203,11264,1,1,0,10,4,224;19;258;406;65;381;294;280;563;1001
1,11176,11397,1,0,0,10,4,21;251;46;285;433;65;410;321;307;568
1,11178,11424,1,0,0,10,5,19;249;44;283;431;65;381;319;305;568
1,11171,11416,1,0,0,10,6,26;256;51;290;438;205;415;326;312;696
1,11171,11398,1,0,0,10,7,26;256;51;290;438;205;415;326;312;568
0,11100,11178,1,0,0,9,0,97;327;122;361;509;210;471;389;383
0,11118,11205,1,0,0,9,0,79;309;104;343;491;210;468;379;365
1,11449,11513,1,0,0,13,3,12;160;137;48;34;418;755;467;390;523;726;621;792
0,11435,11485,1,0,0,12,0,26;174;150;60;48;432;769;467;390;537;726;621
1,11420,11502,1,1,1,13,5,7;41;189;150;77;63;447;772;467;390;552;726;621
1,11415,11653,1,1,0,13,6,12;46;194;150;82;68;452;772;467;390;557;726;621
1,11413,11471,1,0,0,13,1,14;48;196;173;84;70;454;772;467;390;559;726;621
1,11407,11496,1,0,0,13,6,20;54;202;179;90;74;460;772;467;390;565;726;708
1,11400,11652,1,0,0,13,7,27;61;209;186;97;74;467;772;467;390;572;728;715
1,11363,11615,1,0,0,13,6,64;98;246;1;203;134;74;504;772;467;390;596;832
1,11362,11430,1,0,0,13,2,65;99;247;1;224;135;74;505;772;467;390;596;833
1,11347,11587,1,0,1,12,5,80;114;262;1;239;150;74;520;772;467;580;596
1,11328,11595,1,0,0,12,4,99;133;281;1;252;169;155;539;772;467;599;596
1,11324,11383,1,0,1,12,3,103;137;285;1;262;173;159;543;772;467;603;596
0,11317,11367,1,1,0,12,0,110;138;292;1;269;180;166;550;772;467;610;596
1,11315,11522,1,0,0,12,5,112;138;294;1;271;182;168;552;772;467;612;657
1,11304,11356,1,0,0,12,1,123;157;305;1;282;193;179;563;772;467;623;668
0,11266,11322,1,1,0,11,0,161;195;343;1;320;231;217;563;772;467;661
0,10864,10928,1,0,0,9,0,175;333;563;338;568;745;512;722;633
1,10865,11154,1,0,0,9,4,175;332;562;338;568;744;511;721;632
1,10865,10916,1,0,0,9,1,175;332;562;338;568;744;511;686;632
1,10867,11116,1,0,0,9,5,175;330;560;338;568;709;509;686;630
1,10797,11051,1,1,0,8,2,5;238;400;621;425;568;807;579
0,10813,10873,1,0,0,8,0,237;384;614;338;568;796;563;773
1,10821,10873,1,1,0,8,1,229;376;606;338;568;788;555;765
1,10854,10921,1,0,0,8,1,196;343;573;338;568;755;522;732
1,10735,10790,1,0,0,7,2,67;315;462;621;435;568;874
0,10737,10788,1,0,0,7,0,48;313;460;621;435;568;872
1,10747,10824,1,0,0,7,2,48;303;450;621;435;568;862
1,10783,10855,1,0,0,8,2,19;267;414;621;435;568;807;593
1,10686,10891,1,0,0,7,1,116;364;511;621;517;775;923
1,10687,10906,1,1,0,7,2,115;363;510;621;435;774;922
0,10704,10763,1,0,0,7,0,98;346;493;621;435;568;905
0,10733,10804,1,0,0,7,0,69;317;464;621;435;568;876
0,11046,11099,1,0,0,9,0,4;151;381;176;415;563;210;471;389
0,11038,11100,1,1,0,9,0,12;159;389;184;423;571;210;471;389
0,11076,11140,1,1,0,8,0,121;346;146;385;533;210;471;389
1,11050,11119,1,0,0,9,3,0;147;377;172;411;559;210;471;389
1,11001,11067,1,1,0,9,1,49;196;426;220;460;586;210;471;389
1,10990,11274,1,1,0,9,4,60;207;437;220;461;586;210;501;389
0,11015,11073,1,0,0,9,0,35;182;412;207;434;586;210;471;389
1,11012,11081,1,1,0,9,1,38;185;415;210;449;586;210;471;389
1,10974,11026,1,0,1,9,2,76;223;453;248;461;635;402;501;389
1,10971,11040,1,0,0,9,1,79;226;456;251;490;638;405;501;389
1,10981,11050,1,0,0,9,2,69;216;446;220;461;628;210;501;389
1,10978,11262,1,1,0,9,6,72;219;449;220;461;631;398;501;389
1,10926,11182,1,0,0,9,5,124;271;501;296;535;667;450;514;571
1,10892,10948,1,1,0,9,1,158;305;535;330;568;709;484;514;605
1,10971,11057,1,0,0,9,1,79;226;456;251;466;638;405;501;389
1,10959,11175,1,0,1,9,5,91;238;468;263;502;650;417;501;538
1,10360,10424,1,0,0,7,3,59;442;690;814;261;89;1067
1,10377,10433,1,1,0,7,1,42;425;673;814;261;89;1050
0,10328,10409,1,2,0,7,0,84;474;14;722;814;261;89
1,10349,10399,1,0,0,7,1,70;453;701;814;261;89;1078
1,10413,10490,1,1,0,7,1,6;389;631;784;257;89;1014
1,10418,10475,1,2,0,7,1,1;384;631;756;252;89;1009
1,10401,10485,1,1,0,7,2,18;401;649;796;261;89;1026
1,10410,10475,1,0,0,7,1,9;392;631;787;260;89;1017
1,10279,10342,1,2,0,8,3,12;123;523;63;727;814;261;89
1,10283,10339,1,1,0,8,3,8;117;519;59;727;814;261;89
1,10255,10503,1,0,0,8,2,36;164;547;87;727;835;261;107
1,10266,10323,1,1,0,8,3,25;153;536;76;727;814;261;89
1,10310,10576,1,2,0,7,3,103;492;32;727;814;261;89
1,10328,10403,1,2,0,7,3,84;474;14;722;814;261;89
1,10290,10367,1,2,0,8,3,1;103;512;52;727;814;261;89
0,10297,10497,1,2,0,7,0,103;505;45;727;814;261;89
0,10593,10662,1,0,0,7,0,209;457;604;77;621;525;868
1,10578,10870,1,0,0,7,3,224;472;619;92;840;525;883
1,10547,10613,1,0,0,8,1,255;503;650;123;9;840;525;914
0,10542,10593,1,1,0,8,0,260;508;655;128;14;885;525;919
0,10676,10747,1,0,0,7,0,126;374;521;621;517;785;933
0,10672,10751,1,1,0,7,0,130;378;525;621;517;789;937
0,10614,10679,1,1,0,7,0,188;436;583;56;621;517;847
1,10604,10680,1,0,0,7,1,198;446;593;66;621;525;857
1,10442,10708,1,5,0,7,3,360;608;714;228;89;985;780
1,10441,10517,1,2,0,7,1,361;609;715;229;89;986;781
1,10440,10492,1,2,0,7,1,362;610;756;230;89;987;782
1,10424,10508,1,2,0,6,2,378;626;756;246;89;1003
1,10542,10621,1,0,0,8,1,260;508;655;128;14;885;525;919
1,10479,10556,1,1,0,8,1,323;571;679;191;77;935;525;982
1,10462,10545,1,1,0,7,2,340;588;679;208;89;965;525
1,10448,10533,1,0,0,7,1,354;602;714;222;89;979;525
1,9848,10110,1,0,0,11,7,211;169;43;240;390;294;443;100;169;571;954
1,9852,9940,1,0,0,11,1,207;165;39;236;390;290;439;96;165;512;950
1,9888,10130,1,0,0,12,4,171;121;3;200;354;254;403;60;129;512;914;454
1,9889,9939,1,0,0,12,1,170;121;2;199;353;253;402;59;128;443;913;453
1,9942,9992,1,0,0,11,3,117;75;146;300;200;349;6;75;443;860;400
1,9953,10013,1,0,0,10,3,106;64;135;289;189;338;64;443;814;389
1,9955,10240,1,0,0,10,4,104;62;133;267;187;336;62;443;814;387
1,9958,10235,1,1,0,10,4,101;59;130;267;184;333;59;443;814;338
1,9648,9732,1,0,0,12,3,91;174;411;369;243;134;440;436;403;643;300;369
1,9650,9716,1,0,0,12,2,89;172;409;367;241;132;438;436;403;641;298;308
1,9668,9924,1,0,0,12,7,66;154;391;349;223;114;420;436;403;623;280;308
1,9677,9746,1,0,0,12,1,62;145;382;340;214;105;411;390;403;614;271;308
1,9689,9754,1,0,0,12,3,50;133;370;328;202;93;399;390;403;602;259;308
1,9754,9834,1,0,0,11,1,68;305;263;137;28;334;390;388;537;194;263
1,9755,9840,1,1,0,11,3,67;304;235;136;27;333;390;387;536;193;262
1,9803,9862,1,1,0,11,2,19;256;214;88;285;390;339;488;145;214;616
1,10176,10228,1,0,0,9,1,66;115;243;626;166;874;856;494;380
1,10142,10412,1,0,0,9,6,80;0;149;277;660;200;908;864;528
1,10224,10492,1,0,0,9,4,18;67;195;578;118;740;856;446;332
1,10199,10452,1,1,0,9,5,43;92;220;603;143;851;856;471;357
1,10236,10322,1,0,1,9,4,6;55;183;566;106;740;835;434;107
1,10229,10501,1,0,0,9,3,13;62;190;573;113;740;835;441;327
1,10255,10504,1,1,0,8,3,36;164;547;87;727;835;261;89
1,10236,10479,1,1,0,9,2,6;55;183;566;106;727;835;434;107
1,10017,10071,1,0,0,10,1,42;0;71;225;125;274;0;402;785;325
1,9974,10185,1,0,1,10,4,85;43;114;267;168;317;43;443;814;338
1,10074,10129,1,1,0,8,1,14;168;68;217;345;728;268;976
1,10048,10122,1,0,0,8,1,11;40;194;94;243;371;754;294
1,10091,10154,1,0,0,7,3,151;51;200;328;711;245;959
1,10076,10277,1,1,0,8,3,12;166;66;215;343;726;245;974
1,10139,10221,1,0,0,9,1,103;3;152;279;663;203;911;864;531
1,10119,10336,1,0,0,9,4,123;23;172;279;683;223;931;1078;551
0,9147,9207,1,1,0,13,0,119;49;67;256;474;476;276;305;675;445;912;870;744
1,9085,9171,1,0,0,14,2,13;181;25;111;129;318;21;474;538;338;367;737;507;974
1,9074,9134,1,1,0,14,2,16;192;36;122;140;329;32;474;549;349;378;748;518;985
1,9073,9156,1,0,0,14,2,34;193;37;123;141;330;33;474;550;350;379;749;519;986
1,9044,9130,1,1,0,14,2,63;5;222;66;144;170;359;62;474;579;379;408;778;548
1,9039,9305,1,0,0,14,8,68;10;227;71;144;175;364;67;695;584;384;413;783;553
1,9026,9101,1,0,0,14,2,81;23;240;84;170;188;377;80;695;597;397;426;796;566
1,8953,9028,1,0,0,12,4,154;96;313;157;243;217;450;153;695;670;470;499
1,9347,9403,1,0,0,11,1,56;392;276;76;105;475;245;690;514;544;435
1,9322,9379,1,0,1,11,2,81;417;301;101;130;500;270;737;514;569;460
1,9289,9576,1,0,1,11,8,114;450;334;134;163;510;303;770;728;590;493
1,9264,9464,1,0,0,12,5,2;139;474;359;159;188;558;328;795;753;590;509
1,9247,9332,1,1,0,12,3,19;156;474;376;176;205;575;345;812;770;590;535
1,9189,9267,1,0,0,13,1,77;7;25;214;474;422;234;263;633;403;870;828;590
1,9186,9257,1,0,0,13,1,80;10;28;217;474;437;237;266;636;406;873;831;590
1,9155,9385,1,0,0,13,4,111;41;59;248;474;468;268;297;667;437;904;862;736
1,9481,9559,1,0,0,13,3,258;142;309;111;578;514;410;293;586;761;661;810;467
1,9481,9547,1,1,0,13,2,258;142;309;111;578;514;410;293;586;761;661;762;467
1,9441,9521,1,0,0,14,2,298;182;11;309;151;618;514;450;341;637;801;701;850;507
1,9479,9557,1,0,0,13,2,260;144;309;113;580;514;412;303;586;763;663;812;469
1,9389,9455,1,1,0,13,2,14;350;234;34;63;433;203;670;514;496;393;669;853
1,9426,9515,1,0,0,13,3,313;197;26;396;166;633;514;465;356;637;816;716;865
1,9374,9445,1,0,0,13,2,29;365;249;49;78;448;218;685;514;517;408;714;868
1,9388,9460,1,0,0,13,3,15;351;235;35;64;434;204;671;514;503;394;669;854
1,9591,9660,1,0,0,13,2,148;32;231;1;468;426;300;191;497;436;403;700;357
1,9595,9649,1,0,0,13,1,144;28;227;464;422;296;141;493;436;403;696;353;422
1,9582,9847,1,0,0,13,5,157;41;240;10;477;427;309;200;506;660;403;709;366
1,9585,9847,1,0,0,13,8,154;38;237;7;474;427;306;197;503;585;403;706;363
1,9542,9622,1,0,0,13,3,197;81;280;50;517;475;349;240;546;700;403;749;406
1,9575,9644,1,1,0,13,1,164;48;247;17;484;442;316;207;513;667;403;716;373
1,9485,9752,1,0,0,13,9,254;138;309;107;559;514;406;293;586;757;657;762;463
1,9487,9548,1,0,0,13,3,252;136;309;105;559;514;404;293;586;755;403;762;461
1,8507,8596,1,0,0,10,2,59;216;332;436;600;367;253;759;496;643
1,8503,8783,1,0,0,10,6,63;220;336;440;604;367;257;763;496;693
0,8528,8592,1,0,0,10,0,38;195;311;230;579;367;232;738;496;643
1,8514,8764,1,0,0,10,1,52;209;325;429;593;367;246;752;496;643
0,8476,8540,1,0,0,10,0,90;247;363;467;631;367;284;790;497;720
0,8436,8502,1,0,0,9,0,130;287;383;507;671;367;324;830;497
1,8501,8583,1,1,0,10,3,65;222;338;442;606;367;259;765;497;695
0,8490,8567,1,0,0,10,0,76;233;349;453;617;367;270;776;497;706
1,8640,8711,1,1,0,10,3,83;199;223;461;366;120;626;470;556;574
1,8634,8717,1,1,0,10,2,89;205;230;461;366;126;632;476;562;580
1,8679,8737,1,0,0,13,2,44;160;223;419;366;81;587;431;517;535;724;427;1060
1,8678,8741,1,0,0,13,1,45;161;223;429;366;82;588;432;518;536;725;428;1061
1,8593,8680,1,1,0,10,3,130;246;230;504;367;167;673;496;603;621
1,8575,8644,1,1,0,10,1,148;264;230;532;367;185;691;496;621;639
0,8624,8689,1,1,0,10,0,99;215;230;461;366;136;642;486;572;590
1,8621,8708,1,0,0,10,1,102;218;230;486;366;139;645;489;575;593
1,8840,9071,1,0,1,11,9,103;267;209;426;270;356;374;563;266;899;783
1,8846,8924,1,0,0,11,2,97;261;203;420;264;350;368;557;260;893;696
1,8855,8934,1,1,0,11,2,88;252;194;411;255;325;359;548;251;884;696
1,8858,9105,1,0,0,11,7,85;249;190;408;252;325;356;545;248;881;696
1,8694,8759,1,0,0,13,3,29;145;223;413;355;66;572;392;502;520;709;412;1045
1,8749,8814,1,0,0,12,3,90;194;358;300;11;517;361;447;465;654;357;990
1,8812,8868,1,0,0,11,2,27;131;295;237;454;298;384;402;591;294;927
1,8812,8892,1,1,0,11,2,27;107;295;237;454;298;384;402;591;294;927
1,8893,8981,1,1,0,11,2,50;214;156;373;217;303;321;510;213;695;682
0,8912,8991,1,0,0,11,0,31;195;137;354;198;284;302;491;194;695;682
1,8919,8977,1,0,0,12,2,24;188;130;347;191;277;295;484;187;695;682;504
1,8939,9002,1,0,0,12,2,4;168;110;327;171;257;275;451;167;695;682;484
1,8862,9099,1,0,0,11,8,81;245;187;404;248;325;352;541;244;695;696
1,8871,8931,1,0,0,11,2,72;236;178;395;239;325;343;532;235;695;688
1,8873,8934,1,1,0,11,2,70;234;176;393;237;323;341;530;233;695;682
1,8874,8944,1,1,0,11,2,65;233;175;392;236;322;340;529;232;695;682
0,8080,8135,1,1,0,9,0,486;58;102;49;13;93;310;624;759
0,7959,8016,1,0,0,12,0,607;179;223;170;27;134;214;431;72;61;624;837
1,7937,8161,1,0,1,12,7,629;201;245;192;27;156;236;453;94;83;624;902
1,7877,8123,1,1,0,12,7,689;219;24;303;252;27;216;286;500;154;143;624
1,8127,8182,1,1,0,8,1,439;11;55;2;46;222;596;704
1,8125,8207,1,0,0,8,3,441;13;57;4;48;265;598;704
1,8115,8181,1,0,0,8,3,451;23;67;14;58;275;608;724
1,8081,8139,1,0,0,9,1,485;57;101;48;12;92;309;624;758
1,8185,8261,1,0,0,6,2,368;205;538;654;758;922
1,8168,8256,1,1,0,7,1,398;9;5;222;555;671;775
1,8150,8217,1,0,0,6,3,416;32;23;222;573;689
0,8137,8192,1,0,0,7,0,429;1;45;36;222;586;702
1,8231,8314,1,0,0,6,1,335;159;492;608;712;743
1,8220,8497,1,0,1,6,6,346;170;503;619;723;748
0,8201,8257,1,0,0,6,0,365;185;522;638;742;748
1,8191,8424,1,0,0,6,5,368;185;532;648;752;916
1,8307,8378,1,1,0,8,2,259;83;416;532;636;728;742;453
0,8323,8395,1,1,0,8,0,243;67;394;516;620;728;726;437
1,8260,8318,1,1,0,6,2,293;130;463;579;683;743
1,8280,8481,1,1,0,6,3,286;110;443;559;663;743
1,8333,8398,1,1,0,8,1,227;57;390;486;610;728;716;427
1,8335,8388,1,1,0,8,2,227;26;388;486;608;728;714;425
1,8326,8397,1,0,0,8,2,240;64;394;513;617;728;723;434
1,8329,8387,1,2,0,8,2,237;61;394;486;614;728;720;431
0,8346,8405,1,0,0,9,0,198;26;377;486;597;728;703;414;884
0,8346,8412,1,1,0,9,0,198;26;377;486;597;728;703;414;884
1,8336,8419,1,1,0,9,2,222;26;387;486;607;728;713;424;930
1,8344,8401,1,1,0,9,3,198;26;379;486;599;728;705;416;922
1,8417,8487,1,0,0,9,2,149;306;422;526;690;393;343;849;497
1,8433,8725,1,0,0,9,7,133;290;383;510;674;393;327;833;497
1,8398,8669,1,1,0,9,8,168;325;441;545;709;651;362;868;712
1,8410,8636,1,1,0,9,5,156;313;429;533;697;393;350;856;700
1,7345,7400,1,0,0,8,1,279;341;290;1136;793;547;723;407
1,7304,7379,1,0,0,8,2,320;382;331;1136;834;597;723;448
1,7417,7651,1,0,0,11,10,207;269;218;1136;721;484;696;335;712;576;676
0,7372,7434,1,0,0,8,0,252;314;263;1136;766;529;696;380
1,7439,7701,1,0,1,12,11,185;247;196;1127;699;462;696;313;562;554;483;734
1,7418,7634,1,0,0,11,10,206;268;217;1136;720;483;696;334;562;575;675
1,7475,7536,1,0,0,12,1,149;211;160;1091;663;426;696;277;533;518;483;698
0,7469,7536,1,0,0,12,0,155;217;166;1097;669;432;696;283;533;524;483;704
1,7588,7671,1,0,0,15,3,36;98;47;978;550;313;594;164;533;405;483;585;802;443;432
0,7513,7564,1,0,0,13,0,111;173;122;1053;625;388;669;239;533;480;483;660;877
1,7605,7891,1,0,0,15,8,19;81;30;961;533;296;577;147;524;388;483;568;768;426;415
0,7595,7651,1,1,0,15,0,29;91;40;971;543;306;587;157;533;398;483;578;768;436;425
1,7614,7698,1,0,0,15,4,10;72;21;952;524;287;568;138;515;379;479;411;768;417;406
0,7614,7681,1,1,0,15,0,10;72;21;945;524;287;568;138;515;379;479;411;768;417;406
0,7680,7758,1,0,0,13,0,6;886;458;221;502;72;449;313;413;411;710;351;340
1,7641,7713,1,0,0,13,3,45;925;497;260;541;111;488;352;452;411;749;390;379
1,7710,7767,1,0,1,12,4,856;428;191;472;42;419;283;383;411;680;321;310
0,7745,7822,1,0,0,12,0,821;393;156;437;7;384;248;348;411;645;277;275
1,7746,7985,1,0,0,12,9,820;392;155;436;6;383;247;347;411;644;277;274
0,7766,7838,1,0,0,12,0,800;244;135;416;363;227;327;407;624;265;254;957
1,7796,7877,1,0,0,12,1,770;244;105;386;333;197;297;377;594;235;224;927
1,7809,8098,1,1,0,12,7,757;244;92;373;320;184;284;354;581;222;211;914
1,7832,8032,1,1,0,12,8,734;244;69;350;297;161;261;341;558;199;188;648
0,7836,7892,1,0,0,12,0,730;244;65;346;293;27;257;337;554;195;184;648
1,7841,7920,1,0,1,12,1,725;244;60;341;288;27;252;332;549;190;179;648
1,7852,7907,1,0,0,12,1,714;244;49;330;277;27;241;298;538;179;168;648
1,7857,7912,1,1,1,12,1,709;244;44;325;272;27;236;298;533;174;163;648
1,7861,8092,1,0,0,12,8,705;244;40;321;268;27;232;286;529;170;159;648
1,7861,7947,1,1,0,12,5,705;244;40;303;268;27;232;286;529;170;159;648
1,7870,8079,1,1,0,12,8,696;219;31;303;259;27;223;286;520;161;150;648
0,7870,7942,1,1,0,12,0,696;219;31;303;259;27;223;286;500;161;150;648
1,7875,8109,1,0,0,12,3,691;219;26;303;254;27;218;286;500;156;145;648
0,7242,7312,1,0,0,9,0,54;382;422;393;1136;896;659;940;510
1,7240,7537,1,0,0,9,7,56;384;422;395;1261;898;661;942;512
0,7279,7343,1,0,0,9,0,17;345;407;356;1136;859;622;723;473
1,7258,7500,1,1,0,9,7,38;366;422;377;1136;880;643;924;494
0,7188,7266,1,0,0,7,0,28;85;436;422;447;1261;950
1,7184,7415,1,0,0,7,4,32;85;440;422;451;1271;954
0,7220,7281,1,0,0,6,0,76;404;422;395;1261;918
1,7197,7273,1,1,0,7,2,19;85;427;422;438;1261;941
0,7121,7200,1,0,0,5,0,95;85;503;422;514
1,7066,7128,1,0,0,5,1,103;98;558;422;569
1,7163,7459,1,1,0,6,4,53;85;461;422;472;1403
0,7129,7211,1,0,0,5,0,87;85;495;422;506
0,7038,7124,1,0,0,5,0,103;258;586;648;597
0,7034,7113,1,0,0,6,0,103;0;260;590;652;601
1,7065,7272,1,1,0,5,1,103;231;559;422;570
1,7041,7292,1,0,0,5,2,103;255;583;645;594
1,6948,7029,1,0,0,6,1,36;30;17;103;50;262
1,6949,7030,1,1,0,6,1,35;27;16;103;50;262
0,6993,7049,1,0,0,6,0,7;103;28;262;631;693
1,7022,7111,1,0,0,5,1,103;12;262;602;664
1,6888,7129,1,0,0,8,2,34;96;20;112;77;103;50;394
1,6909,7194,1,0,0,7,2,13;75;91;56;103;50;379
0,6933,6988,1,0,0,6,0,51;67;32;103;50;262
1,6941,7025,1,0,0,6,1,43;59;24;103;50;262
0,6850,6916,1,1,0,8,0,72;134;58;150;93;366;50;394
1,6870,6943,1,0,0,8,2,52;114;38;130;93;346;50;394
1,6877,7176,1,0,0,8,1,45;107;31;122;88;339;50;394
1,6879,6963,1,0,0,8,2,43;105;29;121;86;103;50;394
1,6819,6895,1,0,0,8,1,103;165;89;179;146;397;50;394
1,6822,6897,1,0,0,8,1,100;162;86;178;129;394;50;394
1,6831,6901,1,0,0,8,2,91;153;77;169;129;385;50;394
1,6832,6892,1,0,0,8,1,90;152;76;150;129;384;50;394
1,6799,7009,1,0,0,8,2,106;185;109;201;166;417;50;394
1,6793,6865,1,0,0,8,1,129;191;115;207;172;423;50;394
0,6777,6829,1,1,0,8,0,131;207;131;223;188;439;50;394
1,6759,7022,1,0,0,8,3,131;225;149;241;190;457;275;394
1,6756,6828,1,1,0,8,4,131;228;152;244;190;460;278;440
1,6740,6961,1,1,0,8,5,131;244;165;260;190;476;294;556
1,6728,6993,1,1,0,8,2,131;256;165;272;205;488;303;563
1,6713,6765,1,0,0,8,1,131;271;165;287;252;503;303;563
1,6701,6760,1,0,0,8,4,131;283;165;299;264;515;303;595
1,6672,6760,1,0,0,7,3,131;312;165;328;293;544;316
1,6663,6732,1,1,1,7,3,131;321;165;337;297;553;371
0,6660,6739,1,1,0,7,0,131;324;165;340;297;556;374
0,6658,6723,1,0,0,7,0,131;326;165;342;297;558;376
1,6630,6862,1,0,0,7,1,141;354;165;370;297;586;404
1,6627,6690,1,0,0,7,1,141;357;165;373;338;589;407
1,6578,6650,1,1,1,8,1,8;141;11;406;165;415;350;638
1,6574,6805,1,1,0,8,4,12;348;15;410;334;415;350;642
1,6577,6800,1,1,0,8,1,9;345;12;407;165;415;350;639
1,6555,6791,1,0,0,10,3,0;31;367;6;34;423;353;415;365;643
1,6562,6651,1,1,0,8,1,24;360;27;422;346;415;365;643
1,6553,6640,1,0,0,10,1,2;33;369;8;36;423;355;418;379;643
1,6554,6607,1,0,0,10,2,1;32;368;7;35;423;354;418;365;643
1,6515,6593,1,1,0,10,1,40;55;407;46;74;469;393;418;379;701
1,6522,6606,1,0,0,10,2,33;55;400;39;67;423;386;418;379;694
0,6506,6563,1,1,0,9,0,49;55;416;55;83;478;402;418;459
1,6510,6587,1,0,0,10,2,45;55;412;51;79;474;398;418;455;706
1,6483,6557,1,0,0,9,1,72;55;15;439;78;106;482;425;418
1,6487,6546,1,0,0,9,1,68;55;11;435;74;102;482;421;418
1,6460,6660,1,1,0,9,3,95;55;38;462;101;129;516;448;471
1,6479,6712,1,1,0,9,1,76;55;19;443;82;110;505;429;418
1,6425,6639,1,0,0,9,4,130;55;73;497;136;164;558;465;575
1,6459,6521,1,0,0,9,1,96;55;39;463;102;130;525;449;471
1,6365,6451,1,1,0,9,2,190;55;56;133;557;177;224;589;543
1,6352,6423,1,0,0,10,2,2;199;55;69;146;570;195;237;589;556
1,6386,6473,1,1,0,10,2,169;55;35;112;534;175;203;565;522;614
1,6367,6433,1,1,0,9,2,188;55;54;131;534;177;222;589;541
1,6389,6445,1,1,0,10,2,166;55;32;109;533;156;200;563;519;611
1,6387,6459,1,0,0,10,2,168;55;34;111;534;174;202;563;521;613
1,6400,6457,1,1,0,10,2,155;55;21;98;522;156;189;558;508;600
0,6393,6444,1,3,0,10,0,162;55;28;105;529;156;196;558;515;607
1,6264,6317,1,0,0,9,1,90;40;62;291;322;145;234;634;199
1,6260,6316,1,0,0,9,1,94;44;66;292;326;161;238;634;199
1,6310,6594,1,1,0,10,6,44;16;245;276;111;188;612;195;279;674
1,6284,6364,1,0,0,11,3,70;20;42;271;302;135;214;634;199;305;700
1,6314,6389,1,0,0,11,2,40;12;241;55;107;184;608;195;275;601;594
1,6310,6386,1,0,0,10,2,44;16;245;55;111;188;612;195;279;674
1,6339,6424,1,1,0,10,1,15;216;55;82;159;583;195;250;589;569
1,6320,6400,1,1,0,11,2,34;6;235;55;101;178;602;195;269;601;588
1,6097,6165,1,0,0,13,1,34;87;157;257;71;87;164;458;489;324;401;669;464
1,6125,6195,1,0,0,13,1,6;59;129;229;71;59;164;430;461;296;373;669;436
1,6128,6217,1,0,0,13,1,3;56;126;226;71;56;164;427;439;293;370;669;433
1,6146,6218,1,0,0,12,1,38;108;208;71;38;164;409;439;275;352;669;415
1,6214,6271,1,0,0,10,2,40;140;71;112;341;372;207;284;669;347
1,6242,6300,1,0,0,10,2,12;112;62;84;313;344;179;256;634;319
1,6245,6323,1,0,0,10,2,9;109;59;81;310;341;176;251;634;316
1,6252,6550,1,0,0,10,5,2;102;52;74;292;334;169;246;634;309
1,5980,6050,1,0,0,11,2,151;204;274;374;324;204;164;523;606;408;464
1,6018,6300,1,0,0,12,7,113;166;236;336;286;166;164;523;568;403;451;904
1,6021,6083,1,0,0,12,1,110;163;233;333;283;163;164;523;565;400;451;669
1,6021,6076,1,1,0,12,2,110;163;233;333;283;163;164;523;565;384;451;669
1,6025,6091,1,0,0,12,2,106;146;229;329;279;159;164;523;561;384;451;669
0,6039,6105,1,0,0,12,0,92;145;215;315;265;145;164;516;547;382;451;669
1,6045,6262,1,0,0,12,4,86;139;209;309;259;139;164;510;541;376;451;669
0,6062,6142,1,0,0,13,0,69;122;192;292;71;122;164;493;524;359;436;669;499
0,5913,5968,1,1,0,11,0,218;271;341;441;391;271;165;523;650;408;464
1,5911,6131,1,1,0,12,1,1;220;273;343;443;393;273;165;523;650;510;464
1,5911,5996,1,0,0,12,1,1;220;273;343;443;393;273;165;523;650;413;464
0,5898,5949,1,1,0,13,0,14;1;233;275;356;456;406;286;165;523;675;523;464
1,5937,6013,1,1,0,11,1,194;230;317;417;367;247;164;523;649;408;464
0,5936,6006,1,1,0,11,0,195;230;318;418;368;248;164;523;650;408;464
1,5931,6017,1,1,0,11,1,200;230;323;423;373;253;165;523;650;408;464
1,5925,5995,1,0,0,11,1,206;259;329;429;379;259;165;523;650;408;464
1,5873,6165,1,0,0,12,7,39;26;258;306;381;481;431;311;367;523;684;548
0,5856,5915,1,0,0,12,0,56;43;275;306;398;498;448;328;367;523;684;565
1,5846,5922,1,0,1,11,1,66;53;285;338;408;508;458;338;367;523;684
0,5834,5894,1,0,0,11,0,78;65;297;350;420;520;470;350;367;523;684
1,5898,5953,1,0,0,13,1,14;1;233;275;356;456;406;286;165;523;675;523;464
1,5897,6136,1,0,1,13,9,15;2;234;275;357;457;407;287;165;523;675;524;601
1,5888,5944,1,1,0,12,1,24;11;243;296;366;466;416;296;165;523;675;533
1,5884,5967,1,0,0,12,3,28;15;247;300;370;470;420;300;165;523;684;537
1,5741,5814,1,0,0,12,1,11;171;158;390;443;513;613;563;443;367;742;845
1,5762,6041,1,0,0,11,6,150;137;369;419;492;592;542;422;367;742;824
1,5705,5990,1,0,0,12,8,47;207;172;426;477;549;649;599;479;621;850;881
1,5727,5977,1,0,0,12,6,25;185;172;404;457;527;627;577;457;599;742;859
0,5811,5876,1,1,0,11,0,101;88;320;373;443;543;493;373;367;523;775
1,5813,6045,1,0,0,11,6,99;86;318;371;441;541;491;371;367;523;773
1,5767,5817,1,1,0,11,3,145;132;364;417;487;587;537;417;367;551;819
1,5777,5866,1,0,0,11,1,135;122;354;407;477;577;527;407;367;523;809
1,5667,5731,1,0,0,9,1,85;245;232;464;517;587;687;637;517
1,5668,5748,1,0,0,9,1,84;244;231;463;488;586;686;636;516
0,5614,5687,1,1,0,10,0,24;18;138;19;298;264;500;570;640;740
0,5621,5699,1,0,0,10,0,17;11;131;19;291;264;500;563;633;733
1,5684,5766,1,0,0,12,1,68;228;205;447;477;570;670;620;500;642;871;902
0,5697,5756,1,0,0,12,0,55;215;172;434;477;557;657;607;487;629;858;889
0,5678,5729,1,0,0,11,0,74;234;205;453;488;576;676;626;506;648;877
1,5681,5734,1,0,0,11,1,71;231;205;450;488;573;673;623;503;645;874
1,5459,5525,1,0,0,9,1,179;173;293;179;431;273;672;725;795
0,5472,5553,1,0,0,9,0,166;160;280;169;431;273;659;712;782
1,5474,5548,1,0,0,9,1,164;158;278;167;431;273;657;710;780
1,5485,5553,1,0,0,9,1,153;96;267;156;427;273;646;699;769
1,5419,5496,1,0,0,10,4,197;9;185;333;179;461;480;695;765;835
1,5420,5499,1,0,0,10,2,197;8;185;332;179;443;479;695;764;834
1,5425,5629,1,1,0,10,2,197;3;185;327;179;443;474;695;744;829
1,5457,5529,1,0,0,9,4,181;175;295;179;443;273;674;727;797
1,5590,5662,1,1,0,10,1,48;42;162;51;322;273;541;583;664;764
1,5602,5684,1,1,0,10,1,36;18;150;39;310;273;529;582;652;752
1,5609,5672,1,0,1,10,4,29;18;143;32;303;264;522;575;645;745
1,5613,5698,1,1,0,10,3,25;18;139;19;299;264;518;571;641;741
1,5527,5593,1,0,0,10,1,111;96;225;114;385;273;604;657;727;827
0,5542,5608,1,0,0,10,0,96;65;210;99;370;273;589;642;712;812
1,5557,5646,1,0,0,10,2,81;65;195;84;355;273;574;627;697;797
1,5568,5634,1,1,0,10,2,54;64;184;73;344;273;563;616;686;786
1,5273,5338,1,1,0,10,1,365;155;41;187;479;143;232;142;461;626
1,5251,5457,1,0,0,10,3,385;165;63;187;501;165;390;164;461;648
1,5296,5352,1,0,0,11,1,342;132;18;187;456;120;232;119;461;603;835
1,5279,5348,1,0,0,10,1,359;139;35;187;473;137;232;136;461;620
1,5226,5283,1,0,0,11,1,2;412;165;88;406;502;190;415;189;461;673
1,5223,5278,1,1,0,11,1,2;415;205;91;409;502;193;418;192;461;676
1,5242,5310,1,0,0,10,1,396;165;72;187;502;174;399;173;461;657
1,5236,5473,1,1,0,11,6,0;402;165;78;396;502;180;405;179;461;663
1,5364,5437,1,1,0,11,2,274;64;185;348;52;232;51;461;535;695;820
1,5354,5414,1,0,0,11,1,284;74;185;377;62;232;61;461;545;695;830
1,5417,5490,1,0,0,10,2,221;11;185;335;179;461;482;695;766;837
1,5407,5469,1,0,0,12,3,231;21;185;345;9;232;8;461;492;695;766;847
1,5323,5614,1,1,0,10,4,315;105;187;429;93;232;92;461;576;695
1,5308,5588,1,0,0,11,6,330;120;6;187;444;108;232;107;461;591;823
1,5349,5413,1,0,0,10,1,289;79;185;403;67;232;66;461;550;695
1,5331,5408,1,0,0,10,1,307;97;185;421;85;232;84;461;568;695
1,5016,5258,1,0,0,13,4,88;109;51;90;583;412;298;616;736;390;549;399;896
1,5019,5311,1,0,0,13,8,88;109;48;90;583;409;295;613;504;390;549;396;893
1,5006,5079,1,0,0,12,2,88;132;61;90;583;419;308;626;746;390;549;409
0,5009,5076,1,0,0,13,0,88;109;58;90;583;419;305;623;743;390;549;406;903
1,4980,5064,1,0,0,12,2,134;158;87;90;583;419;334;652;772;436;549;435
1,5005,5091,1,0,0,12,3,109;133;62;90;583;419;309;627;747;390;549;410
0,4940,5020,1,1,0,10,0,174;183;127;90;583;419;374;692;812;476
1,4974,5200,1,1,0,12,3,140;164;93;90;583;419;340;658;778;442;667;441
1,5222,5300,1,0,0,11,2,14;416;206;92;410;502;194;419;193;690;677
1,5222,5457,1,1,0,11,5,2;416;206;92;410;502;194;419;193;690;677
1,5114,5192,1,0,0,13,1,0;24;90;524;314;200;518;502;302;527;301;798;785
1,5187,5245,1,0,0,11,1,49;451;241;127;445;502;229;454;228;725;712
1,5044,5132,1,0,0,13,2,70;81;20;90;583;384;270;588;504;372;545;371;868
1,5050,5267,1,0,0,13,4,64;65;17;90;583;378;264;582;504;366;545;365;862
1,5034,5105,1,0,0,13,3,80;104;33;90;583;394;280;598;504;382;545;381;878
1,5037,5123,1,0,0,13,2,77;101;20;90;583;391;277;595;504;379;545;378;875
1,4819,5023,1,0,0,9,4,57;89;295;319;32;248;65;417;819
1,4795,4874,1,0,0,8,3,81;113;319;343;35;272;89;441
1,4778,5018,1,0,0,8,5,98;120;336;360;40;289;95;458
1,4773,4840,1,0,0,8,3,103;120;341;365;58;294;95;463
1,4772,4850,1,1,0,8,1,104;120;342;366;58;295;112;464
1,4760,4814,1,0,0,8,3,116;148;350;378;58;307;124;476
1,4753,5004,1,1,0,8,5,123;155;361;385;58;314;131;483
1,4717,4805,1,0,0,9,3,6;159;191;397;421;81;350;164;519
1,4937,5148,1,0,0,10,2,177;183;130;299;583;419;377;695;815;479
1,4927,5015,1,1,0,9,1,187;211;140;309;583;419;387;705;825
1,4902,4982,1,1,0,8,3,6;212;236;165;326;583;430;412
1,4890,5175,1,1,0,8,6,18;224;248;177;326;583;441;424
1,4885,5116,1,0,0,7,4,23;229;253;182;326;583;543
1,4875,4962,1,1,0,8,1,1;33;239;263;192;9;361;583
1,4829,4917,1,0,0,9,1,47;79;285;309;22;238;55;407;583
1,4822,5111,1,0,0,9,6,54;86;292;316;29;245;62;414;800
0,4464,4520,1,0,0,13,0,213;53;90;259;389;444;21;650;674;387;503;420;772
1,4470,4559,1,1,0,13,6,207;47;86;253;389;438;21;644;668;381;503;414;766
1,4477,4555,1,0,0,13,2,200;40;79;246;389;431;21;637;661;374;503;407;759
1,4512,4594,1,1,0,13,2,165;5;44;211;364;396;21;602;626;339;503;359;724
0,4514,4565,1,1,0,13,0,163;3;42;209;362;394;21;600;624;337;503;351;722
1,4542,4618,1,0,0,12,2,135;14;181;334;366;21;572;596;309;503;342;694
1,4546,4597,1,0,0,12,3,121;10;177;330;362;21;568;592;305;503;338;690
1,4548,4621,1,0,0,12,1,121;8;175;324;360;19;566;590;303;503;336;688
1,4565,4641,1,0,0,11,1,112;158;311;343;2;549;573;286;502;319;630
0,4582,4649,1,0,0,10,0,95;141;294;326;532;556;244;485;302;630
1,4592,4646,1,0,0,10,2,85;131;284;316;522;546;244;475;292;630
1,4612,4832,1,1,0,10,4,65;111;264;296;502;526;239;455;272;624
1,4624,4689,1,0,0,10,2,53;99;252;284;490;514;81;443;260;612
1,4656,4738,1,1,0,10,2,21;67;220;252;458;482;81;411;228;580
1,4666,4753,1,1,0,10,1,11;57;210;242;448;460;81;401;218;570
1,4707,4771,1,0,0,9,1,16;169;201;407;431;81;360;177;529
1,4237,4325,1,0,0,14,3,109;114;182;440;280;319;144;87;486;639;671;330;877;901
1,4213,4295,1,0,0,15,7,133;138;197;10;464;304;343;144;111;510;663;695;354;901;925
1,4253,4549,1,0,1,14,10,93;98;166;418;264;303;142;71;470;623;655;314;861;885
1,4246,4311,1,0,0,14,2,100;102;173;431;271;310;144;78;477;630;662;321;868;892
1,4286,4338,1,1,0,15,7,60;65;133;391;231;258;109;38;437;590;622;21;828;852;565
1,4279,4350,1,0,1,14,7,67;72;140;398;238;277;116;45;444;597;629;21;835;859
1,4344,4412,1,0,0,15,2,2;7;75;333;173;212;51;379;532;564;21;770;794;507;723
1,4316,4368,1,0,0,16,3,30;35;103;361;201;240;79;8;407;560;592;21;798;822;535;751
1,4369,4445,1,0,0,13,1,50;308;148;187;26;354;507;539;21;745;765;482;698
0,4358,4425,1,0,0,13,0,61;319;159;198;37;365;518;550;21;756;765;493;709
1,4388,4441,1,0,1,13,2,31;289;129;168;7;335;488;520;21;726;750;463;679
1,4373,4438,1,0,0,13,6,46;295;144;183;22;350;503;535;21;741;765;478;694
1,4446,4531,1,0,0,12,5,231;71;110;277;430;462;21;668;692;405;503;438
1,4391,4679,1,0,0,14,9,28;286;126;165;4;332;485;517;21;723;732;460;676;493
1,4458,4514,1,0,0,13,2,219;59;90;265;418;450;21;656;680;393;503;426;778
0,4455,4531,1,0,0,13,0,222;62;90;268;421;453;21;659;683;396;503;429;781
1,4015,4068,1,0,0,17,4,331;105;11;130;336;116;404;208;26;649;475;435;313;247;552;676;893
1,4020,4259,1,1,0,17,5,326;100;6;125;331;111;399;203;21;649;470;435;313;247;552;676;888
1,4004,4211,1,0,0,17,7,342;116;22;141;347;127;415;219;37;649;475;435;313;247;719;872;904
1,4013,4277,1,1,0,17,7,333;107;13;132;338;118;406;210;28;649;475;435;313;247;552;863;895
1,4057,4295,1,1,0,16,5,289;63;88;294;74;362;166;620;460;435;161;240;552;676;718;510
1,4072,4145,1,1,0,16,3,274;48;73;279;59;347;151;605;445;435;148;240;552;676;718;495
1,4025,4324,1,1,0,17,9,321;95;1;120;326;106;394;198;16;649;470;435;161;247;552;676;883
1,4051,4118,1,0,0,15,1,295;69;94;300;80;368;172;626;466;435;161;247;552;676;718
1,4096,4184,1,0,0,17,8,250;24;49;255;31;323;127;581;421;435;144;228;552;676;718;471;1018
1,4104,4189,1,0,0,17,2,242;16;41;247;27;315;119;573;413;435;144;220;552;676;718;463;944
1,4083,4154,1,1,0,16,4,263;37;62;268;48;336;140;594;434;435;148;240;552;676;718;484
1,4090,4158,1,0,0,16,2,256;30;55;261;41;329;133;587;427;435;144;234;552;676;718;477
1,4171,4234,1,1,0,15,7,175;180;248;52;506;329;385;144;153;552;676;718;396;943;967
1,4190,4276,1,0,0,15,7,156;161;229;33;487;327;366;144;134;533;676;718;377;924;948
1,4120,4195,1,1,0,17,1,226;0;25;231;11;299;103;557;397;435;144;204;552;676;718;447;944
1,4150,4239,1,1,1,15,7,196;201;269;73;527;367;406;144;174;552;676;718;417;944;988
1,3842,3916,1,0,0,13,3,29;504;278;93;184;303;509;289;577;330;199;835;511
1,3840,4116,1,1,1,13,7,31;506;280;95;186;305;511;291;579;330;201;837;677
1,3811,3900,1,1,0,13,5,60;535;309;124;215;334;540;320;608;412;230;866;706
1,3784,3852,1,0,0,13,2,87;562;336;151;242;361;567;347;609;439;257;893;733
1,3910,4206,1,1,0,13,7,436;210;25;116;235;441;221;509;313;131;690;511;646
1,3901,3979,1,0,0,13,2,445;219;34;125;244;450;230;518;322;140;690;511;655
1,3878,3928,1,0,0,12,2,468;242;57;148;267;473;253;541;330;163;690;511
1,3866,4068,1,0,1,13,6,5;480;254;69;160;279;485;265;553;330;175;811;511
1,3974,4035,1,0,0,14,2,372;146;52;171;377;157;445;227;67;690;475;435;313;350
1,3954,4161,1,1,0,14,6,392;166;72;191;397;177;465;227;87;690;475;435;441;370
1,3949,4038,1,0,0,14,3,397;171;77;196;402;182;470;274;92;690;475;435;446;375
1,3935,4146,1,1,0,14,5,411;185;0;91;210;416;196;484;288;106;690;511;435;460
1,4002,4084,1,0,0,16,2,344;118;24;143;349;129;417;221;38;665;475;435;313;247;721;874
1,4000,4226,1,0,1,15,5,346;120;26;145;351;131;419;223;38;677;475;435;313;324;723
1,4000,4075,1,1,0,15,2,346;120;26;145;351;131;419;223;38;677;475;435;313;247;723
1,3993,4074,1,1,0,15,3,353;127;33;152;358;138;426;227;38;684;475;435;313;331;730
239
7439,8173,249.43,10
7503,8390,176.67,11
7403,7993,134.96,11
7412,8093,192.71,10
7748,8723,338.13,11
7908,8839,182.21,10
7585,8031,44.52,10
7586,8020,0.00,9
8298,9049,289.51,9
8306,8760,0.00,9
8156,8943,236.66,9
8184,9107,273.96,8
8450,9196,126.64,10
8567,9214,111.02,9
8336,9266,71.95,9
8352,9110,244.19,11
6496,6965,270.50,9
6370,7000,242.49,10
6312,6908,224.14,8
6284,6984,196.37,10
6961,7624,0.00,8
6701,7296,476.38,11
6627,7034,316.58,10
6508,7216,288.47,9
7181,8138,173.70,8
7137,8566,395.02,10
7027,7635,43.44,10
6986,7686,223.88,10
7389,8129,208.12,8
7232,7752,0.00,8
7228,8182,271.06,9
7224,7901,50.46,11
5009,5912,259.79,9
5053,5899,295.40,9
5286,6131,147.46,11
5354,6184,284.48,11
5394,6254,0.00,8
5527,6354,0.00,8
5637,6304,188.46,11
5641,6184,0.00,11
5675,6326,435.32,8
5677,6555,363.62,9
5682,6586,371.55,10
5850,6421,168.72,8
5897,6498,186.13,10
6004,6922,532.25,8
6046,6561,150.69,8
6279,6589,0.00,9
4057,4567,293.15,8
4003,4908,193.39,11
4143,5138,159.40,11
4096,5114,120.64,10
4308,5067,210.80,10
4283,4851,247.05,9
4455,5236,368.04,8
4391,4884,121.47,9
4882,5428,181.42,8
4799,5638,323.98,11
4911,5632,341.31,8
4888,5314,0.00,11
4928,5416,46.75,10
4920,5752,299.17,8
4949,5415,0.00,8
4941,5641,348.23,8
3592,4419,188.00,10
3611,4223,130.31,11
3492,4351,121.18,9
3544,4131,172.32,8
3327,4026,143.84,11
3356,4145,49.73,11
3282,4120,197.27,8
3294,3935,82.26,9
3980,4723,195.96,11
4001,4876,223.01,9
3933,4395,297.48,8
3939,4324,97.92,8
3722,4517,245.93,10
3888,4556,251.58,11
3619,4041,29.13,8
3721,4677,220.72,11
2561,3456,366.30,9
2529,3230,316.96,9
2520,3324,144.83,8
2481,3258,314.67,8
2344,2762,46.25,10
2248,2799,117.53,8
2223,3184,350.34,9
2172,2612,246.05,11
3241,4346,273.90,11
3102,3521,0.00,10
3085,3685,89.94,9
3063,3777,67.65,11
3015,3871,172.06,8
2920,3718,350.10,8
2759,3453,308.60,11
2693,3501,243.61,11
1062,1723,277.77,10
1272,1802,211.59,10
1344,2079,164.94,9
1580,2101,224.26,8
1008,1670,116.11,8
1008,1885,88.68,8
1048,1515,36.24,9
1055,1718,17.34,8
1785,2477,391.93,9
1896,2451,306.93,8
1970,2476,281.24,8
2162,2780,89.82,11
1689,2157,210.57,9
1713,2316,125.41,10
1739,2141,85.73,8
1747,2798,203.91,8
475,644,0.00,11
427,1309,47.62,10
562,1357,188.43,10
498,1116,163.32,11
318,1116,57.02,9
306,1399,166.64,11
423,1030,245.76,11
373,1345,352.48,8
925,1915,284.48,9
823,1543,0.00,11
977,1814,172.63,8
958,1622,179.81,10
669,1189,50.28,9
583,1045,0.00,8
784,1693,222.27,9
738,1431,159.86,8
8,897,283.11,10
5,346,33.89,11
0,808,141.75,9
0,328,0.00,4
262,1171,146.74,8
180,930,419.40,11
127,796,11.94,10
39,700,183.59,9
0,99,49.29,1
0,441,113.96,5
0,79,0.00,1
0,132,0.00,1
0,249,0.00,2
0,349,159.56,6
14657,15422,59.29,9
13564,14502,369.35,10
13738,14449,0.00,8
13401,14098,124.89,8
13561,14160,234.11,9
13802,14429,55.43,11
13802,14638,76.07,11
13751,14958,57.26,11
13758,14569,312.07,9
13065,13812,245.84,10
13152,14102,116.13,8
12943,13646,68.59,8
12968,13569,329.92,9
13288,14116,228.69,9
13395,14321,259.23,8
13174,13884,75.54,11
13231,13571,207.02,9
14526,15164,60.04,11
14472,15424,258.12,11
14304,14912,62.34,11
14257,15201,104.34,11
14643,14860,0.00,11
14622,15229,0.00,8
14611,15629,298.62,8
14538,15065,96.10,9
14069,14857,166.71,11
13899,14457,282.45,8
13847,14504,46.97,10
13808,14486,72.84,9
14235,14911,82.71,8
14216,14707,44.65,10
14215,15099,121.91,10
14100,15000,376.44,9
11559,12482,148.87,8
11749,12397,211.82,11
11915,12472,169.46,9
11926,12572,303.92,11
11449,12241,196.47,11
11469,11931,34.19,8
11500,12327,215.03,9
11522,12479,143.22,10
11221,11927,234.44,11
11287,11972,75.20,11
11350,12195,106.44,8
11383,12115,189.42,9
11096,11483,81.80,8
11168,11867,148.39,8
11203,12204,252.90,9
11205,11939,272.57,9
12355,12985,214.66,8
12320,13180,244.53,11
12744,13559,362.25,9
12428,12973,192.18,11
12261,12703,62.75,8
12232,12772,2.60,11
12318,13055,196.10,9
12299,12779,0.00,10
12177,12921,174.83,8
12139,13334,299.11,11
12200,12894,79.33,8
12187,12917,256.13,10
11961,12562,84.40,9
11945,13129,406.16,9
12123,12881,22.84,8
12012,12735,273.23,10
9398,10142,283.30,8
9398,10291,65.34,11
9355,10088,198.96,11
9367,10242,336.85,10
9145,9891,168.15,8
9238,9782,87.83,9
9071,10059,67.63,11
9111,10017,330.30,9
8978,9822,168.52,8
8985,9592,0.00,8
8914,9423,0.00,11
8940,9452,59.90,10
8660,9739,430.93,8
8839,9623,161.27,9
8644,9403,33.55,11
8659,9106,0.00,10
10855,11497,167.38,11
10800,11586,335.72,8
10754,11376,392.81,11
10667,11609,196.15,11
10466,11461,277.61,10
10434,11222,461.75,11
10347,11427,346.10,9
10171,10556,273.54,10
10117,10670,173.51,9
10105,11197,407.21,11
10058,11050,211.55,11
9878,10342,91.96,10
9845,10802,82.15,8
9788,10419,254.59,11
9592,10017,96.49,11
9432,9948,0.00,10
