1002
1,8020,8088,1,1,0,12,2,244;58;20;128;147;238;401;67;370;754;527;576
1,8006,8084,1,0,0,12,2,258;58;20;142;154;252;415;81;370;768;541;590
1,8052,8113,1,0,0,12,2,212;58;20;79;144;206;369;35;362;722;495;544
1,8049,8128,1,0,0,12,2,215;58;20;79;147;209;372;38;365;725;498;547
1,8054,8131,1,1,0,12,2,210;58;9;79;144;204;367;33;360;720;493;542
1,8054,8271,1,4,0,12,4,210;58;9;79;141;204;367;33;360;720;493;542
1,8091,8145,1,1,0,13,3,173;58;9;57;114;167;330;323;683;456;505;549;565
1,8080,8299,1,1,0,14,5,184;58;9;68;119;178;341;7;334;694;467;516;560;576
1,8161,8399,1,0,0,12,5,103;23;81;97;260;253;613;386;435;479;495;684
1,8149,8350,1,0,0,12,5,115;35;100;109;272;265;625;398;447;491;507;696
1,8214,8439,1,0,0,13,6,50;35;44;128;200;560;333;382;426;442;631;773;467
1,8161,8381,1,0,0,12,6,103;23;81;56;260;253;613;386;435;479;495;684
1,8219,8285,1,0,0,13,1,45;30;3;128;195;555;328;377;421;437;626;768;456
1,8214,8292,1,0,0,13,1,50;35;3;128;200;560;333;382;426;442;631;773;467
1,8222,8275,1,0,0,13,2,42;27;3;128;192;552;325;374;418;434;623;765;445
1,8222,8298,1,0,0,13,2,42;9;3;128;192;552;325;374;418;434;623;765;445
1,8239,8324,1,1,0,14,2,25;9;3;113;175;535;308;357;401;417;606;748;442;649
1,8265,8352,1,0,0,13,2,99;149;509;282;331;375;391;580;722;416;623;498;755
1,8278,8498,1,1,0,13,3,99;136;496;269;249;362;378;567;709;403;610;485;742
1,8279,8350,1,1,0,13,2,99;135;495;268;249;305;377;566;708;402;609;484;741
1,8304,8362,1,1,0,14,1,46;110;470;243;249;305;352;541;683;377;584;459;716;609
1,8308,8361,1,0,0,14,2,46;106;466;239;249;305;348;537;679;363;580;455;712;605
1,8346,8424,1,0,0,14,2,46;68;428;201;249;220;310;499;641;335;542;417;674;567
1,8350,8418,1,0,0,14,2,46;55;424;197;246;220;306;495;637;331;538;413;670;563
1,8403,8486,1,1,0,15,2,18;11;371;144;193;220;253;442;584;278;485;360;617;510;696
1,8416,8678,1,1,0,14,9,5;358;131;180;220;240;429;506;265;472;347;604;497;683
1,8423,8484,1,0,0,13,1,216;124;173;217;233;422;506;258;465;340;597;490;676
1,8502,8581,1,1,0,13,2,216;45;94;138;154;343;485;179;386;261;518;411;597
1,8518,8582,1,0,0,14,2,216;29;78;122;138;327;455;163;370;245;502;395;581;533
1,8547,8606,1,0,0,15,1,216;0;49;93;109;298;428;134;341;216;473;366;552;504;628
1,8550,8628,1,0,0,14,2,216;46;68;106;295;428;131;338;213;470;363;549;501;625
1,8557,8629,1,0,0,14,2,216;39;68;32;288;428;124;331;206;463;356;542;494;618
1,8571,8621,1,0,0,14,1,186;25;68;32;23;416;46;317;192;449;342;528;480;604
1,8570,8855,1,0,0,14,8,186;26;68;32;275;417;46;318;193;450;343;529;481;605
1,8568,8631,1,1,0,14,1,206;28;68;32;277;419;46;320;195;452;345;531;483;607
1,8565,8638,1,0,0,14,2,209;31;68;32;280;422;94;323;198;455;348;534;486;610
1,8628,8686,1,1,0,13,1,135;12;28;23;359;44;260;135;392;245;471;423;547
1,8614,8669,1,0,0,13,2,135;26;32;23;373;46;274;149;406;245;485;437;561
1,8613,8687,1,0,0,13,1,161;27;32;23;374;46;275;150;407;245;486;438;562
1,8608,8689,1,1,0,13,1,166;32;32;23;379;46;280;155;412;305;491;443;567
1,8704,8787,1,0,0,12,1,70;23;97;184;59;316;209;395;347;471;845;880
1,8686,8928,1,1,0,11,6,88;23;301;202;77;334;227;413;365;489;863
1,8663,8943,1,0,0,12,7,109;23;324;18;225;100;357;245;436;388;512;886
1,8640,8726,1,1,0,13,2,109;0;16;23;347;41;248;123;380;245;459;411;535
0,8759,8816,1,0,0,14,0,15;23;97;107;4;261;154;340;292;416;790;825;818;863
1,8720,8801,1,0,0,13,1,33;23;97;107;43;300;193;379;331;455;829;864;857
1,8719,8788,1,0,0,12,1,54;23;97;107;44;301;194;380;332;456;830;865
1,8712,8794,1,0,0,12,3,54;23;97;176;51;308;201;387;339;463;837;872
0,8792,8847,1,0,0,13,0,14;97;96;228;121;307;259;383;757;792;785;830;840
1,8820,8893,1,0,0,14,2,14;97;68;200;93;279;231;355;729;764;757;802;812;833
0,8782,8870,1,1,0,12,0,23;97;106;238;131;317;269;393;767;802;795;840
1,8785,8857,1,0,0,12,3,23;97;103;235;128;314;266;390;764;799;792;837
1,8879,8929,1,0,0,15,2,97;9;141;4;220;171;296;670;705;698;743;753;774;963;749
1,8902,9182,1,0,0,14,9,85;118;4;197;143;273;647;682;675;720;730;751;940;726
1,8831,9067,1,0,0,14,9,14;97;57;189;82;268;171;344;718;753;746;791;801;822
1,8836,8907,1,0,0,14,2,9;97;52;184;4;263;171;339;713;748;741;786;796;817
1,8931,9135,1,0,0,13,5,56;89;37;99;244;618;653;646;691;701;722;911;697
1,8938,8996,1,1,0,13,2,49;71;37;99;237;611;646;639;684;694;715;904;690
1,8902,9107,1,0,0,14,6,85;118;4;37;143;273;647;682;675;720;730;751;940;726
1,8926,9207,1,0,0,13,8,61;94;37;102;249;623;658;651;696;706;727;916;702
0,8986,9047,1,0,0,13,0,1;34;37;4;189;563;526;591;636;646;667;856;642
1,8994,9194,1,0,0,12,8,26;37;4;181;555;526;583;628;638;659;848;634
1,8969,9021,1,0,0,13,2,18;51;37;6;206;580;615;608;653;663;684;873;659
1,8982,9064,1,1,0,13,1,5;38;37;4;193;567;602;595;640;650;671;860;646
0,6980,7034,1,0,0,7,0,72;10;136;193;428;616;725
0,6944,6997,1,0,0,7,0,80;46;172;202;464;652;761
1,6987,7192,1,0,0,7,1,65;3;129;185;421;609;718
1,6984,7059,1,0,0,7,2,68;6;132;189;424;612;721
0,6896,6955,1,0,0,7,0,80;94;220;236;512;700;809
1,6887,6967,1,0,0,7,2,80;103;229;255;521;709;818
1,6941,7209,1,0,0,7,4,80;49;175;232;467;655;764
1,6899,6967,1,1,0,7,1,80;91;217;236;509;697;806
1,7146,7346,1,0,0,6,2,27;247;450;551;545;1118
1,7132,7355,1,0,0,4,2,41;276;464;551
0,7210,7274,1,0,0,5,0,198;386;495;481;1054
1,7210,7283,1,0,0,5,1,198;386;495;481;1054
0,7062,7142,1,0,0,5,0,54;95;346;534;551
1,7056,7120,1,0,0,5,2,60;117;352;540;551
1,7095,7159,1,0,0,5,1,21;78;313;501;551
0,7073,7160,1,0,0,5,0,43;95;335;523;551
1,7283,7573,1,0,0,9,8,125;313;422;408;965;644;901;492;611
1,7345,7405,1,0,0,9,2,63;41;360;346;919;582;839;430;549
1,7353,7429,1,0,0,9,2,55;41;320;338;911;574;831;422;541
1,7357,7416,1,0,0,10,2,22;41;320;334;907;570;827;418;537;594
1,7214,7287,1,1,0,5,1,194;382;491;477;1010
0,7228,7296,1,0,0,7,0,180;368;466;463;1010;699;956
1,7239,7303,1,0,0,7,1,169;357;466;452;1010;688;945
1,7261,7312,1,0,0,9,1,147;335;444;430;966;666;923;514;633
1,7479,7746,1,0,0,12,8,41;226;212;785;448;705;296;415;472;471;624;669
1,7508,7741,1,0,0,13,3,41;197;183;521;419;676;267;386;443;442;595;640;741
1,7534,7603,1,1,0,13,1,41;171;148;521;393;650;241;360;417;416;569;614;715
1,7540,7628,1,1,0,13,2,41;165;148;521;387;616;235;354;411;410;563;608;709
1,7365,7449,1,1,0,10,2,20;41;320;326;899;562;819;410;529;586
0,7367,7447,1,0,0,10,0,20;41;320;324;888;560;817;408;527;584
1,7387,7439,1,0,0,10,1,20;41;318;304;877;540;797;388;507;564
1,7437,7490,1,0,0,11,1,41;268;254;827;490;747;338;457;514;513;666
1,7622,7707,1,1,0,14,1,76;69;521;305;562;153;211;329;328;481;526;627;636;799
1,7615,7690,1,0,0,14,1,76;76;521;312;569;160;219;336;335;488;533;634;643;806
1,7603,7676,1,0,0,13,1,76;88;521;324;581;172;220;348;347;500;545;646;655
1,7593,7676,1,1,0,14,1,3;76;98;521;334;591;182;301;358;357;510;555;656;665
0,7589,7668,1,1,0,13,0,7;76;102;521;338;595;186;305;362;361;514;559;660
0,7584,7655,1,0,0,13,0,12;76;107;521;343;596;191;310;367;366;519;564;665
1,7583,7865,1,1,0,13,10,13;122;108;521;344;596;192;311;368;367;520;565;666
1,7561,7635,1,0,0,13,1,13;144;130;521;366;616;214;333;390;389;542;587;688
1,7714,7782,1,1,0,13,1,521;55;470;61;172;237;236;389;434;535;544;707;373
1,7712,7937,1,1,0,13,8,521;55;472;63;182;239;238;391;436;537;546;709;375
1,7704,7760,1,0,0,14,2,1;521;65;480;71;182;247;246;399;444;545;554;717;383
1,7683,7750,1,3,0,15,1,22;8;521;65;501;92;190;268;267;420;465;566;575;738;404
1,7667,7875,1,9,0,15,11,38;24;521;260;517;108;190;284;283;436;481;582;591;754;420
1,7664,7732,1,3,0,15,1,41;27;521;263;520;111;190;287;286;439;484;585;594;757;423
1,7657,7913,1,2,0,15,8,48;34;521;270;527;118;190;294;293;446;491;592;601;764;430
1,7642,7724,1,3,0,15,1,63;49;521;285;542;133;193;309;308;461;506;607;616;779;445
1,7835,7920,1,0,0,14,1,429;55;298;59;116;115;268;313;414;423;586;252;579;939
1,7850,7919,1,0,0,14,3,414;55;298;44;101;100;253;298;399;408;571;237;564;924
0,7829,7916,1,1,0,14,0,435;55;355;65;122;121;274;319;420;429;592;258;585;945
1,7832,7913,1,0,0,14,1,432;55;352;62;119;118;271;316;417;426;589;255;582;942
0,7745,7807,1,1,0,14,0,519;55;439;30;143;206;205;358;342;504;513;676;342;669
1,7758,7834,1,0,0,15,1,506;55;426;17;136;193;192;345;342;491;500;663;329;656;1016
1,7736,7821,1,1,0,13,3,521;55;448;39;158;215;214;367;412;513;522;685;351
1,7739,7824,1,0,0,13,1,521;55;445;36;155;212;211;364;342;510;519;682;348
1,7983,8052,1,1,0,11,1,281;58;20;165;266;275;438;104;431;791;564
1,8004,8284,1,0,0,12,5,260;58;20;144;245;254;417;83;370;770;543;592
1,7921,7979,1,1,0,14,1,343;6;58;30;29;64;227;328;337;500;166;493;853;626
1,7922,8143,1,1,0,14,8,342;5;58;29;28;64;226;327;336;499;165;492;852;620
1,7888,8089,1,0,0,14,7,376;39;59;6;63;62;215;257;361;370;533;199;526;886
1,7904,8152,1,1,0,13,6,360;23;59;47;46;64;244;345;354;517;183;510;870
1,7856,8130,1,0,0,14,8,408;55;298;38;95;94;247;257;393;402;565;231;558;918
1,7877,8158,1,0,0,14,7,387;50;59;17;74;73;226;257;372;381;544;210;537;897
1,5793,5877,1,0,0,19,2,2;58;11;34;171;571;383;116;611;556;536;437;374;831;457;130;802;701;742
1,5799,6061,1,0,0,18,12,52;11;34;171;565;377;110;605;550;530;431;368;825;451;115;796;695;736
1,5800,6005,1,1,0,18,11,51;11;16;171;564;376;109;604;549;529;430;367;824;450;115;795;694;735
1,5815,6099,1,0,0,18,9,24;6;16;163;549;361;94;589;534;514;415;352;809;435;115;780;679;720
1,5841,5910,1,0,0,17,2,10;16;31;523;335;68;563;508;488;389;326;783;409;115;754;653;694
1,5846,5914,1,0,0,17,2,5;11;31;518;330;63;558;503;483;384;321;778;404;114;749;648;689
1,5847,5901,1,1,0,17,1,4;10;31;517;329;62;557;502;482;383;320;777;403;102;748;647;688
1,5849,6065,1,2,0,17,3,2;8;31;515;327;60;555;500;480;381;318;775;401;70;746;645;686
1,5706,6003,1,1,0,19,8,41;8;5;145;55;138;272;658;470;203;698;643;623;524;461;898;544;264;889
1,5730,5803,1,1,0,19,4,17;8;121;55;127;171;634;446;179;674;619;599;500;437;894;520;240;865;764
0,5731,5818,1,1,0,19,0,16;8;88;55;126;171;633;445;178;673;618;598;499;436;893;519;239;864;763
1,5739,6007,1,1,0,19,7,8;8;88;55;118;171;625;437;170;665;610;590;491;428;885;511;231;856;755
1,5750,5816,1,0,0,18,2,8;88;28;107;171;614;426;159;654;599;579;480;417;874;500;220;845;744
1,5754,5816,1,0,0,18,1,8;88;28;91;171;610;422;155;650;595;575;476;413;870;496;216;841;740
1,5790,5864,1,1,0,19,2,5;61;11;67;171;574;386;119;614;559;539;440;377;834;460;180;805;704;745
1,5791,5842,1,0,0,19,1,4;60;11;66;171;573;385;118;613;558;538;439;376;833;459;130;804;703;744
1,6148,6204,1,0,0,16,2,137;28;253;201;181;82;19;476;102;447;346;351;440;248;904;385
1,6127,6185,1,1,0,16,2,137;49;253;222;202;103;40;497;123;468;367;408;461;269;925;406
1,6171,6260,1,1,0,16,3,137;5;233;178;158;58;453;79;424;323;351;417;225;881;362;692
1,6167,6244,1,1,0,17,2,137;9;237;182;162;58;0;457;83;428;327;351;421;229;885;366;696
1,6175,6238,1,0,0,16,2,137;1;229;174;154;36;449;75;420;319;324;413;221;877;358;688
1,6174,6253,1,0,0,16,3,137;2;230;175;155;36;450;76;421;320;351;414;222;878;359;689
1,6218,6499,1,1,0,15,9,137;186;131;111;6;406;32;377;276;296;370;178;834;315;645
1,6202,6256,1,1,0,15,2,137;202;147;127;28;422;48;393;292;296;386;194;850;331;661
1,5924,6185,1,1,0,16,10,30;440;252;480;425;405;237;243;700;326;46;671;570;611;664;472
1,5886,5941,1,1,0,17,2,31;478;290;23;518;463;443;237;281;738;364;70;709;608;649;702;510
1,5960,6023,1,0,0,17,2,18;363;216;444;389;369;237;207;664;290;10;635;534;575;628;436;1092
1,5928,5988,1,1,0,16,2,30;363;248;476;421;401;237;239;696;322;42;667;566;607;660;468
1,6029,6103,1,0,0,16,3,137;147;375;320;300;201;138;595;221;566;465;506;559;367;1023;504
1,6001,6252,1,0,0,15,12,363;175;403;348;328;229;166;623;249;594;493;534;587;395;1051
1,6100,6175,1,0,0,16,2,137;76;304;249;229;130;67;524;150;495;394;435;470;296;952;433
1,6062,6127,1,0,0,16,1,137;114;342;286;267;168;105;562;188;533;432;473;526;334;990;471
1,6461,6524,1,0,0,10,1,27;134;33;74;127;591;72;402;529;655
1,6483,6763,1,1,0,11,5,27;112;11;52;105;569;50;380;507;633;690
1,6383,6444,1,0,0,12,3,21;27;212;61;152;205;6;669;150;480;607;733
1,6422,6672,1,0,0,10,6,27;173;61;113;166;630;111;441;568;694
0,6529,6582,1,0,0,10,0,27;66;6;25;420;4;334;461;587;644
1,6536,6741,1,0,0,8,3,27;59;25;420;327;454;580;637
1,6489,6565,1,0,0,11,1,27;106;5;27;99;563;44;374;501;627;684
1,6527,6770,1,0,0,10,3,27;68;8;25;525;6;336;463;589;646
1,6261,6338,1,1,0,13,3,103;143;88;68;363;334;233;245;327;135;791;272;602
1,6283,6367,1,0,0,13,3,32;121;66;46;341;312;211;245;305;113;769;250;580
1,6240,6327,1,0,0,14,4,124;164;109;89;384;10;355;254;295;348;156;812;293;623
1,6258,6311,1,1,0,13,1,106;146;91;71;366;337;236;277;330;138;794;275;605
1,6366,6603,1,0,0,11,3,38;258;229;128;169;222;6;686;167;497;624
1,6382,6451,1,0,0,12,1,22;27;213;112;153;206;6;670;151;481;608;734
1,6297,6348,1,0,0,14,3,32;107;52;32;327;298;197;199;291;99;755;236;566;693
1,6361,6446,1,0,0,12,1,3;43;263;234;133;174;227;35;691;172;502;629
1,6804,7045,1,0,0,7,5,248;59;186;312;326;604;792
1,6792,7033,1,1,0,7,3,260;71;198;324;381;616;804
1,6757,6819,1,1,0,6,1,295;106;233;359;416;629
1,6714,6786,1,0,0,6,1,338;136;276;402;459;694
1,6875,6927,1,0,0,6,2,80;115;241;298;533;721
0,6853,6911,1,0,0,7,0,80;10;137;263;320;555;743
1,6812,6881,1,1,0,7,1,80;51;178;304;326;596;784
1,6809,7046,1,0,0,7,4,98;54;181;307;326;599;787
1,6628,6716,1,0,0,6,1,398;235;362;488;545;780
1,6578,6642,1,1,0,8,1,24;17;10;409;285;412;538;595
0,6570,6620,1,0,0,8,0,24;25;18;409;293;420;546;603
1,6564,6646,1,0,0,8,2,27;31;24;409;299;426;552;609
0,6692,6747,1,0,0,6,0,360;171;298;424;481;716
1,6692,6753,1,0,0,6,1,360;171;298;424;481;716
1,6645,6850,1,0,0,6,2,398;207;345;471;528;763
0,6643,6711,1,0,0,6,0,398;207;347;473;530;765
1,4977,5035,1,0,0,11,2,105;217;93;60;373;770;370;514;627;818;734
1,4977,5029,1,1,0,11,2,105;217;93;23;373;770;370;514;627;818;734
1,4991,5277,1,0,0,11,7,91;217;93;23;359;756;356;500;613;804;720
0,4995,5046,1,1,0,11,0,87;217;93;23;250;752;352;496;609;800;716
0,4923,4990,1,1,0,9,0,142;217;272;114;427;824;424;568;681
1,4930,4984,1,0,0,9,2,142;217;272;107;420;817;417;561;674
0,4933,5015,1,0,0,9,0,142;217;272;87;417;814;414;558;671
1,4971,5191,1,0,0,11,6,111;217;246;66;379;776;376;520;633;824;740
1,4870,4922,1,0,0,10,1,169;29;8;217;347;167;480;877;477;621
1,4891,5113,1,0,0,10,5,169;8;217;326;144;459;856;456;600;713
1,4906,4986,1,0,0,9,1,165;217;311;131;444;841;441;585;698
1,4921,4978,1,0,0,9,2,142;217;296;116;429;826;426;570;683
0,4759,4810,1,0,0,6,0,169;140;119;535;458;278
0,4787,4840,1,0,0,7,0,169;112;91;507;430;250;563
1,4845,5081,1,0,0,9,6,169;54;33;449;372;192;505;902;502
0,4846,4931,1,0,0,9,0,169;53;32;217;371;191;504;901;501
1,5228,5281,1,0,0,12,3,66;43;519;119;263;376;567;483;400;332;623;593
0,5201,5259,1,0,0,13,0,93;16;43;546;146;290;403;594;492;427;359;650;620
0,5237,5300,1,0,0,13,0,53;43;510;110;254;367;558;474;391;293;614;584;620
1,5229,5301,1,0,0,12,1,53;43;518;118;262;375;566;482;399;331;622;592
1,5159,5221,1,0,0,12,1,135;58;51;588;188;332;445;636;552;469;401;692
1,5141,5225,1,1,0,11,2,153;76;51;606;206;350;463;654;570;487;419
1,5189,5241,1,0,0,13,1,105;28;43;558;158;302;415;606;522;439;371;662;632
0,5169,5233,1,0,0,12,0,125;48;43;578;178;322;435;626;542;459;391;682
1,5126,5191,1,1,0,10,4,168;91;200;621;221;365;478;669;585;502
1,5059,5147,1,1,0,10,2,23;217;93;201;688;288;432;545;736;652
1,5136,5401,1,0,0,11,6,153;81;187;611;211;355;468;659;575;492;424
1,5133,5183,1,0,0,11,1,153;84;200;614;214;358;471;662;578;495;427
1,5010,5097,1,1,0,11,1,72;217;93;23;250;737;301;481;594;785;701
1,4996,5071,1,0,0,11,1,86;217;93;23;250;751;351;495;608;799;715
1,5056,5125,1,1,0,10,2,26;217;93;221;691;291;435;548;739;655
1,5019,5231,1,0,0,11,4,49;217;93;18;250;728;301;472;585;776;692
1,5443,5519,1,0,0,11,1,286;48;161;352;268;170;117;408;378;414;535
1,5470,5696,1,0,0,13,6,262;21;134;325;241;158;90;381;351;387;508;894;706
0,5431,5503,1,0,0,11,0,314;60;173;364;280;170;129;420;390;426;547
1,5437,5687,1,0,0,11,8,310;54;167;358;274;170;123;414;384;420;541
1,5395,5453,1,0,0,11,1,348;96;209;397;316;170;155;456;426;462;583
1,5409,5617,1,0,0,11,7,322;82;195;386;302;170;151;442;412;448;569
1,5384,5451,1,0,0,11,2,348;107;220;397;327;244;173;467;437;473;594
1,5391,5477,1,0,0,11,1,348;100;213;397;320;237;155;460;430;466;587
1,5357,5430,1,0,0,11,2,354;134;241;438;354;271;173;494;464;500;621
1,5363,5419,1,0,0,11,1,354;128;241;397;348;265;173;488;458;494;615
0,5335,5415,1,0,0,13,0,15;354;12;156;241;460;376;293;225;516;486;502;643
1,5354,5422,1,0,0,11,2,354;137;241;441;357;274;206;497;467;502;624
1,5293,5365,1,0,0,13,1,1;43;354;54;198;311;502;418;335;267;558;528;564
1,5293,5361,1,0,0,13,1,1;43;354;54;198;241;502;418;335;267;558;528;564
1,5265,5482,1,0,0,13,6,29;43;482;82;226;339;530;446;363;293;586;556;592
1,5269,5339,1,1,0,13,4,25;43;354;78;222;335;526;442;359;291;582;552;588
1,5687,5760,1,0,0,18,1,60;8;24;146;55;138;291;677;489;222;717;662;642;543;480;937;563;283
1,5680,5738,1,0,0,18,3,67;8;31;171;55;138;298;684;496;229;724;669;649;550;487;944;570;290
1,5675,5728,1,1,0,18,2,72;8;36;176;55;182;303;689;501;234;729;674;654;555;492;949;575;295
0,5655,5731,1,1,0,16,0,92;8;56;187;55;186;323;709;521;254;749;694;674;575;512;969
1,5641,5695,1,1,0,16,3,106;8;70;210;55;186;337;723;535;268;763;708;688;589;526;983
0,5632,5711,1,0,0,16,0,115;8;79;218;55;186;346;732;544;277;772;717;697;598;535;992
1,5631,5715,1,1,0,16,3,116;8;80;218;55;204;347;733;545;278;773;718;698;599;536;993
1,5628,5707,1,0,0,17,2,119;8;83;0;218;87;204;350;736;548;281;776;721;701;602;539;996
1,5611,5900,1,1,0,17,8,136;8;100;17;218;210;204;367;753;565;298;793;738;718;619;556;1013
1,5598,5676,1,1,0,17,3,149;6;8;113;30;218;223;235;380;766;578;311;806;751;731;632;569
1,5564,5637,1,0,0,17,4,183;40;8;147;64;287;257;235;414;800;612;345;840;785;765;666;603
1,5563,5648,1,0,0,17,3,184;41;8;148;65;288;258;294;415;801;613;346;841;786;766;667;604
0,5556,5642,1,0,0,17,0,191;48;8;155;72;4;295;265;301;422;808;620;353;848;793;773;674
1,5530,5815,1,0,0,16,9,217;74;234;181;98;30;321;291;327;448;834;646;379;874;819;799
1,5518,5587,1,1,0,16,3,229;86;277;193;110;42;333;303;339;460;846;658;391;886;831;811
1,5495,5570,1,1,0,14,1,252;109;300;216;133;65;356;326;362;483;869;681;414;909
1,12505,12567,1,1,0,11,4,243;168;808;332;515;374;65;174;114;652;478
1,12509,12588,1,0,0,11,4,234;168;804;332;511;370;61;170;110;648;474
0,12481,12532,1,0,0,12,0,23;267;168;832;341;539;398;89;198;138;676;502
1,12499,12584,1,0,0,12,3,5;249;168;814;341;521;380;71;180;120;658;484
1,12602,12668,1,1,0,11,3,146;168;711;271;418;277;77;17;555;352;581
1,12611,12697,1,1,0,11,3,137;168;702;262;409;268;68;8;546;352;572
1,12576,12633,1,0,0,11,1,172;168;737;297;444;303;103;43;581;407;607
0,12579,12631,1,0,0,11,0,169;168;734;294;441;300;100;40;578;352;604
1,12660,12921,1,1,0,11,6,88;168;653;213;360;219;19;462;323;523;1039
1,12688,12770,1,0,0,10,3,60;144;625;185;332;191;462;295;495;1011
1,12614,12891,1,1,0,11,7,134;168;699;231;406;265;65;5;543;352;569
1,12628,12704,1,0,0,11,1,120;168;685;231;392;251;51;529;352;555;1071
1,12733,12799,1,0,0,10,1,15;107;580;129;287;146;424;250;450;966
0,12737,12789,1,0,0,10,0,11;103;576;129;283;142;410;246;446;962
1,12701,12790,1,0,0,10,3,47;139;612;145;319;178;456;282;482;998
1,12725,12805,1,1,0,10,3,23;115;588;145;295;154;432;258;458;974
1,12237,12311,1,2,0,13,6,93;35;14;187;511;603;1076;594;783;642;333;442;382
1,12234,12313,1,0,0,13,6,93;35;17;190;514;606;1079;639;786;645;336;445;385
1,12234,12311,1,2,0,13,3,93;35;17;190;514;606;1079;639;786;645;336;445;385
0,12213,12288,1,0,0,13,0,96;35;38;211;535;627;1100;660;807;666;357;466;406
1,12339,12602,1,1,0,14,9,91;35;85;319;501;974;534;681;540;231;340;280;818;644
0,12314,12394,1,0,0,14,0,91;35;110;319;523;999;559;706;565;256;365;305;843;669
1,12309,12563,1,0,0,14,9,91;35;115;439;523;1004;564;711;570;261;370;310;848;674
1,12305,12376,1,0,0,14,4,91;35;119;443;535;1008;568;715;574;265;374;314;852;678
0,12401,12472,1,0,0,14,0,39;35;23;316;439;912;472;619;478;169;278;218;756;582
1,12389,12601,1,1,0,14,9,52;35;35;316;451;924;484;631;490;181;290;230;768;594
1,12386,12604,1,1,0,14,7,52;35;38;319;454;927;487;634;493;184;293;233;771;597
1,12342,12427,1,1,0,14,3,53;35;82;319;498;971;531;678;537;228;337;277;815;641
1,12466,12553,1,1,0,12,3,38;282;168;847;407;554;413;104;213;153;691;517
1,12447,12713,1,1,0,13,6,39;16;301;175;866;426;573;432;123;232;172;710;536
0,12421,12495,1,1,0,14,0,39;35;3;316;175;892;452;599;458;149;258;198;736;562
1,12417,12685,1,0,0,14,8,39;35;7;316;423;896;456;603;462;153;262;202;740;566
1,12940,13009,1,0,0,11,1,256;80;50;29;243;759;618;591;765;591;553
1,12948,13159,1,0,0,11,4,256;72;50;29;235;751;610;583;723;583;545
0,12982,13054,1,1,0,11,0,255;38;50;1;201;717;576;549;723;549;511
0,13006,13069,1,1,0,10,0,255;14;50;177;693;552;525;699;525;487
0,13043,13114,1,1,0,9,0,255;50;140;656;515;488;662;488;450
1,13052,13299,1,0,0,9,6,255;50;131;647;506;479;653;479;441
0,13059,13143,1,0,0,9,0,231;50;124;640;499;472;646;472;434
0,13068,13145,1,1,0,9,0,231;50;115;631;490;463;637;463;425
0,13096,13148,1,0,0,13,0,217;50;87;603;462;435;609;435;397;777;541;819;762
0,13102,13162,1,0,0,13,0,211;50;81;597;456;429;603;429;391;771;535;813;756
1,13102,13327,1,1,0,13,8,211;50;81;597;456;429;603;429;391;771;535;813;756
0,13111,13166,1,1,0,13,0,200;46;72;588;447;420;594;420;382;762;526;804;747
1,13117,13326,1,0,0,13,4,196;40;66;582;441;414;588;414;376;756;520;798;741
1,13149,13376,1,0,0,14,9,164;8;34;550;340;382;556;382;344;724;488;766;709;690
1,13154,13215,1,1,0,14,1,152;3;29;545;340;377;551;377;339;719;483;761;704;685
1,13160,13248,1,0,0,14,1,152;23;539;340;371;504;371;333;713;477;755;698;679;594
1,12757,12835,1,0,0,10,2,83;537;116;263;122;400;226;426;942;801
1,12743,12799,1,0,0,10,2,5;97;570;129;277;136;410;240;440;956
1,12782,12856,1,0,0,10,1,58;531;91;238;97;375;201;401;917;776
1,12764,12820,1,0,0,10,3,76;532;109;256;115;393;219;419;935;794
1,12797,12859,1,0,0,10,3,43;307;76;223;82;357;186;386;902;761
1,12785,13053,1,0,0,10,6,55;528;88;235;94;357;198;398;914;773
1,12839,13102,1,0,0,11,5,1;307;34;168;40;318;144;344;860;719;692
1,12805,12879,1,1,0,11,1,35;307;42;215;74;352;178;378;894;753;726
1,12848,13052,1,0,0,11,4,307;25;127;31;309;135;335;851;710;683;857
1,12844,12918,1,1,0,10,1,307;29;149;35;313;139;339;855;714;687
1,12882,12968,1,0,0,11,1,307;103;275;101;301;817;676;649;823;649;611
1,12861,12935,1,1,0,11,1,307;12;103;18;296;122;322;838;697;670;844
1,12896,13149,1,0,0,11,6,256;103;247;87;287;803;662;635;809;635;597
1,12885,13129,1,0,0,11,5,307;103;247;98;298;814;673;646;820;646;608
1,12931,13003,1,0,0,11,2,256;89;50;52;252;768;627;600;774;600;562
1,12899,12976,1,1,0,11,1,256;103;50;84;284;800;659;632;806;632;594
1,11473,11559,1,0,0,10,1,0;12;274;590;5;364;257;531;99;702
1,11512,11583,1,0,0,7,1,235;551;319;218;492;60;663
1,11413,11479,1,0,0,10,2,47;12;334;650;65;424;317;591;150;735
1,11431,11509,1,0,0,10,1,42;12;316;632;33;406;299;573;141;735
1,11399,11470,1,0,0,11,1,8;74;12;348;664;75;438;331;605;150;775
1,11400,11474,1,1,0,11,1,7;73;12;347;663;75;437;330;604;150;735
1,11382,11434,1,0,0,11,1,25;91;12;365;681;75;455;348;622;190;792
1,11397,11453,1,1,0,11,1,10;76;12;350;666;75;440;333;607;175;775
1,11739,11955,1,0,0,10,3,8;143;98;233;436;765;724;512;371;350
1,11746,11828,1,1,0,10,2,1;143;91;233;297;758;717;505;364;343
1,11709,11788,1,1,0,11,2,38;143;128;21;295;466;795;754;542;401;380
1,11715,11794,1,0,0,11,2,32;143;122;15;234;460;789;748;536;395;374
1,11624,11692,1,1,0,11,3,123;433;213;106;380;551;880;839;627;486;465
1,11699,11944,1,0,0,11,6,48;364;138;31;305;476;805;764;552;411;390
1,11545,11634,1,0,0,9,2,202;518;292;185;459;27;630;959;918
0,11573,11626,1,0,0,9,0,174;433;264;157;431;602;931;890;678
1,11209,11281,1,0,0,11,1,198;176;168;284;24;538;854;269;628;521;795
1,11207,11268,1,0,0,11,1,200;176;170;291;26;540;856;271;630;523;797
1,11201,11286,1,1,0,11,1,206;176;176;298;32;546;862;277;636;529;803
1,11156,11450,1,0,0,12,8,8;251;317;221;343;77;591;907;322;681;574;848
1,11141,11209,1,1,0,14,1,12;9;8;266;332;236;343;77;606;922;337;696;589;863
1,11136,11188,1,0,0,14,1,17;14;8;271;337;241;363;77;611;927;342;701;594;868
1,11120,11205,1,0,0,14,3,33;30;8;287;353;257;379;78;627;943;358;717;610;884
1,11113,11200,1,0,0,14,3,40;37;53;294;360;264;386;78;634;950;365;724;617;891
1,11365,11451,1,0,0,12,1,26;108;12;12;382;698;75;472;365;639;207;810
1,11356,11619,1,0,0,12,6,26;117;21;140;391;707;122;481;374;648;216;819
1,11356,11426,1,1,0,12,3,26;117;21;12;391;707;122;481;374;648;216;819
1,11344,11396,1,0,0,12,2,26;127;33;155;403;719;134;493;386;660;228;831
1,11335,11591,1,1,0,12,7,26;138;42;164;412;728;143;502;395;669;237;840
1,11332,11546,1,0,0,12,6,75;141;45;167;415;731;146;505;398;672;240;843
1,11300,11350,1,1,0,12,1,107;163;77;199;447;763;178;537;430;704;272;875
1,11210,11274,1,1,0,11,1,197;163;167;284;23;537;853;268;627;520;794
1,12058,12119,1,0,0,11,2,5;113;446;405;193;52;31;366;690;782;1255
1,12091,12163,1,0,0,10,1,84;413;372;160;16;333;657;749;1222;782
1,12095,12154,1,0,0,12,1,80;409;368;156;15;329;653;745;1218;712;925;784
1,12136,12380,1,0,0,11,7,39;368;327;115;271;612;704;1177;712;884;743
1,11936,12164,1,0,0,9,3,123;68;123;469;527;315;174;153;488
1,11953,12030,1,1,0,10,1,110;31;123;469;510;298;157;136;471;795
1,11957,12218,1,1,0,10,6,106;31;123;469;506;227;153;132;467;791
1,11986,12049,1,0,0,11,1,77;18;113;469;477;227;124;103;438;762;854
1,12165,12430,1,0,0,12,9,10;339;245;58;258;583;662;1148;708;855;714;405
1,12203,12283,1,0,0,12,5,301;35;48;221;545;637;1110;670;817;676;367;476
1,12206,12455,1,1,0,13,7,231;35;45;218;542;634;1107;667;814;673;364;473;413
1,12213,12293,1,0,0,13,6,96;35;38;211;535;627;1100;660;807;666;357;466;406
1,12152,12382,1,0,0,12,5,23;352;245;99;271;596;688;1161;712;868;727;418
0,12154,12226,1,0,0,12,0,21;350;245;97;258;594;686;1159;712;866;725;416
1,12156,12209,1,0,0,12,3,19;348;245;95;258;592;684;1157;712;864;723;414
1,12163,12227,1,0,0,12,4,12;341;245;58;258;585;677;1150;710;857;716;407
1,11806,11879,1,1,0,10,2,141;31;198;297;469;657;445;268;283;618
1,11799,11873,1,0,0,10,3,141;38;205;297;469;664;452;311;290;625
1,11835,12080,1,1,0,10,3,141;2;169;297;469;628;416;237;254;589
1,11828,11879,1,0,0,10,1,141;9;176;297;469;635;423;259;261;596
1,11757,12055,1,0,0,9,3,143;80;211;297;747;706;494;353;332
1,11749,11810,1,1,0,9,2,143;88;226;297;755;714;502;361;340
1,11797,12020,1,1,0,10,7,143;40;207;297;469;666;454;313;292;627
0,11765,11819,1,1,0,9,0,143;72;211;297;469;698;486;345;324
0,11886,11973,1,1,0,9,0,141;102;123;469;577;365;224;203;538
1,11881,11959,1,1,0,9,1,141;123;123;469;582;370;229;208;543
1,11900,11965,1,1,0,9,4,141;102;123;469;563;351;210;189;524
0,11893,11951,1,1,0,9,0,141;102;123;469;570;358;217;196;531
1,11852,11934,1,0,0,9,2,141;147;175;469;611;399;237;237;572
1,11842,11898,1,0,0,9,1,141;162;175;469;621;409;237;247;582
0,11878,11928,1,1,0,9,0,141;126;123;469;585;373;232;211;546
1,11869,11943,1,1,0,9,2,141;135;129;469;594;382;237;220;555
1,10465,10540,1,0,0,14,3,34;54;337;325;291;490;688;279;518;233;235;685;511;701
1,10422,10679,1,1,0,15,8,38;37;289;380;357;334;533;731;322;561;276;278;728;554;744
1,10414,10467,1,1,0,15,1,38;45;297;388;376;342;541;739;330;569;284;286;736;562;752
1,10331,10417,1,0,0,17,2,38;21;28;128;380;471;437;425;624;822;413;652;367;369;819;645;835
1,10497,10549,1,0,0,15,1,2;54;305;293;215;458;615;247;486;201;203;653;479;669;910
1,10496,10573,1,0,0,15,3,3;54;306;294;217;459;615;248;487;202;204;654;480;670;911
1,10492,10546,1,1,0,15,1,7;54;310;298;264;463;615;252;491;206;208;658;484;674;915
1,10477,10690,1,1,0,15,9,22;54;325;313;279;478;615;267;506;221;223;673;499;689;930
1,10281,10543,1,0,0,18,10,39;46;6;38;71;78;178;430;521;509;475;674;872;463;702;417;419;869
1,10269,10554,1,0,0,18,12,39;58;14;230;83;90;190;442;533;521;487;686;884;475;714;429;431;881
1,10264,10329,1,0,0,18,4,64;63;14;235;88;94;195;447;538;526;488;691;889;480;719;434;436;886
1,10251,10311,1,0,0,17,1,77;63;14;248;101;98;208;460;547;539;488;704;902;493;732;447;449
1,10311,10381,1,0,0,17,1,10;16;38;41;48;148;400;491;479;426;644;842;433;672;387;389;839
0,10295,10347,1,1,0,17,0,10;32;38;57;64;164;416;507;495;426;660;858;449;688;403;405;855
1,10291,10367,1,1,0,17,1,10;33;38;61;68;168;420;511;499;465;664;862;453;692;407;409;859
1,10283,10352,1,1,0,18,2,39;33;4;38;69;76;176;428;519;507;473;672;870;461;700;415;417;867
1,10208,10260,1,0,0,14,4,120;68;54;291;144;98;251;503;594;582;526;747;945;536
1,10209,10277,1,1,0,14,1,119;63;54;290;143;98;250;502;593;581;526;746;944;535
0,10190,10263,1,0,0,12,0,138;68;54;309;162;98;269;521;612;600;566;765
1,10192,10263,1,1,0,12,1,136;68;54;307;160;98;267;519;610;598;564;763
1,10233,10291,1,1,0,17,2,95;63;14;266;119;98;226;478;569;557;500;722;920;511;750;465;467
1,10246,10301,1,0,0,17,1,82;63;14;253;106;98;213;465;547;544;500;709;907;498;737;452;454
1,10231,10316,1,1,0,17,3,97;63;33;268;121;98;228;480;571;559;525;724;922;513;752;467;469
1,10231,10309,1,1,0,17,1,97;63;14;268;121;98;228;480;571;559;525;724;922;513;752;467;469
1,10142,10207,1,0,0,12,1,186;68;145;357;10;210;217;317;569;660;648;614
1,10152,10357,1,0,0,12,7,169;68;135;347;0;200;207;307;559;650;638;604
1,10089,10306,1,0,0,13,6,221;3;69;184;388;41;12;263;270;370;622;713;701
1,10120,10398,1,0,0,12,8,208;69;157;379;32;232;239;339;591;682;670;636
1,10175,10264,1,0,0,12,2,153;68;54;324;177;184;284;536;627;615;581;780
0,10190,10264,1,0,0,12,0,138;68;54;309;162;98;269;521;612;600;566;765
0,10158,10225,1,0,0,11,0,169;68;106;341;194;201;301;553;644;632;598
1,10168,10235,1,1,0,11,1,160;68;106;331;184;191;291;543;634;622;588
1,10865,10929,1,0,0,13,3,90;250;118;285;111;285;542;164;608;512;634;368;882
1,10862,10915,1,0,0,13,1,93;250;121;288;114;304;545;167;611;515;637;371;885
0,10886,10955,1,1,0,14,0,69;250;97;264;20;253;521;143;587;491;613;347;861;1177
1,10875,10964,1,0,0,13,5,80;250;108;275;101;253;532;154;598;502;624;358;872
1,10994,11082,1,0,0,12,3,159;156;172;413;35;479;383;505;239;753;1069;484
0,10960,11049,1,0,0,14,0,193;23;190;16;206;447;69;513;417;539;273;787;1103;518
1,11084,11171,1,0,0,14,3,69;66;82;323;389;293;415;149;663;979;394;753;646;920
1,11017,11101,1,1,0,13,3,136;133;129;390;12;456;360;482;216;730;1046;461;820
1,10783,10859,1,1,0,14,2,3;7;172;366;200;367;193;383;624;246;690;594;716;450
1,10771,10834,1,1,0,14,2,3;19;184;382;212;379;205;395;636;258;702;606;728;462
0,10840,10906,1,1,0,13,0,115;313;143;310;136;326;567;189;633;537;659;393;907
1,10822,10874,1,0,0,13,2,133;331;161;328;154;344;585;207;651;555;677;411;925
1,10847,11064,1,0,0,13,5,108;294;136;303;129;319;560;182;626;530;652;386;900
1,10842,10919,1,1,0,13,2,113;311;141;308;134;324;565;187;631;535;657;391;905
1,10851,10908,1,1,0,13,1,104;266;132;299;125;315;556;178;622;526;648;382;896
1,10850,11055,1,0,0,13,5,105;267;133;300;126;316;557;179;623;527;649;383;897
1,10637,10693,1,0,0,15,1,54;3;153;111;318;516;107;346;61;63;513;339;529;770;392
1,10642,10729,1,0,0,15,2,54;3;148;111;313;490;102;341;56;58;508;334;524;765;387
1,10674,10741,1,0,0,15,2,37;3;116;82;281;479;70;309;24;26;476;302;492;733;355
1,10681,10751,1,0,0,15,2,30;3;109;75;274;459;63;302;17;19;469;295;485;726;348
1,10714,10772,1,0,0,13,1,3;76;42;241;439;30;269;436;262;433;693;315;759
0,10715,10782,1,0,0,13,0,3;75;41;240;438;29;268;435;261;401;692;314;758
1,10717,10791,1,0,0,13,1,3;73;39;238;436;27;266;433;259;401;690;312;756
1,10720,10781,1,0,0,13,1,3;67;36;235;433;24;263;430;256;401;687;309;753
1,10514,10602,1,1,0,14,2,54;288;276;215;441;615;230;469;184;186;636;462;652;893
0,10521,10603,1,1,0,14,0,54;281;269;215;434;615;190;462;177;179;629;455;645;886
1,10552,10609,1,1,0,14,1,54;250;238;204;403;601;190;431;146;148;598;424;614;855
1,10586,10671,1,1,0,15,3,54;216;204;170;369;567;158;397;112;114;564;390;580;821;443
1,10600,10657,1,0,0,15,1,54;202;190;156;355;553;144;383;98;100;550;376;566;807;429
0,10617,10695,1,1,0,15,0,54;185;173;139;338;536;127;366;81;83;533;359;549;790;412
1,10617,10706,1,0,0,15,5,54;185;173;139;338;536;127;366;81;83;533;359;549;790;412
1,10627,10873,1,0,0,15,10,54;175;163;111;328;526;117;356;71;73;523;349;539;780;402
1,9515,9579,1,0,0,16,1,34;69;9;107;117;138;327;113;295;131;204;201;308;434;450;813
1,9487,9548,1,1,0,15,2,62;97;9;135;145;166;355;141;323;159;232;229;336;462;478
1,9481,9534,1,0,0,15,2,68;103;9;141;151;172;361;147;329;165;238;235;342;468;484
1,9452,9524,1,1,0,15,2,90;132;9;170;180;201;387;176;358;194;267;264;371;497;513
0,9443,9501,1,0,0,15,0,90;141;9;179;189;210;387;185;367;203;276;273;380;506;522
1,9440,9493,1,0,0,15,2,90;144;9;182;192;213;402;188;370;206;279;276;383;509;525
1,9424,9499,1,0,0,15,3,116;160;9;198;208;221;418;204;386;222;295;292;399;525;541
1,9378,9436,1,1,0,14,1,126;191;9;201;254;221;460;250;432;268;341;338;445;571
1,9365,9433,1,1,0,14,1,126;191;9;201;267;288;460;263;445;281;354;351;458;584
1,9359,9435,1,1,0,14,3,126;191;9;201;273;294;460;269;451;287;360;357;464;590
1,9358,9411,1,0,0,14,2,126;191;9;201;274;295;484;270;452;288;361;358;465;591
1,9355,9422,1,0,0,14,2,126;214;9;201;277;298;487;273;455;291;364;361;468;594
1,9345,9589,1,1,0,14,9,126;239;9;201;287;308;497;283;465;301;374;371;478;604
1,9333,9608,1,0,0,14,8,126;251;225;201;299;320;506;295;477;313;386;383;490;616
1,9298,9364,1,0,0,13,2,126;279;225;201;334;355;544;330;512;348;421;418;525
1,9296,9367,1,0,0,13,1,126;279;239;201;336;357;546;332;514;350;423;420;527
1,9266,9344,1,0,0,13,3,127;279;311;201;366;387;568;362;544;380;453;450;557
1,9277,9344,1,1,0,13,1,126;279;300;201;355;376;565;351;533;369;442;439;546
1,9224,9501,1,0,0,13,8,127;279;353;398;408;429;618;404;586;408;495;492;599
1,9230,9299,1,0,0,13,2,127;279;347;201;402;423;612;398;580;408;489;486;593
1,9194,9254,1,0,0,13,1,269;279;383;428;438;459;648;434;616;452;525;522;629
1,9203,9446,1,0,0,13,7,269;279;374;419;429;450;639;425;607;408;516;513;620
1,9159,9409,1,0,0,12,9,16;390;279;418;463;473;492;683;469;651;487;560
1,9180,9269,1,0,0,12,1,269;279;397;442;452;473;662;448;630;466;539;536
1,9113,9354,1,0,0,12,8,62;398;471;464;509;519;540;694;515;697;504;606
1,9120,9187,1,0,0,12,2,55;398;279;457;502;512;533;694;508;690;504;599
1,9098,9152,1,0,0,13,1,1;77;398;486;479;524;534;555;741;530;712;548;621
1,9106,9164,1,0,0,12,2,69;398;478;471;516;526;547;736;522;704;504;613
1,9076,9137,1,0,0,13,2,14;99;473;508;501;546;556;577;766;552;734;570;643
1,9097,9159,1,0,0,13,2,2;78;452;487;480;525;535;556;741;531;713;549;622
1,9004,9241,1,0,0,13,7,16;14;4;171;545;526;573;618;628;649;838;624;806
0,9023,9092,1,1,0,12,0,14;4;152;486;526;554;599;609;630;819;605;787
1,9998,10206,1,0,0,13,5,221;27;329;184;501;154;103;354;361;461;713;804;792
1,9919,10189,1,0,0,13,5,16;46;221;27;408;368;580;233;182;433;440;540;792
1,10077,10144,1,0,0,13,1,221;15;69;184;388;75;24;275;282;382;634;725;713
1,10048,10329,1,1,0,13,9,221;27;279;184;388;104;53;304;311;411;663;754;742
1,9881,9962,1,0,0,12,1,68;84;221;27;446;406;618;271;220;471;478;578
1,9841,10117,1,0,0,13,9,1;81;124;487;27;486;446;658;311;260;511;518;618
1,9904,9967,1,1,0,13,2,45;61;221;27;423;383;595;248;197;448;455;555;807
1,9885,9942,1,0,0,13,2,64;80;221;27;442;402;614;259;216;467;474;574;826
1,9781,9844,1,1,0,14,1,61;29;42;83;184;547;311;546;506;690;371;320;571;578
1,9779,9857,1,0,0,14,2,63;31;44;96;186;549;313;548;508;690;373;322;573;580
1,9840,10074,1,1,0,13,5,2;81;125;488;252;487;447;659;312;261;512;519;619
1,9807,9874,1,1,0,15,2,35;3;16;83;158;521;285;520;480;690;345;294;545;552;652
0,9758,9820,1,1,0,14,0,84;52;65;96;207;570;334;569;529;741;394;343;594;601
1,9751,10048,1,1,0,14,11,91;59;72;136;214;577;334;576;536;748;401;350;601;608
1,9771,9832,1,1,0,14,3,71;39;52;96;194;557;321;556;516;690;381;330;581;588
1,9759,9817,1,1,0,14,1,83;51;64;96;206;569;333;568;528;740;393;342;593;600
1,9703,9765,1,0,0,14,1,139;107;16;13;120;222;262;625;362;624;584;796;449;398
1,9709,9766,1,0,0,14,2,133;101;10;7;114;222;256;619;362;618;578;790;403;392
1,9720,10003,1,1,0,12,9,122;90;103;222;245;608;334;607;567;779;403;381
1,9731,9817,1,1,0,13,1,111;79;92;201;234;597;334;596;556;768;403;370;621
1,9659,9715,1,1,0,12,1,181;151;60;57;164;290;306;669;433;668;628;840
1,9664,9743,1,0,0,12,2,178;146;37;52;159;285;301;664;428;663;623;835
1,9672,9725,1,0,0,13,1,170;138;37;44;151;222;293;656;420;655;615;827;480
1,9683,9759,1,0,0,13,2,159;127;36;33;140;222;273;645;409;644;604;816;469
1,9569,9774,1,1,0,17,6,4;8;53;37;84;273;59;241;77;150;147;254;380;396;759;523;758
1,9584,9643,1,1,0,16,1,0;38;37;69;258;44;226;62;135;132;239;365;381;744;508;743
1,9638,9726,1,0,0,13,2,15;204;172;8;81;78;185;311;327;690;454;689;649
1,9645,9718,1,0,0,13,2,8;191;165;1;74;71;178;304;320;683;447;682;642
1,9530,9581,1,0,0,16,2,19;54;9;85;102;123;312;98;280;116;189;186;293;419;435;798
1,9537,9594,1,1,0,16,1,12;42;9;85;95;116;305;91;273;109;182;179;286;412;428;791
1,9541,9629,1,0,0,16,3,8;42;9;81;91;112;301;87;269;105;178;175;282;408;407;787
1,9554,9615,1,0,0,17,2,30;9;68;37;99;288;74;256;92;165;162;269;395;407;774;538;773
1,15725,15800,1,0,0,11,1,13;85;363;102;565;411;655;553;516;478;614
1,15725,15790,1,0,0,11,1,13;85;359;102;565;411;655;553;516;478;614
0,15720,15784,1,0,0,11,0,18;90;368;107;570;416;660;558;521;483;619
1,15683,15886,1,0,0,10,6,55;127;377;136;607;453;697;595;558;520
0,15792,15845,1,0,0,10,0,18;296;35;399;344;588;486;449;411;547
1,15761,16025,1,0,0,10,6,49;327;66;529;375;619;517;480;442;578
1,15761,15834,1,0,0,10,2,49;327;66;399;375;619;517;480;442;578
0,15733,15794,1,0,0,11,0,5;77;331;94;557;403;647;545;508;470;606
1,15828,15909,1,0,0,9,1,260;399;308;552;450;413;375;511;770
1,15795,15860,1,0,0,10,1,15;293;32;399;341;585;483;446;408;544
0,15794,15871,1,0,0,10,0,16;294;33;399;342;586;484;447;409;545
0,15794,15861,1,0,0,10,0,16;294;33;399;342;586;484;447;409;545
1,15159,15229,1,1,0,11,3,97;9;200;47;112;579;113;429;382;651;929
1,15114,15317,1,1,0,10,2,114;9;301;92;157;624;158;474;427;696
1,15196,15417,1,0,0,12,6,60;9;200;10;75;542;74;392;345;614;892;631
1,15175,15237,1,0,0,11,1,63;9;200;31;96;563;97;413;366;635;913
1,15203,15427,1,0,0,12,4,29;9;200;3;68;535;69;385;338;607;885;624
1,15198,15259,1,0,0,12,3,29;9;200;8;73;540;74;390;343;612;890;629
1,15222,15273,1,1,0,11,1,29;9;174;49;516;50;366;319;588;866;605
0,15213,15264,1,0,0,11,0,29;9;174;58;525;59;375;328;597;875;614
1,15256,15320,1,1,0,11,1,0;9;134;15;482;16;332;285;554;832;571
1,15237,15295,1,0,0,11,1,19;9;174;34;485;35;351;304;573;851;590
1,15284,15352,1,0,0,7,1,131;454;304;257;526;804;543
0,15260,15330,1,0,0,10,0,9;134;11;474;12;328;281;550;828;567
0,15305,15392,1,1,0,7,0,110;433;283;236;505;783;522
0,15296,15354,1,0,0,7,0,119;433;292;245;514;792;531
1,15345,15566,1,0,0,8,2,70;393;243;196;465;743;482;945
0,15330,15410,1,0,0,8,0,85;408;258;211;480;758;497;960
0,15347,15400,1,0,0,8,0,68;391;241;194;293;741;480;943
1,15375,15626,1,0,0,9,6,40;363;213;166;293;713;452;915;761
1,15389,15652,1,0,0,9,7,26;333;199;152;293;699;438;901;747
0,15412,15481,1,0,0,10,0,3;326;176;129;293;676;415;878;724;968
1,15413,15487,1,0,0,10,2,2;325;175;128;293;675;414;877;723;967
1,15413,15491,1,0,0,10,2,2;260;175;128;293;675;414;877;723;967
1,15444,15502,1,0,0,9,1,260;144;97;293;644;383;846;692;936
1,15480,15554,1,0,0,11,2,258;108;61;293;608;347;810;656;900;798;761
1,15528,15605,1,0,0,11,1,210;60;13;282;560;299;762;608;852;750;713
1,15614,15694,1,0,0,9,2,124;196;474;213;676;522;766;664;627
1,15641,15936,1,1,0,10,7,97;169;447;186;649;495;739;637;600;562
1,15643,15710,1,0,0,10,1,95;167;401;184;647;493;737;635;598;560
1,15652,15711,1,0,0,10,2,59;158;401;175;638;484;728;626;589;551
0,15668,15750,1,0,0,10,0,59;142;401;159;622;468;712;610;573;535
1,15670,15753,1,1,0,10,1,59;140;401;157;620;466;710;608;571;533
1,15671,15943,1,0,0,10,7,59;139;401;136;619;465;709;607;570;532
1,14909,14990,1,1,0,12,1,76;72;169;68;371;506;297;362;829;363;679;632
1,14914,15202,1,1,0,12,8,71;26;169;63;367;501;292;357;824;358;674;627
1,14853,14931,1,0,0,11,2,87;15;126;169;19;124;416;562;353;418;885
1,14881,14967,1,0,0,12,3,87;15;100;169;96;375;534;325;390;857;391;707
1,14847,15138,1,0,0,10,4,87;15;126;409;25;130;434;568;359;424
1,14848,14934,1,0,0,11,2,87;15;126;169;24;129;433;567;358;423;890
1,14800,14888,1,1,0,12,4,32;16;87;39;126;456;72;177;481;615;406;471
1,14803,14891,1,0,0,12,4,29;3;87;39;126;453;69;174;478;612;403;468
1,14795,14862,1,1,0,12,2,33;16;87;102;186;461;77;182;486;620;411;476
1,14796,15030,1,0,0,12,8,33;16;87;39;185;460;76;181;485;619;410;475
1,14778,14864,1,0,0,12,2,36;48;87;119;203;478;94;199;503;637;428;493
1,14793,14860,1,0,0,12,4,33;48;87;104;188;463;79;184;488;622;413;478
1,14754,14824,1,1,0,13,2,65;48;87;143;227;502;8;118;223;527;661;452;517
1,14755,14837,1,0,0,13,2,60;48;87;142;226;501;7;117;222;526;660;451;516
1,14706,14774,1,1,0,13,2,92;48;279;191;275;550;56;166;271;575;709;500;565
1,14714,14925,1,0,0,13,4,65;48;271;183;267;542;48;158;263;567;701;492;557
1,15114,15189,1,1,0,10,1,114;9;204;92;157;624;158;474;427;696
0,15104,15167,1,0,0,10,0,114;9;311;102;167;634;168;484;437;706
1,15093,15380,1,6,0,10,7,114;117;322;113;178;645;179;495;448;717
1,15077,15154,1,4,0,10,4,114;117;338;128;194;661;195;511;464;733
0,15075,15161,1,2,0,10,0,114;117;340;128;196;663;197;513;466;735
1,15068,15143,1,1,0,10,3,118;117;347;128;203;670;204;520;473;742
1,15061,15126,1,0,0,10,2,144;117;354;128;210;677;211;527;480;749
1,15060,15139,1,0,0,10,3,161;117;355;128;211;678;212;528;481;750
1,15038,15098,1,0,0,10,1,161;117;377;168;233;700;234;550;503;772
0,15032,15085,1,0,0,10,0,161;117;383;174;239;706;240;556;509;778
0,15031,15114,1,0,0,10,0,161;117;384;175;240;707;241;557;510;779
0,15003,15078,1,1,0,10,0,161;117;412;203;268;735;264;585;538;807
1,14994,15195,1,0,0,10,5,161;137;421;212;277;744;264;594;547;816
0,14964,15047,1,0,0,13,0,21;17;161;13;137;451;242;307;774;264;624;577;846
1,14956,15044,1,1,0,13,2,29;25;169;21;137;459;250;315;782;264;632;585;854
1,14944,15030,1,0,0,12,1,41;26;169;33;137;471;262;327;794;328;644;597
1,14402,14622,1,0,0,16,9,78;2;93;142;109;430;243;289;441;583;495;579;854;360;470;575
1,14430,14501,1,0,0,16,2,35;66;114;81;402;215;261;413;555;467;551;826;332;442;547;851
1,14434,14516,1,0,0,16,1,7;62;110;77;398;211;257;409;551;463;547;822;328;438;543;847
1,14434,14500,1,2,0,16,1,7;62;104;77;398;211;257;409;551;463;547;822;328;438;543;847
1,14279,14335,1,1,0,15,1,180;125;40;113;236;232;553;366;412;564;706;618;702;977;483
1,14284,14525,1,0,0,16,10,180;120;35;113;236;227;548;361;407;559;701;613;697;972;478;588
1,14347,14421,1,1,0,16,4,133;57;113;197;164;485;298;344;496;638;550;634;909;415;525;630
1,14392,14464,1,0,0,16,4,88;12;104;152;119;440;244;299;451;593;505;589;864;370;480;585
1,14226,14478,1,0,0,16,10,13;181;13;145;93;270;318;285;606;419;431;617;759;671;755;1030
1,14230,14304,1,1,0,16,1,9;181;9;145;89;113;314;281;602;415;431;613;755;667;751;1026
1,14261,14323,1,2,0,15,1,180;143;58;113;283;250;571;384;430;582;724;636;720;995;501
1,14272,14332,1,1,0,15,3,180;132;47;113;236;239;560;373;419;571;713;625;709;984;490
0,14197,14252,1,0,0,15,0,13;42;194;42;145;122;299;347;314;635;448;494;646;788;700
1,14211,14293,1,0,0,16,2,28;194;28;145;108;285;333;300;621;434;480;632;774;686;770;1045
0,14217,14273,1,0,0,16,0,22;194;22;145;102;279;327;294;615;428;431;626;768;680;764;1039
1,14222,14300,1,1,0,16,1,17;194;17;145;97;274;322;289;610;423;431;621;763;675;759;1034
1,14681,14760,1,0,0,14,4,100;4;162;292;216;300;575;81;191;296;577;734;525;590
1,14642,14697,1,0,0,14,1,100;3;4;201;343;255;339;614;120;230;335;577;773;564
1,14686,14739,1,1,0,14,2,100;4;87;292;211;295;570;76;186;291;577;729;520;585
1,14686,14952,1,0,0,14,11,92;4;87;292;211;295;570;76;186;291;577;729;520;585
0,14629,14689,1,0,0,14,0,100;16;4;214;356;268;352;627;133;243;348;652;786;577
1,14619,14823,1,1,0,14,4,100;26;72;224;366;278;362;637;143;253;358;662;796;587
1,14636,14709,1,0,0,14,1,100;9;4;207;349;261;345;620;126;236;341;645;779;570
0,14630,14690,1,0,0,14,0,100;15;4;213;355;267;351;626;132;242;347;651;785;576
1,14572,14643,1,0,0,14,2,100;73;119;271;413;325;409;684;190;300;405;709;843;634
1,14567,14783,1,0,0,14,5,265;78;124;276;418;330;414;689;195;305;410;714;848;639
1,14583,14645,1,0,0,14,2,100;50;101;260;402;314;398;673;179;289;394;698;832;623
1,14573,14631,1,0,0,14,3,100;72;101;270;412;324;408;683;189;299;404;708;842;633
1,14469,14545,1,0,0,16,3,7;27;72;42;363;122;222;374;516;428;512;787;293;403;508;812
1,14438,14658,1,0,0,16,9,7;58;72;73;394;207;253;405;547;459;543;818;324;434;539;843
0,14561,14624,1,0,0,14,0,271;84;130;282;424;336;420;695;201;311;416;720;854;645
1,14518,14788,1,0,0,14,7,26;314;122;173;325;467;379;463;738;244;354;459;763;897
1,13816,13896,1,0,0,19,2,57;99;42;4;41;109;148;394;236;214;423;227;664;423;588;503;680;728;695
1,13821,13901,1,0,0,19,4,52;94;37;4;41;104;143;376;231;209;418;222;659;418;583;498;675;723;690
1,13805,14062,1,0,0,18,12,68;110;53;4;192;120;159;405;247;225;434;238;675;434;599;514;691;739
1,13807,14066,1,0,0,18,11,66;108;51;4;60;118;157;403;245;223;432;236;673;432;597;512;689;737
1,13894,13972,1,1,0,17,3,17;41;31;70;316;158;136;345;149;586;345;510;425;602;650;617;275
1,14006,14056,1,1,0,13,3,204;46;24;233;37;474;233;398;313;490;538;505;163
1,13835,13904,1,0,0,19,1,38;68;23;4;41;90;129;375;217;195;404;208;645;404;569;484;661;709;676
1,13873,13937,1,0,0,17,2,0;42;41;52;91;337;179;157;366;170;607;366;531;446;623;671;638
1,13673,13748,1,1,0,18,2,5;32;200;242;185;166;81;324;252;291;537;379;357;566;370;807;566;731
1,13735,13813,1,0,0,18,3,138;180;123;104;19;262;190;229;475;317;295;504;308;745;504;669;584;761
1,13636,13720,1,0,0,17,2,23;65;234;1;264;222;191;118;361;289;328;574;416;394;603;407;844
1,13663,13733,1,1,0,17,3,23;42;210;252;195;176;91;334;262;301;547;389;367;576;380;817;576
1,13757,13809,1,1,0,17,1,116;158;101;29;240;168;207;439;295;273;482;286;723;482;647;562;739
1,13794,14059,1,0,0,18,14,79;121;64;27;203;131;170;416;258;236;445;249;686;445;610;525;702;750
1,13739,13825,1,0,0,18,1,134;176;119;100;15;258;186;225;439;313;291;500;304;741;500;665;580;757
1,13744,13833,1,0,0,18,1,129;171;114;39;10;253;181;220;439;308;286;495;299;736;495;660;575;752
1,14077,14322,1,0,0,12,7,133;89;214;160;145;242;419;467;434;80;755;568
1,14074,14143,1,1,0,12,3,136;89;214;165;145;245;422;470;437;80;758;571
1,14070,14364,1,1,0,12,9,140;89;410;169;145;249;426;474;441;80;762;575
1,14069,14138,1,1,0,12,1,141;89;411;170;145;250;427;475;442;80;763;576
0,14148,14223,1,0,0,15,0,62;89;194;91;145;171;348;396;363;21;684;497;543;695;837
1,14108,14163,1,0,0,14,1,102;89;194;131;145;211;388;436;403;61;724;519;583;735
1,14103,14181,1,1,0,13,1,107;89;194;136;145;216;393;441;408;66;729;542;588
1,14089,14149,1,0,0,13,2,121;89;194;150;145;230;407;455;422;80;743;556;602
1,14030,14099,1,0,0,13,1,180;22;0;209;13;450;209;374;289;466;514;481;89
0,14024,14107,1,0,0,13,0,186;28;6;215;19;456;215;380;295;472;520;487;89
1,14022,14097,1,0,0,13,1,188;30;8;217;21;458;216;382;297;474;522;489;133
1,14012,14095,1,0,0,13,1,198;40;18;227;31;468;216;392;307;484;532;499;157
1,14062,14142,1,0,0,12,3,148;89;418;177;145;257;434;482;449;80;770;583
1,14044,14273,1,0,0,12,3,166;8;89;436;188;360;275;452;500;467;80;788
1,14040,14108,1,1,0,13,3,170;12;89;3;440;199;364;279;456;504;471;80;792
1,14037,14266,1,0,0,13,8,173;15;202;6;443;202;367;282;459;507;474;80;795
1,13322,13407,1,1,0,14,4,377;175;209;383;209;171;551;315;593;536;517;432;675;603
0,13324,13410,1,1,0,15,0,364;175;207;381;207;169;549;313;591;534;515;430;673;601;640
0,13338,13396,1,0,0,15,0,361;175;193;367;193;155;535;299;577;520;501;416;659;587;626
1,13350,13408,1,1,0,15,2,349;175;181;355;181;143;523;287;565;508;489;404;647;575;614
1,13357,13443,1,1,0,15,2,342;166;174;348;174;136;516;280;558;501;482;397;640;568;607
1,13403,13470,1,1,0,18,2,296;155;128;302;128;90;470;234;512;455;436;351;594;522;561;807;649;627
1,13415,13709,1,0,0,18,14,284;115;116;290;116;78;458;222;500;443;424;339;582;510;549;795;637;615
1,13424,13480,1,0,0,18,5,31;115;107;281;107;69;449;213;491;434;415;330;573;501;540;786;628;606
1,13208,13272,1,0,0,13,1,105;491;340;323;497;323;285;665;429;707;650;631;546
1,13216,13275,1,1,0,14,1,97;483;340;315;489;315;277;657;421;699;642;610;538;781
1,13217,13279,1,1,0,14,2,96;482;340;314;472;314;276;656;420;698;641;610;537;780
1,13230,13296,1,0,0,14,1,83;469;305;301;472;301;263;643;407;685;628;609;524;767
0,13235,13308,1,0,0,14,0,78;464;305;296;470;296;258;638;402;680;623;594;519;762
1,13265,13518,1,0,0,15,8,48;434;293;266;440;266;228;608;372;650;593;574;489;732;660
1,13277,13356,1,0,0,15,3,36;422;188;254;428;254;216;596;360;638;581;562;477;720;648
1,13309,13361,1,0,0,15,2,4;390;175;222;396;222;184;564;328;606;549;530;445;688;616
1,13573,13662,1,0,0,16,1,23;132;267;64;342;285;266;181;424;352;391;637;479;457;666;470
1,13533,13622,1,0,0,17,1,23;25;157;340;104;373;325;306;221;464;392;431;677;519;497;706;510
1,13581,13660,1,1,0,16,4,23;124;266;56;334;277;242;173;416;344;383;629;471;449;658;462
1,13577,13649,1,0,0,16,1,23;128;267;60;338;281;242;177;420;348;387;633;475;453;662;466
1,13603,13683,1,0,0,17,2,23;65;266;34;289;255;236;151;394;322;361;607;449;427;636;440;877
1,13599,13685,1,0,0,17,3,23;106;266;38;289;259;240;155;398;326;365;611;453;431;640;444;881
1,13628,13690,1,1,0,17,1,23;65;245;9;264;230;191;126;369;297;336;582;424;402;611;415;852
1,13624,13691,1,0,0,17,4,23;65;249;13;289;234;191;130;373;301;340;586;428;406;615;419;856
1,13444,13684,1,0,0,18,8,28;114;87;261;87;49;429;193;471;414;395;310;553;481;520;766;608;586
1,13436,13519,1,0,0,18,2,28;115;95;269;95;57;437;201;479;422;403;318;561;489;528;774;616;594
1,13464,13763,1,0,0,19,13,28;94;67;220;67;29;409;173;446;394;375;290;533;461;500;746;588;566;775
1,13450,13501,1,0,0,18,1,28;108;81;220;81;43;423;187;465;408;389;304;547;475;514;760;602;580
1,13473,13531,1,0,0,19,2,23;85;58;157;58;20;400;164;442;385;366;281;524;452;491;737;579;557;766
1,13470,13761,1,0,0,19,14,23;88;61;220;61;23;403;167;445;388;369;284;527;455;494;740;582;560;769
1,13530,13582,1,1,0,19,2,23;28;1;157;1;343;107;385;328;309;224;467;395;434;680;522;500;709;513
1,13479,13543,1,0,0,19,2,23;73;52;157;52;14;394;158;436;379;360;275;518;446;485;731;573;551;760
1,639,723,1,0,0,10,2,193;85;364;456;286;515;408;598;633;521
1,637,718,1,1,0,10,2,193;86;366;500;288;515;410;600;635;523
1,628,693,1,1,0,10,2,193;86;375;514;297;515;419;609;644;532
1,622,685,1,1,0,10,1,193;86;381;514;303;524;425;615;650;538
1,619,674,1,0,0,10,1,193;86;384;514;306;561;428;618;653;541
1,613,665,1,0,0,10,3,193;86;390;514;312;567;434;624;659;547
1,612,668,1,0,0,10,2,193;86;391;537;313;568;435;625;660;548
1,611,684,1,0,0,10,2,193;86;392;543;314;569;436;626;661;549
1,598,677,1,0,0,10,2,3;193;86;405;556;327;582;449;639;674
1,547,603,1,1,0,12,2,42;21;9;193;86;456;607;378;633;500;690;725
1,542,794,1,1,0,12,7,42;21;9;383;86;461;612;383;634;505;695;730
1,541,607,1,0,0,12,2,42;21;9;439;86;462;613;384;634;506;696;731
1,535,621,1,1,0,12,1,42;21;9;445;90;468;619;390;634;512;702;737
1,533,594,1,2,0,12,2,42;44;9;447;90;470;621;392;634;514;704;739
1,513,570,1,1,0,13,1,42;44;9;9;467;90;490;641;412;667;534;724;759
1,509,714,1,2,0,13,3,42;44;13;9;471;215;494;645;416;671;538;728;763
1,881,1150,1,0,0,10,6,99;98;273;44;299;166;356;391;279;692
1,901,1154,1,0,0,10,4,79;98;253;22;279;146;336;371;259;672
1,856,1086,1,0,0,9,5,124;147;298;69;324;191;381;416;304
1,870,957,1,0,0,10,3,110;133;284;55;310;177;367;402;290;703
1,807,862,1,0,0,9,1,167;196;347;118;335;240;430;465;353
1,831,888,1,0,0,9,1,149;172;323;94;335;216;406;441;329
1,774,1067,1,0,0,9,6,167;229;380;118;406;273;463;498;386
1,801,856,1,0,0,9,1,167;202;353;118;379;246;436;471;359
1,766,994,1,0,0,9,5,167;237;388;159;414;281;471;506;394
1,769,830,1,0,0,9,1,167;234;385;156;411;278;468;503;391
1,678,736,1,1,0,10,1,193;46;266;453;247;488;335;559;594;482
1,745,833,1,0,0,9,1,193;258;409;180;435;302;492;527;415
1,672,727,1,0,0,10,1,193;52;331;453;253;488;335;565;600;488
1,675,753,1,0,0,10,3,193;49;328;453;249;488;335;562;597;485
1,644,707,1,0,0,10,2,193;80;359;456;281;515;335;593;628;516
1,665,747,1,0,0,10,1,193;59;338;453;260;515;335;572;607;495
0,292,344,1,1,0,12,0,200;295;230;71;176;168;298;19;688;432;711;817
0,288,370,1,1,0,12,0,200;299;234;75;180;172;302;23;692;436;715;817
1,343,551,1,1,0,11,3,200;244;179;20;125;117;247;637;381;660;791
1,340,418,1,0,0,11,1,200;247;182;23;128;120;250;640;384;663;814
1,242,530,1,1,0,10,6,262;345;280;121;226;218;348;69;738;482
0,209,259,1,0,0,9,0,262;378;313;154;259;251;381;102;771
0,283,351,1,0,0,12,0,200;304;239;80;185;177;307;28;697;441;720;817
1,256,343,1,1,0,12,1,200;331;266;107;212;204;334;55;724;468;747;898
1,114,380,1,0,0,8,6,487;473;408;249;354;346;476;197
1,58,126,1,0,0,8,2,511;529;464;305;410;402;532;253
0,153,204,1,0,0,8,0,262;434;369;210;315;307;437;158
0,136,193,1,0,0,8,0,262;451;386;227;332;324;454;175
1,27,101,1,1,0,8,2,574;560;495;336;441;433;563;284
0,0,62,1,0,0,8,0,601;587;522;363;468;460;590;311
1,476,709,1,1,0,10,5,42;79;17;30;504;248;527;678;449;704
1,498,754,1,1,0,13,9,42;73;17;30;482;226;505;656;427;682;549;739;774
1,500,791,1,1,0,13,10,42;73;17;29;480;224;503;654;425;680;547;737;772
1,507,759,1,1,0,13,8,42;73;15;9;473;217;496;647;418;673;540;730;765
1,453,676,1,1,0,12,5,42;134;17;15;7;53;527;271;550;693;472;727
1,453,539,1,1,0,12,3,42;134;17;15;7;30;527;271;550;693;472;727
0,466,547,1,0,0,11,0,42;79;17;2;30;514;258;537;688;459;714
0,475,532,1,0,0,10,0,42;79;17;30;505;249;528;679;450;705
1,404,629,1,0,0,10,3,197;168;118;64;56;53;576;320;599;750
1,419,491,1,0,0,11,2,42;168;103;49;41;53;561;305;584;735;506
1,426,513,1,0,0,11,1,42;161;96;42;34;53;554;298;577;705;499
1,444,519,1,0,0,12,2,42;143;17;24;16;53;536;280;559;705;481;736
1,354,431,1,0,0,11,1,200;233;168;9;114;106;53;626;370;649;791
1,355,650,1,0,0,11,5,200;232;167;8;113;105;53;625;369;648;776
1,366,434,1,0,0,10,1,200;168;156;102;94;53;614;358;637;776
0,395,458,1,0,0,10,0,200;168;127;73;65;53;585;329;608;759
0,3724,3779,1,1,0,8,0,312;403;319;310;654;665;348;421
0,3784,3849,1,1,0,9,0,265;343;319;310;594;648;288;361;707
0,3801,3875,1,0,0,10,0,248;326;319;310;577;631;271;344;690;807
1,3809,4100,1,1,0,10,5,240;318;319;310;569;623;263;336;682;799
1,3811,4099,1,1,0,10,7,238;316;179;310;567;621;261;334;680;797
0,3819,3879,1,0,0,10,0,146;308;179;310;559;613;253;326;672;789
1,3828,3890,1,1,0,10,2,146;299;179;310;550;604;244;317;663;780
1,3831,4097,1,0,0,10,5,117;296;179;310;547;601;241;314;660;777
1,3592,3849,1,1,0,7,2,15;58;312;535;346;594;786
0,3611,3681,1,0,0,7,0,2;39;312;516;329;575;767
1,3635,3838,1,1,0,8,3,15;312;492;329;551;743;797;437
1,3666,3940,1,1,0,8,3,312;461;319;520;712;766;406;479
1,3666,3935,1,1,0,8,3,312;461;319;311;712;766;406;479
1,3687,3740,1,0,0,8,1,312;440;319;310;691;745;385;458
0,3701,3751,1,0,0,8,0,312;426;319;310;677;697;371;444
1,3721,3771,1,1,0,8,1,312;406;319;310;657;697;351;424
1,3541,3752,1,0,0,6,4,15;109;507;586;603;645
0,3527,3580,1,2,0,6,0,15;123;507;600;617;659
1,3548,3758,1,1,0,6,1,15;102;312;579;596;638
1,3542,3600,1,1,0,6,1,15;108;380;585;602;644
0,3567,3654,1,0,0,6,0,15;83;312;560;528;619
0,3558,3643,1,0,0,6,0,15;92;312;569;528;628
1,3588,3799,1,1,0,7,2,15;62;312;539;528;598;790
0,3583,3635,1,1,0,6,0,15;67;312;544;528;603
1,3473,3557,1,0,0,7,2,42;41;68;177;576;654;671
0,3445,3506,1,0,0,9,0,20;9;70;69;68;182;604;682;699
1,3477,3544,1,0,0,7,1,38;37;37;173;507;650;667
1,3475,3561,1,0,0,7,1,40;39;37;175;574;652;669
1,3493,3558,1,1,0,7,2,19;21;37;157;507;634;651
0,3486,3540,1,1,0,7,0,19;28;37;164;507;641;658
1,3526,3582,1,1,0,6,2,31;124;507;601;618;660
0,3506,3570,1,0,0,7,0,9;8;31;144;507;621;638
1,3394,3672,1,0,0,10,4,15;68;0;60;121;120;109;225;655;733
0,3394,3452,1,0,0,10,0,15;68;0;60;121;120;68;225;655;733
1,3365,3435,1,0,0,10,1,15;68;8;89;143;149;248;246;684;762
1,3385,3663,1,0,0,10,4,15;68;8;69;130;129;228;225;664;742
1,3432,3509,1,0,0,9,1,33;22;83;82;68;216;617;695;712
0,3439,3489,1,0,0,9,0,26;15;76;75;68;182;610;688;705
1,3402,3455,1,0,0,9,1,14;63;52;113;112;68;225;647;725
1,3403,3473,1,0,0,9,2,13;62;51;112;111;68;216;646;724
1,3309,3364,1,1,0,9,1,15;98;46;143;177;205;304;341;740
0,3332,3384,1,0,0,10,0,15;98;46;122;177;182;281;318;717;795
1,3306,3359,1,1,0,9,1,15;98;47;143;177;208;307;344;743
0,3308,3388,1,0,0,9,0,15;98;46;143;177;206;305;342;741
1,3352,3441,1,0,0,10,3,15;68;8;102;163;162;261;298;697;775
1,3363,3439,1,0,0,10,1,15;68;8;91;143;151;250;287;686;764
1,3338,3410,1,0,0,10,2,15;98;46;116;177;176;275;312;711;789
1,3346,3569,1,0,0,10,3,15;98;8;108;169;168;267;304;703;781
1,3272,3515,1,0,0,10,5,15;193;59;182;14;243;242;341;378;777
0,3264,3327,1,0,0,10,0,15;196;59;190;22;251;250;349;386;785
1,3251,3514,1,1,0,10,6,15;207;59;203;35;264;263;362;399;798
1,3234,3304,1,0,0,10,1,15;231;59;220;52;281;280;379;416;815
1,3297,3363,1,0,0,9,1,15;98;47;143;177;217;316;353;752
1,3296,3346,1,0,0,9,1,15;98;47;158;219;218;317;354;753
1,3296,3351,1,0,0,9,2,15;98;47;143;219;218;317;354;753
1,3277,3483,1,0,0,10,5,15;98;59;177;9;238;237;336;373;772
1,3160,3219,1,0,0,10,1,256;305;234;270;126;355;354;453;490;889
1,3108,3173,1,0,0,10,1,308;357;286;35;270;178;407;406;505;542
1,3104,3166,1,0,0,10,2,312;361;290;46;350;182;411;410;509;546
1,3104,3188,1,0,0,10,1,312;361;290;35;350;182;411;410;509;546
1,3216,3505,1,0,0,10,7,15;249;178;238;70;299;298;397;434;833
1,3208,3507,1,0,0,10,8,189;257;186;246;78;307;306;405;442;841
1,3197,3261,1,0,0,10,3,219;268;197;257;89;310;317;416;453;852
1,3177,3254,1,0,0,10,1,239;288;217;270;109;310;337;436;473;872
0,4705,4766,1,0,0,6,0,313;194;173;589;512;332
0,4736,4800,1,0,0,6,0,313;163;142;558;481;301
1,4746,5021,1,0,0,6,4,313;153;132;548;471;291
0,4751,4823,1,0,0,6,0,169;148;127;543;466;286
1,4613,4672,1,0,0,5,2,53;19;461;286;265
1,4618,4854,1,1,0,6,4,48;19;432;281;260;676
0,4678,4759,1,0,0,6,0,313;221;200;616;539;359
0,4704,4777,1,0,0,6,0,313;195;174;590;513;333
1,4555,4642,1,0,0,6,1,53;94;19;527;344;323
0,4563,4615,1,0,0,6,0,45;66;19;519;336;315
0,4566,4620,1,0,0,6,0,42;66;19;516;333;312
1,4598,4675,1,0,0,6,2,10;66;19;484;301;280
1,4485,4573,1,1,0,8,1,6;123;31;153;19;597;399;393
1,4506,4572,1,0,0,7,1,102;10;129;19;576;393;372
1,4511,4586,1,1,0,7,1,97;5;110;19;571;388;367
1,4545,4611,1,0,0,6,1,63;110;19;537;354;333
0,4458,4514,1,0,0,8,0,33;150;58;208;199;624;399;420
0,4435,4498,1,0,0,8,0,56;173;81;231;199;647;399;443
1,4483,4776,1,0,0,8,4,8;125;33;153;175;599;399;395
1,4479,4568,1,0,0,8,1,12;129;37;187;179;603;399;399
1,4368,4423,1,0,0,10,1,1;34;123;195;148;298;290;714;526;510
1,4339,4427,1,0,0,10,1,1;34;152;269;177;0;310;319;743;526
1,4421,4504,1,0,0,9,1,11;70;187;95;245;199;661;478;457
1,4391,4474,1,0,0,9,1,34;100;190;125;275;267;691;508;487
1,4324,4406,1,1,0,10,1,1;34;157;284;192;15;342;334;758;575
1,4322,4386,1,0,0,10,2,1;50;157;285;194;17;344;336;760;577
1,4333,4396,1,1,0,10,1,1;34;157;275;183;6;317;325;749;526
1,4330,4392,1,0,0,10,1,1;34;157;278;186;9;317;328;752;569
1,4309,4383,1,0,0,10,2,1;73;169;285;207;30;357;349;773;590
1,4307,4370,1,0,0,10,1,1;73;169;301;209;32;359;351;775;592
1,4319,4394,1,0,0,10,2,1;50;169;285;197;20;347;339;763;580
0,4318,4403,1,0,0,10,0,1;50;169;285;198;21;348;340;764;581
0,4299,4360,1,0,0,10,0,1;73;192;309;217;40;367;359;783;600
1,4305,4361,1,0,0,10,2,1;73;186;303;211;34;361;353;777;594
0,4276,4363,1,1,0,10,0,1;73;215;332;240;63;390;382;806;623
1,4285,4352,1,0,0,10,2,1;73;206;323;231;54;381;373;797;614
1,4219,4301,1,0,0,10,2,1;73;267;389;297;120;447;439;847;627
0,4267,4323,1,0,0,10,0,1;73;224;341;249;72;399;391;815;627
1,4206,4260,1,1,0,10,2,1;73;285;402;310;133;460;452;876;627
1,4208,4263,1,0,0,10,1,1;73;267;400;308;131;458;450;874;627
1,4199,4281,1,0,0,10,1,128;73;292;409;317;140;467;459;883;700
1,4202,4456,1,1,0,10,6,128;73;289;406;314;137;464;456;880;627
1,4182,4466,1,0,0,11,7,4;128;250;296;426;334;157;484;476;900;717
1,4189,4422,1,1,0,10,6,128;196;296;419;327;150;477;469;893;710
0,4161,4240,1,0,0,10,0,25;128;268;330;447;355;178;505;497;921
1,4163,4244,1,0,0,10,2,23;128;268;328;445;353;176;503;495;919
1,4134,4219,1,0,0,12,1,10;52;128;298;11;349;474;382;205;532;524;948
1,4136,4205,1,0,0,12,2,8;50;128;296;9;349;447;380;203;530;522;946
1,4102,4181,1,1,0,13,2,1;42;84;128;330;43;377;506;414;237;564;556;980
1,4087,4162,1,0,0,12,3,40;57;99;128;345;58;377;521;429;252;579;571
1,4077,4298,1,0,0,12,6,44;67;109;301;355;68;377;531;439;262;589;581
1,4036,4117,1,0,0,14,2,10;44;98;135;342;396;36;109;455;572;480;303;630;622
1,4032,4111,1,1,0,14,2,17;44;98;135;346;400;40;113;459;576;484;307;634;626
1,4029,4103,1,1,0,13,4,20;98;98;135;349;403;43;116;462;579;487;310;637
1,4020,4103,1,0,0,13,1,29;107;98;166;358;412;52;125;471;588;496;319;646
1,3988,4062,1,0,0,13,3,45;139;98;198;390;444;84;157;503;620;528;351;663
1,3986,4040,1,0,0,13,1,45;141;98;200;392;446;86;159;505;622;530;353;680
1,3950,4018,1,0,0,13,1,45;177;98;207;428;468;122;195;541;658;566;389;716
1,3944,4005,1,0,0,13,2,105;183;98;207;434;468;128;201;547;664;572;395;722
1,3939,4197,1,0,0,13,5,110;188;98;247;439;468;133;206;552;669;577;400;727
1,3923,3996,1,1,0,13,1,117;204;98;263;455;509;149;222;568;685;593;416;743
1,3908,3986,1,0,0,12,3,117;219;125;278;470;524;164;237;583;700;608;431
1,3841,4045,1,1,0,10,6,117;286;129;310;537;591;231;304;650;767
1,3836,3917,1,1,0,10,2,117;291;166;310;542;596;236;309;655;772
1,1684,1770,1,0,0,10,2,18;181;404;138;647;243;525;185;526;827
1,1667,1749,1,1,0,10,2,47;198;404;155;664;260;542;202;543;844
1,1738,1803,1,0,0,15,1,18;127;404;84;593;189;471;131;472;773;704;988;979;613;1042
1,1703,1775,1,0,0,13,2,18;162;404;119;628;224;506;166;507;808;739;1023;1014
1,1767,1841,1,1,0,15,3,18;76;387;55;564;160;442;102;415;744;675;959;950;584;1013
1,1750,1808,1,0,0,15,2,18;76;404;72;581;177;459;119;460;761;692;976;967;601;1030
1,1782,1849,1,1,0,15,2,18;76;372;40;549;97;427;87;415;729;660;944;935;569;998
1,1776,1842,1,0,0,15,2,18;76;378;46;555;114;433;93;415;735;666;950;941;575;1004
1,1805,2026,1,0,0,18,7,4;60;349;17;526;97;404;64;399;706;637;921;912;546;975;1006;886;848
1,1783,1834,1,0,0,15,2,18;76;371;39;548;97;426;86;411;728;659;943;934;568;997
1,1845,1919,1,1,0,18,5,20;309;371;65;364;24;365;666;597;881;872;506;935;966;846;808;698;760
1,1818,1878,1,1,0,18,4,47;336;4;371;97;391;51;392;693;624;908;899;533;962;993;873;835;725
1,1869,2069,1,0,0,17,9,237;371;51;340;0;341;642;573;857;848;482;911;942;822;784;674;736
1,1866,2137,1,0,0,17,11,288;371;51;343;3;344;645;576;860;851;485;914;945;825;787;677;739
1,1964,2043,1,0,0,18,4,20;367;35;246;547;478;762;753;387;816;847;727;689;579;641;1084;591;477
1,1901,2179,1,1,0,16,12,20;371;26;308;309;610;541;825;816;450;879;910;790;752;642;704
1,1407,1491,1,1,0,10,1,141;188;192;458;741;415;924;520;802;462
1,1413,1489,1,0,0,10,4,141;182;192;452;741;409;912;514;796;456
1,1425,1511,1,1,0,10,2,116;170;192;440;729;397;906;502;784;444
1,1431,1500,1,0,0,10,4,116;164;189;434;723;391;900;496;778;438
1,1445,1525,1,1,0,10,4,116;150;189;420;709;377;886;482;764;424
1,1483,1562,1,0,0,10,2,90;112;189;382;671;339;848;444;726;386
1,1497,1551,1,0,0,10,1,76;98;171;368;657;325;834;430;712;372
1,1500,1574,1,1,0,10,1,73;95;171;365;654;322;825;427;709;369
1,1553,1774,1,1,0,10,3,20;42;171;312;601;269;778;374;656;316
1,1554,1642,1,0,0,10,1,19;41;171;311;404;268;777;373;655;315
1,1567,1844,1,0,0,10,3,6;28;171;251;404;255;764;360;642;302
1,1577,1642,1,0,0,9,2,18;171;251;404;245;754;328;632;292
1,1582,1666,1,0,0,9,1,13;171;251;404;240;749;308;627;287
0,1594,1646,1,1,0,9,0,1;171;251;404;228;737;308;550;275
1,1611,1667,1,1,0,9,2,171;251;404;211;720;308;550;258;599
1,1644,1878,1,0,0,10,6,165;221;404;178;687;283;550;225;566;867
1,1179,1384,1,0,0,6,3,1;17;93;394;283;630
1,1157,1231,1,0,0,7,1,23;17;115;3;416;350;652
0,1135,1193,1,0,0,8,0,19;45;17;137;25;438;350;674
1,1134,1357,1,0,0,8,3,20;46;43;138;26;439;350;675
1,1283,1515,1,0,0,7,4,165;283;526;582;871;539;1048
0,1233,1290,1,0,0,6,0,4;39;165;283;576;632
0,1214,1300,1,0,0,6,0,17;58;165;283;595;651
1,1211,1416,1,0,0,6,3,17;61;362;283;598;654
1,1363,1447,1,0,0,8,3,163;232;446;502;791;459;968;564
1,1361,1416,1,0,0,8,2,165;234;448;504;793;461;970;566
0,1303,1357,1,0,0,7,0,165;279;506;562;851;519;976
1,1283,1357,1,0,0,7,1,165;279;526;582;871;539;1048
1,1398,1449,1,0,0,9,3,159;197;192;467;741;424;933;529;811
1,1397,1666,1,1,0,9,5,159;198;412;468;741;425;934;530;812
1,1369,1454,1,0,0,8,1,159;226;440;496;741;453;962;558
1,1364,1442,1,0,0,8,2,159;231;445;501;790;458;967;563
1,987,1065,1,0,0,9,1,16;167;193;60;250;285;173;586;608
1,1008,1066,1,0,0,8,1,146;172;39;229;264;152;565;566
1,906,1164,1,0,0,10,5,74;97;248;19;250;141;331;366;254;667
1,925,1158,1,0,0,10,6,42;78;229;0;250;122;312;347;235;648
1,1032,1103,1,0,0,9,1,122;148;15;205;240;128;541;536;777
1,1035,1096,1,1,0,9,1,119;129;12;202;237;125;538;536;774
1,1018,1077,1,0,0,9,1,136;162;29;219;254;142;555;551;791
0,1025,1094,1,0,0,9,0,129;155;22;212;247;135;548;536;784
1,1090,1160,1,0,0,8,1,64;90;147;182;70;483;505;719
1,1095,1146,1,0,0,8,1,59;85;142;177;65;478;470;714
1,1051,1106,1,1,0,8,1,103;129;186;221;109;522;527;758
0,1061,1323,1,0,0,8,0,93;119;176;211;99;512;507;748
0,1124,1363,1,0,0,8,0,30;56;113;148;36;449;350;685
1,1130,1394,1,0,0,8,4,24;50;107;142;30;443;350;679
1,1103,1364,1,0,0,8,2,51;68;134;169;57;470;470;706
0,1123,1174,1,0,0,8,0,31;57;114;149;37;450;350;686
1,2940,3012,1,0,0,11,1,108;2;88;4;383;525;454;210;514;346;575
0,2939,3013,1,0,0,11,0,109;3;89;5;383;526;455;211;515;347;576
1,2943,3198,1,0,0,10,5,105;85;1;383;522;451;207;511;343;532
0,2943,2998,1,0,0,10,0,105;85;1;383;493;451;207;511;343;532
1,2874,3116,1,0,0,12,3,174;24;68;154;70;20;542;591;520;276;580;412
1,2826,2895,1,0,0,12,2,222;39;116;202;118;68;590;639;568;324;628;460
1,2900,2979,1,0,0,10,1,148;42;128;44;383;559;494;250;554;386
1,2891,3153,1,0,0,12,4,157;7;51;137;53;3;383;574;503;259;563;395
1,2997,3086,1,0,0,9,1,51;31;383;468;397;153;457;289;518
0,2997,3069,1,0,0,9,0,51;31;383;468;397;85;457;289;518
0,3095,3169,1,0,0,10,0,321;370;299;55;359;191;420;419;518;555
1,3021,3085,1,0,0,9,1,27;7;383;444;373;85;433;265;494
0,2955,3010,1,1,0,9,0,93;73;383;493;439;195;499;331;532
0,2944,3019,1,0,0,10,0,104;84;0;383;493;450;206;510;342;532
0,2992,3043,1,0,0,9,0,56;36;383;473;402;158;462;294;523
0,2984,3049,1,0,0,9,0,64;44;383;481;410;166;470;302;531
1,2577,2844,1,1,0,18,12,149;115;203;234;114;76;28;471;247;321;365;451;367;317;839;888;817;573
1,2620,2674,1,0,0,17,4,106;97;160;191;71;33;428;204;278;322;408;324;274;796;845;774;530
1,2628,2690,1,1,0,17,1,98;89;152;183;63;25;420;196;270;314;400;316;266;788;837;766;522
1,2629,2698,1,0,0,17,4,97;88;151;182;62;24;384;195;269;313;399;315;265;787;836;765;521
1,2509,2567,1,1,0,16,3,2;217;127;271;302;182;141;34;96;539;46;315;389;433;519;435
1,2516,2600,1,2,0,16,5,210;127;264;290;175;137;27;89;532;39;308;382;426;512;428;378
1,2533,2620,1,2,0,18,2,193;115;247;278;158;120;10;72;515;22;291;365;409;495;411;361;883;932
1,2569,2633,1,1,0,18,3,157;115;211;242;122;84;36;479;255;329;373;459;375;325;847;896;825;581
1,2708,2915,1,0,0,15,6,18;2;72;103;340;116;190;234;320;236;186;708;757;686;442
1,2726,2808,1,0,0,14,4,0;54;85;322;98;82;216;302;218;168;690;739;668;424
1,2760,2842,1,0,0,13,4,20;51;288;64;82;182;268;184;134;656;705;634;390
1,2795,2862,1,0,0,13,2,16;253;29;82;147;233;149;99;621;670;599;355;659
1,2632,2707,1,0,0,17,2,94;46;148;179;59;21;384;192;266;310;396;312;262;784;833;762;518
1,2657,2719,1,0,0,16,1,69;46;123;154;34;384;167;241;285;371;287;237;759;808;737;493
1,2669,2956,1,0,0,16,12,57;46;111;142;22;379;155;229;273;359;275;225;747;796;725;452
1,2690,2893,1,0,0,16,11,36;17;90;121;1;358;134;208;252;338;254;204;726;775;704;452
0,2421,2482,1,0,0,18,0,90;12;305;296;359;390;270;232;122;184;627;134;20;403;477;521;607;523
0,2417,2493,1,0,0,18,0,94;12;309;300;363;393;274;236;126;188;631;138;24;407;481;525;611;527
1,2383,2664,1,0,0,18,12,128;17;343;334;397;393;308;270;160;222;665;172;58;441;515;559;645;561
1,2373,2610,1,1,0,18,10,138;30;353;344;407;393;318;280;170;232;675;182;68;451;525;569;655;571
1,2355,2420,1,0,0,17,3,156;30;371;362;425;429;324;298;188;250;693;200;86;469;543;587;673
1,2323,2388,1,0,0,19,2,8;188;30;400;394;28;457;488;324;330;220;282;725;232;118;501;575;619;705
1,2321,2408,1,0,0,19,4,10;190;30;400;396;30;459;490;370;332;222;284;727;234;120;503;577;621;707
0,2320,2408,1,0,0,19,0,11;191;30;400;397;31;460;491;371;333;223;285;728;235;121;504;578;622;708
0,2506,2575,1,0,0,16,0,5;220;132;274;305;185;141;37;99;542;49;318;392;436;522;438
1,2506,2585,1,0,0,16,4,5;220;132;274;305;185;141;37;99;542;49;318;392;436;522;438
1,2505,2572,1,0,0,16,3,6;221;133;275;306;186;141;38;100;543;50;319;393;437;523;439
0,2478,2538,1,1,0,16,0,33;239;133;302;333;192;141;65;127;570;77;346;420;464;550;466
1,2456,2536,1,0,0,16,4,55;270;133;324;355;192;141;87;149;592;99;368;442;486;572;488
1,2455,2524,1,1,0,16,3,56;271;133;325;356;192;198;88;150;593;100;369;443;487;573;489
1,2452,2504,1,0,0,16,2,59;274;133;328;359;239;201;91;153;596;103;372;446;490;576;492
1,2443,2686,1,0,0,16,8,68;283;274;337;368;248;210;100;162;605;112;381;455;499;585;501
1,2113,2197,1,0,0,20,4,20;112;31;97;398;258;613;604;238;667;698;578;517;430;492;935;442;328;711;785
1,2175,2460,1,0,0,20,13,112;31;35;336;257;551;542;176;605;636;516;478;368;430;873;380;266;649;723;767
1,2084,2160,1,1,0,19,4,20;112;35;126;427;358;642;633;267;696;727;607;517;459;521;964;471;357;740
1,2108,2193,1,1,0,19,4,20;112;31;102;403;334;618;609;243;672;703;583;517;435;497;940;447;333;716
1,2044,2278,1,1,0,18,9,20;167;35;166;467;398;672;673;307;736;767;647;609;499;561;1004;511;397
1,2055,2142,1,1,0,19,2,20;112;35;155;456;387;671;662;296;725;756;636;598;488;550;993;500;386;769
1,2000,2073,1,0,0,18,4,20;331;35;210;511;442;726;717;351;780;811;691;653;543;605;1048;555;441
1,2018,2270,1,0,0,18,9,20;313;35;192;493;424;672;699;333;762;793;673;635;525;587;1030;537;423
1,2287,2360,1,0,0,19,4,44;224;30;439;430;64;493;524;378;366;256;318;761;268;154;537;611;655;741
1,2293,2353,1,0,0,19,1,38;218;30;422;424;58;487;518;378;360;250;312;755;262;148;531;605;649;735
0,2257,2346,1,0,0,18,0,74;254;30;469;460;94;523;554;434;396;286;348;791;298;184;567;641;685
1,2273,2355,1,0,0,18,4,58;238;30;453;444;78;507;538;418;380;270;332;775;282;168;551;625;669
0,2211,2274,1,0,0,18,0,101;300;30;515;506;140;569;600;480;442;332;394;837;344;230;613;687;731
1,2213,2485,1,1,0,18,13,101;298;30;513;504;138;567;598;478;440;330;392;835;342;228;611;685;729
1,2178,2254,1,1,0,20,4,112;31;32;333;30;548;539;173;602;633;513;475;365;427;870;377;263;646;720;764
1,2209,2266,1,0,0,20,1,112;0;1;302;30;517;508;142;571;602;482;444;334;396;839;346;232;615;689;733
276
493,1272,0.00,10
604,1160,0.00,9
865,1573,253.56,11
945,1595,327.41,9
413,925,140.30,10
429,1180,217.81,8
481,1047,73.33,9
489,1237,90.30,8
1253,2331,553.90,11
1350,1927,162.52,8
1395,2209,354.38,11
1400,1869,0.00,11
1018,1809,393.08,10
1200,1865,116.17,11
1246,2154,515.45,11
1248,1822,0.00,9
0,601,508.20,6
0,587,177.66,7
0,522,79.11,5
0,363,0.00,5
228,724,129.99,10
161,980,305.05,8
254,1154,274.43,11
247,1003,138.74,11
0,468,0.00,9
0,460,0.00,5
0,590,238.38,8
0,311,54.70,4
4955,5711,30.51,10
4939,5795,311.01,11
5133,5560,89.76,11
5103,5628,67.46,9
5171,5821,199.29,9
5147,5851,179.73,8
5325,5978,252.36,10
5231,5857,282.38,9
4624,5217,180.93,9
4615,5294,280.72,9
4771,5350,316.29,11
4652,5037,81.74,11
4839,5347,50.05,8
4832,5747,241.71,8
4882,5604,70.72,11
4858,5491,0.00,8
3799,4608,143.47,8
3876,4516,0.00,11
3902,4339,0.00,10
3913,4666,177.98,9
4031,4658,224.43,8
4091,5082,393.74,10
4166,4899,197.14,9
4349,4878,0.00,9
3325,4127,93.90,10
3418,4144,498.64,9
3522,4186,282.77,10
3584,4378,301.00,8
3624,4432,366.91,9
3625,4072,0.00,10
3643,4145,0.00,8
3777,4491,219.17,8
2914,3515,184.17,8
2811,3286,0.00,10
2781,3454,96.58,10
2569,3150,136.30,10
3143,4049,466.01,9
3086,3650,105.17,8
3048,3613,236.78,10
3037,3514,0.00,10
2361,2944,0.00,8
2287,3028,0.00,8
2155,2942,36.76,11
2112,2898,151.72,9
2545,3394,170.31,11
2533,3465,222.95,9
2527,3416,363.54,10
2516,2894,0.00,9
1815,2543,0.00,10
1845,2605,0.00,10
1802,2691,144.92,8
1804,2653,139.20,9
1963,2441,0.00,11
2046,2824,0.00,11
1921,3048,36.48,10
1957,2555,0.00,8
1697,2442,322.49,9
1701,2726,192.63,10
1597,2210,61.79,9
1616,2511,41.26,9
1735,2780,0.00,9
1791,2811,166.31,9
1703,2717,252.35,8
1718,2351,0.00,8
8854,9842,235.75,11
8806,9653,109.90,10
8998,9810,0.00,8
8875,9628,0.00,9
8720,9577,291.51,11
8691,9584,360.40,11
8790,9632,54.83,11
8754,9622,219.23,10
8508,9051,227.70,9
8376,9099,183.61,10
8645,9549,415.67,8
8540,9175,0.00,9
8242,8763,0.00,8
8239,8888,79.14,10
8302,8913,138.60,11
8251,9020,57.59,8
8069,8656,74.82,10
8104,8845,261.86,10
8163,8987,341.29,10
8189,8681,121.44,9
7756,8774,275.60,9
7917,8547,6.95,11
7995,8596,82.16,9
8059,8640,168.26,9
7590,8258,83.55,10
7605,8421,214.60,9
7631,8087,0.00,11
7740,8414,80.27,10
7391,7950,0.00,9
7429,8103,206.45,8
7476,8148,161.04,11
7481,8249,170.39,11
7357,7951,0.00,10
7257,7894,157.65,11
7245,7775,0.00,11
7227,8184,375.57,10
7223,7927,205.18,9
7145,8264,399.56,8
7133,7691,35.06,8
6882,7705,291.23,11
6777,7596,375.30,8
6596,7408,130.23,10
6469,7173,176.81,10
6372,7116,0.00,10
6296,6990,0.00,9
6150,6863,90.85,8
6017,6533,0.00,9
5947,7052,306.81,10
5855,6588,141.90,10
5856,6396,29.82,8
5715,6494,57.87,9
5789,6535,238.35,9
5673,5970,110.50,11
5702,6595,0.00,11
5604,6624,274.02,9
5660,6250,0.00,10
5543,6230,213.14,9
5557,6167,0.00,10
5500,6349,69.79,10
5501,6329,0.00,10
5486,5909,0.00,10
5493,6404,51.04,10
5453,6364,382.23,11
5458,6176,0.00,9
9409,9965,47.11,8
9329,9949,238.81,10
9552,10092,301.28,8
9495,10328,338.69,8
9060,9719,23.09,9
9050,9646,144.72,9
9188,9823,0.00,10
9170,9716,0.00,8
9728,10352,0.00,10
9701,10101,0.00,8
9794,10459,0.00,10
9736,10359,90.56,8
9633,10287,333.38,11
9554,10327,229.69,10
9665,10152,102.71,9
9647,10499,355.79,8
10175,10955,0.00,8
10194,11153,233.21,11
10201,10744,40.46,10
10210,10983,0.00,9
9885,10711,235.62,10
9928,10802,194.77,8
9928,10790,113.04,10
10091,10756,214.52,10
10331,11166,278.21,10
10467,11407,49.27,8
10561,11029,0.00,11
10709,11473,200.53,8
10212,10698,0.00,10
10221,10700,0.00,9
10257,11150,0.00,9
10328,10976,81.05,11
11019,11730,36.50,10
11010,11837,45.09,10
10946,11478,79.92,11
10881,12063,327.15,10
10793,11747,0.00,8
10767,11233,72.43,10
10765,11499,195.74,9
10724,11377,14.23,8
11615,12089,0.00,11
11589,12110,111.18,8
11555,12251,108.62,10
11522,12463,292.61,11
11513,12504,540.94,9
11244,12175,403.10,9
11227,11572,53.69,8
11071,12004,157.98,11
12093,13020,112.08,8
12143,12570,0.00,8
12063,12873,324.52,10
12093,12879,0.00,9
11976,12840,365.00,10
12041,13313,359.29,10
11793,12424,71.96,10
11941,12748,170.96,8
12755,13558,349.56,11
12805,13531,0.00,9
12519,13183,0.00,10
12624,13699,304.62,10
12257,13157,327.30,9
12258,12983,79.31,9
12194,12679,0.00,10
12205,12619,0.00,8
12871,13531,0.00,10
12847,13705,259.60,11
13075,13873,110.33,11
12879,13493,0.00,9
13083,13915,166.97,8
13081,13637,0.00,10
13123,13839,250.88,9
13095,13858,26.92,8
13214,13997,151.69,9
13159,13754,0.00,8
13323,13964,0.00,10
13248,13925,0.00,9
13384,14052,0.00,10
13369,14210,70.13,9
13464,14239,113.30,11
13386,14030,0.00,11
13492,14043,0.00,8
13586,14480,301.70,9
13637,14239,46.39,8
13666,14404,243.38,8
13682,14319,0.00,8
13722,14496,192.39,9
13767,14544,103.96,11
13812,14511,0.00,9
13889,14169,77.23,8
14032,14832,232.68,9
14059,14645,204.98,8
14078,14691,153.54,8
14107,14843,159.82,8
14124,14985,235.99,10
14187,14897,87.42,9
14203,14981,105.76,8
14321,14977,0.00,9
14282,14872,0.00,8
14247,14762,0.00,11
14204,15256,362.25,9
14651,15271,0.00,10
14548,15206,40.67,11
14481,15415,169.40,10
14421,15281,488.95,11
14899,15541,0.00,9
14876,15588,0.00,10
14872,15272,88.19,10
14848,15738,268.90,8
15317,16290,130.41,11
15177,15827,21.17,9
15142,16088,106.78,10
14953,15810,230.92,8
15457,16278,0.00,10
15465,16241,0.00,10
15353,16136,0.00,8
15391,16380,48.97,10
15815,16598,0.00,8
15835,16552,0.00,11
15615,16203,0.00,8
15691,16339,0.00,10
