1002
1,11831,12089,1,0,1,10,6,6;44;512;254;232;212;402;667;499;336
1,11806,11868,1,0,0,11,2,31;69;20;537;256;257;237;427;692;499;361
1,11767,11838,1,0,0,11,3,45;108;59;576;256;296;276;466;731;535;391
1,11760,11820,1,0,0,11,1,45;115;66;583;256;303;283;473;738;535;391
1,11855,11925,1,0,0,9,1,20;488;230;208;171;378;415;499;312
1,11848,11927,1,0,0,9,2,27;495;237;215;195;385;415;499;313
1,11842,11905,1,0,0,9,2,33;501;243;221;201;391;415;499;325
0,11840,11924,1,0,0,9,0,35;503;245;223;203;393;415;499;327
1,11726,11776,1,0,0,11,2,93;149;100;617;256;337;317;507;772;535;441
1,11720,11803,1,0,0,11,1,117;155;106;623;256;343;323;513;778;535;447
1,11719,11973,1,0,0,11,5,118;156;107;624;256;344;324;514;779;673;448
1,11683,11904,1,0,0,12,4,154;192;143;7;660;256;380;360;550;815;776;484
1,11759,11825,1,0,0,11,1,53;116;67;584;256;304;284;474;739;535;391
1,11748,11798,1,0,0,11,2,53;127;78;595;256;315;295;485;750;535;391
1,11737,11826,1,1,0,11,3,53;138;89;606;256;326;303;496;761;535;430
1,11726,11812,1,0,0,11,1,93;149;100;617;256;337;303;507;772;535;441
1,12019,12225,1,0,0,11,1,324;66;44;24;214;415;440;127;586;478;888
0,12043,12096,1,1,0,12,0,300;42;20;0;23;415;416;124;586;478;864;681
1,11999,12233,1,0,1,11,5,344;86;64;44;234;415;460;154;586;534;907
1,12007,12058,1,0,0,11,1,336;78;56;36;226;415;452;154;586;478;900
1,12081,12347,1,1,0,10,3,262;4;23;415;378;86;572;452;816;643
1,12084,12156,1,0,0,10,1,259;1;23;414;375;83;572;237;816;640
1,12063,12341,1,0,1,11,6,280;22;0;23;415;396;104;586;470;844;661
1,12071,12121,1,0,1,10,2,272;14;23;415;388;96;572;462;836;653
1,11945,11996,1,1,0,9,3,398;140;118;98;288;415;499;222;818
1,11953,12005,1,0,0,9,3,390;132;110;90;280;415;494;214;810
1,11873,11947,1,0,0,9,2,2;470;212;190;170;360;415;499;285
0,11891,11955,1,0,0,8,0,452;194;172;147;342;415;499;276
1,11986,12066,1,0,0,10,1,357;99;77;57;247;415;473;181;586;547
1,11992,12055,1,1,0,11,3,351;93;71;51;241;415;467;154;586;541;915
1,11968,12196,1,0,1,9,5,375;117;95;75;265;415;491;199;795
0,11977,12039,1,0,0,10,0,366;108;86;66;256;415;482;190;586;556
1,11339,11412,1,1,0,14,3,77;39;70;54;144;498;536;267;181;487;247;1004;746;661
1,11293,11345,1,0,0,15,2,123;85;116;100;190;544;582;23;271;227;533;247;1004;792;661
1,11346,11552,1,0,0,14,5,70;32;63;47;137;491;529;216;174;480;247;997;739;645
1,11345,11430,1,1,1,14,3,71;33;64;48;138;492;530;216;175;481;247;998;740;661
1,11358,11575,1,1,1,15,5,58;20;51;35;125;479;517;216;162;468;247;968;727;645;685
1,11349,11598,1,0,0,15,5,67;29;60;44;134;488;526;216;171;477;247;981;736;645;694
1,11394,11472,1,0,0,13,2,22;15;89;417;481;212;126;432;247;936;691;645;649
1,11383,11451,1,0,0,14,2,33;26;10;100;454;492;216;137;443;247;936;702;645;660
1,11159,11429,1,0,1,14,11,10;257;219;250;234;324;678;716;157;271;361;667;531;1184
0,11111,11162,1,0,0,13,0,58;305;267;298;282;372;726;764;205;271;409;707;579
1,11222,11289,1,0,0,14,3,194;156;187;171;261;615;653;94;271;298;563;468;1004;863
1,11220,11298,1,1,0,14,3,196;158;189;173;263;617;655;96;271;300;606;470;1004;865
1,11272,11344,1,0,0,15,3,144;106;137;121;198;565;603;44;271;248;554;247;1004;813;791
1,11225,11451,1,1,0,14,3,191;153;184;168;198;612;650;91;271;295;563;465;1004;860
1,11281,11482,1,0,1,15,5,135;97;118;112;198;556;594;35;271;239;545;247;1004;804;782
0,11278,11356,1,0,0,15,0,138;100;118;115;198;559;597;38;271;242;548;247;1004;807;785
1,11511,11582,1,1,0,11,3,326;364;95;9;315;179;719;574;552;532;664
0,11512,11601,1,0,0,11,0,325;353;94;8;314;178;712;573;551;531;664
1,11538,11612,1,0,0,10,1,299;337;68;288;152;712;547;525;505;664
1,11541,11619,1,0,0,10,3,275;334;65;285;149;712;544;522;502;664
1,11573,11835,1,0,1,11,6,264;302;33;253;117;712;512;490;446;660;925
1,11605,11680,1,0,1,11,2,232;270;1;221;85;712;256;458;438;628;893
1,11644,11695,1,0,0,12,3,193;231;182;46;699;256;419;399;589;854;815;523
1,11683,11739,1,0,0,12,2,154;192;143;7;660;256;380;360;550;815;673;484
1,11412,11476,1,0,0,12,1,4;71;404;463;194;108;414;247;931;673;645;631
1,11452,11744,1,0,0,11,6,31;385;423;154;68;374;238;891;633;611;591
1,11459,11513,1,0,0,11,1,24;378;416;147;61;367;231;872;626;604;584
1,11503,11592,1,0,0,11,3,334;372;103;17;323;187;840;582;560;540;730
1,11506,11737,1,0,0,11,5,331;369;100;14;320;184;831;579;557;537;727
1,11508,11582,1,0,0,11,1,329;367;98;12;318;182;831;577;555;535;664
1,11508,11747,1,0,0,11,6,329;367;98;12;318;181;831;577;555;535;664
1,11511,11561,1,1,0,11,2,326;364;95;9;315;179;712;574;552;532;664
1,12640,12696,1,0,0,10,1,123;267;84;325;550;528;399;624;553;403
0,12635,12691,1,0,0,9,0,128;272;89;330;550;528;404;629;553
1,12632,12850,1,1,1,9,5,131;275;92;333;550;528;407;632;748
0,12604,12666,1,0,0,9,0,159;283;120;361;550;528;435;660;776
1,12596,12674,1,1,0,8,1,167;300;128;369;550;528;443;668
1,12591,12680,1,0,0,8,1,172;300;133;374;550;528;448;673
1,12582,12670,1,0,0,8,1,181;300;142;383;550;552;457;682
0,12548,12603,1,0,0,8,0,185;300;176;417;550;552;491;716
0,12535,12587,1,0,0,8,0,185;300;189;430;550;552;504;729
1,12530,12595,1,0,0,8,1,201;3;300;194;435;550;552;509
1,12521,12592,1,0,0,8,1,242;10;300;203;444;550;552;518
1,12491,12575,1,0,0,9,1,7;272;42;300;233;474;550;552;548
0,12490,12554,1,0,0,9,0,8;273;43;300;234;475;550;552;549
1,12470,12755,1,0,0,9,5,28;293;63;300;254;495;550;754;569
1,12458,12541,1,0,0,10,1,40;1;305;75;300;266;507;550;766;581
1,12413,12472,1,1,0,8,2,85;46;350;120;300;311;552;550
1,12840,13127,1,1,1,13,9,67;2;359;384;199;405;540;203;856;354;376;350;614
1,12856,13147,1,0,1,13,9,51;2;343;368;183;405;524;187;733;338;360;334;614
1,12820,13047,1,0,0,13,6,87;145;379;404;219;405;548;223;856;374;396;370;736
1,12832,13053,1,0,1,13,7,75;133;367;392;207;405;548;211;856;362;384;358;614
1,12751,13034,1,1,1,12,8,12;156;214;448;468;288;513;548;292;856;443;465
0,12780,12848,1,1,0,11,0,127;185;419;444;259;405;548;263;856;414;436
1,12738,12789,1,1,0,12,1,25;169;227;461;486;301;526;553;305;856;456;478
1,12744,12819,1,0,1,12,2,19;163;221;455;468;295;520;553;299;856;450;472
1,12708,12978,1,1,1,12,8,55;199;16;257;491;498;331;556;553;335;1081;486
1,12728,13022,1,0,1,12,9,35;179;237;471;496;311;536;553;315;877;466;488
0,12684,12766,1,1,0,11,0,79;223;40;281;510;498;344;580;553;359;1105
1,12688,12766,1,0,0,11,1,75;219;36;277;510;498;344;576;553;355;1101
1,12654,12721,1,1,0,10,1,109;253;70;311;512;522;344;610;553;389
1,12657,12720,1,1,0,10,1,106;250;67;308;512;498;344;607;553;386
1,12649,12714,1,0,1,10,2,114;258;75;316;550;522;390;615;553;394
1,12653,12740,1,1,0,10,1,110;254;71;312;546;522;344;611;553;390
1,12198,12287,1,1,0,8,2,145;23;300;261;532;237;552;409
0,12183,12234,1,0,0,8,0,160;23;315;276;532;237;552;409
1,12202,12286,1,1,0,8,3,141;23;296;257;532;232;552;409
1,12200,12284,1,0,0,8,1,143;23;298;259;532;232;552;409
0,12163,12240,1,1,0,9,0,180;23;335;296;4;571;237;552;409
0,12154,12374,1,0,0,9,0,189;23;344;305;13;571;237;552;409
0,12175,12238,1,0,0,8,0,168;23;323;284;532;237;552;409
1,12167,12242,1,1,0,9,1,176;23;331;292;0;571;237;552;409
1,12121,12341,1,1,0,9,3,222;23;377;338;28;571;237;552;603
1,12115,12178,1,1,0,9,1,228;23;383;344;52;571;237;552;609
1,12149,12409,1,0,1,9,4,194;23;349;310;18;571;237;552;435
0,12141,12203,1,0,0,9,0,202;23;357;318;26;571;237;552;435
0,12094,12178,1,1,0,9,0,249;23;404;365;69;571;237;813;630
1,12085,12358,1,1,1,10,5,258;0;23;413;374;69;572;237;816;639
0,12113,12194,1,1,0,9,0,230;23;385;346;54;571;237;552;611
1,12105,12373,1,0,0,9,5,238;23;393;354;62;571;237;802;619
1,12369,12652,1,0,1,8,7,129;90;375;164;538;355;596;790
0,12387,12438,1,0,0,8,0,111;72;375;146;520;337;578;550
0,12400,12457,1,0,0,8,0,98;59;363;133;507;324;565;550
1,12412,12707,1,0,0,8,4,86;47;351;121;495;312;553;550
1,12319,12371,1,0,0,9,1,24;172;140;444;214;551;399;646;880
1,12319,12394,1,1,0,9,3,24;172;140;440;214;551;399;646;880
1,12350,12423,1,0,0,8,1,148;109;413;183;551;374;615;810
1,12356,12438,1,0,0,8,3,142;103;375;177;551;368;609;810
1,12298,12357,1,0,0,8,2,45;200;161;465;232;552;399;667
0,12302,12372,1,0,0,8,0,41;196;157;461;231;551;399;663
0,12303,12353,1,1,0,8,0,40;195;156;460;230;551;399;662
1,12307,12380,1,1,0,8,2,36;191;152;456;226;551;399;658
1,12240,12512,1,0,1,7,4,103;258;219;523;232;552;399
0,12250,12314,1,0,0,7,0,93;248;209;513;232;552;399
1,12253,12341,1,1,0,7,2,90;245;206;510;232;552;399
1,12283,12344,1,1,0,8,1,60;215;176;480;232;552;399;682
1,13357,13426,1,0,0,7,2,23;432;141;229;463;530;937
1,13361,13429,1,0,0,7,1,19;428;141;229;459;511;937
1,13313,13581,1,0,1,7,4,67;476;141;433;481;557;987
1,13314,13539,1,1,0,7,1,66;475;141;432;481;557;937
1,13414,13496,1,0,0,6,2,375;141;229;389;473;886
1,13417,13491,1,1,0,6,1,372;139;229;389;460;883
0,13367,13423,1,0,0,7,0,13;422;141;229;429;511;933
1,13396,13657,1,0,0,6,1,393;141;229;424;491;904
1,13457,13661,1,1,0,6,3,332;99;229;363;430;819
1,13470,13532,1,1,0,6,2,319;86;229;350;417;775
1,13435,13488,1,0,0,6,1,354;121;229;385;452;865
1,13442,13513,1,0,0,6,2,347;114;229;378;445;819
1,13519,13606,1,0,0,8,2,270;37;227;301;368;757;598;379
1,13533,13791,1,0,0,9,3,256;23;213;287;354;757;563;365;718
1,13488,13542,1,0,0,7,2,301;68;229;332;396;775;629
1,13496,13557,1,0,0,8,1,293;60;229;324;378;775;621;402
1,13575,13640,1,1,0,8,2,212;171;245;306;720;542;323;676
1,13564,13639,1,1,0,8,2,212;182;256;323;720;553;334;687
0,13554,13618,1,0,0,9,0,212;2;192;266;333;720;563;344;697
1,13547,13620,1,0,0,9,2,242;9;199;273;340;720;563;351;704
0,13630,13710,1,0,0,8,0,159;116;190;257;670;487;268;621
1,13593,13680,1,0,0,8,1,196;153;227;281;707;524;305;658
1,13587,13667,1,1,0,8,2,202;159;233;288;713;530;311;664
1,13585,13644,1,1,0,8,2,204;161;235;301;715;532;313;666
1,13715,13795,1,0,0,8,1,58;31;105;172;585;385;183;536
1,13701,13760,1,0,0,8,2,58;45;119;186;599;416;197;550
1,13696,13773,1,0,0,8,1,89;50;124;191;604;421;202;555
1,13679,13751,1,0,0,8,1,110;67;141;208;621;438;219;572
0,13771,13831,1,0,0,7,0,18;49;116;529;346;127;480
1,13758,13823,1,0,0,7,1,28;62;129;542;359;140;493
0,13751,13817,1,0,0,7,0,28;69;136;549;366;147;500
0,13744,13814,1,0,0,8,0,28;2;76;143;556;373;154;507
1,12858,12918,1,1,0,13,2,49;2;341;366;181;123;522;185;733;336;358;332;614
0,12897,12976,1,1,0,13,0,10;2;302;327;142;123;483;146;733;297;319;293;614
0,12905,12977,1,1,0,13,0,2;2;294;319;134;123;475;138;733;289;311;285;614
1,12917,12998,1,1,0,12,2,2;282;307;122;123;463;126;733;277;299;273;614
1,12917,12980,1,1,0,12,2,2;282;279;122;123;463;126;733;277;299;273;614
1,12918,13003,1,1,0,12,2,2;281;279;121;123;462;125;733;276;298;272;555
1,12921,12993,1,1,1,12,3,2;278;279;118;123;459;122;733;273;295;269;539
1,12927,13195,1,0,1,12,6,2;272;234;112;123;453;116;733;267;289;263;539
1,12947,13000,1,1,0,12,1,2;252;234;92;123;433;96;733;247;269;243;487
0,12963,13033,1,0,0,13,0,2;221;234;76;123;417;80;733;231;253;227;487;783
1,12982,13035,1,0,0,12,2,217;234;57;123;398;61;733;212;234;208;487;764
1,13004,13241,1,0,0,12,7,195;220;35;123;376;39;733;190;212;186;484;742
0,13032,13092,1,0,0,12,0,167;192;7;123;348;11;733;162;184;158;484;679
1,13034,13243,1,0,0,12,6,165;190;5;123;346;9;733;160;182;156;484;679
1,13049,13296,1,0,0,10,5,150;175;123;331;733;145;167;141;484;661
0,13059,13147,1,0,0,10,0,140;165;123;321;730;135;157;43;484;661
1,13122,13183,1,0,0,11,3,77;102;123;258;667;72;94;43;434;624;698
1,13068,13157,1,0,0,10,1,131;156;123;312;721;126;148;43;484;661
1,13149,13418,1,0,0,11,6,50;75;115;231;620;45;67;41;407;597;671
1,13123,13198,1,0,0,11,3,76;76;123;257;666;71;93;43;433;623;697
1,13167,13232,1,0,0,11,2,32;57;97;213;500;27;49;23;389;579;653
1,13165,13217,1,0,0,11,2,34;59;99;215;500;29;51;25;391;581;655
1,13209,13465,1,0,0,8,3,15;55;171;500;7;156;537;611
1,13204,13455,1,0,0,8,3,20;60;176;500;12;346;542;616
1,13229,13316,1,0,0,6,2,35;151;497;141;517;591
1,13214,13299,1,0,0,8,2,10;50;166;500;2;141;532;606
1,13257,13538,1,0,0,6,1,7;123;477;141;489;563
1,13232,13481,1,0,1,6,3,32;148;497;141;498;588
1,13276,13364,1,0,0,6,1,104;477;141;470;485;611
1,13259,13326,1,0,1,7,1,5;121;477;141;487;518;628
0,13291,13370,1,0,0,6,0,89;477;141;455;481;557
1,13283,13369,1,0,0,6,3,97;477;141;463;481;604
1,14299,14537,1,1,0,16,7,1;103;351;212;116;516;409;271;666;595;937;692;536;792;723;718
1,14338,14544,1,1,1,17,9,64;312;173;116;495;370;232;666;595;898;692;497;684;684;679;648;712
1,14290,14343,1,0,1,16,3,10;112;360;216;116;543;410;280;666;595;946;692;545;801;732;727
1,14295,14349,1,1,0,16,3,5;107;355;216;116;519;410;275;666;595;941;692;540;796;727;722
1,14277,14342,1,0,0,14,2,23;125;373;216;116;556;431;293;666;595;957;853;558;814
1,14281,14368,1,1,0,14,1,19;121;369;216;116;552;410;289;666;595;953;692;554;810
1,14277,14567,1,0,1,14,10,23;125;373;216;116;556;410;293;666;595;957;853;558;814
1,14277,14500,1,0,1,14,7,23;125;373;216;116;556;410;293;666;595;957;692;558;814
1,14408,14492,1,0,0,16,4,242;103;87;425;300;162;607;580;828;692;427;635;614;609;541;642
1,14411,14488,1,1,0,16,4,239;100;52;422;297;159;604;580;825;692;424;635;611;606;541;639
1,14359,14437,1,0,1,17,4,43;276;152;116;474;349;211;656;580;877;692;476;635;663;658;541;691
1,14392,14472,1,0,0,17,1,10;258;119;87;441;316;178;623;580;844;692;443;635;630;625;541;658
1,14348,14429,1,1,0,17,4,54;294;163;116;485;360;222;666;595;888;692;487;684;674;669;541;702
1,14355,14437,1,1,0,17,2,47;276;156;116;478;353;215;660;580;881;692;480;684;667;662;541;695
1,14339,14394,1,0,0,17,1,63;311;172;116;494;369;231;666;595;897;692;496;684;683;678;541;711
1,14348,14399,1,0,0,17,1,54;294;163;116;485;360;222;666;580;888;692;487;684;674;669;541;702
1,14513,14590,1,0,0,16,5,137;320;195;20;502;504;723;617;322;578;509;287;473;537;616;454
1,14511,14780,1,0,1,17,13,139;0;322;197;20;504;506;725;619;324;580;511;506;475;539;618;456
1,14502,14564,1,1,0,18,5,148;9;5;331;206;20;513;515;734;628;333;589;520;515;484;548;627;465
1,14479,14558,1,0,0,18,2,169;32;28;354;229;91;536;538;757;651;356;612;543;538;507;571;650;488
1,14454,14531,1,0,0,18,1,193;57;52;379;254;116;561;563;769;676;381;632;568;563;532;596;675;513
1,14451,14516,1,1,0,18,1,199;60;52;382;257;119;564;566;769;679;384;632;571;566;535;599;678;516
1,14447,14528,1,0,0,18,1,203;64;52;386;261;123;568;570;769;683;388;635;575;570;539;603;682;520
1,14427,14513,1,1,1,17,7,223;84;52;406;262;143;588;580;809;692;408;635;595;590;541;623;702
1,14609,14677,1,1,0,16,1,41;224;99;406;408;627;521;226;470;413;287;377;413;334;358;423
1,14609,14660,1,0,0,16,1,41;224;99;406;408;627;521;226;452;413;287;377;413;334;358;423
1,14586,14675,1,0,0,15,1,64;247;122;429;408;650;544;249;488;436;287;400;413;334;381
1,14579,14630,1,0,0,15,4,71;254;129;436;438;657;551;256;488;443;287;403;413;334;388
1,14573,14653,1,1,0,15,1,77;260;135;442;444;663;557;262;518;449;287;403;413;334;394
1,14557,14642,1,0,1,16,5,93;276;151;13;458;460;679;573;278;534;465;287;429;413;334;410
1,14556,14830,1,0,1,16,12,94;277;152;14;459;461;680;574;279;535;466;287;430;413;573;411
1,14527,14738,1,1,1,16,7,123;306;181;20;488;490;692;603;308;564;495;287;459;523;602;440
1,13823,13879,1,0,0,6,1,64;477;294;75;428;579
1,13824,14048,1,0,0,6,1,63;476;262;74;427;578
0,13828,13901,1,0,0,6,0,59;472;262;70;356;574
0,13836,13912,1,0,0,6,0,51;464;262;62;356;566
1,13772,13838,1,0,1,7,1,17;48;115;528;345;126;479
1,13779,13847,1,0,0,8,1,10;41;108;521;301;119;472;623
0,13780,13832,1,0,0,8,0,9;40;107;520;301;118;471;622
0,13803,13888,1,1,0,7,0,17;84;497;301;95;448;599
1,13907,13977,1,0,0,8,1,393;202;344;495;743;314;560;600
1,13910,14201,1,0,1,8,6,390;202;341;492;740;276;560;597
1,13912,13978,1,0,0,9,2,388;202;339;490;738;276;453;595;921
1,13957,14028,1,0,0,10,1,343;160;294;445;679;264;453;550;876;751
0,13863,13939,1,0,0,8,0,24;437;254;35;356;539;787;358
1,13880,13939,1,1,0,9,1,7;420;237;18;356;522;770;341;631
1,13888,13955,1,0,0,8,1,412;214;10;356;514;762;333;623
1,13889,14171,1,1,0,8,3,411;202;9;356;513;761;332;622
1,14101,14177,1,0,1,12,3,199;16;150;301;549;120;410;320;732;519;469;914
1,14068,14156,1,0,0,11,1,232;49;183;334;582;153;443;320;756;519;502
1,14114,14192,1,0,0,12,3,186;3;137;288;536;107;397;320;719;519;456;666
1,14109,14383,1,0,1,12,6,191;8;142;293;541;112;402;320;724;519;461;859
1,14006,14235,1,0,1,10,4,294;111;245;396;644;215;453;501;827;519
1,13991,14215,1,0,0,10,6,309;126;260;411;659;230;453;516;842;717
1,14060,14305,1,0,0,10,4,240;57;191;342;590;161;451;320;758;519
1,14038,14093,1,1,0,10,2,262;79;213;364;612;183;453;320;795;519
1,14201,14415,1,0,1,13,5,99;50;201;449;20;310;116;632;494;369;666;816;957
1,14179,14466,1,0,1,13,9,121;72;223;471;42;332;116;654;494;391;666;838;1057
1,14259,14348,1,0,1,11,3,41;143;391;252;116;574;449;311;666;595;957
1,14212,14474,1,0,1,13,5,88;39;190;438;9;299;116;621;494;358;666;604;957
1,14136,14194,1,0,0,11,1,164;115;266;514;85;375;320;697;519;434;666
0,14131,14186,1,1,0,11,0,169;120;271;519;90;380;320;702;519;439;666
0,14172,14251,1,0,0,13,0,128;79;230;478;49;339;116;661;494;398;666;845;1064
1,14144,14410,1,1,0,11,7,156;107;258;506;77;367;320;689;494;426;666
1,14800,14865,1,0,0,17,8,33;215;217;436;330;35;291;173;217;186;250;329;167;232;823;562;639
1,14807,14895,1,0,1,17,7,26;208;172;429;323;28;284;173;210;179;243;322;160;225;816;555;632
1,14740,14817,1,0,1,15,8,93;275;277;496;390;95;321;173;277;246;310;334;227;292;863
1,14737,14804,1,1,0,15,1,96;278;280;499;393;98;336;173;280;249;313;334;230;295;863
1,14708,14764,1,0,0,16,1,125;0;307;305;528;422;127;372;173;287;278;342;334;259;324;863
1,14694,14750,1,1,0,16,6,139;13;321;323;542;436;141;372;173;287;292;356;334;273;338;863
1,14767,14854,1,0,0,16,3,66;242;239;469;363;68;321;173;250;219;283;334;200;265;856;595
1,14759,14839,1,0,0,16,8,74;242;253;477;371;76;321;173;258;227;291;334;208;273;863;603
1,14757,14846,1,0,0,16,3,76;256;253;479;373;78;321;173;260;229;293;334;210;275;863;605
1,14747,14967,1,1,1,16,6,86;268;253;489;383;88;321;173;270;239;303;334;220;285;863;615
0,14663,14716,1,1,0,16,0,170;45;352;346;549;467;172;428;359;287;323;387;334;304;369;863
1,14654,14953,1,1,1,16,15,179;54;361;346;549;476;181;437;368;287;332;396;334;313;378;969
1,14640,14711,1,0,0,16,5,10;193;68;375;377;549;490;195;451;382;287;346;410;334;327;392
1,14639,14726,1,0,0,16,4,11;194;69;376;378;597;491;196;452;383;287;347;411;334;328;393
1,14688,14741,1,1,0,16,1,145;13;327;329;548;442;147;382;173;287;298;362;334;279;344;863
1,14683,14912,1,0,1,16,8,150;13;332;334;549;447;152;382;339;287;303;367;334;284;349;863
1,14672,14748,1,0,0,16,1,161;13;343;345;549;458;163;419;350;287;314;378;334;295;360;863
1,14667,14744,1,0,0,16,4,166;41;348;346;549;463;168;424;355;287;319;383;334;300;365;863
1,2297,2589,1,0,1,16,9,6;33;237;383;37;241;200;381;389;393;151;362;165;489;569;438
1,2268,2341,1,0,0,17,3,1;35;33;266;412;66;270;220;410;389;422;180;391;194;489;598;438
1,2256,2505,1,0,1,17,8,13;47;33;278;424;78;282;220;422;389;434;192;403;206;489;610;577
1,2233,2303,1,0,1,17,2,36;58;33;301;447;101;305;264;445;389;453;215;411;229;489;633;600
1,2229,2285,1,1,1,17,2,40;74;33;305;451;105;309;268;449;389;453;219;411;233;489;637;604
1,2222,2286,1,1,0,17,3,47;81;33;312;458;112;316;275;456;389;468;226;411;240;489;644;611
1,2220,2296,1,0,0,17,4,49;83;33;314;460;114;318;277;458;401;470;228;411;242;489;644;613
1,2218,2298,1,0,0,17,2,51;85;33;316;462;116;320;279;460;401;472;230;438;244;489;644;615
1,2215,2505,1,1,1,16,9,54;88;33;319;465;119;323;282;463;656;475;233;438;247;489;644
1,2171,2231,1,1,0,18,4,98;132;5;33;363;509;31;163;367;326;507;700;519;277;438;291;489;644
1,2168,2458,1,1,1,18,10,101;135;8;33;366;512;34;166;370;329;510;703;522;280;438;294;626;644
1,2164,2223,1,0,1,18,2,105;139;12;33;370;516;38;170;374;333;514;707;526;284;474;298;630;644
1,2163,2245,1,1,0,18,3,106;140;13;34;371;517;39;171;375;334;515;708;527;285;474;299;631;644
1,2162,2430,1,0,1,18,12,107;141;14;277;372;518;40;172;376;335;516;709;528;286;474;300;632;644
1,2148,2209,1,0,0,18,2,121;155;28;285;386;532;54;186;390;349;530;723;542;300;511;314;646;644
1,2145,2222,1,0,1,18,3,124;158;31;294;389;535;57;189;393;352;533;726;545;303;514;317;649;644
1,2522,2580,1,0,0,16,1,12;158;16;156;349;138;137;272;344;217;645;817;908;502;704;575
1,2536,2618,1,0,1,15,4,144;2;142;335;138;123;258;328;217;631;803;908;488;690;561
1,2513,2594,1,0,0,16,1,21;167;25;165;358;170;146;281;353;217;654;826;908;511;713;584
1,2522,2589,1,0,0,16,6,12;158;16;156;349;138;137;272;328;217;645;817;908;502;704;575
1,2491,2571,1,0,0,15,5,43;176;47;6;187;380;199;168;303;375;217;676;848;983;533
1,2511,2590,1,0,0,16,1,23;169;27;167;360;179;148;283;355;217;656;828;908;513;715;586
1,2436,2505,1,0,0,16,3,3;98;176;102;61;242;389;235;12;223;26;358;430;217;731;903
1,2453,2516,1,0,1,14,2,81;176;85;44;225;384;235;206;9;341;413;217;714;886
1,2412,2486,1,1,0,16,4,27;122;176;126;85;266;389;235;36;247;50;382;454;420;755;927
1,2418,2638,1,0,0,16,7,21;99;176;120;79;260;389;235;30;241;44;376;448;415;749;921
1,2387,2448,1,0,0,15,2,33;147;176;151;110;291;389;303;61;272;75;407;479;420;780
1,2394,2471,1,0,0,15,4,33;140;176;144;103;284;389;264;54;265;68;400;472;420;773
1,2327,2392,1,0,0,15,2,33;207;176;7;211;170;338;389;363;121;332;135;456;539;438
1,2361,2411,1,1,0,14,3,33;173;176;177;136;317;389;305;87;298;101;433;505;438
1,2312,2388,1,0,0,15,3,33;222;176;22;226;185;366;389;378;136;347;150;482;554;438
1,2315,2371,1,0,0,15,3,33;219;176;19;223;182;338;389;375;133;344;147;479;551;438
1,2726,2797,1,0,0,12,1,145;68;140;104;441;613;665;298;343;371;564;490
1,2705,2786,1,1,1,12,2,166;89;161;104;462;634;665;319;343;392;585;490
1,2776,2838,1,1,0,12,3,95;18;90;57;373;563;665;248;343;321;514;447
1,2738,2794,1,1,0,12,1,133;56;128;95;373;601;665;286;343;359;552;485
1,2691,2749,1,0,0,12,3,180;103;175;142;476;648;665;333;343;406;599;532
1,2663,2745,1,0,0,15,4,17;15;208;27;131;203;170;504;676;665;361;343;434;627;560
1,2699,2784,1,0,0,12,2,172;95;165;134;468;640;665;325;343;398;591;490
1,2694,2750,1,0,0,12,2,177;100;172;139;473;645;665;330;343;403;596;490
1,2606,2657,1,0,1,16,4,65;72;265;84;53;188;260;217;561;733;868;418;620;491;679;617
1,2594,2660,1,1,0,16,5,86;84;277;96;65;200;272;217;573;745;880;430;632;503;679;629
1,2635,2906,1,1,1,16,9,45;43;236;55;24;159;231;198;532;704;665;389;591;462;655;588
1,2623,2902,1,0,1,16,8,57;55;248;67;36;171;243;210;544;716;851;401;603;474;667;600
1,2545,2612,1,0,0,15,1,135;133;326;138;114;249;321;217;622;794;908;453;681;552;745
0,2541,2601,1,0,0,15,0,139;137;330;138;118;253;325;217;626;798;908;453;685;556;749
1,2559,2611,1,1,0,15,2,120;119;312;131;100;235;307;217;608;780;908;453;667;538;679
1,2550,2838,1,0,1,15,11,130;128;321;138;109;244;316;217;617;789;908;453;676;547;679
1,2909,3184,1,3,0,10,8,258;430;493;89;297;1;381;193;274;628
1,2940,2996,1,4,0,10,3,227;399;493;84;286;1;350;193;243;407
1,2945,3200,1,2,0,10,5,222;394;493;79;281;1;345;193;238;407
1,2964,3015,1,1,0,10,3,203;375;493;60;262;1;326;193;219;374
1,2869,2957,1,2,0,9,1,2;298;470;493;155;343;228;421;193
1,2880,2941,1,2,0,9,1,287;459;493;89;343;217;410;193;303
1,2898,2955,1,2,0,9,1,269;439;493;89;328;199;392;193;285
1,2905,3149,1,5,1,9,6,262;434;493;89;297;192;385;193;278
1,2817,3024,1,1,0,11,3,54;49;16;312;522;538;207;343;280;473;406
1,2833,2921,1,1,0,11,2,38;33;0;312;506;528;191;343;264;457;390
1,2841,3093,1,0,1,10,7,19;25;312;498;528;183;343;256;449;382
1,2868,2957,1,1,0,9,3,3;299;471;528;156;343;229;422;193
1,2782,2989,1,0,0,12,4,89;12;84;51;373;557;664;242;343;315;508;441
1,2783,2871,1,0,0,12,2,88;11;83;50;373;556;545;241;343;314;507;440
1,2799,2878,1,0,0,11,2,72;67;34;312;540;545;225;343;298;491;424
1,2808,3065,1,1,1,11,6,63;58;25;312;531;545;216;343;289;479;415
1,1318,1546,1,1,0,15,7,33;115;331;317;170;165;527;101;474;471;512;858;559;985;741
1,1297,1347,1,0,0,14,1,54;136;352;339;191;186;548;122;474;492;523;858;580;1006
1,1291,1563,1,0,1,14,9,60;142;358;345;197;192;554;128;474;498;538;875;586;1012
1,1291,1378,1,1,0,14,3,60;142;358;345;197;192;554;128;474;498;538;858;586;1012
1,1367,1619,1,1,1,17,10,66;282;269;121;116;478;52;438;422;463;858;510;936;566;536;556;809
1,1348,1413,1,0,0,16,2,3;85;301;288;140;135;490;71;457;441;482;858;529;955;566;555
1,1331,1404,1,0,0,16,2,20;102;318;305;157;152;514;88;474;458;499;858;546;972;566;572
1,1322,1385,1,0,0,15,1,29;111;327;314;166;161;523;97;474;467;508;858;555;981;566
1,1219,1305,1,0,0,12,2,132;52;214;430;388;269;264;612;200;586;570;588
1,1214,1297,1,0,0,12,3,137;57;219;435;388;274;269;612;205;591;575;616
1,1208,1261,1,1,0,12,2,143;63;225;441;388;280;275;637;211;597;581;620
1,1194,1262,1,0,0,13,1,8;157;77;239;455;442;294;289;651;225;611;595;620
1,1277,1519,1,1,1,13,9,74;156;372;359;211;206;568;142;474;512;538;992;600
1,1253,1330,1,0,0,13,3,98;18;180;396;383;235;230;592;166;474;536;549;1016
1,1248,1327,1,0,0,13,3,103;23;185;401;388;240;235;595;171;474;541;582;1021
1,1228,1526,1,0,1,12,11,123;43;205;421;388;260;255;595;191;577;561;588
1,1520,1584,1,0,0,15,3,129;116;325;285;269;310;737;252;704;539;383;403;656;408;619
1,1529,1580,1,0,0,15,1,120;107;316;276;260;301;737;252;704;530;374;394;647;351;610
1,1509,1582,1,0,0,15,2,140;127;336;296;280;321;760;252;704;550;394;414;667;419;630
1,1516,1597,1,0,0,15,2,133;120;329;289;273;314;753;252;704;543;387;407;660;412;623
1,1554,1806,1,0,1,15,10,95;82;291;251;235;276;715;252;704;505;349;369;622;351;585
1,1564,1640,1,0,0,15,3,85;72;281;241;225;266;705;252;704;495;339;359;612;351;422
1,1533,1591,1,0,0,15,1,116;88;312;272;256;297;736;252;704;526;370;390;643;351;606
1,1540,1598,1,0,0,15,3,109;88;305;265;249;290;729;252;704;519;363;383;636;351;599
1,1389,1443,1,1,0,17,2,44;260;226;99;94;456;30;416;400;420;858;488;914;564;514;534;787
1,1447,1505,1,0,0,16,2,202;189;41;36;398;358;342;383;822;430;856;564;456;476;729;481
1,1374,1452,1,1,1,17,5,59;275;262;114;109;471;45;431;415;456;858;503;929;564;529;549;802
1,1388,1463,1,1,0,17,2,45;261;248;100;95;457;31;417;401;420;858;489;915;564;515;535;788
1,1497,1553,1,0,0,14,2,152;139;348;308;292;333;772;380;704;562;406;426;679;431
1,1502,1793,1,1,1,14,13,147;134;343;303;287;328;761;375;704;557;401;421;674;426
1,1455,1529,1,0,0,16,2,194;181;33;28;390;350;334;375;814;422;848;564;448;468;721;473
1,1489,1777,1,1,1,14,10,160;147;356;316;300;341;780;388;814;564;414;434;687;439
1,1773,1860,1,1,0,17,2,72;5;16;57;496;104;530;157;130;150;403;43;366;666;761;828;429
0,1767,1829,1,0,0,17,0,78;5;22;63;502;110;536;157;136;156;409;43;372;672;767;828;435
0,1803,1860,1,2,0,17,0,42;2;27;466;74;500;157;100;120;373;43;336;636;731;817;399;531
1,1796,1869,1,1,0,17,1,49;5;34;473;81;507;157;107;127;380;43;343;643;738;823;406;538
1,1820,2041,1,0,1,16,5,25;10;449;57;483;157;83;103;356;43;319;562;714;817;382;514
1,1818,2097,1,2,1,16,3,27;12;451;59;485;157;85;105;358;43;321;621;716;817;384;516
1,1857,1934,1,1,0,15,4,412;20;446;157;46;66;319;43;282;562;544;817;345;477;681
0,1832,1898,1,1,0,16,0,13;437;45;471;157;71;91;344;43;307;562;544;817;370;502;706
1,1688,1928,1,0,1,16,10,157;117;101;142;581;189;615;371;215;235;488;240;422;751;846;992
1,1602,1674,1,0,0,15,3,47;34;243;203;187;228;667;252;701;443;301;321;574;326;422
1,1701,1903,1,0,0,16,4,144;104;88;129;568;176;602;358;202;222;475;88;422;738;833;846
1,1693,1982,1,1,1,16,5,152;112;96;137;576;184;610;366;210;230;483;88;422;746;841;987
1,1723,1800,1,1,0,16,6,122;82;66;107;546;154;580;157;180;200;453;43;416;716;811;846
1,1705,1771,1,1,0,16,6,140;100;84;125;564;172;598;157;198;218;471;88;422;734;829;846
1,1746,1819,1,1,0,16,1,99;59;43;84;523;131;557;157;157;177;430;43;393;693;786;828
1,1738,1825,1,0,0,16,1,107;67;51;92;531;139;565;157;165;185;438;43;401;701;786;846
1,2026,2111,1,1,0,19,1,243;277;33;150;113;396;508;654;176;308;512;471;652;743;664;422;633;436;768
1,2043,2105,1,0,0,19,3,226;260;16;133;96;396;441;637;159;291;495;454;635;743;647;405;616;419;751
1,2050,2131,1,0,0,19,4,219;240;9;126;89;389;441;630;152;284;488;447;628;743;640;398;609;412;744
1,2082,2161,1,1,0,18,3,187;221;94;57;357;441;598;120;252;456;415;596;743;608;366;577;380;712
1,2097,2169,1,1,0,19,1,172;206;79;42;342;437;583;105;237;441;400;581;743;593;351;562;365;697;769
1,2109,2183,1,1,0,19,3,160;194;67;30;330;425;571;93;225;429;388;569;743;581;339;550;353;685;757
1,2113,2340,1,1,1,19,11,156;190;63;26;325;421;567;89;221;425;384;565;743;577;335;546;349;681;753
1,2125,2214,1,0,1,19,4,144;178;51;14;314;409;555;77;209;413;372;553;743;565;323;534;337;669;644
1,1875,1928,1,1,0,16,2,394;2;428;157;28;48;301;43;264;562;544;805;327;459;663;622
1,1887,1965,1,0,0,16,1,382;416;157;16;36;289;41;252;514;544;793;315;447;651;610;791
1,1913,1993,1,1,0,17,3,356;390;124;10;263;15;226;514;544;767;289;421;625;584;765;958;777
1,1916,1999,1,1,0,17,2,353;368;124;7;260;12;223;514;544;764;286;418;622;581;762;955;774
1,1931,2010,1,0,0,16,3,338;368;124;245;208;508;544;749;271;403;607;566;747;940;692;517
1,1939,2019,1,0,0,18,3,330;364;120;237;200;500;544;741;263;395;599;558;725;932;692;509;720;523
1,1968,2244,1,1,1,18,15,301;335;91;208;171;471;544;712;234;366;570;529;710;903;692;480;691;494
1,2021,2081,1,0,0,19,3,248;282;38;155;118;418;513;659;181;313;517;476;657;743;669;427;638;441;773
1,583,661,1,1,0,16,6,243;360;78;393;371;337;125;370;434;528;413;586;768;571;688;850
0,589,643,1,0,0,16,0,237;354;72;387;365;331;119;364;428;528;407;580;762;565;682;844
1,559,858,1,0,1,15,13,267;384;102;417;395;361;149;394;458;528;437;610;792;595;712
0,560,631,1,0,0,15,0,266;383;101;416;394;360;148;393;457;528;436;594;791;594;711
1,513,569,1,1,0,16,4,313;430;148;16;463;441;407;195;440;504;528;483;656;837;641;758
1,522,601,1,0,0,16,4,304;421;139;7;454;432;398;186;431;495;528;474;647;829;605;749
1,466,546,1,0,0,15,3,360;10;477;195;63;510;488;454;242;487;551;528;530;685;885
1,481,543,1,0,0,14,2,345;462;180;48;495;473;439;227;472;536;528;515;685;870
1,669,952,1,0,1,15,11,157;274;307;285;251;39;263;348;528;327;500;682;485;576;764
1,687,751,1,0,0,15,1,139;256;289;267;233;21;263;330;515;309;482;490;467;576;746
1,635,709,1,0,0,16,4,191;308;24;341;319;285;73;308;382;528;361;534;716;519;636;798
1,642,712,1,0,0,16,3,184;301;19;334;312;278;66;263;375;528;354;527;709;512;629;791
1,627,678,1,0,1,16,6,199;316;34;349;327;293;81;326;390;528;369;542;724;527;644;806
1,629,679,1,0,0,16,4,197;314;24;347;325;291;79;324;388;528;367;540;722;525;642;804
1,598,677,1,0,0,16,6,228;345;63;378;356;322;110;355;419;528;398;571;753;556;673;835
1,602,670,1,0,0,16,4,224;341;46;374;352;318;106;351;415;528;394;567;749;552;669;831
1,771,1043,1,0,0,15,7,55;172;205;183;149;182;246;431;132;189;490;383;500;662;878
1,761,1058,1,0,0,14,6,65;182;215;193;159;192;256;441;132;408;490;393;510;672
1,732,936,1,0,0,14,7,94;206;244;222;185;200;285;470;264;437;490;422;539;701
1,728,795,1,0,0,14,4,98;206;248;226;185;225;289;474;268;441;490;425;543;705
1,726,788,1,0,0,14,4,100;217;250;228;185;227;291;476;270;443;490;425;545;707
1,701,751,1,1,0,15,4,125;242;275;253;219;7;252;316;493;295;467;490;425;570;732
1,697,750,1,1,0,15,4,129;246;279;257;223;11;256;320;493;299;467;490;457;574;736
1,687,767,1,0,0,15,5,139;256;289;267;233;21;263;330;493;309;482;490;467;576;746
1,827,916,1,1,0,16,4,116;149;127;93;126;190;375;132;189;294;327;444;606;643;809;628
1,827,878,1,0,0,16,1,116;149;127;93;126;179;375;132;189;294;327;444;606;643;809;628
1,825,888,1,1,0,17,2,1;118;151;129;95;128;192;377;132;189;294;329;446;608;643;811;663
1,800,864,1,1,0,17,2,26;143;176;145;111;153;217;402;132;189;294;354;471;633;643;836;688
1,797,869,1,0,0,17,4,29;146;179;157;111;156;220;405;132;189;294;357;474;636;643;839;691
1,794,872,1,0,1,15,4,32;149;182;160;111;159;223;408;132;189;294;360;477;639;643
1,792,1081,1,0,1,15,7,34;151;184;162;111;161;225;410;132;189;490;362;479;641;643
1,787,868,1,0,0,15,4,39;156;189;167;133;166;230;415;132;189;490;367;484;646;643
1,876,938,1,0,0,18,2,67;100;78;44;77;141;326;120;189;294;278;395;557;643;760;611;607;835
1,881,1120,1,1,0,18,8,62;95;73;39;72;136;321;115;189;294;273;390;552;643;755;595;602;835
1,891,973,1,1,0,18,2,52;85;63;29;62;126;311;105;189;294;263;380;542;643;603;595;592;835
1,899,953,1,0,0,18,3,44;77;55;21;54;118;303;97;189;294;255;372;534;643;603;562;584;835
1,848,900,1,1,0,18,2,95;128;106;72;105;169;354;132;189;294;306;423;585;643;788;628;635;997
1,852,921,1,0,0,18,5,91;124;102;68;101;165;350;132;189;294;302;419;581;643;784;611;631;993
1,860,941,1,1,0,18,5,83;116;94;60;90;157;342;132;189;294;294;411;573;643;776;611;623;985
1,870,1082,1,1,1,18,7,73;106;84;50;83;147;332;126;189;294;284;401;563;643;766;611;613;975
1,974,1219,1,0,0,15,7,2;43;228;16;189;294;180;297;459;642;603;514;509;830;445
1,983,1044,1,0,0,14,2,34;219;13;186;294;171;288;450;642;603;505;310;830;436
1,991,1076,1,1,0,14,3,26;211;5;178;294;163;280;442;642;603;497;310;821;428
1,1005,1087,1,1,0,13,3,12;197;164;294;149;266;428;642;603;483;310;821;351
1,933,1021,1,1,0,17,2,10;43;21;20;84;269;63;189;294;221;338;500;643;603;555;550;835
1,945,1240,1,0,1,17,7,31;9;8;72;257;51;189;294;209;326;488;643;603;543;538;835;474
1,951,1035,1,1,0,17,4,25;3;2;66;251;45;189;294;203;320;482;643;603;537;532;830;468
1,972,1037,1,1,0,15,2,4;45;230;24;189;294;182;299;461;642;603;516;511;830;447
1,1045,1115,1,1,0,13,2,153;124;289;109;226;388;604;591;443;310;786;351;760
1,1041,1092,1,0,0,13,2,153;128;289;113;230;392;608;595;447;310;804;351;764
1,1054,1112,1,1,0,13,2,148;115;289;100;217;379;595;569;403;310;786;351;751
1,1051,1101,1,0,1,13,2,151;118;289;103;220;382;598;585;403;310;786;351;754
0,1030,1108,1,1,0,13,0,172;139;289;124;235;403;619;603;458;310;815;351;775
1,1017,1101,1,0,0,14,3,0;185;152;294;137;235;416;632;603;471;310;821;351;788
1,1038,1097,1,0,0,13,3,153;131;289;116;233;395;611;598;450;310;807;351;767
1,1035,1096,1,0,0,13,2,167;134;289;119;235;398;614;601;453;310;810;351;770
1,1138,1222,1,1,0,15,2,64;31;213;16;133;295;511;498;350;305;707;281;667;651;692
1,1108,1177,1,0,0,15,4,94;61;243;46;163;325;541;504;380;310;723;311;697;681;722
1,1154,1243,1,1,0,15,4,48;15;197;0;117;279;495;482;334;291;684;265;651;635;676
1,1152,1216,1,1,0,15,3,50;17;199;2;119;281;497;484;336;305;684;267;653;637;678
1,1059,1115,1,1,0,13,3,143;110;289;95;212;374;590;560;403;310;760;351;746
1,1057,1129,1,0,0,13,2,145;112;289;97;214;376;592;560;403;310;786;351;748
1,1106,1184,1,1,0,15,2,96;63;245;48;165;327;543;530;382;310;723;313;699;683;724
1,1093,1159,1,1,0,13,2,109;76;258;61;178;340;556;543;395;310;752;326;712
1,26,95,1,0,0,7,1,800;128;144;30;450;69;421
0,41,94,1,0,0,10,0,785;113;129;15;435;54;354;902;620;488
1,45,97,1,0,0,10,1,781;109;125;11;431;50;354;898;616;484
1,48,112,1,0,0,10,1,778;106;90;8;428;47;354;895;613;481
0,67,153,1,0,0,9,0,759;87;90;409;28;342;876;594;462
1,110,325,1,0,0,9,5,716;44;60;366;337;833;551;419;866
1,112,164,1,0,0,9,1,714;42;58;364;335;831;549;417;702
1,115,199,1,1,0,10,1,711;39;55;361;322;828;546;414;702;839
1,155,452,1,1,1,9,8,664;15;321;292;788;506;374;702;799
1,130,213,1,0,0,10,1,696;24;40;346;317;813;531;399;702;824
1,177,252,1,1,0,8,1,649;299;270;590;484;352;702;529
1,168,376,1,0,0,9,3,658;2;308;279;775;493;361;702;529
1,209,265,1,0,0,11,2,617;267;238;590;452;320;702;529;711;499;744
0,194,280,1,1,0,10,0,632;282;253;590;467;335;702;529;726;514
1,214,264,1,2,0,11,1,612;262;233;590;447;315;675;529;706;494;739
1,212,282,1,1,0,11,3,614;264;235;590;449;317;701;529;708;496;741
1,256,337,1,1,1,13,4,570;220;191;590;405;273;657;529;664;452;697;761;946
1,255,314,1,1,0,13,2,571;221;192;590;406;274;675;529;665;453;698;762;947
1,263,557,1,1,1,13,11,563;213;184;590;398;266;657;529;657;445;663;754;939
1,257,333,1,2,0,13,3,569;219;190;590;404;272;657;529;663;451;675;760;945
1,351,595,1,0,1,15,12,475;125;96;590;234;178;625;529;569;357;602;604;851;645;818
1,349,433,1,0,1,15,5,477;127;98;590;312;180;627;529;571;359;604;604;853;647;820
1,460,675,1,0,0,15,7,366;16;483;201;69;516;494;460;248;493;557;742;536;685;891
0,374,455,1,0,0,15,0,452;102;73;569;234;155;602;529;546;334;579;604;828;622;685
0,10696,10763,1,0,0,11,0,116;41;65;411;126;163;473;668;661;713;651
0,10692,10750,1,0,0,11,0,120;45;65;415;130;167;477;668;661;717;651
1,10734,10963,1,0,1,11,5,65;3;29;373;88;125;435;668;644;675;651
1,10728,10797,1,0,0,11,4,84;9;35;379;94;131;441;668;650;681;651
1,10761,10822,1,0,0,10,3,51;2;346;61;98;408;483;617;648;632
1,10752,10839,1,1,0,10,1,60;11;355;70;107;417;569;626;657;641
1,10801,10857,1,0,0,10,3,11;306;21;58;368;483;545;608;592;682
1,10778,10844,1,0,0,9,3,34;329;44;81;391;483;600;629;615
1,10550,10827,1,0,1,14,8,11;70;58;262;187;213;557;272;301;22;607;866;661;859
1,10548,10809,1,0,1,14,9,13;72;60;264;189;215;559;274;301;24;607;868;830;861
1,10606,10667,1,0,0,12,3,14;2;206;131;157;501;216;253;563;810;661;775
1,10573,10629,1,0,0,12,1,47;35;239;164;190;534;249;286;596;843;661;775
1,10653,10712,1,1,0,11,1,159;84;65;454;169;206;516;763;661;756;740
1,10627,10706,1,1,0,11,3,185;110;113;480;195;232;542;789;661;775;766
1,10687,10911,1,0,1,11,5,125;50;65;420;135;172;482;728;661;722;651
1,10680,10766,1,0,0,11,1,132;57;65;427;142;179;489;728;661;729;713
1,11000,11079,1,0,0,12,4,107;169;416;378;409;393;483;837;875;316;606;520
1,11001,11073,1,0,0,12,3,106;168;415;377;408;392;482;836;874;315;605;519
1,11009,11065,1,0,0,13,3,98;160;407;369;400;384;474;828;819;307;597;511;817
0,11019,11101,1,0,0,13,0,88;150;397;359;390;374;464;818;819;297;582;501;807
1,11031,11115,1,0,1,14,4,76;138;385;347;378;362;452;806;819;285;575;489;795;659
0,11052,11105,1,1,0,14,0,55;117;364;326;357;341;431;785;819;264;554;468;774;638
1,11072,11361,1,0,1,14,10,35;97;344;306;337;321;411;765;803;244;534;448;754;618
1,11091,11164,1,0,0,14,4,16;78;325;287;318;302;392;746;784;225;271;429;735;599
1,10804,10883,1,1,0,10,3,8;303;18;55;365;483;545;593;589;679
1,10806,10886,1,0,0,10,2,6;301;16;53;363;483;545;550;587;677
1,10827,10885,1,0,0,8,1,280;32;342;483;530;550;566;656
1,10830,10886,1,0,0,8,1,228;29;339;483;530;550;563;653
1,10849,11110,1,0,0,8,3,225;10;320;483;529;550;544;634
1,10921,10973,1,0,0,10,3,186;248;483;457;488;472;562;916;954;395
1,10938,11195,1,0,0,11,8,169;231;466;440;471;455;545;899;937;378;668
1,10978,11050,1,0,0,12,4,129;191;438;400;431;415;505;859;897;338;628;542
1,10185,10256,1,0,0,16,2,147;120;376;189;169;293;361;63;435;423;627;483;286;578;922;637
1,10175,10231,1,0,1,14,3,157;130;386;199;179;303;371;63;445;433;637;483;296;588
1,10174,10447,1,0,1,14,10,158;131;387;200;180;304;372;63;446;434;638;509;297;589
1,10169,10462,1,0,1,14,10,163;136;392;205;185;309;377;354;451;439;643;509;302;594
1,10260,10343,1,0,0,17,5,72;45;301;114;94;218;286;63;360;348;552;477;211;503;693;562;198
1,10249,10304,1,0,0,16,3,83;55;312;125;105;229;297;63;371;359;563;483;222;514;693;573
1,10246,10451,1,0,1,16,7,86;55;315;128;108;232;300;63;374;362;566;483;225;517;861;576
1,10245,10327,1,0,0,16,3,87;60;316;129;109;233;301;63;375;363;567;483;226;518;862;577
1,10039,10102,1,0,0,16,4,116;63;293;36;266;522;335;315;439;507;484;548;569;773;509;432
1,10030,10256,1,0,0,16,7,125;72;302;45;275;531;344;324;448;516;493;548;578;782;707;441
1,10009,10064,1,0,0,17,3,11;146;93;323;66;296;552;365;345;469;537;514;548;582;803;724;445
1,9993,10289,1,0,1,17,11,27;151;109;339;82;312;568;381;361;485;553;530;548;582;819;724;445
1,10076,10138,1,1,0,16,4,79;26;256;213;485;298;278;402;461;447;544;532;736;509;395;687
1,10064,10144,1,0,0,16,3,91;38;268;11;213;497;310;290;414;482;459;548;544;748;509;407
1,10055,10141,1,0,0,16,3,100;47;277;20;250;506;319;299;423;491;468;548;553;757;509;407
1,10054,10142,1,0,0,16,3,101;48;278;21;251;507;320;300;424;492;469;548;554;758;509;417
1,10399,10468,1,1,0,14,6,162;79;147;63;208;168;413;338;72;364;686;423;59;314
0,10406,10475,1,1,0,14,0,155;72;140;63;208;168;406;331;65;350;686;416;52;314
1,10387,10464,1,1,0,14,2,174;91;159;63;232;168;425;350;84;376;686;435;71;314
1,10387,10437,1,0,0,14,3,174;91;159;63;232;168;425;350;84;376;686;435;71;314
1,10530,10591,1,0,0,15,1,31;16;90;78;282;207;233;577;292;314;42;607;886;848;879
1,10540,10609,1,1,0,15,4,21;6;80;66;272;197;223;567;282;314;32;607;876;838;869
1,10432,10715,1,1,0,14,8,129;46;114;63;188;168;380;305;39;331;675;390;26;314
1,10456,10741,1,0,1,17,9,105;22;90;63;164;152;356;281;15;307;651;366;2;314;116;713;960
1,10293,10366,1,0,0,18,4,39;12;268;81;61;185;253;63;327;168;519;444;178;423;693;529;165;566
1,10322,10378,1,1,0,17,4,10;239;52;32;156;224;63;298;168;490;415;149;423;693;500;136;537
1,10261,10538,1,1,0,17,9,71;44;300;113;93;217;285;63;359;347;551;476;210;423;693;561;197
1,10262,10536,1,0,1,17,10,70;43;299;112;92;216;284;63;358;168;550;475;209;423;693;560;196
1,10369,10660,1,0,1,15,7,192;5;109;177;63;232;168;443;368;102;394;686;453;89;490
0,10383,10444,1,1,0,14,0,178;95;163;63;232;168;429;354;88;380;686;439;75;314
1,10355,10612,1,0,0,15,7,206;19;123;191;63;265;168;457;382;116;408;693;467;103;504
1,10358,10588,1,0,0,15,8,203;16;120;188;63;232;168;454;379;113;405;693;464;100;501
1,9734,9814,1,2,0,18,1,42;286;20;421;143;244;97;157;304;598;323;103;209;565;757;640;512;715
1,9729,10024,1,3,1,19,8,47;291;25;426;148;249;102;162;2;304;603;323;108;214;565;757;645;625;749
1,9760,10025,1,2,1,18,10,16;208;395;117;218;71;131;304;572;315;77;183;545;757;614;512;715;728
1,9741,9829,1,2,1,19,5,35;208;13;414;136;237;90;150;304;591;323;96;202;564;757;633;512;715;805
1,9724,9782,1,0,0,19,2,52;296;30;431;153;254;107;167;7;304;608;323;113;219;581;763;650;630;754
1,9723,9800,1,0,0,19,4,53;297;31;432;154;255;108;168;8;304;609;323;114;220;582;787;651;631;755
1,9729,9781,1,2,0,19,4,47;291;25;426;148;249;102;162;2;304;603;323;108;214;565;757;645;512;749
1,9725,9811,1,1,0,19,4,51;295;29;430;152;253;106;166;6;304;607;323;112;218;565;763;649;629;753
1,9680,9747,1,0,1,17,3,96;340;74;457;197;298;151;211;51;304;609;323;157;263;625;881;694
1,9673,9749,1,0,0,17,3,102;347;81;482;204;305;158;218;58;304;609;323;164;270;632;888;701
1,9704,9782,1,0,0,18,4,72;316;50;451;173;274;127;187;27;304;609;323;133;239;601;794;670;650
1,9690,9977,1,0,0,17,8,86;330;64;457;187;288;141;201;41;304;609;323;147;253;615;871;684
1,9566,9617,1,0,0,17,3,106;66;210;454;188;589;311;412;265;325;165;304;609;323;271;294;739
0,9549,9607,1,0,0,17,0,123;83;227;471;205;590;328;429;282;342;182;304;609;323;288;294;756
1,9648,9707,1,0,0,17,3,24;128;372;106;507;229;330;183;243;83;304;609;323;189;294;657;913
0,9573,9632,1,0,0,17,0,99;59;203;447;181;582;304;405;258;318;158;304;609;323;248;294;732
1,9932,10003,1,0,1,18,3,88;151;46;170;400;143;11;373;629;442;422;546;614;591;548;582;880;805
1,9943,10167,1,0,1,19,8,77;151;35;159;389;132;0;362;618;431;411;535;603;580;548;582;869;794;528
1,9978,10051,1,1,0,18,3,42;151;0;124;354;97;327;583;396;376;500;568;545;548;582;834;759;445
1,9988,10045,1,0,0,17,3,32;151;114;344;87;317;573;386;366;490;558;535;548;582;824;749;445
0,9877,9960,1,1,0,18,0,143;151;0;101;14;225;455;198;52;428;684;497;477;601;655;638;548;582
1,9878,9937,1,1,0,17,4,142;151;100;13;224;454;197;52;427;683;496;476;600;655;638;548;582
1,9883,9962,1,0,1,17,4,137;151;95;8;219;449;192;52;422;678;491;455;595;655;638;548;582
1,9894,10146,1,0,1,17,9,126;151;77;208;438;181;49;411;667;480;455;584;652;629;548;582;918
1,9814,9903,1,0,0,19,5,206;151;63;164;17;77;260;518;261;23;129;491;747;560;512;664;686;709;548
1,9840,9896,1,0,0,18,4,180;151;37;138;51;260;492;235;103;465;721;534;512;638;686;638;548;768
1,9852,10089,1,0,0,18,9,168;151;25;126;39;250;480;223;52;453;709;522;502;626;686;638;548;756
1,9866,10087,1,0,1,18,6,154;151;11;112;25;236;466;209;52;439;695;508;488;612;680;638;548;582
1,9779,9843,1,0,0,18,3,208;151;98;199;52;112;304;553;296;58;164;526;757;595;512;699;728;744
1,9781,9866,1,1,0,18,3,208;151;96;197;50;110;304;551;294;56;162;524;757;593;512;697;708;742
1,9791,10076,1,0,0,18,9,208;151;86;187;40;100;304;541;284;46;152;514;757;583;512;687;686;732
1,9798,10073,1,1,0,19,8,208;151;79;180;33;93;260;534;277;39;145;507;757;576;512;680;686;725;822
1,9230,9471,1,0,0,19,7,67;27;36;114;181;32;429;59;184;248;402;546;790;524;925;625;748;601;661
1,9220,9284,1,1,0,18,3,77;41;46;124;191;42;429;69;194;258;412;556;800;534;935;625;758;611
1,9209,9284,1,0,0,18,3,88;52;57;135;202;53;463;80;205;269;423;567;811;545;935;625;769;622
1,9187,9265,1,0,0,18,3,110;74;79;157;224;75;485;102;218;291;445;589;833;567;935;690;791;644
1,9158,9221,1,0,0,18,3,139;22;103;108;186;253;104;514;131;218;320;474;605;862;583;997;719;820
1,9143,9229,1,0,1,18,5,154;37;118;123;201;268;119;529;146;218;335;489;605;871;590;1012;734;835
1,9114,9191,1,0,0,15,4,183;66;147;152;230;297;148;558;175;218;364;518;605;871;611
1,9111,9170,1,0,0,15,2,186;69;150;155;233;300;151;561;178;218;367;521;605;909;611
1,9099,9182,1,0,1,15,2,198;81;162;167;245;312;163;573;190;218;379;533;677;921;611
1,9098,9154,1,0,0,15,4,199;82;163;168;246;313;164;574;191;218;380;534;678;922;656
1,9025,9114,1,0,1,13,3,272;155;236;241;319;375;237;647;264;218;453;538;751
1,8992,9079,1,0,0,12,1,305;188;244;274;352;375;270;680;297;218;474;538
1,8985,9069,1,0,0,12,2,312;195;244;281;359;375;277;687;304;218;474;587
1,8983,9230,1,0,1,12,7,314;197;244;283;361;375;279;689;306;431;474;587
1,8977,9181,1,0,0,12,7,320;203;280;289;367;375;285;695;312;437;474;655
1,8977,9059,1,0,1,12,1,320;203;280;289;367;375;285;695;312;437;474;587
1,9529,9579,1,0,0,17,2,143;103;247;491;225;626;348;449;302;362;202;304;803;323;308;294;776
1,9539,9756,1,0,0,17,7,133;93;237;481;215;590;338;439;292;352;192;304;793;323;298;294;766
1,9495,9736,1,1,1,17,10,177;121;281;525;259;660;382;483;336;396;236;607;837;323;342;448;810
1,9507,9804,1,1,1,17,10,165;121;269;513;247;648;370;471;324;384;224;595;825;323;330;294;798
1,9467,9525,1,0,0,18,3,205;11;165;309;553;287;688;410;511;364;408;264;635;865;608;370;476;838
1,9481,9764,1,0,1,17,10,191;121;295;539;273;674;396;497;350;408;250;621;851;594;356;462;824
1,9427,9511,1,1,0,17,1,245;51;205;349;593;327;728;450;551;404;464;304;648;905;648;410;516
1,9451,9511,1,1,0,17,3,206;27;181;325;569;303;704;426;527;380;440;280;648;881;624;386;492
1,9380,9612,1,0,0,16,4,31;292;34;98;252;396;625;374;775;497;598;451;511;351;722;952
0,9406,9459,1,1,0,19,0,5;266;8;72;226;370;614;348;749;471;572;425;476;325;648;926;669;431;537
0,9371,9443,1,0,0,16,0,40;301;43;107;261;405;625;383;784;506;607;460;520;360;723;961
1,9380,9468,1,1,0,16,5,31;292;34;98;252;396;625;374;775;497;598;451;476;351;722;952
1,9349,9438,1,0,0,15,3,62;323;65;129;283;427;671;405;795;528;629;482;542;382;753
1,9363,9435,1,0,0,16,3,48;309;51;115;269;413;657;391;792;514;615;468;528;368;723;969
1,9235,9316,1,0,0,19,1,62;26;31;109;176;27;429;54;179;243;397;541;768;519;920;625;743;596;656
1,9334,9562,1,1,0,16,4,10;77;338;80;144;298;442;686;420;821;543;644;497;557;397;768
1,8350,8617,1,0,0,14,8,113;235;164;171;136;327;417;311;382;235;947;390;494;830
1,8354,8583,1,0,0,14,5,113;231;160;167;132;323;413;73;382;235;943;390;494;826
1,8403,8459,1,0,1,15,3,69;182;111;118;19;274;364;73;341;218;894;390;448;777;858
1,8411,8470,1,0,0,15,1,61;174;103;110;19;266;356;73;333;210;886;390;440;769;850
1,8452,8524,1,0,0,15,4,20;133;62;69;19;225;315;68;292;169;845;381;399;728;809
1,8457,8519,1,0,0,15,1,15;128;57;64;19;220;310;68;287;164;840;376;394;723;773
1,8458,8546,1,0,0,15,4,14;127;56;63;19;219;309;68;286;156;839;375;393;722;773
1,8482,8567,1,0,0,15,4,103;32;39;4;195;285;68;262;139;815;351;369;662;773;784
1,8493,8547,1,1,0,14,3,92;21;28;184;274;68;251;128;804;340;358;662;744;773
1,8504,8564,1,0,0,14,4,81;10;17;173;263;68;240;117;793;329;347;662;744;762
1,8548,8606,1,0,1,13,4,37;129;219;68;196;73;749;285;303;632;713;718;796
1,8552,8605,1,0,0,13,3,33;125;215;68;192;69;738;281;299;628;709;714;792
1,8555,8625,1,1,0,13,3,30;75;212;68;189;66;738;278;296;625;706;711;789
1,8569,8654,1,0,0,13,2,16;75;198;68;175;52;728;264;282;611;692;697;775
1,8574,8652,1,0,0,13,2,11;75;193;68;170;47;723;259;277;606;687;621;770
1,8578,8653,1,0,0,13,4,7;75;189;68;166;43;719;244;273;602;683;621;766
1,8691,8778,1,0,0,11,2,76;53;606;142;160;489;570;575;653;720;571
1,8588,8672,1,0,0,12,2,75;179;68;156;33;709;244;263;592;670;621;756
1,8700,8787,1,0,1,11,4,67;44;349;133;151;452;561;566;644;711;562
1,8692,8956,1,0,1,11,6,75;52;605;141;159;452;569;574;652;719;570
1,8732,8785,1,0,0,12,2,35;12;349;101;119;448;529;534;612;635;530;940
1,8708,8784,1,0,1,12,2,59;36;349;125;143;452;553;558;636;635;554;964
1,8768,8833,1,0,0,10,1,349;65;83;412;493;479;576;635;494;904
1,8760,8818,1,0,0,11,1,7;349;73;91;419;501;506;584;635;502;912
1,8812,8870,1,0,0,10,1,349;21;39;368;449;454;532;375;450;860
1,8769,9054,1,1,0,10,5,349;64;82;411;492;471;575;635;493;903
1,8870,8942,1,0,0,9,1,349;310;391;396;474;375;392;802;419
1,8841,8893,1,0,0,10,1,349;10;339;420;425;503;375;421;831;448
1,8932,8986,1,0,1,11,1,349;248;329;333;412;375;330;740;357;482;546
1,8909,8986,1,0,0,10,1,349;271;352;357;435;375;353;763;380;505
1,8948,9001,1,0,1,12,1,349;232;313;318;396;375;314;724;341;466;474;684
1,8936,9021,1,1,0,12,3,349;244;317;330;408;375;326;736;353;478;542;696
1,7722,7930,1,0,1,8,2,111;483;297;201;750;411;488;764
1,7730,7970,1,1,1,8,3,103;475;297;193;610;403;480;764
1,7679,7765,1,0,0,10,2,41;154;526;11;297;244;793;454;531;768
1,7707,7952,1,0,1,9,4,13;126;498;297;216;765;426;503;768
1,7867,7920,1,1,0,9,3,259;285;56;596;266;343;718;647;654
1,7886,7939,1,0,0,9,1,259;266;37;586;247;324;689;628;635
1,7735,7792,1,0,0,8,1,98;259;297;188;610;398;475;764
1,7778,7851,1,0,1,10,2,55;259;297;145;596;355;432;764;736;743
1,7929,8009,1,1,0,10,1,259;223;543;180;281;656;366;592;557;748
1,7945,8150,1,0,0,10,4,259;207;527;129;265;640;366;576;541;732
1,7913,7965,1,0,0,11,1,259;239;10;559;208;297;672;601;608;573;764
1,7922,8157,1,1,0,11,4,259;230;1;550;180;288;663;592;599;564;755
1,7992,8049,1,0,1,10,1,213;160;480;129;218;593;366;529;494;547
1,8041,8112,1,1,0,12,2,164;111;431;92;169;544;366;480;445;547;726;620
0,7958,8025,1,0,0,10,0,247;194;514;129;252;627;366;563;528;547
0,7979,8042,1,0,0,10,0,226;173;493;129;231;606;366;542;507;547
0,8112,8175,1,1,0,14,0,93;40;360;21;98;473;366;368;374;547;655;549;632;474
1,8088,8164,1,0,0,14,1,117;64;384;45;122;497;366;368;398;547;679;573;656;533
1,8082,8160,1,0,1,13,3,123;70;390;51;128;497;366;439;404;547;685;579;662
1,8050,8111,1,0,0,12,2,155;102;422;83;160;535;366;471;436;547;692;611
1,8186,8386,1,1,1,12,6,19;151;24;399;328;335;300;491;581;475;533;435
1,8178,8260,1,1,0,12,3,27;151;32;407;336;343;308;499;589;483;566;438
1,8164,8414,1,1,0,12,5,41;308;46;421;350;357;322;513;603;497;580;438
1,8145,8203,1,1,0,13,1,60;7;327;65;440;366;368;341;532;622;516;599;474
1,8243,8447,1,0,1,12,6,151;342;271;278;243;434;524;418;382;378;990;590
1,8232,8521,1,0,1,12,9,151;353;282;289;254;445;535;429;382;387;1065;601
1,8195,8261,1,0,0,13,1,10;151;15;390;319;326;291;482;572;466;382;426;1102
1,8193,8245,1,1,0,12,3,12;151;17;392;321;328;293;484;574;468;390;428
1,8343,8554,1,0,1,13,6,113;242;171;178;143;334;424;318;382;235;954;390;508
1,8341,8421,1,1,0,13,4,131;244;173;180;145;336;426;320;382;235;956;390;510
1,8340,8409,1,0,0,13,1,132;245;174;181;146;337;427;321;382;281;957;390;511
1,8277,8354,1,1,0,12,1,151;308;237;244;209;400;490;384;382;344;990;390
1,7345,7403,1,1,0,16,3,20;147;332;215;375;183;99;297;488;66;830;345;688;578;1127;788
1,7347,7432,1,1,0,16,2,18;145;330;201;373;181;97;295;486;66;830;343;688;576;1125;786
1,7358,7446,1,1,0,16,3,7;134;319;201;362;170;86;284;475;66;830;332;676;565;1114;775
1,7372,7656,1,2,1,15,9,120;305;171;348;156;72;270;461;66;830;318;676;551;1100;761
1,7303,7598,1,0,1,17,10,62;1;186;346;257;417;225;141;339;530;98;857;387;726;620;1169;830
1,7309,7569,1,1,1,16,7,56;183;346;251;411;219;135;333;524;98;857;381;726;587;1163;824
1,7317,7531,1,1,1,16,7,48;175;346;243;403;211;127;325;516;98;857;373;688;587;1155;816
1,7331,7394,1,0,0,16,1,34;161;346;229;389;197;113;311;502;98;830;359;688;587;1141;802
1,7463,7536,1,0,0,13,1,29;214;97;61;65;179;370;742;227;676;313;1009;670
1,7465,7532,1,1,0,13,1,27;212;95;61;63;177;368;740;225;656;313;1007;668
0,7470,7522,1,0,0,13,0,22;207;90;61;58;172;363;735;220;644;313;1002;663
1,7471,7559,1,0,1,13,1,21;206;89;61;57;171;362;734;219;644;313;1001;662
0,7380,7442,1,1,0,15,0,112;297;171;340;148;64;262;453;66;825;310;676;313;1092;753
1,7395,7448,1,2,0,15,2,97;282;165;325;133;49;247;438;51;810;295;676;313;1077;738
1,7400,7469,1,1,0,15,3,92;277;160;320;128;44;242;433;46;805;290;676;313;1037;733
1,7456,7719,1,1,0,13,8,36;221;104;264;72;186;377;749;234;676;313;1016;677
1,7543,7625,1,1,0,12,3,134;17;61;99;290;655;147;572;313;929;590;667
1,7534,7598,1,1,0,11,1,137;26;61;108;299;671;156;572;313;938;599
1,7587,7670,1,0,0,11,3,90;61;55;246;618;103;565;313;863;546;623
1,7577,7652,1,0,0,11,1,100;61;65;256;628;113;572;313;895;556;623
0,7509,7561,1,0,0,12,0,137;37;61;19;133;324;696;181;643;313;963;624
1,7482,7534,1,0,0,13,2,10;137;78;61;46;160;351;723;208;644;313;990;651
1,7528,7598,1,0,0,12,2,137;32;61;0;114;305;677;162;608;313;944;605
1,7524,7603,1,0,0,12,1,137;36;61;4;118;309;681;166;628;313;948;609
1,7654,7868,1,0,1,11,5,16;59;179;551;36;498;269;818;479;556;931
1,7623,7696,1,0,0,12,2,16;59;19;210;582;67;529;300;821;510;587;962
1,7668,7743,1,0,0,11,3,9;52;165;537;22;297;255;804;465;542;768
1,7659,7910,1,0,1,11,5,16;59;174;546;31;493;264;813;474;551;768
1,7606,7691,1,0,0,12,2,71;59;36;227;599;84;546;313;863;527;602;979
1,7596,7676,1,1,0,12,2,81;61;46;237;609;94;556;313;863;537;602;989
1,7619,7697,1,1,0,12,1,58;59;23;214;586;71;533;304;821;514;591;966
1,7618,7690,1,0,0,12,2,59;59;24;215;587;72;534;305;842;515;592;967
1,6834,7058,1,0,1,16,13,43;186;24;388;531;112;229;355;389;302;437;615;403;220;843;309
1,6841,6915,1,0,0,16,3,36;186;17;388;453;105;222;355;389;295;430;615;396;213;836;302
1,6810,6883,1,0,0,16,2,67;234;48;388;555;136;253;355;389;326;461;641;427;244;867;333
1,6831,6911,1,0,0,16,1,46;213;27;388;534;115;232;355;389;305;440;615;406;223;846;312
1,6807,6884,1,0,0,16,3,70;237;51;423;558;139;256;355;407;329;464;641;430;247;870;336
1,6809,6862,1,0,0,16,2,68;235;49;388;556;137;254;355;407;327;462;641;428;245;868;334
0,6729,6784,1,1,0,17,0,148;15;315;53;129;63;501;636;217;334;486;407;407;542;641;472;325
1,6794,6866,1,0,0,16,1,83;250;64;436;571;152;269;421;407;342;477;641;443;260;883;349
1,6904,6992,1,0,0,16,3,140;326;233;42;159;311;220;232;367;588;333;150;773;239;656;816
1,6922,6999,1,0,0,16,2,122;308;233;24;141;293;220;214;349;570;315;132;755;221;638;798
1,6881,7174,1,1,1,14,10,155;349;422;65;182;334;220;241;390;611;356;173;796;262
0,6882,6940,1,1,0,14,0,155;348;233;64;181;333;220;241;389;610;355;172;795;261
1,6849,6921,1,1,0,16,1,28;161;9;381;422;97;214;355;389;241;422;615;388;205;828;294
1,6880,7170,1,1,1,14,11,155;350;422;66;183;335;389;241;391;612;357;174;797;263
1,6845,6898,1,0,0,16,1,32;186;13;385;422;101;218;355;389;291;426;615;392;209;832;298
1,6846,6917,1,0,0,16,1,31;186;12;384;422;100;217;355;389;241;425;615;391;208;831;297
1,7188,7249,1,1,0,19,1,42;177;27;116;83;304;49;489;372;532;340;256;454;645;258;1017;502;964;735
1,7123,7174,1,0,0,18,4,107;233;92;181;13;148;369;114;554;20;437;597;405;321;519;710;323;1082
1,7078,7157,1,0,0,17,4,152;233;137;220;58;193;414;159;599;65;482;642;450;366;540;755;368
1,7039,7103,1,0,0,20,5,5;191;233;24;176;220;97;232;453;198;15;638;104;506;681;489;405;603;794;407
1,7014,7067,1,1,0,18,2,22;216;233;49;201;220;122;257;478;223;40;663;129;546;706;514;430;12
1,7012,7074,1,0,0,18,1,32;218;233;51;203;220;124;259;480;225;42;665;131;548;708;516;432;14
1,6942,7012,1,0,0,17,4,102;288;233;4;121;273;220;194;329;550;295;112;735;201;551;778;586
1,6935,7020,1,0,0,17,3,109;295;233;11;128;280;220;201;336;557;302;119;742;208;625;785;593
1,7300,7373,1,1,0,16,1,65;4;186;346;260;420;228;144;342;533;146;857;390;726;623;1172
1,7287,7348,1,1,0,15,1,78;17;205;346;273;433;241;157;355;546;159;857;403;726;636
1,7272,7487,1,0,0,15,5,93;32;220;346;288;448;256;172;370;561;174;867;418;726;651
1,7265,7502,1,0,1,16,9,100;39;6;227;346;295;455;263;179;377;568;181;867;425;730;658
1,7259,7526,1,1,1,16,11,106;45;12;233;418;301;461;269;185;383;574;187;867;431;730;664
1,7226,7279,1,0,0,18,1,4;139;78;45;266;11;451;334;494;302;218;416;607;212;867;464;730;697
1,7220,7488,1,0,1,18,11,10;145;84;51;272;17;457;340;500;308;224;422;613;212;867;470;932;703
1,7213,7469,1,0,1,19,11,17;152;2;91;58;279;24;464;347;507;315;231;429;620;212;992;477;939;710
1,6652,6855,1,1,0,18,8,225;92;2;392;116;206;140;578;713;294;411;563;572;484;619;840;585;402
1,6674,6740,1,0,0,17,5,203;70;370;108;184;118;556;691;272;389;541;572;462;597;641;563;380
1,6617,6700,1,0,0,19,2,17;260;16;127;37;427;116;241;175;613;748;299;446;598;572;519;654;875;620
0,6651,6714,1,0,0,18,0,226;93;3;393;116;207;141;579;714;295;412;564;572;485;620;841;586;403
1,6702,6790,1,0,0,17,3,175;23;342;80;156;90;528;654;244;361;513;572;434;569;641;535;352
1,6721,6953,1,0,1,17,10,156;23;323;61;137;71;509;644;225;342;494;572;415;550;641;472;333
1,6676,6748,1,1,0,17,5,201;25;368;106;182;116;554;689;270;387;539;572;460;595;641;561;378
1,6701,6771,1,1,0,17,2,176;23;343;81;157;91;529;664;245;362;514;572;435;570;641;536;353
1,6498,6564,1,1,1,17,3,106;379;135;246;156;546;116;100;21;323;294;732;867;448;565;717;806
1,6516,6722,1,0,1,19,9,106;361;117;228;138;528;116;82;3;323;276;678;849;430;547;699;788;620;755
1,6477,6536,1,0,0,16,3,106;400;156;267;177;567;116;121;42;381;315;753;888;469;586;738
1,6482,6543,1,0,1,17,2,106;395;151;262;172;562;116;109;37;376;310;748;883;464;581;733;822
1,6598,6658,1,1,0,20,1,36;279;35;146;56;446;116;0;260;194;632;767;348;465;617;572;538;673;894;639
1,6602,6658,1,1,0,19,2,31;275;31;142;52;442;116;256;190;628;763;344;461;613;572;534;669;890;635
1,6532,6771,1,1,1,18,11,102;345;101;212;122;512;116;66;323;260;678;833;414;531;683;592;604;739
1,6561,6625,1,1,0,19,2,73;316;72;183;93;483;116;37;297;231;669;804;385;502;654;572;575;710;931
1,6414,6472,1,0,0,16,2,8;180;463;219;330;240;612;368;184;105;425;378;816;912;532;649
1,6411,6461,1,1,1,16,3,11;223;466;222;333;243;630;371;187;108;425;381;819;912;535;652
1,6411,6492,1,1,0,16,2,11;223;466;222;333;243;612;371;187;108;425;381;819;912;535;652
1,6402,6472,1,1,0,14,3,20;232;475;231;342;252;630;380;196;117;425;390;828;912
1,6466,6536,1,0,0,16,2,168;411;167;278;188;578;116;132;53;392;326;764;899;480;597;749
1,6440,6733,1,1,1,15,10,180;437;193;300;214;578;149;158;79;418;352;790;912;506;623
1,6436,6683,1,0,1,15,9,180;441;197;300;218;578;346;162;83;422;356;794;912;510;627
1,6429,6497,1,0,0,15,3,180;448;204;300;225;612;353;169;90;425;363;801;912;517;634
1,6331,6401,1,0,0,15,4,91;3;303;546;263;413;323;46;701;451;267;188;425;461;899
1,6327,6397,1,0,0,15,3,95;7;307;550;306;417;327;50;701;455;271;192;425;465;903
1,6287,6363,1,0,0,14,4,135;47;347;590;346;457;367;90;701;495;311;232;425;505
1,6285,6496,1,1,1,14,8,137;49;349;592;348;459;369;92;701;497;313;234;548;507
1,6394,6461,1,1,0,14,2,28;240;483;239;350;260;648;388;204;125;425;398;836;971
1,6394,6477,1,0,1,14,3,28;240;483;239;350;260;648;388;204;125;425;398;836;912
1,6390,6453,1,1,1,14,3,32;244;484;243;354;264;654;392;208;129;425;402;840;975
1,6364,6438,1,0,0,15,3,58;270;513;263;380;290;13;680;418;234;132;425;428;866;1001
1,6099,6171,1,0,1,16,4,9;94;148;323;31;235;535;768;534;577;555;278;945;683;499;420
1,6141,6221,1,0,0,14,1,52;106;281;193;493;736;492;577;513;236;903;641;457;378
1,6199,6406,1,0,1,15,9,48;223;135;435;678;434;545;455;178;845;583;399;320;659;593
1,6204,6273,1,0,0,15,3,43;218;130;430;673;429;540;450;173;840;578;394;315;548;588
0,6220,6274,1,0,0,15,0,27;202;114;414;657;413;524;434;157;824;562;365;299;548;572
1,6222,6296,1,0,0,15,1,25;200;112;412;655;411;522;432;155;822;560;365;297;548;570
1,6246,6335,1,0,1,15,5,1;176;88;388;631;387;498;408;131;798;535;352;273;548;546
1,6281,6546,1,0,1,14,9,141;53;353;596;352;463;373;96;712;501;317;238;548;511
1,5993,6051,1,0,0,12,3,78;39;200;254;429;137;331;641;850;640;751;661
1,6007,6236,1,0,0,12,5,78;25;186;240;415;123;327;621;850;626;737;647
1,6020,6105,1,0,0,13,4,78;12;173;227;402;110;314;614;850;613;602;634;357
0,6021,6083,1,0,0,13,0,78;11;172;226;401;109;313;613;850;537;602;633;356
1,6040,6117,1,0,0,13,1,68;153;207;382;90;294;594;837;537;602;614;337;1004
1,6048,6130,1,0,0,14,1,60;145;199;374;82;286;586;829;537;577;606;329;996;734
1,6049,6103,1,0,1,14,2,59;144;198;373;81;285;585;768;537;577;605;328;995;733
1,6081,6139,1,0,1,16,4,27;112;166;341;32;253;553;768;537;577;573;296;963;701;517;438
1,5870,5927,1,1,0,11,2,33;108;103;162;323;334;552;260;412;667;850
1,5855,5931,1,0,0,12,3,2;48;119;103;175;338;392;567;275;412;667;850
1,5897,5967,1,0,0,12,2,6;81;103;135;296;334;525;233;370;667;850;736
1,5886,5970,1,0,0,12,3,17;92;103;146;307;334;536;244;412;667;850;747
1,5938,6004,1,0,1,11,3,40;103;94;255;309;484;192;370;667;850;695
1,5919,5979,1,1,0,11,1,59;103;113;274;328;496;211;370;667;850;714
1,5989,6078,1,0,0,12,2,103;43;204;258;433;141;331;645;850;644;755;665
1,5968,6026,1,0,0,11,4,10;103;64;225;279;454;162;331;666;850;665
1,5792,5858,1,0,0,13,2,65;111;186;28;103;240;401;455;630;338;542;667;850
1,5791,6007,1,0,1,13,5,66;112;187;29;317;241;402;456;631;339;543;667;850
1,5808,5882,1,0,0,13,2,49;95;170;12;103;224;385;439;614;322;412;667;850
1,5806,6006,1,1,0,13,3,51;97;172;14;103;226;387;441;616;324;528;667;850
0,5839,5911,1,0,0,12,0,18;64;139;103;175;354;408;583;291;412;667;850
1,5818,5888,1,1,0,13,2,39;85;160;2;103;201;375;429;604;312;412;667;850
1,5850,5925,1,1,0,12,3,7;53;128;103;175;343;397;572;277;412;667;850
1,5846,5923,1,0,1,12,2,11;57;132;103;175;347;401;576;284;412;667;850
1,5763,5992,1,0,0,13,8,94;140;215;57;345;269;430;484;659;367;571;871;1114
1,5764,6032,1,0,1,13,4,93;139;214;56;344;268;429;483;658;366;570;667;1113
1,5721,5798,1,0,0,14,4,136;182;257;99;6;387;311;472;526;701;400;613;913;1156
1,5748,5798,1,0,0,13,4,109;155;230;72;360;284;445;499;674;382;586;886;1129
1,5698,5764,1,0,0,15,4,8;159;205;280;122;29;410;334;495;528;724;400;636;936;1171
0,5699,5781,1,1,0,15,0,7;158;204;279;121;28;409;333;494;528;704;400;635;935;1171
0,5683,5757,1,1,0,16,0,10;23;174;220;295;137;44;425;349;510;528;739;400;651;951;1171
0,5687,5775,1,0,0,16,0,6;19;170;216;291;133;40;421;345;506;528;735;400;647;947;1171
1,5664,5720,1,0,1,16,4,29;42;193;239;314;156;63;444;368;529;528;758;466;670;970;1213
1,5676,5743,1,0,1,16,4,17;30;181;227;302;144;51;432;356;517;528;746;454;658;958;1171
1,5592,5670,1,0,0,14,2,63;37;101;114;57;265;311;386;228;135;507;432;601;528
1,5631,5719,1,0,0,16,3,24;62;75;18;226;272;347;189;96;477;401;562;528;791;499;703
1,5582,5668,1,0,0,14,4,67;47;111;124;67;275;321;396;238;145;526;450;611;528
1,5583,5644,1,0,0,14,4,67;46;110;123;66;274;320;395;237;144;507;449;610;528
1,5563,5801,1,1,0,14,5,67;66;130;143;86;294;340;415;257;157;545;469;630;684
1,5566,5642,1,1,0,14,3,67;63;127;140;83;291;337;412;254;157;542;466;627;528
1,5526,5598,1,0,0,15,4,67;103;167;180;23;123;331;377;452;294;201;582;475;667;721
0,5500,5577,1,1,0,15,0,67;129;193;206;49;149;357;389;461;320;227;608;475;693;747
1,5499,5552,1,0,0,15,3,67;130;194;207;50;150;358;389;479;321;228;609;475;694;748
0,5499,5569,1,1,0,15,0,67;130;194;207;50;150;358;389;461;321;228;609;475;694;748
1,5476,5528,1,0,0,16,3,16;67;153;217;230;73;173;381;389;491;344;251;632;475;717;771
1,5456,5709,1,0,1,16,8,12;5;36;67;173;237;250;93;193;401;389;522;364;271;652;475
0,5448,5529,1,0,0,16,0,20;13;44;67;181;245;258;101;201;409;389;530;372;279;660;475
1,5435,5700,1,0,1,18,11,33;4;26;57;67;9;194;258;271;114;214;422;389;540;385;292;673;597
0,5431,5486,1,0,0,17,0,37;8;30;61;67;13;198;262;275;118;218;426;389;540;389;296;677
1,5418,5470,1,0,0,18,3,50;21;43;71;67;26;211;275;288;9;131;231;431;389;560;402;309;690
1,5404,5637,1,0,1,18,5,53;35;57;71;67;40;225;289;302;23;145;245;453;389;574;416;323;698
1,5403,5614,1,0,1,18,5,53;36;58;89;67;41;226;290;303;24;146;246;454;389;575;417;324;698
1,5390,5442,1,0,0,19,5,78;49;71;102;67;50;239;303;316;10;37;159;259;467;389;588;430;337;698
1,5384,5435,1,0,0,19,1,84;55;77;107;67;60;245;309;322;16;43;165;265;473;389;594;436;343;698
1,5378,5582,1,0,0,19,5,90;61;83;114;67;66;251;315;328;22;49;171;271;479;389;600;437;349;698
0,5346,5408,1,1,0,19,0,122;93;115;146;67;98;283;347;360;54;81;203;303;511;389;632;437;381;698
1,5310,5570,1,0,1,20,10,158;129;24;151;182;345;134;319;383;396;90;117;239;339;547;593;652;510;417;698
1,5325,5397,1,0,0,20,5,143;114;9;136;167;330;119;304;368;381;75;102;224;324;532;389;652;495;402;698
1,5327,5416,1,0,1,20,5,141;112;7;134;165;328;117;302;366;379;73;100;222;322;530;389;651;437;400;698
1,5339,5609,1,0,1,19,13,129;100;122;153;294;105;290;354;367;61;88;210;310;518;389;639;437;388;698
1,5252,5454,1,0,1,20,8,216;187;82;209;240;403;192;375;441;454;148;175;297;348;605;651;692;568;475;856
1,5276,5347,1,0,1,20,5,192;163;58;185;216;379;168;353;417;430;124;151;273;348;581;627;692;544;451;698
1,5288,5360,1,0,0,20,5,180;151;46;173;204;367;156;341;405;418;112;139;261;348;569;615;654;532;439;698
1,5305,5380,1,0,1,20,5,163;134;29;156;187;350;139;324;388;401;95;122;244;344;550;598;654;515;422;698
1,5217,5288,1,0,1,20,3,251;6;222;117;10;244;275;438;227;375;476;484;162;210;332;432;628;686;761;603
1,5225,5292,1,0,1,19,3,243;214;109;2;236;267;403;219;375;468;481;162;202;324;424;628;678;753;595
1,5236,5310,1,0,0,19,4,232;203;98;225;256;403;208;375;457;470;162;191;313;413;621;667;692;584;491
1,5241,5330,1,1,0,19,4,227;198;93;220;251;403;203;375;452;465;159;186;308;362;616;662;692;579;486
1,5151,5201,1,1,0,18,4,291;72;288;183;76;303;341;504;265;478;542;484;249;276;348;484;628;752
1,5190,5240,1,1,0,20,3,278;33;249;144;37;271;302;465;254;439;503;484;210;237;348;459;628;713;788;630
1,5205,5256,1,0,0,20,2,263;18;234;129;22;256;287;450;239;424;488;484;162;222;344;444;628;698;773;615
1,5206,5284,1,1,0,20,4,262;17;233;128;21;255;286;449;238;375;487;484;162;221;343;443;628;697;772;614
1,5137,5200,1,0,0,19,2,331;5;86;302;197;90;303;355;518;307;492;556;484;263;290;348;484;630;766
1,5102,5172,1,1,0,19,3,366;40;121;337;232;125;303;390;26;541;342;527;591;484;298;325;348;484;630
1,5148,5231,1,1,0,18,4,320;75;291;186;79;303;344;507;265;481;545;484;252;279;348;484;628;755
1,5141,5227,1,1,0,19,5,327;1;82;298;193;86;303;351;514;265;488;552;484;259;286;348;484;630;762
1,5061,5136,1,1,0,19,2,407;81;162;378;273;166;303;431;67;541;383;560;632;484;339;366;488;484;796
1,5035,5309,1,0,1,20,13,2;433;107;188;404;299;192;303;457;93;541;409;560;658;625;365;392;514;484;822
1,5076,5295,1,0,0,19,8,392;66;147;363;258;151;303;416;52;541;360;553;617;484;324;351;348;484;781
1,5074,5282,1,0,1,19,6,394;68;149;365;260;153;303;418;54;541;360;555;619;484;326;353;475;484;783
1,5022,5103,1,0,1,19,2,15;446;120;201;417;312;205;303;470;106;543;422;560;671;625;378;405;527;553
1,5004,5086,1,0,0,20,5,33;16;464;138;219;435;330;223;303;481;124;543;440;625;689;625;396;423;545;553
1,5033,5122,1,0,1,20,6,4;435;109;190;406;301;194;303;459;95;541;411;560;660;625;367;394;516;553;824
1,5024,5112,1,0,0,19,5,13;444;118;199;415;310;203;303;468;104;543;415;560;669;625;376;403;525;553
1,4968,5189,1,0,1,21,14,69;11;52;500;174;255;471;366;259;478;523;160;543;476;661;725;625;432;459;581;681
1,4940,4995,1,0,0,20,3,97;39;80;528;202;283;498;394;287;521;523;188;543;504;689;753;625;460;487;609
1,5001,5209,1,0,0,20,10,36;19;467;141;222;438;333;226;460;481;127;543;443;628;692;625;399;426;548;553
1,4998,5060,1,0,0,20,4,39;22;470;144;225;441;336;229;463;494;130;543;446;631;695;625;402;429;551;553
1,4674,4760,1,0,0,19,4,27;18;110;30;146;363;305;346;794;468;549;752;660;553;787;818;454;981;770
1,4666,4922,1,0,1,18,12,35;26;110;38;154;371;313;354;802;476;557;773;668;561;795;826;462;989
1,4659,4710,1,1,0,18,5,42;33;128;45;161;374;320;361;809;483;564;780;675;568;802;833;469;996
1,4621,4674,1,1,0,17,6,80;71;166;83;199;374;358;367;835;521;602;818;690;606;840;871;507
1,4817,4890,1,0,0,19,3,3;220;162;203;651;325;406;498;508;410;644;675;311;838;627;812;876;889;583
1,4812,5014,1,0,0,18,7,8;225;167;208;656;330;411;498;522;415;649;680;316;843;632;817;881;894
1,4738,5005,1,0,1,18,13,49;82;299;241;282;730;404;485;701;596;489;723;754;390;917;706;891;941
1,4711,4777,1,0,0,18,4,76;109;326;268;309;757;431;512;728;623;516;750;781;417;944;717;918;982
1,4883,5123,1,0,0,19,9,154;96;137;585;259;340;498;451;344;578;609;245;543;561;746;810;821;517;544
1,4867,5129,1,0,1,18,10,170;112;153;601;275;356;498;467;360;594;625;261;788;577;762;826;821;533
1,4826,4909,1,0,0,18,3,211;150;194;642;316;397;498;508;401;635;666;302;829;618;803;867;821;574
1,4821,4894,1,0,0,18,3,216;150;199;647;321;402;498;508;406;640;671;307;834;623;808;872;885;579
1,4925,4977,1,1,0,19,4,112;54;95;543;207;298;498;409;302;536;567;203;543;519;704;768;625;475;502
1,4915,4973,1,1,0,19,3,122;64;105;553;227;308;498;419;312;537;577;213;543;529;714;778;625;485;512
1,4914,4982,1,0,0,19,4,123;65;106;554;228;309;498;420;313;537;578;214;543;530;715;779;660;486;513
1,4912,5165,1,0,1,19,16,125;67;108;556;230;311;498;422;315;537;580;216;543;532;717;781;794;488;515
1,4402,4659,1,0,1,9,5,270;290;88;210;302;383;633;494;618
1,4412,4496,1,1,0,9,3,270;280;78;210;292;383;625;494;367
1,4336,4584,1,1,0,10,4,270;356;49;154;417;368;383;633;494;684
1,4343,4412,1,0,0,10,1,270;349;42;147;210;361;383;633;494;677
1,4440,4712,1,1,0,11,6,261;252;50;210;264;380;374;493;367;1028;674
1,4444,4711,1,1,0,11,4,257;248;46;210;260;376;374;493;367;933;674
1,4427,4692,1,1,0,11,8,270;265;63;210;277;383;610;493;367;1041;715
1,4431,4482,1,1,0,11,1,270;261;59;210;273;383;374;493;367;1037;711
1,4492,4577,1,0,1,12,3,209;189;210;212;328;374;487;367;933;650;703;947
1,4498,4550,1,1,0,12,3,203;189;210;187;322;374;481;367;933;644;703;941
1,4462,4536,1,0,1,12,2,239;230;28;210;242;339;374;493;367;933;674;761
1,4485,4536,1,1,0,13,2,216;207;5;210;219;335;374;493;367;933;657;703;954
1,4592,4660,1,0,1,15,3,109;100;195;112;228;374;387;367;876;550;631;847;690;635;869
1,4614,4680,1,1,0,16,3,87;78;173;90;206;374;365;367;854;528;609;825;690;613;847;878
1,4566,4651,1,0,0,13,2,135;126;210;138;254;374;413;367;902;576;657;873;768
1,4566,4647,1,0,0,13,3,135;126;210;138;254;374;413;367;902;576;657;873;690
1,4168,4234,1,1,0,9,2,74;533;458;217;155;322;417;536;652
1,4156,4245,1,1,0,9,2,86;540;458;229;167;334;417;548;664
1,4200,4483,1,1,1,10,9,42;501;458;185;123;290;417;504;603;837
1,4182,4244,1,1,0,10,1,60;519;458;203;141;308;417;522;603;855
1,4232,4496,1,1,0,11,6,10;469;458;153;91;258;417;472;585;633;747
1,4209,4284,1,0,1,10,2,33;492;458;176;114;281;417;495;603;633
1,4239,4488,1,0,1,11,4,3;462;453;146;84;251;417;465;581;633;534
1,4236,4440,1,0,0,11,2,6;465;456;149;87;254;417;468;584;633;538
1,4254,4482,1,1,0,10,3,447;438;131;69;236;417;450;383;633;494
1,4243,4497,1,1,0,10,5,458;449;142;80;247;417;461;577;633;494
1,4274,4361,1,0,0,11,2,427;418;111;49;216;417;430;383;633;494;698
1,4257,4344,1,0,0,11,2,429;435;128;66;233;417;447;383;633;494;763
1,4279,4357,1,1,0,11,1,270;413;106;44;211;417;425;383;633;494;698
1,4276,4543,1,0,0,11,3,407;416;109;47;214;417;428;383;633;494;698
1,4327,4607,1,1,0,10,7,270;365;58;163;417;377;383;633;494;693
1,4298,4515,1,0,0,11,3,270;394;87;25;187;417;406;383;633;494;698
0,3902,3989,1,0,0,7,0,194;79;121;332;681;790;483
0,3903,3974,1,0,0,7,0,193;79;120;332;681;789;482
1,3909,4166,1,0,0,7,3,187;79;114;332;681;783;476
1,3923,3996,1,0,1,7,2,173;79;100;319;681;689;462
1,3934,4012,1,0,0,7,2,162;79;89;294;681;689;451
1,3952,4031,1,0,0,8,2,144;75;71;290;681;689;433;371
1,3955,4157,1,0,1,8,3,141;72;68;287;681;689;430;368
1,3962,4029,1,0,0,8,1,134;65;61;280;681;689;423;265
1,3964,4014,1,1,0,8,1,132;63;46;278;681;689;421;265
1,3993,4285,1,0,0,8,4,103;34;30;249;681;689;392;265
1,4032,4249,1,0,1,7,3,64;210;669;468;353;265;458
1,4043,4128,1,0,0,7,1,53;199;658;458;342;265;447
0,4058,4108,1,0,0,8,0,38;184;643;458;327;265;393;729
1,4127,4189,1,1,0,8,1,115;574;458;258;196;363;660;577
1,4140,4368,1,0,0,9,5,102;540;458;245;183;350;647;564;680
1,4141,4377,1,0,1,9,6,101;540;458;244;182;349;590;563;679
1,3783,3841,1,0,0,6,2,30;313;79;240;116;332
0,3771,3844,1,0,0,6,0,42;325;79;252;128;332
0,3755,3809,1,0,0,7,0,58;341;79;5;268;144;332
0,3745,3827,1,0,0,7,0,68;351;79;15;278;154;332
0,3729,3800,1,1,0,7,0,81;367;79;31;294;170;332
1,3724,3936,1,0,0,7,2,81;372;79;36;299;175;334
1,3717,4012,1,0,0,7,3,96;379;79;43;306;182;334
0,3715,3767,1,0,0,7,0,98;381;79;45;308;184;334
1,3875,4164,1,0,0,8,5,221;79;148;24;332;826;817;510
0,3865,3921,1,1,0,8,0,231;79;158;34;332;836;827;520
0,3856,3915,1,0,0,8,0,240;79;167;43;332;845;836;529
0,3828,3886,1,1,0,6,0,247;79;195;71;332;873
1,3827,3889,1,0,0,6,1,269;79;196;72;332;874
0,3802,3869,1,0,0,6,0,5;294;79;221;97;332
0,3796,3850,1,0,0,6,0,5;295;79;227;103;332
1,3787,3841,1,1,0,6,1,5;309;79;236;112;332
1,3614,3677,1,0,0,7,1,199;482;327;146;383;285;626
0,3643,3701,1,1,0,7,0,170;453;327;117;380;256;599
1,3602,3895,1,0,1,7,6,211;482;327;158;383;297;640
0,3614,3681,1,0,0,7,0,199;482;327;146;383;285;607
1,3551,3637,1,0,1,7,2,262;538;327;209;383;348;691
1,3573,3655,1,0,0,7,2,240;513;327;187;383;326;669
0,3514,3581,1,0,0,8,0,23;299;538;327;246;383;385;728
0,3550,3608,1,0,0,7,0,263;538;327;210;383;349;692
1,3690,3773,1,1,0,7,2,123;406;79;70;318;209;334
0,3709,3796,1,0,0,7,0,104;387;79;51;314;190;334
1,3679,3960,1,1,0,7,5,134;417;327;81;344;220;334
1,3687,3763,1,1,0,7,1,126;409;79;73;336;212;334
1,3663,3929,1,0,1,7,3,150;423;327;97;360;236;553
1,3665,3722,1,1,0,7,1,148;423;327;95;358;234;351
1,3644,3702,1,0,1,7,2,169;452;327;116;379;255;598
1,3658,3739,1,0,0,7,1,155;423;327;102;365;241;584
1,3256,3474,1,0,0,9,3,83;218;34;281;557;840;621;504;767
0,3226,3309,1,0,0,9,0,113;248;0;64;311;587;870;621;534
1,3294,3380,1,0,0,8,1,45;180;243;491;802;621;466;678
1,3290,3372,1,0,0,9,1,49;184;0;247;523;806;621;470;678
1,3207,3463,1,0,1,10,6,132;267;19;83;16;327;598;889;820;553
1,3190,3253,1,0,0,10,2,149;284;36;100;33;347;598;906;837;570
0,3220,3299,1,0,0,10,0,119;254;6;66;3;317;593;876;621;540
1,3209,3269,1,0,0,10,1,130;265;17;81;14;327;598;887;621;551
1,3457,3659,1,1,0,8,2,17;80;356;538;570;303;566;442
1,3410,3486,1,0,0,8,1,64;105;403;538;617;350;600;489
0,3477,3538,1,0,0,8,0,60;336;538;327;283;383;422;765
1,3457,3713,1,0,0,8,5,17;80;356;538;570;303;383;442
1,3352,3560,1,0,0,8,4,122;185;461;665;621;408;671;547
1,3307,3509,1,0,0,8,4,32;167;230;491;789;621;453;678
1,3402,3478,1,0,0,8,1,72;105;411;538;621;358;621;497
1,3396,3485,1,0,0,8,1,78;141;417;538;621;364;627;503
1,3021,3319,1,1,0,10,5,146;318;453;3;37;1;269;193;162;368
1,3026,3078,1,1,0,9,2,141;313;448;37;1;264;193;157;368
1,3027,3098,1,1,1,9,2,119;312;447;37;1;263;193;156;368
1,3043,3101,1,1,0,9,1,119;296;431;37;1;236;180;140;368
1,2966,3039,1,0,1,10,2,201;373;468;58;260;1;324;193;217;374
1,2969,3049,1,0,0,10,1,172;370;468;55;257;1;321;193;214;374
1,2973,3204,1,0,1,10,6,172;347;468;51;253;1;317;193;210;374
1,2991,3233,1,0,0,10,2,172;347;468;33;235;1;299;193;192;368
1,3127,3212,1,1,0,8,2,40;212;347;37;163;96;56;368
0,3135,3185,1,0,0,8,0,29;204;339;37;155;88;48;368
1,3171,3227,1,0,0,8,1,168;303;37;119;52;12;366;642
1,3189,3278,1,0,1,10,1,150;285;37;101;34;348;624;907;838;571
1,3049,3116,1,0,0,9,2,118;290;425;37;1;236;163;134;368
1,3063,3121,1,0,0,9,1,104;276;411;37;1;224;160;120;368
1,3072,3126,1,1,1,9,1,95;267;402;37;1;218;144;111;368
0,3119,3208,1,1,0,8,0,48;220;355;37;171;104;64;368
280
9671,10374,0.00,8
9703,10354,139.96,8
9719,10478,57.54,10
9740,10546,175.60,11
9389,9837,23.36,10
9396,9943,205.37,8
9460,10305,89.87,9
9623,10561,114.54,9
9251,9731,0.00,11
9266,10102,440.78,9
9355,10332,184.16,9
9382,10075,271.23,11
9135,9877,65.24,11
9140,9978,22.88,10
9173,9831,45.02,9
9221,9891,67.98,9
10440,11416,297.01,10
10435,10572,0.00,8
10517,11409,204.49,11
10463,11378,240.27,8
10252,10458,0.00,8
10183,10822,0.00,11
10435,11169,106.34,11
10292,10859,189.39,10
9941,10471,105.70,11
9916,10737,274.40,11
10180,11107,231.30,8
10068,10763,203.80,8
9795,10620,332.49,9
9773,10523,387.90,9
9887,10812,65.29,10
9836,10608,381.24,10
8194,9297,349.84,11
8227,8833,224.79,8
8071,8744,184.58,10
8083,8621,242.00,10
8037,8767,34.42,11
8037,8661,243.30,11
7902,8486,113.72,10
7909,8677,235.09,10
7759,8514,226.24,11
7777,8521,71.56,11
7540,8210,90.73,11
7591,8585,235.65,11
7294,8472,449.47,10
7302,8133,220.20,11
7136,8152,541.73,9
7161,7923,272.59,11
9133,10155,395.51,9
9060,9754,73.68,10
9045,10020,173.17,11
9001,9776,99.06,11
8934,9632,161.77,8
8924,9478,68.47,11
8902,9414,213.13,11
8816,9289,0.00,10
8708,9672,74.23,9
8603,9262,0.00,10
8592,9411,370.14,8
8540,9344,19.62,8
8478,9266,193.41,8
8401,9261,184.22,11
8349,9180,129.64,9
8287,8851,14.47,10
13774,14402,0.00,10
13853,14650,167.61,9
13863,14221,66.17,10
13865,14511,206.15,10
13892,14507,449.06,9
13911,14833,72.87,11
13944,14708,307.97,8
14065,14570,71.84,10
12784,13556,529.97,10
12951,13746,304.92,8
13114,13820,148.91,11
13259,13887,174.75,10
13292,14300,225.49,8
13471,14117,212.05,10
13491,13898,0.00,8
13525,14251,71.89,11
14325,15050,110.53,9
14318,14986,143.18,10
14431,14967,0.00,11
14421,15129,239.52,8
14646,15623,106.29,10
14590,15032,0.00,11
14795,15439,0.00,11
14741,15362,0.00,8
14165,15017,401.39,10
14079,15015,275.53,10
14260,15130,161.21,9
14169,15236,225.38,10
14272,15091,325.62,11
14271,14835,0.00,9
14289,15017,255.19,11
14287,15022,166.49,9
11163,12085,256.06,11
11240,12063,219.78,9
11021,11690,231.56,8
11130,12343,389.88,8
11561,12498,302.64,11
11613,12459,308.56,8
11349,12043,119.20,11
11503,12233,261.31,9
10864,11837,147.70,8
10877,11875,82.41,10
10618,11393,88.17,8
10801,11483,63.06,11
10963,11520,0.00,9
11004,11826,72.58,8
10921,11316,0.00,11
10922,11606,396.74,10
12639,13043,0.00,8
12597,13380,200.46,8
12532,13264,390.21,10
12453,13039,46.97,10
12781,13190,98.78,9
12721,13216,0.00,8
12689,13194,0.00,8
12669,13789,649.95,11
11989,12907,493.42,8
11976,12533,310.69,8
11943,12763,365.30,9
11619,12167,173.39,10
12438,13224,395.45,10
12312,13199,410.37,8
12254,12965,131.44,9
12030,12724,204.67,9
512,1271,84.84,9
507,1154,99.24,9
385,1351,426.74,10
315,1169,385.16,9
279,996,141.10,11
230,1202,270.58,8
215,1017,161.70,10
195,953,151.64,10
185,708,0.00,8
182,920,56.73,10
115,954,282.52,8
78,976,209.33,10
36,529,0.00,11
30,943,204.54,10
30,661,107.39,10
8,447,109.25,11
0,15,0.00,0
0,826,59.81,7
0,154,0.00,2
0,170,35.11,1
0,56,0.00,0
0,476,0.00,6
0,16,0.00,0
0,95,0.00,1
1361,2176,0.00,9
1430,1928,255.87,11
1506,2139,163.57,9
1610,2439,398.29,11
1621,2534,288.86,9
1681,2680,439.49,10
1760,2202,0.00,11
1781,2334,0.00,10
1823,2538,0.00,10
1873,2497,44.74,10
1884,2678,50.28,9
1907,2871,520.07,10
1907,2690,281.03,8
1919,2448,0.00,9
1933,2659,100.76,10
1935,2462,0.00,11
771,1649,236.54,9
579,1433,0.00,11
797,1488,154.65,9
796,1636,330.56,10
838,1845,345.27,11
836,1483,218.42,11
1010,1805,157.93,10
935,1419,77.70,11
1106,1830,181.14,8
1096,1789,0.00,11
1255,1877,123.64,8
1243,2269,182.00,8
1311,2059,470.47,10
1286,2303,185.08,11
1358,1923,0.00,10
1330,1903,0.00,10
3344,3899,0.00,10
3461,4242,314.29,9
3181,3760,0.00,10
3238,4023,349.88,8
3855,4385,0.00,10
3947,4323,103.62,8
3807,4701,355.88,10
3852,4692,362.45,11
4119,4704,50.45,10
4131,4820,299.07,10
4018,4490,121.18,10
4048,4787,468.53,10
4257,5020,325.46,9
4415,5468,169.61,8
4179,5037,441.03,8
4232,4979,267.00,11
2380,3167,193.40,11
2218,2833,386.74,10
2097,2866,176.06,10
2018,2794,161.65,10
2510,3226,479.24,8
2477,3024,123.48,11
2472,3474,458.70,8
2397,3339,65.50,10
2874,3183,0.00,11
2561,3223,266.69,9
2538,3290,152.08,8
2511,3097,191.22,11
3172,4096,391.62,8
3172,4027,703.24,8
3147,3813,99.84,11
2909,3537,322.52,11
5160,5820,58.51,11
5236,5727,44.28,10
5249,6108,418.05,11
5432,6032,208.58,10
4958,5649,263.20,8
5027,5857,195.28,11
5123,5903,204.25,10
5155,5978,204.69,10
5627,6334,197.61,8
5635,6634,351.88,10
5663,6877,397.20,10
5877,6633,134.76,8
5466,6193,0.00,10
5475,6247,226.76,9
5609,6422,118.62,8
5624,6130,111.51,11
4589,5461,242.42,10
4583,5227,0.00,10
4621,5128,0.00,9
4593,5492,94.23,9
4460,5223,58.09,10
4426,5142,57.38,8
4530,5334,93.33,9
4483,5439,249.30,8
4814,5400,81.03,10
4780,5706,374.55,11
4932,5549,127.39,10
4879,5427,0.00,9
4670,5444,150.91,8
4647,5655,574.40,11
4691,5693,41.15,11
4680,5629,115.16,11
6883,7560,200.31,8
6899,7720,262.62,9
6735,7677,217.56,8
6794,7143,0.00,11
6590,7237,63.92,8
6632,7054,0.00,9
6516,7271,0.00,8
6551,7492,281.07,8
7111,8205,414.80,9
7124,7690,0.00,9
7030,7833,0.00,11
7034,7446,126.70,10
6973,7026,0.00,10
7022,7642,63.22,10
6924,7528,0.00,8
6971,7444,0.00,11
6157,6858,287.89,9
6072,6519,56.29,9
6066,6598,44.97,10
6045,6782,311.66,11
6033,7044,265.91,11
6011,6377,0.00,10
5985,6654,0.00,10
5976,6744,238.68,10
6510,7136,50.83,8
6482,7304,588.17,8
6457,7215,66.47,8
6409,6946,45.51,8
6409,7063,0.00,10
6362,7365,378.50,10
6324,7230,90.09,8
6169,6792,0.00,8
