1007
0,7574,7636,1,0,0,9,0,143;203;361;312;505;481;385;664;812
1,7586,7845,1,1,0,9,3,131;191;349;300;493;481;385;652;800
0,7596,7649,1,0,0,9,0,121;181;339;87;483;481;385;642;790
0,7598,7683,1,0,0,9,0,119;179;337;87;481;481;385;640;788
1,7617,7676,1,1,0,10,4,100;160;318;87;462;481;385;621;769;826
0,7632,7707,1,0,0,10,0,85;145;303;87;447;473;385;606;713;811
1,7688,7948,1,0,0,11,5,29;89;247;87;391;417;385;550;698;755;977
1,7699,7928,1,0,0,11,5,18;78;236;87;380;406;385;334;687;744;966
1,7415,7466,1,0,0,12,2,91;57;12;51;145;293;362;425;471;664;481;722
1,7420,7478,1,0,0,12,2,86;52;7;46;140;284;357;425;466;659;481;717
1,7464,7549,1,0,0,11,1,42;8;2;96;253;313;425;422;615;481;673
1,7476,7769,1,0,0,9,9,30;65;241;301;425;410;603;481;661
1,7477,7543,1,0,0,9,2,29;65;240;300;425;409;602;481;386
1,7488,7557,1,0,0,10,2,18;65;229;289;425;398;591;481;385;750
0,7542,7606,1,0,0,10,0,18;175;235;393;344;537;481;385;696;844
0,7561,7647,1,0,0,9,0,156;216;374;325;518;481;385;677;825
1,7867,7933,1,0,0,13,1,68;19;212;238;270;319;519;471;798;285;580;385;556
1,7824,7878,1,0,0,12,2,111;62;255;281;313;334;545;471;841;285;580;428
1,7888,7974,1,0,0,13,4,47;191;217;249;319;498;471;775;285;580;364;535;893
1,7867,7924,1,0,0,13,1,62;19;212;238;270;319;519;471;798;285;580;385;556
1,7904,8157,1,0,0,13,6,31;175;201;214;319;482;471;761;285;580;348;519;877
1,7900,7952,1,1,0,13,1,35;179;205;237;319;486;471;765;285;580;352;523;881
1,7994,8048,1,1,0,14,6,85;111;143;244;392;449;671;233;580;258;429;629;728;650
1,7963,8027,1,0,0,13,2,116;142;174;275;423;471;702;264;580;289;460;629;759
1,7752,7807,1,0,0,12,1,25;183;87;327;353;385;334;634;691;876;475;865
1,7719,7787,1,1,0,12,3,58;216;87;360;386;385;334;667;724;876;508;898
1,7772,7858,1,1,0,12,2,5;163;87;307;333;365;334;614;471;871;455;845
1,7757,7984,1,1,0,12,7,20;178;87;322;348;380;334;629;686;871;470;860
1,7777,8026,1,1,0,12,4,0;158;87;302;328;360;334;609;471;865;450;580
1,7775,8064,1,2,0,12,9,2;160;87;304;330;362;334;611;471;865;452;842
1,7811,7861,1,0,0,12,3,124;75;268;294;326;334;556;471;854;285;580;441
1,7806,7862,1,0,0,12,2,129;80;273;299;331;334;580;471;859;285;580;446
1,7080,7136,1,0,0,16,4,207;58;246;426;186;245;392;332;64;347;163;386;480;637;245;664
1,7086,7342,1,0,1,16,9,207;52;240;420;180;239;386;326;58;341;157;380;474;631;245;664
1,7075,7302,1,1,0,16,9,224;63;251;431;191;250;397;337;64;352;168;391;485;642;302;664
1,7077,7130,1,1,0,16,3,222;61;249;429;189;248;395;335;64;350;166;389;483;640;245;664
1,7234,7290,1,0,0,16,3,65;92;272;32;91;238;178;193;9;232;326;483;143;450;701;652
1,7234,7294,1,1,0,16,4,65;92;272;32;91;238;178;193;9;232;326;478;143;450;701;652
1,7137,7198,1,0,0,17,4,162;1;189;369;129;188;335;275;22;290;106;329;423;580;240;450;798
1,7181,7239,1,1,0,16,3,118;145;325;85;144;291;231;246;62;285;379;536;196;450;754;705
1,7024,7102,1,1,0,17,3,275;114;302;37;482;242;301;448;388;85;403;219;442;536;693;353;753
0,7026,7089,1,0,0,17,0,256;112;300;35;480;240;299;446;386;85;401;217;440;534;691;351;751
1,7003,7300,1,0,0,16,14,296;135;323;58;503;263;322;469;409;88;424;240;463;557;714;374
1,7021,7093,1,0,0,17,5,278;117;305;40;485;245;304;451;391;88;406;222;445;539;696;356;756
1,7056,7140,1,0,0,17,4,243;82;270;5;450;210;269;416;356;78;371;187;410;504;661;321;664
1,7059,7110,1,1,0,17,4,240;79;267;2;447;207;266;413;353;72;368;184;407;501;658;318;664
1,7028,7100,1,0,0,17,4,256;110;298;33;478;238;297;444;384;85;399;215;438;532;689;349;749
1,7042,7119,1,1,0,17,6,256;96;284;19;464;224;283;430;370;78;385;201;424;518;675;335;735
1,7380,7434,1,0,0,12,2,126;92;32;47;86;162;337;397;425;506;699;725
0,7378,7435,1,0,0,12,0,128;94;34;49;88;162;339;399;425;508;701;727
1,7366,7421,1,0,0,13,2,132;106;46;61;100;194;351;11;402;425;520;713;739
1,7365,7440,1,1,0,13,1,132;107;47;62;101;195;352;12;412;425;521;714;740
1,7402,7474,1,0,0,13,2,104;61;10;21;64;145;315;375;425;484;677;481;735
1,7400,7476,1,1,0,13,2,106;61;12;21;66;160;317;377;425;486;679;481;737
1,7392,7481,1,0,0,12,3,114;61;20;35;74;162;325;385;425;494;687;481
1,7389,7674,1,0,0,12,6,117;61;23;38;77;162;328;388;425;497;690;716
1,7272,7337,1,0,1,15,4,27;38;234;31;200;140;155;194;288;445;105;450;433;614;807
1,7271,7341,1,1,0,15,4,28;38;235;54;201;141;156;195;289;446;106;450;433;615;808
1,7255,7544,1,0,1,16,10,44;38;251;11;65;217;157;172;211;305;462;122;450;680;631;824
1,7252,7310,1,0,0,16,4,47;38;254;14;73;220;160;175;214;308;465;125;450;683;634;827
1,7364,7440,1,0,0,13,2,142;108;48;63;102;196;353;13;413;425;522;715;741
1,7296,7360,1,1,0,15,2,3;30;210;25;176;116;131;170;264;421;81;450;425;590;767
1,7291,7373,1,1,1,15,3,8;35;215;25;181;121;136;175;269;426;86;450;433;595;767
1,7283,7371,1,1,0,15,3,16;38;223;25;189;129;144;183;277;434;94;450;433;603;796
1,8574,8853,1,3,1,13,7,91;43;207;131;70;122;8;128;360;280;207;396;990
1,8627,8681,1,0,0,11,4,38;154;95;17;122;75;307;227;28;396;972
0,8628,8696,1,1,0,11,0,37;122;94;16;122;74;306;226;28;396;971
1,8665,8730,1,0,0,10,1,0;116;57;122;37;269;189;28;396;934
1,8547,8786,1,1,0,13,5,118;70;234;131;97;333;35;155;387;307;234;617;1052
1,8564,8649,1,0,0,13,5,101;53;217;131;80;333;18;138;370;290;217;396;1035
1,8567,8849,1,1,0,13,7,98;50;214;131;77;333;15;135;367;287;214;396;990
1,8570,8649,1,1,0,13,2,95;47;211;131;74;123;12;132;364;284;211;396;990
0,8501,8579,1,0,0,13,0,164;116;280;221;143;343;81;191;433;353;280;663;1098
1,8538,8595,1,0,0,13,1,127;79;243;184;106;343;44;164;396;316;243;626;1061
1,8539,8791,1,1,0,13,5,126;78;242;166;105;343;43;163;395;315;242;625;1060
1,8544,8602,1,1,0,13,1,121;73;237;166;100;333;38;158;390;310;237;620;1055
1,8427,8484,1,0,0,12,3,16;238;190;354;295;217;343;81;268;507;427;354
1,8445,8699,1,1,0,11,6,220;172;336;277;199;343;81;226;489;409;336
1,8475,8530,1,0,0,11,1,190;142;306;247;169;343;81;226;459;379;306
1,8486,8545,1,0,0,11,3,179;131;295;236;158;343;81;216;448;368;295
1,8841,8908,1,0,0,7,2,109;93;13;323;745;354;1084
1,8826,8912,1,0,0,7,2,122;108;28;338;766;354;1099
1,8865,9115,1,0,0,6,2,85;69;195;734;354;1060
1,8843,9105,1,0,0,7,3,107;91;11;321;738;354;1082
1,8808,9074,1,0,0,6,3,122;126;46;356;791;616
1,8794,9008,1,0,0,6,1,122;140;60;370;805;630
0,8816,8867,1,0,0,6,0,122;118;38;348;766;354
1,8815,9111,1,0,0,6,2,122;119;39;349;766;609
0,8752,8805,1,1,0,8,0,29;122;182;102;28;370;840;672
1,8734,9008,1,1,0,7,3,47;122;200;120;28;370;865
1,8780,8838,1,0,0,8,1,1;122;154;74;1;370;819;644
0,8767,8828,1,1,0,8,0,14;122;167;87;14;370;832;657
0,8705,8776,1,0,0,8,0,76;17;122;229;149;28;377;894
1,8694,8985,1,0,0,9,3,87;20;122;8;240;160;28;396;905
0,8719,8784,1,0,0,8,0,62;3;122;215;135;28;370;880
1,8706,8787,1,1,0,8,1,75;16;122;228;148;28;377;893
1,8237,8305,1,0,0,15,3,1;149;206;428;380;15;186;537;485;407;713;345;293;697;552
1,8238,8313,1,1,0,15,1,0;148;205;427;379;14;185;505;484;406;712;344;293;696;552
1,8217,8269,1,0,0,16,3,21;169;226;448;10;398;35;206;564;505;427;733;365;293;717;637
1,8229,8516,1,0,0,15,9,9;157;214;436;388;23;194;537;493;415;721;353;293;705;625
1,8194,8259,1,0,0,16,4,44;192;249;471;33;414;58;229;587;528;450;756;388;293;740;660
1,8195,8258,1,1,0,16,1,43;191;240;470;32;414;57;228;586;527;449;755;387;293;739;659
0,8148,8215,1,0,0,15,0,90;238;295;517;79;446;104;275;629;574;496;802;434;293;786
1,8160,8240,1,0,0,15,1,78;226;283;505;67;446;92;263;621;562;484;790;422;293;774
1,8123,8410,1,0,0,16,10,14;115;263;320;542;104;446;129;300;629;599;521;815;459;579;811
0,8132,8189,1,0,0,16,0,5;106;254;311;533;95;446;120;291;629;590;512;815;450;293;802
1,8060,8292,1,0,0,15,7,19;24;77;178;326;383;605;167;557;192;363;629;662;584;815
1,8113,8172,1,1,0,15,1,24;125;273;330;552;114;504;139;310;629;609;531;815;469;589
1,8031,8085,1,0,0,15,4,48;24;106;207;355;412;634;196;580;221;392;629;691;613;919
1,8045,8275,1,0,0,15,6,34;24;92;193;341;398;620;182;572;207;378;629;677;599;905
1,8004,8083,1,0,0,14,2,75;101;133;234;382;439;661;223;580;248;419;629;697;640
1,8025,8109,1,0,0,15,6,54;80;107;213;361;418;640;202;580;227;398;629;697;619;925
1,8415,8502,1,1,0,12,2,28;250;202;8;366;307;229;381;81;268;519;439
1,8387,8474,1,1,0,12,4,56;278;230;36;394;335;257;388;81;268;531;457
1,8383,8466,1,1,0,13,3,3;60;282;234;40;398;339;261;388;81;293;531;457
1,8381,8457,1,0,0,13,3,5;62;284;236;42;400;341;263;388;81;293;531;473
1,8375,8652,1,0,0,13,6,11;68;290;242;48;406;347;269;525;81;293;531;479
1,8363,8628,1,1,0,13,7,23;80;302;254;60;418;359;281;525;219;293;531;491
1,8351,8418,1,1,0,13,3,35;92;314;266;72;430;371;293;525;231;293;548;503
1,8325,8583,1,0,0,13,7,61;118;340;292;98;456;397;319;525;257;293;568;529
1,8315,8404,1,0,0,13,3,71;128;350;302;108;466;407;329;525;267;293;619;539
1,8296,8351,1,1,0,13,4,90;147;369;321;127;479;426;348;525;286;293;638;545
1,8262,8314,1,0,1,13,1,124;181;403;355;161;479;460;382;525;320;293;657;545
1,8252,8310,1,1,0,14,2,134;191;413;365;0;171;505;469;392;525;330;293;657;545
1,8249,8315,1,1,0,14,2,137;194;416;368;3;174;505;469;392;525;333;293;657;552
1,8246,8307,1,1,0,14,1,140;197;419;371;6;177;505;469;392;525;336;293;688;552
1,8242,8301,1,0,0,14,4,144;201;423;375;10;181;505;480;392;525;340;293;692;552
1,8240,8520,1,0,0,14,11,146;203;425;377;12;183;505;482;392;710;342;293;694;552
1,5583,5666,1,0,0,17,5,90;336;46;280;327;1;223;496;448;325;431;523;507;148;571;746;420
1,5574,5660,1,1,0,17,3,99;345;55;289;336;10;232;496;457;331;440;523;516;157;571;746;429
1,5633,5697,1,0,0,15,3,40;286;230;277;173;479;398;275;381;499;303;98;571;746;370
1,5592,5863,1,0,0,16,10,81;327;37;271;318;214;482;439;316;422;523;498;139;571;746;411
1,5675,5739,1,0,0,14,5,244;188;235;131;437;356;233;339;457;303;56;571;736;328
1,5639,5694,1,0,0,15,5,34;280;224;271;167;473;392;269;375;493;303;92;571;746;364
1,5730,5781,1,0,1,17,2,189;133;180;76;382;301;178;284;402;303;1;541;681;273;626;737;412
1,5728,5962,1,0,0,17,9,191;135;182;78;384;303;180;286;404;303;3;543;683;275;628;739;617
1,5833,6119,1,1,0,16,7,86;30;77;279;198;75;181;299;257;438;578;170;512;634;412;813
1,5774,5863,1,0,0,16,3,145;89;136;32;338;257;134;240;358;303;497;637;229;582;693;412
1,5857,5922,1,0,0,16,1,62;6;53;255;174;18;157;275;233;414;554;146;499;528;412;789
1,5833,5915,1,0,0,16,2,86;30;77;279;198;75;181;299;257;438;578;170;512;528;412;813
1,5878,5950,1,0,0,15,3,41;32;234;153;18;136;254;188;393;533;125;478;528;412;527
1,5874,6151,1,0,0,15,9,45;36;238;157;18;140;258;188;397;537;129;482;528;412;772
1,5912,5975,1,0,0,13,1,7;200;119;102;220;178;359;499;91;444;439;197;527
1,5889,6152,1,0,0,15,7,30;21;223;142;18;125;243;188;382;522;114;467;439;412;527
1,5917,5999,1,1,0,13,2,2;195;114;97;215;127;354;494;86;439;439;197;527
1,5929,5987,1,1,0,12,3,183;102;85;202;127;342;482;74;427;439;197;527
1,5958,6024,1,1,0,14,3,154;73;56;174;127;313;453;45;398;439;197;527;520;686
1,5960,6182,1,0,0,14,6,152;52;54;172;127;311;451;43;396;439;197;527;518;684
1,5967,6056,1,0,0,14,4,145;52;47;165;123;304;444;36;389;439;197;527;424;677
1,6000,6234,1,1,0,16,8,112;31;14;132;90;271;411;3;356;439;197;527;411;644;870;438
1,6026,6115,1,1,0,14,2,86;5;106;64;245;385;330;439;197;527;411;618;683;412
1,6026,6113,1,0,0,14,1,86;5;106;64;235;385;330;439;197;527;411;618;683;412
1,6031,6237,1,0,0,14,4,81;0;101;59;235;356;325;436;197;527;411;613;683;407
1,6037,6124,1,0,0,13,2,75;95;53;234;356;319;430;197;527;411;495;683;401
1,6054,6107,1,1,0,13,1,58;54;36;217;356;302;413;197;527;411;495;683;384
1,6092,6162,1,0,0,12,2,20;40;179;319;264;375;197;527;386;495;683;346
0,6095,6162,1,0,0,13,0,17;37;176;316;261;372;197;508;383;495;683;343;505
1,6109,6174,1,0,0,13,2,3;23;162;302;247;358;197;508;369;495;683;329;491
1,6110,6164,1,0,0,13,3,2;22;161;301;246;357;197;508;359;495;683;328;490
1,6118,6206,1,1,0,12,3,14;153;293;238;349;197;487;359;495;683;320;482
1,5171,5450,1,0,0,12,7,154;158;218;288;476;709;458;533;739;317;635;941
1,5169,5249,1,0,0,12,2,156;158;220;290;476;750;460;533;741;317;637;943
1,5168,5403,1,0,0,12,6,157;158;221;291;476;751;461;695;742;317;638;944
1,5163,5446,1,0,0,12,7,1;162;158;226;296;476;756;466;700;747;421;643
1,5255,5457,1,1,0,15,4,70;100;134;204;418;664;374;533;570;317;551;857;776;653;759
1,5191,5268,1,1,0,12,2,134;158;198;268;464;698;438;533;570;317;615;921
1,5184,5261,1,0,0,12,2,141;158;205;275;464;709;445;533;570;317;622;928
1,5182,5256,1,1,1,12,2,143;158;207;277;476;709;447;533;570;317;624;930
0,5284,5338,1,1,0,15,0,41;71;105;175;389;618;345;533;570;300;522;827;747;548;730
1,5277,5351,1,1,0,15,2,48;78;112;182;396;642;352;533;570;307;529;827;754;548;737
1,5274,5353,1,1,0,15,2,51;81;115;185;398;645;355;533;570;310;532;838;757;548;740
1,5268,5346,1,0,0,15,2,57;87;121;191;405;651;361;533;570;316;538;844;763;548;746
1,5380,5638,1,1,0,16,13,9;79;293;496;249;483;530;204;426;732;651;528;607;752;710;351
1,5319,5530,1,0,0,15,6,6;36;70;140;354;600;310;533;570;265;487;774;712;548;607
1,5298,5360,1,0,0,15,1,27;57;91;161;375;618;331;533;570;286;508;814;733;548;607
1,5297,5558,1,0,0,15,8,28;58;92;162;376;618;332;533;570;287;509;815;734;548;717
1,5414,5498,1,1,0,15,4,45;259;475;215;449;496;170;392;496;617;494;600;550;676;317
1,5422,5485,1,0,0,15,2,37;251;475;207;441;488;162;326;496;609;486;592;550;668;309
1,5389,5668,1,0,0,16,11,0;70;284;496;240;474;521;195;417;723;642;519;607;550;701;342
1,5409,5493,1,0,0,15,2,50;264;496;220;454;501;175;397;496;622;499;605;550;681;322
1,5432,5505,1,0,0,15,2,27;241;475;197;431;478;152;326;496;586;476;582;550;613;299
1,5446,5496,1,0,0,15,2,13;227;473;183;417;464;138;326;496;585;462;568;550;613;285
1,5426,5511,1,0,0,15,4,33;244;475;203;437;484;158;326;496;605;482;588;550;664;305
1,5430,5494,1,1,0,15,4,29;243;475;199;433;480;154;326;496;586;478;584;550;660;301
1,5533,5611,1,0,0,16,3,140;386;96;330;377;51;273;496;498;375;481;550;557;198;724;878
1,5542,5600,1,0,0,16,1,131;377;87;321;368;42;264;496;489;366;472;524;548;189;724;869
1,5473,5550,1,1,0,15,2,198;446;156;390;437;111;326;496;558;435;541;550;613;258;798
0,5507,5577,1,0,0,15,0,166;412;122;356;403;77;299;496;524;401;507;550;583;224;724
1,5557,5764,1,0,1,17,6,116;362;72;306;353;27;249;496;474;331;457;523;533;174;571;854;446
0,5568,5643,1,0,0,17,0,105;351;61;295;342;16;238;496;463;331;446;523;522;163;571;746;435
1,5548,5607,1,0,0,16,3,125;371;81;315;362;36;258;496;483;331;466;524;542;183;723;863
1,5556,5786,1,1,0,17,10,117;363;73;307;354;28;250;496;475;331;458;523;534;175;715;855;447
0,6631,6685,1,1,0,17,0,15;13;239;51;347;28;668;507;695;430;779;635;288;561;841;781;528
1,6624,6693,1,0,0,17,1,22;20;246;96;354;35;675;514;702;437;779;642;288;561;848;788;535
1,6653,6708,1,0,1,15,1,217;51;325;6;646;485;673;384;779;613;288;561;819;759;506
1,6646,6711,1,0,0,16,1,0;224;51;332;13;653;492;680;415;779;620;288;561;826;766;513
1,6592,6644,1,0,0,18,2,54;52;278;8;128;386;67;707;546;734;469;779;674;307;561;880;820;567
1,6587,6662,1,0,0,18,2,59;57;283;13;133;391;72;712;551;739;474;779;679;359;561;885;825;572
1,6611,6680,1,0,0,17,2,35;29;259;109;367;48;688;527;715;450;779;655;307;561;861;801;548
1,6593,6653,1,1,0,18,2,39;51;277;7;127;385;66;706;545;733;468;779;673;307;561;879;819;566
1,6724,6807,1,0,0,16,2,146;230;575;414;602;337;776;542;222;561;632;688;435;698;519;742
1,6706,6784,1,1,0,16,2,164;14;230;593;432;620;355;779;560;240;561;632;706;453;698;537
1,6749,7034,1,0,1,16,10,121;229;550;389;577;312;746;517;197;561;632;663;410;678;494;717
1,6742,6829,1,1,0,16,2,128;230;557;396;584;319;760;524;204;561;632;670;417;685;501;724
1,6677,6755,1,0,0,16,2,193;43;301;622;461;649;384;779;589;269;561;795;735;461;750;566
1,6666,6737,1,1,0,16,2,204;51;312;633;472;660;384;779;600;276;561;806;746;493;761;577
1,6692,6768,1,1,0,16,1,178;28;286;607;446;634;369;779;574;254;561;632;720;461;698;551
1,6682,6906,1,1,0,16,9,188;38;296;617;456;644;379;779;584;264;561;790;730;461;698;561
1,6832,6904,1,0,0,17,4,38;146;467;306;494;229;674;368;114;493;622;580;327;595;411;634;728
1,6838,6890,1,0,0,17,2,32;140;461;300;488;223;668;368;108;487;622;574;321;589;405;628;722
1,6856,6935,1,0,0,17,3,14;122;443;282;470;203;650;368;90;469;616;556;303;571;387;610;704
1,6876,6959,1,0,0,16,5,102;404;262;450;185;630;368;70;449;596;536;283;551;367;590;684
1,6769,6825,1,0,0,16,2,101;209;530;369;557;292;737;368;177;556;632;643;390;658;474;697
1,6772,6823,1,0,0,16,2,98;206;527;366;554;289;734;368;174;553;632;640;387;655;430;694
1,6774,6858,1,0,0,16,1,96;204;525;364;552;271;732;368;172;551;632;638;385;653;430;692
1,6777,6862,1,0,0,16,5,93;201;522;361;549;271;729;368;144;548;632;635;382;650;430;689
1,6928,6984,1,0,0,18,4,50;371;210;398;133;578;338;18;397;544;484;231;499;315;517;632;729;449
1,6938,7010,1,0,0,18,4,40;361;200;388;123;568;328;8;387;532;474;221;489;305;517;622;729;439
1,6951,7023,1,0,0,17,4,27;348;187;375;110;555;315;374;521;461;208;476;292;515;609;717;426
1,6959,7191,1,0,0,17,9,19;340;179;367;102;547;307;366;513;453;200;461;284;507;601;717;418
1,6886,6964,1,0,0,17,3,92;404;252;440;175;620;368;60;439;586;526;273;541;357;517;674;831
1,6889,6951,1,0,0,17,3,89;384;249;437;172;617;368;57;436;583;523;270;538;354;517;671;828
1,6891,7170,1,1,0,17,12,87;384;247;435;170;615;368;55;434;581;521;268;536;352;517;669;826
1,6912,6974,1,0,0,18,3,66;384;226;414;149;594;354;34;413;560;500;247;515;331;517;648;729;465
1,6234,6297,1,0,0,12,3,37;177;122;233;107;412;244;410;488;204;366;486
1,6234,6320,1,0,0,12,1,37;177;122;233;107;412;244;401;488;204;366;486
0,6180,6239,1,1,0,12,0,58;231;176;287;107;464;298;464;488;258;420;540
1,6170,6224,1,0,0,12,3,58;241;186;297;107;476;308;474;488;268;430;550
1,6169,6252,1,0,0,12,1,58;242;187;298;176;477;309;475;488;269;431;551
1,6146,6403,1,0,1,11,9,58;265;210;321;197;487;332;495;683;292;454
1,6133,6215,1,0,0,11,1,111;273;223;334;197;487;345;495;683;305;467
1,6119,6170,1,1,0,12,1,13;152;273;237;348;197;487;359;495;683;319;481
1,6334,6387,1,0,0,15,4,77;22;133;11;312;144;310;488;104;266;386;644;325;965;804
1,6306,6357,1,1,0,15,3,105;50;161;23;340;172;338;488;132;266;396;672;343;993;832
1,6294,6548,1,0,0,15,8,117;57;173;23;352;184;350;488;144;266;396;684;365;1005;844
1,6280,6337,1,0,0,14,1,131;57;187;65;366;198;364;488;158;266;396;698;379;1019
1,6262,6315,1,1,0,13,3,9;149;94;205;83;384;216;382;488;176;266;396;716
1,6254,6337,1,0,0,13,4,17;157;102;213;89;392;224;390;488;184;346;396;724
0,6254,6311,1,0,0,13,0,17;157;102;213;89;392;224;390;488;184;266;396;724
1,6243,6535,1,1,1,13,9,28;168;113;224;89;403;235;401;488;195;357;477;735
1,6435,6495,1,0,0,16,1,32;211;36;209;435;3;165;285;543;224;864;703;891;556;897;831
1,6435,6494,1,0,0,16,2,32;211;36;209;435;3;165;281;543;224;864;703;891;556;897;831
0,6395,6447,1,1,0,16,0,16;72;251;36;249;475;43;205;325;583;264;904;743;931;666;897
1,6417,6506,1,0,0,16,1,50;229;36;227;453;21;183;303;561;242;882;721;909;644;897;849
1,6372,6450,1,1,0,15,2,39;95;274;106;272;488;66;228;348;606;287;927;766;954;689
1,6391,6662,1,0,0,16,11,20;76;255;36;253;479;47;209;329;587;268;908;747;935;670;1115
1,6340,6402,1,0,0,15,3,71;16;127;5;306;138;304;488;98;248;380;638;319;959;798
0,6369,6421,1,0,0,15,0,42;98;277;109;275;488;69;231;351;609;290;930;769;957;692
1,6541,6625,1,0,0,15,4,105;103;329;59;179;437;118;758;597;785;503;779;725;405;561
1,6580,6649,1,0,0,17,1,66;64;290;20;140;398;79;719;558;746;481;779;686;366;561;892;832
1,6521,6572,1,1,0,15,1,125;123;349;79;199;457;138;778;617;805;540;779;745;425;804
1,6530,6805,1,1,0,15,7,116;114;340;70;190;448;129;769;608;796;503;779;736;416;795
1,6484,6560,1,0,0,14,2,162;160;386;116;236;494;175;815;654;842;556;779;782;462
1,6491,6574,1,0,0,15,1,142;153;379;109;229;487;168;808;647;835;556;779;775;455;834
0,6440,6511,1,0,0,15,0,27;206;36;193;430;160;280;538;219;859;698;886;556;897;826
1,6449,6737,1,1,0,15,10,18;197;29;193;421;151;271;529;210;850;689;877;556;897;817
1,4037,4323,1,1,0,16,11,184;435;127;126;129;164;151;223;18;418;588;711;241;349;692;985
1,4035,4258,1,1,0,16,8,186;437;129;128;131;166;153;225;20;420;590;713;241;349;704;987
1,4014,4075,1,1,0,16,5,207;458;150;129;152;187;174;246;41;441;611;734;288;349;704;1008
1,4000,4055,1,0,0,15,3,221;472;164;163;166;201;188;260;55;450;625;748;302;349;704
1,4112,4163,1,0,0,17,1,109;360;32;51;54;89;76;148;343;513;636;190;349;679;748;839;599
1,4098,4353,1,1,0,16,10,123;374;32;65;68;103;90;162;357;527;650;204;349;691;924;853
1,4094,4155,1,1,0,16,2,127;378;70;69;72;107;94;166;361;531;654;208;349;691;928;857
0,4045,4107,1,0,0,16,0,176;427;119;118;121;156;143;215;10;410;580;703;241;349;691;977
1,3946,4023,1,0,0,14,1,275;526;218;217;220;255;242;314;109;509;672;802;356;527
1,3935,3985,1,1,0,14,4,286;537;229;228;231;266;253;325;120;520;690;813;367;538
0,3883,3964,1,1,0,14,0,338;589;281;256;283;18;318;305;377;172;572;726;865;419
0,3863,3924,1,0,0,13,0,358;609;301;256;303;38;338;325;397;192;592;726;885
0,3980,4040,1,0,0,15,0,241;492;184;183;186;221;208;275;75;450;645;768;322;349;704
1,3959,4219,1,0,0,15,10,262;513;205;204;207;242;229;275;96;450;666;789;343;349;832
1,3946,4179,1,0,0,14,5,275;526;218;217;220;255;242;314;109;450;672;802;356;527
1,3946,4177,1,0,0,14,8,275;526;218;217;220;255;242;275;109;450;672;802;356;527
1,3806,3890,1,1,0,11,3,415;629;358;357;360;95;395;382;451;249;649
1,3814,3879,1,0,0,11,1,406;629;350;349;352;87;387;374;446;241;641
1,3777,4027,1,1,0,10,5,444;695;387;386;389;124;424;405;451;278
0,3778,3833,1,1,0,10,0,443;629;386;385;388;123;423;405;451;277
1,3838,3922,1,1,0,12,4,383;629;326;256;328;63;363;350;422;217;617;787
1,3851,3917,1,0,0,13,4,370;621;313;256;315;50;350;337;409;204;604;743;897
1,3816,4040,1,0,1,11,5,405;629;348;321;350;85;385;372;444;239;639
1,3824,3883,1,0,0,11,3,397;629;340;256;342;77;377;364;436;231;631
1,3677,3763,1,1,0,11,1,54;532;795;487;486;451;224;524;511;451;378
1,3683,3734,1,0,0,11,2,48;532;712;481;480;451;218;518;505;451;372
1,3665,3734,1,0,0,11,3,66;556;807;499;498;451;228;536;523;595;390
1,3671,3957,1,0,0,11,9,60;532;801;493;492;451;228;530;517;589;384
0,3724,3809,1,0,0,11,0,7;497;712;434;439;442;177;468;405;451;331
1,3739,3819,1,1,0,10,3,482;712;425;424;427;162;462;405;451;316
1,3706,3772,1,1,0,11,3,25;515;712;434;457;451;195;495;482;451;349
1,3723,3798,1,0,0,11,2,8;498;712;434;440;443;178;468;465;451;332
0,3586,3648,1,0,0,10,0,145;635;886;578;577;580;228;615;602;674
1,3514,3733,1,0,0,9,3,20;157;707;958;650;649;652;387;687
0,3611,3672,1,0,0,10,0,120;610;861;553;552;555;228;590;577;649
0,3594,3680,1,0,0,10,0,137;627;878;570;569;572;228;607;594;666
0,3640,3693,1,0,0,11,0,91;581;832;524;523;526;228;561;548;620;415
1,3629,3680,1,0,0,11,2,102;592;843;535;534;537;228;572;559;631;426
0,3657,3742,1,1,0,11,0,74;564;815;507;506;451;228;544;531;603;398
1,3645,3734,1,0,0,11,4,86;576;827;519;518;521;228;556;543;615;410
1,3366,3424,1,0,0,7,1,0;168;162;78;35;809;1067
1,3362,3439,1,0,0,7,2,4;172;162;82;35;859;1067
1,3392,3452,1,0,0,6,1,142;162;52;35;809;1066
1,3366,3451,1,0,0,7,3,0;168;162;57;35;809;1067
0,3411,3495,1,0,0,6,0,109;162;33;35;809;1061
1,3408,3675,1,0,0,6,4,126;162;33;35;809;1064
1,3504,3554,1,0,0,9,1,30;162;7;717;968;660;659;662;397
1,3411,3484,1,0,0,6,4,109;162;33;35;809;1061
0,3226,3294,1,0,0,6,0,112;110;308;505;218;285
0,3272,3342,1,0,0,6,0,66;94;262;459;172;239
1,3283,3493,1,0,1,6,3,55;83;251;448;161;228
1,3302,3569,1,0,0,6,2,36;64;232;429;142;35
0,3305,3377,1,1,0,6,0,33;61;229;177;139;35
1,3348,3408,1,0,1,7,2,18;186;177;96;35;873;1124
1,3353,3434,1,1,0,7,3,13;181;177;91;35;868;1077
1,3359,3655,1,0,0,7,3,7;175;177;85;35;862;1067
0,3114,3203,1,1,0,9,0,19;12;199;98;125;77;420;525;318
1,3125,3176,1,0,0,9,2,8;1;199;87;125;75;409;525;318
1,3152,3203,1,1,0,8,2,186;60;125;48;382;525;292;359
1,3164,3232,1,1,0,8,3,164;48;125;36;370;525;280;347
1,3175,3225,1,1,0,8,2,163;8;125;25;359;525;269;336
1,3175,3261,1,1,0,8,1,119;8;125;25;359;525;269;336
1,3208,3283,1,0,0,7,1,119;4;125;326;523;236;303
0,3218,3268,1,1,0,6,0,119;110;316;513;226;293
1,5160,5242,1,0,0,12,1,4;165;195;229;299;476;759;469;703;750;424;646
1,5150,5212,1,1,0,12,2,14;175;205;239;309;523;762;479;713;760;434;656
1,5113,5178,1,1,0,13,1,4;20;212;216;263;346;560;796;516;750;797;471;693
1,5112,5201,1,0,0,14,3,0;5;52;213;216;263;347;561;796;517;751;798;472;694
1,5109,5160,1,0,0,14,1,3;8;55;216;246;263;350;564;796;520;754;801;475;697
1,5102,5185,1,0,0,14,3,10;15;62;223;253;287;357;571;796;527;761;808;482;704
1,4992,5243,1,1,1,13,6,30;49;120;125;172;333;363;397;89;467;681;796;637
1,4955,5206,1,0,0,12,6,67;86;157;162;209;370;400;434;126;486;718;964
1,4937,5170,1,1,0,13,5,85;14;104;175;180;219;388;418;452;144;486;736;982
1,4934,4995,1,1,0,13,4,88;17;107;178;183;219;391;421;455;147;525;739;985
1,4924,5007,1,1,0,13,4,98;27;117;188;193;219;391;431;465;157;535;749;995
1,4921,4987,1,0,0,13,2,101;30;120;191;196;243;391;434;468;160;538;752;998
1,4883,4957,1,0,0,11,3,139;68;158;229;234;281;391;472;479;198;576
1,4867,4926,1,0,0,11,2,155;84;174;245;250;297;391;488;479;214;592
1,4833,4907,1,0,0,12,2,189;118;5;208;279;284;331;391;522;479;248;626
1,4797,4999,1,1,0,12,5,225;154;7;41;244;314;308;367;391;558;479;281
1,4780,4854,1,1,0,13,2,11;233;171;24;58;261;314;308;384;545;575;479;301
1,4789,5011,1,0,0,13,4,2;233;162;15;49;252;314;308;375;536;566;479;281
1,4769,4830,1,0,0,13,2,22;233;182;35;69;272;343;348;395;556;586;479;312
1,4775,4844,1,0,0,13,2,16;233;176;29;63;266;314;342;389;550;580;479;306
1,4757,4843,1,0,0,13,1,34;233;194;47;81;284;355;360;407;568;598;632;324
1,4762,4970,1,0,0,13,4,29;233;189;42;76;279;350;355;402;557;593;627;319
1,4690,4745,1,0,0,14,3,58;101;233;239;21;114;148;351;422;427;473;635;665;699
1,4700,4770,1,0,0,14,5,48;91;233;239;11;104;138;341;412;417;464;625;655;689
1,4674,4737,1,0,0,15,3,74;117;233;277;37;130;7;164;367;438;443;490;651;681;715
1,4687,4750,1,0,0,14,1,61;104;233;264;24;117;151;354;425;430;473;638;668;702
1,4561,4622,1,0,0,15,1,64;187;230;461;390;148;243;91;277;480;551;519;603;764;787
1,4601,4874,1,0,0,15,7,24;147;190;421;350;110;203;80;237;440;511;516;563;724;754
1,4534,4587,1,1,0,15,2,91;214;257;488;417;177;270;91;304;503;578;519;630;791;787
1,4534,4603,1,1,0,15,6,91;214;257;488;417;177;270;91;304;503;578;519;630;791;787
1,4499,4568,1,0,0,16,5,126;249;292;523;452;212;304;91;339;503;27;613;519;665;826;787
1,4505,4567,1,0,0,16,3,120;243;286;517;446;180;299;91;333;503;21;607;519;659;820;787
1,4463,4712,1,0,0,18,12,9;162;285;10;328;559;487;248;341;91;375;503;63;649;519;701;862;892
1,4429,4483,1,1,0,19,4,43;26;196;319;44;362;593;487;282;375;91;409;503;97;683;519;723;896;926
0,4498,4549,1,1,0,16,0,127;250;293;524;453;213;304;91;340;503;28;614;519;666;827;787
1,4486,4545,1,0,0,16,5,139;262;305;536;465;225;318;91;352;503;40;626;519;678;839;787
1,4390,4478,1,1,0,18,4,82;65;235;358;83;401;632;487;321;414;91;448;503;136;722;519;723;935
1,4381,4664,1,1,0,18,11,91;74;244;367;92;410;641;487;330;414;91;454;503;145;731;531;723;944
1,4406,4492,1,1,0,18,3,66;49;219;342;67;385;616;487;305;398;91;432;503;120;706;519;723;919
1,4394,4483,1,1,0,18,4,78;61;231;354;79;397;628;487;317;410;91;444;503;132;718;519;723;931
1,4358,4443,1,1,1,17,6,114;97;267;390;115;433;664;487;353;446;91;454;503;168;744;531;806
1,4353,4439,1,1,0,17,4,119;102;272;395;120;438;669;487;358;451;91;485;503;173;744;531;811
1,4366,4443,1,0,0,17,4,106;89;259;382;107;425;656;487;345;428;91;454;503;160;744;531;723
1,4363,4426,1,0,0,17,4,109;92;262;385;110;428;659;487;348;441;91;454;503;163;744;531;723
1,4319,4402,1,0,0,17,5,153;117;306;429;154;472;703;510;392;457;91;519;503;207;744;554;845
1,4315,4612,1,1,0,16,10,153;117;310;433;158;476;707;510;396;457;91;523;503;211;744;802
0,4352,4416,1,1,0,17,0,120;103;273;396;121;439;670;487;359;452;91;486;503;174;744;531;812
1,4320,4597,1,1,0,17,9,152;117;305;428;153;471;702;510;391;457;91;518;503;206;744;531;844
1,4300,4562,1,0,0,17,13,153;155;325;448;2;173;491;722;510;411;504;322;536;741;226;744;817
1,4308,4374,1,0,0,16,1,153;147;317;440;165;483;714;510;403;496;322;530;503;218;744;809
1,4309,4519,1,0,0,16,11,153;117;316;439;164;482;713;510;402;495;322;529;503;217;744;808
1,4312,4604,1,0,0,16,12,153;117;313;436;161;479;710;510;399;457;322;526;503;214;744;805
1,4266,4325,1,0,0,16,4,206;189;359;482;36;207;525;748;510;445;538;415;536;775;260;846
1,4271,4338,1,0,0,16,1,153;184;354;477;31;202;520;748;510;440;533;410;536;770;255;841
1,4279,4499,1,0,0,16,10,153;176;341;469;23;194;512;743;510;432;525;402;536;762;247;833
1,4296,4370,1,0,0,17,2,153;159;329;452;6;177;495;726;510;415;508;385;536;745;230;744;821
1,4227,4300,1,0,0,15,4,245;33;228;398;521;75;246;564;748;510;484;577;454;611;814
0,4231,4303,1,0,0,15,0,241;29;224;394;517;71;233;560;748;510;480;573;450;607;810
1,4247,4300,1,1,0,16,4,225;13;208;378;501;55;226;544;748;510;464;557;434;591;794;279
1,4254,4307,1,0,0,17,4,218;6;201;371;494;48;219;537;748;510;457;550;427;584;787;272;858
1,4131,4371,1,0,0,17,4,90;341;32;32;35;70;57;129;318;494;617;171;342;660;748;820;580
1,4152,4230,1,0,0,17,7,69;320;12;11;14;49;36;108;303;473;596;150;321;639;748;799;559
1,4155,4386,1,0,0,17,5,66;317;9;8;11;46;33;105;300;470;593;147;318;636;748;744;556
1,4155,4447,1,0,0,17,9,66;317;9;8;11;46;33;105;300;455;593;147;318;636;748;744;556
1,2077,2365,1,0,0,8,5,36;486;422;529;277;274;566;413
1,2114,2192,1,0,0,8,2,449;385;521;277;264;529;413;630
1,2069,2158,1,0,0,8,1,44;494;430;566;277;274;574;413
0,2073,2124,1,0,0,8,0,40;490;426;529;277;274;570;413
0,2149,2208,1,0,0,8,0,414;350;486;247;255;494;400;595
1,2183,2266,1,0,0,11,3,380;316;452;213;221;460;366;561;743;950;943
1,2122,2195,1,0,0,8,2,441;377;513;274;264;521;413;622
1,2142,2219,1,0,0,8,2,421;357;493;254;260;501;407;602
1,2220,2278,1,0,0,11,1,343;235;415;176;184;423;329;524;706;913;906
0,2223,2290,1,0,0,11,0,340;235;412;173;181;420;285;521;703;910;903
1,2191,2253,1,0,0,11,2,372;308;444;205;213;452;358;553;735;942;935
1,2216,2267,1,0,0,11,2,347;283;419;180;188;427;330;528;710;917;910
0,2232,2291,1,0,0,11,0,331;214;403;164;172;411;285;512;694;901;894
0,2240,2329,1,1,0,11,0,323;214;395;156;164;403;285;504;686;893;886
1,2229,2295,1,0,0,11,2,334;235;406;167;175;414;285;515;697;904;897
0,2231,2315,1,1,0,11,0,332;214;404;165;173;412;285;513;695;902;895
1,1873,1940,1,0,0,13,2,90;193;240;183;79;98;690;593;21;762;523;531;770
1,1822,1878,1,1,0,12,1,141;244;291;234;130;98;741;593;72;778;574;582
1,1798,1867,1,1,0,12,3,165;268;315;258;154;98;765;593;96;778;598;606
1,1784,1871,1,1,0,12,1,179;282;329;272;168;98;779;594;110;778;612;620
1,1929,2138,1,0,0,12,3,19;137;184;127;23;82;634;570;706;467;475;705
1,1911,1988,1,1,0,12,2,52;155;202;145;41;98;652;588;724;485;493;705
0,1883,1952,1,0,0,13,0,80;183;230;173;69;98;680;593;11;752;513;521;705
1,1882,1942,1,0,1,13,2,81;184;231;174;70;98;681;593;12;753;514;522;705
1,1990,2287,1,0,0,11,6,76;123;66;21;573;509;645;277;414;653;413
1,1978,2220,1,0,0,11,7,88;135;78;33;585;521;657;277;426;665;571
1,1954,2036,1,0,0,11,1,9;112;159;102;57;609;545;677;313;450;689
1,1941,2027,1,0,0,12,1,19;125;172;115;11;70;622;558;694;313;463;702
1,2046,2100,1,0,0,10,2,20;67;10;517;453;576;277;274;597;413
1,2038,2091,1,0,0,10,1,28;75;18;525;461;595;277;274;605;413
1,2004,2055,1,1,0,11,1,62;109;52;7;559;495;603;277;274;639;413
1,1994,2049,1,0,0,11,1,72;119;62;17;569;505;641;277;274;649;413
1,1572,1641,1,0,0,10,1,60;89;391;494;541;484;349;439;947;927
1,1583,1658,1,1,0,10,2,49;78;380;483;506;473;349;428;947;916
1,1591,1663,1,1,0,10,1,5;70;372;475;506;465;349;420;947;908
1,1607,1665,1,0,0,11,1,5;54;356;459;457;449;345;404;947;892;287
1,1631,1717,1,0,0,11,1,1;30;332;435;457;425;321;380;932;868;263
0,1651,1721,1,0,0,10,0,10;312;415;422;405;301;360;912;848;243
1,1674,1742,1,0,0,10,1,289;392;422;382;278;337;889;825;220;961
1,1685,1926,1,0,0,10,6,278;381;420;371;267;326;878;814;209;950
1,1686,1978,1,1,0,10,6,277;380;420;370;266;325;877;813;208;860
1,1692,1777,1,0,1,10,3,271;374;420;364;181;319;871;807;202;860
1,1693,1989,1,1,0,10,8,270;373;420;347;181;318;870;806;201;860
1,1713,2000,1,0,0,10,8,250;353;400;343;181;298;850;786;181;822
1,1715,1930,1,1,0,10,4,248;351;398;341;181;296;848;784;179;801
1,1719,1925,1,1,0,10,2,244;347;394;337;181;292;844;594;175;801
0,1756,1842,1,1,0,10,0,207;310;357;300;181;98;807;594;138;801
1,1767,1835,1,1,1,12,2,196;299;346;289;181;98;796;594;127;801;629;637
1,1404,1625,1,0,0,10,3,52;17;74;228;257;559;640;550;637;548
1,1390,1451,1,1,0,10,2,66;31;88;242;271;573;640;550;637;562
1,1407,1637,1,1,0,10,3,49;14;71;225;254;556;595;550;637;545
1,1404,1459,1,1,0,10,2,52;17;74;228;257;559;600;550;637;548
1,1431,1517,1,1,0,10,2,25;38;201;230;532;595;550;601;521;580
1,1424,1480,1,1,0,9,2,32;54;208;237;539;595;550;601;528
1,1452,1707,1,1,1,11,5,4;26;180;209;511;595;550;550;500;559;1111
1,1439,1508,1,1,0,11,2,17;38;193;222;524;595;550;551;513;572;1124
1,1489,1559,1,1,0,9,1,143;172;474;577;550;550;463;522;976
1,1462,1692,1,0,0,10,4,16;170;199;501;595;550;550;490;549;981
1,1503,1582,1,0,0,9,1,129;158;429;563;550;550;449;508;976
1,1494,1573,1,0,0,9,2,138;167;469;572;550;550;458;517;976
1,1511,1592,1,0,0,9,2,121;150;429;555;543;545;441;500;976
1,1511,1566,1,1,0,9,2,121;150;417;555;543;545;441;500;976
1,1537,1614,1,0,0,9,1,95;124;402;529;543;519;415;474;947
1,1532,1620,1,0,0,9,3,100;129;402;534;543;524;420;479;976
1,3046,3122,1,0,0,10,3,87;80;52;292;166;312;154;475;529;352
1,3048,3102,1,0,0,10,4,85;78;50;290;164;312;152;475;529;325
1,2992,3069,1,0,0,11,2,141;134;103;12;346;220;312;208;475;529;352
0,3033,3108,1,1,0,10,0,100;93;65;305;179;312;167;475;529;352
1,2968,3230,1,0,0,11,7,150;158;130;36;370;239;312;232;475;550;352
1,2976,3055,1,1,0,11,2,150;150;122;28;362;236;312;224;475;529;352
1,2962,3031,1,0,0,11,3,150;164;136;42;376;250;312;238;475;550;482
1,2962,3181,1,1,0,11,4,150;164;136;42;376;239;312;238;475;550;482
1,3108,3173,1,1,0,9,2,25;18;230;103;125;77;426;525;321
1,3111,3192,1,1,0,9,2,22;15;227;101;125;77;423;525;318
1,3095,3181,1,1,0,10,2,38;31;3;243;117;125;105;439;525;321
1,3105,3171,1,1,0,9,2,28;21;233;107;125;77;429;525;321
1,3091,3162,1,0,1,10,2,42;35;7;247;121;125;109;443;529;325
1,3091,3297,1,1,0,10,3,42;35;7;247;121;125;109;443;529;321
1,3057,3294,1,1,0,10,3,76;69;41;281;150;309;143;475;529;325
1,3070,3295,1,1,0,10,6,63;56;28;268;142;195;130;464;529;325
1,2804,2869,1,1,0,13,3,122;329;322;294;32;136;117;200;39;384;408;312;396
1,2801,2858,1,0,0,13,2,125;332;325;297;35;138;146;203;42;384;411;312;399
1,2792,3075,1,0,0,13,9,134;332;334;306;44;138;155;212;51;384;420;429;405
1,2785,2843,1,1,0,13,2,141;332;341;312;51;138;162;219;58;384;423;429;415
1,2783,2854,1,1,0,13,2,143;350;343;312;53;138;164;221;60;384;423;429;417
1,2778,2831,1,0,0,13,2,148;355;348;312;58;162;169;226;65;384;423;429;422
1,2770,2849,1,1,0,13,3,156;363;356;328;66;170;177;234;73;384;423;429;430
0,2768,2827,1,1,0,13,0,158;365;358;330;68;172;179;236;75;384;423;598;432
1,2959,3182,1,1,1,11,7,150;167;139;45;379;253;312;241;475;772;485
1,2952,3030,1,0,0,11,2,181;174;146;52;384;260;312;248;475;779;492
1,2893,3177,1,0,0,12,6,33;240;233;205;47;37;111;384;319;312;307;641
1,2892,2968,1,1,0,11,2,34;241;234;206;48;55;112;384;320;312;308
1,2870,2948,1,0,0,11,3,56;263;256;222;70;58;134;384;342;312;330
1,2869,2928,1,0,0,11,1,57;264;257;229;71;58;135;384;343;312;331
1,2851,2909,1,0,0,11,1,75;282;275;247;89;58;153;384;361;312;349
1,2849,2901,1,0,0,11,2,77;284;277;249;91;98;155;384;363;312;351
1,2594,2649,1,0,0,14,1,41;49;150;332;539;532;504;242;252;353;410;249;744;579
1,2598,2652,1,0,0,14,3,37;45;146;328;535;528;500;238;252;349;406;245;740;579
1,2620,2693,1,1,0,14,4,15;23;124;306;513;506;478;216;252;327;384;198;718;579
1,2636,2721,1,0,0,13,2,7;108;290;497;490;462;200;252;311;368;198;702;576
1,2463,2549,1,1,0,16,4,100;36;172;180;86;281;463;619;663;635;373;477;484;512;380;816
1,2501,2746,1,1,0,15,7,62;134;142;48;243;425;619;625;597;335;439;446;503;342;816
1,2526,2606,1,1,0,15,4,37;109;117;23;218;400;607;600;572;310;252;421;478;317;812
1,2572,2654,1,0,0,14,5,63;71;172;354;561;554;526;264;252;375;432;271;766;640
1,2719,2772,1,0,0,12,4,25;207;414;407;379;117;221;228;285;124;619;493
1,2721,2965,1,1,1,12,7,23;205;412;405;377;115;219;226;283;122;617;473
1,2754,2837,1,0,0,11,3,172;379;372;344;82;186;193;250;89;384;458
1,2768,3006,1,0,0,13,9,158;365;358;330;68;172;179;236;75;384;423;598;432
1,2666,2755,1,0,0,12,1,78;260;467;460;432;170;245;281;338;177;672;546
1,2679,2766,1,1,0,12,4,65;247;454;447;419;157;245;268;325;164;659;533
1,2682,2771,1,0,0,12,2,62;244;451;444;416;154;245;265;322;161;644;530
0,2696,2753,1,0,0,12,0,48;230;437;430;402;140;231;251;308;147;642;516
0,2299,2351,1,1,0,13,0,264;200;336;97;105;344;246;445;627;715;827;799;537
1,2292,2354,1,1,0,13,3,271;207;343;104;112;351;246;452;634;715;834;806;544
1,2334,2384,1,0,0,15,3,229;165;301;62;70;309;215;410;592;715;792;764;441;606;613
1,2302,2548,1,1,0,13,8,261;197;333;94;102;341;246;442;624;715;824;796;534
1,2274,2357,1,0,0,13,3,289;214;361;122;126;369;275;470;652;859;852;824;562
1,2272,2331,1,0,0,13,3,291;214;363;124;132;371;277;472;654;861;854;826;564
1,2282,2356,1,1,0,13,2,281;214;353;114;122;361;267;462;644;715;844;816;554
1,2275,2518,1,1,0,13,8,288;214;360;115;126;368;274;469;651;858;851;823;561
1,2447,2502,1,1,0,15,2,116;52;188;186;102;297;479;619;679;651;389;493;500;557;396
1,2442,2517,1,0,0,15,4,121;57;193;201;107;302;484;619;684;656;394;498;505;562;401
1,2462,2718,1,0,0,16,9,101;37;173;181;87;282;464;619;664;636;374;478;485;512;381;840
1,2451,2521,1,0,0,16,4,112;48;184;186;98;293;475;619;675;647;385;489;496;512;392;887
1,2367,2455,1,0,0,15,3,196;132;268;29;37;276;182;377;559;715;759;716;441;573;569
1,2352,2422,1,1,0,15,1,211;147;283;44;52;291;197;392;574;715;774;716;441;588;595
1,2414,2473,1,0,1,14,1,149;85;221;229;135;330;512;619;712;684;422;526;533;590
1,2368,2425,1,0,0,15,2,195;131;267;28;36;275;181;376;558;619;758;716;441;572;569
1,14579,14635,1,1,0,12,4,164;139;231;288;563;591;150;381;399;396;480;493
1,14560,14634,1,1,0,12,1,183;156;250;288;582;591;150;395;464;396;499;512
1,14570,14798,1,1,0,12,3,173;148;240;288;572;591;150;395;399;396;489;502
1,14554,14630,1,1,0,12,4,189;164;256;288;588;591;445;395;470;396;505;518
1,14559,14858,1,0,1,12,11,184;156;251;288;583;591;440;395;465;396;500;513
0,14540,14606,1,0,0,11,0,203;178;270;295;602;591;459;395;473;396;519
1,14549,14621,1,0,1,11,2,194;169;261;295;593;591;450;395;473;396;510
1,14525,14597,1,0,0,12,1,218;9;193;285;370;617;591;474;395;473;396;534
1,14537,14610,1,0,1,11,2,206;181;273;358;605;591;462;395;473;396;522
1,12607,12661,1,0,0,11,1,265;503;97;230;340;657;545;524;565;506;461
1,12605,12658,1,0,0,11,6,267;505;99;232;345;659;547;524;567;508;463
1,12603,12685,1,0,0,11,1,269;507;101;234;347;661;549;562;569;510;465
1,12536,12602,1,0,0,12,3,336;17;574;168;299;414;728;616;623;636;577;532
1,12506,12573,1,1,0,12,3,366;47;604;198;327;444;758;628;623;666;607;562
1,12464,12529,1,1,0,13,2,408;89;37;646;240;327;486;800;628;623;708;631;604
1,12449,12654,1,0,0,14,4,423;10;104;45;661;245;327;501;815;632;623;723;631;619
1,12446,12515,1,0,0,14,2,426;13;107;45;664;245;327;504;818;651;623;726;631;622
0,12653,12709,1,0,0,13,0,219;454;51;184;297;611;499;479;519;458;415;612;778
1,12645,12713,1,1,0,12,1,227;454;59;192;305;619;507;485;521;458;423;612
1,12634,12715,1,1,0,12,3,238;454;70;203;316;630;518;485;538;458;434;612
1,12633,12710,1,2,0,12,6,239;454;71;204;317;631;519;485;539;480;435;612
1,12631,12702,1,1,0,12,1,241;454;73;206;319;633;521;486;541;482;437;831
1,12631,12864,1,3,0,12,6,241;454;73;206;319;633;521;485;541;482;437;831
1,12627,12699,1,0,0,12,6,245;483;77;210;323;637;525;486;545;486;441;835
1,12623,12703,1,1,0,11,1,249;487;81;214;327;641;529;513;549;490;445
0,12809,12867,1,0,0,14,0,63;301;28;141;455;343;356;363;304;210;612;622;554;725
1,12830,12909,1,1,0,14,1,42;280;7;120;434;322;335;342;283;210;612;601;533;704
1,12779,13073,1,0,0,14,12,93;331;58;171;485;373;386;393;334;211;612;652;584;755
1,12786,12841,1,0,0,14,6,86;324;51;164;478;366;379;386;327;210;612;645;577;748
1,12705,12773,1,0,0,13,2,167;405;132;245;559;447;460;467;408;211;612;726;658
1,12715,12796,1,0,0,14,6,157;395;122;235;549;437;450;457;398;211;612;663;648;819
1,12655,12884,1,0,0,13,5,217;454;49;182;295;609;497;479;517;458;413;612;776
0,12691,12775,1,0,0,14,0,181;419;13;146;259;573;461;474;481;422;211;612;740;672
1,12917,12989,1,0,0,15,3,193;33;347;235;248;255;196;142;545;514;446;617;313;669;738
1,12920,13203,1,0,0,15,9,190;30;344;232;245;239;193;142;542;511;443;614;310;666;735
1,12885,12938,1,0,0,14,3,225;65;379;267;280;287;228;142;558;546;478;649;345;701
1,12901,12955,1,0,0,14,2,209;49;363;251;264;271;198;142;558;530;462;633;329;685
1,12872,12931,1,0,0,14,1,0;238;78;392;280;293;300;241;196;563;559;491;662;358
1,12884,12940,1,0,0,14,3,226;66;380;268;281;288;229;184;558;547;479;650;346;702
1,12851,12916,1,0,0,14,3,21;259;99;413;301;314;321;262;210;589;580;512;683;379
1,12869,12919,1,0,0,14,1,3;241;81;395;283;296;303;244;199;589;562;494;665;361
1,12998,13078,1,0,0,16,1,112;266;154;167;174;115;70;464;433;365;536;232;531;579;491;588
1,12964,13222,1,0,0,14,9,146;300;170;201;208;149;104;468;467;399;570;266;541;579
1,13026,13299,1,1,0,16,9,84;238;126;139;146;87;42;436;405;337;486;204;531;579;463;560
1,13001,13066,1,0,0,16,4,109;263;151;164;171;112;67;448;430;362;533;229;531;579;488;585
1,12941,13020,1,0,0,15,3,169;9;323;211;224;231;172;127;521;490;422;593;289;541;579
1,12929,13134,1,0,0,15,9,181;21;335;223;236;239;184;139;533;502;434;605;301;657;579
1,12961,13013,1,0,0,14,1,149;303;170;204;211;152;107;501;470;402;573;269;541;579
1,12954,13008,1,0,0,14,3,156;310;188;211;218;159;114;508;477;409;580;276;541;579
1,13102,13160,1,0,0,17,4,8;162;40;63;36;11;360;329;261;432;128;484;402;387;484;653;620
1,13100,13154,1,1,0,17,1,10;164;52;65;36;13;362;331;263;434;130;486;402;389;486;655;622
1,13146,13223,1,0,0,17,3,118;6;19;26;316;285;217;388;84;440;402;343;440;609;576;768;880
1,13132,13220,1,0,0,17,2,132;20;33;36;330;299;231;402;98;454;402;357;454;623;590;782;903
1,13049,13131,1,0,0,16,1,61;215;103;116;123;64;19;388;382;314;485;181;531;402;440;537
1,13048,13120,1,0,0,16,2,62;216;104;117;124;65;20;414;383;315;486;182;531;402;441;538
1,13093,13147,1,0,0,17,2,17;171;59;72;78;20;364;338;270;441;137;493;402;396;493;662;629
1,13050,13109,1,1,0,16,2,60;214;102;115;122;63;18;364;381;313;484;180;531;402;439;536
0,13238,13307,1,0,0,15,0,26;224;193;125;296;348;402;251;348;496;484;676;797;404;653
0,13243,13331,1,0,0,15,0,21;219;188;120;291;343;402;246;343;496;479;671;792;404;648
1,13247,13308,1,1,0,15,2,17;215;184;116;287;339;402;242;339;496;475;667;788;404;644
1,13253,13470,1,0,0,15,6,11;209;178;110;281;333;402;236;333;478;469;661;782;404;638
0,13184,13237,1,0,0,14,0,80;278;247;179;350;33;402;402;305;402;571;538;730;851
1,13219,13470,1,0,0,16,8,45;243;212;144;315;11;367;402;270;367;536;503;695;816;634;672
1,13230,13305,1,0,0,16,2,34;232;201;133;304;0;356;402;259;356;525;492;684;805;404;661
0,13235,13304,1,0,0,15,0,29;227;196;128;299;351;402;254;351;496;487;679;800;404;656
1,13344,13395,1,0,0,17,1,118;87;19;190;242;311;35;242;411;378;570;691;404;547;916;476;801
1,13370,13621,1,0,0,18,9,92;61;164;216;285;35;216;385;352;544;665;404;521;896;450;775;290;718
1,13414,13476,1,0,0,18,1,48;17;120;172;241;35;172;341;308;500;621;404;477;852;406;731;246;519
1,13464,13552,1,1,0,16,4,70;122;191;25;122;291;258;450;571;389;427;802;356;681;196;519
1,13254,13330,1,0,0,15,2,10;208;177;109;280;332;401;35;332;478;468;660;781;404;637
1,13289,13343,1,0,0,15,4,173;142;74;245;297;366;35;297;466;433;625;746;404;602;977
0,13289,13353,1,0,0,15,0,173;142;74;245;283;366;35;297;466;433;625;746;404;602;977
1,13295,13586,1,0,0,16,12,167;136;68;239;283;360;35;291;460;427;619;740;404;596;971;525
1,13548,13622,1,1,0,17,4,38;107;38;207;174;366;487;305;337;718;271;597;112;519;656;909;777
1,13526,13609,1,0,0,17,3,8;60;129;60;229;196;388;509;327;337;740;294;619;134;519;678;931
1,13512,13592,1,1,0,17,4,22;74;143;74;243;210;402;523;341;379;754;308;633;148;519;692;945
1,13488,13543,1,0,0,18,3,46;98;167;1;98;267;234;426;547;365;397;778;332;657;172;519;716;969
1,13656,13721,1,0,0,15,4,99;66;258;379;197;235;610;164;489;4;432;548;606;669;834
1,13610,13897,1,0,1,15,9,45;145;112;304;425;243;281;644;210;535;50;478;594;847;715
1,13564,13648,1,0,0,17,3,22;91;22;191;158;350;471;289;311;702;256;581;96;519;640;893;718
1,13563,13637,1,0,1,17,4,23;92;23;192;159;351;472;290;311;703;257;582;97;519;641;894;762
1,13698,13956,1,0,0,16,8,57;24;216;337;155;193;568;122;447;390;506;606;622;744;595;526
1,13687,13760,1,0,0,16,4,68;35;227;348;166;204;579;133;458;401;517;606;638;744;606;537
1,13684,13764,1,1,0,16,3,71;38;230;351;169;207;582;136;461;404;520;606;641;806;609;540
1,13668,13745,1,1,0,15,3,87;54;246;367;185;223;598;152;477;420;536;606;657;822;625
1,13732,13816,1,0,0,15,1,23;182;303;121;159;534;88;413;356;472;606;593;744;411;467
1,13705,13775,1,1,0,16,1,50;17;209;330;148;186;544;115;440;383;499;606;620;744;411;467
1,13704,13754,1,0,0,16,2,51;18;210;331;149;187;562;116;441;384;500;606;621;744;411;467
1,13703,13988,1,0,1,16,8,52;19;211;332;150;188;563;117;442;385;501;606;622;744;411;521
1,13775,13846,1,0,0,14,4,139;260;78;116;491;45;370;313;270;505;550;715;411;449
0,13785,13858,1,0,0,14,0,129;250;8;106;481;35;360;303;270;505;540;705;411;439
1,13735,13936,1,0,0,15,8,20;166;300;118;156;531;85;410;353;469;606;590;744;411;467
1,13742,14000,1,1,0,15,5,13;166;293;111;149;524;78;403;346;270;606;583;744;411;467
1,13829,13880,1,0,0,14,3,85;206;8;57;437;316;259;270;505;496;661;411;395;88
1,13832,13915,1,1,0,14,3,82;203;8;57;434;313;256;270;505;493;658;364;392;88
1,13804,13878,1,1,0,15,3,110;231;8;87;462;16;341;284;270;505;521;686;411;420;272
1,13824,14063,1,0,1,14,8,90;211;8;57;442;321;264;270;505;501;666;411;400;252
1,13896,13978,1,1,0,15,2,18;139;370;249;158;270;505;429;594;364;328;88;616;445;371
1,13898,14163,1,0,1,15,6,16;137;368;232;158;270;505;427;592;364;326;88;614;445;369
1,13863,13931,1,0,0,14,2,51;172;28;403;282;225;270;505;462;627;364;361;88;649
1,13870,14135,1,1,1,15,10,44;165;21;396;275;158;270;505;455;620;364;354;88;642;530
1,14026,14077,1,1,0,16,4,9;240;119;62;178;431;299;464;267;198;50;486;374;241;570;508
1,14080,14153,1,0,0,15,1,186;65;8;124;377;245;410;213;144;432;320;187;570;454;638
1,13920,13998,1,0,0,15,3,115;346;225;158;270;505;405;570;364;304;88;563;445;347;823
1,13924,14187,1,0,0,15,11,111;342;221;158;270;505;401;566;311;300;88;563;445;343;819
1,14112,14351,1,0,0,14,4,154;33;92;345;213;378;181;112;395;288;155;570;374;606
1,14082,14348,1,0,1,15,9,184;63;6;122;375;243;408;211;142;395;318;185;570;452;636
1,14133,14366,1,0,0,14,7,133;12;71;255;175;357;160;91;379;267;134;570;374;585
1,14131,14194,1,0,0,14,2,135;14;73;255;194;359;162;93;381;269;136;570;374;587
1,14158,14405,1,0,0,13,8,108;46;202;167;332;135;66;354;242;109;570;366;560
1,14141,14213,1,0,0,14,2,125;4;63;255;175;349;152;83;371;259;126;570;366;577
1,14176,14252,1,1,0,13,1,90;28;202;149;314;117;48;336;224;91;380;358;542
1,14173,14429,1,0,1,13,6,93;31;202;152;317;120;51;339;227;94;559;361;545
1,14198,14265,1,1,0,13,1,68;6;202;106;292;95;26;304;202;69;380;336;520
1,14188,14271,1,0,0,13,1,78;16;202;106;302;105;36;324;212;79;380;346;530
1,14230,14291,1,0,0,12,2,36;202;95;260;63;282;170;37;380;304;464;306
1,14229,14525,1,0,1,12,8,37;202;96;261;64;283;171;38;380;305;464;581
1,14249,14322,1,1,0,12,2,17;202;76;241;44;251;151;18;380;92;464;306
1,14233,14500,1,0,0,12,1,33;202;92;257;60;251;167;34;380;301;464;306
0,14283,14370,1,0,0,12,0,174;42;207;10;229;117;336;92;435;306;612;859
1,14254,14552,1,0,0,12,7,12;202;71;236;39;251;146;13;380;92;455;306
1,14294,14362,1,0,0,11,2,163;31;196;218;106;336;92;424;306;601;848
1,14311,14395,1,0,0,11,2,140;14;179;201;89;336;92;407;306;584;831
1,14322,14377,1,0,0,11,1,135;3;168;190;78;336;92;396;306;573;820
1,14346,14406,1,0,0,11,1,111;144;166;54;336;92;372;306;549;796;940
1,14347,14407,1,0,0,11,1,110;143;165;38;336;92;371;306;548;795;939
1,14368,14644,1,0,0,13,6,89;122;144;32;336;92;350;306;527;774;918;631;715
1,14378,14583,1,1,0,14,4,79;112;134;22;336;92;340;306;517;698;908;621;705;646
1,14383,14446,1,0,0,14,2,74;107;129;17;336;92;335;306;512;693;903;616;700;641
1,14398,14467,1,0,0,14,3,59;92;114;2;325;92;320;306;497;693;888;601;685;626
1,14435,14514,1,0,0,14,3,22;55;77;308;92;283;306;460;676;851;564;648;589;655
1,14465,14540,1,0,0,13,2,25;47;278;69;253;289;430;676;821;534;618;559;625
1,14466,14734,1,1,1,13,9,24;46;277;68;227;289;429;676;820;533;617;558;624
1,14479,14555,1,0,0,14,1,11;33;264;55;227;289;416;663;807;520;604;545;396;580
1,14502,14710,1,1,2,13,7,10;241;32;216;289;393;640;784;497;581;473;396;557
1,14503,14571,1,1,0,13,3,9;240;31;215;289;392;639;591;496;580;473;396;556
1,14516,14762,1,0,0,12,4,227;18;202;289;379;626;591;483;567;473;396;543
1,11135,11212,1,1,0,18,1,167;235;0;256;10;203;430;222;302;226;506;368;457;295;389;600;328;805
1,11099,11380,1,0,0,18,11,203;271;12;36;292;1;46;239;466;258;338;262;542;368;457;372;425;636
1,11161,11240,1,0,0,16,4,141;209;230;177;387;196;276;178;480;342;457;295;363;574;302;779
1,11151,11212,1,0,0,16,3,151;219;240;187;414;206;286;178;490;352;457;295;373;584;312;789
1,10991,11055,1,1,1,17,2,311;379;120;144;400;109;98;118;347;574;335;446;370;553;368;457;480
1,10981,11042,1,1,0,16,1,321;389;130;154;410;119;108;164;357;584;335;456;380;553;368;457
1,11062,11117,1,0,0,18,1,240;308;49;73;329;38;27;83;276;503;295;375;299;553;368;457;409;462
1,11023,11098,1,0,0,18,3,279;347;88;112;368;77;66;116;315;542;334;414;338;553;368;457;448;501
1,10961,11012,1,0,0,15,3,341;409;130;174;430;139;128;184;377;604;335;473;400;553;542
1,10954,11042,1,0,0,15,1,348;416;154;181;437;146;135;191;384;609;335;473;407;553;549
1,10975,11219,1,1,0,16,8,327;395;130;160;416;125;114;170;363;590;335;462;386;553;368;656
1,10968,11215,1,0,0,15,5,334;402;130;167;423;132;121;177;370;597;335;469;393;553;535
1,10934,11005,1,1,0,16,3,368;13;436;174;201;452;166;155;211;404;631;335;503;427;553;569
1,10925,10996,1,0,0,16,2,377;22;445;186;210;452;175;164;220;413;640;335;512;436;553;578
1,10947,11016,1,0,0,16,3,355;0;423;154;188;444;153;142;198;391;618;335;473;414;553;556
1,10945,11002,1,0,0,16,1,357;2;425;166;190;446;155;144;200;393;620;335;473;416;553;558
1,10861,10913,1,0,0,14,2,441;86;509;250;273;530;239;228;284;477;704;335;576;500
1,10894,11142,1,0,0,15,8,408;53;476;217;241;497;206;195;251;444;671;335;543;467;747
1,10895,11125,1,0,0,15,8,407;52;475;216;240;496;205;194;250;443;670;335;542;466;568
1,10918,10980,1,0,0,15,3,384;29;452;193;217;473;182;171;227;420;647;335;519;443;553
1,10789,11041,1,0,0,12,8,513;158;578;322;346;602;311;300;356;538;776;528
1,10789,10863,1,0,0,12,2,513;158;578;322;346;602;311;300;356;538;776;369
1,10830,10887,1,1,0,13,2,472;117;540;281;273;561;270;259;315;508;735;369;607
1,10841,10911,1,0,0,14,4,461;102;529;270;273;550;259;248;304;497;724;369;596;520
1,10755,10830,1,0,0,12,2,31;547;192;615;356;380;636;345;334;390;538;810
1,10765,10851,1,0,0,13,5,21;537;173;605;346;370;626;335;324;380;538;800;592
1,10773,10838,1,1,0,13,2,13;529;173;597;338;362;618;327;316;372;538;792;528
1,10775,10848,1,1,0,13,4,11;527;172;595;336;360;616;325;314;370;538;790;528
1,10665,10732,1,1,0,15,2,12;121;48;637;267;694;379;470;688;435;81;424;449;538;836
1,10694,10775,1,0,1,14,4,92;19;608;253;676;379;441;688;406;52;395;449;538;836
1,10722,10798,1,0,0,13,2,64;580;225;648;379;413;669;378;24;367;423;538;836
1,10727,10812,1,0,0,13,1,59;575;220;643;379;408;664;373;19;362;418;538;836
1,11659,11930,1,1,0,13,8,76;281;182;434;729;620;387;297;605;649;388;783;407
1,11659,11732,1,0,0,13,6,76;281;182;434;729;620;387;297;448;649;388;783;407
1,11642,11937,1,0,0,13,8,93;298;199;451;746;637;404;314;731;666;405;800;424
1,11565,11627,1,0,0,12,4,0;76;66;155;375;276;528;823;714;481;368;808
1,11524,11593,1,0,0,13,4,41;117;107;0;211;386;317;552;864;736;522;368;849
1,11513,11755,1,0,0,12,6,52;128;118;11;222;386;328;552;875;736;533;443
1,11491,11697,1,0,0,13,6,74;150;12;140;33;244;386;341;552;897;788;555;465
0,11468,11535,1,0,0,14,0,97;173;35;142;3;56;267;386;341;552;920;811;578;488
1,11466,11525,1,1,0,14,2,99;175;37;165;5;58;269;386;341;552;922;813;580;490
1,11448,11654,1,1,0,11,3,117;193;55;178;23;76;287;15;386;343;552
1,11446,11519,1,0,0,11,3,119;195;57;185;25;78;289;17;386;343;552
1,11414,11658,1,0,0,12,4,151;23;227;89;217;57;110;321;25;386;343;679
1,11394,11595,1,0,0,12,6,171;43;247;109;237;77;130;341;25;386;347;699
0,11389,11475,1,0,0,12,0,2;176;48;252;114;242;82;135;346;25;386;347
1,11364,11423,1,0,0,13,3,6;27;195;73;277;139;267;107;160;371;25;386;347
1,11347,11417,1,0,0,15,1,23;31;208;10;90;14;294;156;284;124;177;388;25;386;347
1,11345,11603,1,0,0,15,4,25;46;220;12;92;16;296;158;286;126;179;390;25;386;347
1,11345,11642,1,0,0,15,5,25;46;208;12;92;16;296;158;286;126;179;390;25;386;347
0,11295,11358,1,1,0,17,0,7;75;96;43;270;62;114;66;346;208;330;176;229;440;25;628;347
1,11322,11589,1,0,0,16,3,48;69;16;243;35;114;39;319;181;309;149;202;413;25;618;347
1,11287,11370,1,0,0,17,4,15;83;104;51;278;70;114;74;354;216;344;184;237;448;25;628;347
1,11288,11363,1,1,0,17,4,14;82;103;50;277;69;114;73;348;215;343;183;236;447;25;628;347
1,11266,11529,1,0,0,17,9,36;104;125;72;299;91;171;95;375;237;365;205;258;469;25;628;575
1,11279,11337,1,0,1,17,5,23;91;112;59;286;78;158;82;362;224;352;192;245;456;25;628;347
1,11250,11309,1,1,0,17,4,52;120;141;88;315;107;187;111;391;253;381;221;274;485;25;640;591
1,11264,11333,1,0,0,17,5,38;106;127;74;301;93;173;97;377;239;367;207;260;471;25;640;577
1,11220,11283,1,1,0,16,4,82;150;171;118;345;137;217;141;421;283;411;251;304;515;25;720
1,11246,11320,1,0,0,17,5,56;124;145;92;319;111;191;115;395;257;385;225;278;489;25;694;595
0,11200,11289,1,0,0,16,0,102;170;191;138;365;157;237;161;441;303;431;271;324;535;263;740
1,11209,11447,1,0,0,16,10,93;161;182;129;356;148;228;152;432;294;422;262;315;526;254;731
0,11165,11253,1,1,0,16,0,137;205;226;173;387;192;272;178;476;338;457;292;359;570;298;775
0,11176,11227,1,0,0,16,0,126;194;215;162;387;181;261;178;465;327;455;292;348;559;287;764
1,11962,12042,1,0,0,13,3,120;426;264;84;411;346;85;480;104;910;497;591;393
1,11960,12213,1,0,0,13,8,120;428;264;86;413;348;87;482;106;912;499;593;541
1,11977,12051,1,1,0,13,3,116;411;264;69;396;331;70;465;89;895;482;576;393
1,11977,12204,1,0,0,13,8,116;411;246;69;396;331;70;465;89;895;482;576;393
1,11995,12078,1,1,0,13,1,98;393;246;51;378;313;52;447;71;877;313;492;393
1,11990,12190,1,0,0,13,3,103;398;246;56;383;318;57;452;76;882;469;492;393
1,12032,12110,1,0,0,14,2,57;356;246;14;341;276;15;410;34;840;313;492;393;1078
1,12030,12103,1,0,0,14,2,63;358;246;16;343;278;17;412;36;842;313;492;393;1080
1,11860,11928,1,1,0,14,4,80;233;528;264;186;96;448;448;187;582;206;1012;599;693
0,11823,11883,1,1,0,13,0,117;18;270;565;264;223;133;448;483;224;619;243;1049
1,11872,11941,1,1,0,14,2,68;221;516;264;174;84;448;436;175;542;194;989;587;681
1,11866,11942,1,0,0,14,3,74;227;522;264;180;90;448;442;181;576;200;989;593;687
1,11933,12021,1,0,0,15,2,7;160;455;264;113;23;440;375;114;509;133;939;526;620;568
1,11917,11980,1,0,0,15,3,23;176;471;264;129;39;448;391;130;525;149;955;542;636;584
1,11959,12031,1,0,0,13,2,134;429;264;87;414;349;88;483;107;913;500;594;542
1,11939,12001,1,0,0,15,3,1;146;449;264;107;17;434;369;108;503;127;933;520;614;562
1,11728,11805,1,0,0,14,6,7;212;113;365;650;551;318;228;448;546;313;714;332;1144
1,11760,11836,1,0,1,13,3,180;81;333;628;519;286;196;448;546;287;682;306;1108
0,11762,11842,1,0,0,13,0,174;79;331;626;517;284;194;448;546;285;680;304;1108
1,11787,11870,1,0,1,13,6,153;54;306;601;492;259;169;448;521;260;655;279;1085
1,11807,11878,1,0,0,13,5,133;34;286;581;472;239;142;448;501;240;635;259;1065
1,11815,11884,1,0,0,13,2,125;26;278;573;463;231;141;448;493;232;627;251;1057
0,11815,11899,1,0,0,13,0,125;26;278;573;463;231;141;448;483;232;627;251;1057
1,11818,12023,1,0,0,13,5,122;23;275;570;461;228;138;448;483;229;624;248;1054
1,11664,11732,1,0,0,13,6,71;276;177;429;724;615;382;292;448;644;328;778;402
1,11682,11761,1,0,0,13,4,53;258;159;411;706;597;364;274;448;626;325;760;384
1,11693,11763,1,1,0,13,1,42;247;148;400;690;586;353;263;448;615;325;749;373
1,11695,11761,1,1,0,13,1,40;245;146;398;690;584;351;261;448;613;325;747;332
1,11712,11795,1,1,0,13,5,23;228;129;368;676;567;334;244;448;596;325;730;332
1,11723,11777,1,0,0,13,2,12;217;118;368;650;556;323;233;448;585;324;719;332
0,11727,11793,1,0,0,14,0,8;213;114;366;650;552;319;229;448;546;320;715;332;1145
1,11727,11795,1,0,0,14,6,8;213;114;366;650;552;319;229;448;546;320;715;332;1145
1,12400,12617,1,0,1,14,6,42;472;59;142;70;710;245;327;550;864;752;623;754;713
1,12392,12451,1,1,0,13,2,50;480;67;161;70;718;245;412;558;871;760;623;754
1,12392,12480,1,0,0,13,3,50;480;67;142;70;718;245;412;558;871;760;623;754
1,12385,12474,1,0,0,14,6,3;57;487;74;167;116;725;245;412;565;871;767;623;754
1,12427,12500,1,1,0,15,7,15;445;32;126;45;683;245;327;523;837;651;623;745;662;641
1,12427,12511,1,1,0,15,6,15;445;32;126;45;683;245;327;523;837;651;623;745;655;641
1,12413,12468,1,0,0,14,6,29;459;46;140;70;697;245;327;537;851;651;623;754;662
1,12411,12480,1,0,0,14,7,31;461;48;142;70;699;245;327;539;853;651;623;754;702
1,12318,12405,1,0,0,12,6,70;55;124;554;141;235;180;792;245;412;632;946
1,12302,12366,1,1,0,12,1,86;71;6;140;570;157;251;180;800;245;412;648
1,12298,12376,1,0,0,12,5,90;75;10;144;573;161;255;203;800;245;412;652
1,12289,12574,1,0,1,12,5,99;84;13;153;573;170;264;212;800;245;548;661
1,12367,12626,1,0,0,15,7,21;6;75;505;92;167;134;743;245;412;583;871;785;798;754
1,12364,12433,1,1,0,15,4,24;9;78;508;95;167;137;746;245;412;586;871;788;801;808
1,12359,12442,1,0,0,14,2,29;14;83;513;100;194;142;751;245;412;591;871;793;806
1,12358,12435,1,0,0,14,6,30;15;84;514;101;195;143;752;245;412;592;875;794;807
1,12210,12499,1,0,0,10,6,178;69;163;98;232;662;249;343;291;800
1,12214,12267,1,0,0,10,3,174;65;159;94;228;658;228;339;287;800
1,12174,12255,1,0,0,10,3,214;105;199;134;268;698;281;379;327;936
1,12182,12440,1,1,0,10,7,206;97;191;126;260;690;277;369;319;928
1,12280,12365,1,0,0,12,5,108;93;28;162;592;179;273;221;800;245;557;670
1,12281,12343,1,0,0,12,1,107;92;27;161;573;178;272;220;800;245;556;669
1,12250,12306,1,0,0,11,2,138;29;123;58;192;622;209;303;251;800;454
1,12252,12471,1,0,0,11,6,136;27;113;56;190;620;207;301;249;800;452
1,12060,12120,1,0,0,12,1,33;321;219;313;248;382;6;812;313;492;393;1050
1,12102,12184,1,0,0,10,3,286;177;271;206;340;770;313;451;393;1008
1,12037,12112,1,1,0,14,1,56;344;242;9;336;271;10;405;29;835;313;492;393;1073
1,12049,12125,1,0,0,12,3,44;339;230;324;259;393;17;823;313;492;393;1061
1,12142,12225,1,0,0,10,3,246;137;231;150;300;730;313;411;359;968
1,12149,12221,1,1,0,10,2,239;130;224;150;293;723;310;404;341;961
1,12111,12196,1,1,0,10,3,277;168;262;197;331;759;313;442;390;999
1,12137,12221,1,0,0,10,1,251;142;236;171;305;735;313;416;364;973
1,9255,9330,1,1,0,14,1,342;169;670;273;311;381;405;22;496;545;643;760;568;389
0,9261,9316,1,0,0,14,0,338;163;664;267;305;375;405;16;490;539;638;754;562;389
1,9262,9343,1,1,0,14,5,337;162;663;266;304;374;404;15;489;538;638;753;561;389
1,9269,9345,1,1,0,14,1,330;155;656;259;297;367;397;8;482;531;638;694;554;389
1,9216,9266,1,0,0,14,1,383;208;709;312;350;420;405;61;535;584;643;799;607;639
1,9225,9298,1,0,0,14,1,370;199;700;303;341;411;405;52;526;575;643;790;598;630
1,9240,9479,1,0,0,14,8,359;184;685;288;326;396;405;37;511;560;643;775;583;615
1,9243,9301,1,0,0,14,1,356;181;682;285;323;393;405;34;508;557;643;772;580;389
1,9353,9616,1,0,0,14,9,246;71;558;175;213;283;313;398;447;618;662;290;389;581
1,9357,9422,1,0,0,14,4,242;67;558;171;209;279;309;394;443;618;658;290;322;581
1,9370,9434,1,0,0,14,1,229;54;555;158;196;266;296;381;430;617;645;290;322;581
1,9372,9618,1,0,1,14,3,227;52;526;156;194;264;294;379;428;615;643;290;322;581
1,9312,9396,1,0,0,14,2,287;112;613;216;254;324;354;439;488;638;694;511;389;653
1,9343,9410,1,0,0,14,1,256;81;582;185;223;293;323;408;457;638;672;480;389;581
1,9349,9407,1,1,0,14,1,250;75;558;179;217;287;317;402;451;638;666;474;389;581
1,9350,9637,1,0,0,14,10,249;74;558;178;216;286;316;401;450;618;665;473;389;581
0,9007,9077,1,0,0,8,0,118;592;354;918;521;515;629;659
0,9007,9060,1,1,0,8,0,118;592;354;918;521;515;629;659
1,9045,9263,1,1,0,11,8,118;554;354;880;483;515;591;621;224;706;755
1,9037,9089,1,0,0,10,1,118;562;354;888;491;515;599;629;240;714
1,8884,8940,1,1,0,6,2,66;50;118;715;354;1041
1,8878,9106,1,0,0,6,2,72;56;195;721;354;1047
1,8973,9055,1,0,0,7,2,118;626;354;952;555;593;663
1,8924,9006,1,0,0,9,1,26;10;118;675;354;1001;604;642;712
1,9172,9261,1,1,0,13,1,427;252;753;356;394;464;405;105;579;628;643;843;651
0,9167,9219,1,0,0,12,0,427;257;758;361;399;469;405;110;584;633;643;848
0,9187,9272,1,0,0,14,0,385;237;738;341;379;449;405;68;564;613;643;828;636;668
1,9172,9261,1,0,0,13,1,427;252;753;356;394;464;405;68;579;628;643;843;651
1,9090,9153,1,0,0,12,1,74;509;334;835;438;476;499;405;187;661;710;897
1,9050,9281,1,0,0,11,6,114;549;354;875;478;515;499;616;224;701;750
1,9128,9178,1,0,0,12,1,36;471;296;797;400;438;499;405;149;623;672;643
1,9124,9382,1,0,0,12,4,40;475;300;799;404;442;499;405;153;627;676;863
1,9776,9829,1,1,0,15,3,149;24;209;239;47;34;189;456;277;482;367;606;349;901;735
1,9839,10095,1,0,0,13,5,86;148;176;16;126;393;214;480;304;543;349;838;672
1,9772,9839,1,0,0,15,4,153;28;209;243;51;83;193;460;281;483;371;610;349;905;739
1,9774,9827,1,0,0,15,2,151;26;209;241;49;81;191;458;279;482;369;608;349;903;737
1,9737,9826,1,0,0,15,2,188;9;63;250;278;86;118;228;482;316;483;406;645;349;940
1,9760,9811,1,0,0,15,3,165;40;227;255;63;95;205;472;293;483;383;622;349;917;751
1,9727,9790,1,0,0,14,1,198;24;73;260;288;96;128;238;505;326;483;416;655;349
1,9730,9806,1,0,0,14,3,195;21;70;257;285;93;125;235;482;323;483;413;652;349
1,9957,10161,1,1,0,13,2,30;58;8;275;96;362;186;425;333;627;554;711;495
1,9958,10009,1,0,0,13,2,29;57;7;274;95;361;185;424;332;589;553;711;495
1,9888,9971,1,0,0,14,5,27;99;127;77;344;165;431;242;456;349;627;623;711;647
1,9923,10130,1,0,0,14,4,2;64;92;42;309;130;396;220;456;349;627;588;711;612
1,9883,9944,1,0,0,14,1,42;104;132;82;349;170;436;260;456;349;627;628;711;652
1,9887,9942,1,1,0,14,1,38;100;128;78;345;166;432;242;456;349;627;624;711;648
1,9853,9933,1,1,0,13,5,72;134;162;2;112;379;200;466;290;529;349;627;658
1,9876,10097,1,1,0,13,9,49;111;139;89;356;177;443;267;456;349;627;635;910
1,9455,9526,1,0,0,15,3,144;470;73;111;181;167;253;345;532;560;290;322;510;777;598
0,9428,9501,1,1,0,14,0,171;497;100;138;208;167;253;372;559;580;290;322;537;804
1,9421,9483,1,0,0,15,3,178;3;499;107;145;215;167;253;379;566;594;290;322;544;811
1,9413,9501,1,1,0,14,1,186;11;499;115;153;223;188;253;387;572;602;290;322;552
1,9406,9489,1,0,0,14,1,193;18;499;122;160;230;260;253;394;572;609;290;322;559
1,9399,9479,1,0,0,14,2,200;25;499;129;167;235;267;253;401;588;616;290;322;566
1,9392,9452,1,1,0,14,1,207;32;526;136;174;235;274;253;408;595;623;290;322;573
1,9380,9432,1,1,0,14,4,219;44;526;148;186;256;286;253;420;607;635;290;322;581
1,9702,9985,1,0,0,14,11,223;49;98;285;313;121;153;263;530;351;483;441;680;588
1,9665,9898,1,1,0,14,7,260;1;86;135;322;350;158;190;300;567;386;654;455;717
1,9631,9690,1,0,0,14,3,294;5;35;120;169;356;384;192;224;334;601;386;688;512
1,9590,9677,1,0,0,15,1,9;335;44;76;161;210;397;425;233;265;375;642;463;729;553
1,9573,9657,1,1,0,14,4,26;352;63;93;178;227;414;442;250;282;392;659;480;746
1,9518,9606,1,1,0,16,5,81;407;10;48;118;148;233;282;469;497;272;322;447;714;535;801
1,9489,9546,1,0,0,16,2,110;436;39;77;147;167;236;311;498;526;290;322;476;743;564;830
1,9485,9547,1,0,0,15,3,114;440;43;81;151;167;253;315;502;530;290;322;480;747;568
1,10158,10367,1,0,1,11,4,74;138;224;132;459;353;628;377;555;211;500
0,10196,10248,1,0,0,11,0,36;123;186;94;459;315;590;339;425;173;462
1,10203,10292,1,1,0,13,2,29;116;179;87;459;308;583;332;425;166;455;1099;744
1,10225,10283,1,0,0,14,4,7;94;157;65;452;286;561;310;421;144;433;1077;722;1145
1,10231,10479,1,0,0,14,7,1;88;151;59;446;280;555;304;421;138;427;1071;716;1139
1,10265,10331,1,0,0,13,2,54;117;25;412;246;521;270;421;104;393;897;682;1105
1,10277,10354,1,0,0,13,2,42;105;13;400;234;509;258;352;92;381;897;670;1093
1,10287,10569,1,0,0,14,7,32;95;3;390;224;499;248;352;82;371;897;660;1083;824
1,10307,10571,1,1,0,13,7,12;75;370;204;479;228;352;62;351;897;640;1063;694
0,10314,10370,1,0,0,13,0,5;68;363;197;472;221;352;55;344;897;633;1011;694
1,10314,10539,1,0,0,13,5,5;68;363;197;472;221;352;55;344;897;633;1011;694
1,10319,10400,1,1,0,13,3,0;63;358;192;467;216;352;50;339;897;494;1011;694
1,10331,10603,1,0,0,13,7,51;346;180;455;204;352;38;327;891;494;1011;694;804
1,10353,10435,1,0,0,14,2,29;324;158;433;182;352;16;305;891;494;1011;694;612;1038
1,10367,10585,1,0,0,15,6,15;310;144;414;168;346;2;291;891;494;1003;694;612;1024;733
1,10368,10650,1,1,0,15,9,14;309;143;414;167;345;1;290;891;494;1002;694;578;1023;732
1,9970,10021,1,1,0,12,2,17;45;262;83;349;173;412;320;589;541;711;495
1,9970,10053,1,0,0,12,3,17;45;262;83;349;154;412;320;589;541;711;495
0,9980,10034,1,1,0,12,0,7;35;252;73;339;154;402;310;466;531;711;495
1,9976,10226,1,0,0,12,4,11;39;256;77;343;154;402;314;589;535;711;495
1,10011,10093,1,1,0,12,4,4;221;42;308;132;371;279;463;500;711;495;702
1,9987,10254,1,1,0,12,5,0;28;245;66;332;154;395;303;466;524;711;495
1,10044,10099,1,5,0,12,1,188;9;275;99;338;246;459;467;695;491;669;325
1,10012,10096,1,3,0,12,1,3;220;41;307;131;370;278;463;499;695;495;701
1,10080,10132,1,0,0,12,1,152;239;63;302;210;459;431;695;455;633;289;578
0,10080,10139,1,1,0,12,0,152;239;63;302;210;459;431;695;455;633;244;578
1,10098,10187,1,0,0,12,4,134;221;45;284;192;459;413;688;437;615;244;560
1,10085,10163,1,0,0,12,1,147;234;58;297;205;459;426;695;450;628;244;573
1,10134,10198,1,0,0,12,4,98;185;9;248;153;459;373;652;401;579;235;524
1,10132,10215,1,0,0,12,2,100;187;11;250;158;459;373;654;403;581;237;526
1,10153,10238,1,0,0,11,1,79;138;229;137;459;358;633;382;560;216;505
1,10153,10226,1,1,0,11,2,79;138;229;137;459;358;633;382;560;213;505
1,10557,10632,1,0,0,13,3,120;229;156;101;745;390;813;554;578;701;543;189;532
1,10559,10637,1,1,0,13,2,118;227;154;99;743;388;784;552;576;701;541;187;530
1,10499,10582,1,2,0,14,2,178;12;287;36;214;159;803;448;871;575;578;701;601;247
1,10526,10615,1,1,0,14,2,151;260;9;187;132;776;421;844;575;578;701;574;220;563
1,10574,10624,1,0,1,13,2,33;212;139;66;701;373;784;537;561;701;526;172;515
1,10593,10663,1,1,0,13,3,33;193;120;65;694;354;777;518;542;701;507;153;496
1,10564,10652,1,1,0,13,2,113;222;149;66;738;383;784;547;571;701;536;182;525
1,10573,10623,1,1,0,13,2,33;213;140;66;729;374;784;538;562;701;527;173;516
1,10605,10660,1,1,0,13,2,33;181;108;53;694;342;765;379;530;688;495;141;484
1,10636,10699,1,1,0,14,3,33;150;77;22;666;311;734;379;499;688;464;110;453;509
1,10593,10657,1,1,0,13,2,33;193;120;65;694;354;777;518;542;688;507;153;496
1,10603,10855,1,1,1,13,7,33;181;110;55;694;344;767;508;532;688;497;143;486
1,10655,10869,1,1,0,16,8,22;131;58;3;647;292;694;379;480;688;445;91;434;449;683;910
1,10656,10718,1,1,0,16,1,21;130;57;2;646;291;694;379;479;688;444;90;433;449;538;836
1,10647,10725,1,1,0,15,3,30;139;66;11;655;300;723;379;488;688;453;99;442;449;691
1,10655,10919,1,1,0,16,6,22;131;58;3;647;292;694;379;480;688;445;91;434;449;683;836
1,10390,10463,1,1,0,13,4,287;121;396;145;323;268;891;494;975;575;578;748;674
1,10388,10440,1,0,0,13,4,289;123;398;147;325;270;891;494;975;575;578;748;712
1,10377,10436,1,0,1,14,3,5;300;134;409;158;336;281;891;494;993;575;578;748;723
1,10376,10577,1,1,0,14,5,6;301;135;410;159;337;282;891;494;994;694;578;748;724
1,10417,10711,1,1,0,14,10,260;94;368;87;296;241;885;494;953;575;578;748;644;329
1,10404,10488,1,1,0,14,4,273;107;382;87;309;254;891;494;966;575;578;748;644;342
0,10404,10473,1,1,0,14,0,273;107;368;87;309;254;891;494;966;575;578;748;644;342
1,10400,10456,1,1,0,14,3,277;111;386;135;313;258;891;494;970;575;578;748;644;346
1,10452,10717,1,1,0,14,10,225;59;334;83;261;206;850;468;918;575;578;712;644;291
1,10439,10491,1,1,0,14,1,238;72;347;87;274;219;863;468;931;575;578;712;644;307
1,10424,10636,1,0,0,14,5,253;87;357;87;289;234;878;494;946;575;578;712;644;322
1,10420,10501,1,0,1,14,4,257;91;366;87;293;238;882;494;950;575;578;712;644;326
1,10487,10548,1,1,0,14,3,190;24;299;48;226;171;815;460;883;575;578;702;613;259
1,10476,10554,1,1,0,14,3,201;35;309;59;237;182;826;468;894;575;578;702;624;270
1,10476,10553,1,1,0,14,2,201;35;309;59;237;182;826;468;894;575;578;702;613;270
1,10467,10533,1,0,0,14,3,210;44;319;68;246;191;835;468;903;575;578;702;633;279
1,786,837,1,0,0,19,2,179;16;38;93;314;85;524;466;390;642;318;458;635;460;557;518;427;846;796
1,779,847,1,0,0,19,2,179;23;45;100;372;85;531;473;397;642;325;465;642;467;557;525;434;853;796
1,776,846,1,0,0,19,4,179;26;48;103;375;85;534;476;400;668;328;468;645;470;557;528;437;856;796
1,772,845,1,1,0,19,3,194;30;52;107;379;85;538;480;404;668;332;472;649;474;557;532;441;860;796
1,858,1127,1,1,0,17,9,108;21;293;23;452;394;318;598;246;386;563;388;557;446;355;774;785
1,813,873,1,0,0,18,2,153;11;66;314;68;495;439;363;642;291;431;608;433;557;491;400;819;785
1,812,893,1,0,0,18,3,154;12;67;314;69;495;440;364;642;292;432;609;434;557;492;401;820;796
1,808,876,1,0,0,18,4,158;16;71;314;73;502;444;368;642;296;436;613;438;557;496;405;824;796
1,905,990,1,0,0,16,2,61;199;405;347;271;551;199;339;516;341;557;399;308;727;756;376
1,905,990,1,1,0,16,3,57;199;405;347;271;551;199;339;516;341;557;399;308;727;756;376
1,901,980,1,0,0,16,5,65;209;409;351;275;555;203;343;520;345;557;403;312;731;760;380
1,874,927,1,0,0,18,1,92;5;209;7;436;378;302;582;230;370;547;372;557;430;339;758;785;407
1,943,1013,1,0,0,16,4,23;182;367;309;233;513;161;301;478;303;535;361;226;689;718;138
1,934,1148,1,1,1,16,10,32;182;376;318;242;522;170;310;487;312;544;370;226;698;727;347
1,927,1007,1,0,0,16,5,39;199;383;325;249;529;177;317;494;319;551;377;226;705;734;354
1,912,979,1,0,0,16,1,54;199;398;340;264;544;192;332;509;334;557;392;226;720;749;369
1,539,802,1,0,0,15,10,426;263;285;340;612;342;222;771;76;703;637;917;565;613;882
1,556,631,1,0,0,15,3,410;246;268;323;595;195;205;754;59;696;620;900;490;613;865
1,531,732,1,1,0,15,4,426;271;293;348;620;350;230;779;84;703;645;925;573;713;890
1,539,766,1,1,0,15,8,426;263;285;340;612;195;222;771;76;703;637;917;565;613;882
1,614,831,1,1,0,18,11,352;188;210;265;521;195;147;696;1;638;562;842;490;613;807;632;864;690
1,624,705,1,0,0,18,2,342;178;200;255;521;85;137;686;628;552;832;480;613;797;622;854;680;589
1,588,667,1,0,0,17,4,378;214;236;291;563;195;173;722;27;664;588;868;490;613;833;658;890
1,596,663,1,0,0,17,2,370;206;228;283;521;195;165;714;19;656;580;860;490;613;825;650;882
1,663,939,1,1,0,19,16,303;139;161;216;488;85;98;647;589;513;793;441;581;758;583;815;641;550;890
1,674,735,1,1,0,19,2,292;128;150;205;477;85;87;636;578;502;782;430;570;747;572;804;630;539;888
1,656,897,1,0,0,19,12,310;146;168;223;495;85;105;654;596;520;800;448;588;765;590;822;648;557;976
1,659,724,1,0,0,19,2,307;143;165;220;492;85;102;651;593;517;797;445;585;762;587;819;645;554;890
1,749,804,1,0,0,19,4,217;53;75;130;402;85;9;561;503;427;707;355;495;672;497;557;555;464;883
1,770,990,1,0,0,19,8,196;32;54;109;381;85;540;482;406;668;334;474;651;476;557;534;443;862;891
1,716,784,1,0,1,19,4,250;86;108;163;435;85;45;594;536;460;740;388;528;705;530;762;588;497;888
1,737,980,1,0,0,19,9,229;65;87;142;414;85;9;573;515;439;719;367;507;684;509;741;567;476;888
1,1186,1245,1,0,0,13,2,106;66;270;53;235;60;292;118;27;423;475;95;658
1,1182,1246,1,1,0,13,3,106;70;274;53;239;64;296;122;31;450;479;99;658
1,1196,1252,1,1,0,13,3,106;56;260;41;225;50;282;108;17;423;465;85;658
1,1190,1243,1,0,0,13,2,106;62;266;48;231;56;288;114;23;423;471;91;658
1,1219,1308,1,1,0,12,3,91;33;237;25;202;27;259;85;413;442;62;658
1,1210,1276,1,1,0,13,3,100;42;246;34;211;36;268;94;3;422;451;71;658
1,1253,1341,1,0,0,10,1,57;203;168;225;51;379;408;28;658;813
1,1227,1297,1,0,0,12,3,83;25;229;17;194;19;251;77;405;434;54;658
1,1327,1382,1,0,0,9,2,129;94;151;305;334;636;739;786;729
1,1263,1331,1,0,0,10,3,47;193;158;215;41;369;398;18;658;768
1,1355,1590,1,0,0,10,3,101;66;123;277;306;608;711;575;701;597
1,1330,1622,1,1,0,9,7,126;91;148;302;310;633;736;783;726
1,1362,1427,1,1,0,10,3,94;59;116;270;299;601;704;575;637;590
1,1356,1421,1,0,0,10,2,100;65;122;276;305;607;710;575;642;596
1,1389,1619,1,1,0,10,3,67;32;89;243;272;574;677;550;637;563
1,1376,1458,1,0,0,10,3,80;45;102;256;285;587;690;560;637;576
1,944,1150,1,0,0,16,9,22;182;366;308;232;512;160;300;477;302;528;360;226;688;717;138
1,945,1212,1,0,0,16,8,21;182;365;307;231;405;159;299;476;301;528;359;226;687;716;138
1,949,1211,1,0,0,16,11,17;182;361;303;227;405;155;295;472;297;528;247;226;683;712;138
1,965,1219,1,0,0,16,9,1;182;345;287;211;344;139;279;456;281;513;247;226;667;696;138
1,966,1019,1,0,0,16,4,0;182;344;286;210;344;138;53;455;280;512;247;226;666;695;138
1,1016,1092,1,0,0,15,2,135;294;236;160;344;88;53;405;230;462;247;197;616;645;138
1,1021,1073,1,0,0,15,4,130;289;231;155;344;83;53;400;190;457;247;192;611;640;138
1,1028,1098,1,1,0,15,2,123;274;224;148;344;76;53;393;190;450;247;185;604;633;138
1,1035,1119,1,1,0,15,2,116;274;217;141;344;69;53;350;190;443;247;178;597;626;138
1,1059,1137,1,0,0,16,2,92;251;193;117;344;45;53;338;187;419;245;154;573;602;138;904
1,1095,1303,1,0,0,16,7,56;215;157;81;344;9;53;326;151;383;209;118;537;566;138;868
1,1120,1208,1,0,0,15,4,31;190;132;56;336;53;301;126;358;184;93;512;541;138;688
1,1137,1351,1,1,0,15,7,14;173;115;19;319;53;284;109;341;167;76;495;524;138;688
0,1147,1210,1,0,0,15,0,4;163;105;19;309;53;274;99;331;157;66;485;514;134;658
1,1169,1222,1,0,0,14,3,141;83;7;287;53;252;77;309;135;44;463;492;112;658
1,1180,1239,1,0,0,13,3,130;72;276;53;241;66;298;124;33;452;479;101;658
1,54,341,1,1,0,8,4,120;84;392;44;182;258;135;408
0,42,102,1,0,0,8,0,132;96;392;56;182;270;147;420
1,25,281,1,1,0,8,4,149;113;392;59;310;287;164;437
0,25,113,1,0,0,8,0,149;113;392;59;182;287;164;437
1,8,272,1,0,0,8,3,166;130;478;59;327;304;181;454
1,0,55,1,0,0,8,2,174;138;486;98;335;312;189;462
1,352,413,1,0,0,12,1,134;110;426;450;472;527;799;529;409;860;263;900
1,334,406,1,1,0,12,1,152;1;128;500;464;490;545;817;547;427;860;281
0,354,407,1,1,0,12,0,132;108;426;434;470;525;797;527;407;851;261;898
1,353,415,1,0,0,12,2,133;109;426;434;471;526;798;528;408;860;262;899
1,318,550,1,0,0,11,8,168;17;144;648;470;506;561;833;563;443;992
0,305,368,1,1,0,11,0,181;30;7;157;661;470;519;574;846;576;456
1,330,414,1,0,0,12,1,156;5;132;500;470;494;549;821;551;431;860;285
1,329,551,1,0,0,12,5,157;6;133;637;470;495;550;822;552;432;860;286
1,453,509,1,1,0,14,1,33;9;426;349;371;426;698;428;308;833;162;799;721;1003
1,428,488,1,1,0,13,2,58;34;426;374;396;451;723;453;333;833;187;824;742
1,515,596,1,1,0,14,2,426;287;309;364;636;366;246;795;100;703;661;941;589;729
1,483,570,1,0,0,14,3,3;426;319;341;396;668;398;278;818;132;769;693;973;621
1,388,613,1,1,1,13,9,98;74;426;414;436;491;763;493;373;851;227;864;788
0,376,435,1,1,0,12,0,110;86;426;426;448;503;775;505;385;851;239;876
1,393,454,1,0,0,13,2,93;69;426;409;431;486;758;488;368;833;222;859;783
1,393,457,1,1,0,13,1,93;69;426;409;431;486;758;488;368;833;222;859;742
0,83,145,1,0,0,8,0,91;55;259;15;151;229;106;379
0,95,181,1,1,0,8,0,79;43;259;3;151;203;94;367
1,124,186,1,0,0,7,1,50;14;259;151;188;65;338
0,126,187,1,0,0,7,0,48;12;259;151;169;63;336
1,69,354,1,1,0,8,2,105;69;392;29;172;243;120;393
1,77,370,1,0,1,8,3,97;61;259;21;172;235;112;385
0,81,147,1,0,0,8,0,93;57;259;17;151;231;108;381
1,83,167,1,0,0,8,1,91;55;259;15;151;229;106;379
1,221,275,1,1,0,8,1,214;114;91;241;745;581;603;658
1,233,309,1,0,0,8,1,210;102;79;229;733;569;591;646
0,298,369,1,0,0,10,0,188;37;14;164;668;504;526;581;853;583
1,300,381,1,0,0,10,1,186;35;12;162;666;502;524;579;851;581
1,129,213,1,0,0,7,1,45;9;259;151;169;60;333
1,138,208,1,0,1,8,1,36;0;259;151;169;51;324;828
0,159,244,1,1,0,7,0,15;259;151;153;30;258;807
1,197,274,1,0,0,5,1,259;138;115;258;769
283
3433,4163,128.42,11
3412,4164,85.82,8
3316,4472,277.58,9
3308,4221,94.12,8
3563,4188,60.44,8
3512,4201,45.34,9
3481,3901,159.83,11
3474,4166,70.18,8
3826,4625,122.64,8
3801,4455,116.07,10
3624,4055,0.00,8
3585,4260,178.68,11
3949,4791,165.76,8
3916,4473,191.67,9
3880,4302,47.74,9
3851,4748,17.19,10
4108,4711,72.19,9
4183,4804,114.65,8
4009,5022,365.12,11
4063,4951,347.06,8
4216,5041,238.02,9
4247,4526,0.00,8
4191,4681,294.42,9
4198,4838,83.46,8
4319,5164,157.40,10
4372,5325,157.93,9
4254,5112,119.50,10
4296,5117,317.72,10
4727,5081,28.34,8
4803,5459,39.30,11
4423,5355,203.59,11
4655,5389,202.57,9
1233,2066,171.92,10
1047,1963,336.04,8
1321,2056,176.71,10
1282,2113,362.50,8
1428,2011,194.83,10
1350,1952,152.34,11
1554,2499,272.24,9
1436,2563,194.49,9
1671,2635,293.01,9
1595,1894,0.00,9
1767,2404,160.94,8
1764,2396,205.20,9
1960,2549,253.07,10
1850,2643,116.85,9
2150,2926,0.00,9
2094,2744,0.00,10
2165,3133,296.81,11
2182,3126,0.00,10
2259,3098,105.85,8
2272,2836,93.86,9
2327,2940,233.54,11
2332,2947,126.51,9
2406,3004,69.62,10
2433,2843,47.78,11
2450,3338,416.75,11
2566,3212,201.94,10
2765,3366,486.19,8
2766,3200,38.97,11
2893,3534,198.76,9
2928,3731,520.65,8
2946,3444,221.66,11
3138,3511,193.79,8
0,174,0.00,2
0,138,0.00,2
0,486,268.24,5
0,98,39.91,1
0,335,159.51,3
0,312,45.69,3
290,881,268.95,10
239,1151,215.50,9
210,879,0.00,11
208,824,0.00,10
198,802,108.81,8
132,966,266.40,9
0,189,0.00,4
0,462,66.32,7
466,1104,126.33,9
498,1244,338.65,11
385,1176,127.00,11
431,1456,241.01,10
324,615,0.00,9
351,1252,66.57,11
303,761,36.86,11
316,1310,249.74,11
761,1661,160.13,9
868,1281,221.98,10
615,1213,82.03,9
642,1632,161.17,11
584,1478,208.46,9
611,1304,113.00,11
528,1421,65.82,8
580,1246,41.97,9
11238,11841,258.61,10
11125,11940,305.68,11
11449,12388,99.51,9
11390,12093,192.84,11
11455,12279,277.01,9
11455,12046,0.00,9
11522,12373,320.95,10
11465,11956,103.25,8
10867,11641,238.93,8
10833,11361,48.88,11
10969,11631,254.04,9
10921,11503,167.96,10
11002,11524,0.00,10
10991,11471,80.11,8
11109,11463,229.04,10
11070,11735,56.40,8
10365,11100,93.29,8
10398,10746,16.57,11
10516,11089,0.00,10
10617,11145,146.22,9
10637,11338,145.63,10
10652,11565,136.38,8
10758,11357,257.37,9
10819,11437,75.26,10
10015,10369,49.35,10
10046,10658,33.75,11
10201,11302,260.43,8
10202,10947,225.54,10
10211,11370,146.36,9
10279,11111,446.64,11
10327,11135,325.62,10
10349,11391,379.09,10
9732,10677,469.38,11
9702,10290,250.37,11
9640,10382,89.77,11
9581,10143,104.65,10
9998,10713,203.47,10
9883,10535,190.85,11
9860,10786,289.19,8
9757,10511,40.05,9
9181,9855,340.21,10
9169,9823,201.61,11
9166,10015,90.98,11
9065,9987,280.25,10
9486,10319,248.78,9
9432,10053,77.71,9
9418,10232,23.66,11
9305,9965,94.85,9
8900,9566,78.65,9
8901,9636,150.51,11
8817,9925,168.48,8
8889,9528,0.00,11
9031,9751,156.23,10
9040,9800,0.00,10
8980,9666,305.03,11
9010,9277,60.03,10
8118,8934,121.99,10
8176,8854,96.42,10
8068,8582,138.62,10
8084,8702,378.73,11
8496,9599,241.12,10
8751,9424,255.34,11
8426,8781,179.87,8
8492,9164,458.71,10
7917,8722,148.14,10
7871,8781,365.73,11
8017,8950,696.99,10
7993,8644,63.52,9
7707,8617,369.69,8
7701,8227,172.78,11
7843,8423,8.15,9
7797,8252,0.00,11
7539,8386,102.48,10
7481,8238,231.57,8
7656,8665,124.98,9
7600,8443,224.82,10
7249,8079,38.62,9
7149,7886,213.68,11
7400,8137,326.56,11
7335,8105,292.75,9
6884,7717,199.16,11
6907,7377,57.92,10
7016,7777,296.20,11
7094,7935,261.44,10
6655,7427,85.57,11
6656,7243,44.92,10
6717,7466,73.09,11
6815,7560,121.41,10
6485,7325,271.38,9
6542,7472,233.82,10
6561,7412,0.00,9
6584,7159,174.70,10
6366,7061,204.85,8
6383,7506,394.03,11
6414,7266,159.51,11
6470,6946,111.89,8
6357,7326,54.45,8
6282,7138,0.00,10
6275,7299,93.95,10
6265,6659,22.88,11
6238,6978,66.66,10
6151,6720,130.75,8
6095,6600,98.01,9
5983,6438,0.00,9
5978,6870,382.33,10
5953,6644,181.69,9
5946,6478,188.15,10
5797,6646,343.41,9
5708,6345,550.05,10
5702,6467,195.30,9
5676,6356,107.86,9
5552,6003,0.00,8
5459,6271,323.49,10
5523,6411,175.02,10
5338,6090,339.64,9
5341,5731,0.00,10
5250,6014,110.23,11
5335,6132,284.06,9
5211,6031,54.55,10
5216,5908,198.63,10
5099,5806,66.04,10
5167,6112,315.64,8
5016,5910,200.52,9
5036,5584,104.44,10
4977,5629,0.00,10
5015,5863,164.32,11
4901,5673,109.79,9
4921,5919,411.27,9
14267,14895,70.08,8
14278,15142,98.73,8
14326,15286,193.08,10
14364,14999,290.54,10
13907,14743,503.18,11
14012,14534,296.17,9
14034,14718,137.32,9
14207,14810,292.51,8
14551,15072,0.00,11
14366,15083,186.04,9
14373,15024,137.90,8
14414,15090,228.48,9
14468,15059,0.00,10
13349,14088,302.22,10
13346,13660,0.00,10
13475,14457,509.98,8
13471,14204,199.51,8
13288,14266,194.17,10
13217,13891,129.65,9
13307,14145,17.73,11
13295,13820,23.12,9
13851,14512,152.25,10
13799,14076,164.18,9
13876,14267,0.00,9
13864,14400,111.29,11
13613,14490,62.04,9
13548,14325,130.73,10
13670,14224,54.99,11
13659,14293,284.03,11
12831,13230,51.41,8
12876,13586,141.33,9
12661,13363,53.99,10
12713,13534,47.45,11
12627,13462,398.98,10
12650,13431,63.91,10
12399,13113,124.13,10
12423,13068,245.62,10
13125,14035,23.33,8
13186,13853,301.62,8
13090,13722,0.00,9
13110,13914,40.78,10
12993,13489,201.45,10
13074,13755,47.02,8
12908,13655,333.07,9
12993,13586,0.00,11
11881,12501,262.20,8
11854,12459,208.23,8
11854,12553,152.18,11
11725,12872,118.92,9
11630,12066,41.49,11
11627,12442,34.25,11
11625,12047,80.70,11
11569,12308,109.07,8
12364,13172,227.61,8
12351,13165,274.29,9
12346,13152,192.08,11
12309,13264,90.45,9
12270,12950,5.89,9
12253,12837,249.17,10
12249,12704,207.64,8
12017,13110,157.08,9
