1003
0,15342,15431,1,0,0,16,0,94;191;377;75;174;671;638;71;192;739;387;442;535;452;714;488
1,15345,15430,1,0,107,16,3,91;188;374;72;171;668;635;68;189;739;384;442;532;449;711;485
1,15272,15529,1,0,157,17,13,164;43;60;261;447;145;244;34;712;708;141;262;849;457;665;605;522
1,15289,15580,1,0,142,18,10,147;26;43;244;430;128;227;17;712;691;124;245;832;440;442;588;505;767
1,15232,15292,1,0,121,16,5,204;70;100;301;487;185;284;74;781;748;181;302;889;497;705;613
1,15233,15313,1,0,97,16,4,173;70;99;300;486;184;283;73;780;747;180;301;888;496;704;613
1,15218,15307,1,1,142,16,2,218;88;107;315;501;199;298;88;795;762;195;316;903;511;719;659
1,15222,15298,1,0,133,16,6,214;70;107;311;497;195;294;84;791;758;191;312;899;507;715;655
1,15351,15650,1,0,108,16,6,85;182;368;66;165;662;629;62;183;739;378;442;526;443;663;479
1,15357,15431,1,0,117,16,1,79;176;362;60;159;656;623;56;177;739;372;442;520;171;663;473
1,15079,15158,1,1,88,16,3,16;94;115;353;236;253;445;640;338;437;227;934;901;334;455;1042
1,15048,15334,1,0,96,15,9,47;125;146;353;267;284;446;671;369;468;258;965;932;365;486
1,15099,15184,1,0,106,16,3,74;95;337;216;233;419;620;318;402;207;914;881;314;435;1022;630
1,15083,15170,1,0,89,16,2,12;90;111;353;232;249;445;636;334;402;223;930;897;330;451;1038
1,14913,15121,1,0,85,13,3,0;182;224;281;353;402;21;341;620;806;504;486;393
1,14904,14993,1,0,96,13,1,9;191;269;290;353;411;30;341;629;815;513;486;402
0,15047,15114,1,0,0,15,0,48;126;147;353;268;285;446;672;370;469;259;966;933;366;487
1,15035,15110,1,0,97,15,2,60;138;159;353;280;297;498;684;382;475;271;978;945;378;499
1,15201,15251,1,0,96,15,2,235;114;131;332;518;216;315;105;812;779;212;333;920;528;736
1,15171,15244,1,1,106,16,5,2;23;265;144;161;362;548;246;345;135;842;809;242;363;950;558
0,15213,15302,1,0,0,16,0,223;88;107;320;506;204;303;93;800;767;200;321;908;516;724;664
1,15203,15269,1,1,151,16,4,233;88;129;330;516;214;313;103;810;777;210;331;918;526;734;674
1,15104,15174,1,1,107,16,6,69;90;332;211;228;419;615;313;380;202;909;876;309;430;1017;625
0,15102,15186,1,1,0,16,0,71;92;334;213;230;419;617;315;380;204;911;878;311;432;1019;627
1,15117,15186,1,0,96,16,6,56;77;319;198;215;416;577;300;380;189;896;863;296;417;1004;612
0,15114,15185,1,1,0,16,0,59;80;322;201;218;419;577;303;380;192;899;866;299;420;1007;615
1,14704,14949,1,0,85,9,5,93;126;209;382;467;390;732;611;230
1,14730,14939,1,0,80,9,5,67;109;183;365;443;390;706;483;204
1,14752,14807,1,0,65,9,1,45;87;161;343;421;390;577;483;182
0,14774,14833,1,1,0,9,0,23;47;139;321;399;390;577;483;160
1,14689,14744,1,1,87,10,2,108;150;224;13;403;484;390;747;626;245
1,14692,14932,1,1,87,10,4,105;147;221;10;403;467;390;744;623;242
1,14692,14751,1,0,87,10,1,105;147;221;10;396;467;390;744;623;242
1,14693,14945,1,0,85,10,3,104;126;220;9;396;467;390;743;622;241
1,14836,15125,1,0,65,8,5,3;77;259;337;357;577;477;98
1,14851,15132,1,0,86,8,4,62;244;322;343;353;464;83;481
1,14856,15117,1,0,65,9,3,57;239;271;338;353;459;78;476;677
1,14886,15161,1,0,108,13,7,27;209;271;308;353;429;48;341;647;833;531;630;420
1,14781,14863,1,0,75,9,3,16;47;132;314;392;390;577;483;153
1,14783,14859,1,0,68,9,2,14;47;130;312;390;390;577;483;151
0,14808,14886,1,0,0,8,0,31;105;287;365;386;577;477;126
1,14825,14878,1,0,63,8,2,14;88;270;348;369;577;477;109
1,13570,13657,1,1,76,14,4,76;169;43;44;167;271;203;580;842;405;488;860;735;696
1,13572,13640,1,1,93,14,2,74;167;41;42;165;269;201;578;840;403;488;779;735;694
1,13532,13750,1,1,79,14,6,114;207;81;15;82;205;309;241;618;880;443;715;898;894
1,13540,13780,1,0,81,14,9,106;199;73;7;74;197;301;233;610;872;435;707;890;735
1,13464,13547,1,0,65,12,3,182;14;275;149;83;150;273;65;336;309;686;948
1,13484,13535,1,0,76,13,3,162;14;255;129;63;130;253;45;336;289;666;928;491
1,13451,13533,1,0,65,12,3,195;14;288;162;96;163;286;78;343;322;699;961
0,13463,13529,1,0,0,12,0,183;14;276;150;84;151;274;66;336;310;687;949
1,13401,13638,1,1,99,12,6,245;14;338;212;146;213;336;128;354;372;749;984
1,13420,13500,1,1,65,12,2,226;14;319;193;127;194;317;109;343;353;730;984
1,13383,13451,1,0,80,12,3,263;14;356;230;164;231;354;146;354;390;767;1029
1,13394,13448,1,0,74,12,2,252;14;345;219;151;220;343;135;354;379;756;1018
0,13337,13408,1,1,0,13,0,7;18;294;194;402;276;210;277;400;188;354;419;813
1,13378,13658,1,1,82,11,8,268;153;361;235;169;236;359;151;354;395;772
1,13316,13394,1,1,68,13,3,28;18;294;215;423;297;231;298;421;188;354;435;834
1,13323,13405,1,0,69,13,2,21;18;294;208;416;290;224;291;414;188;354;419;827
1,13314,13394,1,1,76,13,3,30;18;332;217;425;299;233;300;422;188;354;435;836
1,13294,13357,1,1,85,14,2,50;7;18;344;237;445;319;253;301;422;188;354;479;856
1,13287,13359,1,0,85,14,3,57;14;18;359;244;452;326;254;301;422;188;354;486;863
1,13285,13362,1,0,84,14,3,59;16;18;361;246;454;328;262;301;422;188;354;488;865
1,13278,13516,1,1,107,14,9,66;23;18;368;253;461;335;262;301;422;188;563;495;872
1,13275,13350,1,1,69,13,2,69;26;18;371;256;464;338;262;301;462;188;566;498
1,13270,13333,1,0,83,12,2,74;31;18;376;261;469;343;262;344;467;188;571
1,13221,13276,1,1,76,11,2,82;80;18;425;310;518;392;262;393;516;188
1,13203,13287,1,0,76,11,1,141;98;18;443;328;536;398;262;411;534;188
1,13193,13432,1,0,69,11,8,151;108;18;453;338;546;398;262;421;544;336
1,13185,13250,1,0,69,11,2,159;116;18;461;346;554;428;262;429;552;344
1,13166,13401,1,0,68,11,4,178;135;3;207;480;347;558;447;262;448;571
1,13154,13205,1,0,49,11,1,190;147;15;219;492;373;558;459;262;460;583
1,13151,13227,1,0,83,11,1,193;150;18;222;495;380;558;462;262;463;586
1,13149,13215,1,0,105,10,2,195;152;20;224;497;382;590;464;262;465
1,13111,13383,1,0,90,11,6,4;233;190;58;262;535;420;628;502;436;503
1,13045,13130,1,0,84,11,1,70;299;215;63;124;328;601;482;676;568;502
1,13051,13120,1,0,76,11,1,64;293;215;57;118;322;595;461;676;562;496
1,13067,13139,1,1,83,12,3,48;277;215;41;102;306;579;458;672;546;480;547
1,13086,13136,1,0,96,12,3,29;258;215;22;83;287;560;445;653;527;461;528
1,12983,13037,1,0,69,11,2,132;12;361;215;125;161;390;663;520;756;622
1,13027,13101,1,0,76,11,2,88;317;215;81;142;346;619;504;712;586;520
1,13028,13114,1,0,98,11,3,87;316;215;80;141;345;618;503;676;585;519
1,13039,13098,1,0,69,11,1,76;305;215;69;124;334;607;492;676;574;508
1,12944,13161,1,0,119,13,7,35;21;171;51;400;317;164;225;429;673;526;795;622
1,12949,13017,1,1,119,13,2,30;16;166;46;395;215;159;220;424;673;526;790;622
1,12964,13039,1,1,49,13,1,15;1;151;31;380;215;144;205;409;673;526;759;622
1,12982,13043,1,1,80,11,4,133;13;362;215;126;187;391;664;520;757;622
1,12864,12944,1,0,73,11,2,115;101;225;131;480;317;244;305;509;673;526
1,12879,12954,1,0,92,12,3,100;86;219;116;465;317;229;290;494;673;526;860
1,12894,13174,1,1,118,13,4,85;71;219;101;450;317;214;275;479;673;526;800;719
0,12904,12990,1,0,0,13,0,75;61;211;91;440;317;204;265;469;673;526;800;622
1,12820,12878,1,1,92,12,3,26;159;123;235;175;519;317;274;349;553;673;526
1,12812,13041,1,1,127,12,3,34;167;123;235;183;519;317;274;357;561;673;719
0,12860,12935,1,1,0,11,0,119;105;225;135;484;317;248;309;513;673;526
1,12858,12928,1,0,77,11,2,121;107;235;137;486;317;250;311;515;673;526
1,12788,12854,1,0,118,13,1,6;58;191;5;177;255;207;556;317;274;381;585;673
1,12772,12990,1,1,104,14,9,22;74;4;207;21;193;255;223;572;529;274;397;601;673
1,12805,12868,1,1,113,12,3,41;174;123;235;190;539;317;274;364;568;673;726
1,12794,12863,1,0,118,12,2,0;52;185;123;255;201;550;317;274;375;579;673
1,12752,13037,1,0,120,13,8,42;94;24;227;41;213;255;243;592;549;274;408;621
1,12742,12825,1,0,81,12,2,52;104;34;237;51;213;278;253;602;559;274;408
1,12758,13057,1,0,96,14,7,36;88;18;221;35;207;255;237;578;543;274;408;615;888
1,12753,12826,1,1,100,13,3,41;93;23;226;40;212;255;242;591;548;274;408;620
1,12714,12797,1,0,74,12,1,80;132;62;265;79;251;401;281;630;587;274;408
1,12705,12778,1,1,83,12,2,89;141;71;274;88;260;410;290;639;596;274;408
1,12729,12811,1,0,92,12,1,65;117;47;250;64;214;278;266;615;572;274;408
1,12716,12941,1,1,82,12,5,78;130;60;263;77;214;399;279;628;585;274;408
1,14615,14901,1,0,79,9,7,49;182;224;298;87;480;558;579;821
1,14619,14675,1,0,75,9,1,45;178;220;294;83;476;554;390;817
1,14556,14636,1,0,43,8,3,108;241;283;357;111;532;617;638
1,14584,14635,1,0,58,9,1,80;213;255;329;111;511;589;610;852
1,14668,14885,1,0,80,10,3,129;171;245;34;427;505;390;768;647;266
1,14676,14925,1,0,80,10,4,121;163;237;26;419;486;390;760;639;258
1,14620,14671,1,0,67,10,2,30;177;219;293;82;475;553;390;816;695
1,14639,14708,1,0,93,11,2,25;158;200;274;63;456;519;390;797;676;295
1,14398,14472,1,0,63,14,3,14;32;28;266;399;124;127;52;1;441;515;111;697;775
1,14425,14480,1,0,61,13,2,5;1;239;372;97;100;51;414;488;111;670;748;769
1,14353,14415,1,0,67,16,3,59;77;73;9;311;444;169;43;172;134;30;486;560;111;742;820
1,14393,14482,1,0,61,15,2,19;37;33;271;404;129;3;132;94;6;446;520;111;702;780
1,14482,14571,1,0,56,11,2,182;315;40;43;5;357;406;111;613;691;712
1,14552,14627,1,0,42,8,2,112;245;287;361;111;543;621;642
1,14429,14516,1,1,61,12,1,1;235;368;93;96;51;410;484;111;636;744;765
1,14459,14511,1,0,62,11,1,205;338;63;66;28;380;454;111;636;714;735
1,14297,14380,1,0,61,17,3,115;133;129;65;367;12;500;225;99;16;228;173;102;542;616;405;798
1,14290,14348,1,0,69,17,5,122;140;136;72;374;19;507;232;106;23;235;197;109;549;623;412;805
1,14241,14299,1,1,69,19,5,171;6;189;185;25;121;423;68;556;281;144;72;284;246;158;598;672;461;844
1,14216,14276,1,0,49,19,5,196;31;214;210;50;146;448;93;581;306;144;97;309;271;183;623;697;486;844
1,14351,14421,1,1,67,16,5,61;79;75;11;313;446;171;45;174;136;48;488;562;111;744;822
1,14337,14407,1,0,79,16,3,75;93;89;25;327;460;185;59;188;150;62;502;576;172;758;836
1,14330,14615,1,1,61,15,7,82;100;96;32;334;467;192;66;195;157;69;509;583;209;765
1,14327,14618,1,0,67,15,8,85;103;99;35;337;470;195;69;198;160;72;512;586;375;768
0,14127,14211,1,1,0,18,0,23;285;120;303;299;139;215;537;182;657;395;269;108;398;360;258;642;786
1,14125,14204,1,1,90,18,7,25;287;122;305;301;141;215;539;184;657;397;271;108;400;362;274;642;788
1,14123,14197,1,0,77,18,3,27;289;124;307;303;143;239;541;186;657;399;273;108;402;364;276;642;790
1,14121,14208,1,0,68,18,3,29;291;126;309;305;145;241;543;188;676;401;275;108;404;366;278;642;792
1,14179,14260,1,1,42,19,3,233;68;251;247;87;183;485;130;618;343;217;108;346;308;220;642;734;523;844
1,14172,14261,1,0,70,19,5,240;75;258;254;94;190;492;137;625;350;224;108;353;315;227;642;741;530;923
1,14165,14218,1,1,70,19,6,247;82;265;261;101;197;499;144;632;357;231;108;360;322;234;642;748;537;930
1,14144,14202,1,0,79,19,6,6;268;103;286;282;122;215;520;165;653;378;252;108;381;343;255;642;769;558
1,13952,14004,1,0,56,18,4,198;460;23;295;468;474;314;410;712;357;807;570;444;333;502;535;447;887
1,13972,14263,1,0,49,18,13,178;440;3;275;458;454;294;390;692;337;807;550;424;333;502;515;398;867
1,13992,14046,1,0,69,17,3,158;420;255;438;434;274;370;672;317;805;530;404;108;502;495;398;847
1,14009,14095,1,1,74,17,6,141;401;238;421;417;257;353;655;300;788;513;387;108;502;478;390;830
1,14011,14075,1,0,74,17,5,139;401;236;419;415;255;351;653;298;786;511;385;108;502;404;388;828
1,14060,14310,1,0,62,17,12,90;352;187;370;366;206;302;604;249;737;462;336;108;465;404;339;779
1,14082,14144,1,0,85,17,3,68;330;165;334;344;184;280;582;227;715;440;314;108;443;404;317;757
1,14095,14339,1,0,75,17,8,55;317;152;334;331;171;248;569;214;702;427;301;108;430;392;304;744
1,13833,13904,1,1,76,16,1,8;317;579;142;414;597;593;428;529;831;476;807;680;563;480;692
1,13841,14135,1,0,99,17,15,0;309;571;134;406;589;585;412;521;823;468;807;680;555;472;684;646
1,13865,13928,1,0,107,17,3,285;547;110;382;565;561;401;497;718;444;807;657;531;448;660;622;534
1,13883,13953,1,1,99,17,3,267;529;92;364;547;543;383;479;718;421;807;639;513;430;642;604;516
1,13905,14170,1,0,123,17,14,237;507;70;342;525;521;361;457;718;404;807;617;491;408;620;582;494
1,13912,13978,1,0,99,17,1,237;500;63;335;518;514;354;450;718;397;807;610;484;401;502;575;487
1,13912,13998,1,0,115,17,4,237;500;63;335;518;514;343;450;718;397;807;610;484;401;502;575;487
1,13942,13993,1,1,43,17,4,208;470;33;305;488;484;324;420;718;367;807;580;454;333;502;545;457
1,13747,13799,1,0,90,16,2,94;26;403;665;228;488;683;679;519;615;917;562;1050;775;649;566
1,13728,13810,1,1,42,15,4,11;9;113;45;422;681;247;488;702;698;538;634;936;581;1069
0,13772,13822,1,0,0,16,0,69;1;378;640;203;475;658;654;494;590;892;495;1025;750;624;541
1,13769,13831,1,1,96,16,3,72;4;381;642;206;478;661;657;497;593;895;540;1028;753;627;544
1,13797,13849,1,1,83,15,3,44;353;615;178;450;633;629;469;565;867;495;807;725;599;516
1,13775,14012,1,1,100,15,10,66;375;637;200;472;655;651;491;587;889;495;1022;747;621;538
1,13826,13886,1,0,82,16,1,15;324;584;149;421;604;600;440;536;838;483;807;680;570;487;699
1,13798,13878,1,0,80,15,4,43;352;584;177;449;632;628;468;564;866;495;807;724;598;515
1,13602,13672,1,1,86,14,2,44;137;11;12;135;239;171;548;810;373;488;779;735;664
1,13582,13642,1,0,69,14,3,64;157;31;32;155;259;191;568;830;393;488;779;735;670
1,13644,13863,1,0,63,14,5,2;95;93;197;129;506;768;331;488;779;726;622;718;1020
1,13635,13854,1,0,60,12,6,11;104;102;206;138;515;777;340;488;779;735;631
1,13668,13733,1,1,56,13,2,71;69;173;105;427;744;307;488;762;726;598;694;996
1,13651,13898,1,0,55,13,6,88;86;190;122;456;761;324;488;779;726;615;711;1013
1,13683,13737,1,1,56,13,2,56;54;158;90;427;698;292;488;747;726;583;679;981
1,13679,13764,1,1,52,13,2,60;58;162;94;427;733;296;488;751;726;587;683;985
0,11651,11732,1,0,0,8,0,118;238;379;244;626;574;485;562
1,11654,11731,1,0,78,8,2,115;235;379;241;623;571;482;559
1,11660,11745,1,0,75,8,2,109;206;379;235;617;565;476;553
1,11660,11721,1,0,80,8,1,84;206;379;235;617;565;476;553
0,11555,11613,1,0,0,9,0,17;196;314;379;268;705;670;581;658
0,11576,11631,1,0,0,8,0,193;313;379;268;701;649;560;637
1,11612,11662,1,0,80,8,1,157;277;379;268;665;613;524;601
1,11622,11679,1,0,81,8,2,147;267;379;253;655;603;514;591
1,11706,11963,1,1,106,9,6,63;154;379;189;571;519;430;507;906
1,11718,11932,1,0,100,9,3,51;154;379;177;559;369;418;495;906
1,11719,12016,1,1,107,9,5,50;154;379;176;398;369;417;494;906
1,11720,11802,1,1,90,9,1,49;154;379;175;357;369;416;493;906
1,11689,11928,1,0,123,9,6,80;200;379;206;588;536;447;524;995
1,11690,11777,1,0,113,9,2,79;199;379;205;587;535;446;523;906
1,11692,11766,1,1,125,9,2,77;165;379;203;585;533;444;521;906
0,11702,11770,1,0,0,9,0,67;154;379;193;575;523;434;511;906
0,11774,11857,1,0,0,8,0,115;343;121;353;338;197;439;880
1,11773,11852,1,1,68,8,1,116;344;122;355;338;197;440;880
1,11794,12009,1,1,105,9,4,95;323;95;353;338;197;419;880;1000
1,11776,12046,1,1,104,8,3,113;341;119;353;338;197;437;880
1,11743,12003,1,0,80,9,3,26;146;374;152;357;339;197;470;906
1,11735,11992,1,1,75,9,5,34;154;379;160;357;339;401;478;906
1,11771,11986,1,0,86,8,3,118;346;124;355;339;197;442;880
1,11749,11837,1,1,73,9,1,20;140;368;146;357;339;197;464;880
1,11877,11929,1,1,74,10,2,12;240;18;353;338;197;336;807;749;503
0,11869,11941,1,1,0,10,0,20;248;26;353;338;197;344;815;749;503
1,11890,12112,1,0,64,9,3,227;5;322;335;197;323;794;749;503
1,11886,11971,1,1,53,10,1,3;231;9;353;338;197;327;798;749;503
1,11845,12049,1,1,107,10,3,44;272;50;353;338;197;368;839;949;555
0,11828,11896,1,0,0,9,0,61;289;67;353;338;197;385;856;966
1,11863,12101,1,1,87,10,6,26;254;32;353;338;197;350;821;803;503
1,11845,11898,1,0,98,10,1,44;272;50;353;338;197;368;839;803;555
1,11166,11252,1,0,74,11,2,4;116;77;120;169;90;19;91;201;280;288
1,11177,11252,1,0,80,12,2,4;105;66;109;158;79;8;80;201;254;277;395
1,11143,11232,1,0,96,11,2,4;139;100;143;192;113;42;110;259;303;299
1,11152,11232,1,0,76,11,3,4;130;91;134;183;104;33;105;214;294;299
1,11109,11174,1,1,68,11,2,4;173;134;177;226;147;52;110;287;337;299
0,11121,11172,1,1,0,11,0,4;161;122;143;214;135;52;110;281;325;299
1,11106,11165,1,0,58,11,3,4;176;137;180;229;150;52;151;296;340;299
1,11108,11164,1,1,57,11,1,4;174;135;178;227;148;52;149;287;338;299
0,11288,11372,1,0,0,7,0,47;114;154;162;284;481;337
1,11294,11375,1,0,53,7,2,41;108;152;160;278;475;337
1,11275,11554,1,0,48,9,3,7;11;60;126;171;162;297;494;614
1,11275,11333,1,1,48,9,2,7;11;60;126;171;162;297;494;337
1,11248,11533,1,0,83,10,3,34;38;87;8;9;146;198;206;324;521
1,11261,11537,1,0,43,9,2,21;25;74;126;185;193;311;508;628
1,11208,11293,1,0,76,12,1,4;74;35;78;127;48;49;194;238;246;364;561
1,11236,11312,1,1,83,12,2,0;46;7;50;99;20;21;166;210;218;336;533
1,11457,11692,1,1,112,7,5,115;312;336;660;438;820;768
0,11454,11512,1,0,0,8,0,0;118;315;336;663;441;823;771
0,11435,11495,1,0,0,8,0,11;19;137;334;336;682;460;842
1,11404,11493,1,0,96,7,2,42;50;168;365;336;713;491
0,11391,11451,1,0,0,8,0,11;55;63;181;378;336;726;504
0,11388,11454,1,0,0,8,0,14;58;66;184;381;336;729;507
1,11353,11431,1,0,90,8,2,49;93;101;219;416;336;764;542
1,11313,11398,1,0,53,7,3,22;89;133;141;259;456;337
1,11550,11617,1,1,118,9,2,22;196;336;379;268;705;675;586;663
1,11549,11626,1,1,112,9,2,23;218;336;379;268;705;676;587;664
1,11543,11780,1,0,146,9,4,29;218;336;379;268;734;682;593;670
1,11539,11756,1,0,139,9,5,33;218;336;578;268;738;686;597;674
0,11493,11571,1,0,0,7,0,79;218;336;624;268;784;732
1,11486,11556,1,0,93,7,1,86;283;336;631;268;790;739
1,11466,11555,1,0,112,7,1,106;303;336;651;268;811;759
0,11463,11539,1,0,0,7,0,109;306;336;654;268;814;762
0,12290,12341,1,0,0,10,0,394;495;110;556;440;352;239;523;436;675
1,12291,12367,1,1,75,10,3,393;495;109;555;440;351;238;523;436;674
1,12292,12359,1,1,83,10,2,392;495;72;554;440;350;237;523;436;673
1,12296,12362,1,0,79,10,3,388;495;72;550;440;346;210;523;436;669
1,12301,12362,1,1,86,10,1,383;493;72;545;440;341;210;523;421;664
1,12308,12370,1,1,90,11,1,374;486;72;538;440;334;210;523;421;657;336
1,12327,12599,1,0,83,11,9,357;467;72;519;440;315;202;523;421;619;317
1,12337,12423,1,0,55,11,2,347;457;63;509;439;305;186;523;421;619;307
1,12356,12639,1,0,62,11,9,328;438;44;490;420;286;173;523;421;609;288
1,12359,12441,1,0,55,11,2,325;435;41;487;417;283;170;523;397;606;285
1,12364,12417,1,1,61,12,2,320;430;36;482;396;278;165;523;397;601;280;751
1,12367,12436,1,0,73,12,2,317;427;33;479;386;275;162;523;397;598;277;748
1,12375,12439,1,0,91,13,2,309;419;25;471;386;267;154;523;397;590;269;740;620
1,12395,12450,1,0,91,13,1,289;399;5;451;381;247;134;523;397;570;249;720;600
1,12400,12456,1,0,99,13,2,284;394;0;446;376;242;129;523;393;563;244;715;595
1,12437,12504,1,1,92,13,3,247;357;409;339;205;92;523;356;528;207;678;558;907
1,12452,12697,1,1,115,13,12,35;342;394;324;190;77;495;341;513;192;663;543;892
1,12447,12695,1,1,116,13,8,237;347;399;329;195;82;495;346;518;197;668;548;897
1,12491,12559,1,0,100,13,1,35;303;355;285;151;38;488;302;474;153;456;504;747
1,12486,12746,1,0,92,13,9,35;308;360;290;156;43;493;307;479;158;456;509;858
1,12546,12627,1,0,69,12,2,35;248;300;230;96;433;247;419;98;456;449;747
1,12519,12607,1,1,69,13,2,35;275;327;257;123;10;460;274;446;125;456;476;747
1,12580,12669,1,0,67,12,2,35;214;266;196;62;399;213;385;64;456;382;747
1,12549,12631,1,0,68,12,1,35;245;297;227;93;430;242;416;95;456;446;747
1,12612,12684,1,0,92,14,2,35;182;234;164;30;367;181;353;32;456;382;716;689;496
1,12600,12675,1,0,76,13,2,35;194;246;176;42;379;193;365;44;456;382;744;701
1,12626,12842,1,0,96,14,7,35;168;220;150;16;353;167;339;18;456;369;716;675;482
0,12613,12690,1,1,0,14,0,35;181;233;163;29;354;180;352;31;456;382;716;688;495
1,12639,12710,1,1,86,15,2,35;155;207;137;3;340;154;318;5;456;356;705;662;274;530
1,12628,12716,1,0,100,14,2,35;166;218;148;14;351;165;337;16;456;367;716;673;274
1,12696,12773,1,0,81,12,4,98;150;80;283;97;269;419;299;648;605;274;473
1,12639,12714,1,1,87,15,2,35;155;207;137;3;328;154;318;5;456;356;705;662;274;530
1,11946,12031,1,0,58,8,2,171;322;269;190;267;738;735;454
1,11956,12013,1,1,57,9,2,145;321;269;180;257;728;735;444;890
1,11925,12162,1,0,57,8,3,192;322;300;197;288;759;735;475
1,11939,12023,1,1,66,8,2,178;322;286;197;274;745;735;461
1,12015,12259,1,1,91,12,6,102;262;210;121;198;669;735;385;813;761;627;514
0,12021,12078,1,1,0,12,0,96;256;204;115;192;663;735;379;797;755;621;508
1,11978,12058,1,1,105,12,2,138;299;247;158;235;706;735;422;868;798;664;551
1,11988,12062,1,0,96,12,2,129;289;237;148;225;696;735;412;813;788;654;541
0,12086,12138,1,0,0,13,0,31;191;139;50;84;598;708;314;760;690;556;443;893
1,12086,12297,1,0,95,13,6,31;191;139;50;84;598;708;314;760;690;556;443;893
1,12037,12097,1,1,83,12,3,80;240;188;99;176;647;735;363;797;739;605;492
1,12058,12139,1,0,82,12,3,59;219;167;78;155;626;735;342;788;718;584;471
0,12112,12167,1,0,0,13,0,5;165;113;24;53;572;682;288;734;664;530;336;734
1,12115,12315,1,0,90,13,5,2;162;110;21;53;569;679;285;731;661;527;336;734
1,12088,12324,1,0,93,13,5,29;189;137;48;84;596;706;312;758;688;554;336;891
1,12102,12370,1,0,115,13,9,15;175;123;34;53;582;692;298;744;674;540;336;877
1,12159,12230,1,1,68,12,3,118;66;49;525;635;241;687;617;483;323;734;634
1,12141,12213,1,1,89,12,3,136;84;53;543;653;259;705;635;501;323;734;652
0,12140,12217,1,0,0,12,0,137;85;53;544;654;260;706;636;502;323;734;653
1,12128,12185,1,0,98,13,3,149;97;8;53;556;666;272;718;648;514;323;734;665
1,12222,12302,1,0,70,12,2,55;3;462;572;178;624;554;420;307;734;571;743
0,12208,12278,1,0,0,12,0,69;17;5;476;586;192;638;568;434;321;734;585
1,12181,12236,1,0,64,12,3,96;44;32;503;613;203;665;595;461;323;734;612
1,12164,12234,1,0,67,12,2,113;61;36;520;630;236;682;612;478;323;734;629
1,12261,12476,1,0,80,11,5,16;423;533;139;585;515;381;268;718;436;704
0,12253,12333,1,0,0,11,0,24;431;541;147;589;523;389;276;726;436;712
1,12237,12288,1,0,80,11,1,40;447;557;163;589;539;405;292;734;436;728
1,12224,12486,1,0,79,12,5,53;1;460;570;176;589;552;418;305;734;569;741
1,12280,12357,1,0,86,10,2,404;514;120;566;496;362;249;523;436;685
1,12280,12359,1,1,77,10,2,404;514;120;566;440;362;249;523;436;685
0,12280,12367,1,0,0,10,0,404;495;120;566;440;362;249;523;436;685
1,12276,12542,1,0,87,11,8,1;408;518;124;570;500;366;253;524;436;689
1,9869,9921,1,1,97,12,1,111;463;414;275;378;524;567;565;752;494;476;521
1,9851,9928,1,1,95,11,1,122;481;447;293;378;524;585;566;770;512;494
1,9907,9987,1,0,93,12,1,73;425;391;237;378;524;529;527;714;456;438;483
1,9896,9950,1,0,92,12,1,84;436;402;248;378;524;540;538;725;467;449;494
1,9821,10080,1,1,129,11,6,159;511;477;323;493;524;615;566;800;542;524
1,9807,10071,1,0,121,13,8,6;9;173;525;491;337;507;730;629;566;814;556;538
0,9832,9904,1,0,0,11,0,122;500;466;312;378;524;604;566;789;531;513
1,9826,10058,1,1,129,11,6,122;506;472;318;488;524;610;566;795;537;519
1,9781,9864,1,1,92,13,1,32;35;199;551;23;517;363;533;756;655;653;840;582
1,9742,9796,1,0,113,11,1,35;71;74;238;590;62;517;402;572;795;674
1,9803,9888,1,0,83,14,1,10;13;177;529;1;495;341;511;734;633;587;818;560;542
1,9797,9871,1,1,99,14,1,16;19;183;535;7;498;347;517;740;639;637;824;566;548
1,9697,9754,1,1,106,9,1,80;116;119;283;635;107;517;447;617
1,9671,9726,1,1,94,9,1,106;142;145;309;661;133;517;473;643
1,9734,9963,1,0,115,11,4,43;79;82;246;598;70;517;410;580;803;702
0,9721,9777,1,0,0,10,0,56;92;95;259;611;83;517;423;593;816
1,10042,10110,1,0,107,16,2,137;250;102;269;495;394;392;579;321;303;348;342;627;559;826;740
1,10055,10105,1,1,106,16,1,137;243;74;259;482;381;379;566;308;290;335;342;614;559;813;727
1,10067,10307,1,0,108,16,10,137;231;74;247;470;366;367;554;296;278;323;342;602;559;801;715
1,10097,10320,1,0,114,16,9,137;201;47;217;440;339;337;524;266;248;293;342;572;554;771;685
1,10014,10251,1,0,123,15,6,142;284;117;300;495;422;420;607;349;331;376;555;655;559;854
1,10019,10277,1,1,123,15,8,137;279;117;295;495;417;415;602;344;326;371;550;650;559;849
1,10032,10115,1,0,97,15,3,137;266;112;282;495;404;402;589;331;313;358;342;637;559;836
1,10039,10111,1,1,106,16,2,137;250;105;275;495;397;395;582;324;306;351;342;630;559;829;743
1,9975,10262,1,1,115,15,13,5;357;323;136;337;524;461;459;646;388;370;415;594;694;824
1,9977,10224,1,0,118,15,6,3;355;321;136;337;524;459;457;644;386;368;413;592;692;559
1,9986,10065,1,0,132,15,2,142;312;136;328;524;450;448;635;377;359;404;583;683;559;882
1,10006,10077,1,1,115,15,2,142;292;136;308;495;430;428;615;357;339;384;563;663;559;862
1,9908,9971,1,0,108,12,2,72;424;390;172;378;524;528;526;713;455;437;482
1,9922,9977,1,0,104,12,2,33;410;376;172;378;524;514;512;699;441;423;468
1,9928,10014,1,1,90,12,2,33;404;370;172;378;524;508;506;693;435;375;462
1,9949,10037,1,0,80,12,2,31;383;349;136;365;524;487;485;672;414;375;441
1,9372,9450,1,0,39,12,2,175;205;105;72;257;405;265;159;237;441;288;608
1,9337,9419,1,1,67,12,2,210;256;140;90;292;429;300;194;272;476;288;643
1,9331,9405,1,0,58,12,2,216;262;146;113;298;429;306;200;278;482;288;649
1,9323,9398,1,0,58,12,3,224;270;154;121;306;429;314;208;286;490;324;657
1,9299,9535,1,0,69,12,4,248;294;178;145;330;429;338;232;288;514;517;674
1,9291,9366,1,1,53,12,1,256;302;186;153;338;477;346;240;288;522;525;674
1,9289,9359,1,1,67,12,2,258;304;188;155;340;477;348;242;320;524;527;674
1,9258,9316,1,0,49,12,4,289;335;219;186;371;477;379;273;351;555;558;698
1,9256,9331,1,0,48,12,2,291;337;221;188;373;521;381;275;353;557;560;698
1,9230,9442,1,0,65,12,7,317;363;247;214;399;547;407;301;359;562;586;750
1,9201,9290,1,0,62,11,3,346;392;276;243;428;576;436;323;359;571;615
0,9183,9264,1,0,0,11,0,364;410;294;261;446;594;454;323;359;571;633
0,9176,9237,1,1,0,11,0,371;417;301;268;452;601;461;323;359;571;640
1,9156,9226,1,0,97,11,1,391;437;321;288;473;621;481;323;359;571;660
1,9151,9363,1,0,83,11,4,396;442;326;293;474;626;486;323;359;662;665
1,9135,9367,1,0,69,10,4,412;458;342;309;474;14;642;502;323;474
1,9559,9623,1,1,123,12,1,34;70;218;78;50;254;249;390;773;245;623;585
1,9594,9811,1,0,105,11,6,35;183;43;15;219;222;386;738;210;623;550
1,9522,9780,1,1,98,13,5,25;71;107;255;115;9;87;291;249;390;810;282;776
1,9539,9606,1,1,76,12,1,8;54;90;238;98;70;274;249;390;793;265;623
1,9493,9572,1,0,98,12,2,54;100;136;284;144;38;116;292;285;390;839;311
1,9518,9584,1,0,92,13,1,29;75;111;259;119;13;91;292;285;390;814;286;780
1,9461,9529,1,0,87,12,2,86;132;16;168;316;176;70;139;352;285;390;871
1,9469,9737,1,0,96,13,4,78;124;8;160;308;168;62;139;330;285;390;863;335
1,9435,9491,1,0,67,13,1,112;158;42;9;194;342;202;88;174;378;285;390;897
0,9453,9513,1,1,0,12,0,94;140;24;176;324;184;78;139;360;285;390;879
1,9409,9663,1,0,68,13,6,138;184;68;35;220;362;228;88;200;400;285;571;923
1,9413,9472,1,0,63,13,2,134;180;64;31;216;362;224;88;196;400;285;390;919
1,9397,9460,1,0,43,12,2,150;196;80;47;232;362;240;134;212;400;285;583
1,9404,9466,1,1,53,13,4,143;189;73;40;225;362;233;127;205;400;285;576;928
1,9385,9604,1,0,39,12,4,162;205;92;59;244;362;252;146;224;428;288;595
1,9388,9454,1,0,44,12,4,159;205;89;56;241;362;249;143;221;425;285;592
1,10729,10785,1,1,102,14,1,70;139;53;9;507;553;514;515;413;343;527;456;528;673
1,10678,10735,1,1,74,13,2,121;190;104;60;558;604;565;515;413;31;394;578;507
0,10753,10835,1,0,0,13,0,46;115;29;483;529;490;511;413;319;503;432;504;649
1,10751,10807,1,1,85,13,3,48;117;31;485;531;492;515;413;321;505;434;506;651
1,10792,10854,1,0,75,12,1,7;76;444;490;451;494;413;280;464;393;465;610
0,10774,10845,1,0,0,13,0,25;94;8;462;508;469;511;413;298;482;411;483;628
1,10803,11043,1,0,85,11,4,34;433;479;440;483;413;246;453;382;454;599
1,10798,10862,1,0,80,12,1,1;34;438;484;445;488;413;274;458;387;459;604
1,10590,10665,1,0,86,13,3,31;79;209;278;141;148;646;692;653;515;745;119;466
1,10577,10795,1,0,101,13,5,44;92;222;291;205;161;659;705;666;515;758;132;495
1,10634,10719,1,0,91,14,3,35;165;234;141;104;602;648;609;515;673;75;438;622;551
1,10613,10671,1,1,70,14,3,8;56;186;255;141;116;623;669;630;515;722;96;459;643
1,10663,10944,1,0,69,14,3,6;129;205;119;75;573;619;580;515;672;46;409;593;522
1,10655,10710,1,0,70,14,2,14;143;213;127;83;581;627;588;515;673;54;417;601;530
1,10674,10745,1,0,80,13,3,125;194;108;64;562;608;569;515;448;35;398;582;511
1,10665,10731,1,0,71,14,3,4;129;203;117;73;571;617;578;515;492;44;407;591;520
1,10990,11214,1,0,80,12,6,246;273;253;296;345;82;266;195;267;412;456;330
1,11000,11076,1,1,80,12,2,236;273;243;286;335;72;256;52;257;402;446;330
1,11003,11085,1,0,90,12,1,233;273;240;271;332;69;253;52;254;399;443;330
1,11011,11064,1,0,74,12,2,225;271;232;271;312;61;245;52;246;391;435;330
1,11033,11105,1,1,91,12,2,203;249;210;253;302;39;223;52;224;369;413;330
1,11050,11139,1,1,73,12,3,186;232;193;236;285;22;201;52;207;352;396;330
1,11053,11128,1,0,80,12,2,183;229;190;233;282;19;201;52;204;349;393;299
1,11097,11330,1,0,90,11,3,139;185;146;187;238;159;52;160;305;349;299
1,10816,10880,1,0,79,11,1,34;420;466;427;470;413;246;440;369;441;445
1,10822,11063,1,0,91,12,5,34;414;460;421;464;413;246;434;363;434;445;624
1,10864,10943,1,0,106,12,2,4;372;418;379;422;413;208;392;321;393;445;524
1,10904,10968,1,1,110,12,2,332;378;339;382;413;168;352;281;353;445;506;550
1,10925,10997,1,0,75,12,3,311;357;318;361;410;147;331;260;332;445;506;529
1,10946,11032,1,0,86,12,3,290;336;297;340;389;126;310;239;311;445;500;508
1,10954,11212,1,0,93,12,7,282;273;289;332;381;118;302;231;303;445;492;500
0,10957,11018,1,0,0,12,0,279;273;286;329;378;115;299;228;300;445;489;330
1,10252,10341,1,1,91,16,4,80;46;62;285;79;182;369;111;93;138;304;417;532;616;493;486
1,10249,10546,1,0,96,16,8,83;49;65;288;79;185;372;114;96;141;304;420;532;619;533;489
1,10233,10290,1,1,80,16,2,99;65;81;304;79;201;382;130;112;157;336;436;532;635;549;491
1,10209,10265,1,1,98,16,2,123;89;105;328;79;225;382;154;136;181;342;460;532;659;573;491
1,10281,10334,1,0,70,16,2,51;17;33;256;79;153;340;68;64;109;288;388;518;587;493;433
1,10279,10338,1,0,75,16,3,53;19;35;258;79;155;342;68;66;111;290;390;520;589;493;459
1,10273,10327,1,0,92,16,1,58;25;41;264;79;161;348;90;72;117;295;396;526;595;493;465
1,10263,10338,1,0,92,16,3,58;35;51;274;79;171;358;100;82;127;304;406;532;605;493;475
1,10152,10445,1,1,124,16,12,137;146;162;385;284;282;383;211;193;238;342;517;546;716;630;586
1,10130,10378,1,2,129,17,10,137;168;14;184;407;306;304;491;233;215;260;342;539;546;738;652;608
1,10130,10187,1,1,115,17,3,137;168;14;184;407;306;304;383;233;215;260;342;539;546;738;652;608
1,10105,10177,1,1,100,16,2,137;193;39;209;432;331;329;516;258;240;285;342;564;546;763;677
1,10198,10260,1,2,89,16,2,134;100;116;339;79;236;383;165;147;192;342;471;532;670;584;491
1,10173,10378,1,2,117,16,6,137;125;141;364;263;261;383;190;172;217;342;496;532;695;609;491
1,10166,10233,1,1,115,16,2,137;132;148;371;270;268;383;197;179;224;342;503;532;702;616;491
1,10152,10238,1,1,116,16,3,137;146;162;385;284;282;383;211;193;238;342;517;546;716;630;491
0,10425,10499,1,0,0,12,0,112;11;9;196;144;186;374;443;263;313;724;857
1,10511,10569,1,0,74,13,3,26;110;58;158;288;357;263;227;724;771;732;775;824
1,10385,10446,1,1,81,13,1,152;51;49;236;5;184;284;414;483;263;353;724;897
1,10397,10486,1,1,79,12,2,140;39;35;224;172;272;402;471;263;341;724;885
1,10558,10830,1,1,118,14,9,63;11;111;241;310;224;174;678;724;685;614;777;151;514
1,10577,10642,1,0,106,13,1,44;92;222;291;205;161;659;705;666;515;758;132;466
1,10524,10583,1,1,85,14,3,13;97;45;145;275;344;258;205;712;758;719;762;811;185
1,10541,10818,1,0,90,14,8,80;28;128;258;327;241;174;695;741;702;745;794;168;531
1,10295,10368,1,0,75,17,3,37;3;19;242;79;139;326;68;50;95;271;374;504;573;487;433;941
1,10296,10352,1,1,106,17,3,36;2;18;241;71;138;325;67;49;94;271;373;503;572;486;433;940
1,10284,10345,1,1,92,17,2,48;14;30;243;79;150;337;68;61;106;285;385;515;584;493;433;952
1,10292,10363,1,0,70,17,3,40;6;22;243;79;142;329;68;53;98;277;377;507;576;490;433;944
1,10313,10537,1,0,77,16,5,19;1;224;71;121;308;50;32;77;256;356;486;555;263;399;759
1,10338,10604,1,1,92,14,6,199;71;96;283;25;7;52;231;331;461;530;263;399;726
1,10299,10584,1,0,107,16,9,33;15;238;71;135;322;64;46;91;270;370;500;569;483;399;937
1,10301,10524,1,0,92,16,6,31;13;236;71;133;320;62;44;89;268;368;498;567;481;399;759
1,8742,8829,1,0,53,8,1,38;105;100;132;376;799;851;735
1,8732,8811,1,0,48,8,1,48;115;110;132;386;815;861;745
0,8784,8837,1,1,0,10,0,63;58;132;334;763;809;693;660;845;365
1,8751,8814,1,0,75,9,2,29;96;91;132;367;784;842;726;693
1,8701,8755,1,0,37,8,2,79;146;19;141;132;417;846;892
1,8690,8905,1,0,37,8,4,90;157;30;152;345;428;857;903
1,8714,8798,1,0,40,8,2,66;133;6;128;132;404;833;879
0,8707,8784,1,0,0,8,0,73;140;13;135;132;411;840;882
1,8598,8864,1,0,44,8,3,59;182;226;101;221;355;520;949
1,8593,8659,1,0,58,8,2,64;187;254;101;221;355;525;951
1,8647,8706,1,0,38,8,2,10;133;200;60;195;355;471;900
1,8640,8707,1,0,35,8,1,17;140;207;80;202;355;478;907
1,8560,8631,1,0,52,8,1,97;220;287;160;221;355;558;987
1,8539,8779,1,0,63,10,3,118;6;14;241;297;181;221;355;579;1008
1,8581,8848,1,1,52,8,4,76;199;266;139;221;355;537;951
1,8569,8623,1,0,52,8,1,88;211;278;151;221;355;549;962
1,8498,8563,1,1,104,11,3,159;47;36;28;282;349;202;251;537;620;1027
1,8508,8587,1,0,87,11,3,149;37;36;18;272;339;202;222;527;610;1027
1,8509,8594,1,0,81,11,2,148;36;36;17;271;338;202;221;526;609;1027
1,8538,8777,1,1,57,10,2,119;7;15;242;297;182;221;497;580;1009
1,8423,8493,1,0,80,11,3,234;24;122;130;103;333;424;202;252;612;695
1,8471,8542,1,0,83,10,2,186;74;82;55;309;376;202;251;564;647
1,8481,8545,1,1,105,11,2,176;64;36;45;299;366;202;251;554;637;1066
1,8486,8569,1,1,103,11,2,171;56;36;40;294;361;202;251;549;632;1061
0,8378,8452,1,1,0,11,0,278;69;167;175;148;402;461;202;463;657;740
1,8395,8671,1,0,79,11,7,262;52;150;158;131;385;452;202;447;640;723
1,8406,8479,1,1,80,11,3,251;41;139;147;120;374;441;202;287;629;712
1,8421,8489,1,0,74,11,2,236;26;124;132;105;359;426;202;252;614;697
0,8301,8354,1,1,0,10,0,356;146;244;252;225;479;461;202;463;734
1,8320,8405,1,0,86,10,2,337;127;225;233;206;460;461;202;463;715
0,8359,8414,1,0,0,11,0,298;88;186;194;167;402;461;202;463;676;759
1,8372,8431,1,0,69,11,3,285;75;173;181;154;402;461;202;463;663;746
1,9110,9184,1,1,68,11,1,8;437;483;367;334;493;39;663;527;323;499
1,9104,9192,1,0,67,11,1,14;443;489;373;340;514;45;663;533;323;505
1,9097,9156,1,0,55,11,1,21;450;496;380;347;514;52;680;540;323;512
1,9077,9137,1,0,76,11,2,41;470;516;393;367;514;72;700;560;323;532
1,9073,9140,1,0,90,11,1,45;474;520;393;371;556;76;704;564;323;536
1,9056,9263,1,1,78,10,2,62;491;537;393;388;573;80;721;581;323
1,9043,9100,1,0,50,10,2,75;504;550;434;394;586;80;724;594;323
1,9034,9104,1,0,52,11,2,1;84;513;559;435;394;595;95;724;603;323
1,9033,9094,1,0,49,11,1,2;85;514;560;435;394;596;95;744;604;323
1,9012,9089,1,0,46,11,2,23;106;535;581;435;394;617;95;765;625;323
1,9010,9275,1,0,47,11,6,25;108;537;583;435;434;619;95;767;627;323
1,8980,9035,1,0,49,11,2,55;138;567;613;435;437;620;95;772;657;330
1,8977,9045,1,0,59,11,1,58;141;570;616;466;437;620;95;772;660;330
1,8971,9234,1,0,58,11,4,64;147;576;622;466;437;620;95;772;666;560
1,8956,9022,1,1,64,11,1,79;162;591;627;466;437;620;95;788;681;575
1,8954,9014,1,0,49,11,1,81;164;593;627;466;437;667;95;788;683;577
1,8943,9017,1,0,48,11,1,92;175;604;650;466;437;667;95;834;694;588
1,8953,9013,1,1,66,11,1,82;165;594;627;466;437;667;95;824;684;578
1,8903,8983,1,0,61,10,1,132;215;644;690;466;437;678;95;874;734
1,8915,8987,1,1,63,10,1,120;203;632;678;466;437;669;95;862;722
1,8862,9152,1,0,98,9,3,132;256;685;730;466;437;678;287;915
1,8864,8944,1,0,111,9,2,132;254;683;729;466;437;678;95;913
1,8838,9122,1,0,112,10,4,9;4;132;280;709;750;639;437;678;311
1,8842,9102,1,0,104,10,2,5;0;132;276;705;730;635;437;678;307
1,8830,9076,1,0,119,10,5,17;8;132;288;717;763;647;437;697;319
1,8831,8889,1,0,105,10,2,16;8;132;287;716;762;646;437;678;318
0,8810,8869,1,0,0,10,0,37;8;132;308;737;783;667;437;819;339
1,8819,9115,1,0,104,10,6,28;8;132;299;728;774;658;437;810;330
0,8802,8867,1,0,0,10,0,45;8;132;316;745;791;675;642;827;347
1,8804,9011,1,0,86,10,4,43;8;132;314;743;789;673;640;825;345
1,8791,8853,1,0,96,10,1,56;51;132;327;756;802;686;653;838;358
0,8802,8871,1,1,0,10,0,45;8;132;316;745;791;675;642;827;347
1,7638,7697,1,0,80,8,3,23;107;81;176;99;532;540;370
1,7631,7844,1,0,90,8,2,30;112;88;183;139;539;547;370
1,7653,7889,1,1,78,8,2,8;92;66;161;99;460;525;368
1,7651,7727,1,1,76,8,4,10;94;68;163;99;519;527;368
1,7668,7756,1,1,83,7,3,77;51;146;94;460;403;368
1,7666,7885,1,1,61,7,1,79;53;148;94;460;512;368
1,7751,7818,1,2,52,6,3,63;72;419;403;320;906
1,7732,7954,1,1,42,6,1,13;82;94;438;403;339
1,7531,7774,1,0,61,7,2,130;214;188;283;366;639;647
1,7459,7534,1,0,48,5,1,202;286;260;355;409
1,7564,7647,1,0,96,8,1,97;181;155;250;139;606;614;370
1,7548,7820,1,0,75,8,6,113;197;171;266;139;622;630;523
1,7579,7636,1,0,89,8,2,82;160;138;235;139;591;599;370
1,7564,7780,1,0,84,8,1,97;181;138;250;139;606;614;370
1,7621,7674,1,0,85,8,1,40;124;98;193;139;549;557;370
1,7593,7649,1,1,85,8,2,68;152;126;221;139;577;585;370
1,7256,7342,1,1,56,8,2,110;92;72;405;474;463;519;587
1,7258,7345,1,0,43,8,3,108;90;70;350;474;461;519;587
1,7265,7354,1,0,61,8,2,37;83;63;350;474;454;519;587
1,7326,7540,1,0,48,8,3,37;22;2;335;419;393;488;547
1,7361,7632,1,0,63,6,4,5;300;384;358;453;536
1,7403,7481,1,0,52,5,2,258;342;316;411;494
1,7438,7693,1,0,61,5,5,223;307;281;376;459
1,7453,7739,1,1,48,5,4,208;292;266;359;444
1,7164,7233,1,0,41,9,3,146;184;164;497;547;37;555;631;587
1,7177,7450,1,0,43,9,3,146;157;151;484;547;24;542;631;587
1,7191,7278,1,0,61,9,1,146;157;137;470;540;10;528;623;587
1,7221,7299,1,0,39,8,1,145;127;107;440;524;498;573;587
1,7235,7289,1,0,48,8,1,131;113;93;426;510;484;573;587
1,7235,7288,1,1,48,8,1,131;113;93;426;494;484;573;587
1,7242,7533,1,0,64,8,5,124;106;86;419;475;477;572;587
1,7249,7327,1,0,62,8,2,117;99;79;412;474;470;565;587
1,8254,8478,1,1,91,10,6,403;193;291;299;272;526;528;466;588;781
1,8177,8240,1,0,75,11,3,1;480;270;368;376;349;603;528;516;665;858
1,8169,8252,1,1,68,11,1,1;9;488;278;376;384;357;611;528;516;673
1,8146,8442,1,0,74,11,7,24;26;511;301;399;407;367;634;701;516;696
1,8299,8385,1,0,80,10,3,358;148;246;254;227;481;461;224;463;736
1,8294,8368,1,0,91,10,3,363;153;251;259;232;486;528;224;463;741
1,8280,8579,1,0,93,10,6,377;167;265;273;246;500;528;440;463;755
1,8263,8318,1,1,79,10,1,394;184;282;290;263;517;528;457;463;772
1,8056,8137,1,0,61,9,1,114;26;15;586;379;460;455;470;724
1,8043,8132,1,0,58,9,1,123;26;28;586;379;460;510;483;737
1,8030,8111,1,1,70,9,1,123;26;40;619;379;460;523;496;750
1,8014,8102,1,0,77,9,3,156;26;40;619;379;460;539;512;766
1,8144,8218,1,0,69,11,3,26;26;513;303;401;409;367;636;703;517;698
1,8134,8362,1,0,87,11,6,36;26;523;313;411;419;367;646;713;586;708
1,8109,8191,1,1,58,10,2,61;26;548;338;436;444;417;671;738;611
0,8086,8142,1,0,0,10,0,84;26;571;361;459;455;440;694;761;634
1,7966,8232,1,0,84,8,6,204;212;105;691;379;579;587;560
1,7968,8214,1,0,90,8,6,202;210;103;689;379;474;585;558
0,7904,7969,1,0,0,7,0,266;259;167;753;379;641;649
1,7910,7995,1,1,70,7,2,260;259;161;747;379;635;643
1,8002,8060,1,0,86,9,1,168;26;40;655;379;460;551;524;778
1,8008,8070,1,1,68,9,3,162;26;40;619;379;460;545;518;772
1,7984,8042,1,0,79,9,2,186;26;87;673;379;474;569;542;796
1,7998,8278,1,0,87,9,7,172;26;40;659;379;474;555;528;782
1,7801,8099,1,1,70,7,5,13;72;369;377;270;809;507
1,7810,7879,1,0,61,7,2,4;72;360;368;261;809;379
1,7769,8000,1,0,80,7,5,45;72;401;403;302;888;678
1,7772,7853,1,1,43,7,1,42;72;398;403;299;885;507
1,7870,7953,1,0,25,7,1,8;300;308;201;787;379;675
1,7877,7957,1,0,44,7,1,8;293;286;194;780;379;668
1,7821,7880,1,0,66,6,1,72;340;357;250;809;379
1,7866,7955,1,0,26,7,1,31;304;312;205;791;379;679
1,6539,6592,1,0,79,10,3,43;134;132;278;157;477;458;827;607;460
1,6551,6613,1,1,99,10,1,31;122;120;266;145;457;458;815;595;448
0,6553,6613,1,0,0,10,0,29;120;118;264;115;457;458;813;593;446
1,6554,6616,1,0,98,10,3,28;119;117;263;115;457;458;812;592;445
0,6491,6542,1,1,0,10,0,91;182;134;326;205;525;470;875;626;508
1,6500,6559,1,1,110,10,2,82;173;134;317;196;516;470;866;626;499
0,6506,6583,1,1,0,10,0,76;167;134;311;190;488;470;860;626;493
1,6525,6581,1,0,99,10,3,57;148;134;292;171;488;470;841;621;474
1,6618,6680,1,1,84,10,2,55;53;199;56;398;403;748;528;287;447
1,6636,6693,1,1,101,10,2,37;35;181;56;380;373;730;510;287;429
1,6642,6700,1,0,86,10,1,31;29;159;54;374;373;724;504;287;423
1,6648,6727,1,1,83,10,3,25;23;159;24;368;373;718;498;287;417
1,6571,6790,1,0,105,11,5,11;102;97;246;115;445;450;795;575;428;494
1,6572,6821,1,0,107,11,5,10;101;97;245;115;444;449;794;574;287;493
0,6591,6651,1,0,0,10,0,82;80;226;105;425;430;775;555;287;474
1,6610,6664,1,1,82,10,1,63;61;207;86;406;411;756;536;287;455
1,6361,6611,1,0,118,8,5,44;221;312;310;382;335;596;660
0,6338,6424,1,1,0,8,0,67;14;244;335;333;382;358;596
0,6375,6446,1,0,0,9,0,30;207;298;296;362;321;596;470;991
1,6365,6415,1,0,126,8,2,40;217;308;306;382;331;596;470
1,6303,6364,1,0,112,8,1,102;18;279;370;368;382;393;713
1,6297,6367,1,0,132,8,1,108;46;285;376;374;382;399;719
1,6331,6531,1,0,98,8,3,74;18;251;342;340;382;365;685
0,6307,6393,1,1,0,8,0,98;18;273;366;364;382;389;709
1,6416,6635,1,0,98,8,3,166;257;255;361;280;575;470;950
1,6404,6483,1,1,106,9,2,1;178;269;267;361;292;575;470;962
1,6474,6552,1,0,99,9,2,108;199;134;343;222;542;470;892;672
0,6456,6509,1,0,0,8,0,126;217;134;361;240;560;470;910
1,6376,6453,1,1,126,9,2,29;206;297;295;362;320;596;470;990
0,6376,6426,1,2,0,9,0,29;206;297;295;361;320;596;470;990
1,6399,6463,1,1,104,9,1,6;183;274;272;361;297;596;470;967
0,6383,6466,1,1,0,9,0,22;199;290;288;361;313;596;470;983
1,7025,7113,1,0,63,8,3,341;121;40;323;303;636;720;133
1,7038,7096,1,0,63,8,2,328;103;27;310;290;623;707;133
1,7005,7069,1,0,50,10,4,11;16;361;141;60;343;323;656;740;196
1,7006,7072,1,0,55,10,2,10;15;360;140;59;342;322;655;739;133
1,6969,7035,1,0,62,11,1,47;52;370;177;30;96;379;359;692;776;232
1,6986,7048,1,0,57,11,2,30;35;370;160;13;79;362;342;675;759;215
1,6924,6975,1,1,77,10,3,92;95;442;222;75;141;424;364;737;821
1,6959,7044,1,0,63,11,1,57;62;407;187;40;106;389;364;702;786;242
1,7142,7218,1,0,49,10,2,146;4;206;186;519;603;59;567;631;755
1,7163,7368,1,0,47,9,4,146;185;165;498;547;38;556;631;734
1,7108,7170,1,0,62,9,3,166;38;240;220;553;637;93;567;631
1,7123,7177,1,0,58,9,2,166;23;225;205;538;622;61;567;631
1,7093,7165,1,0,69,9,3,166;53;255;235;568;652;108;626;721
1,7103,7187,1,0,44,9,2,166;43;245;225;558;642;98;567;711
1,7050,7137,1,0,56,8,2,316;95;15;298;278;611;695;133
1,7062,7296,1,0,70,8,3,234;84;3;286;266;599;683;133
1,6769,6819,1,0,65,9,1,48;247;252;597;377;230;296;579;559
1,6737,6815,1,1,65,9,1,80;279;284;629;409;237;328;611;591
1,6730,6794,1,0,69,9,2,87;286;291;636;416;237;335;613;598
0,6709,6770,1,1,0,9,0,108;307;312;657;437;237;356;613;619
1,6699,6785,1,0,58,8,1,118;317;322;667;447;237;366;649
0,6664,6727,1,0,0,10,0,9;7;153;24;352;357;702;482;237;401
0,6661,6715,1,0,0,10,0,12;10;156;24;355;360;705;485;237;404
1,6658,6743,1,0,68,10,1,15;13;159;24;358;363;708;488;287;407
1,6911,6978,1,0,70,10,2,105;110;455;230;88;154;437;364;750;834
1,6899,6949,1,0,76,10,2,117;122;467;247;92;166;449;364;762;846
1,6888,6975,1,1,68,10,2,124;133;478;258;92;177;460;440;773;857
1,6880,6939,1,0,74,9,2,135;141;486;266;92;185;468;448;781
1,6877,6948,1,0,67,9,2,139;144;489;269;92;188;471;451;784
1,6876,6951,1,0,58,9,2,140;145;490;270;123;189;472;452;785
1,6815,6900,1,0,64,9,1,2;201;206;551;331;184;250;533;513
1,6772,6833,1,0,87,9,2,45;244;249;594;374;219;293;576;556
0,5554,5636,1,0,0,9,0,287;41;76;334;84;443;591;851;570
1,5558,5641,1,1,90,10,1,283;38;72;330;80;439;591;847;566;626
1,5577,5627,1,0,112,11,2,264;19;53;311;61;420;591;828;547;607;775
1,5577,5791,1,0,97,11,4,264;19;29;311;61;420;591;828;547;607;775
1,5597,5660,1,1,91,10,1,244;29;291;41;400;591;808;442;587;755
1,5607,5838,1,0,99,10,3,234;23;281;31;390;575;798;442;577;745
1,5622,5672,1,0,91,10,1,219;8;266;16;375;575;783;442;471;730
1,5632,5716,1,0,86,9,2,209;256;6;365;565;773;442;471;720
1,5638,5713,1,0,53,9,1,182;250;0;359;559;767;442;471;714
1,5660,5728,1,1,53,8,1,181;228;327;537;745;442;471;692
1,5694,5755,1,0,51,8,2,147;194;303;503;711;430;471;658
1,5696,5921,1,0,62,8,5,145;192;301;488;709;428;471;656
1,5704,5790,1,0,74,8,1,137;184;293;488;701;420;299;648
1,5734,5799,1,0,65,9,1,107;154;263;463;671;390;299;618;380
1,5752,5833,1,1,67,9,1,89;136;245;445;653;372;299;600;362
1,5767,5818,1,0,75,9,1,74;121;226;430;638;357;299;585;347
1,5263,5338,1,0,52,8,2,209;578;254;154;218;367;625;346
1,5262,5324,1,0,53,8,1,209;579;271;154;218;368;626;346
1,5302,5510,1,0,61,8,2,176;539;231;144;210;328;586;313
1,5296,5540,1,0,56,8,4,182;545;237;150;218;334;592;313
1,5335,5599,1,0,67,9,6,143;500;198;111;210;295;553;303;662
1,5332,5392,1,0,68,9,2,146;509;198;114;210;298;556;306;665
1,5417,5625,1,0,86,11,3,61;424;116;29;179;213;471;221;505;780;988
1,5376,5447,1,0,55,9,1,102;465;157;70;210;254;512;262;505
1,5438,5519,1,0,85,11,2,40;403;95;8;158;192;450;182;505;591;967
1,5427,5478,1,0,85,11,2,51;414;106;19;169;203;461;211;505;591;978
1,5479,5538,1,1,101,10,2,362;54;117;151;409;159;494;591;926;645
1,5456,5508,1,0,79,10,1,22;385;77;140;174;432;182;494;591;949
1,5490,5559,1,0,88,10,1,323;43;106;140;398;148;494;591;915;634
1,5484,5565,1,0,102,10,2,346;49;112;146;404;154;494;591;921;640
1,5534,5603,1,0,74,9,2,307;62;96;354;104;463;591;871;590
0,5501,5569,1,0,0,10,0,323;32;95;129;387;132;494;591;904;623
0,6065,6152,1,0,0,11,0,132;340;45;119;287;49;399;500;606;752;631
1,6083,6159,1,0,120,11,1,114;322;41;101;269;31;399;500;588;734;613
0,6034,6123,1,0,0,11,0,163;371;90;150;304;80;399;500;637;783;662
1,6052,6120,1,0,106,11,2,145;353;72;132;300;62;399;500;619;765;644
1,6135,6424,1,0,106,9,6,56;270;49;217;399;500;536;682;561
1,6163,6231,1,0,66,9,1,34;242;21;189;399;500;508;654;437
1,6091,6144,1,0,106,11,2,106;314;17;93;261;23;399;500;580;726;605
1,6098,6162,1,1,107,11,2,99;307;17;68;254;16;399;500;573;719;598
1,6209,6476,1,0,101,7,5,196;127;345;464;462;608;437
0,6210,6286,1,1,0,7,0,195;127;345;463;461;414;437
1,6196,6277,1,1,106,8,1,1;209;156;368;477;475;621;437
1,6201,6277,1,0,80,7,1,204;151;345;472;470;616;437
1,6265,6350,1,0,117,8,1,140;87;317;408;406;382;431;751
1,6290,6349,1,0,112,8,1,115;62;292;383;381;382;406;726
1,6214,6279,1,0,94,7,1,191;127;345;459;457;414;437
1,6221,6517,1,1,80,7,5,184;94;345;452;450;414;437
1,5824,6098,1,1,96,10,6,17;64;173;367;581;300;299;528;234;758
1,5795,6019,1,0,92,9,3,46;93;202;402;610;329;299;557;234
1,5789,6023,1,0,96,9,4,52;99;208;408;616;335;299;563;325
1,5784,5872,1,0,81,9,1,57;104;208;413;621;340;299;568;330
0,5851,5915,1,0,0,10,0,37;146;315;554;273;171;501;234;731;822
0,5838,5917,1,1,0,10,0,3;50;159;315;567;286;171;514;234;744
0,5838,5902,1,0,0,10,0,3;50;159;315;567;286;171;514;234;744
1,5826,5892,1,0,104,10,1,15;62;171;367;579;298;171;526;234;756
1,5951,6248,1,0,139,10,9,46;246;454;173;171;401;163;631;658;720
1,5893,5962,1,0,104,9,1,104;304;512;231;171;459;221;689;658
1,5887,6148,1,0,132,10,7,1;110;310;518;237;171;465;227;695;786
1,5855,5912,1,0,85,10,1,33;142;315;550;269;171;497;234;727;818
1,6025,6083,1,0,61,11,1,172;380;93;159;327;89;399;500;646;792;671
1,6009,6083,1,0,83,10,2,188;396;115;171;331;105;399;500;662;808
1,6001,6060,1,0,89,9,1,196;404;123;171;351;113;399;500;670
1,5953,6200,1,1,118,10,4,44;244;452;171;171;399;161;629;500;718
1,4515,4756,1,1,37,4,1,214;92;240;465
1,4518,4799,1,1,51,4,2,211;89;221;465
1,4504,4591,1,0,41,4,1,225;103;243;465
0,4512,4597,1,1,0,4,0,217;95;240;465
1,4459,4752,1,0,56,4,3,270;138;243;465
0,4475,4535,1,0,0,4,0,254;124;243;465
1,4457,4523,1,0,54,4,2,272;150;243;530
1,4458,4726,1,1,65,4,3,271;138;243;530
1,4428,4631,1,0,58,4,3,296;179;243;628
0,4438,4499,1,0,0,4,0,287;169;243;530
1,4425,4495,1,0,66,4,2,304;182;243;631
1,4428,4673,1,0,62,4,2,296;179;243;530
1,4379,4431,1,0,55,4,2,350;228;451;677
1,4414,4620,1,0,57,4,2,315;193;416;642
1,4336,4396,1,0,50,3,2,393;271;494
0,4353,4424,1,0,0,3,0,376;254;477
0,4719,4784,1,0,0,4,0,10;111;217;618
0,4717,4771,1,0,0,4,0,12;113;217;618
1,4714,4949,1,0,71,4,2,15;113;217;764
0,4708,4765,1,0,0,3,0,21;113;217
1,4703,4759,1,0,48,3,1,26;127;217
0,4697,4778,1,0,0,3,0,32;133;217
0,4686,4743,1,1,0,3,0,43;144;217
0,4674,4743,1,1,0,3,0,55;156;217
1,4642,4938,1,1,54,3,1,87;168;258
1,4640,4849,1,0,54,3,2,89;168;385
1,4633,4691,1,1,51,3,1,96;191;409
1,4633,4694,1,0,47,3,1,96;168;409
1,4632,4898,1,0,51,3,1,97;191;424
1,4573,4631,1,1,65,4,1,147;34;191;465
0,4564,4637,1,3,0,4,0,147;43;191;465
1,4559,4642,1,0,51,4,1,147;48;221;465
0,4965,5051,1,1,0,7,0,91;513;796;438;481;631;665
0,4973,5039,1,1,0,7,0,83;505;796;438;473;623;657
0,4973,5042,1,0,0,7,0,83;505;796;438;473;623;657
1,4975,5177,1,0,112,8,3,81;503;796;438;471;621;655;913
0,4883,4947,1,0,0,6,0,173;595;958;438;563;713
0,4923,4981,1,0,0,6,0,133;555;918;438;523;673
0,4941,5010,1,0,0,6,0,115;537;900;438;505;655
1,4941,5230,1,1,80,6,3,115;537;900;438;505;655
0,4799,4852,1,0,0,6,0,31;217;618;1042;734;647
1,4835,5101,1,0,80,6,3,187;618;1006;698;611;761
1,4863,4922,1,0,96,6,2,187;615;978;438;583;733
0,4875,4959,1,0,0,6,0,181;603;966;438;571;721
0,4790,4845,1,1,0,6,0,40;217;618;1051;743;656
0,4797,4853,1,0,0,6,0,33;217;618;1044;736;649
1,4799,4877,1,0,62,6,1,31;217;618;1042;734;647
0,4799,4885,1,0,0,6,0,31;187;618;1042;734;647
1,5211,5298,1,1,89,8,2,267;630;322;154;218;419;677;427
1,5210,5294,1,0,69,8,2,268;631;323;236;218;420;678;428
1,5246,5300,1,1,52,8,1,209;595;287;154;218;384;642;392
1,5234,5315,1,0,59,8,1,244;607;299;154;218;396;654;404
1,5139,5228,1,0,90,8,2,339;702;394;307;457;491;749;499
1,5116,5189,1,0,79,8,1,362;725;417;330;480;514;772;517
1,5176,5424,1,0,80,8,5,302;665;357;270;420;454;712;462
1,5143,5193,1,0,86,8,2,335;689;390;303;453;487;745;495
1,5060,5119,1,0,105,8,1,418;778;438;375;536;570;828;578
0,5044,5127,1,1,0,9,0,12;434;778;438;375;552;574;844;583
1,5087,5153,1,0,86,8,1,391;754;438;345;509;543;801;551
1,5073,5151,1,0,104,8,2,405;768;438;345;523;557;815;565
1,5012,5084,1,0,90,9,2,44;466;796;438;434;584;588;876;583
1,5008,5076,1,1,91,9,1,48;470;796;438;438;588;588;880;630
1,5029,5114,1,0,92,9,1,27;449;778;438;417;567;574;859;583
1,5022,5108,1,0,93,9,2,34;456;778;438;424;574;588;866;583
1,3304,3380,1,0,108,19,3,66;81;70;282;275;404;415;359;330;424;387;519;418;349;332;339;462;401;577
1,3323,3407,1,0,117,19,2,47;62;59;263;256;385;396;290;311;424;368;500;418;330;313;320;462;382;558
1,3267,3352,1,0,135,20,2,103;118;14;115;319;312;441;452;396;367;424;424;556;490;386;369;347;462;438;614
1,3295,3355,1,0,133,19,5,75;90;87;291;284;413;424;368;339;424;396;528;418;358;341;347;462;410;586
1,3362,3426,1,1,127,20,4,8;23;20;224;217;346;357;290;272;384;329;461;395;291;274;281;427;343;308;525
1,3440,3675,1,0,120,18,14,146;139;268;279;223;194;352;251;383;317;213;196;203;349;265;308;447;303
1,3329,3595,1,0,134,19,14,41;56;53;257;236;379;390;290;305;424;362;494;418;324;307;314;460;376;552
1,3338,3389,1,1,124,19,3,32;47;44;248;236;370;381;290;296;424;353;485;418;315;298;305;451;367;308
1,3179,3266,1,1,166,21,6,49;191;206;102;203;407;400;529;540;484;455;613;428;644;578;474;457;464;610;525;702
1,3192,3275,1,0,161,21,1,36;178;193;89;190;394;387;516;527;471;442;567;428;631;565;461;444;451;597;513;689
1,3162,3237,1,0,179,22,2,66;208;223;119;220;424;1;417;546;557;501;472;630;529;661;595;491;474;481;627;525;719
1,3162,3388,1,1,183,22,14,66;208;223;119;220;424;1;417;546;557;501;456;630;529;661;595;491;474;481;627;525;719
1,3241,3310,1,1,114,20,1,129;144;40;141;345;338;467;478;422;392;424;428;582;516;412;395;402;548;464;640
1,3264,3514,1,0,150,20,11,106;121;17;118;322;315;444;455;399;370;424;427;559;493;389;372;347;525;441;617
1,3207,3439,1,0,160,21,15,21;163;178;74;175;379;372;501;512;456;427;567;428;616;550;446;429;427;582;498;674
1,3226,3295,1,0,131,21,3,2;144;159;55;156;360;353;482;493;437;408;424;428;597;531;427;410;417;563;479;655
1,3613,3664,1,0,102,22,4,95;106;50;21;179;78;210;144;40;23;30;176;92;268;98;130;453;166;446;547;475;630
1,3609,3681,1,0,111,22,5,99;110;54;25;183;82;214;148;44;27;34;180;96;272;98;134;457;170;450;605;475;634
1,3606,3686,1,0,102,22,1,102;113;57;28;186;85;217;151;47;30;37;183;99;275;98;137;460;173;453;608;550;637
1,3578,3857,1,0,115,22,12,8;1;130;141;85;56;214;113;245;179;48;58;65;211;127;303;309;165;488;201;481;636
1,3649,3896,1,0,92,20,6,59;70;14;143;42;174;108;4;140;56;232;98;94;417;130;410;374;475;566;416
1,3642,3938,1,1,100,21,9,66;77;21;150;49;181;115;11;1;147;63;239;98;101;424;137;417;547;475;566;423
1,3627,3711,1,1,98,22,4,81;92;36;7;165;64;196;130;26;9;16;162;78;254;98;116;439;152;432;547;475;581
1,3626,3714,1,0,97,22,4,82;93;37;8;166;65;197;131;27;10;17;163;79;255;98;117;440;153;433;547;475;589
1,3461,3732,1,0,174,20,10,125;118;247;258;202;139;331;230;362;217;192;175;182;328;244;308;426;249;561;318
1,3459,3511,1,0,190,20,3,127;120;249;260;204;175;333;232;364;217;194;177;184;330;246;308;428;249;561;320
1,3458,3544,1,0,151,20,2,128;121;250;261;205;176;334;233;365;217;195;178;185;331;247;308;429;249;608;321
1,3452,3714,1,0,134,18,13,134;127;256;267;211;182;340;239;371;305;201;184;191;337;253;308;435;249
1,3571,3630,1,1,98,22,1,15;8;137;148;92;63;221;120;252;186;82;65;72;218;134;308;316;172;495;208;488;643
1,3524,3612,1,0,106,21,5,62;55;184;195;139;110;268;167;279;217;129;112;119;265;181;308;325;219;542;255;535
1,3518,3603,1,1,93,21,4,68;61;190;201;145;116;274;173;305;217;135;118;125;271;187;308;325;225;548;261;541
0,3498,3550,1,0,0,20,0,88;81;210;221;165;136;294;193;325;217;155;138;145;291;207;308;325;245;561;281
1,3803,3889,1,0,74,10,3,20;78;84;263;256;319;353;440;262;389
1,3855,3941,1,0,69,9,3,26;32;211;204;319;301;388;181;360
1,3916,4000,1,0,53,7,2,150;143;298;240;327;149;299
1,3936,4009,1,0,68,7,2,130;123;278;220;307;129;279
1,3950,4245,1,0,67,8,4,116;109;264;206;293;115;263;779
1,3955,4184,1,0,61,8,3,111;104;259;201;150;110;260;774
1,4029,4079,1,0,54,9,2,37;30;185;127;150;36;186;700;578
1,4034,4089,1,0,49,9,2,32;25;180;122;150;31;181;695;546
1,3653,3719,1,1,69,20,1,55;66;10;139;38;170;104;0;136;52;228;98;90;413;126;406;332;475;566;412
1,3663,3728,1,1,108,19,4,45;56;0;129;28;160;94;126;42;218;98;80;401;116;396;332;475;566;402
1,3677,3759,1,1,97,18,2,31;42;115;14;132;80;112;28;204;98;66;389;102;382;332;475;566;388
1,3688,3773,1,1,106,18,3,20;31;104;3;132;69;101;17;193;98;55;378;91;322;332;468;555;377
1,3703,3781,1,1,83,18,2,5;16;89;92;54;86;2;178;98;40;363;76;322;332;453;540;362;512
1,3771,3846,1,0,105,13,3,21;52;18;110;98;295;8;288;332;385;472;294;444
0,3780,3844,1,0,0,12,0,12;43;9;101;98;286;279;332;376;463;285;389
1,3783,3871,1,0,62,12,1,9;40;6;98;98;283;276;332;373;460;282;389
0,4204,4271,1,0,0,6,0,10;39;11;525;392;626
1,4186,4430,1,0,44,6,3,28;57;29;543;421;644
0,4233,4314,1,0,0,4,0,10;496;374;597
0,4227,4284,1,0,0,4,0,16;502;380;603
0,4291,4349,1,0,0,3,0,422;316;539
1,4287,4339,1,0,49,3,2,442;320;543
0,4300,4359,1,0,0,3,0,422;302;530
1,4294,4535,1,0,51,3,3,422;313;536
1,4058,4127,1,0,52,9,2,8;1;156;98;150;7;157;671;546
0,4038,4106,1,0,0,9,0,28;12;176;118;150;27;177;691;546
1,4086,4147,1,0,41,6,2,128;70;128;129;643;521
1,4076,4161,1,0,41,6,2,138;80;150;139;647;531
1,4115,4203,1,0,61,7,1,99;41;128;100;614;466;715
1,4110,4336,1,0,62,7,4,104;46;128;105;619;497;720
1,4138,4189,1,0,58,7,1,76;18;98;77;591;466;692
0,4115,4172,1,0,0,7,0,99;41;98;100;614;466;715
1,2243,2307,1,0,123,17,3,20;16;140;4;16;182;317;696;353;342;266;486;477;680;548;605;580
1,2202,2269,1,1,80,17,2,37;61;39;57;181;45;57;223;358;737;394;383;307;527;518;721;589
1,2168,2221,1,0,86,19,2,6;71;95;73;91;32;215;79;91;257;392;771;428;417;341;561;552;755;623
1,2108,2195,1,0,79,16,2,66;131;155;133;151;60;275;139;151;317;402;790;488;477;401;621
1,2096,2155,1,0,43,16,1,78;143;167;145;163;60;287;151;163;329;402;842;500;489;413;633
1,2088,2148,1,0,58,16,3,86;151;175;153;171;112;292;159;171;337;402;842;508;497;421;641
1,2086,2162,1,0,44,16,3,88;153;177;155;173;114;297;161;173;339;402;842;510;499;423;643
1,2082,2137,1,0,58,16,4,92;157;181;159;177;118;301;165;177;343;402;857;514;503;427;647
1,2393,2451,1,1,100,13,1,32;167;546;203;192;116;336;243;530;398;339;430;835
1,2347,2401,1,0,106,13,1,36;78;213;592;249;214;162;382;243;576;444;339;476
1,2344,2401,1,1,107,13,1,39;81;216;595;252;241;165;385;243;579;447;339;479
1,2336,2419,1,0,132,13,4,47;89;224;603;260;249;173;393;243;587;455;384;487
1,2325,2576,1,0,122,13,8,58;100;235;604;271;260;184;404;243;598;466;523;498
1,2299,2375,1,1,138,13,3,84;126;261;604;297;286;210;430;243;624;492;549;524
1,2291,2507,1,0,137,13,7,92;134;269;604;305;294;218;438;429;632;500;557;532
1,2290,2378,1,0,122,13,1,93;135;270;649;306;295;219;439;430;633;501;558;533
1,2486,2564,1,1,92,13,3,74;453;110;99;23;243;234;437;305;339;337;704;884
1,2490,2714,1,0,87,13,6,70;427;106;95;19;239;230;433;301;339;333;704;880
1,2475,2556,1,0,64,13,2,85;464;121;110;34;254;243;445;316;339;348;753;895
1,2479,2541,1,0,80,13,3,81;460;117;106;30;250;241;444;312;339;344;704;891
1,2427,2484,1,0,68,12,1,133;512;169;158;82;302;243;445;364;339;384;801
1,2442,2520,1,1,77,12,3,118;497;154;143;67;287;243;445;349;339;381;786
1,2396,2448,1,0,122,13,2,29;164;534;200;189;113;333;243;527;395;339;427;832
1,2406,2488,1,1,107,13,3,19;154;533;190;179;103;323;243;517;385;339;384;822
1,2542,2616,1,0,98,14,3,18;397;54;10;187;170;381;249;306;281;686;733;843;739
1,2580,2648,1,0,107,14,2,359;16;5;149;140;343;211;268;243;648;733;805;674;802
1,2533,2606,1,0,105,14,2,27;401;63;52;196;170;390;258;315;290;695;733;852;748
0,2538,2600,1,0,0,14,0,22;401;58;10;191;170;385;253;310;285;690;733;847;743
1,2512,2579,1,0,73,12,3,48;427;84;73;217;186;411;279;336;311;699;733
1,2530,2585,1,1,97,13,3,30;409;66;55;199;170;393;261;318;293;698;733;855
1,2497,2747,1,0,90,13,8,63;427;99;88;12;232;223;426;294;339;326;699;873
1,2507,2748,1,1,73,13,7,53;427;89;78;2;222;213;416;284;339;316;699;733
1,2652,2721,1,0,98,14,1,287;77;68;271;139;193;171;576;703;733;454;730;901;511
1,2650,2864,1,0,118,14,4,289;79;70;273;141;193;173;578;703;735;631;732;901;513
1,2684,2918,1,1,87,14,5,255;45;36;196;81;164;139;544;686;701;454;698;901;479
1,2663,2738,1,0,114,14,2,276;66;57;260;81;185;160;565;703;722;454;719;901;500
1,2623,2919,1,0,109,13,7,316;106;97;300;168;225;200;605;703;762;658;759;963
1,2598,2685,1,0,82,12,2,341;131;122;325;193;243;225;630;733;787;674;784
1,2637,2688,1,1,111,13,2,302;92;83;286;154;211;186;591;703;748;644;745;901
1,2637,2703,1,0,111,13,2,302;92;83;286;154;203;186;591;703;748;644;745;901
0,2874,2925,1,0,0,11,0,65;49;354;496;511;407;453;512;289;701;834
1,2828,3079,1,0,75,11,7,111;95;20;400;542;557;453;453;758;335;701
1,2883,2952,1,0,86,13,1,56;40;345;487;502;390;453;512;280;696;825;836;780
1,2880,2959,1,0,84,11,1,59;43;348;490;505;401;453;512;283;699;828
1,2762,2971,1,0,99,12,4,177;161;29;86;61;466;608;623;454;620;824;401
1,2723,3011,1,0,99,13,6,216;6;196;68;125;100;505;647;662;454;659;863;440
1,2818,2905,1,0,79,12,2,121;105;30;5;410;552;567;454;517;768;345;701
1,2811,2888,1,0,91,12,4,128;112;37;12;417;559;574;454;517;775;352;768
1,2917,2985,1,1,75,13,1,22;6;311;453;468;364;431;511;246;662;719;802;746
1,2936,2995,1,0,93,13,3,3;292;434;449;345;431;511;227;643;719;783;727;698
1,2975,3184,1,0,122,13,7,253;395;410;306;407;511;188;604;719;744;688;659;817
1,2993,3082,1,0,130,16,2,235;377;392;288;389;511;170;586;715;726;670;586;799;698;830;764
1,2896,3107,1,1,119,13,8,43;27;332;474;489;385;431;512;267;683;812;823;767
1,2897,3151,1,0,111,13,11,42;26;331;473;488;384;431;512;266;682;719;822;766
0,2898,2973,1,0,0,13,0,41;25;330;472;487;383;431;511;265;681;719;821;765
0,2901,2964,1,0,0,13,0,38;22;327;469;484;380;431;511;262;678;719;818;762
1,3074,3135,1,1,150,19,3,128;296;311;207;308;511;89;505;634;645;589;560;718;617;704;683;579;562;569
1,3112,3181,1,0,160,20,2,116;258;273;169;270;474;51;467;596;607;551;522;680;579;704;645;541;524;531;677
1,3132,3218,1,0,159,21,6,96;238;253;149;250;454;31;447;576;587;531;502;660;559;691;625;521;504;511;657;573
1,3148,3227,1,1,161,21,6,80;222;237;133;234;438;15;431;560;571;515;486;644;543;666;609;505;488;495;641;557
0,3004,3076,1,0,0,16,0,224;366;381;277;378;511;159;575;704;715;630;586;788;687;819;753
0,3017,3070,1,0,0,16,0,211;353;368;264;365;511;146;562;691;702;630;586;775;674;806;740
1,3047,3274,1,1,160,19,14,181;323;338;234;335;511;116;532;661;672;616;586;745;644;776;710;606;589;596
1,3068,3150,1,1,150,19,3,160;302;317;213;314;511;95;511;640;651;595;566;724;623;704;689;585;568;575
1,1167,1379,1,0,52,8,2,110;303;3;9;210;237;463;1007
1,1146,1205,1,1,56,8,1,114;335;24;30;231;237;484;1009
1,1139,1385,1,0,62,8,5,138;339;31;37;238;237;491;1009
1,1103,1192,1,1,34,9,1,174;20;339;52;73;274;237;517;1017
0,1224,1294,1,0,0,7,0,53;224;153;237;406;950;587
1,1212,1269,1,0,65,7,1,65;239;165;237;418;962;599
1,1198,1258,1,0,48,6,1,79;283;179;237;432;976
1,1184,1245,1,0,60,6,2,93;297;193;237;446;990
0,1277,1363,1,0,0,8,0,0;204;100;230;353;881;534;719
1,1256,1326,1,1,78,7,1,21;224;121;237;374;897;555
1,1252,1313,1,1,80,7,1,25;224;125;237;378;922;559
1,1242,1331,1,0,69,7,1,35;224;135;237;388;932;569
1,1371,1427,1,0,111,12,1,110;6;136;259;803;440;625;563;601;868;892;465
1,1365,1425,1,1,81,11,2,116;12;142;265;809;446;631;569;607;874;898
0,1361,1413,1,0,0,9,0,120;16;146;269;813;450;635;573;611
1,1291,1362,1,0,68,8,1,190;86;216;339;881;520;705;643
1,1444,1514,1,0,134,15,4,37;63;186;730;367;552;490;528;795;819;392;765;815;756;939
1,1463,1522,1,0,134,15,3,18;44;167;711;348;533;471;509;776;800;373;765;796;710;920
1,1377,1433,1,0,110,12,1,104;0;130;253;797;434;619;557;595;838;886;459
1,1405,1483,1,0,114,13,3,76;102;225;769;406;591;529;567;820;858;431;836;854
1,1550,1626,1,1,99,15,3,80;624;190;446;384;422;689;713;286;691;709;650;833;697;709
1,1553,1770,1,0,107,15,9,77;621;190;443;381;419;686;710;283;688;706;647;782;694;706
1,1503,1567,1,0,107,15,1,4;127;671;308;493;431;469;736;760;333;738;756;693;880;744
1,1525,1798,1,0,142,14,11,105;649;286;471;409;447;704;738;311;716;734;675;858;722
1,1574,1655,1,0,84,15,3,56;600;190;422;360;398;665;689;262;650;685;626;782;673;517
1,1577,1662,1,1,70,15,3,53;597;190;419;357;395;662;686;259;650;682;623;777;670;517
1,1556,1816,1,0,125,15,13,74;618;190;440;378;416;683;707;280;685;703;644;782;691;531
1,1568,1635,1,0,116,15,2,62;606;190;428;366;404;671;695;268;673;691;632;782;679;517
1,1623,1690,1,0,76,15,1,7;551;143;373;311;349;616;640;213;618;636;577;760;624;517
1,1628,1688,1,1,75,15,1,2;546;143;368;306;344;589;635;208;613;631;572;755;619;517
1,1580,1642,1,0,70,15,3,50;594;190;416;354;392;659;664;256;650;679;620;777;667;517
1,1602,1674,1,1,56,15,4,28;572;190;394;332;370;637;648;234;639;657;598;777;645;517
1,1652,1734,1,1,84,14,3,522;143;344;268;320;587;611;184;589;607;548;731;595;517
1,1644,1881,1,0,100,14,10,530;143;352;290;328;589;619;192;597;615;556;739;603;517
1,1679,1754,1,0,56,14,1,495;132;317;255;293;560;584;157;562;580;521;704;568;517
1,1657,1731,1,0,84,14,4,517;143;339;268;315;582;605;179;584;602;543;726;590;517
1,1703,1789,1,0,69,15,1,471;108;293;231;269;533;560;133;538;556;497;680;534;517;722
1,1680,1738,1,0,55,14,2,494;131;316;254;292;559;583;156;561;579;520;703;534;517
1,1721,1782,1,1,83,15,3,453;90;275;213;251;518;542;115;520;538;479;662;526;516;704
1,1712,1777,1,1,69,15,2,462;99;284;222;260;527;551;124;525;547;488;671;534;517;713
1,1736,1804,1,0,109,17,4,438;75;260;198;236;503;527;100;505;523;464;647;511;516;689;824;1203
1,1721,1780,1,1,77,15,4,453;90;275;213;251;518;542;115;520;538;479;653;526;516;704
1,1764,1848,1,0,123,18,3,410;44;232;170;208;475;499;72;477;495;436;619;483;495;661;796;1175;832
1,1764,1839,1,0,116,18,1,410;44;232;170;208;475;499;72;477;495;436;619;483;495;661;796;1107;832
1,1778,2064,1,0,129,18,13,396;33;218;156;194;461;485;58;453;481;422;605;469;481;647;726;1107;818
1,1775,1984,1,0,134,18,10,399;36;221;159;197;464;488;61;453;484;425;608;472;484;650;785;1107;821
1,1792,1852,1,0,106,18,1,382;19;204;142;109;447;471;44;449;467;399;591;455;467;633;726;1107;804
1,1785,1865,1,0,122,18,3,389;26;211;149;109;454;478;51;453;474;415;598;462;474;640;726;1107;811
1,1815,2042,1,0,90,17,9,359;181;119;109;424;448;21;412;444;385;568;432;444;610;726;1107;781
1,1849,1938,1,0,91,18,6,325;147;85;109;390;414;392;410;351;534;350;410;576;711;1090;747;736;660
1,1857,1917,1,1,77,18,3,317;139;77;109;382;406;384;402;343;526;350;402;568;703;1082;739;683;652
1,1863,1916,1,1,106,18,4,303;133;71;109;376;400;378;396;337;520;350;396;562;697;1076;733;683;646
1,1892,1957,1,0,93,18,3,282;104;42;80;347;371;349;367;308;491;337;367;533;668;1047;704;683;617
1,1896,1956,1,0,76,18,5,278;100;38;76;343;367;345;363;304;473;337;363;529;664;1043;700;683;613
1,1905,1973,1,1,90,18,4,269;91;29;67;334;358;336;354;292;473;337;354;520;655;1034;691;680;604
1,1913,1980,1,0,89,18,4,261;83;21;59;326;350;328;346;287;470;291;346;512;647;1026;683;672;596
1,1917,1977,1,1,76,18,5,257;79;17;55;322;346;324;342;283;466;283;342;508;643;1022;679;668;592
1,1932,2202,1,1,90,18,12,242;64;2;40;307;331;309;327;261;451;283;327;493;628;1007;664;653;577
1,1941,2023,1,1,76,17,4,233;55;31;298;322;300;318;259;442;283;318;484;402;998;655;644;568
1,1960,2037,1,1,62,17,2,214;36;12;279;303;281;299;240;423;283;299;465;402;979;636;625;549
1,2000,2082,1,0,49,16,2,174;239;263;241;259;200;383;247;259;425;402;939;596;585;492;729
1,2003,2076,1,0,65,16,3,171;236;260;218;256;197;380;244;256;422;402;936;593;582;492;726
1,2017,2231,1,0,67,16,6,157;222;246;218;242;162;366;230;242;408;402;922;579;568;492;712
1,2043,2103,1,0,62,16,4,131;196;220;198;216;157;340;204;216;382;402;896;553;542;466;686
1,1067,1286,1,0,53,9,1,210;56;414;103;109;310;237;563;1017
1,1058,1333,1,0,69,9,4,219;65;423;112;118;319;449;572;1017
1,1032,1095,1,0,53,10,5,16;245;91;449;138;144;345;475;598;1017
1,1024,1275,1,0,44,10,6,24;253;99;457;146;152;353;483;606;1150
1,1092,1168,1,0,39,9,1,185;31;339;78;84;285;237;517;1017
1,1091,1170,1,0,44,9,1,186;32;374;79;85;286;237;517;1017
1,1080,1143,1,0,39,9,2,197;43;374;90;96;297;237;550;1017
1,1076,1131,1,0,48,9,1,201;47;405;94;100;301;237;554;1017
1,924,1008,1,0,61,11,1,9;124;353;199;557;246;252;80;453;583;706
1,885,964,1,0,56,11,2,48;163;392;238;596;285;291;119;492;622;745
1,858,1146,1,0,69,12,8,0;12;75;190;419;265;623;312;296;146;519;649
1,799,852,1,1,64,12,1,59;19;71;134;249;478;324;682;371;296;205;527
1,987,1277,1,0,68,11,8,61;290;136;494;183;189;17;390;520;643;1187
1,960,1010,1,1,64,10,4,88;317;163;521;210;216;44;417;547;655
1,943,1016,1,0,62,10,2,104;334;180;538;227;233;61;434;564;672
1,942,999,1,0,62,10,2,104;335;181;539;228;234;62;435;565;688
1,742,815,1,0,61,13,2,116;76;128;21;191;306;535;381;739;428;434;262;527
1,764,1040,1,0,84,12,9,94;54;106;169;283;513;359;717;406;412;240;527
1,670,750,1,0,55,14,3,188;124;200;93;263;378;593;453;58;811;500;506;334;527
1,687,748,1,0,56,14,2,171;124;183;76;246;358;590;436;51;794;483;489;317;527
0,777,828,1,1,0,12,0,81;41;83;156;258;500;346;704;393;296;227;527
1,799,868,1,1,67,12,5,59;19;71;134;249;478;324;682;341;296;205;527
1,769,857,1,1,84,12,4,89;49;101;164;279;508;354;712;401;296;235;527
1,776,845,1,0,69,12,1,82;42;83;157;272;501;347;705;394;296;228;527
1,609,688,1,0,42,15,3,39;249;38;209;261;154;324;439;668;484;129;869;553;567;395
1,618,677,1,1,49,15,3,30;240;29;200;252;145;315;430;659;484;58;863;552;558;386
1,592,643,1,0,49,14,2,55;266;55;226;278;171;341;456;685;531;146;869;553;584
1,597,657,1,0,49,14,2,51;261;50;221;273;166;336;451;680;489;141;869;553;579
0,662,742,1,0,0,14,0,196;156;208;101;271;386;593;461;58;819;508;514;342;527
1,665,733,1,0,52,14,2,193;153;205;98;268;383;593;458;58;816;505;511;339;527
1,637,714,1,1,69,16,3,11;221;4;181;233;126;296;411;640;484;58;844;533;539;367;740
1,639,856,1,1,63,16,8,9;219;4;179;231;124;294;409;593;484;58;842;531;537;365;738
1,520,574,1,0,62,12,3,128;338;127;298;350;243;413;528;757;603;218;961
1,433,522,1,1,61,11,1,215;425;214;385;437;330;500;568;844;686;305
1,553,635,1,0,49,13,3,95;305;94;265;317;210;376;495;724;570;185;928;617
1,524,608,1,0,62,12,2,124;334;123;294;346;227;409;524;753;599;214;957
1,577,627,1,0,48,13,3,71;281;70;241;293;186;356;471;700;546;161;890;553
1,564,645,1,0,52,13,2,84;294;83;254;306;199;369;484;713;559;174;917;553
1,579,651,1,1,52,13,2,55;279;68;239;291;184;354;462;698;544;159;890;553
1,577,644,1,1,48,13,3,55;281;70;241;293;186;356;471;700;546;161;890;553
1,328,382,1,1,99,10,2,40;292;530;319;465;477;435;605;720;949
1,326,414,1,1,100,10,2,42;322;532;321;465;477;437;607;722;951
1,365,419,1,0,73,10,2,3;268;493;282;453;472;398;568;683;912
1,358,428,1,0,84,10,2,10;290;500;289;460;472;405;575;690;919
1,385,439,1,0,74,9,2,263;473;262;433;452;378;548;663;892
1,383,440,1,0,73,9,1,265;475;264;435;472;380;550;665;894
1,400,678,1,0,93,10,8,243;458;247;418;452;363;533;648;877;686
1,397,447,1,0,61,10,1,243;461;250;421;452;366;536;651;880;726
1,126,404,1,0,105,10,4,137;242;1;67;415;68;732;521;692;744
1,142,195,1,0,96,10,1,121;226;51;415;53;716;505;465;728;621
1,145,224,1,0,93,10,1,118;223;48;415;50;713;502;465;725;598
1,153,214,1,1,104,10,1,110;215;40;415;42;705;494;465;717;598
1,199,273,1,0,91,10,1,64;169;415;659;448;465;671;564;734;849
1,308,363,1,0,108,10,2,60;340;550;339;465;562;455;625;740;969
0,309,359,1,0,0,10,0,59;330;549;338;465;561;454;624;739;968
1,317,404,1,0,99,10,2,51;330;541;330;465;553;446;616;731;960
1,28,306,1,0,120,7,2,235;340;99;165;620;167;830
1,29,109,1,0,99,7,2,234;339;98;164;417;166;829
1,29,100,1,1,78,7,1,234;339;98;164;415;166;829
0,55,111,1,0,0,7,0,208;313;72;124;415;140;803
0,68,130,1,0,0,7,0,195;300;59;124;415;127;790
1,73,133,1,0,91,8,1,190;295;54;120;415;122;785;574
1,74,160,1,0,115,8,2,189;294;53;108;415;121;784;573
1,77,140,1,0,95,8,1,186;291;50;108;415;68;781;570
1,3,72,1,0,98,8,1,260;365;124;21;9;190;645;192
259
0,263,0.00,3
15331,15830,0.00,10
15280,16056,48.39,11
13014,13547,241.74,9
12884,13613,150.96,8
13150,13737,40.15,10
13067,13614,84.06,11
13259,13841,257.51,11
13175,13529,148.54,9
13277,14150,110.14,11
13271,13773,60.54,10
13467,13975,0.00,10
13381,14412,182.78,8
13488,14430,172.50,9
13486,14247,219.16,11
13541,14266,83.11,10
13529,14426,168.58,9
13638,14362,57.18,11
13638,14664,129.50,9
11967,12642,20.76,8
11967,12529,174.23,10
12085,12979,407.06,8
12123,12793,178.39,10
12217,12965,157.28,9
12304,12644,0.00,10
12360,13115,388.13,8
12369,12995,64.43,10
12406,13344,234.04,9
12597,13301,333.89,11
12605,13108,250.96,8
12639,13169,119.49,10
12748,13373,189.37,11
12758,13646,269.90,11
12803,13531,407.52,10
12870,13739,172.07,11
14861,15719,59.14,11
14853,15533,127.43,8
14849,15332,174.56,10
14622,14934,0.00,8
14945,16013,68.34,8
14876,15306,0.00,11
14872,15516,213.50,9
14861,15417,0.00,10
15079,16121,93.85,11
15030,15534,0.00,9
15021,15413,0.00,8
14962,15980,0.00,10
15260,15794,272.56,9
15202,15877,42.89,9
15182,15937,223.86,8
15092,15729,0.00,11
13729,14522,64.22,10
13739,14396,73.04,8
13707,14309,69.17,8
13708,14797,260.84,11
13841,14487,142.82,10
13859,14399,96.12,11
13742,14313,293.79,9
13808,14525,118.88,11
14128,14702,264.80,11
14156,15095,210.79,9
13946,14839,164.90,9
14105,14913,48.06,8
14570,15436,385.02,8
14620,15315,179.03,8
14337,15173,167.78,10
14419,15194,201.97,10
9511,10298,351.55,11
9468,9804,0.00,10
9608,10314,170.15,10
9555,10144,148.86,11
9143,9816,336.18,10
9136,9813,186.84,10
9404,10332,241.00,11
9227,9980,335.27,9
9785,10345,48.84,11
9771,10363,22.44,9
9957,10569,256.26,11
9861,10390,0.00,8
9723,10436,236.61,11
9709,10537,248.51,10
9756,10621,109.22,11
9749,10434,100.76,8
8173,9035,355.97,11
8332,9118,0.00,11
8475,9547,125.15,8
8689,9593,152.08,10
7969,8780,108.49,9
8059,8847,310.84,8
8074,8720,387.64,9
8114,8842,394.82,8
8845,9777,243.32,10
8866,9637,0.00,10
8923,9531,296.67,10
9062,9609,203.99,11
8720,9477,242.05,10
8748,9444,280.27,10
8766,9629,294.41,9
8767,9149,218.64,9
11432,12277,305.92,8
11353,11895,210.71,9
11328,12117,249.31,8
11254,11889,395.52,8
11188,11769,112.34,9
11168,11572,0.00,10
10876,11454,267.13,8
10821,11446,184.88,10
11964,12776,114.95,9
11955,12846,113.46,11
11839,12400,136.92,10
11781,12794,241.81,8
11672,12684,375.67,8
11498,12136,225.22,9
11498,12213,122.41,8
11439,12225,198.88,9
10347,11282,63.64,9
10458,11243,0.00,9
10117,10738,270.52,11
10284,11236,349.59,10
9985,10868,42.09,11
10038,10782,322.41,11
9958,10669,86.04,11
9967,10799,328.85,10
10687,11257,47.10,10
10715,11402,263.24,11
10592,11256,22.40,9
10634,11185,143.17,9
10524,10709,0.00,10
10533,11072,62.07,11
10472,11286,355.93,10
10476,11335,333.86,10
4753,5533,337.98,9
4782,5446,155.18,8
4803,5596,231.63,8
4952,5630,124.08,9
4975,5888,0.00,10
5005,5638,222.95,8
5328,5997,303.77,9
5397,6197,357.90,11
3637,4065,81.07,10
3690,4215,115.53,10
3947,4729,142.13,11
3965,4607,178.59,10
4097,4830,262.71,10
4359,5056,400.86,11
4711,5478,188.33,10
4745,5841,246.38,10
3379,3743,54.14,8
3359,3887,313.28,8
3455,3779,0.00,10
3453,4066,114.49,11
3570,4214,315.24,8
3505,4059,74.56,11
3597,4243,267.28,9
3588,4156,75.42,10
2993,3823,209.16,8
2993,3757,161.35,8
3037,3636,0.00,11
3027,3653,34.20,9
3098,3789,63.25,9
3043,3643,79.61,10
3158,3881,244.24,11
3122,3705,32.04,11
7541,8071,228.76,9
7733,8657,181.96,9
7497,8170,144.97,8
7520,8178,359.00,9
7902,8553,102.04,10
7937,8526,50.39,11
7752,8447,299.10,10
7853,8545,127.33,11
6864,7661,100.73,8
6887,7745,142.33,10
6676,7348,95.06,11
6702,7328,89.14,9
7087,7814,198.90,8
7124,7897,541.19,10
6925,7201,96.26,9
7072,7719,88.64,10
6352,7021,287.28,11
6241,7016,174.64,10
6022,6696,216.80,9
6007,6817,301.73,9
6564,7065,0.00,10
6487,6999,234.11,10
6467,7146,118.97,10
6374,7366,279.42,10
5567,6352,190.29,11
5555,6184,432.07,11
5470,6124,209.81,8
5403,6405,0.00,8
5910,6671,161.79,9
5841,6673,286.24,11
5805,6582,319.14,10
5718,6114,91.26,10
1333,1972,85.03,10
1362,2239,159.34,8
1363,2263,44.19,8
1371,1836,0.00,9
976,2174,197.73,8
1200,1811,174.84,8
1257,1996,0.00,11
1289,1934,33.61,11
607,1004,0.00,11
628,1377,227.83,8
805,1507,244.68,9
871,1630,76.09,8
416,738,71.06,10
443,1481,221.83,10
540,1170,121.09,10
586,1176,116.73,9
195,1048,168.90,11
185,933,142.02,11
396,1123,126.31,11
292,1277,71.78,11
120,818,259.82,10
70,647,50.55,10
132,763,40.58,9
120,870,120.05,10
0,368,0.00,8
0,127,22.57,1
13,858,35.09,9
0,24,0.00,0
0,12,0.00,0
0,193,53.10,3
0,648,305.41,7
0,195,53.30,3
2962,3792,229.36,11
2976,3691,101.11,11
2882,3663,109.63,11
2933,3634,156.27,10
2842,3708,110.37,11
2881,3719,0.00,8
2646,3163,0.00,11
2807,3579,106.53,9
2554,3382,207.06,8
2617,3586,345.58,11
2520,3385,0.00,10
2531,3281,254.68,11
2381,3228,86.87,9
2458,3370,170.70,9
2215,2848,229.17,9
2232,2823,43.57,9
2142,2791,58.59,10
2135,2923,137.17,11
2128,2720,230.27,10
1969,2729,0.00,9
1833,2509,57.69,8
1817,2585,124.41,11
1763,2596,0.00,10
1730,2939,265.69,11
1727,2560,308.30,11
1683,2425,0.00,10
1547,2259,190.41,10
1497,2247,211.87,9
1432,2383,109.62,10
1429,2200,214.56,8
1404,2259,49.67,9
1392,2241,249.09,10
