1003
1,2637,2703,1,0,0,13,1,302;92;83;286;154;211;186;591;733;748;644;745;949
1,2623,2919,1,0,0,13,8,316;106;97;300;168;225;200;603;747;762;658;759;963
1,2650,2864,1,0,0,14,2,289;79;70;273;136;198;173;578;720;735;631;732;936;513
1,2637,2688,1,1,0,13,1,302;92;83;286;144;211;186;591;733;748;644;745;949
1,2663,2738,1,1,0,14,2,276;66;57;260;128;91;160;565;707;722;618;719;923;500
0,2652,2721,1,0,0,14,0,287;77;68;271;136;91;171;576;718;733;629;730;934;511
1,2723,3011,1,0,0,13,8,216;6;200;68;91;100;505;647;662;558;659;863;440
1,2684,2918,1,0,0,14,6,255;45;36;239;107;91;139;544;686;701;597;698;902;479
1,2811,2888,1,0,0,12,3,128;112;37;12;417;559;574;470;571;775;352;768
1,2762,2971,1,1,0,12,5,177;161;29;86;61;466;608;623;519;620;824;401
1,2828,3079,1,0,0,11,6,111;95;20;400;487;557;453;554;758;335;751
1,2818,2905,1,0,0,12,3,121;105;30;5;410;552;567;463;564;768;345;761
0,2880,2959,1,0,0,11,0,59;43;348;487;505;401;502;706;243;699;828
0,2874,2925,1,1,0,11,0,65;49;354;487;511;407;508;712;243;705;834
1,2896,3107,1,0,0,13,7,43;27;332;474;489;385;486;690;234;683;812;823;767
1,2883,2952,1,0,0,13,1,56;40;345;487;502;398;499;703;243;696;825;836;780
1,2897,3151,1,1,0,13,9,42;26;331;473;488;384;485;689;216;682;811;822;766
1,2898,2973,1,3,0,13,1,41;25;330;472;487;383;484;688;193;681;810;821;765
1,2901,2964,1,2,0,13,1,38;22;327;469;484;325;481;685;193;678;807;818;762
1,2917,2985,1,4,0,13,1,22;6;311;453;468;313;465;669;193;662;791;802;746
1,2936,2995,1,1,0,13,2,3;292;434;449;313;446;650;190;643;772;783;727;698
1,2975,3184,1,1,0,13,8,253;395;410;306;407;611;188;604;733;744;688;659;817
1,2993,3082,1,0,0,16,3,235;377;392;288;389;593;170;586;715;726;670;586;799;698;764;830
0,3004,3076,1,0,0,16,0,224;366;381;277;378;582;159;575;704;715;630;586;788;687;753;819
1,3017,3070,1,0,0,16,1,211;353;368;264;365;569;146;562;691;702;630;586;775;674;740;806
1,3047,3274,1,0,0,19,14,181;323;338;234;335;539;116;532;661;672;616;586;745;644;710;776;606;589;596
1,3068,3150,1,0,0,19,3,160;302;317;213;314;518;92;511;640;651;595;566;724;623;689;755;585;568;575
1,3074,3135,1,1,0,19,2,148;296;311;207;308;512;89;505;634;645;589;560;718;617;683;749;579;562;569
1,3112,3181,1,1,0,20,1,116;258;273;169;270;474;51;467;596;607;551;522;680;579;645;711;541;524;531;677
1,3132,3218,1,0,0,21,5,96;238;253;149;250;454;31;447;576;587;531;502;660;559;625;691;521;504;511;657;573
1,3148,3227,1,0,0,21,4,80;222;237;133;234;438;6;431;560;571;515;486;644;543;609;675;505;488;495;641;557
1,3162,3237,1,0,0,22,1,66;208;223;119;220;424;1;417;546;557;501;472;630;529;595;661;491;474;481;627;525;719
1,2108,2195,1,0,0,16,2,66;131;155;133;151;92;259;97;151;317;452;822;488;442;401;621
1,2096,2155,1,0,0,16,1,78;143;167;145;163;104;259;151;163;329;464;822;500;442;413;633
1,2088,2148,1,1,0,16,2,86;151;175;153;171;112;259;159;171;337;472;822;508;497;421;641
1,2086,2162,1,0,0,16,1,88;153;177;155;173;114;297;161;173;339;474;822;510;499;423;643
1,2290,2378,1,0,0,13,1,93;135;270;649;306;295;219;439;430;633;501;558;533
1,2243,2307,1,0,0,17,1,20;16;140;4;16;182;317;696;353;342;266;486;477;680;548;605;580
1,2202,2269,1,0,0,17,1,37;61;39;57;181;45;57;223;358;737;394;383;307;527;518;721;589
1,2168,2221,1,0,0,19,1,6;71;95;73;91;32;215;79;91;257;392;771;428;417;341;561;552;755;623
1,2336,2419,1,0,0,13,1,47;89;224;578;260;249;173;393;384;587;455;512;487
1,2325,2576,1,0,0,13,8,58;100;235;614;271;260;184;404;395;598;466;523;498
1,2299,2375,1,0,0,13,2,84;126;261;623;297;286;210;430;421;624;492;549;524
1,2291,2507,1,1,0,13,7,92;134;269;641;305;294;218;438;429;632;500;557;532
1,2396,2448,1,0,0,13,3,29;164;543;200;189;113;333;324;527;395;452;427;832
0,2393,2451,1,1,0,13,0,32;167;546;203;192;116;336;327;530;395;455;430;835
0,2347,2401,1,1,0,13,0,36;78;213;578;249;223;162;382;373;576;395;501;476
1,2344,2401,1,0,0,13,1,39;81;216;578;252;241;165;385;376;579;395;504;479
0,2442,2520,1,0,0,12,0,118;497;154;143;67;287;278;481;349;406;381;786
1,2475,2556,1,1,0,13,2,85;464;121;110;34;254;245;448;316;373;348;753;895
1,2406,2488,1,0,0,13,4,19;154;533;190;179;103;323;314;517;385;442;417;822
0,2427,2484,1,0,0,12,0,133;512;169;158;82;302;293;496;364;421;396;801
1,2490,2714,1,0,0,13,7,70;449;106;77;19;239;230;433;236;358;333;738;880
1,2497,2747,1,1,0,13,7,63;442;99;63;12;232;223;426;236;351;326;731;873
0,2479,2541,1,0,0,13,0,81;460;117;77;30;250;241;444;312;369;344;749;891
1,2486,2564,1,1,0,13,1,74;453;110;77;23;243;234;437;305;362;337;742;884
1,2530,2585,1,0,0,13,1,30;409;66;47;199;190;393;219;318;293;698;840;855
1,2533,2606,1,0,0,14,2,27;406;63;47;196;187;390;210;315;290;695;837;852;748
1,2507,2748,1,0,0,13,6,53;432;89;47;2;222;213;416;236;341;316;721;863
0,2512,2579,1,0,0,12,0,48;427;84;47;217;208;411;219;336;311;716;858
1,2580,2648,1,1,0,14,1,359;16;5;149;122;343;210;251;243;648;790;805;701;802
1,2598,2685,1,0,0,12,1,341;131;122;325;193;250;225;630;772;787;683;784
1,2538,2600,1,0,0,14,1,22;401;58;25;191;182;385;210;310;285;690;832;847;743
1,2542,2616,1,1,0,14,3,18;397;54;25;187;178;381;210;251;281;686;828;843;739
0,3780,3844,1,0,0,12,0,12;43;9;101;107;279;279;434;376;463;285;435
1,3771,3846,1,0,0,13,3,21;52;18;110;116;295;8;288;443;385;472;294;444
1,3803,3889,1,0,0,10,3,20;78;84;263;256;411;353;440;262;412
0,3783,3871,1,0,0,12,0,9;40;6;98;104;279;276;431;373;460;282;432
1,3677,3759,1,1,0,18,2,31;42;115;14;80;146;55;21;204;210;66;360;102;382;537;479;566;388
1,3663,3728,1,0,0,19,3,45;56;0;129;28;94;160;55;42;218;224;80;360;116;396;551;493;580;402
1,3703,3781,1,1,0,18,3,5;16;89;54;120;55;2;178;184;40;360;76;356;511;453;540;362;512
1,3688,3773,1,1,0,18,2,20;31;104;3;69;135;55;17;193;199;55;360;91;371;526;468;555;377
1,4029,4079,1,0,0,9,2,37;30;185;127;214;36;107;700;578
1,3955,4184,1,0,0,8,3,111;104;259;138;288;110;260;774
0,4038,4106,1,0,0,9,0,8;21;176;118;205;27;107;691;546
1,4034,4089,1,0,0,9,1,32;25;180;122;209;31;107;695;546
1,3916,4000,1,0,0,7,3,150;143;298;240;327;149;299
1,3855,3941,1,0,0,9,2,26;32;211;204;359;301;388;210;360
1,3950,4245,1,0,0,8,4,114;109;264;206;293;115;265;779
1,3936,4009,1,0,0,7,2,130;123;278;220;307;129;279
1,4115,4203,1,0,0,7,2,99;41;116;100;614;492;715
0,4115,4172,1,0,0,7,0,99;11;116;100;614;492;715
0,4138,4189,1,0,0,7,0,76;11;105;77;591;469;692
1,4186,4430,1,0,0,6,4,28;57;29;543;421;644
1,4058,4127,1,1,0,9,4,8;1;156;98;185;7;107;671;546
1,4076,4161,1,0,0,6,2,138;80;167;107;647;531
1,4086,4147,1,0,0,6,3,128;59;157;107;643;521
1,4110,4336,1,0,0,7,5,104;46;133;105;619;497;720
0,4291,4349,1,0,0,3,0,406;316;539
1,4294,4535,1,0,0,3,3,406;313;536
0,4300,4359,1,0,0,3,0,406;302;530
1,4336,4396,1,0,0,3,2,393;271;494
0,4204,4271,1,0,0,6,0,10;39;11;525;403;626
0,4227,4284,1,0,0,4,0,16;502;380;603
0,4233,4314,1,0,0,4,0,10;496;374;597
1,4287,4339,1,0,0,3,2,442;320;543
1,3267,3352,1,0,0,20,2,103;118;14;115;319;312;441;452;396;367;525;424;490;556;386;342;347;522;438;614
1,3264,3514,1,0,0,20,12,106;121;17;118;322;315;444;455;399;370;528;427;493;559;389;372;347;525;441;617
1,3241,3310,1,1,0,20,1,129;144;40;141;345;338;467;478;422;386;551;450;516;582;412;395;402;548;464;640
1,3226,3295,1,0,0,21,1,2;144;159;55;156;360;353;482;493;437;401;566;465;531;597;427;410;417;563;479;655
1,3207,3439,1,1,0,21,12,21;163;178;74;175;379;372;501;512;456;427;585;484;550;616;446;429;427;582;498;674
1,3192,3275,1,1,0,21,2,36;178;193;89;190;394;387;516;527;471;442;600;499;565;631;461;444;451;597;513;689
1,3179,3266,1,0,0,21,4,49;191;206;102;203;407;400;529;540;484;442;613;512;578;644;474;457;464;610;525;702
1,3162,3388,1,0,0,22,12,66;208;223;119;220;424;1;417;546;557;501;456;630;529;595;661;491;474;481;627;525;719
1,3452,3714,1,0,0,18,11,134;127;256;267;211;166;340;239;305;371;201;184;191;337;253;429;435;291
1,3440,3675,1,0,0,18,12,146;139;268;279;223;194;352;251;317;383;213;196;203;349;265;441;447;303
1,3362,3426,1,1,0,20,3,8;23;20;212;217;346;357;301;246;430;329;395;461;291;274;281;427;343;519;525
1,3338,3389,1,0,0,19,1,32;47;44;212;241;370;381;325;287;454;353;419;485;315;298;305;451;367;543
1,3329,3595,1,0,0,19,13,41;56;53;212;250;379;390;334;305;463;362;428;494;324;307;314;460;376;552
1,3323,3407,1,0,0,19,2,47;62;59;263;256;385;396;340;311;469;368;434;500;330;313;320;466;382;558
1,3304,3380,1,1,0,19,2,66;81;78;282;275;404;415;359;330;488;387;453;519;349;332;339;485;400;577
1,3295,3355,1,1,0,19,2,75;90;87;291;284;413;424;368;339;497;396;462;528;358;341;347;494;410;586
1,3571,3630,1,0,0,22,1,15;8;137;148;92;63;221;120;186;252;82;65;72;218;134;310;316;172;495;208;488;643
1,3578,3857,1,0,0,22,14,8;1;130;141;85;56;214;113;179;245;48;58;65;211;127;303;309;165;488;201;481;636
1,3518,3603,1,0,0,21,2,68;61;190;201;145;116;274;173;235;305;135;118;125;271;187;363;369;225;548;261;541
1,3524,3612,1,0,0,21,3,62;55;184;195;139;110;268;167;233;299;129;112;119;265;163;357;363;219;542;255;535
1,3461,3732,1,0,0,20,15,124;118;247;258;202;166;284;230;296;362;192;153;182;328;244;420;426;282;605;318
1,3498,3550,1,1,0,20,2,88;81;210;221;165;136;284;193;259;325;155;138;145;291;207;383;389;245;568;281
1,3458,3544,1,1,0,20,3,128;121;250;261;205;166;334;233;299;365;195;153;185;331;247;423;429;285;608;321
1,3459,3511,1,1,0,20,2,124;120;249;260;204;166;333;232;298;364;194;153;184;330;246;422;428;284;607;320
1,3649,3896,1,0,0,20,4,59;70;14;143;36;108;174;4;96;42;232;238;94;417;130;410;565;507;594;416
1,3653,3719,1,0,0,20,1,55;66;10;139;36;104;170;0;55;42;228;234;90;413;126;406;561;503;590;412
1,3627,3711,1,1,0,22,4,81;92;36;7;165;36;130;196;26;9;16;162;57;254;260;116;439;152;432;587;529;616
1,3642,3938,1,0,0,21,10,66;77;21;150;36;115;181;11;1;147;42;239;245;101;424;137;417;572;514;601;423
1,3613,3664,1,0,0,22,2,95;106;50;11;179;36;144;210;40;23;30;176;89;268;274;130;453;166;446;601;543;630
1,3626,3714,1,0,0,22,6,82;93;37;8;166;36;131;197;27;10;17;163;66;255;261;117;440;153;433;588;530;617
1,3606,3686,1,0,0,22,2,102;113;57;28;186;85;151;217;47;30;37;183;89;275;281;137;460;173;453;608;550;637
1,3609,3681,1,1,0,22,4,99;110;54;25;183;36;148;214;44;27;34;180;89;272;278;134;457;170;450;605;547;634
1,687,748,1,0,0,14,2,171;183;131;76;246;361;590;436;16;794;479;489;317;690
1,742,815,1,0,0,13,2,116;128;76;21;191;306;535;381;739;428;434;262;635
1,764,1040,1,0,0,12,8,94;68;54;169;284;513;359;717;406;412;240;613
1,769,857,1,1,0,12,2,89;68;49;164;279;495;354;712;401;407;235;608
1,776,845,1,0,0,12,1,82;68;42;157;272;468;347;705;394;400;228;601
0,777,828,1,0,0,12,0,81;54;41;156;271;468;346;704;393;399;227;600
1,799,868,1,0,0,12,2,59;54;19;134;249;468;324;682;371;377;205;578
1,799,852,1,1,0,12,1,59;54;19;134;249;454;324;682;371;377;205;578
1,597,657,1,0,0,14,2,51;261;50;273;221;166;330;451;673;526;141;884;573;579
1,609,688,1,1,0,15,4,39;249;38;261;209;154;324;439;668;514;129;872;561;567;395
1,618,677,1,0,0,15,1,30;240;29;252;200;133;315;430;659;505;120;863;552;558;386
1,637,714,1,0,0,16,3,11;221;10;233;181;126;296;411;640;486;101;844;515;539;367;740
1,639,856,1,0,0,16,9,9;219;8;231;179;124;294;409;623;484;99;842;515;537;365;738
0,662,742,1,1,0,14,0,196;208;156;101;271;386;602;461;76;819;508;514;342;715
1,665,733,1,0,0,14,1,193;205;153;98;268;383;602;458;73;816;505;511;339;712
1,670,750,1,1,0,14,2,188;200;148;93;263;378;602;453;68;811;479;506;334;707
1,1058,1333,1,0,0,9,2,219;65;423;112;118;290;449;572;1116
1,1032,1095,1,0,0,10,2,16;245;91;449;138;144;290;475;598;1142
1,1076,1131,1,0,0,9,1,201;47;256;94;100;290;431;554;1098
1,1067,1286,1,1,0,9,1,210;56;268;103;109;290;440;563;1107
1,1091,1170,1,1,0,9,1,186;32;220;79;85;286;416;527;1083
1,1080,1143,1,1,0,9,2,197;43;220;90;96;290;427;550;1094
1,1103,1192,1,1,0,9,1,174;20;211;48;73;274;404;527;1071
1,1092,1168,1,1,0,9,2,185;31;211;78;84;285;415;527;1082
1,885,964,1,1,0,11,2,48;163;392;238;596;285;291;119;492;622;745
1,858,1146,1,0,0,12,7,0;12;75;190;419;265;623;312;318;146;519;649
1,942,999,1,0,0,10,2,64;335;181;539;228;234;62;435;565;688
1,924,1008,1,0,0,11,2,9;124;353;199;557;246;252;80;453;583;706
1,960,1010,1,0,0,10,1,64;317;163;521;210;216;44;417;547;670
1,943,1016,1,0,0,10,2,64;334;180;538;227;233;61;434;564;672
1,1024,1275,1,0,0,10,5,24;253;93;457;146;152;353;483;606;1150
1,987,1277,1,0,0,11,6,61;290;123;494;183;189;17;390;520;643;1187
1,153,214,1,0,0,10,1,495;42;215;40;104;705;494;717;636;610
1,199,273,1,1,0,10,1,449;169;64;659;448;671;619;564;734;849
1,142,195,1,0,0,10,2,506;53;226;51;121;716;499;728;676;621
1,145,224,1,0,0,10,1,503;50;223;48;104;713;499;725;673;618
1,317,404,1,0,0,10,3,331;51;541;330;553;501;443;616;731;960
1,326,414,1,0,0,10,2,322;42;532;321;544;492;437;607;722;912
1,308,363,1,1,0,10,1,340;60;550;339;562;510;455;625;740;969
0,309,359,1,0,0,10,0,339;59;549;338;561;509;443;624;739;968
0,55,111,1,1,0,7,0,72;593;120;313;124;138;803
0,68,130,1,0,0,7,0,59;580;120;300;124;138;790
1,29,109,1,0,0,7,2,98;619;166;339;164;138;829
1,29,100,1,1,0,7,1,98;619;120;339;164;138;829
1,77,140,1,0,0,8,1,50;571;109;291;108;138;781;570
1,126,404,1,0,0,10,5,1;522;69;242;67;137;732;521;744;692
1,73,133,1,0,0,8,1,54;575;120;295;120;138;785;574
1,74,160,1,0,0,8,2,53;574;120;294;108;138;784;573
1,564,645,1,0,0,13,2,84;294;66;306;254;199;369;484;713;559;174;917;606
1,553,635,1,0,0,13,2,95;305;94;317;265;210;376;495;724;570;185;928;617
1,524,608,1,0,0,12,2,124;334;123;346;294;234;409;524;753;599;214;957
1,520,574,1,0,0,12,1,128;338;127;350;298;243;413;528;757;603;218;961
1,592,643,1,0,0,14,2,56;266;55;278;226;166;330;456;685;531;146;889;578;584
1,579,651,1,1,0,13,2,69;279;66;291;239;166;351;469;698;544;159;902;591
1,577,644,1,0,0,13,3,71;281;66;293;241;186;351;471;700;546;161;904;593
1,577,627,1,0,0,13,1,71;281;66;293;241;172;351;471;700;546;161;904;593
1,383,440,1,0,0,9,2,265;475;264;487;435;380;550;665;894
1,365,419,1,0,0,10,1,283;3;493;282;505;453;383;568;683;895
1,358,428,1,1,0,10,2,290;10;500;289;512;460;405;575;690;895
1,328,382,1,0,0,10,1,320;40;530;319;542;490;407;605;720;912
1,433,522,1,0,0,11,1,215;425;214;437;385;330;500;615;844;686;305
1,400,678,1,0,0,10,8,248;458;247;470;418;358;533;648;874;686
1,397,447,1,0,0,10,1,251;461;250;473;421;358;536;651;874;726
1,385,439,1,0,0,9,2,263;473;262;485;433;378;548;663;874
1,1778,2064,1,0,0,18,12,396;33;218;156;164;461;485;58;463;481;422;605;469;481;647;782;1107;818
1,1785,1865,1,1,0,18,3,389;26;211;149;164;454;478;51;456;474;415;598;462;474;640;775;1107;811
0,1792,1852,1,1,0,18,0,382;19;204;142;164;447;471;44;449;456;408;591;455;467;633;768;1107;804
1,1815,2042,1,0,0,17,10,359;181;119;157;424;448;21;426;444;385;568;432;444;610;745;1107;781
1,1736,1804,1,0,0,17,3,438;75;260;198;236;503;497;100;505;523;464;647;511;523;689;824;1203
0,1764,1839,1,0,0,18,0,410;47;232;170;208;475;497;72;477;495;436;619;483;495;661;796;1175;832
1,1764,1848,1,0,0,18,2,410;47;232;170;208;475;497;72;477;495;436;619;483;495;661;796;1175;832
1,1775,1984,1,0,0,18,11,399;36;221;159;197;464;488;61;466;484;425;608;472;484;650;785;1107;821
0,1703,1789,1,0,0,15,0,471;108;293;231;269;533;560;133;538;556;497;680;534;556;722
1,1712,1777,1,0,0,15,1,462;99;284;222;260;527;551;124;529;547;488;671;534;547;713
1,1721,1782,1,0,0,15,2,453;90;275;213;251;504;542;115;520;538;479;662;526;538;704
1,1721,1780,1,1,0,15,3,453;90;275;213;251;504;497;115;520;538;479;662;526;538;704
1,1652,1734,1,0,0,14,2,522;159;344;282;320;586;611;184;589;607;548;731;595;607
1,1657,1731,1,0,0,14,4,517;154;339;277;315;582;605;179;584;602;543;726;590;602
1,1679,1754,1,0,0,14,1,495;132;317;255;293;560;584;157;562;580;521;704;568;580
1,1680,1738,1,0,0,14,1,494;131;316;254;292;559;583;156;561;579;520;703;534;579
1,2017,2231,1,0,0,16,7,157;222;246;224;221;183;366;230;242;408;543;922;579;568;489;712
1,2003,2076,1,0,0,16,2,171;236;260;238;256;197;380;244;256;422;557;936;593;582;489;726
1,2082,2137,1,0,0,16,1,92;157;181;159;177;118;301;165;177;343;478;857;514;503;427;647
1,2043,2103,1,0,0,16,1,131;196;220;198;216;157;340;204;216;382;517;896;553;542;466;686
1,1941,2023,1,0,0,17,1,233;55;31;298;322;300;318;259;388;306;318;484;619;980;655;644;568
1,1932,2202,1,0,0,18,10,242;64;2;40;307;331;309;320;268;451;315;327;493;628;980;664;653;577
1,2000,2082,1,0,0,16,1,174;239;263;241;259;200;383;247;259;425;560;939;596;585;492;729
1,1960,2037,1,0,0,17,1,214;36;12;279;303;281;299;240;388;287;299;465;600;967;636;625;549
1,1905,1973,1,0,0,18,1,269;91;29;67;334;342;336;351;295;478;342;354;520;655;1034;691;680;604
1,1896,1956,1,0,0,18,3,278;100;38;76;343;342;345;363;304;487;351;363;529;664;1043;700;689;613
1,1917,1977,1,1,0,18,2,257;79;17;55;322;342;324;342;283;466;330;342;508;643;980;679;668;592
1,1913,1980,1,1,0,18,1,261;83;21;59;326;342;328;346;287;470;334;346;512;647;988;683;672;596
1,1857,1917,1,0,0,18,1,317;139;75;115;382;406;384;402;343;526;390;402;568;703;1082;739;728;652
1,1849,1938,1,0,0,18,5,325;147;85;123;390;414;392;410;351;534;398;410;576;711;1090;747;736;660
1,1892,1957,1,0,0,18,2,282;104;42;80;347;371;349;367;308;491;355;367;533;668;1047;704;693;617
1,1863,1916,1,0,0,18,1,311;133;71;109;376;376;378;396;337;520;384;396;562;697;1076;733;722;646
1,1371,1427,1,1,0,12,2,110;6;127;259;803;440;625;563;601;868;892;465
1,1377,1433,1,1,0,12,2,104;0;127;253;797;434;619;557;595;834;886;459
1,1361,1413,1,0,0,9,1,120;16;146;269;813;450;635;573;611
1,1365,1425,1,0,0,11,2,116;12;128;265;809;446;631;569;607;874;898
0,1277,1363,1,0,0,8,0,0;204;84;230;353;897;534;719
1,1291,1362,1,1,0,8,1,190;84;216;339;883;520;705;643
1,1252,1313,1,0,0,7,1,25;209;125;255;378;922;559
1,1256,1326,1,0,0,7,1,21;209;100;251;374;918;555
0,1224,1294,1,0,0,7,0,53;209;153;273;406;950;587
1,1242,1331,1,0,0,7,1,35;209;135;265;388;932;569
0,1198,1258,1,0,0,6,0,79;209;179;273;432;976
0,1212,1269,1,0,0,7,0,65;209;165;273;418;962;599
1,1167,1379,1,0,0,8,1,110;210;3;9;210;340;463;1007
1,1184,1245,1,0,0,6,1,93;209;193;323;446;990
1,1139,1385,1,1,0,8,3,138;211;31;37;238;368;491;1035
1,1146,1205,1,0,0,8,1,131;211;24;30;231;353;484;1028
1,1644,1881,1,0,0,14,10,530;167;352;290;328;586;619;192;597;615;556;739;603;615
0,1628,1688,1,0,0,15,0,2;546;183;368;306;344;586;631;208;613;631;572;755;619;631
1,1623,1690,1,1,0,15,1,7;551;188;373;311;349;616;631;213;618;635;577;760;624;636
1,1602,1674,1,0,0,15,3,28;572;209;394;332;370;637;631;234;639;657;598;781;645;657
1,1580,1642,1,1,0,15,1,39;594;231;416;354;392;653;647;256;661;679;620;803;667;679
1,1577,1662,1,1,0,15,2,39;597;234;419;357;395;653;684;259;664;682;623;806;670;682
1,1574,1655,1,0,0,15,2,39;600;237;422;360;398;653;689;262;667;685;626;809;673;685
1,1568,1635,1,0,0,15,1,62;606;243;428;366;404;653;690;268;673;691;632;815;679;691
1,1556,1816,1,0,0,15,12,74;618;255;440;378;416;668;690;280;685;703;644;827;691;703
1,1553,1770,1,0,0,15,10,77;621;258;443;381;419;686;690;283;688;706;647;830;694;706
1,1550,1626,1,1,0,15,2,80;624;261;446;384;422;689;713;286;691;709;650;833;697;709
1,1525,1798,1,0,0,14,11,105;649;286;471;409;447;704;738;311;716;734;675;858;722
1,1503,1567,1,1,0,15,1,4;127;671;308;493;431;469;736;760;333;738;756;697;880;744
1,1463,1522,1,0,0,15,2,18;44;167;711;348;533;471;509;776;800;373;778;796;737;920
1,1444,1514,1,0,0,15,4,37;63;182;730;367;552;490;528;795;819;392;797;815;756;939
1,1405,1483,1,0,0,13,3,76;102;225;769;406;591;529;567;816;858;431;836;854
1,6986,7048,1,0,0,11,2,30;35;380;160;13;79;362;342;675;759;215
1,7005,7069,1,0,0,10,2,11;16;361;141;60;343;323;656;740;196
0,6959,7044,1,0,0,11,0,57;62;407;187;40;106;389;369;689;771;242
1,6969,7035,1,1,0,11,1,47;52;397;177;30;96;379;359;689;771;232
1,7038,7096,1,1,0,8,2,328;108;27;310;290;623;686;163
1,7050,7137,1,0,0,8,1,316;96;15;298;278;611;659;151
1,7006,7072,1,1,0,10,2,10;15;360;140;59;342;322;655;701;195
1,7025,7113,1,0,0,8,2,341;121;40;323;303;636;697;176
1,7103,7187,1,0,0,9,2,263;43;192;225;558;642;98;616;711
1,7108,7170,1,1,0,9,1,258;38;192;220;550;637;93;611;706
1,7062,7296,1,1,0,8,2,304;84;3;283;266;599;659;139
1,7093,7165,1,0,0,9,2,273;53;215;235;568;652;108;626;721
1,7163,7368,1,0,0,9,5,203;112;165;498;578;38;556;651;734
1,7164,7233,1,0,0,9,2,181;112;164;497;578;37;555;650;733
1,7123,7177,1,0,0,9,2,243;23;192;205;538;622;78;596;691
1,7142,7218,1,0,0,10,1,224;4;112;186;519;603;59;577;672;755
0,6709,6770,1,0,0,9,0,108;307;312;598;437;290;356;613;619
1,6699,6785,1,0,0,8,1,118;317;322;598;447;300;366;649
0,6664,6727,1,0,0,10,0,9;7;153;32;352;357;598;482;335;401
0,6661,6715,1,1,0,10,0,12;10;156;35;355;360;598;485;338;404
0,6772,6833,1,0,0,9,0,45;244;249;586;374;227;293;576;556
1,6769,6819,1,0,0,9,1,48;247;252;597;377;230;296;579;559
1,6737,6815,1,1,0,9,1,80;279;284;598;409;262;328;611;591
0,6730,6794,1,0,0,9,0,87;286;291;598;416;269;335;613;598
0,6880,6939,1,0,0,9,0,118;141;459;266;119;185;468;448;781
1,6877,6948,1,0,0,9,2,139;144;459;269;122;188;471;451;784
1,6876,6951,1,1,0,9,2,140;145;490;270;123;189;472;452;785
0,6815,6900,1,0,0,9,0,2;201;206;551;331;184;250;533;513
1,6924,6975,1,0,0,10,1,92;97;442;222;75;141;424;404;689;821
1,6911,6978,1,0,0,10,1,105;110;455;235;88;154;437;417;750;834
0,6899,6949,1,0,0,10,0,117;122;459;247;100;166;449;429;762;846
1,6888,6975,1,0,0,10,2,118;133;459;258;111;177;460;440;773;857
1,6500,6559,1,0,0,10,1,82;173;171;317;196;513;521;866;646;499
0,6506,6583,1,0,0,10,0,76;167;165;311;190;472;515;860;640;493
0,6525,6581,1,0,0,10,0,57;148;146;292;171;472;496;841;621;474
1,6539,6592,1,0,0,10,1,43;134;132;278;157;472;482;827;607;460
0,6551,6613,1,0,0,10,0,31;122;120;266;145;452;470;815;595;448
1,6553,6613,1,1,0,10,3,29;120;118;264;143;452;468;813;593;446
1,6554,6616,1,0,0,10,1,28;119;95;263;142;452;467;812;592;445
1,6571,6790,1,0,0,11,4,11;102;95;246;125;445;450;795;575;428;494
1,6572,6821,1,0,0,11,7,10;101;95;245;124;444;449;712;574;427;493
0,6591,6651,1,0,0,10,0,82;80;226;105;425;430;712;555;408;474
1,6610,6664,1,0,0,10,1,63;61;207;86;406;411;712;536;389;455
0,6618,6680,1,0,0,10,0,55;53;199;78;398;403;679;528;381;447
0,6636,6693,1,0,0,10,0,37;35;181;60;380;385;679;510;363;429
1,6642,6700,1,1,0,10,1,31;29;175;54;374;379;679;504;357;423
1,6648,6727,1,0,0,10,2,25;23;169;48;368;373;659;498;351;417
1,6658,6743,1,1,0,10,1,15;13;159;38;358;363;659;488;341;407
0,6307,6393,1,0,0,8,0,34;15;275;366;364;510;389;709
0,6303,6364,1,0,0,8,0,34;15;279;370;368;514;393;713
0,6338,6424,1,0,0,8,0,34;14;244;335;333;479;358;596
1,6331,6531,1,0,0,8,5,34;15;251;342;340;486;365;685
0,6365,6415,1,1,0,8,0,12;217;308;306;452;331;596;656
1,6361,6611,1,0,0,8,5,34;221;312;310;456;335;596;660
0,6376,6426,1,0,0,9,0,12;206;297;295;441;320;596;645;990
0,6375,6446,1,0,0,9,0,12;207;298;296;442;321;596;646;991
0,6383,6466,1,0,0,9,0,7;199;290;288;434;313;596;638;983
1,6376,6453,1,0,0,9,1,12;206;297;295;441;320;596;645;990
0,6404,6483,1,0,0,9,0,1;178;269;267;413;292;575;617;962
1,6399,6463,1,0,0,9,1,6;183;274;272;418;297;596;622;967
0,6456,6509,1,0,0,8,0,126;217;215;361;240;555;565;910
1,6416,6635,1,0,0,8,6,166;257;255;401;280;575;605;950
0,6491,6542,1,0,0,10,0,91;182;180;326;205;513;530;875;655;508
1,6474,6552,1,0,0,9,2,108;199;197;343;222;542;547;892;672
1,8144,8218,1,1,0,11,2,26;34;513;303;401;409;341;636;703;576;698
1,8146,8442,1,1,0,11,8,24;32;511;301;399;407;326;634;701;574;696
1,8109,8191,1,0,0,10,1,61;38;548;338;436;444;417;671;738;611
1,8134,8362,1,0,0,11,6,36;38;523;313;411;419;367;646;713;586;708
1,8056,8137,1,0,0,9,1,114;122;15;595;388;489;455;470;724
1,8086,8142,1,0,0,10,1,84;92;571;361;459;455;440;694;761;634
1,8030,8111,1,0,0,9,1,140;148;41;627;388;515;523;496;750
1,8043,8132,1,0,0,9,2,127;135;28;595;388;502;510;483;737
1,8299,8385,1,0,0,10,2,358;148;246;33;227;481;548;421;543;736
1,8301,8354,1,1,0,10,2,356;146;244;33;208;479;546;419;541;734
1,8280,8579,1,0,1,10,6,377;167;265;273;246;500;567;440;562;755
1,8294,8368,1,1,0,10,1,363;153;251;142;232;486;553;426;548;741
1,8254,8478,1,1,0,10,7,403;193;291;299;272;526;593;466;588;781
1,8263,8318,1,0,0,10,1,382;184;282;290;263;517;584;457;579;772
1,8169,8252,1,1,0,11,1,1;9;482;278;376;384;326;611;678;551;673
1,8177,8240,1,1,0,11,1,1;461;270;368;376;326;603;670;543;665;858
1,7904,7969,1,0,0,7,1,266;259;127;753;543;641;649
1,7877,7957,1,1,0,7,1,4;293;286;127;780;570;668
1,7870,7953,1,0,0,7,1,4;300;308;127;787;577;675
0,7866,7955,1,0,0,7,0,4;304;312;127;791;581;679
1,7821,7880,1,0,0,6,1,4;349;357;127;809;597
1,7810,7879,1,0,0,7,1,4;4;360;368;127;809;637
1,7801,8099,1,0,0,7,5,13;10;369;377;127;809;646
1,7772,7853,1,0,0,7,1,42;10;398;403;127;885;675
1,8014,8102,1,0,0,9,3,156;164;57;636;406;531;539;512;766
1,8008,8070,1,1,0,9,2,162;170;63;636;406;537;545;518;772
1,8002,8060,1,1,0,9,1,168;176;69;655;406;543;551;524;778
1,7998,8278,1,0,0,9,7,172;180;73;659;427;547;555;528;782
1,7984,8042,1,0,0,9,1,186;194;87;660;457;561;569;542;796
1,7968,8214,1,0,0,8,6,202;210;103;689;457;577;585;558
1,7966,8232,1,0,0,8,6,204;212;105;691;481;579;587;560
1,7910,7995,1,0,0,7,2,260;259;106;747;537;635;643
1,7579,7636,1,1,0,8,1,82;166;138;235;219;591;599;492
1,7593,7649,1,0,0,8,1,68;152;126;204;219;577;585;478
0,7621,7674,1,1,0,8,0,40;124;98;192;219;549;557;450
0,7631,7844,1,1,0,8,0,30;114;88;183;219;539;547;440
0,7531,7774,1,0,0,7,0,130;214;188;283;219;639;647
1,7548,7820,1,0,0,8,6,113;197;171;266;219;622;630;523
1,7564,7647,1,0,0,8,1,97;181;155;250;219;606;614;507
0,7564,7780,1,0,0,8,0,97;181;138;250;219;606;614;507
1,7668,7756,1,1,0,7,2,77;51;146;10;502;403;403
1,7732,7954,1,0,0,6,1,13;82;10;438;403;339
1,7751,7818,1,0,0,6,2,63;10;419;403;129;906
1,7769,8000,1,0,0,7,5,45;10;401;403;129;888;678
1,7638,7697,1,0,0,8,1,23;107;81;176;219;532;540;433
1,7651,7727,1,0,0,8,2,10;94;68;163;219;519;527;420
1,7653,7889,1,0,0,8,2,8;92;66;157;219;517;525;418
1,7666,7885,1,0,0,7,2,79;53;148;10;504;512;405
1,7242,7533,1,1,0,8,4,124;106;86;419;491;477;572;655
1,7235,7288,1,0,0,8,1,130;112;93;426;510;484;579;662
1,7256,7342,1,0,0,8,2,110;92;72;399;489;463;558;561
1,7249,7327,1,0,0,8,2,117;99;79;412;491;470;565;561
1,7191,7278,1,0,0,9,2,175;112;137;470;554;10;528;623;706
1,7177,7450,1,1,0,9,7,181;112;151;484;568;24;542;637;720
0,7235,7289,1,0,0,8,0,130;112;93;426;491;484;579;662
1,7221,7299,1,0,0,8,1,145;112;107;440;524;498;582;676
1,7438,7693,1,0,0,5,4,223;307;281;376;459
1,7403,7481,1,0,0,5,2,258;342;292;411;494
1,7459,7534,1,0,0,5,1,202;286;260;355;224
1,7453,7739,1,0,0,5,2,203;292;266;361;444
1,7265,7354,1,0,0,8,1,101;19;63;386;480;454;549;561
1,7258,7345,1,1,0,8,2,108;90;70;386;487;461;556;561
1,7361,7632,1,0,0,6,3,5;300;384;358;453;536
1,7326,7540,1,0,0,8,3,40;19;2;335;419;393;488;561
1,5210,5294,1,1,0,8,2,268;631;323;236;386;329;678;428
1,5176,5424,1,0,0,8,5,302;659;357;270;420;454;712;462
1,5143,5193,1,0,0,8,2,335;659;383;303;453;487;745;495
1,5139,5228,1,0,0,8,2,339;659;394;307;457;491;749;499
1,5262,5324,1,0,0,8,1,216;579;271;184;334;307;626;366
1,5246,5300,1,0,0,8,1,232;595;287;200;350;307;642;392
1,5234,5315,1,0,0,8,1,244;607;287;212;362;329;654;404
1,5211,5298,1,0,0,8,2,267;630;322;235;385;329;677;409
1,5044,5127,1,0,0,9,1,12;434;797;407;375;552;549;844;583
1,5029,5114,1,1,0,9,1,27;449;812;407;417;567;549;859;583
1,5022,5108,1,1,0,9,1,34;456;819;407;424;574;561;866;583
1,5012,5084,1,0,0,9,1,44;466;829;407;434;584;588;876;583
1,5116,5189,1,1,0,8,1,362;724;407;330;480;514;772;517
1,5087,5153,1,0,0,8,1,391;724;407;345;509;537;801;551
1,5073,5151,1,0,0,8,2,405;724;407;345;523;549;815;565
1,5060,5119,1,0,0,8,1,418;724;407;375;536;549;828;578
1,4941,5230,1,0,0,6,4,115;537;889;592;505;655
0,4965,5051,1,0,0,7,0,91;513;870;407;481;631;665
1,4923,4981,1,0,0,6,1,133;555;897;610;523;673
1,4941,5010,1,0,0,6,1,115;537;889;407;505;655
1,4975,5177,1,1,0,8,3,81;503;866;407;471;621;655;913
1,5008,5076,1,0,0,9,1,48;470;833;407;438;588;588;880;630
0,4973,5039,1,0,0,7,0,83;505;868;407;473;623;657
0,4973,5042,1,0,0,7,0,83;505;868;407;473;623;657
0,4799,4885,1,0,0,6,0,31;183;679;1042;734;647
0,4799,4852,1,0,0,6,0,31;183;679;1042;734;647
0,4797,4853,1,0,0,6,0,33;183;681;1044;736;649
1,4799,4877,1,0,0,6,1,31;183;679;1042;734;647
0,4875,4959,1,1,0,6,0,154;603;897;658;571;721
0,4883,4947,1,0,0,6,0,154;595;897;650;563;713
1,4835,5101,1,0,0,6,4,155;643;1006;698;611;761
1,4863,4922,1,1,0,6,1,155;615;897;670;583;733
0,4697,4778,1,0,0,3,0,5;133;359
0,4686,4743,1,0,0,3,0,5;144;363
0,4708,4765,1,1,0,3,0,5;113;348
1,4703,4759,1,0,0,3,1,5;127;353
1,4717,4771,1,0,0,4,1,5;113;205;761
1,4714,4949,1,0,0,4,2,5;113;342;764
0,4790,4845,1,0,0,6,0,40;183;688;1051;743;656
1,4719,4784,1,0,0,4,1,5;111;189;759
1,4573,4631,1,1,0,4,1,146;34;191;465
0,4564,4637,1,3,0,4,0,146;43;191;465
1,4633,4694,1,0,0,3,1,96;191;409
1,4632,4898,1,0,0,3,1,97;191;424
1,4640,4849,1,0,0,3,2,89;168;385
1,4633,4691,1,0,0,3,1,96;191;385
1,4674,4743,1,1,0,3,1,18;156;363
1,4642,4938,1,1,0,3,1,18;168;385
1,4458,4726,1,1,0,4,3,271;135;243;530
1,4459,4752,1,0,0,4,3,270;135;243;465
0,4475,4535,1,0,0,4,0,254;121;243;465
1,4504,4591,1,0,0,4,1,225;103;243;465
0,4512,4597,1,0,0,4,0,217;95;240;465
1,4515,4756,1,1,0,4,1,214;92;240;465
1,4518,4799,1,1,0,4,2,211;89;221;465
1,4559,4642,1,1,0,4,1,146;48;221;465
0,4353,4424,1,1,0,3,0,376;254;477
1,4379,4431,1,0,0,4,2,350;228;451;677
1,4414,4620,1,0,0,4,2,315;193;416;642
1,4425,4495,1,0,0,4,2,304;182;243;631
1,4428,4673,1,0,0,4,3,296;179;243;628
1,4428,4631,1,0,0,4,3,296;174;243;628
0,4438,4499,1,0,0,4,0,291;169;243;530
1,4457,4523,1,0,0,4,2,272;150;243;530
0,6297,6367,1,0,0,8,0,34;15;285;376;374;520;399;719
0,6290,6349,1,0,0,8,0,34;15;292;383;381;527;406;726
1,6265,6350,1,0,0,8,1,34;69;317;408;406;552;431;751
1,6221,6517,1,1,0,7,5,184;69;361;452;450;596;475
0,6214,6279,1,0,0,7,0,191;69;368;459;457;603;482
1,6210,6286,1,0,0,7,1,195;118;372;463;461;607;486
1,6209,6476,1,0,0,7,6,196;132;373;464;462;608;487
0,6201,6277,1,0,0,7,0,204;132;381;472;470;616;495
1,6196,6277,1,0,0,8,1,1;209;155;386;477;475;621;500
1,6163,6231,1,0,0,9,1,34;242;17;185;419;510;508;654;533
1,6135,6424,1,0,0,9,5,62;270;49;185;447;538;536;682;561
1,6098,6162,1,1,0,11,1,90;307;26;86;185;16;484;575;573;719;598
1,6091,6144,1,1,0,11,1,90;314;33;93;185;23;491;582;580;726;605
1,6083,6159,1,0,0,11,1,114;322;41;101;185;31;499;590;588;734;613
0,6065,6152,1,0,0,11,0,118;340;59;119;185;49;517;608;606;752;631
1,6052,6120,1,0,0,11,1,145;353;72;132;185;62;530;621;619;765;644
1,6025,6083,1,1,0,11,1,166;380;99;159;196;89;557;648;646;792;671
0,6034,6123,1,0,0,11,0,163;371;90;150;185;80;548;639;637;783;662
1,6001,6060,1,1,0,9,1,196;404;123;183;260;113;581;672;670
1,6009,6083,1,1,0,10,1,188;396;115;175;196;105;573;664;662;808
1,5951,6248,1,0,0,10,8,46;246;454;173;233;401;163;631;722;720
1,5953,6200,1,0,0,10,5,44;244;452;171;231;399;146;629;720;718
1,5887,6148,1,0,0,10,7,1;110;303;518;237;284;465;227;695;786
1,5893,5962,1,0,0,9,1,104;303;512;231;259;459;221;689;780
0,5851,5915,1,1,0,10,0,37;146;346;554;273;284;501;263;731;822
1,5855,5912,1,0,0,10,1,33;142;342;550;269;284;497;259;727;818
0,5838,5902,1,0,0,10,0,3;50;159;359;567;286;284;514;276;744
0,5838,5917,1,1,0,10,0,3;50;159;359;567;286;284;514;276;744
1,5824,6098,1,1,0,10,6,17;64;173;360;581;300;354;528;290;758
1,5826,5892,1,0,0,10,1,15;62;171;360;579;298;307;526;288;756
1,5789,6023,1,0,0,9,6,52;99;208;408;616;335;395;563;325
1,5795,6019,1,0,0,9,4,46;93;202;360;610;329;389;557;319
0,5752,5833,1,0,0,9,0,89;136;245;445;653;372;432;598;362
0,5734,5799,1,0,0,9,0,107;154;263;463;671;390;445;598;380
1,5784,5872,1,1,0,9,1,57;104;213;413;621;340;400;568;330
0,5767,5818,1,0,0,9,0,74;121;230;430;638;357;417;585;347
1,5694,5755,1,0,0,8,1,147;194;303;503;711;430;471;657
0,5660,5728,1,1,0,8,0,181;228;337;527;745;464;471;657
0,5704,5790,1,0,0,8,0,137;184;293;493;701;420;445;598
1,5696,5921,1,1,0,8,2,145;192;301;501;709;428;445;656
0,5622,5672,1,0,0,10,0,219;8;266;16;375;527;783;502;471;730
1,5607,5838,1,1,0,10,3,234;23;281;31;390;527;798;517;577;745
0,5638,5713,1,0,0,9,0,203;250;0;359;527;767;486;471;657
1,5632,5716,1,0,0,9,1,209;256;6;365;527;773;492;471;720
0,5577,5627,1,0,0,11,0,264;19;53;311;61;420;560;828;547;607;775
1,5558,5641,1,0,0,10,1,283;38;72;330;80;439;639;847;566;626
0,5597,5660,1,1,0,10,0,244;33;291;41;400;527;808;527;587;755
1,5577,5791,1,1,0,11,5,264;19;53;311;61;420;560;828;547;607;775
1,5490,5559,1,0,0,10,1,351;15;106;140;398;148;507;707;915;634
1,5501,5569,1,0,0,10,1,340;15;95;129;387;132;496;696;904;623
0,5534,5603,1,0,0,9,0,296;62;96;354;104;463;663;871;590
0,5554,5636,1,0,0,9,0,287;42;76;334;84;443;643;851;570
1,5438,5519,1,0,0,11,1,40;403;95;8;158;192;450;182;559;759;967
1,5456,5508,1,1,0,10,1,22;385;77;140;174;432;182;541;741;949
1,5479,5538,1,1,0,10,1,362;54;117;151;409;159;518;718;926;645
1,5484,5565,1,0,0,10,1,357;38;112;146;404;154;513;713;921;640
1,5335,5599,1,0,0,9,7,143;506;192;111;261;295;553;303;662
1,5376,5447,1,0,0,9,1,102;465;157;70;220;254;512;262;621
1,5417,5625,1,0,0,11,2,61;424;116;29;179;213;471;221;580;780;988
1,5427,5478,1,0,0,11,1,51;414;106;19;169;203;461;211;570;770;978
1,5263,5338,1,0,0,8,1,215;562;270;183;333;307;625;366
1,5296,5540,1,0,0,8,4,182;545;237;150;300;307;592;333
1,5302,5510,1,1,0,8,1,176;539;231;144;294;305;586;333
1,5332,5392,1,1,0,9,1,146;506;201;114;264;298;556;306;665
1,3,72,1,1,0,8,1,124;645;192;9;21;365;190;260
1,28,306,1,0,0,7,2,99;620;167;340;165;235;830
1,9409,9663,1,0,0,13,7,138;184;68;35;220;368;210;109;200;404;407;571;923
1,9404,9466,1,0,0,13,2,143;189;73;40;225;373;233;109;205;407;412;576;928
1,9397,9460,1,0,0,12,1,150;196;75;47;232;377;240;134;212;407;419;583
1,9388,9454,1,0,0,12,3,159;205;75;56;241;377;249;143;221;425;428;592
1,9461,9529,1,1,0,12,3,86;132;10;168;316;176;44;148;352;355;519;871
1,9453,9513,1,0,0,12,1,94;140;24;176;324;184;44;156;360;363;527;879
1,9435,9491,1,0,0,13,1,112;158;42;9;194;342;202;58;174;378;381;545;897
1,9413,9472,1,1,0,13,1,134;180;64;31;216;364;210;79;196;400;403;567;919
1,9522,9780,1,0,0,13,5,25;71;107;255;115;9;87;291;294;458;810;282;776
0,9518,9584,1,0,0,13,0,29;75;111;259;119;13;91;292;298;462;814;286;780
1,9493,9572,1,0,0,12,3,54;100;136;284;144;38;116;292;323;487;839;311
1,9469,9737,1,1,0,13,5,78;124;8;160;308;168;44;140;330;347;511;863;335
1,9671,9726,1,0,0,9,1,106;142;145;309;661;133;627;473;643
1,9594,9811,1,0,0,11,4,35;183;43;15;219;222;386;738;199;704;550
1,9559,9623,1,0,0,12,1,34;70;218;78;50;254;257;421;773;202;739;585
1,9539,9606,1,0,0,12,1,8;54;90;238;98;70;274;277;441;793;237;759
1,9176,9237,1,0,0,11,1,371;417;301;267;453;601;395;352;433;637;640
0,9183,9264,1,0,0,11,0,364;410;294;247;446;594;395;348;426;630;633
1,9151,9363,1,1,0,11,4,396;442;326;289;478;626;486;352;458;662;665
1,9156,9226,1,1,0,11,1,391;437;321;288;473;621;395;352;453;657;660
1,9256,9331,1,0,0,12,2,291;337;221;188;373;521;381;275;353;539;560;724
1,9258,9316,1,0,0,12,2,289;301;219;186;371;519;379;273;351;539;558;722
1,9201,9290,1,0,0,11,2,346;392;276;243;428;576;395;330;408;612;615
1,9230,9442,1,0,0,12,5,317;363;247;214;399;547;395;301;379;564;586;750
1,9299,9535,1,1,0,12,5,248;294;178;145;330;454;338;210;310;514;517;681
1,9323,9398,1,0,0,12,2,224;270;75;121;306;454;314;208;286;490;493;657
1,9289,9359,1,0,0,12,1,258;301;188;155;340;488;348;242;320;515;527;691
1,9291,9366,1,0,0,12,2,256;301;186;153;338;486;346;210;318;515;525;689
1,9372,9450,1,1,0,12,2,175;221;75;72;257;405;265;159;237;441;444;608
1,9385,9604,1,0,0,12,4,162;207;75;59;244;392;252;146;224;428;431;595
1,9331,9405,1,0,0,12,1,216;262;75;113;298;437;306;200;278;482;485;649
1,9337,9419,1,0,0,12,2,210;256;75;107;292;437;300;170;272;476;479;643
1,9928,10014,1,0,0,12,1,52;404;370;206;386;609;489;506;693;435;375;462
1,9922,9977,1,0,0,12,1,58;410;376;206;392;615;489;512;699;441;423;468
1,9975,10262,1,0,0,15,13,5;357;323;169;339;562;461;459;646;388;370;415;594;694;824
1,9949,10037,1,0,0,12,2,31;383;349;170;365;588;487;485;672;414;375;441
1,9986,10065,1,0,0,15,1,346;312;156;328;551;450;448;635;377;359;404;583;683;813;882
1,9977,10224,1,1,0,15,5,3;355;321;156;337;560;459;457;644;386;368;413;592;692;822
1,10014,10251,1,1,0,15,6,318;284;130;300;523;422;420;607;349;331;376;555;655;785;854
1,10006,10077,1,0,0,15,1,326;292;138;308;531;430;428;615;357;339;384;563;663;793;862
1,10032,10115,1,0,0,15,2,300;266;112;282;505;371;402;589;331;313;358;537;637;767;836
1,10019,10277,1,0,0,15,9,313;279;125;295;518;417;415;602;344;326;371;550;650;780;849
1,10042,10110,1,0,0,16,1,290;256;102;272;495;371;376;579;321;293;348;527;627;757;826;740
1,10039,10111,1,0,0,16,3,293;259;105;275;498;371;395;582;324;293;351;530;630;760;829;743
1,10067,10307,1,1,0,16,10,265;231;74;247;470;338;367;554;296;278;323;502;602;732;801;715
1,10055,10105,1,1,0,16,1,277;243;74;259;482;371;376;566;308;290;335;514;614;744;813;727
1,10105,10177,1,0,0,16,2,227;193;18;209;432;331;329;516;258;240;285;464;564;694;763;677
1,10097,10320,1,0,0,16,9,235;201;41;217;440;338;337;524;266;248;293;472;572;702;771;685
1,9697,9754,1,0,0,9,1,80;116;119;283;635;107;601;447;617
0,9721,9777,1,1,0,10,0,56;92;95;259;611;83;577;423;593;816
1,9734,9963,1,0,0,11,3,43;79;82;246;598;70;564;410;580;803;702
1,9742,9796,1,1,0,11,1,35;71;74;238;590;62;556;402;572;795;674
0,9781,9864,1,1,0,13,0,32;35;199;551;23;517;363;533;756;655;653;840;582
1,9797,9871,1,0,0,14,2,16;19;183;535;7;501;347;517;740;639;637;824;566;548
1,9803,9888,1,0,0,14,2,10;13;177;529;1;495;341;511;734;633;587;818;560;542
1,9807,10071,1,0,0,13,7,6;9;118;525;491;337;507;730;629;587;814;556;538
1,9821,10080,1,0,0,11,6,118;511;477;274;493;716;615;587;800;542;524
1,9826,10058,1,0,0,11,8,118;506;472;274;488;711;604;587;795;537;519
1,9832,9904,1,0,0,11,1,118;500;466;274;482;705;604;572;789;531;513
0,9851,9928,1,1,0,11,0,118;481;447;250;463;686;585;572;770;512;494
1,9869,9921,1,0,0,12,2,111;463;429;250;445;668;567;565;752;494;476;521
1,9896,9950,1,0,0,12,2,84;436;402;248;418;641;540;538;725;467;449;494
1,9907,9987,1,0,0,12,1,73;425;391;237;407;630;529;527;714;456;438;483
1,9908,9971,1,0,0,12,2,72;424;390;206;406;629;528;526;713;455;437;482
1,8690,8905,1,0,0,8,3,90;157;30;152;345;424;857;903
1,8647,8706,1,0,0,8,1,10;133;200;73;195;388;424;900
1,8640,8707,1,0,0,8,1,17;140;207;80;202;395;445;907
1,8598,8864,1,0,0,8,5,59;159;249;122;244;437;445;944
1,8593,8659,1,0,0,8,1,64;187;254;127;249;442;445;944
1,8581,8848,1,0,0,8,4,76;189;266;139;261;454;537;944
1,8569,8623,1,1,0,8,1,88;189;278;151;273;466;549;948
1,8560,8631,1,0,0,8,1,97;189;287;160;282;475;558;949
1,8791,8853,1,0,0,10,1,56;51;244;327;756;802;686;653;838;358
0,8784,8837,1,0,0,10,0,63;58;251;334;763;809;693;660;845;365
1,8751,8814,1,0,0,9,1,29;96;91;269;367;784;842;726;693
1,8742,8829,1,0,0,8,1,38;105;95;269;376;799;851;735
1,8732,8811,1,1,0,8,1,48;115;95;269;386;815;861;745
1,8714,8798,1,0,0,8,1,66;133;6;128;269;404;833;879
1,8707,8784,1,0,0,8,1,73;140;13;135;328;405;840;882
1,8701,8755,1,0,0,8,2,79;146;19;141;334;405;846;892
1,8421,8489,1,0,0,11,2,236;17;124;33;105;359;426;299;421;614;697
0,8423,8493,1,0,0,11,0,234;17;122;33;103;357;424;297;373;612;695
1,8395,8671,1,0,0,11,8,262;52;150;33;131;385;452;325;447;640;723
0,8406,8479,1,0,0,11,0,251;17;139;33;120;374;441;314;436;629;712
0,8372,8431,1,0,0,11,0,285;75;173;33;154;408;475;348;470;663;746
0,8378,8452,1,0,0,11,0,279;69;167;33;148;402;469;342;464;657;740
1,8320,8405,1,0,0,10,3,337;127;225;33;206;460;527;400;522;715
0,8359,8414,1,0,0,11,0,298;76;186;33;167;421;488;361;483;676;759
1,8538,8777,1,0,0,10,5,119;7;15;189;309;182;295;497;580;1009
1,8539,8779,1,0,0,10,6,118;6;14;189;308;181;295;496;579;972
1,8508,8587,1,1,0,11,2,149;37;33;18;272;339;212;320;527;610;1039
1,8509,8594,1,0,0,11,1,148;36;33;17;271;338;211;295;526;609;1038
1,8486,8569,1,0,0,11,2,171;59;33;40;294;361;234;350;549;632;1061
1,8498,8563,1,1,0,11,2,159;47;33;28;282;349;222;344;537;620;1049
1,8471,8542,1,0,0,10,1,186;74;33;55;309;376;249;371;564;647
1,8481,8545,1,1,0,11,2,176;64;33;45;299;366;239;361;554;633;1066
1,9012,9089,1,1,0,11,2,23;89;535;581;465;432;617;137;765;625;519
1,9010,9275,1,0,0,11,6,25;107;537;583;467;434;619;139;767;627;521
0,9034,9104,1,1,0,11,0,1;84;513;559;443;410;595;115;724;603;497
1,9033,9094,1,0,0,11,1,2;85;514;560;444;411;596;116;744;604;498
1,8971,9234,1,0,0,11,5,64;147;576;622;506;459;658;178;772;666;560
1,8956,9022,1,0,0,11,1,78;162;591;627;521;459;673;193;788;681;575
1,8980,9035,1,0,0,11,2,26;138;567;613;497;459;649;169;772;657;551
1,8977,9045,1,0,0,11,1,37;141;570;616;500;459;652;172;772;660;554
1,9104,9192,1,0,0,11,1,14;443;489;373;329;525;45;663;533;427;505
1,9097,9156,1,0,0,11,1,21;450;496;380;329;532;52;680;540;434;512
1,9135,9367,1,0,0,10,4,412;458;342;289;494;14;642;502;396;474
1,9110,9184,1,0,0,11,1,8;437;483;367;308;519;39;663;527;421;499
1,9056,9263,1,0,0,10,4,62;491;537;421;388;573;93;721;581;475
0,9043,9100,1,1,0,10,0,75;504;550;434;401;586;106;724;594;488
0,9077,9137,1,0,0,11,0,41;470;516;400;329;552;72;700;560;454;532
1,9073,9140,1,0,0,11,1,45;474;520;404;371;556;76;704;564;458;536
1,8819,9115,1,0,0,10,6,28;15;216;268;728;774;658;625;810;330
1,8830,9076,1,0,0,10,6,17;12;205;268;717;763;647;530;799;319
1,8831,8889,1,0,0,10,1,16;11;204;268;716;762;646;529;798;318
1,8838,9122,1,0,0,10,5,9;4;197;268;709;750;639;529;791;311
1,8802,8871,1,0,0,10,1,45;29;233;316;745;791;675;642;827;347
1,8802,8867,1,0,0,10,1,45;15;233;316;745;791;675;642;827;347
1,8804,9011,1,1,0,10,3,43;15;231;299;743;789;673;640;825;345
0,8810,8869,1,0,0,10,0,37;15;225;268;737;783;667;634;819;339
1,8915,8987,1,0,0,10,1,78;203;632;678;562;513;714;234;862;722
1,8943,9017,1,0,0,11,1,78;175;604;650;534;501;686;206;834;694;588
1,8953,9013,1,1,0,11,1,78;165;594;627;524;491;676;196;824;684;578
1,8954,9014,1,0,0,11,1,78;164;593;627;523;490;675;195;788;683;577
1,8842,9102,1,0,0,10,4,5;0;193;268;705;730;635;529;787;307
1,8862,9152,1,1,0,9,5,86;256;685;730;615;529;767;287;915
1,8864,8944,1,1,0,9,2,78;254;683;729;613;529;765;285;913
1,8903,8983,1,0,0,10,1,78;215;644;690;574;529;726;246;874;734
1,11493,11571,1,0,0,7,1,79;258;396;624;402;784;732
1,11539,11756,1,0,0,9,6,33;230;350;578;356;738;686;597;674
1,11466,11555,1,0,0,7,2,106;303;402;651;429;811;759
1,11486,11556,1,0,0,7,1,86;283;402;631;409;790;739
1,11550,11617,1,0,0,9,1,22;199;322;567;345;705;675;586;663
1,11555,11613,1,0,0,9,1,17;171;322;562;340;705;670;581;658
1,11543,11780,1,1,0,9,5,29;226;322;574;352;734;682;593;670
1,11549,11626,1,0,0,9,1,23;220;322;568;346;705;676;587;664
0,11391,11451,1,0,0,8,0,11;55;63;181;378;498;726;504
1,11404,11493,1,0,0,7,1,42;50;168;365;485;713;491
1,11353,11431,1,1,0,8,1,49;93;101;219;416;520;764;542
0,11388,11454,1,0,0,8,0,14;58;66;184;381;501;729;507
1,11457,11692,1,0,0,7,5,115;312;432;660;438;820;768
1,11463,11539,1,0,0,7,1,109;306;420;654;432;814;762
0,11435,11495,1,0,0,8,0,11;19;137;334;454;682;460;842
0,11454,11512,1,0,0,8,0,0;118;315;435;663;441;823;771
1,11275,11554,1,0,0,9,3,7;11;59;127;171;179;297;430;614
1,11261,11537,1,0,0,9,2,21;25;59;141;185;193;311;508;628
1,11248,11533,1,1,0,10,4,34;38;79;8;9;154;198;206;324;521
1,11236,11312,1,0,0,12,1,0;46;7;50;99;20;21;166;210;218;336;533
1,11313,11398,1,0,0,7,1,22;89;133;141;259;418;576
1,11294,11375,1,0,0,7,1,41;108;152;160;278;419;595
0,11288,11372,1,0,0,7,0,45;114;158;166;284;419;601
1,11275,11333,1,0,0,9,1,7;11;59;127;171;179;297;419;614
1,11143,11232,1,1,0,11,1,93;139;100;143;192;113;42;114;214;303;311
0,11121,11172,1,0,0,11,0,106;161;122;165;210;135;64;136;214;318;333
1,11109,11174,1,0,0,11,1,127;173;134;177;210;147;76;148;214;318;345
1,11108,11164,1,0,0,11,2,128;174;135;178;210;148;77;149;214;338;346
0,11208,11293,1,0,0,12,0,28;74;35;78;115;48;49;194;238;246;364;561
1,11177,11252,1,0,0,12,1,59;105;66;109;115;79;8;80;214;269;277;395
1,11166,11252,1,0,0,11,1,70;116;77;120;134;90;19;91;214;280;288
1,11152,11232,1,1,0,11,1,84;130;91;134;147;104;33;105;214;294;302
1,11845,12049,1,1,0,10,4,44;272;50;432;337;291;340;839;949;555
1,11845,11898,1,2,0,10,2,44;272;50;432;288;291;340;839;949;555
1,11863,12101,1,4,0,10,5,26;254;32;414;288;273;340;821;931;537
1,11869,11941,1,10,0,10,1,20;248;26;408;271;267;340;815;925;531
1,11877,11929,1,25,0,10,1,12;240;18;400;271;259;305;807;917;523
1,11886,11971,1,43,0,10,1,3;231;9;391;253;250;305;798;908;514
1,11890,12112,1,25,0,9,5,227;5;387;253;246;264;794;904;510
1,11925,12162,1,2,0,8,3,192;352;242;211;264;759;869;475
1,11743,12003,1,1,0,9,4,26;146;374;152;527;338;393;408;906
1,11749,11837,1,1,0,9,2,20;140;368;146;527;338;387;408;880
1,11771,11986,1,0,0,8,4,118;346;124;506;338;365;408;880
1,11773,11852,1,1,0,8,2,116;344;122;504;337;363;408;880
1,11774,11857,1,1,0,8,1,115;343;121;485;337;362;408;880
1,11776,12046,1,1,0,8,4,113;341;119;485;337;360;359;880
1,11794,12009,1,1,0,9,5,95;323;101;483;337;342;359;846;1000
1,11828,11896,1,0,0,9,1,61;289;67;449;337;308;359;846;966
0,11692,11766,1,0,0,9,0,77;197;425;203;585;533;444;521;906
0,11690,11777,1,1,0,9,0,79;199;427;205;587;535;446;523;906
1,11706,11963,1,0,0,9,5,63;183;411;189;571;519;430;507;906
0,11702,11770,1,0,0,9,0,67;187;415;193;575;523;434;511;906
1,11719,12016,1,1,0,9,5,50;170;398;176;558;369;417;408;906
1,11718,11932,1,0,0,9,2,51;171;399;177;559;369;418;495;906
1,11735,11992,1,0,0,9,4,34;154;382;160;527;339;401;408;906
1,11720,11802,1,0,0,9,1,49;169;397;175;527;369;416;408;906
1,11612,11662,1,0,0,8,1,157;277;505;283;665;613;524;601
0,11576,11631,1,0,0,8,0,171;312;541;319;701;649;560;637
0,11651,11732,1,0,0,8,0,118;238;466;244;626;574;485;562
1,11622,11679,1,0,0,8,1,147;250;495;273;655;603;514;591
0,11660,11745,1,0,0,8,0,86;229;457;235;617;565;476;553
1,11654,11731,1,0,0,8,1,115;235;463;241;623;571;482;559
1,11689,11928,1,0,0,9,6,80;200;428;206;588;536;447;524;995
1,11660,11721,1,0,0,8,2,86;229;457;235;617;565;476;553
1,10577,10642,1,0,0,13,2,44;92;222;291;205;161;591;705;666;709;758;132;495
1,10577,10795,1,0,0,13,6,44;92;186;291;205;161;591;705;666;709;758;132;495
1,10541,10818,1,0,0,14,8,80;28;128;258;323;241;197;695;741;702;745;794;168;531
1,10558,10830,1,0,0,14,8,63;11;111;241;310;224;180;678;724;685;728;777;151;514
1,10511,10569,1,0,0,13,2,26;110;58;158;288;357;271;227;725;771;732;775;824
1,10524,10583,1,1,0,14,2,13;97;45;145;275;344;258;207;712;758;719;762;811;185
1,10397,10486,1,0,0,12,3,140;39;37;224;172;272;358;471;385;341;839;885
1,10425,10499,1,0,0,12,3,112;11;9;196;144;244;356;443;357;313;811;857
1,10338,10604,1,1,0,14,3,199;98;96;283;25;7;52;231;331;461;530;444;400;898
1,10385,10446,1,0,0,13,1,152;51;49;236;5;184;284;414;483;397;353;851;897
1,10301,10524,1,1,0,16,6,31;13;236;122;121;320;62;9;89;268;368;498;563;481;412;935
1,10313,10537,1,0,0,16,3,19;1;224;122;108;308;50;9;77;256;356;486;555;469;412;923
1,10296,10352,1,0,0,17,2,36;2;18;241;122;121;325;67;9;94;273;373;503;563;486;442;940
1,10299,10584,1,0,0,16,7,33;15;238;122;121;322;64;9;91;270;370;500;563;483;417;937
1,10292,10363,1,1,0,17,3,40;6;22;245;144;121;329;71;53;98;277;377;507;563;490;445;944
1,10295,10368,1,0,0,17,1,37;3;19;242;122;121;326;68;50;95;274;374;504;563;487;443;941
1,10284,10345,1,0,0,17,2,48;14;26;253;151;150;337;79;61;106;285;385;515;563;498;445;952
1,10281,10334,1,1,0,16,1,51;17;26;256;151;153;340;82;64;109;288;388;518;563;501;457
1,10279,10338,1,0,0,16,2,53;19;26;258;151;155;342;84;64;111;290;390;520;589;503;459
1,10273,10327,1,0,0,16,2,59;25;41;264;151;161;348;90;64;117;296;396;526;595;509;465
1,10263,10338,1,0,0,16,3,69;35;51;274;161;171;358;100;64;127;306;406;536;605;519;475
1,10252,10341,1,0,0,16,1,80;46;62;285;161;182;369;111;93;138;317;417;547;616;530;486
1,10249,10546,1,0,0,16,9,83;49;65;288;184;185;372;114;96;141;320;420;550;619;533;489
1,10233,10290,1,0,0,16,1,99;65;81;304;203;201;388;130;112;157;336;436;566;625;549;505
1,10209,10265,1,0,0,16,2,123;89;105;328;222;225;412;154;136;181;360;460;590;625;573;513
1,10198,10260,1,1,0,16,2,134;100;116;339;238;236;423;165;147;192;371;471;601;625;584;513
1,10173,10378,1,1,0,16,5,159;125;141;364;263;261;448;190;172;217;396;496;626;625;609;513
1,10166,10233,1,0,0,16,2,166;132;148;371;270;268;455;197;179;224;403;503;633;625;616;513
1,10152,10238,1,0,0,16,1,180;146;162;385;284;282;469;211;193;238;417;517;647;716;630;586
1,10152,10445,1,0,0,16,12,180;146;162;385;284;282;469;211;193;238;417;517;647;716;630;513
1,10130,10378,1,0,0,17,11,202;168;14;184;407;306;304;491;233;215;260;439;539;669;738;652;608
1,10130,10187,1,0,0,17,2,202;168;14;184;407;291;304;491;233;215;260;439;539;669;738;652;608
1,11050,11139,1,1,0,12,1,164;232;193;236;285;22;201;135;207;352;396;404
0,11053,11128,1,1,0,12,0,147;229;190;233;282;19;201;132;204;349;393;401
1,11097,11330,1,0,0,11,5,139;185;146;189;238;159;88;160;305;349;357
1,11106,11165,1,0,0,11,1,130;176;137;180;229;150;79;151;214;340;348
1,11000,11076,1,0,0,12,1,203;282;243;286;335;72;256;185;257;402;446;454
0,11003,11085,1,0,0,12,0,182;279;240;283;332;69;253;182;254;399;443;451
1,11011,11064,1,1,0,12,1,182;271;232;275;324;61;245;174;246;391;435;443
1,11033,11105,1,0,0,12,2,164;249;210;253;302;39;223;152;224;369;413;421
1,10946,11032,1,0,0,12,3,290;336;297;340;389;126;310;239;311;456;500;508
1,10954,11212,1,0,0,12,9,282;328;247;332;381;118;302;231;303;448;492;500
0,10957,11018,1,0,0,12,0,203;325;247;329;378;115;299;228;300;445;489;497
1,10990,11214,1,1,0,12,8,203;292;247;296;345;82;266;195;267;412;456;464
1,10822,11063,1,1,0,12,8,46;414;460;421;464;481;219;434;363;434;580;624
1,10864,10943,1,0,0,12,2,4;372;418;379;422;471;208;392;321;393;538;582
0,10904,10968,1,0,0,12,0,332;378;339;382;431;168;352;281;353;498;542;550
1,10925,10997,1,1,0,12,2,311;357;318;361;410;147;331;260;332;477;521;529
1,10798,10862,1,0,0,12,1,1;70;438;484;445;488;537;274;458;387;459;604
0,10792,10854,1,0,0,12,0,7;76;444;490;451;494;543;280;464;393;465;610
1,10816,10880,1,0,0,11,1,52;420;466;427;470;481;219;440;369;441;586
1,10803,11043,1,0,0,11,7,65;433;479;440;483;481;269;453;382;454;599
1,10751,10807,1,0,0,13,1,48;117;31;485;531;492;535;584;321;505;434;506;651
1,10729,10785,1,0,0,14,2,70;139;53;9;507;553;514;557;606;343;527;456;528;673
0,10774,10845,1,0,0,13,0,25;94;5;462;508;469;512;561;298;482;411;483;628
1,10753,10835,1,0,0,13,1,46;96;29;483;529;490;533;582;319;503;432;504;649
1,10665,10731,1,1,0,14,2,4;134;186;66;73;571;617;578;621;670;44;407;591;520
1,10663,10944,1,0,0,14,5,6;134;186;119;75;573;619;580;623;672;46;409;593;522
1,10678,10735,1,0,0,13,2,121;186;66;60;558;604;565;608;657;31;368;578;507
1,10674,10745,1,1,0,13,2,125;186;66;64;562;608;569;612;661;35;398;582;511
1,10613,10671,1,1,0,14,3,8;56;134;253;169;125;591;669;630;673;722;96;459;643
1,10590,10665,1,0,0,13,2,31;79;134;278;192;148;591;692;653;696;745;119;482
1,10655,10710,1,1,0,14,1,13;134;200;127;83;581;627;588;631;680;54;417;601;530
1,10634,10719,1,0,0,14,2,13;134;234;148;104;591;648;609;652;701;75;438;622;551
0,12714,12797,1,0,0,12,0,80;132;62;265;79;243;401;281;589;587;394;455
1,12716,12941,1,0,0,12,3,78;130;60;263;77;243;399;279;589;585;392;453
0,12729,12811,1,1,0,12,0,65;117;47;250;64;236;386;266;470;572;379;440
0,12742,12825,1,0,0,12,0,52;104;34;237;51;223;373;253;470;559;366;427
1,12752,13037,1,0,0,13,6,42;94;24;227;41;213;363;243;470;549;356;417;621
1,12753,12826,1,1,0,13,1,41;93;23;226;40;212;362;242;437;548;355;416;620
1,12758,13057,1,0,0,14,9,36;88;18;221;35;207;357;237;437;543;350;411;615;888
1,12772,12990,1,0,0,14,5,22;74;4;207;21;193;343;223;437;529;336;397;601;874
0,12788,12854,1,0,0,13,0,6;58;191;5;177;327;207;409;513;320;381;585;858
0,12794,12863,1,1,0,12,0,0;52;185;171;321;201;409;507;314;375;579;852
0,12805,12868,1,0,0,12,0,41;174;160;310;190;409;496;303;364;568;841;726
1,12812,13041,1,0,0,12,3,34;167;153;303;183;409;489;296;357;561;834;719
1,12820,12878,1,1,0,12,1,26;159;145;295;175;409;481;288;349;553;822;711
0,12858,12928,1,0,0,11,0,121;107;257;137;409;443;250;311;515;788;663
0,12860,12935,1,1,0,11,0,119;105;255;135;409;441;248;309;513;786;663
1,12864,12944,1,0,0,11,1,115;101;251;131;409;437;244;305;509;782;663
1,12894,13174,1,1,0,13,5,85;71;221;101;400;407;214;275;479;752;637;845;719
1,12879,12954,1,0,0,12,2,100;86;236;116;405;422;229;290;494;767;652;860
1,12944,13161,1,0,0,13,5,35;21;171;51;400;357;164;225;429;702;587;795;622
1,12904,12990,1,0,0,13,2,75;61;211;91;400;397;204;265;469;742;627;835;622
1,12964,13039,1,0,0,13,2,15;1;151;31;380;337;144;205;409;682;567;748;622
0,12949,13017,1,1,0,13,0,30;16;166;46;395;352;159;220;424;697;582;748;622
0,12983,13037,1,1,0,11,0,132;12;361;318;125;186;390;663;523;748;622
1,12982,13043,1,0,0,11,2,133;13;362;319;126;187;391;664;549;748;622
1,13028,13114,1,0,0,11,2,87;316;273;80;141;345;618;503;678;585;519
1,13027,13101,1,0,0,11,1,88;317;274;81;142;346;619;504;712;586;520
1,13045,13130,1,0,0,11,2,70;299;256;63;124;328;597;486;678;568;502
1,13039,13098,1,0,0,11,1,76;305;262;69;130;334;607;486;678;574;508
1,13067,13139,1,0,0,12,1,48;277;234;41;102;306;573;464;672;546;480;547
1,13051,13120,1,1,0,11,1,64;293;250;57;118;322;576;480;678;562;496
1,13111,13383,1,0,0,11,6,4;233;190;58;262;535;420;611;502;436;503
1,13086,13136,1,0,0,12,1,29;258;215;22;83;287;560;445;653;527;461;528
1,13154,13205,1,0,0,11,1,190;147;15;219;488;377;562;459;393;460;583
1,13166,13401,1,0,0,11,4,178;135;3;207;462;365;562;447;381;448;571
1,13149,13215,1,0,0,10,1,195;152;20;224;497;382;584;464;398;465
1,13151,13227,1,0,0,11,2,193;150;18;222;495;380;562;462;396;463;586
1,13203,13287,1,1,0,11,1,141;98;170;443;328;521;399;344;411;534;326
1,13221,13276,1,0,0,11,1,123;80;152;425;260;518;392;326;393;516;308
1,13185,13250,1,0,0,11,1,159;116;188;461;346;554;428;362;429;552;344
1,13193,13432,1,0,0,11,7,151;108;180;453;338;546;399;354;421;544;336
1,13278,13516,1,1,0,14,8,66;23;95;368;253;461;335;269;299;459;251;563;495;872
1,13285,13362,1,0,0,14,1,59;16;88;361;246;454;328;262;290;452;244;556;488;865
1,13270,13333,1,0,0,12,1,74;31;103;376;260;469;343;277;344;467;259;571
1,13275,13350,1,0,0,13,2,69;26;98;371;256;464;338;272;301;462;254;566;498
1,13314,13394,1,1,0,13,1,30;59;332;217;425;298;233;290;423;215;527;459;836
1,13316,13394,1,1,0,13,4,28;57;330;215;423;259;231;290;421;213;525;457;834
1,13287,13359,1,1,0,14,1,57;14;86;359;244;444;326;260;290;450;242;554;486;863
1,13294,13357,1,0,0,14,3,50;7;79;352;237;444;298;253;290;443;235;547;479;856
1,13383,13451,1,0,0,12,1,263;148;273;230;164;231;354;146;458;390;767;1029
1,13378,13658,1,0,0,11,8,268;153;361;235;169;236;359;151;463;395;772
0,13337,13408,1,0,0,13,0,7;36;309;194;402;259;210;277;400;192;504;436;813
1,13323,13405,1,0,0,13,3,21;50;315;208;416;259;224;290;414;206;518;450;827
1,13451,13533,1,1,0,12,3,195;80;256;162;96;163;286;78;390;322;699;961
1,13420,13500,1,0,0,12,3,226;111;256;193;127;194;317;109;421;353;730;984
1,13401,13638,1,0,0,12,6,245;130;256;212;146;213;336;128;440;372;749;984
1,13394,13448,1,1,0,12,1,252;137;256;219;153;220;343;135;447;379;756;1018
1,13532,13750,1,1,0,14,6,114;207;81;15;82;205;309;241;618;880;443;715;898;894
0,13484,13535,1,0,0,13,0,162;47;255;124;63;130;253;17;357;289;666;928;491
1,13464,13547,1,0,0,12,2,182;67;256;149;83;148;273;17;377;309;686;948
1,13463,13529,1,0,0,12,2,183;68;256;150;84;148;274;66;378;310;687;949
1,13582,13642,1,0,0,14,1,64;157;31;5;155;259;191;568;830;393;665;848;844;670
1,13572,13640,1,1,0,14,1,74;167;41;5;165;269;201;578;840;403;675;858;854;694
1,13570,13657,1,0,0,14,3,76;169;43;44;167;271;203;580;842;405;677;860;856;696
1,13540,13780,1,0,0,14,8,106;199;73;7;74;197;301;233;610;872;435;707;890;886
1,11988,12062,1,0,0,12,2,129;289;233;148;225;685;806;412;813;788;541;654
1,12015,12259,1,0,0,12,6,102;262;210;121;198;669;779;385;813;761;514;627
1,12021,12078,1,1,0,12,1,96;256;204;115;192;663;773;379;797;755;508;621
0,12037,12097,1,0,0,12,0,80;240;188;99;162;647;757;363;797;739;492;605
1,11939,12023,1,0,0,8,1,178;338;242;197;264;745;855;461
1,11946,12031,1,1,0,8,1,171;331;233;190;264;738;848;454
1,11956,12013,1,0,0,9,1,161;321;233;180;257;693;838;444;890
1,11978,12058,1,0,0,12,2,139;299;233;158;235;685;816;422;868;798;551;664
1,12102,12370,1,0,0,13,6,15;175;123;34;96;582;692;298;727;674;336;540;877
1,12112,12167,1,0,0,13,1,5;165;113;24;96;572;682;288;727;664;336;509;867
1,12115,12315,1,0,0,13,4,2;162;110;21;83;569;679;285;727;661;336;509;864
1,12128,12185,1,0,0,13,1,149;97;8;83;556;666;272;718;648;323;509;851;665
1,12058,12139,1,0,0,12,2,59;219;167;78;155;626;736;342;788;718;471;584
1,12086,12138,1,0,0,13,1,31;191;139;50;127;598;708;314;760;690;443;556;893
1,12086,12297,1,0,0,13,4,31;191;139;50;96;598;708;314;760;690;443;556;893
1,12088,12324,1,0,0,13,4,29;189;137;48;96;596;706;312;758;688;336;554;891
0,12208,12278,1,0,0,12,0,69;17;5;476;586;192;619;568;321;434;771;585
1,12181,12236,1,0,0,12,2,96;44;32;503;613;219;638;595;323;461;798;612
1,12224,12486,1,1,0,12,5,53;1;460;570;176;587;552;305;418;755;569;741
1,12222,12302,1,0,0,12,2,55;3;462;572;178;619;554;307;420;757;571;743
1,12141,12213,1,1,0,12,2,136;84;72;543;653;259;705;635;323;501;838;652
0,12140,12217,1,1,0,12,0,137;85;73;544;654;260;706;636;323;502;839;653
1,12164,12234,1,1,0,12,2,113;61;49;520;630;236;674;612;323;478;815;629
1,12159,12230,1,1,0,12,2,118;66;54;525;635;241;687;617;323;483;820;634
1,12280,12359,1,0,0,10,1,404;514;120;566;496;215;362;699;513;663
0,12280,12367,1,0,0,10,0,404;514;120;566;496;204;362;699;513;663
0,12290,12341,1,0,0,10,0,375;504;110;556;486;204;352;689;503;663
1,12280,12357,1,0,0,10,2,404;514;120;566;496;204;362;699;513;663
0,12253,12333,1,0,0,11,0,24;428;541;147;573;523;276;389;726;540;712
1,12237,12288,1,0,0,11,1,40;447;557;163;573;539;292;405;742;556;728
1,12276,12542,1,1,0,11,9,1;408;518;124;570;500;253;366;703;517;663
1,12261,12476,1,0,0,11,3,16;423;533;139;573;515;268;381;718;532;704
1,12337,12423,1,0,0,11,1,347;457;62;509;439;171;305;642;456;628;307
1,12356,12639,1,0,0,11,6,328;438;44;490;368;171;286;623;437;609;288
1,12308,12370,1,1,0,11,1,375;486;62;538;468;197;334;671;485;657;336
1,12327,12599,1,1,0,11,8,357;467;62;519;449;197;315;652;466;638;317
1,12296,12362,1,1,0,10,1,375;498;104;550;480;197;346;683;497;663
0,12301,12362,1,1,0,10,0,375;493;62;545;475;197;341;678;492;663
1,12291,12367,1,0,0,10,2,375;503;109;555;485;204;351;688;502;663
1,12292,12359,1,0,0,10,2,375;502;108;550;484;204;350;687;501;663
1,12437,12504,1,1,0,13,2,247;357;409;339;92;205;542;356;528;207;678;558;907
1,12447,12695,1,0,0,13,4,237;347;399;329;82;195;532;346;501;197;668;548;897
1,12395,12450,1,1,0,13,1,289;399;5;451;343;134;247;584;398;570;249;720;600
0,12400,12456,1,1,0,13,0,284;394;0;446;343;129;242;579;393;563;244;715;595
1,12367,12436,1,0,0,12,1,317;427;28;479;343;162;275;612;426;598;277;748
1,12375,12439,1,1,0,13,1,309;419;25;471;343;154;267;604;418;590;269;740;620
1,12359,12441,1,0,0,11,1,325;435;28;487;368;170;283;620;434;606;285
1,12364,12417,1,0,0,12,1,320;430;28;482;346;165;278;615;429;601;280;751
0,12600,12675,1,0,0,13,0,84;194;246;176;42;379;193;365;44;515;395;744;701
1,12580,12669,1,0,0,12,1,104;214;266;196;62;399;213;385;64;535;415;764
1,12549,12631,1,0,0,12,5,135;245;297;227;93;430;219;416;95;566;446;795
1,12546,12627,1,0,0,12,1,138;248;300;230;96;433;247;419;98;569;449;798
0,12519,12607,1,1,0,13,0,165;275;327;257;10;108;460;250;446;125;596;476;825
1,12491,12559,1,0,0,13,1,193;303;355;285;35;108;488;250;474;153;624;504;853
1,12486,12746,1,1,0,13,8,198;308;360;290;43;108;493;250;479;158;629;509;858
1,12452,12697,1,0,0,13,9,232;342;394;324;77;190;527;250;501;192;663;543;892
1,12705,12778,1,0,0,12,1,89;141;71;274;88;260;410;290;589;596;403;464
1,12696,12773,1,0,0,12,2,98;150;80;283;97;269;419;299;599;605;412;473
1,12639,12714,1,0,0,15,1,45;155;207;137;3;340;154;310;5;476;356;599;662;469;530
1,12639,12710,1,0,0,15,1,45;155;207;137;3;340;154;309;5;476;356;599;662;469;530
1,12628,12716,1,0,0,14,1,56;166;218;148;14;351;165;337;16;487;367;599;673;480
1,12626,12842,1,0,0,14,6,58;168;220;150;16;353;167;339;18;489;369;680;675;482
1,12613,12690,1,0,0,14,1,71;181;233;163;29;366;180;340;31;502;382;731;688;495
1,12612,12684,1,0,0,14,1,72;182;234;164;30;367;181;353;32;503;383;732;689;496
0,14808,14886,1,0,0,8,0,31;105;287;365;386;628;507;126
0,14783,14859,1,0,0,9,0,6;56;130;312;390;411;653;532;151
1,14836,15125,1,0,0,8,7,3;76;259;337;358;600;479;98
1,14825,14878,1,0,0,8,2,14;88;270;348;369;611;490;109
1,14856,15117,1,0,0,9,6,57;239;317;277;580;459;78;476;677
1,14851,15132,1,0,0,8,5,62;244;322;343;585;464;83;481
1,14904,14993,1,0,0,13,2,9;191;269;277;532;411;30;428;629;815;513;612;402
1,14886,15161,1,0,0,13,10,23;209;287;277;550;429;48;446;647;833;531;630;420
0,14692,14751,1,1,0,10,0,105;147;156;10;403;453;502;744;623;242
1,14692,14932,1,0,0,10,5,105;147;156;10;403;453;502;744;623;242
1,14704,14949,1,1,0,9,7,93;135;156;391;428;490;732;611;230
1,14693,14945,1,1,0,10,4,104;146;156;9;402;448;501;743;622;241
1,14752,14807,1,0,0,9,1,28;87;156;343;421;442;684;563;182
1,14730,14939,1,0,0,9,6,34;109;156;365;428;464;706;585;204
0,14781,14863,1,0,0,9,0,6;58;132;314;392;413;655;534;153
0,14774,14833,1,0,0,9,0,6;65;139;321;399;420;662;541;160
1,15104,15174,1,0,0,16,3,69;73;332;211;228;419;615;313;412;202;909;876;309;430;1017;625
1,15114,15185,1,0,0,16,1,59;73;322;201;218;419;605;303;402;192;899;858;299;420;1007;615
1,15117,15186,1,0,0,16,3,56;73;263;198;215;416;602;300;399;189;896;858;296;417;1004;612
1,15171,15244,1,0,0,16,3,2;23;263;144;161;362;548;246;345;135;842;809;242;363;950;558
1,15201,15251,1,0,0,15,1,235;114;131;332;518;216;315;105;812;779;212;333;920;528;736
1,15203,15269,1,0,0,16,2,233;112;129;303;516;214;313;103;810;777;210;331;918;526;734;674
1,15213,15302,1,0,0,16,2,223;102;119;303;506;204;303;93;800;763;200;321;908;516;724;664
1,15218,15307,1,1,0,16,1,203;97;114;303;501;199;298;88;795;762;195;316;903;511;719;659
1,14913,15121,1,0,0,13,5,0;182;260;232;523;402;21;419;620;806;504;603;393
1,15035,15110,1,0,0,15,1,60;138;159;401;280;297;498;684;382;481;271;978;945;378;499
0,15047,15114,1,1,0,15,0,48;126;147;389;268;285;446;672;370;469;259;966;933;366;487
1,15048,15334,1,0,0,15,7,47;125;146;388;267;284;446;671;369;468;258;965;932;365;486
1,15079,15158,1,1,0,16,2,16;94;115;357;236;253;445;640;338;437;227;934;901;334;455;1042
1,15083,15170,1,0,0,16,1,12;90;102;353;232;249;445;636;334;433;223;930;897;330;451;1038
1,15099,15184,1,0,0,16,2,74;95;337;216;233;419;620;318;417;207;914;881;314;435;1022;630
0,15102,15186,1,0,0,16,0,71;73;334;213;230;419;617;315;414;204;911;878;311;432;1019;627
1,15357,15431,1,0,0,16,1,47;176;362;60;159;636;623;56;177;764;372;580;520;437;699;473
1,15272,15529,1,0,0,17,12,164;43;60;261;447;145;244;34;741;708;141;262;849;457;665;605;522
1,15233,15313,1,0,0,16,3,203;82;99;285;486;150;283;73;780;747;180;301;888;496;704;613
1,15232,15292,1,0,0,16,3,203;83;100;285;487;185;284;74;781;748;181;302;889;497;705;613
1,15222,15298,1,1,0,16,3,203;93;110;285;497;195;294;84;791;758;191;312;899;507;715;655
1,15351,15650,1,1,0,16,7,79;182;368;66;165;636;629;62;183;770;378;581;526;443;705;479
1,15345,15430,1,0,0,16,3,79;188;374;72;171;636;635;68;189;776;384;592;532;449;711;485
1,15342,15431,1,0,0,16,1,94;191;377;75;174;636;638;71;192;779;387;595;535;452;714;488
1,15289,15580,1,1,0,18,9,147;26;43;244;430;128;227;17;724;691;124;245;832;440;648;588;505;767
1,13798,13878,1,1,0,15,7,43;352;596;177;449;627;628;468;564;866;511;999;724;598;515
1,13797,13849,1,0,0,15,2,44;353;615;178;450;627;629;469;565;867;512;1000;725;599;516
1,13833,13904,1,0,0,16,1,8;317;579;142;414;597;593;433;529;831;476;964;689;563;480;692
1,13826,13886,1,0,0,16,1,15;324;586;149;421;604;600;440;536;838;483;971;696;570;487;699
1,13769,13831,1,0,0,16,3,72;4;381;643;206;478;627;657;497;592;895;540;1028;753;627;544
1,13747,13799,1,1,0,16,2,94;26;403;665;228;500;627;679;519;615;917;562;1050;775;649;566
1,13775,14012,1,0,0,15,9,66;375;616;200;472;627;651;491;587;889;534;1022;747;621;538
0,13772,13822,1,0,0,16,0,69;1;378;616;203;475;627;654;494;590;892;537;1025;750;624;541
1,13679,13764,1,0,0,13,2,60;38;162;94;471;733;295;568;751;747;587;683;985
1,13668,13733,1,1,0,13,1,71;38;173;105;482;744;295;579;762;758;598;694;996
1,13728,13810,1,0,0,15,1,11;9;113;45;422;684;247;519;702;698;538;634;936;581;1069
1,13683,13737,1,0,0,13,2,56;38;158;90;467;729;292;564;747;743;583;672;981
1,13635,13854,1,0,0,12,6,11;104;102;206;138;515;777;340;612;795;791;631
1,13602,13672,1,0,0,14,1,44;137;11;5;135;239;171;548;810;373;645;828;824;664
1,13651,13898,1,0,0,13,9,88;38;190;122;499;761;324;596;779;775;615;711;1013
1,13644,13863,1,0,0,14,8,2;95;38;197;129;506;768;331;603;786;782;622;718;1020
1,14060,14310,1,0,0,17,12,90;352;187;370;366;206;302;604;249;737;462;336;253;465;427;339;779
1,14082,14144,1,0,0,17,3,68;330;165;348;344;184;280;582;227;715;440;314;231;443;405;317;757
1,14095,14339,1,0,0,17,11,55;303;152;335;331;171;267;569;214;702;427;301;218;430;392;304;744
1,14121,14208,1,0,0,18,2,29;291;126;309;305;145;241;543;188;676;401;275;192;404;366;278;718;792
1,13972,14263,1,1,0,18,15,178;440;3;275;458;454;294;390;692;337;825;550;424;341;553;515;398;867
1,13992,14046,1,0,0,17,4,158;420;255;438;434;274;370;672;317;805;530;404;321;533;495;398;847
1,14009,14095,1,1,0,17,3,141;397;238;421;417;257;353;655;300;788;513;387;304;516;478;390;830
1,14011,14075,1,0,0,17,2,139;397;236;419;415;255;351;653;298;786;511;385;302;514;476;369;828
1,13912,13978,1,1,0,17,1,238;500;63;335;518;514;354;450;716;397;885;610;484;401;613;575;487
1,13912,13998,1,0,0,17,7,238;500;63;335;518;514;343;450;716;397;885;610;484;401;613;575;487
1,13942,13993,1,0,0,17,2,208;470;33;304;488;484;324;420;716;367;855;580;454;371;583;545;457
1,13952,14004,1,0,0,18,1,198;460;23;295;460;474;314;410;712;357;845;570;444;361;573;535;447;887
1,13841,14135,1,1,0,17,14,0;309;571;134;406;589;585;417;521;823;468;956;681;555;472;684;646
1,13865,13928,1,0,0,17,3,285;547;110;382;565;561;401;497;799;444;932;657;531;448;660;622;534
1,13883,13953,1,0,0,17,5,267;529;92;364;547;543;383;479;781;426;914;639;513;430;642;604;516
1,13905,14170,1,1,0,17,15,245;507;70;342;525;521;361;457;759;404;892;617;491;408;620;582;494
1,14353,14415,1,1,0,16,3,59;77;73;9;311;444;169;26;172;134;39;486;505;345;742;820
1,14351,14421,1,0,0,16,2,61;79;75;11;313;446;171;26;174;136;48;488;505;345;744;822
1,14337,14407,1,0,0,16,3,75;93;89;25;327;460;185;26;188;150;62;502;505;365;758;836
1,14330,14615,1,0,0,15,6,82;100;96;32;334;467;192;26;195;157;69;509;583;372;765
1,14327,14618,1,1,0,15,8,85;103;99;35;337;470;195;69;198;160;72;512;586;375;768
1,14297,14380,1,0,0,17,3,115;133;129;65;367;12;500;225;99;16;228;190;81;542;616;405;798
1,14290,14348,1,0,0,17,2,122;140;136;72;374;19;507;232;106;23;235;197;109;549;623;412;805
1,14241,14299,1,1,0,19,2,171;6;189;185;25;121;423;68;556;281;155;72;284;246;158;598;672;461;854
1,14216,14276,1,0,0,19,2,196;31;214;210;50;146;448;93;581;306;180;97;309;271;183;623;697;486;879
1,14179,14260,1,0,0,19,2,233;68;251;247;87;146;485;130;618;343;217;134;346;308;211;660;734;523;916
1,14172,14261,1,0,0,19,4,240;75;258;254;94;190;492;137;625;350;224;141;353;315;211;667;741;530;923
1,14165,14218,1,1,0,19,2,247;82;265;261;101;197;499;144;632;357;231;148;360;322;233;674;748;537;930
1,14144,14202,1,0,0,19,2,6;265;103;286;282;122;218;520;165;653;378;252;169;381;343;238;695;769;558
0,14127,14211,1,0,0,18,0,23;265;120;303;299;127;235;537;182;670;395;269;186;398;360;238;712;786
1,14125,14204,1,0,0,18,3,25;265;122;305;301;127;237;539;184;672;397;271;188;400;362;274;714;788
1,14123,14197,1,0,0,18,4,27;289;124;307;303;127;239;541;186;674;399;273;190;402;364;276;716;790
1,14676,14925,1,0,0,10,5,121;163;156;26;419;473;518;760;639;258
1,14689,14744,1,1,0,10,1,108;150;156;13;406;453;505;747;626;245
1,14639,14708,1,0,0,11,1,25;158;200;156;63;456;528;555;797;676;295
1,14668,14885,1,0,0,10,4,129;171;156;34;427;498;526;768;647;266
0,14619,14675,1,0,0,9,0,45;178;220;156;83;476;554;575;817
1,14620,14671,1,0,0,10,1,44;177;219;156;82;475;553;574;816;695
0,14584,14635,1,0,0,9,0,80;213;255;329;118;511;589;610;852
1,14615,14901,1,0,0,9,5,49;182;224;298;87;480;558;579;821
1,14552,14627,1,0,0,8,1,112;245;287;361;150;543;621;642
1,14556,14636,1,0,0,8,1,108;241;283;357;146;539;610;638
0,14459,14511,1,1,0,11,0,205;338;63;66;28;380;454;243;636;714;735
1,14482,14571,1,0,0,11,3,182;315;40;43;5;357;431;220;613;691;712
1,14425,14480,1,0,0,13,2,3;1;239;372;97;100;62;414;488;277;670;748;769
1,14429,14516,1,0,0,12,1,1;235;368;93;96;58;410;484;273;666;724;765
1,14393,14482,1,0,0,15,2,19;37;33;271;404;129;3;132;94;6;446;505;309;702;780
1,14398,14472,1,1,0,14,2,14;26;28;266;399;124;127;89;1;441;505;304;697;775
259
9608,10314,15.62,10
9709,10537,0.00,10
9511,10298,0.00,11
9555,10144,270.97,11
9404,10332,0.00,11
9468,9804,116.55,10
9143,9816,0.00,10
9227,9980,76.91,9
9062,9609,0.00,11
9136,9813,177.81,10
8866,9637,133.86,10
8923,9531,197.78,10
8767,9149,0.00,9
8845,9777,184.89,10
8748,9444,279.03,10
8766,9629,0.00,9
10472,11286,0.00,10
10458,11243,50.44,9
10347,11282,0.00,9
10284,11236,250.55,10
10117,10738,142.95,11
10038,10782,78.16,11
9985,10868,292.45,11
9967,10799,157.56,10
9958,10669,43.59,11
9957,10569,0.00,11
9861,10390,0.00,8
9785,10345,185.23,11
9771,10363,0.00,9
9756,10621,0.00,11
9749,10434,152.07,8
9723,10436,264.67,11
11328,12117,0.00,8
11353,11895,0.00,9
11432,12277,160.74,8
11439,12225,286.29,9
10876,11454,0.00,8
11168,11572,0.00,10
11188,11769,244.81,9
11254,11889,188.54,8
10634,11185,0.00,9
10687,11257,7.59,10
10715,11402,91.52,11
10821,11446,20.72,10
10476,11335,244.17,10
10524,10709,0.00,10
10533,11072,98.60,11
10592,11256,22.40,9
12360,13115,0.00,8
12304,12644,0.00,10
12406,13344,331.55,9
12369,12995,0.00,10
12085,12979,0.00,8
11967,12529,238.35,10
12217,12965,160.52,9
12123,12793,140.81,10
11955,12846,255.65,11
11839,12400,59.64,10
11967,12642,134.11,8
11964,12776,121.97,9
11498,12136,0.00,9
11498,12213,306.80,8
11781,12794,16.62,8
11672,12684,253.46,8
13150,13737,64.38,10
13175,13529,49.91,9
13014,13547,0.00,9
13067,13614,167.62,11
13277,14150,0.00,11
13381,14412,190.44,8
13259,13841,0.00,11
13271,13773,0.00,10
12639,13169,0.00,10
12748,13373,0.00,11
12597,13301,0.00,11
12605,13108,0.00,8
12870,13739,326.08,11
12884,13613,249.36,8
12758,13646,111.02,11
12803,13531,161.19,10
13742,14313,0.00,9
13739,14396,43.29,8
13729,14522,28.63,10
13708,14797,87.13,11
13946,14839,0.00,9
13859,14399,205.03,11
13841,14487,0.00,10
13808,14525,39.41,11
13529,14426,0.00,9
13488,14430,161.83,9
13486,14247,86.25,11
13467,13975,35.90,10
13707,14309,0.00,8
13638,14362,104.69,11
13638,14664,43.39,9
13541,14266,120.02,10
14849,15332,0.00,10
14853,15533,177.27,8
14861,15719,0.00,11
14861,15417,52.57,10
14872,15516,0.00,9
14876,15306,0.00,11
14945,16013,88.23,8
14962,15980,71.04,10
14105,14913,317.80,8
14128,14702,20.77,11
14156,15095,0.00,9
14337,15173,178.86,10
14419,15194,156.72,10
14570,15436,127.33,8
14620,15315,0.00,8
14622,14934,0.00,8
15331,15830,0.00,10
15030,15534,0.00,9
15021,15413,0.00,8
15092,15729,0.00,11
15079,16121,24.46,11
15202,15877,42.89,9
15182,15937,11.40,8
15280,16056,0.00,11
15260,15794,0.00,9
416,738,52.58,10
396,1123,126.19,11
292,1277,205.25,11
195,1048,60.44,11
185,933,197.74,11
132,763,147.76,9
120,870,74.68,10
120,818,37.67,10
976,2174,0.00,8
871,1630,116.28,8
805,1507,98.56,9
628,1377,112.92,8
607,1004,0.00,11
586,1176,0.00,9
540,1170,123.05,10
443,1481,214.48,10
1371,1836,0.00,9
1392,2241,0.00,10
1362,2239,199.38,8
1363,2263,192.91,8
1289,1934,80.20,11
1333,1972,33.81,10
1200,1811,0.00,8
1257,1996,0.00,11
1727,2560,0.00,11
1730,2939,288.73,11
1547,2259,0.00,10
1683,2425,0.00,10
1432,2383,144.10,10
1497,2247,88.54,9
1404,2259,138.63,9
1429,2200,0.00,8
2135,2923,0.00,11
2128,2720,56.17,10
2215,2848,167.14,9
2142,2791,202.65,10
1817,2585,200.41,11
1763,2596,0.00,10
1969,2729,0.00,9
1833,2509,119.32,8
2554,3382,0.00,8
2531,3281,100.16,11
2646,3163,195.12,11
2617,3586,66.36,11
2381,3228,117.83,9
2232,2823,0.00,9
2520,3385,0.00,10
2458,3370,65.58,9
2933,3634,261.04,10
2962,3792,49.78,11
2976,3691,49.90,11
2993,3757,24.33,8
2807,3579,0.00,9
2842,3708,0.00,11
2881,3719,0.00,8
2882,3663,66.54,11
3098,3789,92.81,9
3122,3705,217.29,11
3158,3881,0.00,11
3359,3887,0.00,8
2993,3823,0.00,8
3027,3653,34.20,9
3037,3636,80.33,11
3043,3643,79.61,10
3505,4059,14.48,11
3455,3779,0.00,10
3453,4066,111.52,11
3379,3743,0.00,8
3637,4065,0.00,10
3597,4243,92.21,9
3588,4156,119.81,10
3570,4214,0.00,8
4097,4830,262.71,10
3965,4607,140.52,10
3947,4729,219.28,11
3690,4215,153.69,10
4753,5533,298.04,9
4745,5841,384.27,10
4711,5478,0.00,10
4359,5056,413.03,11
4952,5630,311.13,9
4975,5888,0.00,10
4782,5446,72.95,8
4803,5596,0.00,8
5397,6197,275.00,11
5403,6405,177.02,8
5005,5638,211.21,8
5328,5997,0.00,9
5567,6352,548.92,11
5718,6114,17.78,10
5470,6124,0.00,8
5555,6184,322.80,11
5910,6671,23.54,9
6007,6817,0.00,9
5805,6582,0.00,10
5841,6673,0.00,11
6241,7016,272.16,10
6022,6696,0.00,9
6374,7366,306.78,10
6352,7021,0.00,11
6487,6999,0.00,10
6467,7146,0.00,10
6676,7348,325.46,11
6564,7065,0.00,10
6864,7661,158.01,8
6702,7328,0.00,9
6925,7201,0.00,9
6887,7745,212.38,10
7087,7814,123.94,8
7072,7719,83.55,10
7497,8170,0.00,8
7124,7897,535.25,10
7520,8178,229.38,9
7541,8071,233.71,9
7733,8657,244.30,9
7752,8447,244.86,10
7853,8545,10.06,11
7902,8553,295.82,10
7937,8526,130.64,11
7969,8780,110.93,9
8059,8847,0.00,8
8074,8720,0.00,9
8114,8842,200.68,8
8173,9035,213.21,11
8332,9118,257.18,11
8475,9547,130.32,8
8689,9593,167.10,10
8720,9477,117.54,10
0,127,22.57,1
0,648,0.00,7
0,195,57.14,3
0,12,0.00,0
70,647,79.53,10
13,858,35.09,9
0,24,0.00,0
0,368,0.00,8
0,193,53.10,3
0,263,114.64,3
