1003
1,6911,6978,1,1,0,10,2,105;110;455;230;88;154;437;417;750;834
1,6899,6949,1,0,0,10,2,117;122;459;247;100;166;449;429;762;846
0,6959,7044,1,0,0,11,0,57;62;407;187;40;106;389;369;689;771;242
1,6924,6975,1,0,0,10,3,92;97;442;222;75;141;424;404;689;821
1,6877,6948,1,0,0,9,3,139;144;459;269;122;188;471;451;784
1,6876,6951,1,0,0,9,2,140;145;490;270;123;189;472;452;785
1,6888,6975,1,1,0,10,2,128;133;459;248;111;177;460;440;773;857
1,6880,6939,1,0,0,9,2,136;141;459;248;119;185;468;448;781
1,7038,7096,1,0,0,8,2,328;108;27;310;290;623;686;163
1,7025,7113,1,0,0,8,2,341;121;40;323;303;636;697;176
1,7062,7296,1,0,0,8,2,304;84;3;283;266;599;659;139
1,7050,7137,1,0,0,8,1,316;96;15;298;278;611;659;151
1,6986,7048,1,0,0,11,2,30;35;380;160;13;79;362;342;675;759;215
1,6969,7035,1,0,0,11,1,47;52;397;177;30;96;379;359;689;771;232
1,7006,7072,1,0,0,10,2,10;15;360;140;59;342;322;655;701;195
1,7005,7069,1,0,0,10,3,11;16;361;141;60;343;323;656;740;196
1,7142,7218,1,0,0,10,1,224;4;206;186;487;603;59;567;631;755
1,7163,7368,1,0,0,9,6,203;185;165;487;578;38;556;631;734
1,7164,7233,1,0,0,9,3,202;184;164;487;578;37;555;631;587
1,7177,7450,1,0,0,9,4,189;171;151;484;568;24;541;631;587
1,7093,7165,1,0,0,9,2,273;53;255;235;487;652;108;626;721
1,7103,7187,1,0,0,9,2,263;43;245;225;487;642;98;567;711
1,7108,7170,1,0,0,9,2,258;38;240;220;487;637;93;567;631
1,7123,7177,1,0,0,9,1,243;23;225;205;487;622;78;567;631
1,7242,7533,1,0,0,8,3,124;106;86;419;494;477;572;587
1,7249,7327,1,0,0,8,1,117;99;79;412;494;470;565;394
1,7256,7342,1,0,0,8,1,110;92;72;405;489;463;519;394
1,7258,7345,1,0,0,8,3,108;90;70;403;487;461;515;394
1,7191,7278,1,0,0,9,1,175;157;137;470;554;10;528;623;587
1,7221,7299,1,1,0,8,1,145;127;107;440;524;498;573;587
1,7235,7289,1,0,0,8,1,124;113;93;426;510;484;573;587
0,7235,7288,1,0,0,8,0,124;113;93;426;494;484;573;587
0,7531,7774,1,0,0,7,0,130;214;188;214;171;639;647
1,7459,7534,1,0,0,5,1,202;286;260;214;173
1,7453,7739,1,0,0,5,2,208;292;266;214;394
1,7438,7693,1,0,0,5,3,223;307;281;230;394
1,7403,7481,1,0,0,5,1,258;342;316;346;394
1,7361,7632,1,0,0,6,3,5;300;384;358;453;394
1,7326,7540,1,0,0,8,3,40;22;2;335;419;393;488;394
1,7265,7354,1,0,0,8,1,101;83;63;396;480;430;515;394
1,7638,7697,1,0,0,8,1,23;107;81;176;171;532;540;433
0,7631,7844,1,0,0,8,0,30;114;88;183;171;539;547;440
0,7621,7674,1,0,0,8,0,40;124;98;193;171;546;557;450
1,7593,7649,1,0,0,8,1,68;152;121;214;171;558;585;478
1,7579,7636,1,0,0,8,1,82;166;121;214;171;564;599;492
0,7564,7780,1,1,0,8,0,97;181;155;214;171;564;614;507
1,7564,7647,1,0,0,8,2,97;181;155;214;171;564;614;507
1,7548,7820,1,0,0,8,3,113;197;171;214;171;622;630;523
1,7769,8000,1,0,0,7,4,45;128;401;403;185;888;678
0,7772,7853,1,0,0,7,0,42;125;398;403;185;781;675
1,7732,7954,1,0,0,6,1,13;82;165;438;403;185
1,7751,7818,1,0,0,6,1,63;146;419;403;185;906
1,7666,7885,1,1,0,7,2,79;53;148;171;504;512;185
1,7668,7756,1,0,0,7,1,77;51;146;171;502;403;185
1,7651,7727,1,0,0,8,1,10;94;68;163;171;519;527;420
1,7653,7889,1,0,0,8,1,8;92;66;161;171;513;525;418
1,7904,7969,1,0,0,7,1,266;259;167;653;543;641;649
1,7910,7995,1,0,0,7,2,260;259;155;653;537;635;643
1,7870,7953,1,1,0,7,2,27;300;308;178;653;577;675
1,7877,7957,1,1,0,7,1,20;293;286;178;653;570;668
1,7821,7880,1,0,0,6,2,76;349;357;185;653;597
1,7866,7955,1,1,0,7,1,31;304;312;185;653;581;679
1,7801,8099,1,0,0,7,5,13;96;369;377;185;781;646
1,7810,7879,1,0,0,7,2,4;87;360;368;185;653;637
1,5951,6248,1,0,1,10,8,46;246;454;173;233;401;163;631;658;720
1,5893,5962,1,0,1,9,1,104;304;511;231;291;459;221;661;658
1,6001,6060,1,0,0,9,1,196;404;123;92;351;113;581;658;591
1,5953,6200,1,0,0,10,2,44;244;452;171;231;399;161;629;658;591
1,6025,6083,1,1,0,11,1,172;374;99;28;327;89;557;648;591;792;671
1,6009,6083,1,1,0,10,1,188;396;115;28;343;105;573;658;591;808
1,6052,6120,1,0,0,11,1,145;353;72;17;300;62;530;621;591;765;644
0,6034,6123,1,0,0,11,0,163;371;90;17;318;80;548;639;591;783;662
1,6083,6159,1,0,0,11,1,114;322;41;17;269;31;499;590;588;734;613
0,6065,6152,1,0,0,11,0,132;326;59;17;287;49;517;608;591;752;631
1,6098,6162,1,0,0,11,4,99;298;26;17;254;16;484;575;573;719;598
1,6091,6144,1,1,0,11,4,106;298;33;17;261;23;491;582;580;726;605
0,6163,6231,1,0,0,9,0,34;242;17;189;419;506;508;654;533
1,6135,6424,1,0,0,9,7,62;270;17;217;447;538;536;682;561
0,6201,6277,1,1,0,7,0,204;151;381;472;470;616;495
0,6196,6277,1,0,0,8,0,1;209;156;386;477;475;621;500
1,6209,6476,1,0,0,7,5,196;143;373;464;462;608;487
0,6210,6286,1,0,0,7,0,195;142;372;463;461;414;486
0,6214,6279,1,0,0,7,0,191;138;368;459;457;414;482
1,6221,6517,1,0,0,7,5,184;131;361;452;450;414;475
0,6265,6350,1,0,0,8,0,140;87;317;408;406;382;431;751
0,6290,6349,1,0,0,8,0,115;62;292;383;381;382;406;726
0,6297,6367,1,0,0,8,0,108;55;285;376;374;382;399;719
0,6303,6364,1,0,0,8,0,102;49;279;370;368;382;393;713
0,6307,6393,1,0,0,8,0,98;45;275;366;364;382;389;709
1,6331,6531,1,0,0,8,5,74;21;251;342;340;382;365;685
1,6338,6424,1,0,0,8,1,67;14;244;335;333;382;358;596
1,6361,6611,1,0,0,8,4,44;221;312;310;382;335;596;660
1,6365,6415,1,0,0,8,1,40;217;308;306;382;331;596;470
0,6375,6446,1,1,0,9,0,30;207;298;296;362;321;596;470;991
0,6376,6426,1,1,0,9,0,29;206;297;295;362;320;596;470;990
1,6376,6453,1,1,0,9,1,29;206;297;295;362;320;596;470;990
1,6416,6635,1,1,0,8,3,166;257;255;357;280;575;470;950
1,6404,6483,1,1,0,9,1,1;178;269;267;361;292;575;470;962
1,6399,6463,1,1,0,9,2,6;183;274;272;361;297;596;470;967
0,6383,6466,1,2,0,9,0,22;199;290;288;361;313;596;470;983
1,6500,6559,1,0,0,10,1,82;173;171;317;196;516;470;866;626;499
0,6491,6542,1,0,0,10,0,91;182;180;326;205;525;470;875;626;508
1,6474,6552,1,0,0,9,2,108;199;197;343;222;542;470;892;672
0,6456,6509,1,0,0,8,0,126;217;215;357;240;555;470;910
1,6551,6613,1,1,0,10,2,31;122;120;266;145;465;458;815;573;448
1,6539,6592,1,0,0,10,2,43;134;132;278;157;477;458;827;607;460
1,6525,6581,1,0,0,10,2,57;148;146;292;171;491;470;841;621;474
0,6506,6583,1,0,0,10,0,76;167;165;311;190;504;470;860;626;493
1,6572,6821,1,0,0,11,5,10;92;99;245;124;444;449;712;563;427;493
1,6571,6790,1,0,1,11,5,11;92;100;246;125;445;450;795;563;428;494
1,6554,6616,1,0,0,10,2,28;92;117;263;142;462;458;812;573;445
0,6553,6613,1,1,0,10,0,29;92;118;264;143;463;458;813;573;446
1,6618,6680,1,1,0,10,2,55;53;199;78;398;403;679;528;381;447
1,6636,6693,1,0,0,10,2,37;35;181;60;380;373;679;510;363;429
0,6591,6651,1,0,0,10,0,82;80;226;105;425;430;712;551;408;474
1,6610,6664,1,0,0,10,2,63;61;207;86;406;411;712;536;389;455
1,6658,6743,1,1,0,10,1,15;13;159;38;358;339;659;488;341;407
0,6661,6715,1,1,0,10,0,12;10;156;35;355;339;598;485;338;404
1,6642,6700,1,0,0,10,2,31;29;175;54;374;339;679;504;357;423
1,6648,6727,1,1,0,10,2,25;23;169;48;368;339;659;498;351;417
0,6709,6770,1,0,0,9,0,108;307;312;598;437;290;356;613;619
1,6730,6794,1,1,0,9,2,87;286;291;598;416;269;335;613;598
0,6664,6727,1,1,0,10,0,9;7;153;32;352;339;598;482;335;401
1,6699,6785,1,1,0,8,1,118;317;322;598;447;300;366;649
1,6772,6833,1,0,0,9,1,45;244;249;586;374;227;293;576;556
1,6815,6900,1,0,0,9,1,2;201;206;551;331;184;250;533;513
1,6737,6815,1,0,0,9,1,80;279;284;598;409;262;328;611;591
1,6769,6819,1,0,0,9,1,48;247;252;597;377;230;296;579;559
1,9012,9089,1,0,0,11,2,23;106;535;581;465;368;617;137;513;560;518
1,9033,9094,1,1,0,11,2,2;85;514;556;444;368;596;116;513;560;498
1,9034,9104,1,1,0,11,2,1;84;513;535;443;368;595;115;513;560;497
1,9043,9100,1,1,0,10,1,75;504;535;434;368;586;106;513;558;488
1,8971,9234,1,1,0,11,4,64;147;576;595;482;368;620;178;806;666;560
0,8977,9045,1,0,0,11,0,58;141;570;595;482;368;620;172;800;560;554
1,8980,9035,1,1,0,11,2,55;138;567;595;482;368;620;169;797;560;551
1,9010,9275,1,0,0,11,4,25;108;537;583;467;368;619;139;767;560;518
1,8943,9017,1,1,0,11,2,92;175;604;650;482;368;667;206;834;694;588
1,8953,9013,1,1,0,11,1,82;165;594;640;482;368;667;196;811;684;578
1,8954,9014,1,0,0,11,1,81;164;593;619;482;368;667;195;811;683;577
1,8956,9022,1,0,0,11,1,79;162;591;619;482;368;620;193;811;681;575
1,8862,9152,1,1,0,9,4,173;256;685;730;482;374;678;287;915
1,8864,8944,1,1,0,9,2,171;254;683;729;482;368;678;285;913
1,8903,8983,1,0,0,10,2,132;215;644;690;482;368;678;246;855;734
1,8915,8987,1,1,0,10,2,120;203;632;678;482;368;669;234;855;722
1,9256,9331,1,1,0,12,1,291;337;221;188;373;490;381;275;353;557;560;698
1,9230,9442,1,1,0,12,5,317;363;247;214;399;490;407;301;379;562;586;750
1,9289,9359,1,0,0,12,3,258;293;188;155;340;488;348;242;320;524;527;674
1,9258,9316,1,0,1,12,4,289;293;219;186;371;490;379;273;351;555;558;698
0,9176,9237,1,0,0,11,0,371;417;301;268;452;490;461;355;433;571;640
1,9156,9226,1,1,0,11,1,391;437;321;288;473;490;481;375;453;571;660
1,9201,9290,1,1,0,11,3,346;392;276;243;428;490;436;330;408;571;615
0,9183,9264,1,1,0,11,0,364;410;294;261;446;490;454;348;426;571;633
1,9110,9184,1,1,0,11,1,8;437;479;367;334;493;39;511;527;421;499
1,9104,9192,1,0,0,11,1,14;443;479;373;340;514;45;511;530;427;505
1,9151,9363,1,1,0,11,3,396;442;326;293;474;490;486;380;458;662;665
1,9135,9367,1,0,0,10,7,412;458;342;309;474;14;511;502;396;474
1,9073,9140,1,1,0,11,2,45;474;520;404;368;556;76;511;552;458;536
1,9056,9263,1,1,0,10,4,62;491;535;421;368;573;93;513;552;475
1,9097,9156,1,0,0,11,1,21;450;496;380;347;514;52;511;530;434;512
1,9077,9137,1,1,0,11,2,41;470;516;400;367;514;72;511;552;454;532
1,9461,9529,1,1,0,12,3,86;132;16;168;304;176;70;148;352;285;519;723
1,9469,9737,1,0,0,13,4,78;124;8;160;304;168;62;140;344;285;491;723;335
1,9435,9491,1,1,0,13,2,112;158;42;9;194;340;202;96;174;378;285;525;723
0,9453,9513,1,0,0,12,0,94;140;24;176;304;184;78;156;360;285;525;723
1,9409,9663,1,0,0,13,7,138;184;68;35;220;355;228;122;200;404;285;525;923
1,9413,9472,1,0,0,13,3,134;180;64;31;216;355;224;118;196;400;285;525;723
1,9397,9460,1,0,0,12,3,150;196;80;47;232;380;240;134;212;416;285;574
1,9404,9466,1,1,0,13,4,143;189;73;40;225;355;233;127;205;409;285;574;928
1,9385,9604,1,0,0,12,3,162;208;92;59;244;392;252;146;224;428;288;595
1,9388,9454,1,0,0,12,4,159;205;89;56;241;389;249;143;221;425;285;592
0,9337,9419,1,1,0,12,0,210;245;140;107;292;416;300;194;272;476;288;643
0,9372,9450,1,0,0,12,0,175;221;105;72;257;405;265;159;237;441;288;608
1,9323,9398,1,0,0,12,1,224;245;154;121;306;454;314;208;286;490;324;657
1,9331,9405,1,0,0,12,3,216;245;146;113;298;446;306;200;278;482;288;649
1,9291,9366,1,1,0,12,1,256;293;186;153;338;456;346;240;318;522;525;674
1,9299,9535,1,0,0,12,1,248;245;178;145;330;456;338;232;310;514;517;674
1,9821,10080,1,1,0,11,6,159;511;477;323;493;716;615;566;800;389;524
1,9807,10071,1,0,1,13,7,6;9;173;525;491;337;507;722;629;566;814;556;538
1,9803,9888,1,0,0,14,2,10;13;177;529;1;495;341;511;722;633;587;818;560;542
1,9797,9871,1,0,0,14,2,16;19;183;535;7;498;347;517;722;639;637;824;566;548
1,9781,9864,1,1,0,13,1,32;35;199;551;23;517;363;533;722;655;653;840;582
1,9742,9796,1,0,0,11,1,35;69;74;238;590;62;517;402;572;722;694
1,9734,9963,1,1,0,11,4,43;69;82;246;598;70;517;410;580;803;702
1,9721,9777,1,1,0,10,1,56;92;95;259;611;83;517;423;593;816
1,9697,9754,1,0,0,9,1,80;116;119;283;635;107;517;447;617
1,9671,9726,1,0,0,9,1,106;142;145;309;661;133;517;473;643
1,9594,9811,1,0,0,11,4,35;183;43;15;219;222;386;723;210;623;550
1,9559,9623,1,0,0,12,1,34;70;218;78;50;254;249;414;723;245;623;585
1,9539,9606,1,1,0,12,1,8;54;90;238;98;70;274;249;414;723;265;623
1,9522,9780,1,0,0,13,4,25;71;107;255;115;9;87;291;249;414;723;282;776
1,9518,9584,1,0,0,13,1,29;75;111;259;119;13;91;295;285;414;723;286;780
1,9493,9572,1,1,0,12,3,54;100;136;284;144;38;116;320;285;453;723;311
1,8043,8132,1,1,0,9,2,127;135;28;614;404;474;408;483;687
0,8056,8137,1,1,0,9,0,114;122;15;601;391;474;352;470;687
1,8086,8142,1,0,0,10,1,84;92;571;361;459;352;440;687;761;634
1,8109,8191,1,0,0,10,2,61;38;548;338;436;352;417;671;738;611
1,8134,8362,1,0,0,11,5,36;38;523;313;411;352;392;646;713;586;708
1,8144,8218,1,1,0,11,3,26;34;513;303;401;352;382;636;606;576;698
1,8146,8442,1,0,0,11,7,24;32;511;301;399;352;380;634;606;512;696
1,8169,8252,1,0,0,11,1,1;9;488;278;376;352;357;611;606;512;565
1,7966,8232,1,0,0,8,5,204;212;105;653;481;579;587;560
1,7968,8214,1,0,0,8,5,202;210;103;653;479;474;585;558
1,7984,8042,1,0,0,9,2,186;194;87;653;463;474;408;542;796
1,7998,8278,1,0,0,9,7,172;180;73;653;416;474;408;528;782
0,8002,8060,1,0,0,9,0,168;176;69;653;416;474;408;524;724
1,8008,8070,1,0,0,9,3,162;170;63;649;416;474;408;518;724
1,8014,8102,1,0,0,9,3,156;164;57;643;416;474;408;512;720
0,8030,8111,1,0,0,9,0,140;148;41;627;416;474;408;496;687
1,8372,8431,1,0,0,11,1,285;75;173;181;154;408;349;348;470;663;746
0,8359,8414,1,0,0,11,0,298;88;186;194;167;409;349;361;483;676;759
1,8395,8671,1,1,0,11,8,262;52;150;158;131;385;349;325;447;640;723
0,8378,8452,1,0,0,11,0,279;69;167;159;148;402;349;342;464;657;740
1,8421,8489,1,0,0,11,2,236;26;124;114;105;359;349;299;421;614;490
1,8406,8479,1,0,0,11,1,251;41;139;147;120;374;349;314;436;629;490
1,8471,8542,1,0,0,10,1,186;74;82;55;309;349;249;371;564;490
1,8423,8493,1,1,0,11,1,234;24;122;114;103;333;349;297;419;612;490
1,8254,8478,1,0,0,10,5,403;193;291;299;272;526;593;466;565;781
1,8177,8240,1,0,0,11,3,1;480;270;368;311;349;603;606;512;565;858
1,8280,8579,1,1,0,10,6,377;167;265;273;246;500;567;440;555;755
1,8263,8318,1,0,0,10,2,394;184;282;290;263;517;584;457;557;772
1,8299,8385,1,0,0,10,4,358;148;246;254;227;481;349;421;490;736
1,8294,8368,1,0,0,10,2,363;153;251;259;232;486;349;426;548;741
1,8320,8405,1,1,0,10,3,337;127;225;233;206;460;349;400;490;715
0,8301,8354,1,1,0,10,0,356;146;244;252;225;479;349;405;490;734
0,8593,8659,1,0,0,8,0,64;187;254;127;249;442;490;731
1,8598,8864,1,0,0,8,5,59;182;249;122;244;437;490;731
1,8569,8623,1,0,0,8,3,88;211;278;151;273;466;490;950
1,8581,8848,1,0,0,8,3,76;199;266;139;261;454;490;942
1,8690,8905,1,0,0,8,4,90;157;30;152;345;428;730;903
1,8701,8755,1,0,0,8,1,79;146;19;141;334;417;724;892
1,8640,8707,1,0,0,8,1,17;140;207;80;202;395;478;730
1,8647,8706,1,0,0,8,1,10;133;175;73;195;388;471;730
1,8498,8563,1,0,0,11,2,159;47;55;28;282;349;222;316;537;490;1027
1,8508,8587,1,0,0,11,2,149;37;45;18;258;339;212;316;527;490;1027
1,8481,8545,1,0,0,11,2,176;64;72;45;299;349;239;316;554;490;1066
1,8486,8569,1,0,0,11,3,171;59;67;40;288;349;234;316;549;490;1061
1,8539,8779,1,1,0,10,7,118;6;14;233;308;181;303;496;490;997
1,8560,8631,1,0,0,8,3,97;220;287;160;282;475;490;975
1,8509,8594,1,0,0,11,1,148;36;44;17;233;338;211;316;526;490;1027
1,8538,8777,1,0,0,10,6,119;7;15;233;309;182;304;497;490;1009
1,8819,9115,1,1,0,10,6,10;23;216;257;724;774;482;625;810;330
1,8810,8869,1,1,0,10,1,10;32;225;291;724;783;482;634;819;339
1,8804,9011,1,1,0,10,2,10;38;231;291;724;789;673;640;825;345
1,8802,8867,1,0,0,10,1,45;40;233;305;724;791;675;642;827;347
1,8842,9102,1,1,0,10,4,5;0;193;257;705;730;482;602;678;307
1,8838,9122,1,0,0,10,4,9;4;197;257;709;750;482;606;678;311
1,8831,8889,1,0,0,10,1,10;11;204;257;716;762;482;613;678;318
1,8830,9076,1,1,0,10,6,10;12;205;257;717;763;482;614;697;319
0,8742,8829,1,0,0,8,0,38;105;100;269;366;724;851;735
0,8732,8811,1,0,0,8,0,48;115;110;269;366;724;861;745
1,8714,8798,1,0,0,8,2,66;133;6;128;269;404;724;879
1,8707,8784,1,0,0,8,1,73;140;13;135;328;411;724;882
1,8802,8871,1,1,0,10,1,10;40;233;305;724;791;675;642;827;347
1,8791,8853,1,0,0,10,1,56;51;244;327;724;802;686;653;838;358
0,8784,8837,1,0,0,10,0,63;58;251;334;724;809;693;660;845;365
1,8751,8814,1,0,0,9,2,29;96;91;269;366;724;842;726;693
1,3162,3237,1,0,0,22,3,66;208;223;119;220;424;1;417;546;557;501;472;630;529;595;642;491;474;481;627;543;719
1,3162,3388,1,1,0,22,14,66;208;223;119;220;424;1;417;546;557;501;472;614;529;595;642;491;474;481;627;543;719
1,3132,3218,1,0,0,21,6,96;238;253;149;250;454;31;447;576;587;531;502;660;559;625;691;521;504;511;657;573
1,3148,3227,1,0,0,21,6,80;222;237;133;234;438;15;431;560;571;515;486;644;543;609;666;505;488;495;641;557
1,3074,3135,1,0,0,19,4,154;296;311;207;308;506;89;505;634;645;589;560;718;617;683;704;579;562;569
1,3112,3181,1,1,0,20,3,116;258;273;169;270;474;51;467;596;607;551;522;680;579;645;704;541;524;531;677
1,3047,3274,1,0,0,19,13,181;323;338;234;335;539;116;532;661;672;616;587;730;644;710;776;606;589;596
1,3068,3150,1,0,0,19,4,160;302;317;213;314;518;95;511;640;651;595;566;724;623;689;704;585;568;575
1,3267,3352,1,0,0,20,2,103;118;14;115;319;312;441;452;396;367;525;424;490;556;386;369;347;462;438;614
1,3295,3355,1,0,0,19,5,75;90;87;291;284;413;424;368;339;497;396;462;528;358;341;347;462;410;586
1,3241,3310,1,0,0,20,1,129;144;40;141;345;338;467;478;422;393;544;450;516;582;412;395;402;548;464;640
1,3264,3514,1,1,0,20,10,106;121;17;118;322;315;444;455;399;370;528;427;493;559;389;372;347;525;441;617
1,3207,3439,1,0,0,21,14,21;163;178;74;175;379;372;501;512;456;427;585;484;550;616;446;429;427;582;498;674
1,3226,3295,1,0,0,21,2,2;144;159;55;156;360;353;482;493;437;408;559;465;531;597;427;410;417;563;479;655
1,3179,3266,1,0,0,21,6,49;191;206;102;203;407;400;529;540;484;455;600;512;578;642;474;457;464;610;526;702
1,3192,3275,1,0,0,21,1,36;178;193;89;190;394;387;516;527;471;442;600;499;565;631;461;444;451;597;513;689
1,2897,3151,1,0,1,13,10,42;26;331;473;484;384;485;689;266;682;811;722;766
1,2896,3107,1,1,0,13,7,43;27;332;474;484;385;486;690;267;683;812;823;767
1,2883,2952,1,0,0,13,1,56;40;345;487;486;390;491;703;280;696;825;836;780
1,2880,2959,1,0,0,11,1,59;43;348;490;486;401;491;706;283;699;828
1,2874,2925,1,0,0,11,1,65;49;354;496;511;407;491;712;289;705;834
1,2828,3079,1,1,0,11,6,111;95;20;400;542;543;453;491;758;335;751
1,2818,2905,1,0,0,12,3,121;105;30;5;410;552;543;454;564;768;345;761
1,2811,2888,1,0,0,12,4,128;112;37;12;417;559;543;454;571;775;352;768
0,3017,3070,1,1,0,16,0,211;353;368;264;365;569;146;562;691;702;646;617;730;674;715;806
0,3004,3076,1,0,0,16,0,224;366;381;277;378;582;159;575;704;715;659;630;730;687;715;819
1,2993,3082,1,0,0,16,2,235;377;392;288;389;593;170;586;715;722;670;641;730;698;764;830
1,2975,3184,1,1,0,13,8,253;395;410;306;407;611;188;604;728;722;688;659;817
1,2936,2995,1,0,0,13,4,3;292;434;449;345;446;650;227;643;728;722;727;698
1,2917,2985,1,1,0,13,1,22;6;311;453;468;364;465;669;246;662;728;722;746
0,2901,2964,1,0,0,13,0,38;22;327;469;484;380;481;685;262;678;728;722;762
0,2898,2973,1,0,0,13,0,41;25;330;472;484;383;484;688;265;681;728;722;765
1,3642,3938,1,1,0,21,9,66;77;21;134;49;115;181;11;1;147;63;239;245;101;424;137;417;571;475;566;423
1,3649,3896,1,1,0,20,5,59;70;14;134;42;108;174;4;140;56;232;238;94;417;130;410;357;475;566;416
1,3653,3719,1,1,0,20,1,55;66;10;134;38;104;170;0;136;52;228;234;90;413;126;406;285;475;566;412
1,3663,3728,1,0,0,19,3,45;56;0;129;28;94;160;126;42;218;224;80;392;116;396;285;475;566;402
1,3609,3681,1,0,0,22,2,99;110;54;25;183;82;148;214;44;27;34;180;96;272;278;134;457;170;450;571;475;634
1,3613,3664,1,1,0,22,5,95;106;50;21;134;78;144;210;40;23;30;176;92;268;274;130;453;166;446;571;475;630
1,3626,3714,1,1,0,22,5,82;93;37;8;134;65;131;197;27;10;17;163;79;255;261;117;440;153;433;571;475;589
1,3627,3711,1,1,0,22,5,81;92;36;7;134;64;130;196;26;9;16;162;78;254;260;116;439;152;432;571;475;581
0,3780,3844,1,1,0,12,0,12;43;9;101;107;286;279;285;376;463;285;389
0,3783,3871,1,1,0,12,0,9;40;6;98;104;283;276;285;373;460;282;389
1,3803,3889,1,0,0,10,2,20;78;84;263;256;285;353;440;262;389
1,3855,3941,1,0,0,9,3,26;32;211;204;285;301;388;210;360
1,3677,3759,1,1,0,18,2,31;42;115;14;80;146;112;28;204;210;66;389;102;382;285;475;560;388
1,3688,3773,1,1,0,18,1,20;31;104;3;69;135;101;17;193;199;55;378;91;371;285;468;555;377
1,3703,3781,1,1,0,18,1,5;16;89;54;120;86;2;178;184;40;363;76;356;285;453;519;362;512
1,3771,3846,1,0,0,13,3,21;52;18;110;116;295;8;288;285;385;472;294;444
1,3440,3675,1,0,0,18,12,146;139;268;279;223;194;352;251;317;383;213;196;203;349;265;441;447;303
1,3362,3426,1,0,0,20,5,8;23;20;224;217;346;357;301;272;404;329;395;461;291;274;281;427;343;519;525
1,3458,3544,1,0,0,20,3,128;121;250;261;205;176;324;233;299;365;195;178;185;306;247;423;429;285;608;321
1,3452,3714,1,0,0,18,10,134;127;256;267;211;182;324;239;305;371;201;184;191;337;253;429;435;291
1,3323,3407,1,0,0,19,3,47;62;59;263;256;385;396;340;311;469;368;434;500;330;313;320;444;382;558
1,3304,3380,1,1,0,19,2,66;81;78;282;275;404;415;359;330;488;387;453;518;349;332;339;462;401;577
1,3338,3389,1,0,0,19,1,32;47;44;241;241;370;381;325;296;445;353;419;485;315;298;305;444;367;543
1,3329,3595,1,0,0,19,13,41;56;53;241;250;379;390;334;305;463;362;428;494;324;307;314;444;376;552
1,3571,3630,1,0,0,22,1,15;8;137;148;92;63;221;120;186;252;82;65;72;218;134;310;316;172;495;208;488;643
1,3524,3612,1,0,0,21,5,62;55;184;195;137;110;268;167;233;281;129;112;119;265;181;357;363;219;542;255;535
1,3606,3686,1,0,0,22,3,102;113;57;28;186;85;151;217;47;30;37;183;99;275;281;137;460;173;453;571;550;637
1,3578,3857,1,1,1,22,12,8;1;130;141;85;56;214;113;179;245;48;58;65;211;127;303;309;165;488;201;481;636
1,3461,3732,1,1,0,20,13,125;118;247;258;202;173;283;230;296;362;192;175;182;306;244;420;426;282;561;318
1,3459,3511,1,0,0,20,1,127;120;249;260;204;175;324;232;298;364;194;177;184;306;246;422;428;284;561;320
1,3518,3603,1,0,0,21,4,68;61;190;201;137;116;274;173;239;305;135;118;125;271;187;363;369;225;548;261;541
1,3498,3550,1,0,0,20,1,88;81;210;221;165;136;283;193;259;325;155;138;145;291;207;383;389;245;551;281
1,2000,2082,1,0,0,16,2,174;239;263;241;259;200;383;247;259;425;560;820;596;585;492;729
1,2003,2076,1,1,0,16,4,171;236;260;238;256;197;380;244;256;422;557;820;593;582;489;726
1,1941,2023,1,0,0,17,2,233;55;31;298;322;300;318;259;442;306;318;484;619;825;653;644;568
1,1960,2037,1,0,0,17,2,214;36;12;279;303;281;299;240;423;287;299;465;600;820;636;625;549
1,2082,2137,1,0,0,16,1,92;157;181;159;177;118;301;165;177;343;478;820;514;503;427;590
1,2086,2162,1,0,1,16,3,88;153;177;155;173;114;266;161;173;339;474;820;510;499;423;590
1,2017,2231,1,0,0,16,8,157;222;246;224;242;183;366;230;242;408;543;820;579;559;489;712
1,2043,2103,1,0,0,16,1,131;196;220;198;216;157;340;204;216;382;517;820;553;542;466;590
1,2108,2195,1,0,0,16,3,66;131;155;133;151;92;266;97;151;317;452;781;488;477;401;590
1,2168,2221,1,0,0,19,2,6;71;95;73;91;32;215;79;91;257;392;771;428;417;341;561;552;755;623
1,2088,2148,1,0,0,16,3,86;151;175;153;171;112;266;159;171;337;472;781;508;497;421;590
1,2096,2155,1,0,0,16,1,78;143;167;145;163;104;266;151;163;329;464;781;491;489;413;590
1,2290,2378,1,0,0,13,1,93;135;270;649;306;295;219;439;430;633;501;558;533
1,2291,2507,1,0,0,13,5,85;134;269;648;305;294;218;438;429;632;500;557;532
1,2202,2269,1,0,0,17,3,37;61;39;57;181;45;57;223;358;737;394;383;307;527;518;721;589
1,2243,2307,1,0,0,17,1,20;16;140;4;16;182;317;696;353;342;266;486;477;680;548;605;580
1,1778,2064,1,1,0,18,12,396;33;218;156;194;461;485;58;453;481;422;579;469;481;647;726;1107;818
1,1775,1984,1,0,0,18,11,399;36;221;159;197;464;488;61;453;484;425;579;472;484;650;785;1107;821
1,1764,1848,1,0,0,18,2,410;47;232;170;208;475;499;72;477;495;436;579;483;495;661;796;1175;832
1,1764,1839,1,1,0,18,1,410;47;232;170;208;475;499;72;477;495;436;579;483;495;661;796;1107;832
1,1849,1938,1,0,0,18,5,325;147;85;123;390;414;392;410;351;534;398;410;576;711;1090;663;736;660
1,1815,2042,1,0,0,17,7,359;181;119;157;424;448;21;412;443;385;568;432;444;610;726;1107;663
1,1792,1852,1,0,0,18,1,382;19;204;142;180;447;471;44;449;443;408;579;455;467;633;726;1107;663
1,1785,1865,1,1,0,18,3,389;26;211;149;187;454;478;51;453;474;415;579;462;474;640;726;1107;663
1,1896,1956,1,0,0,18,3,278;100;38;76;343;342;345;363;304;487;351;363;529;664;1043;663;683;613
1,1892,1957,1,0,0,18,2,282;104;42;80;347;371;349;367;308;491;355;367;533;668;1047;663;683;617
1,1863,1916,1,0,0,18,2,311;133;71;109;376;376;378;396;337;520;384;396;562;697;1076;663;683;646
1,1857,1917,1,0,0,18,2,317;139;77;115;382;406;384;402;343;526;390;402;568;703;1082;663;683;652
1,1932,2202,1,1,0,18,10,242;64;2;40;307;331;309;327;268;451;315;327;493;628;980;653;650;577
1,1917,1977,1,1,0,18,3,257;79;17;55;322;342;324;342;283;466;330;342;508;643;980;663;650;592
1,1913,1980,1,0,0,18,2,261;83;21;59;326;342;328;346;287;470;334;346;512;647;988;663;650;596
1,1905,1973,1,0,0,18,2,269;91;29;67;334;342;336;354;295;478;342;354;520;655;1034;663;650;604
1,2512,2579,1,0,1,12,1,48;427;84;73;217;208;411;279;319;311;704;713
1,2530,2585,1,0,0,13,1,30;409;66;55;199;190;393;261;302;293;698;713;855
1,2533,2606,1,0,0,14,2,27;406;63;52;196;187;390;258;284;290;695;713;852;748
0,2538,2600,1,0,0,14,0,22;401;58;47;191;182;385;253;284;285;672;713;847;743
1,2542,2616,1,0,0,14,5,18;397;54;43;187;178;381;249;284;281;672;713;843;739
1,2580,2648,1,0,0,14,1,359;16;5;149;140;343;211;268;243;648;713;805;674;802
1,2598,2685,1,0,0,12,2,341;131;122;325;193;250;225;630;713;787;674;784
1,2623,2919,1,0,0,13,7,316;106;97;300;168;225;200;605;705;762;658;759;963
0,2637,2703,1,0,0,13,0,302;92;83;286;154;211;186;591;705;748;644;745;901
0,2637,2688,1,0,0,13,0,302;92;83;286;154;211;186;591;705;748;644;745;901
1,2650,2864,1,0,0,14,3,289;79;70;273;141;198;173;578;705;735;631;732;901;513
1,2652,2721,1,0,0,14,1,287;77;68;271;139;196;171;576;705;733;454;730;901;511
1,2663,2738,1,0,0,14,3,276;66;57;260;96;185;160;565;705;722;454;719;901;500
1,2684,2918,1,1,0,14,5,255;45;36;196;96;164;139;544;686;701;454;698;901;479
1,2723,3011,1,0,0,13,6,216;6;196;68;125;100;505;647;662;454;659;863;440
1,2762,2971,1,1,0,12,3,177;161;29;86;61;466;608;623;454;620;824;401
1,2325,2576,1,0,0,13,5,58;100;235;527;271;260;184;404;395;598;466;523;498
1,2299,2375,1,1,0,13,2,84;126;261;531;297;286;210;430;421;624;492;549;524
1,2344,2401,1,0,0,13,2,39;81;216;527;252;241;165;385;376;579;395;384;479
1,2336,2419,1,0,0,13,2,47;89;224;527;260;249;173;393;384;587;455;384;487
0,2393,2451,1,0,0,13,0,32;167;527;203;192;116;336;327;530;395;384;430;835
1,2347,2401,1,0,0,13,1,36;78;213;527;234;238;162;382;373;576;395;384;476
1,2406,2488,1,1,0,13,5,19;154;527;190;179;103;323;314;517;385;384;384;822
1,2396,2448,1,0,0,13,4,29;164;527;200;189;113;333;324;527;395;384;427;832
1,2442,2520,1,1,0,12,1,118;497;154;143;67;287;278;445;349;372;381;786
1,2427,2484,1,1,0,12,1,133;512;169;158;82;302;293;445;364;384;384;801
1,2479,2541,1,0,0,13,1,81;460;117;106;30;250;241;444;312;369;344;704;891
1,2475,2556,1,0,0,13,4,85;464;121;110;34;254;245;445;316;370;348;753;895
1,2490,2714,1,0,0,13,9,70;449;106;95;19;239;230;433;301;336;333;704;880
1,2486,2564,1,0,0,13,2,74;453;110;99;23;243;234;437;305;362;337;704;884
1,2507,2748,1,0,0,13,5,53;432;89;78;2;222;213;416;284;336;316;704;713
1,2497,2747,1,1,0,13,9,63;442;99;88;12;232;223;426;294;336;326;704;717
1,5438,5519,1,0,0,11,2,40;403;95;8;158;192;450;182;505;591;967
1,5427,5478,1,0,0,11,1,51;414;106;19;169;203;461;211;505;591;978
1,5417,5625,1,0,0,11,1,61;424;116;29;179;213;471;221;505;780;988
0,5376,5447,1,1,0,9,0,102;465;157;70;220;254;512;262;505
1,5335,5599,1,0,0,9,6,143;471;198;111;261;281;553;303;662
1,5332,5392,1,0,0,9,1,146;471;201;114;264;298;556;306;665
0,5302,5510,1,1,0,8,0,176;471;231;144;294;328;586;333
1,5296,5540,1,1,0,8,5,182;479;237;150;300;334;592;333
1,5263,5338,1,1,0,8,1,209;479;270;183;333;367;625;366
0,5262,5324,1,1,0,8,0,209;479;271;184;334;368;626;366
1,5246,5300,1,0,0,8,1,209;479;287;200;350;384;642;392
1,5234,5315,1,0,0,8,1,244;479;299;212;362;396;654;404
1,5211,5298,1,1,0,8,2,267;499;322;235;385;419;677;409
1,5210,5294,1,0,0,8,2,268;499;323;236;386;420;678;428
1,5176,5424,1,0,0,8,6,302;638;357;270;420;454;712;462
1,5143,5193,1,1,0,8,2,335;650;390;303;453;487;745;495
0,5116,5189,1,1,0,8,0,362;662;417;330;480;506;772;517
1,5139,5228,1,0,0,8,2,339;662;394;307;457;491;749;499
1,5073,5151,1,0,0,8,1,405;662;460;345;523;529;815;565
1,5087,5153,1,0,0,8,1,391;662;446;345;509;506;801;551
0,5044,5127,1,0,0,9,0,12;434;662;489;375;552;529;844;583
1,5060,5119,1,0,0,8,1,418;662;473;375;536;529;828;578
1,5022,5108,1,0,0,9,1,23;456;662;511;424;574;608;866;583
1,5029,5114,1,1,0,9,1,23;449;662;504;417;567;529;859;583
1,5008,5076,1,0,0,9,1,23;470;662;525;438;588;622;880;630
0,5012,5084,1,0,0,9,0,23;466;662;521;434;584;618;876;583
1,4973,5042,1,0,0,7,1,46;505;664;560;473;623;657
1,4975,5177,1,0,0,8,4,23;503;664;558;471;621;655;913
1,4965,5051,1,1,0,7,1,91;513;664;568;481;631;665
0,4973,5039,1,1,0,7,0,23;505;664;560;473;623;657
1,4941,5010,1,1,0,6,1,115;537;889;592;505;655
1,4941,5230,1,1,0,6,4,115;537;870;592;505;655
1,5851,5915,1,0,0,10,1,37;146;346;554;273;333;473;263;661;822
0,5838,5917,1,0,0,10,0,3;50;159;359;567;286;346;473;276;661
1,5887,6148,1,0,0,10,8,1;110;310;511;237;297;465;227;661;786
1,5855,5912,1,1,0,10,1,33;142;324;550;269;329;473;259;661;818
1,5824,6098,1,0,0,10,7,17;64;173;373;568;300;360;505;290;758
1,5795,6019,1,0,0,9,5,46;93;202;402;568;329;389;539;319
0,5838,5902,1,0,0,10,0,3;50;159;359;567;286;346;473;276;661
1,5826,5892,1,0,0,10,2,15;62;171;371;568;298;358;505;288;661
0,5767,5818,1,0,0,9,0,74;121;225;430;638;357;390;573;347
1,5752,5833,1,0,0,9,1,89;136;244;445;640;372;390;573;362
1,5789,6023,1,0,0,9,4,52;99;208;408;616;335;390;539;325
1,5784,5872,1,0,0,9,2,57;104;213;413;621;340;390;568;330
1,5696,5921,1,0,0,8,3,145;192;293;488;640;428;488;573
1,5694,5755,1,0,0,8,1,147;194;293;503;640;430;490;573
1,5734,5799,1,1,0,9,1,107;154;261;463;640;390;390;573;380
1,5704,5790,1,1,0,8,1,137;184;293;488;640;420;390;573
1,5622,5672,1,0,0,10,1,219;8;266;16;375;575;640;502;562;573
0,5632,5716,1,0,0,9,0,209;256;6;336;565;640;492;552;573
1,5638,5713,1,1,0,9,1,203;250;0;336;559;640;486;546;573
1,5660,5728,1,0,0,8,1,181;228;304;537;640;464;524;573
1,5577,5627,1,0,0,11,1,264;19;53;311;61;420;591;828;547;607;775
1,5577,5791,1,0,0,11,4,264;19;43;311;61;420;591;828;547;607;775
1,5597,5660,1,0,0,10,1,244;33;291;41;400;591;640;527;587;755
1,5607,5838,1,0,0,10,4,234;23;281;31;390;575;640;517;577;745
0,5501,5569,1,0,0,10,0,340;32;95;112;387;132;494;591;904;623
1,5534,5603,1,0,0,9,1,307;62;96;354;104;463;591;871;590
0,5554,5636,1,0,0,9,0,287;42;76;334;84;426;591;851;570
0,5558,5641,1,1,0,10,0,283;38;72;330;80;426;591;847;566;626
1,5456,5508,1,0,0,10,1,22;385;77;140;174;432;182;494;591;949
1,5479,5538,1,1,0,10,1,362;54;117;151;409;159;494;591;926;645
1,5484,5565,1,1,0,10,1,357;49;112;135;404;154;494;591;921;640
1,5490,5559,1,0,0,10,1,351;43;106;112;398;148;494;591;915;634
1,4428,4673,1,0,0,4,3,301;179;391;448
1,4425,4495,1,0,0,4,2,304;182;405;448
1,4414,4620,1,0,0,4,1,315;193;416;642
1,4379,4431,1,0,0,4,2,350;228;451;677
1,4458,4726,1,1,0,4,3,245;149;354;448
1,4457,4523,1,1,0,4,2,245;150;373;448
1,4438,4499,1,0,0,4,1,282;169;391;448
1,4428,4631,1,1,0,4,3,301;179;391;448
1,4291,4349,1,0,0,3,1,438;316;507
1,4287,4339,1,0,0,3,2,442;320;543
0,4233,4314,1,0,0,4,0,10;496;374;597
0,4227,4284,1,0,0,4,0,16;502;380;601
0,4353,4424,1,0,0,3,0,376;254;468
1,4336,4396,1,0,0,3,2,393;271;494
0,4300,4359,1,0,0,3,0,426;307;504
1,4294,4535,1,0,0,3,3,426;313;507
1,4110,4336,1,1,0,7,4,104;46;133;105;619;478;720
1,4115,4203,1,1,0,7,1,99;41;128;100;614;478;631
1,4076,4161,1,0,0,6,2,138;80;167;127;653;493
1,4086,4147,1,0,0,6,2,128;70;157;127;632;493
1,4186,4430,1,0,0,6,4,28;57;29;543;421;631
0,4204,4271,1,0,0,6,0,10;39;11;525;403;601
0,4115,4172,1,0,0,7,0,99;41;128;100;584;478;631
1,4138,4189,1,0,0,7,1,76;18;105;77;584;469;631
1,3950,4245,1,0,0,8,4,104;109;264;206;293;115;265;779
1,3955,4184,1,0,0,8,1,104;104;259;201;288;110;260;668
1,3916,4000,1,0,0,7,2,150;143;285;240;327;149;299
1,3936,4009,1,0,0,7,1,130;123;278;220;307;129;279
0,4038,4106,1,1,0,9,0,28;21;176;118;205;27;127;668;546
1,4058,4127,1,0,0,9,2,8;1;156;98;185;7;127;668;546
1,4029,4079,1,0,0,9,2,37;30;185;127;214;36;186;668;578
1,4034,4089,1,0,0,9,2,32;25;180;122;209;31;181;668;546
0,4799,4885,1,0,0,6,0,31;257;618;1042;734;647
0,4799,4877,1,1,0,6,0,31;257;618;1042;734;647
1,4835,5101,1,0,0,6,4,221;618;1006;698;611;761
0,4799,4852,1,0,0,6,0,31;257;618;1042;734;647
0,4875,4959,1,0,0,6,0,181;603;897;658;571;721
1,4863,4922,1,0,0,6,1,193;615;897;670;583;733
1,4923,4981,1,0,0,6,1,133;555;897;610;523;673
0,4883,4947,1,0,0,6,0,173;595;897;650;563;713
1,4703,4759,1,0,0,3,1,2;127;353
0,4697,4778,1,0,0,3,0,2;133;359
1,4714,4949,1,0,0,4,1,2;116;329;764
0,4708,4765,1,0,0,3,0,2;122;329
0,4719,4784,1,0,0,4,0,2;111;329;618
0,4717,4771,1,0,0,4,0,2;113;329;618
0,4797,4853,1,0,0,6,0,33;259;618;1044;736;649
0,4790,4845,1,0,0,6,0,40;266;618;1051;743;656
0,4573,4631,1,1,0,4,0,86;13;236;385
0,4632,4898,1,0,0,3,0,86;198;385
0,4633,4694,1,1,0,3,0,86;197;385
1,4633,4691,1,0,0,3,1,86;197;385
1,4640,4849,1,1,0,3,1,86;190;378
0,4642,4938,1,0,0,3,0,60;188;378
1,4674,4743,1,0,0,3,1,55;156;378
1,4686,4743,1,0,0,3,1,43;144;370
1,4459,4752,1,0,0,4,2,245;148;236;448
1,4475,4535,1,0,0,4,1,131;132;236;448
0,4504,4591,1,0,0,4,0,86;103;236;448
0,4512,4597,1,0,0,4,0,86;95;236;448
1,4515,4756,1,0,0,4,1,86;92;236;448
1,4518,4799,1,1,0,4,1,86;89;236;441
1,4559,4642,1,0,0,4,1,86;13;236;441
0,4564,4637,1,1,0,4,0,86;13;236;385
1,13972,14263,1,0,0,18,13,178;440;3;275;458;454;294;390;517;337;807;550;424;341;553;515;427;867
1,13952,14004,1,1,0,18,2,198;460;23;295;478;474;314;410;517;357;807;570;444;361;573;535;447;887
1,13942,13993,1,0,1,17,3,208;470;33;305;488;484;324;420;570;367;807;579;454;371;583;545;457
1,13912,13998,1,0,0,17,5,238;500;63;335;518;514;354;450;570;397;807;610;484;401;613;575;487
1,13912,13978,1,0,1,17,1,238;500;63;335;518;514;354;450;570;397;807;579;484;401;613;575;487
1,13905,14170,1,0,1,17,13,245;507;70;342;525;521;361;457;718;404;807;617;491;408;620;582;494
1,13883,13953,1,0,0,17,4,267;529;92;364;547;543;383;479;718;426;807;639;513;430;642;604;516
1,13865,13928,1,0,0,17,3,285;547;110;382;565;561;401;497;718;444;807;657;531;448;660;622;534
1,13841,14135,1,1,0,17,15,0;309;571;134;406;589;585;412;521;823;468;807;680;555;472;684;646
1,13833,13904,1,1,0,16,1,8;317;579;142;414;597;593;428;529;831;476;807;680;563;480;692
1,13826,13886,1,0,0,16,1,15;324;584;149;421;604;600;440;536;838;483;807;680;570;487;699
1,13798,13878,1,0,0,15,6,43;352;584;177;449;632;628;468;561;866;511;807;724;598;515
1,13797,13849,1,1,0,15,2,44;353;615;178;450;633;629;469;561;867;512;807;725;599;516
1,13775,14012,1,0,0,15,10,66;375;616;200;472;655;651;491;561;889;534;1022;747;621;538
0,13772,13822,1,0,0,16,0,69;1;378;616;203;475;658;654;494;561;892;537;1025;750;624;541
1,13769,13831,1,0,0,16,2,72;4;381;616;206;478;661;657;497;593;895;540;1028;753;627;544
1,14216,14276,1,0,0,19,5,196;31;214;210;50;146;448;93;573;306;180;97;309;271;183;623;697;486;844
1,14241,14299,1,0,0,19,2,171;6;189;185;25;121;423;68;556;281;155;72;284;246;158;598;672;461;842
1,14172,14261,1,0,0,19,5,240;75;258;254;94;190;492;137;573;350;213;141;353;315;227;642;741;530;923
1,14179,14260,1,1,0,19,2,233;68;251;247;87;183;485;130;573;343;213;134;346;308;220;642;734;523;844
1,14144,14202,1,1,0,19,2,6;268;103;286;282;122;218;501;165;574;378;213;169;370;343;255;642;769;558
1,14165,14218,1,0,0,19,2,247;82;265;261;101;197;499;144;574;357;213;148;360;322;234;642;748;537;930
1,14125,14204,1,0,0,18,3,25;287;122;305;301;141;237;501;184;597;397;213;188;370;362;274;642;788
0,14127,14211,1,0,0,18,0,23;285;120;303;299;139;235;501;182;574;395;213;186;370;360;272;642;786
1,14121,14208,1,0,0,18,2,29;291;126;309;305;145;241;501;188;597;401;275;192;394;366;278;642;792
1,14123,14197,1,1,0,18,4,27;289;124;307;303;143;239;501;186;597;399;213;190;394;364;276;642;790
1,14082,14144,1,0,0,17,4,68;330;165;348;344;184;280;501;227;597;440;314;231;443;405;317;757
1,14095,14339,1,0,1,17,10,55;317;152;335;331;171;267;501;214;597;427;301;218;394;392;304;744
1,14011,14075,1,1,0,17,2,139;401;236;419;415;255;351;501;298;786;511;385;302;457;476;388;828
1,14060,14310,1,0,0,17,11,90;352;187;370;366;206;302;501;249;737;462;336;253;457;427;339;779
1,13992,14046,1,0,0,17,4,158;420;255;438;434;274;370;517;317;805;530;404;321;484;495;407;847
1,14009,14095,1,0,0,17,4,141;403;238;421;417;257;353;517;300;788;513;387;304;457;478;390;830
1,13420,13500,1,0,0,12,2,226;111;319;193;127;194;317;109;421;353;639;984
1,13401,13638,1,0,0,12,3,245;130;338;212;146;213;336;128;440;372;639;984
1,13463,13529,1,0,0,12,2,183;68;276;150;84;151;271;66;378;310;639;949
1,13451,13533,1,0,0,12,2,195;80;288;162;96;163;286;78;390;322;639;961
1,13378,13658,1,0,0,11,8,268;153;361;228;169;236;359;151;463;395;772
1,13337,13408,1,1,0,13,1,7;36;292;194;402;276;210;277;386;192;503;436;774
1,13394,13448,1,0,0,12,2,252;137;343;219;153;220;343;135;447;379;639;1018
1,13383,13451,1,0,0,12,1,263;148;356;228;164;231;354;146;458;390;639;1029
1,13314,13394,1,1,0,13,1,30;59;331;217;425;299;233;300;391;215;503;459;836
1,13294,13357,1,0,0,14,3,50;7;79;331;237;444;319;253;301;391;235;547;479;856
1,13323,13405,1,1,0,13,2,21;50;292;208;416;290;224;291;391;206;503;450;774
1,13316,13394,1,0,0,13,4,28;57;292;215;423;297;231;298;391;213;503;457;834
1,13278,13516,1,0,0,14,8,66;23;95;368;253;461;335;269;301;422;251;563;495;872
1,13275,13350,1,0,0,13,2,69;26;98;371;256;464;338;272;301;462;254;566;498
1,13287,13359,1,0,0,14,1,57;14;86;359;244;444;326;260;301;391;242;554;486;863
1,13285,13362,1,1,0,14,1,59;16;88;361;246;454;328;262;301;391;244;556;488;865
1,13679,13764,1,0,0,13,2,60;58;162;94;471;733;296;568;751;658;587;683;985
1,13683,13737,1,0,0,13,2,56;54;158;90;467;724;292;564;747;658;583;679;981
1,13728,13810,1,0,0,15,1,11;9;113;45;422;684;247;519;702;658;538;634;936;581;1069
1,13747,13799,1,1,0,16,2,94;26;403;665;228;500;683;658;519;615;917;562;1050;775;649;566
1,13635,13854,1,0,0,12,6,11;104;102;206;138;515;777;340;612;795;791;631
1,13644,13863,1,0,0,14,8,2;95;93;197;129;506;768;331;603;753;782;622;718;1020
1,13651,13898,1,0,0,13,9,88;86;190;122;499;761;324;596;753;687;615;711;1013
1,13668,13733,1,0,0,13,1,71;69;173;105;482;744;307;579;753;658;598;694;996
1,13570,13657,1,0,0,14,3,76;169;43;44;167;271;203;580;842;405;677;821;856;696
1,13572,13640,1,1,0,14,1,74;167;41;42;165;269;201;578;840;403;675;796;854;694
1,13582,13642,1,1,0,14,3,64;157;31;32;155;259;191;568;830;393;665;796;844;670
1,13602,13672,1,0,0,14,1,44;137;11;12;135;239;171;548;810;373;645;796;824;664
1,13464,13547,1,0,1,12,3,182;67;275;149;23;150;271;65;377;309;639;948
0,13484,13535,1,0,0,13,0,162;47;255;129;23;130;253;45;357;289;639;904;491
1,13532,13750,1,1,0,14,5,114;207;81;15;82;205;309;241;618;880;443;715;898;894
1,13540,13780,1,0,0,14,9,106;199;73;7;74;197;301;233;610;872;435;707;831;886
1,15079,15158,1,0,0,16,3,10;94;115;357;236;253;446;571;338;437;227;740;901;334;455;1042
1,15048,15334,1,0,0,15,7,10;125;146;361;267;284;446;571;369;468;258;965;932;365;486
1,15047,15114,1,0,0,15,1,48;126;147;361;268;285;446;571;370;469;259;966;933;366;487
1,15035,15110,1,1,0,15,2,60;138;159;361;280;297;498;571;382;481;271;978;945;378;499
1,15104,15174,1,0,0,16,3,69;90;332;211;228;420;571;313;412;202;740;876;309;430;1000;625
0,15102,15186,1,1,0,16,0,71;92;334;213;230;420;571;315;414;204;740;878;311;432;1000;627
1,15099,15184,1,1,0,16,3,74;95;337;216;233;420;571;318;417;207;740;881;314;435;1022;630
1,15083,15170,1,0,1,16,2,10;90;111;353;232;249;446;571;334;433;223;740;897;330;451;1027
1,14851,15132,1,1,0,8,4,62;244;322;343;585;436;83;481
1,14836,15125,1,1,0,8,5,3;77;259;337;358;599;436;98
1,14825,14878,1,0,0,8,2,14;88;270;348;369;611;436;109
0,14808,14886,1,2,0,8,0,31;105;287;365;386;628;436;126
1,14913,15121,1,0,0,13,6,0;182;260;281;361;402;21;341;620;573;504;603;393
0,14904,14993,1,0,0,13,0,9;191;269;290;361;411;30;341;629;573;513;612;402
1,14886,15161,1,0,0,13,7,27;209;287;308;361;429;48;341;647;833;531;630;420
1,14856,15117,1,0,0,9,4,57;239;317;338;361;436;78;476;677
1,15272,15529,1,0,0,17,11,164;43;60;261;447;145;244;34;729;708;141;262;849;457;665;592;522
1,15289,15580,1,0,0,18,8,147;26;43;244;430;128;227;17;724;671;124;245;832;440;648;588;505;767
1,15232,15292,1,0,0,16,3,204;83;100;301;487;185;284;74;729;708;181;302;889;497;705;645
1,15233,15313,1,0,0,16,4,203;82;99;300;486;184;283;73;729;708;180;301;888;496;704;592
1,15351,15650,1,0,0,16,6,85;182;368;66;165;662;629;62;183;734;378;586;526;443;663;479
1,15357,15431,1,0,0,16,2,79;176;362;60;159;656;466;56;177;734;372;580;520;437;663;473
0,15342,15431,1,1,0,16,0,94;191;377;75;174;671;638;71;192;734;387;595;535;452;714;488
1,15345,15430,1,0,0,16,4,91;188;374;72;171;668;635;68;189;734;384;592;532;449;711;485
1,15171,15244,1,1,0,16,3,2;23;265;144;161;362;548;246;345;135;740;809;242;363;950;558
1,15201,15251,1,0,0,15,2,235;114;131;332;518;216;315;105;740;779;212;333;920;528;736
0,15114,15185,1,1,0,16,0,59;80;322;201;218;419;571;303;402;192;740;858;299;420;1000;615
1,15117,15186,1,1,0,16,3,56;77;319;198;215;416;571;300;399;189;740;858;296;417;1000;612
1,15218,15307,1,0,0,16,3,218;97;114;303;501;199;298;88;740;762;195;316;903;511;719;659
1,15222,15298,1,0,0,16,4,214;93;110;303;497;195;294;84;729;758;191;312;899;507;715;655
1,15203,15269,1,1,0,16,2,233;112;129;303;516;214;313;103;740;777;210;331;918;526;734;674
0,15213,15302,1,0,0,16,0,223;102;119;303;506;204;303;93;740;763;200;321;908;516;724;664
1,14425,14480,1,0,0,13,2,5;1;239;351;97;100;62;414;488;277;490;748;769
1,14398,14472,1,0,0,14,2,14;32;28;266;352;124;127;89;1;441;505;304;490;769
0,14459,14511,1,0,0,11,0,205;338;63;66;28;380;454;243;490;714;735
1,14429,14516,1,0,0,12,1,1;235;351;93;96;58;410;484;273;490;714;765
1,14552,14627,1,0,0,8,1,112;245;287;361;150;490;621;642
1,14482,14571,1,0,0,11,3,182;315;40;43;5;357;431;220;490;691;712
1,14584,14635,1,0,0,9,1,80;213;255;329;118;490;589;610;852
1,14556,14636,1,0,0,8,1,108;241;283;357;146;490;610;638
1,14297,14380,1,0,0,17,4,115;133;129;65;367;12;479;225;99;16;228;190;102;542;616;405;798
1,14290,14348,1,0,0,17,2,122;140;136;72;374;19;507;232;106;23;235;197;109;549;623;412;805
1,14330,14615,1,1,0,15,7,82;100;96;32;334;467;192;66;195;157;69;509;583;372;490
1,14327,14618,1,1,1,15,9,85;103;99;35;337;470;195;69;198;160;72;512;586;375;768
1,14351,14421,1,0,0,16,1,61;79;75;11;313;446;171;45;174;136;48;487;505;351;490;822
1,14337,14407,1,0,0,16,4,75;93;89;25;327;460;185;59;188;150;62;502;505;365;490;836
1,14393,14482,1,0,0,15,2,19;37;33;271;404;129;3;132;94;6;446;505;309;490;769
1,14353,14415,1,0,0,16,4,59;77;73;9;311;437;169;43;172;134;46;486;505;349;490;820
1,14692,14751,1,1,0,10,1,105;147;221;10;403;453;502;659;623;242
1,14693,14945,1,1,0,10,3,104;145;220;9;402;448;501;659;622;241
1,14704,14949,1,0,0,9,4,93;135;209;391;428;490;659;611;230
1,14730,14939,1,0,0,9,4,67;109;183;365;428;464;659;483;204
1,14752,14807,1,0,1,9,1,45;87;161;343;421;442;659;469;182
0,14774,14833,1,0,0,9,0,23;47;139;321;399;420;659;469;160
1,14781,14863,1,0,0,9,2,16;47;132;314;392;413;655;469;153
1,14783,14859,1,1,0,9,2,14;47;130;312;390;411;653;459;151
1,14615,14901,1,0,0,9,6,49;182;224;298;87;480;558;579;821
1,14619,14675,1,0,0,9,1,45;178;220;294;83;476;554;575;659
1,14620,14671,1,1,0,10,1,44;163;219;293;82;475;553;574;659;695
1,14639,14708,1,0,0,11,1,25;158;200;274;63;456;528;555;659;676;295
1,14668,14885,1,0,0,10,3,129;171;245;34;427;498;526;659;647;266
1,14676,14925,1,0,0,10,4,121;163;237;26;419;473;518;659;639;258
1,14689,14744,1,1,0,10,1,108;150;224;13;406;453;505;659;626;245
1,14692,14932,1,0,0,10,4,105;145;221;10;403;453;502;659;623;242
1,1503,1567,1,0,0,15,1,4;127;671;308;493;431;469;736;760;333;738;756;697;880;744
1,1525,1798,1,0,0,14,11,105;649;286;471;409;447;704;738;311;716;734;675;858;722
1,1444,1514,1,0,0,15,6,37;63;186;730;367;552;490;528;795;819;392;765;815;756;939
1,1463,1522,1,0,0,15,4,18;44;167;711;348;533;471;509;776;800;373;765;780;737;920
1,1556,1816,1,1,0,15,12,74;618;255;440;378;416;668;707;280;685;703;644;782;691;703
1,1568,1635,1,1,0,15,2,62;606;243;428;366;404;668;695;268;673;691;632;664;679;691
1,1550,1626,1,0,0,15,3,80;624;261;446;384;422;689;713;286;691;709;650;833;697;709
1,1553,1770,1,0,0,15,9,77;621;258;443;381;419;686;710;283;688;706;647;782;694;706
1,1291,1362,1,0,0,8,1,190;86;171;339;875;520;705;643
0,1361,1413,1,1,0,9,0,120;16;146;269;813;450;635;573;611
1,1256,1326,1,1,0,7,1,21;199;121;171;374;886;555
0,1277,1363,1,0,0,8,0,0;199;100;171;353;875;534;719
1,1377,1433,1,0,0,12,1,104;0;130;253;797;434;619;557;595;838;886;459
1,1405,1483,1,0,0,13,3,76;102;225;769;406;591;529;567;820;858;431;836;854
1,1365,1425,1,0,0,11,2,116;12;142;265;809;446;631;569;607;874;898
1,1371,1427,1,0,0,12,1,110;6;136;259;803;440;625;563;601;868;892;465
1,1703,1789,1,0,0,15,1,471;108;293;231;269;533;560;133;538;556;497;579;534;556;722
1,1680,1738,1,0,0,14,1,494;131;316;254;292;559;583;156;561;579;520;579;534;579
1,1679,1754,1,0,0,14,1,495;132;317;255;293;560;584;157;562;580;521;579;568;580
1,1657,1731,1,0,1,14,4,517;154;339;277;315;582;606;179;584;602;543;579;590;602
1,1736,1804,1,0,0,17,3,438;75;260;198;236;503;527;100;505;523;464;579;511;523;689;824;1203
1,1721,1780,1,0,0,15,3,453;90;275;213;251;504;542;115;520;538;479;579;526;538;704
1,1721,1782,1,0,0,15,2,453;90;275;213;251;504;542;115;520;536;479;579;526;538;704
1,1712,1777,1,1,0,15,1,462;99;284;222;260;527;551;124;525;547;488;579;534;547;713
1,1602,1674,1,0,0,15,3,28;572;209;394;332;370;637;626;234;639;657;598;622;645;657
1,1580,1642,1,1,0,15,2,50;594;231;416;354;392;659;626;256;650;679;620;664;667;679
1,1577,1662,1,1,0,15,3,53;597;234;419;357;395;662;663;259;650;682;623;664;670;682
1,1574,1655,1,0,1,15,3,56;600;237;422;360;398;665;689;262;650;685;626;664;673;685
1,1652,1734,1,0,0,14,3,522;159;344;282;320;586;611;184;589;603;548;622;595;607
1,1644,1881,1,0,0,14,10,530;167;352;290;328;586;619;192;597;611;556;622;603;615
1,1628,1688,1,1,0,15,1,2;546;183;368;306;344;586;626;208;613;611;572;622;619;631
1,1623,1690,1,0,0,15,1,7;551;188;373;311;349;616;626;213;618;611;577;622;624;636
1,885,964,1,0,0,11,1,48;163;392;238;495;285;291;119;492;590;745
1,924,1008,1,0,0,11,2,9;124;353;199;495;246;252;80;453;583;706
1,942,999,1,0,0,10,2,106;335;181;495;228;171;62;435;565;688
1,943,1016,1,0,0,10,2,105;334;180;495;227;171;61;434;564;672
1,960,1010,1,0,0,10,3,88;317;163;495;210;171;44;417;547;655
1,987,1277,1,0,0,11,7,61;290;136;494;183;171;17;390;520;643;1187
1,1024,1275,1,0,1,10,6,24;253;99;457;146;152;353;483;606;1064
1,1032,1095,1,0,1,10,4,16;245;91;449;138;144;345;475;598;934
1,742,815,1,0,0,13,2,116;76;128;21;191;306;535;381;739;428;434;262;527
1,764,1040,1,0,0,12,8,94;54;106;169;284;512;359;717;406;412;240;527
1,769,857,1,0,0,12,2,89;49;101;164;279;508;354;495;401;407;235;527
1,776,845,1,0,0,12,1,82;42;94;157;272;501;347;495;394;400;228;526
0,777,828,1,0,0,12,0,81;41;93;156;271;487;346;495;393;399;227;526
1,799,868,1,1,0,12,2,59;19;71;134;249;478;324;495;371;377;205;526
1,799,852,1,0,0,12,2,59;19;71;134;249;478;324;495;371;377;205;523
1,858,1146,1,0,0,12,7,0;12;75;190;419;265;495;312;318;146;519;649
1,1167,1379,1,0,0,8,2,110;199;3;9;210;249;463;907
0,1146,1205,1,0,0,8,0,131;199;24;30;231;249;484;907
0,1198,1258,1,0,0,6,0,79;199;179;171;432;907
1,1184,1245,1,0,0,6,1,93;199;193;171;446;907
0,1224,1294,1,0,0,7,0,53;199;153;171;406;907;587
0,1212,1269,1,1,0,7,0,65;199;165;171;418;907;599
1,1252,1313,1,0,0,7,1,25;199;125;171;378;907;559
1,1242,1331,1,0,0,7,1,35;199;135;171;388;907;569
1,1067,1286,1,0,0,9,1,210;56;414;103;109;310;249;563;934
1,1058,1333,1,0,0,9,3,219;65;423;112;118;319;449;572;934
1,1080,1143,1,1,0,9,2,197;43;199;90;96;297;249;550;934
0,1076,1131,1,0,0,9,0,201;47;199;94;100;301;249;554;934
1,1092,1168,1,0,0,9,1,185;31;199;78;84;285;249;517;934
0,1091,1170,1,1,0,9,0,186;32;199;79;85;286;249;517;934
1,1139,1385,1,0,0,8,2,138;199;31;31;238;249;491;934
1,1103,1192,1,1,0,9,1,174;20;199;52;73;274;249;517;934
1,433,522,1,0,0,11,1,215;425;214;385;437;330;500;615;733;686;305
1,520,574,1,0,0,12,3,128;338;127;298;350;243;413;528;733;603;218;961
1,397,447,1,0,0,10,1,251;461;250;421;473;358;536;651;874;726
1,400,678,1,0,0,10,8,248;458;247;418;470;358;533;648;874;686
1,383,440,1,1,0,9,1,265;475;264;435;487;380;550;665;894
1,385,439,1,0,0,9,2,263;473;262;433;485;378;548;663;874
1,358,428,1,1,0,10,2,10;290;500;289;460;512;405;575;690;895
1,365,419,1,0,1,10,2,3;283;493;282;453;505;383;568;683;895
1,326,414,1,0,0,10,2,42;322;532;321;492;544;437;607;722;912
1,328,382,1,1,0,10,1,40;320;530;319;490;542;407;605;720;912
0,309,359,1,0,0,10,0,59;339;549;338;509;554;442;624;739;968
1,317,404,1,0,0,10,1,51;331;541;330;501;553;442;616;731;960
1,199,273,1,1,0,10,1,64;169;413;659;448;619;554;564;734;849
1,308,363,1,0,0,10,2,60;340;550;339;510;554;455;625;740;969
1,145,224,1,0,0,10,1,48;118;223;50;413;713;502;673;554;598
1,153,214,1,1,0,10,1,40;110;215;42;413;705;494;636;554;598
1,687,748,1,0,0,14,2,171;131;183;76;246;361;585;436;51;794;479;489;317;527
1,670,750,1,1,0,14,3,188;148;200;93;263;378;607;453;68;811;479;506;334;527
1,665,733,1,0,0,14,2,193;153;205;98;268;383;612;458;73;816;505;511;339;527
0,662,742,1,0,0,14,0,196;156;208;101;271;386;615;461;76;819;508;514;342;527
1,639,856,1,0,0,16,8,9;219;8;179;231;124;294;409;638;467;99;842;519;537;365;738
1,637,714,1,0,1,16,1,11;221;10;181;233;126;296;411;640;484;101;844;519;539;367;740
1,618,677,1,1,0,15,3,30;240;29;200;252;145;315;430;659;484;120;863;552;558;386
1,609,688,1,1,0,15,5,39;249;38;209;261;154;324;439;668;484;129;872;553;567;395
1,597,657,1,1,0,14,1,51;261;50;221;273;166;336;451;674;489;141;873;553;579
1,592,643,1,0,0,14,1,56;266;55;226;278;171;341;456;674;531;146;873;553;584
1,579,651,1,1,0,13,2,69;279;68;239;291;184;354;469;674;544;159;894;553
1,577,644,1,0,0,13,4,71;281;70;241;293;186;356;471;700;546;161;894;553
1,577,627,1,1,0,13,3,71;281;70;241;293;186;356;471;691;546;161;894;553
1,564,645,1,0,0,13,2,84;294;83;254;306;199;369;484;713;559;174;913;553
1,553,635,1,0,0,13,3,95;305;94;265;317;210;380;495;724;570;185;913;617
1,524,608,1,0,0,12,2,124;334;123;294;346;239;409;524;725;599;214;957
1,77,140,1,1,0,8,1,108;186;50;291;118;413;781;570
1,74,160,1,0,0,8,2,108;189;53;294;121;415;784;573
1,142,195,1,0,0,10,1,51;121;226;53;413;716;505;676;554;621
1,126,404,1,0,0,10,4,67;137;1;242;69;413;732;521;692;744
0,55,111,1,0,0,7,0,124;208;72;313;140;415;803
1,29,100,1,0,0,7,1,164;234;98;339;166;417;829
1,73,133,1,1,0,8,1,120;190;54;295;122;415;785;574
0,68,130,1,0,0,7,0,124;195;59;300;127;415;790
1,3,72,1,0,0,8,1,190;9;260;124;365;192;645;21
1,29,109,1,0,0,7,2,124;234;98;339;166;417;829
1,28,306,1,0,0,7,2,165;235;99;340;167;620;830
1,10665,10731,1,0,0,14,2,4;134;203;117;73;554;617;578;605;480;44;407;591;520
1,10674,10745,1,1,0,13,2,125;194;108;64;554;608;569;605;477;35;398;582;511
1,10678,10735,1,0,0,13,2,121;190;104;60;554;604;565;605;437;31;394;578;507
1,10729,10785,1,0,0,14,1,70;139;53;9;507;553;514;557;437;343;527;456;528;673
1,10613,10671,1,1,0,14,1,8;56;186;255;169;125;621;669;630;605;680;96;459;643
1,10634,10719,1,0,0,14,2,35;165;234;148;104;602;648;609;605;679;75;438;622;551
1,10655,10710,1,1,0,14,2,14;144;213;127;83;568;627;588;605;679;54;417;601;530
1,10663,10944,1,1,0,14,6,6;136;205;119;75;554;619;580;605;672;46;409;593;522
1,10558,10830,1,0,1,14,8,63;11;111;241;310;224;180;659;724;685;728;777;151;514
0,10577,10642,1,0,0,13,0,44;92;222;291;205;161;659;705;666;605;758;132;495
1,10577,10795,1,1,0,13,5,44;92;222;291;205;161;659;705;666;605;758;132;495
1,10590,10665,1,0,0,13,2,31;79;209;278;192;148;646;692;653;605;680;119;482
1,10425,10499,1,0,0,12,1,112;11;9;190;144;244;374;443;357;313;724;857
1,10511,10569,1,0,0,13,2,26;110;58;158;288;357;271;227;724;771;732;775;824
1,10524,10583,1,0,0,14,2,13;97;45;145;275;344;258;214;702;758;719;762;811;185
1,10541,10818,1,1,0,14,8,80;28;128;258;327;241;197;671;741;702;745;794;168;531
1,10338,10604,1,0,0,14,7,199;98;96;283;25;7;52;231;331;454;501;444;400;726
1,10313,10537,1,0,0,16,5,19;1;201;123;121;295;50;32;77;256;356;454;501;468;425;759
1,10397,10486,1,0,0,12,3,140;39;37;222;172;272;402;471;385;341;724;885
1,10385,10446,1,0,0,13,2,152;51;49;236;5;184;284;414;483;397;353;724;897
1,10296,10352,1,1,0,17,2,36;2;18;201;140;138;308;53;49;94;273;373;488;501;468;442;940
1,10295,10368,1,0,0,17,2,37;3;19;242;141;139;308;53;50;95;274;374;488;501;468;443;941
1,10301,10524,1,0,0,16,4,31;13;201;135;133;308;53;44;89;268;368;454;501;468;437;759
1,10299,10584,1,1,1,16,9,33;15;201;137;135;308;53;46;91;270;370;454;501;468;439;937
1,10281,10334,1,1,0,16,1,51;17;26;256;155;153;340;82;64;109;288;388;488;501;497;457
1,10279,10338,1,1,0,16,2,53;19;26;258;157;155;342;84;66;111;290;390;520;501;497;459
1,10292,10363,1,1,0,17,4,40;6;22;245;144;142;308;53;53;98;277;377;488;501;490;446;944
1,10284,10345,1,0,0,17,2,48;14;26;253;152;150;337;53;61;106;285;385;488;501;497;454;952
1,10252,10341,1,1,0,16,3,80;46;62;285;184;182;369;111;93;138;317;417;547;501;507;486
1,10249,10546,1,0,0,16,9,83;49;65;288;187;185;372;114;96;141;320;420;550;501;530;489
1,10273,10327,1,0,0,16,1,59;25;41;262;163;161;348;90;72;117;296;396;526;501;497;465
1,10263,10338,1,1,0,16,4,69;35;51;262;173;171;358;100;82;127;306;406;536;501;507;475
1,10209,10265,1,0,0,16,2,123;89;105;328;227;225;412;154;136;181;360;460;559;501;568;529
1,10233,10290,1,0,0,16,4,99;65;81;304;203;201;388;130;112;157;336;436;559;501;549;505
1,10173,10378,1,4,0,16,8,159;125;141;364;263;261;448;190;172;217;396;488;559;637;587;565
1,10198,10260,1,1,0,16,4,134;100;116;339;238;236;423;165;147;192;371;471;559;501;584;540
1,10152,10238,1,0,0,16,4,180;146;162;367;284;282;469;211;193;238;417;488;559;663;587;586
1,10166,10233,1,3,0,16,2,166;132;148;367;270;268;455;197;179;224;403;488;559;637;587;572
1,10130,10378,1,0,1,17,11,202;168;14;184;380;306;304;491;233;215;260;439;488;559;663;652;608
1,10152,10445,1,1,0,16,12,180;146;162;367;284;282;469;211;193;238;417;488;559;647;587;586
1,10105,10177,1,1,0,16,2,227;193;39;209;380;331;329;516;258;240;285;464;488;559;663;677
1,10130,10187,1,0,0,17,3,202;168;14;184;380;306;304;491;233;215;260;439;488;559;663;587;608
1,10067,10307,1,0,1,16,11,265;231;77;247;380;338;367;554;290;278;323;502;488;559;798;715
1,10097,10320,1,0,0,16,8,235;201;47;217;380;338;337;524;266;248;293;472;488;559;664;685
1,10042,10110,1,1,0,16,1,290;256;102;272;380;394;392;558;321;303;348;527;488;559;798;740
1,10055,10105,1,0,0,16,2,277;243;89;259;380;381;379;558;290;290;335;514;488;559;798;727
1,10032,10115,1,0,0,15,3,300;266;112;282;380;404;402;589;329;313;358;537;488;559;815
1,10039,10111,1,0,0,16,3,293;259;105;275;380;397;395;582;324;306;351;530;488;559;798;743
1,10019,10277,1,0,0,15,8,313;279;125;295;380;417;415;602;329;326;371;550;650;559;815
1,10014,10251,1,1,0,15,8,318;284;130;300;380;422;420;607;329;331;376;555;655;559;854
1,10006,10077,1,0,0,15,1,326;292;138;308;380;430;428;615;329;339;384;563;663;559;862
1,9986,10065,1,0,0,15,1,346;312;158;328;380;450;448;630;352;359;404;583;683;559;882
1,9977,10224,1,0,0,15,7,3;355;321;167;337;560;459;457;630;352;368;413;592;692;559
1,9975,10262,1,0,0,15,13,5;357;323;169;339;562;461;459;630;352;370;415;594;694;824
1,9949,10037,1,0,0,12,2,31;383;349;195;365;588;487;485;656;352;375;441
1,9928,10014,1,0,0,12,1,52;404;370;216;386;590;508;506;656;383;375;462
1,9922,9977,1,0,0,12,2,58;410;376;222;392;590;514;512;656;383;423;468
1,9908,9971,1,1,0,12,3,72;424;390;236;406;629;528;526;656;383;437;482
1,9907,9987,1,1,0,12,2,73;425;391;237;407;630;529;527;656;389;438;483
1,9896,9950,1,0,0,12,3,84;436;402;248;418;641;540;538;666;389;449;494
1,9869,9921,1,0,0,12,2,111;463;414;275;445;668;567;565;666;389;476;521
1,9851,9928,1,1,0,11,1,129;481;447;293;463;686;585;566;666;389;494
0,9832,9904,1,0,0,11,0,148;500;466;312;482;705;604;566;666;389;513
1,9826,10058,1,0,0,11,6,154;506;472;318;488;705;610;566;795;389;519
1,11612,11662,1,0,0,8,2,157;277;505;283;665;613;524;601
1,11622,11679,1,0,0,8,1,147;267;495;273;655;598;514;591
0,11651,11732,1,0,0,8,0,118;236;466;244;626;574;485;562
1,11654,11731,1,0,0,8,1,115;235;463;241;623;571;482;559
1,11660,11745,1,0,0,8,1,109;206;457;235;617;565;476;553
1,11660,11721,1,0,0,8,2,109;148;457;235;617;565;476;553
1,11689,11928,1,0,0,9,7,80;148;428;206;588;536;447;524;995
1,11690,11777,1,0,0,9,1,79;148;427;205;587;535;446;523;906
0,11486,11556,1,1,0,7,0,86;283;336;631;409;790;645
1,11493,11571,1,0,0,7,1,79;276;336;624;402;784;645
1,11539,11756,1,0,0,9,6,33;230;336;578;356;738;645;597;674
1,11543,11780,1,0,0,9,5,29;226;336;574;352;734;636;593;670
1,11549,11626,1,0,0,9,1,23;220;336;568;346;705;636;587;664
1,11550,11617,1,0,0,9,1,22;219;287;567;345;705;636;586;663
1,11555,11613,1,1,0,9,2,17;214;286;562;340;705;636;581;658
0,11576,11631,1,0,0,8,0,193;286;541;319;701;626;560;637
0,11391,11451,1,0,0,8,0,11;55;63;181;335;336;726;504
0,11388,11454,1,0,0,8,0,14;58;66;184;335;336;729;507
0,11435,11495,1,0,0,8,0,11;19;137;334;336;682;460;842
0,11404,11493,1,1,0,7,0,42;50;168;335;336;713;491
1,11457,11692,1,1,0,7,5,115;312;336;660;438;820;768
0,11454,11512,1,0,0,8,0,0;118;315;336;663;441;823;771
1,11466,11555,1,0,0,7,2,106;291;336;651;429;811;645
1,11463,11539,1,0,0,7,1,109;306;336;654;432;814;645
0,11261,11537,1,1,0,9,0,21;25;74;141;185;126;311;335;628
1,11248,11533,1,0,0,10,3,34;38;87;8;9;154;190;126;324;521
1,11275,11333,1,1,0,9,2,7;11;60;127;171;126;297;335;614
1,11275,11554,1,0,0,9,1,7;11;60;127;163;126;297;335;614
0,11294,11375,1,1,0,7,0,41;108;152;126;278;335;337
0,11288,11372,1,0,0,7,0,47;114;158;126;284;335;337
1,11353,11431,1,0,0,8,1,49;93;101;219;335;336;764;542
1,11313,11398,1,0,0,7,2,22;89;133;126;259;335;337
1,11143,11232,1,1,0,11,2,93;139;100;143;192;113;42;110;259;303;187
1,11152,11232,1,0,0,11,2,84;130;91;134;183;104;33;105;250;258;187
1,11109,11174,1,1,0,11,1,127;173;134;177;226;147;76;110;293;320;192
0,11121,11172,1,1,0,11,0,115;161;122;165;214;135;64;110;281;320;187
1,11208,11293,1,0,0,12,1,28;74;35;78;127;48;49;194;226;126;364;561
1,11236,11312,1,0,0,12,2,0;46;7;50;99;20;21;166;210;126;336;533
1,11166,11252,1,0,0,11,2,70;116;77;120;169;90;19;91;236;245;187
1,11177,11252,1,0,0,12,1,59;105;66;109;158;79;8;80;225;226;187;395
1,11033,11105,1,0,0,12,2,203;249;210;253;302;39;223;152;224;369;413;330
1,11050,11139,1,0,0,12,1,186;232;193;236;285;22;201;135;207;352;396;330
1,11003,11085,1,1,0,12,1,233;273;240;283;332;69;253;182;254;399;422;330
0,11011,11064,1,0,0,12,0,225;271;232;275;312;61;245;174;246;391;422;330
1,11106,11165,1,0,0,11,2,130;176;137;180;229;150;79;151;296;340;192
1,11108,11164,1,1,0,11,1,128;174;135;178;227;148;77;149;294;320;192
0,11053,11128,1,0,0,12,0,183;229;190;233;282;19;201;132;204;349;393;299
1,11097,11330,1,1,0,11,2,139;185;146;189;238;159;88;160;305;349;299
1,10946,11032,1,1,0,12,3,290;336;297;340;389;126;310;239;311;445;500;508
1,10925,10997,1,0,0,12,3,311;357;318;361;410;147;331;260;332;445;506;529
0,10904,10968,1,0,0,12,0,332;378;339;382;431;168;352;281;353;445;506;550
1,10864,10943,1,0,0,12,2,4;372;418;379;422;437;208;392;321;393;445;524
0,11000,11076,1,0,0,12,0,236;273;243;286;335;72;256;185;257;402;422;330
1,10990,11214,1,1,0,12,7,246;273;253;296;345;82;266;195;267;412;456;330
0,10957,11018,1,0,0,12,0,279;273;286;329;378;115;299;228;300;445;489;330
1,10954,11212,1,0,0,12,6,282;273;289;332;381;118;302;231;303;445;492;500
1,10792,10854,1,0,0,12,1,7;76;444;490;451;494;437;280;464;393;465;610
0,10774,10845,1,1,0,13,0,25;94;8;462;508;469;512;437;298;482;411;483;628
0,10753,10835,1,0,0,13,0,33;115;29;483;529;490;533;437;318;503;432;504;649
1,10751,10807,1,0,0,13,1,48;117;31;485;531;492;535;437;318;505;434;506;651
1,10822,11063,1,0,1,12,6,46;414;460;421;464;437;246;434;363;434;445;624
1,10816,10880,1,0,0,11,1,52;420;466;427;470;437;246;440;369;441;445
1,10803,11043,1,0,0,11,5,64;433;479;440;483;437;246;453;382;454;599
1,10798,10862,1,0,0,12,1,1;64;438;484;445;488;437;274;458;387;459;604
1,12280,12357,1,0,0,10,1,404;514;120;566;496;249;362;637;513;663
1,12280,12359,1,0,0,10,1,404;485;120;566;496;249;362;637;513;663
1,12291,12367,1,0,0,10,3,393;485;109;555;485;238;351;637;502;663
0,12290,12341,1,0,0,10,0,394;485;110;556;486;239;352;637;503;663
1,12261,12476,1,1,0,11,4,16;423;533;139;573;509;268;381;718;532;704
0,12253,12333,1,1,0,11,0,24;431;538;147;573;509;276;389;726;540;712
0,12280,12367,1,0,0,10,0,404;485;120;566;489;249;362;637;513;663
1,12276,12542,1,0,0,11,9,1;408;518;124;570;500;253;366;703;517;663
1,12337,12423,1,1,0,11,1,347;448;63;509;439;192;305;594;456;628;307
1,12327,12599,1,0,0,11,9,357;448;73;519;449;202;315;615;466;638;317
1,12359,12441,1,0,0,11,1,325;420;41;487;417;170;283;594;434;378;285
1,12356,12639,1,1,0,11,9,328;420;44;490;420;173;286;594;437;609;288
1,12296,12362,1,0,0,10,2,388;485;104;550;480;233;346;615;497;663
1,12292,12359,1,1,0,10,2,392;485;108;550;484;237;350;637;501;663
1,12308,12370,1,0,0,11,1,369;448;92;538;468;221;334;615;485;657;336
1,12301,12362,1,0,0,10,1,369;485;99;545;475;228;341;615;492;663
0,12112,12167,1,0,0,13,0,5;165;113;24;101;572;682;288;727;509;417;530;734
1,12115,12315,1,0,0,13,4,2;162;110;21;98;569;679;285;727;509;414;527;734
1,12128,12185,1,1,0,13,1,149;97;8;85;556;666;272;718;509;401;514;734;665
0,12140,12217,1,1,0,12,0,137;85;63;544;654;260;706;509;389;502;734;653
0,12086,12138,1,0,0,13,0,31;191;139;50;113;598;708;314;760;690;443;556;893
1,12086,12297,1,0,0,13,4,31;191;139;50;113;598;708;314;760;690;443;556;893
1,12088,12324,1,0,0,13,4,29;189;137;48;113;596;706;312;758;509;441;554;891
1,12102,12370,1,0,0,13,8,15;175;123;34;111;582;692;298;727;509;427;540;877
0,12208,12278,1,1,0,12,0,69;17;5;476;586;192;619;509;321;434;734;585
1,12222,12302,1,0,0,12,3,55;3;462;572;178;619;509;307;420;734;571;743
1,12224,12486,1,1,0,12,5,53;1;460;570;176;587;509;305;418;734;569;741
1,12237,12288,1,0,0,11,1,40;447;557;163;573;509;292;405;734;556;728
1,12141,12213,1,0,0,12,3,136;84;63;543;653;259;705;509;388;501;734;652
1,12159,12230,1,1,0,12,3,118;66;54;525;635;241;687;509;370;483;734;634
1,12164,12234,1,0,0,12,3,113;61;49;520;630;236;674;509;365;478;734;629
1,12181,12236,1,0,0,12,3,96;44;32;503;613;219;638;509;348;461;734;612
0,11939,12023,1,1,0,8,0,178;262;286;197;113;674;786;461
1,11925,12162,1,0,0,8,2,192;262;300;211;113;678;786;475
1,11890,12112,1,1,0,9,3,227;5;262;335;246;264;678;786;503
1,11886,11971,1,0,0,10,1,3;231;9;262;339;250;305;678;786;503
0,11877,11929,1,0,0,10,0,12;240;18;262;348;259;305;678;786;503
1,11869,11941,1,0,0,10,1,20;248;26;262;356;267;340;678;786;503
1,11863,12101,1,4,0,10,4,26;254;32;278;362;273;340;678;786;503
1,11845,11898,1,1,0,10,2,44;272;50;328;380;291;340;678;786;555
1,12058,12139,1,0,0,12,3,59;219;167;78;113;626;736;342;788;718;471;584
0,12037,12097,1,0,0,12,0,80;240;188;99;113;647;757;363;797;739;492;605
0,12021,12078,1,0,0,12,0,96;256;204;115;113;663;773;379;797;755;508;621
1,12015,12259,1,1,0,12,7,102;262;210;121;113;669;779;385;813;761;514;627
1,11988,12062,1,0,0,12,2,129;262;226;148;113;674;786;412;813;788;541;654
1,11978,12058,1,0,0,12,3,139;262;226;158;113;674;786;422;868;798;551;664
1,11956,12013,1,0,0,9,1,161;262;234;180;113;674;786;444;890
1,11946,12031,1,0,0,8,1,171;262;279;190;113;674;786;454
1,11735,11992,1,0,1,9,4,34;114;382;160;329;490;401;408;724
1,11743,12003,1,0,0,9,5,26;114;374;152;329;482;393;408;724
1,11719,12016,1,0,0,9,5,50;114;398;176;329;506;417;408;906
0,11720,11802,1,0,0,9,0,49;114;397;175;329;505;416;408;724
1,11706,11963,1,0,0,9,4,63;114;411;189;571;519;430;507;906
1,11718,11932,1,0,0,9,1,51;114;399;177;329;507;418;495;906
0,11692,11766,1,0,0,9,0,77;114;425;203;585;533;444;521;906
0,11702,11770,1,0,0,9,0,67;114;415;193;575;523;434;511;906
1,11828,11896,1,1,0,9,1,61;289;67;328;397;308;359;678;786
1,11845,12049,1,1,0,10,3,44;272;50;328;380;291;340;678;786;503
1,11776,12046,1,1,0,8,3,113;341;71;328;449;360;359;678
1,11794,12009,1,1,0,9,4,95;323;71;328;425;342;359;678;1000
1,11773,11852,1,1,0,8,1,114;344;91;328;452;363;408;678
1,11774,11857,1,1,0,8,1,114;343;71;328;451;362;408;678
1,11749,11837,1,0,1,9,1,20;114;368;146;329;476;387;408;678
1,11771,11986,1,0,0,8,4,114;346;91;329;454;365;408;678
1,13039,13098,1,1,0,11,2,76;305;262;69;130;328;607;492;676;574;508
1,13028,13114,1,0,0,11,2,87;316;273;80;141;345;618;503;676;585;519
1,13051,13120,1,0,0,11,2,64;293;250;57;118;322;595;461;676;562;496
1,13045,13130,1,0,0,11,2,70;299;256;63;124;328;601;482;676;568;502
1,13086,13136,1,0,0,12,1,29;258;215;22;83;287;560;445;653;527;461;528
1,13067,13139,1,0,0,12,1,48;277;234;41;102;306;579;458;672;546;480;547
1,13149,13215,1,1,0,10,1,195;152;20;224;497;382;584;464;398;465
1,13111,13383,1,0,0,11,6,4;233;190;58;262;535;420;611;502;436;503
1,13154,13205,1,0,0,11,2,190;147;15;219;492;373;562;459;393;460;583
1,13151,13227,1,0,0,11,2,193;150;18;222;495;380;562;462;396;463;586
1,13185,13250,1,0,0,11,1,159;116;188;461;346;554;428;362;429;552;344
1,13166,13401,1,0,1,11,4,178;135;3;207;480;347;562;447;381;448;571
1,13203,13287,1,0,0,11,1,141;98;170;432;328;521;410;344;411;534;326
1,13193,13432,1,0,0,11,7,151;108;180;432;338;546;420;354;421;544;336
1,13270,13333,1,0,0,12,1,74;31;102;376;261;469;343;277;344;467;259;571
1,13221,13276,1,1,0,11,1,123;80;102;425;310;518;392;326;393;516;308
0,12794,12863,1,0,0,12,0,0;52;185;171;321;201;443;507;314;375;423;673
0,12805,12868,1,0,0,12,0,41;174;160;310;190;443;496;303;364;423;673;726
1,12812,13041,1,0,0,12,3,34;167;153;303;183;443;489;296;357;423;673;719
0,12820,12878,1,1,0,12,0,26;159;145;295;175;443;481;288;349;423;673;526
0,12858,12928,1,0,0,11,0,121;107;257;137;443;443;250;311;423;673;526
0,12860,12935,1,1,0,11,0,119;105;255;135;443;441;248;309;423;673;526
0,12864,12944,1,1,0,11,0,115;101;251;131;443;437;244;305;423;673;526
1,12879,12954,1,1,0,12,1,100;86;236;116;443;422;229;290;423;673;526;860
1,12894,13174,1,1,0,13,3,85;71;221;101;443;407;214;275;423;673;526;800;719
1,12904,12990,1,0,0,13,2,75;61;211;91;440;397;204;265;423;635;526;800;709
1,12944,13161,1,0,0,13,3,35;21;171;51;400;330;164;225;423;635;526;795;669
1,12949,13017,1,0,0,13,1,30;16;166;46;395;330;159;220;423;635;526;783;664
1,12964,13039,1,1,0,13,2,15;1;151;31;380;330;144;205;409;635;526;739;649
1,12982,13043,1,0,0,11,2,133;13;362;319;126;187;391;635;520;739;631
0,12983,13037,1,0,0,11,0,132;12;361;318;125;186;361;635;520;739;630
1,13027,13101,1,0,0,11,1,88;317;274;81;142;346;619;504;712;586;520
0,12639,12710,1,0,0,15,0,45;155;207;137;3;294;154;326;5;476;356;602;662;469;530
0,12628,12716,1,1,0,14,0,56;166;218;148;14;294;165;337;16;487;367;602;673;480
1,12626,12842,1,0,0,14,6,58;168;220;150;16;294;167;339;18;489;369;672;675;482
1,12613,12690,1,0,0,14,1,71;181;233;163;29;366;180;352;19;502;382;672;688;495
0,12714,12797,1,1,0,12,0,80;132;62;265;79;251;401;281;601;587;394;455
0,12705,12778,1,0,0,12,0,89;141;71;274;88;260;410;290;601;596;403;464
1,12696,12773,1,0,0,12,4,98;150;80;283;97;269;419;299;602;605;412;473
0,12639,12714,1,1,0,15,0,45;155;207;137;3;294;154;326;5;476;356;602;662;469;530
1,12752,13037,1,0,0,13,8,42;94;24;227;41;213;363;243;481;549;356;417;621
0,12742,12825,1,0,0,12,0,52;104;34;237;51;223;373;253;481;559;366;427
0,12729,12811,1,0,0,12,0,65;117;47;250;64;236;386;266;481;572;379;440
1,12716,12941,1,1,0,12,5,78;130;60;263;77;249;399;279;601;585;392;453
0,12788,12854,1,0,0,13,0,6;58;191;5;177;327;207;443;513;320;381;423;673
1,12772,12990,1,1,0,14,5,22;74;4;207;21;193;343;223;443;529;336;397;601;673
1,12758,13057,1,0,0,14,9,36;88;18;221;35;207;357;237;443;543;350;411;615;888
1,12753,12826,1,1,0,13,2,41;93;23;226;40;212;362;242;448;548;355;416;620
1,12375,12439,1,1,0,13,2,309;404;25;471;401;154;267;576;418;378;269;740;620
0,12395,12450,1,0,0,13,0,289;399;5;451;381;134;247;543;398;378;249;720;600
1,12364,12417,1,1,0,12,1,320;407;36;482;412;165;278;594;429;378;280;751
1,12367,12436,1,0,0,12,2,317;404;33;479;409;162;275;594;426;378;277;748
1,12447,12695,1,0,0,13,5,237;347;399;329;82;195;532;346;378;142;668;548;897
1,12452,12697,1,1,0,13,9,232;342;394;324;77;190;527;341;374;142;663;543;892
1,12400,12456,1,0,1,13,1,284;394;0;446;376;129;242;543;393;378;244;715;595
1,12437,12504,1,0,0,13,1,247;357;409;339;92;205;542;356;378;207;678;558;907
1,12519,12607,1,1,0,13,3,165;275;327;257;10;123;460;274;374;125;596;476;695
1,12546,12627,1,0,0,12,2,138;248;300;230;96;433;247;374;98;569;449;695
1,12486,12746,1,0,0,13,8,198;308;360;290;43;156;493;307;374;142;629;509;750
0,12491,12559,1,0,0,13,0,193;303;355;285;38;151;488;302;374;142;624;504;695
1,12600,12675,1,1,0,13,3,84;194;246;176;42;379;193;354;44;515;395;695;701
1,12612,12684,1,0,0,14,1,72;182;234;164;30;367;181;353;32;503;383;672;689;496
1,12549,12631,1,1,0,12,2,135;245;297;227;93;430;244;374;95;566;446;695
1,12580,12669,1,0,0,12,2,104;214;266;196;62;399;213;374;64;535;415;695
259
2993,3757,76.09,8
2993,3823,200.58,8
2962,3792,349.90,11
2976,3691,0.00,11
2882,3663,28.38,11
2933,3634,0.00,10
2842,3708,83.87,11
2881,3719,101.54,8
3359,3887,0.00,8
3379,3743,0.00,8
3122,3705,0.00,11
3158,3881,0.00,11
3043,3643,79.61,10
3098,3789,113.02,9
3027,3653,34.20,9
3037,3636,0.00,11
3690,4215,187.62,10
3637,4065,0.00,10
3597,4243,157.49,9
3588,4156,75.42,10
3570,4214,377.12,8
3505,4059,0.00,11
3455,3779,0.00,10
3453,4066,117.66,11
4782,5446,72.95,8
4753,5533,0.00,9
4745,5841,535.09,10
4711,5478,188.33,10
4359,5056,357.16,11
4097,4830,350.26,10
3965,4607,177.68,10
3947,4729,470.34,11
5328,5997,355.96,9
5397,6197,242.90,11
5403,6405,364.80,8
5470,6124,0.00,8
4803,5596,0.00,8
4952,5630,170.08,9
4975,5888,0.00,10
5005,5638,211.21,8
5841,6673,212.71,11
5910,6671,129.75,9
6007,6817,251.24,9
6022,6696,0.00,9
5555,6184,354.41,11
5567,6352,267.74,11
5718,6114,0.00,10
5805,6582,97.60,10
6564,7065,0.00,10
6487,6999,0.00,10
6702,7328,0.00,9
6676,7348,97.32,11
6352,7021,320.45,11
6241,7016,143.10,10
6467,7146,150.97,10
6374,7366,290.33,10
7124,7897,563.09,10
7087,7814,428.42,8
7520,8178,229.38,9
7497,8170,116.06,8
6887,7745,209.99,10
6864,7661,173.38,8
7072,7719,139.83,10
6925,7201,0.00,9
0,193,53.10,3
0,12,0.00,0
0,263,0.00,3
0,127,22.57,1
0,368,0.00,8
0,195,0.00,3
0,648,207.11,7
70,647,25.52,10
120,818,37.67,10
0,24,0.00,0
13,858,35.09,9
195,1048,0.00,11
185,933,128.56,11
132,763,110.09,9
120,870,193.12,10
443,1481,529.47,10
416,738,0.00,10
396,1123,104.99,11
292,1277,331.61,11
628,1377,234.38,8
607,1004,0.00,11
586,1176,123.89,9
540,1170,174.98,10
1200,1811,0.00,8
976,2174,312.00,8
871,1630,76.09,8
805,1507,361.02,9
1257,1996,0.00,11
1289,1934,0.00,11
1333,1972,0.00,10
1362,2239,185.81,8
1363,2263,131.27,8
1371,1836,0.00,9
1392,2241,178.32,10
1404,2259,199.96,9
1429,2200,0.00,8
1432,2383,350.73,10
1497,2247,88.54,9
1547,2259,0.00,10
1683,2425,0.00,10
1727,2560,59.94,11
1730,2939,498.90,11
1763,2596,241.64,10
1833,2509,60.74,8
1817,2585,110.52,11
2128,2720,0.00,10
1969,2729,139.46,9
2142,2791,104.37,10
2135,2923,137.17,11
2232,2823,43.57,9
2215,2848,250.92,9
2458,3370,175.66,9
2381,3228,73.36,9
2531,3281,254.68,11
2520,3385,142.57,10
2617,3586,164.15,11
2554,3382,73.62,8
2807,3579,0.00,9
2646,3163,0.00,11
12597,13301,67.43,11
12406,13344,449.27,9
12369,12995,0.00,10
12360,13115,27.85,8
12304,12644,78.67,10
12217,12965,302.24,9
12123,12793,0.00,10
12085,12979,377.26,8
11967,12529,0.00,10
11967,12642,20.76,8
11964,12776,189.57,9
11955,12846,255.65,11
11839,12400,52.90,10
11781,12794,353.60,8
11672,12684,341.72,8
11498,12136,0.00,9
13381,14412,210.36,8
13467,13975,0.00,10
13271,13773,0.00,10
13277,14150,194.64,11
13175,13529,0.00,9
13259,13841,44.82,11
13067,13614,43.81,11
13150,13737,127.94,10
12884,13613,48.60,8
13014,13547,61.61,9
12803,13531,267.64,10
12870,13739,305.30,11
12748,13373,294.84,11
12758,13646,380.01,11
12605,13108,0.00,8
12639,13169,0.00,10
13859,14399,0.00,11
13841,14487,0.00,10
14105,14913,114.10,8
13946,14839,196.23,9
13739,14396,75.63,8
13729,14522,84.42,10
13808,14525,169.97,11
13742,14313,0.00,9
13638,14362,32.48,11
13638,14664,322.61,9
13708,14797,527.57,11
13707,14309,0.00,8
13488,14430,172.70,9
13486,14247,0.00,11
13541,14266,83.11,10
13529,14426,124.71,9
14876,15306,0.00,11
14945,16013,261.44,8
14962,15980,321.74,10
15021,15413,0.00,8
14853,15533,108.04,8
14861,15719,262.73,11
14861,15417,0.00,10
14872,15516,0.00,9
14570,15436,413.47,8
14620,15315,175.39,8
14622,14934,0.00,8
14849,15332,135.58,10
14128,14702,0.00,11
14156,15095,419.45,9
14337,15173,223.41,10
14419,15194,0.00,10
8332,9118,363.47,11
8173,9035,59.99,11
8114,8842,255.26,8
8074,8720,127.07,9
8748,9444,234.84,10
8720,9477,191.80,10
8689,9593,244.67,10
8475,9547,319.57,8
7853,8545,105.07,11
7752,8447,111.42,10
7733,8657,241.67,9
7541,8071,253.03,9
8059,8847,393.19,8
7969,8780,235.30,9
7937,8526,0.00,11
7902,8553,344.77,10
9468,9804,0.00,10
9511,10298,311.90,11
9227,9980,249.83,9
9404,10332,200.44,11
9709,10537,391.34,10
9723,10436,43.15,11
9555,10144,0.00,11
9608,10314,15.62,10
8845,9777,498.80,10
8866,9637,136.60,10
8766,9629,294.41,9
8767,9149,0.00,9
9136,9813,123.82,10
9143,9816,336.18,10
8923,9531,33.65,10
9062,9609,0.00,11
10038,10782,156.14,11
9985,10868,365.72,11
10284,11236,380.15,10
10117,10738,0.00,11
10458,11243,0.00,9
10347,11282,63.64,9
10476,11335,340.45,10
10472,11286,123.38,10
9756,10621,303.12,11
9749,10434,72.91,8
9785,10345,48.84,11
9771,10363,289.51,9
9957,10569,72.97,11
9861,10390,0.00,8
9967,10799,346.78,10
9958,10669,162.26,11
11168,11572,0.00,10
11188,11769,237.36,9
11254,11889,480.84,8
11328,12117,0.00,8
11353,11895,75.40,9
11432,12277,378.05,8
11439,12225,236.93,9
11498,12213,405.56,8
10524,10709,0.00,10
10533,11072,54.59,11
10592,11256,22.40,9
10634,11185,0.00,9
10687,11257,47.10,10
10715,11402,182.79,11
10821,11446,280.41,10
10876,11454,374.47,8
15030,15534,0.00,9
15079,16121,175.87,11
15092,15729,0.00,11
15182,15937,0.00,8
15202,15877,53.55,9
15260,15794,0.00,9
15280,16056,48.39,11
15331,15830,0.00,10
