1002
1,14284,14525,1,1,99,16,9,196;120;35;204;260;227;531;361;407;472;701;613;697;962;478;588
1,14279,14335,1,1,99,15,2,201;125;40;204;265;232;533;366;412;472;706;618;702;962;483
1,14392,14464,1,0,100,16,4,88;12;104;152;112;440;253;299;451;593;505;589;864;370;480;585
1,14347,14421,1,1,93,16,3,133;57;149;197;112;485;298;344;472;638;550;634;909;415;525;630
1,14430,14501,1,1,113,16,3,50;66;114;81;402;215;261;413;555;467;551;656;332;442;517;851
1,14402,14622,1,0,97,16,10,78;2;94;142;109;430;243;289;441;583;495;579;854;360;470;517
1,14434,14500,1,0,116,16,2,46;62;110;77;398;211;257;409;551;463;547;656;328;438;517;785
1,14434,14516,1,0,115,16,2,46;30;110;77;398;211;257;409;551;463;547;656;328;438;517;785
1,14469,14545,1,0,114,16,3,11;24;75;42;363;176;222;374;356;428;512;656;293;403;508;785
1,14438,14658,1,0,123,16,9,42;24;106;73;394;207;253;405;547;459;543;656;324;434;517;785
0,14561,14624,1,0,0,14,0,271;84;130;282;356;336;420;541;201;311;416;720;854;645
1,14518,14788,1,0,118,14,8,26;314;127;173;325;356;379;463;656;244;354;459;763;897
1,14572,14643,1,1,90,14,3,260;73;119;271;356;325;409;497;190;300;405;709;843;634
1,14567,14783,1,0,129,14,7,265;78;124;276;356;330;414;541;195;305;410;714;848;639
1,14583,14645,1,1,89,14,3,249;51;108;254;356;314;398;497;179;289;394;698;832;623
1,14573,14631,1,0,73,14,1,259;72;118;254;356;324;408;497;189;299;404;708;842;633
1,14069,14138,1,0,60,12,2,141;170;411;170;145;250;427;446;442;100;732;576
1,14070,14364,1,0,60,12,9,140;169;400;169;145;249;426;446;441;99;732;575
1,14074,14143,1,0,52,12,4,136;165;400;165;145;245;422;446;437;95;586;571
1,14077,14322,1,1,56,12,6,133;162;400;162;145;242;419;446;434;92;566;568
1,14089,14149,1,2,68,13,4,121;150;391;150;145;230;407;446;422;80;547;556;602
1,14103,14181,1,1,81,13,1,107;136;377;136;145;216;393;441;408;66;541;542;588
1,14108,14163,1,1,97,14,1,102;131;372;131;145;211;388;436;403;61;541;519;583;735
1,14148,14223,1,1,117,15,3,62;91;332;91;145;171;348;396;363;21;541;497;543;695;837
1,14197,14252,1,0,107,15,1,13;42;283;42;145;113;299;347;314;541;448;494;646;788;700
1,14211,14293,1,0,132,16,3,28;260;28;145;108;285;333;300;541;434;480;632;774;686;770;1045
0,14217,14273,1,1,0,16,0,22;260;22;145;102;279;327;294;541;428;431;626;768;680;764;1039
1,14222,14300,1,1,132,16,2,17;258;17;145;97;274;322;289;541;423;431;621;763;675;759;1034
1,14226,14478,1,1,121,16,11,13;254;13;145;93;270;318;285;535;419;431;617;759;671;755;1030
1,14230,14304,1,1,112,16,2,9;250;9;145;89;266;314;281;535;415;431;472;755;667;751;1026
1,14261,14323,1,2,85,15,2,219;143;58;235;283;250;533;384;430;472;724;636;720;995;501
1,14272,14332,1,0,93,15,3,208;132;47;204;272;239;533;373;419;472;713;625;709;984;490
1,13821,13901,1,0,96,19,3,52;94;37;18;176;104;143;389;231;209;418;209;488;418;583;409;675;723;690
1,13816,13896,1,0,96,19,4,57;99;42;23;181;109;148;394;236;214;423;227;488;423;588;409;680;728;695
1,13807,14066,1,0,90,18,10,66;108;51;32;190;118;157;403;245;223;432;235;488;432;597;428;689;737
1,13805,14062,1,0,90,18,9,68;110;53;34;192;120;159;405;247;225;434;235;488;434;599;514;691;739
1,14006,14056,1,0,78,13,3,204;46;24;233;37;474;233;398;313;490;538;505;163
1,13894,13972,1,0,79,17,3,21;103;31;70;316;146;136;345;149;488;345;510;409;602;650;617;275
1,13873,13937,1,0,62,17,3,0;42;124;52;91;337;172;157;366;170;488;366;531;409;623;671;638
1,13835,13904,1,0,89,19,3,38;80;23;4;162;90;129;375;172;195;404;208;488;404;569;409;661;709;676
1,14030,14099,1,0,67,13,2,180;18;0;209;13;447;209;374;289;466;514;481;133
1,14024,14107,1,1,61,13,1,186;28;6;215;19;447;215;380;295;472;520;487;133
1,14022,14097,1,0,61,13,2,188;30;8;217;21;458;216;382;297;474;522;489;133
1,14012,14095,1,0,72,13,2,198;40;18;227;31;468;216;392;307;484;532;499;157
1,14062,14142,1,0,61,12,4,148;177;418;177;145;257;434;448;449;107;732;583
1,14044,14273,1,1,84,12,4,166;8;195;429;195;360;275;452;448;467;125;732
1,14040,14108,1,0,85,13,3,170;12;199;3;429;199;364;279;456;504;471;129;732
1,14037,14266,1,0,87,13,9,173;15;202;6;429;202;367;282;459;507;474;132;795
1,13577,13649,1,0,105,16,2,122;128;296;60;338;281;242;81;420;348;387;633;475;354;662;466
1,13581,13660,1,1,106,16,4,118;122;292;56;334;277;242;81;416;344;383;629;471;354;658;462
1,13533,13622,1,1,106,17,2,166;25;172;340;104;373;307;306;81;464;392;431;677;519;354;706;510
1,13573,13662,1,0,123,16,2,126;132;300;64;342;285;266;81;424;352;391;637;479;354;666;470
1,13624,13691,1,1,126,17,4,66;81;249;13;291;234;215;81;373;301;310;586;428;354;615;419;856
1,13628,13690,1,1,106,17,2,42;77;245;9;287;230;211;81;369;297;310;582;424;354;611;415;852
1,13599,13685,1,0,115,17,3,66;106;274;38;316;259;240;81;398;326;365;611;453;354;640;444;881
1,13603,13683,1,1,124,17,5,66;102;270;34;312;255;236;81;394;322;361;592;449;354;636;440;877
1,13673,13748,1,1,73,18,3,26;32;200;242;185;166;81;324;252;291;537;379;336;566;370;807;566;731
1,13735,13813,1,0,81,18,4,138;180;123;104;19;262;190;229;475;317;295;504;308;745;504;669;584;761
0,13636,13720,1,0,0,17,0,42;69;214;1;279;222;203;81;361;289;310;574;416;354;603;407;844
1,13663,13733,1,1,82,17,4,36;42;210;252;195;176;81;334;262;301;547;389;354;576;380;817;576
1,13757,13809,1,1,79,17,4,116;158;101;82;240;168;207;453;295;256;482;235;723;482;647;562;739
1,13794,14059,1,0,95,18,13,79;121;64;45;203;131;170;416;258;236;445;235;686;445;610;525;702;750
1,13739,13825,1,0,72,18,4,134;176;119;100;15;258;186;225;471;313;291;500;235;741;500;665;580;757
1,13744,13833,1,1,72,18,4,129;171;114;95;10;253;181;220;466;308;268;495;235;736;495;660;575;752
1,13403,13470,1,0,106,18,3,296;155;128;302;128;90;470;234;512;455;436;351;533;522;561;807;649;627
1,13357,13443,1,0,88,15,2,342;201;173;348;174;136;516;280;558;501;482;397;533;531;607
1,13424,13480,1,1,106,18,7,275;134;107;281;107;69;449;213;491;434;415;330;533;501;540;786;628;388
1,13415,13709,1,0,107,18,15,284;143;116;290;116;78;458;222;500;443;424;339;533;510;549;795;637;615
1,13324,13410,1,0,99,15,2,375;234;207;381;207;169;549;313;577;534;515;430;533;531;640
1,13322,13407,1,0,115,14,5,377;236;209;383;209;171;551;315;577;536;517;432;533;603
1,13350,13408,1,0,99,15,2,349;208;181;355;181;143;523;287;565;508;489;404;533;531;614
1,13338,13396,1,0,98,15,2,361;220;193;367;193;155;535;299;577;520;501;416;533;531;626
1,13473,13531,1,1,96,19,3,226;85;58;232;58;20;400;164;442;307;366;81;524;452;491;731;579;354;766
1,13470,13761,1,1,103,19,14,229;88;61;235;61;23;403;167;445;307;369;284;527;455;494;731;582;354;769
1,13530,13582,1,1,106,19,3,169;28;1;175;1;343;107;385;307;309;81;467;395;434;680;522;354;709;513
1,13479,13543,1,0,88,19,3,220;79;42;226;52;14;394;158;436;307;360;81;518;446;485;731;573;354;760
1,13444,13684,1,0,104,18,9,255;114;87;261;87;49;429;193;471;414;395;310;533;481;520;731;608;359
1,13436,13519,1,0,88,18,1,263;122;95;269;95;57;437;201;479;422;403;318;533;489;528;774;616;359
1,13464,13763,1,1,97,19,13,235;94;67;241;67;29;409;173;451;307;375;290;533;461;500;731;588;359;775
1,13450,13501,1,0,71,18,4,249;108;81;255;81;43;423;187;465;307;389;304;533;475;514;731;602;359
1,13117,13326,1,1,81,13,6,185;24;53;582;441;414;588;414;363;756;520;798;741
1,13149,13376,1,1,106,14,6,164;8;34;550;409;382;384;382;344;724;488;766;709;690
0,13154,13215,1,0,0,14,0,159;3;29;541;404;377;384;377;339;719;483;761;704;685
1,13160,13248,1,0,115,14,4,153;23;539;398;371;384;371;333;713;477;755;698;679;594
1,13096,13148,1,1,99,13,3,217;24;87;603;462;435;609;435;397;777;541;819;762
1,13102,13162,1,0,96,13,3,201;24;81;597;456;429;603;429;391;771;535;813;756
1,13102,13327,1,0,102,13,6,185;24;81;597;456;429;603;429;391;771;535;813;756
1,13111,13166,1,0,75,13,3,185;24;72;588;447;420;594;420;363;762;526;804;747
0,13235,13308,1,0,0,14,0,78;464;323;296;384;296;258;608;402;680;623;580;519;762
1,13265,13518,1,0,98,15,8,48;434;293;266;384;266;228;608;372;650;593;574;489;732;660
1,13277,13356,1,1,97,15,2,36;422;281;254;384;254;216;596;360;638;581;562;477;533;648
1,13309,13361,1,0,121,15,3,4;390;249;222;384;222;184;564;328;606;549;530;445;533;616
1,13208,13272,1,1,133,13,3,105;491;350;323;384;323;285;665;429;707;650;631;546
0,13216,13275,1,0,0,14,0,97;483;342;315;384;315;277;657;421;699;642;623;538;781
1,13217,13279,1,0,104,14,1,96;482;341;314;384;314;276;656;420;698;641;622;537;780
1,13230,13296,1,1,113,14,2,83;469;328;301;384;301;263;608;407;685;628;609;524;767
1,12931,13003,1,0,67,11,2,382;89;226;52;241;768;627;542;759;600;427
1,12899,12976,1,1,86,11,3,414;121;258;78;271;800;659;542;759;632;427
1,12896,13149,1,0,101,11,5,417;124;261;78;271;803;662;542;809;635;427
1,12885,13129,1,0,92,11,3,428;135;272;78;271;814;673;542;820;646;608
1,12882,12968,1,0,105,11,2,431;138;275;101;271;817;676;542;823;649;611
1,12861,12935,1,0,78,11,2,452;12;18;159;296;122;313;838;697;542;844
1,12848,13052,1,0,89,11,6,465;25;31;172;309;135;313;851;710;566;857
1,12844,12918,1,0,56,10,2,469;29;35;176;313;139;339;855;714;566
1,13068,13145,1,0,57,9,1,238;61;115;628;490;463;637;463;425
1,13059,13143,1,0,52,9,1,238;98;124;628;499;472;646;472;425
1,13052,13299,1,1,67,9,4,238;105;131;647;506;479;653;479;425
1,13043,13114,1,0,66,9,3,270;114;140;656;515;488;662;488;425
1,13006,13069,1,0,65,10,3,307;14;134;177;693;552;525;699;525;425
1,12982,13054,1,0,78,11,1,331;38;175;1;201;717;576;542;723;549;425
1,12948,13159,1,0,73,11,2,365;48;209;35;235;751;610;542;744;583;427
1,12940,13009,1,0,73,11,1,373;80;217;43;241;759;618;542;744;591;427
1,12733,12799,1,0,33,10,2,1;107;580;140;146;287;424;250;450;966
0,12737,12789,1,0,0,10,0,1;103;576;136;142;283;419;246;446;962
1,12701,12790,1,0,35,10,4,47;139;612;172;178;319;456;282;458;978
1,12725,12805,1,0,33,10,3,23;115;588;148;154;295;432;258;458;974
1,12660,12921,1,0,45,11,5,88;180;653;213;219;360;19;497;323;458;1039
1,12688,12770,1,1,33,10,3,60;152;625;185;191;332;469;295;458;1011
1,12614,12891,1,0,56,11,7,134;226;699;259;254;406;65;5;543;369;569
1,12628,12704,1,0,41,11,2,120;212;685;245;251;392;51;529;355;458;1071
1,12805,12879,1,1,62,11,4,35;508;68;49;215;352;178;378;894;753;726
1,12839,13102,1,0,78,11,8,1;474;34;40;181;318;144;344;860;719;692
1,12785,13053,1,1,65,10,6,55;528;88;94;235;357;198;398;914;773
1,12797,12859,1,0,52,10,2,43;516;76;54;223;357;186;386;902;761
1,12764,12820,1,0,47,10,2,76;549;105;115;256;393;219;419;935;794
1,12782,12856,1,0,44,10,2,58;531;91;97;238;375;201;401;917;776
1,12743,12799,1,0,36,10,4,1;97;570;130;136;277;414;240;440;956
1,12757,12835,1,0,57,10,4,83;556;110;122;263;400;226;426;942;801
0,12481,12532,1,1,0,12,0,23;260;359;710;381;398;539;89;198;138;676;495
1,12499,12584,1,1,58,12,3,5;249;341;710;374;380;521;71;180;120;658;484
1,12505,12567,1,1,51,11,2,243;335;710;368;374;515;65;134;114;652;478
1,12509,12588,1,1,63,11,2,239;331;710;359;370;511;61;134;110;648;474
1,12576,12633,1,0,24,11,1,172;264;710;297;303;444;103;43;581;407;607
1,12579,12631,1,1,23,11,2,169;261;710;294;300;421;100;40;578;404;604
1,12602,12668,1,0,51,11,3,146;238;710;271;277;418;77;17;554;381;581
1,12611,12697,1,0,51,11,3,137;229;702;262;268;409;68;8;546;372;572
1,12342,12427,1,1,117,14,3,162;121;82;384;498;911;381;537;642;196;337;277;815;495
1,12386,12604,1,0,78,14,6,118;77;38;362;454;911;381;493;634;184;293;233;752;495
1,12389,12601,1,0,80,14,6,115;74;35;359;451;785;381;490;631;181;290;230;752;495
1,12401,12472,1,0,79,14,1,103;62;23;347;439;710;381;478;619;169;278;218;752;495
1,12417,12685,1,1,85,14,8,87;46;7;331;423;710;381;462;603;153;262;202;734;495
1,12421,12495,1,0,78,14,3,83;42;3;327;419;710;381;458;562;149;258;198;734;495
1,12447,12713,1,1,58,13,9,57;16;301;393;710;381;432;556;123;232;172;710;495
1,12466,12553,1,0,51,12,3,38;282;374;710;381;413;554;104;213;153;691;495
1,12234,12311,1,0,125,13,3,270;229;17;160;384;606;1002;639;645;642;196;445;385
0,12213,12288,1,1,0,13,0,291;250;38;211;384;610;1002;660;666;642;196;466;406
1,12237,12311,1,1,111,13,4,267;226;14;160;384;603;912;636;642;642;196;376;382
1,12234,12313,1,0,122,13,4,270;229;17;160;384;606;1002;639;645;642;196;376;385
1,12309,12563,1,0,96,14,8,195;154;97;384;531;911;564;570;642;196;370;310;848;674
1,12305,12376,1,0,96,14,2,199;158;119;384;535;911;568;574;642;196;374;314;852;678
1,12339,12602,1,0,107,14,6,165;124;85;384;501;911;381;540;642;196;340;280;818;644
0,12314,12394,1,0,0,14,0,190;149;97;384;526;911;381;565;642;196;365;305;843;669
0,12154,12226,1,1,0,12,0,21;350;309;97;270;384;686;1159;719;725;866;196
1,12152,12382,1,0,51,12,4,23;352;311;99;272;384;688;1161;721;727;868;418
1,12163,12227,1,0,51,12,3,12;341;300;88;220;384;677;1150;710;716;857;196
1,12156,12209,1,0,50,12,2,19;348;307;95;268;384;684;1157;717;723;864;196
1,12203,12283,1,0,89,12,3,301;260;48;220;384;622;1110;670;676;642;196;476
1,12165,12430,1,1,56,12,7,10;339;298;86;220;384;622;1148;708;714;855;196
1,12213,12293,1,0,104,13,4,291;250;38;211;384;610;1002;660;666;642;196;466;406
1,12206,12455,1,0,113,13,5,298;257;45;218;384;610;1107;667;673;642;196;473;413
1,11957,12218,1,1,64,10,7,106;47;218;531;506;294;153;132;394;791
1,11986,12049,1,0,73,11,3,77;18;189;518;477;265;124;103;394;683;854
1,11936,12164,1,0,67,9,2,127;68;239;568;527;315;170;153;394
1,11953,12030,1,0,65,10,2,110;51;222;531;510;298;157;136;394;795
1,12095,12154,1,0,50,12,1,80;385;368;156;15;329;653;745;1218;778;784;925
1,12136,12380,1,0,51,11,6,39;368;327;115;288;612;704;1177;737;743;884
1,12058,12119,1,0,67,11,2,5;117;446;405;193;52;31;366;683;782;1255
1,12091,12163,1,0,51,10,2,84;413;372;160;19;333;657;749;1222;782
1,11869,11943,1,0,65,9,2,178;135;306;635;564;335;180;220;394
1,11878,11928,1,0,57,9,2,178;126;297;626;564;335;170;211;394
1,11842,11898,1,0,46,9,1,221;146;333;662;564;335;180;224;394
1,11852,11934,1,1,41,9,1,211;146;323;647;564;335;180;224;394
0,11893,11951,1,1,0,9,0,170;111;253;602;564;335;170;196;394
1,11900,11965,1,0,65,9,3,163;104;253;602;563;335;170;189;394
1,11881,11959,1,0,50,9,1,178;123;269;623;564;335;170;208;394
1,11886,11973,1,1,65,9,2,177;118;269;602;564;335;170;203;394
1,11797,12020,1,0,79,10,7,266;40;207;378;707;647;335;180;292;627
0,11765,11819,1,0,0,9,0,298;72;239;410;716;647;335;180;324
1,11757,12055,1,1,103,9,3,306;80;247;418;716;647;494;180;332
1,11749,11810,1,0,73,9,1,314;88;255;426;742;647;502;180;340
1,11835,12080,1,1,56,10,5,228;2;146;340;669;564;335;180;224;589
1,11828,11879,1,0,51,10,2,235;9;176;347;676;564;335;180;224;596
1,11806,11879,1,1,62,10,5,257;31;198;369;698;618;335;180;224;618
1,11799,11873,1,1,62,10,4,264;38;205;376;705;647;335;180;224;625
1,11699,11944,1,1,91,11,8,48;364;138;31;305;476;805;764;552;411;390
1,11624,11692,1,0,82,11,2,123;439;213;106;380;551;880;839;627;486;465
0,11573,11626,1,0,0,9,0,174;490;259;157;431;602;931;890;678
1,11545,11634,1,0,65,9,1,202;518;259;185;459;27;630;959;918
1,11746,11828,1,0,72,10,1,1;317;91;258;429;748;647;505;180;343
1,11739,11955,1,0,91,10,5,8;324;98;265;436;748;647;512;371;350
1,11715,11794,1,0,88,11,2,32;348;122;15;289;460;772;647;536;395;374
1,11709,11788,1,0,96,11,1,38;354;128;21;295;466;795;647;542;401;380
1,11413,11479,1,0,58,10,2,60;86;209;650;65;259;317;566;159;735
1,11431,11509,1,1,51,10,1,42;68;209;632;34;259;299;566;141;735
0,11473,11559,1,0,0,10,0,0;26;209;590;5;259;257;531;99;702
1,11512,11583,1,0,67,7,1,209;551;259;218;492;60;663
1,11382,11434,1,0,82,11,1,25;91;117;252;681;96;259;324;579;190;792
1,11397,11453,1,0,88,11,3,10;76;102;252;666;81;259;324;579;175;775
1,11399,11470,1,0,75,11,2,8;74;100;209;664;79;259;324;579;173;775
1,11400,11474,1,1,73,11,1,7;73;99;209;663;78;259;324;579;172;735
1,11344,11396,1,0,82,12,3,63;129;33;155;321;719;134;259;386;579;228;831
1,11356,11426,1,0,74,12,3,48;117;21;143;321;707;122;259;374;579;216;819
1,11356,11619,1,0,80,12,5,48;117;21;143;321;707;122;259;324;579;216;819
1,11365,11451,1,0,96,12,3,42;108;12;134;252;698;113;259;324;579;207;810
1,11210,11274,1,0,51,11,2,192;263;167;289;23;537;853;268;627;520;579
1,11300,11350,1,0,73,12,3,107;173;77;199;447;763;178;537;430;579;272;875
1,11332,11546,1,0,103,12,5,75;141;45;167;415;731;146;505;398;579;240;843
1,11335,11591,1,0,89,12,6,72;138;42;164;321;728;143;502;395;579;237;840
1,11201,11286,1,0,74,11,2,206;272;176;298;32;546;862;277;636;529;579
1,11156,11450,1,0,78,12,9,10;251;317;221;343;75;549;907;322;681;574;848
0,11209,11281,1,0,0,11,0,192;264;168;290;24;538;854;269;628;521;579
1,11207,11268,1,0,62,11,2,199;266;170;292;26;540;856;271;630;523;579
1,11120,11205,1,1,81,14,2,33;30;46;287;353;257;379;75;627;918;358;717;610;884
1,11113,11200,1,1,81,14,4,40;37;53;294;360;264;386;120;634;918;365;724;617;891
0,11141,11209,1,0,0,14,0,12;9;11;266;332;236;358;75;549;918;337;696;589;863
1,11136,11188,1,0,73,14,3,17;14;30;271;337;241;363;75;549;918;342;701;594;868
1,10994,11082,1,0,66,12,3,159;156;172;413;35;479;358;505;239;753;1069;484
1,10960,11049,1,1,59,14,1,193;23;190;16;206;447;69;513;358;539;273;787;1103;518
1,11084,11171,1,0,81,14,2,69;66;82;323;389;293;415;133;663;979;394;753;646;920
1,11017,11101,1,1,80,13,5,136;133;149;390;12;456;358;482;216;730;1046;461;820
1,10865,10929,1,0,74,13,4,90;267;118;285;111;301;542;148;608;358;634;368;882
1,10862,10915,1,0,73,13,3,93;267;121;288;114;304;545;167;611;358;637;371;885
1,10886,10955,1,1,86,14,1,69;267;97;264;90;280;521;116;587;358;613;347;861;1177
1,10875,10964,1,0,85,13,4,80;267;108;275;101;291;532;116;598;358;624;358;872
1,10850,11055,1,1,62,13,3,105;294;133;300;126;316;557;179;623;358;649;383;897
1,10851,10908,1,1,62,13,1,104;294;132;299;125;315;556;178;622;358;648;382;896
1,10842,10919,1,0,69,13,1,113;311;141;300;134;324;565;187;631;535;657;391;905
1,10847,11064,1,0,74,13,4,108;294;136;300;129;319;560;182;626;530;652;386;900
1,10822,10874,1,0,63,13,4,133;331;161;328;154;344;585;207;651;555;677;411;925
1,10840,10906,1,0,67,13,1,115;313;143;310;136;326;567;189;633;537;659;393;907
1,10771,10834,1,0,47,14,1,19;31;184;382;212;379;205;395;636;258;702;606;728;462
1,10783,10859,1,1,52,14,1,7;19;172;366;200;367;193;383;624;246;690;594;716;450
1,10717,10791,1,1,45,13,4,73;64;39;238;436;27;266;421;259;433;684;312;756
1,10720,10781,1,0,62,13,5,70;64;36;235;433;24;259;421;256;433;684;309;753
1,10714,10772,1,0,62,13,5,76;88;42;241;439;30;269;436;262;433;684;315;759
1,10715,10782,1,0,45,13,1,75;64;41;240;438;29;268;435;261;433;684;314;758
1,10674,10741,1,1,59,15,2,37;116;128;82;281;479;70;309;24;26;476;302;492;684;351
1,10681,10751,1,0,59,15,5,30;109;121;75;274;470;63;302;17;19;469;295;485;684;348
1,10637,10693,1,0,81,15,2,74;153;165;119;318;516;107;346;61;63;513;320;529;684;351
1,10642,10729,1,0,72,15,2,69;148;160;114;313;500;102;341;56;58;508;320;524;684;351
1,10627,10873,1,0,80,15,10,84;163;175;129;328;526;117;356;71;73;521;320;539;780;351
1,10617,10706,1,1,75,15,5,94;173;185;139;338;536;127;366;81;77;533;320;549;790;412
1,10617,10695,1,1,66,15,1,94;173;185;139;338;536;127;366;81;77;533;320;549;790;351
1,10600,10657,1,0,82,15,2,111;190;202;156;355;553;144;383;98;77;550;320;566;807;429
1,10586,10671,1,0,74,15,2,125;204;216;170;369;567;158;397;112;77;564;320;580;821;443
1,10552,10609,1,0,81,14,2,159;238;250;204;403;601;192;431;146;77;598;320;614;855
1,10521,10603,1,1,81,14,1,190;269;281;215;434;615;223;462;177;77;621;320;645;886
0,10514,10602,1,0,0,14,0,197;276;288;215;441;615;230;469;184;77;621;320;652;893
1,10497,10549,1,0,119,15,2,2;214;293;305;215;458;615;247;486;201;77;621;320;669;910
1,10496,10573,1,0,119,15,5,3;215;294;306;217;459;615;248;487;202;77;621;320;670;911
1,10492,10546,1,0,118,15,3,7;219;298;310;264;463;615;252;491;206;77;621;320;674;915
1,10477,10690,1,0,123,15,9,22;234;313;325;279;478;615;267;501;221;77;621;499;689;930
1,10465,10540,1,0,96,14,2,34;246;325;337;291;490;688;279;501;233;77;621;511;701
1,10422,10679,1,0,120,15,9,77;37;289;368;380;334;533;731;311;501;276;278;621;554;744
1,10414,10467,1,0,114,15,2,85;45;297;376;388;342;541;739;330;501;284;286;621;562;752
1,10331,10417,1,1,98,17,2,168;14;28;128;380;440;468;425;624;822;413;501;367;369;621;645;835
1,9885,9942,1,1,86,13,4,64;80;441;207;442;402;614;259;216;467;339;466;826
1,9904,9967,1,1,73,13,3,41;61;424;188;423;383;595;248;197;448;339;466;807
1,9841,10117,1,0,111,13,8,1;108;124;441;251;486;446;658;311;260;511;339;466
1,9881,9962,1,0,72,12,1,68;84;441;211;446;406;618;271;220;471;339;466
1,10048,10329,1,0,76,13,8,280;44;279;239;451;104;53;304;311;411;663;742;754
1,10077,10144,1,0,78,13,3,251;15;250;210;329;75;24;275;282;382;634;713;725
1,9919,10189,1,0,92,13,7,12;46;409;173;408;368;580;233;182;433;339;466;792
1,9998,10206,1,1,80,13,6,330;94;329;289;501;154;103;336;339;461;713;792;804
1,10142,10207,1,1,87,12,2,186;185;144;325;10;210;217;317;569;648;509;614
1,10152,10357,1,0,75,12,7,176;175;99;325;0;200;207;307;559;638;509;604
1,10089,10306,1,0,73,13,6,239;3;238;144;329;63;12;263;270;370;622;701;713
1,10120,10398,1,1,91,12,7,208;207;144;329;32;232;239;339;591;670;509;636
1,10175,10264,1,0,83,12,1,126;152;99;324;177;184;284;536;615;480;581;780
1,10190,10264,1,0,85,12,3,126;109;97;309;162;169;269;521;600;480;566;765
0,10158,10225,1,1,0,11,0,170;169;99;325;194;201;301;553;632;480;598
1,10168,10235,1,1,73,11,3,160;159;99;325;184;191;291;543;622;480;588
1,10209,10277,1,1,90,14,3,119;109;78;276;142;150;250;502;581;480;526;746;944;535
1,10208,10260,1,1,78,14,2,120;109;79;291;142;151;251;503;582;480;526;747;945;536
1,10192,10263,1,1,89,12,3,126;109;95;307;142;167;267;519;598;480;564;763
1,10190,10263,1,0,84,12,3,126;109;97;309;142;169;269;521;600;480;566;765
1,10246,10301,1,2,124,17,4,82;81;41;253;106;113;213;465;544;468;510;702;907;498;737;452;454
1,10233,10291,1,1,117,17,1,95;94;54;266;119;126;226;478;557;468;523;722;920;511;750;465;467
1,10231,10309,1,1,119,17,5,97;96;56;268;121;128;228;480;559;480;525;724;922;513;752;467;469
1,10231,10316,1,1,118,17,6,97;96;56;268;121;128;228;480;559;469;525;724;922;513;752;467;469
1,10281,10543,1,1,93,18,7,47;46;6;218;71;78;178;430;509;468;474;674;872;463;702;384;419;638
1,10269,10554,1,1,117,18,11,59;58;18;230;83;90;190;442;521;468;474;686;884;475;714;384;431;881
1,10264,10329,1,1,112,18,4,64;63;23;235;88;95;195;447;526;468;474;691;889;480;719;434;436;886
1,10251,10311,1,1,131,17,1,77;76;36;248;101;108;208;460;539;468;474;702;902;493;732;447;449
1,10311,10381,1,0,88,17,1,17;16;188;14;48;148;400;479;468;426;644;842;433;501;384;389;621
1,10295,10347,1,1,111,17,2,33;32;204;57;64;164;416;495;468;426;660;858;449;501;384;405;621
1,10291,10367,1,1,102,17,4,37;36;208;61;68;168;420;499;468;465;664;862;453;501;384;409;621
1,10283,10352,1,0,103,18,3,45;44;4;216;69;76;176;428;507;468;473;672;870;461;501;384;417;638
1,9378,9436,1,0,40,14,2,171;206;199;61;254;275;464;218;432;268;222;337;445;571
1,9424,9499,1,0,73,15,4,125;160;153;61;208;229;418;204;386;222;222;292;399;525;541
1,9440,9493,1,0,79,15,4,109;144;137;61;192;213;402;188;370;206;222;267;383;509;525
1,9443,9501,1,1,62,15,1,106;141;134;61;189;204;399;185;367;203;222;267;380;506;522
1,9452,9524,1,1,66,15,3,97;132;125;27;180;201;390;176;358;194;222;264;371;497;513
1,9481,9534,1,0,65,15,4,68;103;96;27;151;172;361;147;329;165;222;235;342;468;484
1,9487,9548,1,1,64,15,4,62;97;90;27;145;166;355;141;323;159;218;229;336;462;478
1,9515,9579,1,0,62,16,2,34;69;62;27;117;138;327;113;295;131;204;201;308;434;450;813
1,9530,9581,1,0,52,16,4,19;54;47;27;102;123;312;98;280;116;189;186;293;419;435;798
1,9537,9594,1,0,51,16,3,12;47;40;27;95;116;305;91;273;72;182;179;286;412;428;791
0,9541,9629,1,0,0,16,0,8;43;4;27;91;112;301;87;269;72;178;175;282;408;424;787
1,9554,9615,1,0,73,17,4,30;4;27;78;99;288;74;256;72;165;162;269;395;411;774;538;773
1,9569,9774,1,0,79,17,8,15;4;27;50;84;273;59;241;72;150;147;254;380;396;759;523;758
1,9584,9643,1,1,88,16,4,0;27;48;69;258;44;226;62;135;132;239;365;381;744;327;743
1,9638,9726,1,1,74,13,2,15;204;172;8;81;78;185;311;327;690;327;689;649
1,9645,9718,1,0,73,13,2,8;197;165;1;74;71;178;233;320;683;327;682;642
1,9664,9743,1,1,118,12,3,178;146;55;52;159;232;301;664;327;663;623;835
0,9659,9715,1,0,0,12,0,183;151;60;57;164;232;306;669;327;668;628;840
1,9683,9759,1,0,105,13,2,159;127;36;33;140;232;282;645;327;644;604;778;469
1,9672,9725,1,0,112,13,2,170;138;47;44;151;232;293;656;327;655;615;778;480
1,9709,9766,1,0,77,14,2,133;101;10;7;85;232;256;619;327;618;578;778;403;392
1,9703,9765,1,0,82,14,2,139;107;16;13;85;232;262;625;327;624;584;778;449;398
1,9731,9817,1,0,105,13,4,111;79;85;218;234;441;327;596;556;768;403;370;621
1,9720,10003,1,1,79,12,10,122;90;85;229;245;608;327;607;567;778;403;381
1,9758,9820,1,1,89,14,4,63;52;65;191;207;441;327;569;529;741;394;343;594;339
1,9751,10048,1,0,95,14,12,63;59;72;198;214;441;327;576;536;748;401;350;601;608
1,9771,9832,1,1,78,14,3,63;39;52;178;194;441;321;556;516;685;381;330;581;339
1,9759,9817,1,1,89,14,3,63;51;64;190;206;441;327;568;528;687;393;342;593;339
1,9781,9844,1,0,79,14,2,61;29;42;168;171;441;311;546;506;685;371;320;571;339
1,9779,9857,1,0,88,14,4,63;31;44;170;171;441;313;548;508;685;373;322;573;339
1,9840,10074,1,0,69,13,3,2;109;125;441;252;487;447;659;312;261;512;339;619
1,9807,9874,1,0,68,15,3,35;3;16;142;158;441;285;520;480;685;345;294;545;339;652
0,8986,9047,1,0,0,13,0,1;34;113;65;189;563;526;591;636;583;613;856;642
1,8994,9194,1,0,85,12,6,26;105;57;181;555;526;583;628;583;613;848;634
1,8969,9021,1,0,73,13,3,18;51;130;82;206;580;615;608;653;583;613;873;659
1,8982,9064,1,1,74,13,2,5;38;117;66;193;567;602;595;640;583;613;860;646
1,8931,9135,1,0,89,13,4,56;89;168;120;244;618;653;630;691;701;613;911;697
1,8938,8996,1,0,65,13,3,49;82;161;113;237;611;646;630;684;583;613;904;690
1,8902,9107,1,0,104,14,6,85;118;11;197;144;273;647;682;675;720;730;641;940;726
1,8926,9207,1,1,104,13,9,61;94;173;125;249;623;658;651;696;706;613;916;702
1,9113,9354,1,0,57,12,9,62;436;471;464;480;519;523;729;471;697;504;606
1,9120,9187,1,1,36,12,1,55;429;464;457;480;512;523;722;471;568;504;599
1,9098,9152,1,0,52,13,3,1;77;451;486;479;480;534;523;744;514;712;548;621
1,9106,9164,1,0,46,12,4,69;443;478;471;480;526;523;736;514;704;504;613
1,9076,9137,1,0,50,13,4,23;99;473;508;501;546;556;523;766;552;734;570;643
1,9097,9159,1,0,42,13,2,2;78;452;487;480;525;535;523;745;514;713;549;622
1,9004,9241,1,1,107,13,7,16;95;47;171;545;526;573;618;583;605;838;624;806
0,9023,9092,1,1,0,12,0,76;28;152;526;526;554;599;583;523;819;605;787
1,9277,9344,1,0,67,13,2,272;307;300;345;355;361;565;351;533;369;442;337;487
1,9266,9344,1,0,79,13,4,283;318;311;356;366;387;576;362;544;380;453;337;487
1,9230,9299,1,0,67,13,4,319;354;347;392;402;421;612;398;547;412;489;337;487
1,9224,9501,1,0,68,13,9,325;360;353;398;408;421;618;404;547;412;495;337;599
1,9203,9446,1,1,72,13,8,346;381;374;419;429;421;639;425;547;412;516;513;620
1,9194,9254,1,1,66,13,2,355;390;383;428;438;421;648;434;547;452;525;522;629
1,9180,9269,1,1,53,12,3,369;404;397;442;452;421;662;448;568;466;539;536
1,9159,9409,1,0,57,12,9,16;390;425;418;463;473;494;683;469;568;487;560
1,9365,9433,1,0,33,14,1,184;219;212;61;267;288;477;218;439;281;244;337;458;584
1,9359,9435,1,0,45,14,5,190;225;218;61;273;294;483;225;439;287;244;337;464;590
1,9358,9411,1,0,52,14,4,191;226;219;61;274;295;484;270;439;288;244;337;465;591
1,9355,9422,1,0,46,14,3,194;229;222;61;277;298;487;273;455;291;244;337;468;594
1,9345,9589,1,1,68,14,8,204;239;232;61;287;308;497;283;465;301;374;337;478;604
1,9333,9608,1,1,78,14,5,216;251;244;289;299;320;509;295;477;313;386;337;487;616
1,9298,9364,1,0,74,13,4,251;286;279;324;334;355;544;330;512;348;421;337;487
1,9296,9367,1,0,68,13,3,253;288;281;326;336;357;546;332;514;350;423;337;487
1,8518,8582,1,0,108,14,2,256;29;55;122;138;327;469;163;370;245;502;395;581;533
1,8547,8606,1,1,119,15,2,227;0;49;93;109;298;440;134;341;216;473;366;552;504;628
1,8550,8628,1,0,106,14,2,224;46;90;106;295;437;131;338;213;448;363;549;501;625
1,8557,8629,1,0,118,14,3,217;39;29;99;288;430;124;331;206;448;356;542;494;618
1,8403,8486,1,1,112,15,2,18;11;371;144;193;237;253;442;584;278;485;360;527;510;696
1,8416,8678,1,1,139,14,8,5;358;131;180;224;240;429;506;265;472;347;527;497;683
1,8423,8484,1,0,99,13,1,351;124;173;217;233;413;506;258;465;340;527;490;676
1,8502,8581,1,0,119,13,2,272;45;94;138;154;343;485;179;386;261;518;411;597
1,8608,8689,1,1,122,13,3,166;29;48;237;379;73;280;155;412;305;491;443;500
1,8613,8687,1,1,95,13,2,161;27;43;232;374;68;275;82;407;300;486;438;500
1,8614,8669,1,1,110,13,2,160;26;42;207;373;67;274;82;406;299;485;437;500
1,8628,8686,1,0,90,13,2,146;12;28;207;359;53;260;82;392;285;471;423;500
1,8565,8638,1,0,103,14,3,209;31;29;91;280;422;116;323;198;448;348;534;475;610
1,8568,8631,1,0,108,14,2,206;28;29;88;277;419;97;320;195;448;345;531;475;607
1,8570,8855,1,1,123,14,9,200;26;29;86;275;417;97;318;193;448;343;529;475;605
1,8571,8621,1,0,105,14,2,200;25;29;85;274;416;97;317;192;448;342;528;475;500
1,8719,8788,1,1,104,12,2,55;126;97;169;44;301;194;380;332;438;746;865
1,8712,8794,1,0,104,12,2,62;133;97;176;51;308;201;387;339;463;746;872
1,8759,8816,1,0,79,14,2,15;86;97;129;4;261;154;340;292;416;746;825;818;863
1,8720,8801,1,0,104,13,1,35;125;97;168;43;300;193;379;331;438;746;864;857
1,8663,8943,1,0,81,12,9,111;182;324;18;225;82;357;250;436;388;500;886
1,8640,8726,1,0,82,13,2,134;0;16;205;347;41;248;82;380;273;459;411;500
1,8704,8787,1,0,104,12,2,70;141;97;184;59;316;209;395;347;471;746;880
1,8686,8928,1,0,122,11,6,88;159;301;202;77;334;227;413;365;489;746
1,8836,8907,1,0,124,14,1,9;97;52;184;77;263;173;339;713;748;741;786;796;641
1,8831,9067,1,1,133,14,10,14;97;57;189;82;268;173;344;718;753;746;791;801;822
1,8902,9182,1,0,95,14,9,85;118;11;197;144;273;647;682;658;720;730;641;940;726
1,8879,8929,1,0,90,15,2,97;9;141;34;220;172;296;670;705;698;743;753;641;963;749
1,8785,8857,1,0,91,12,1,60;97;103;235;128;314;266;390;735;799;792;837
1,8782,8870,1,0,86,12,2,63;97;106;238;131;317;269;393;745;802;795;840
1,8820,8893,1,0,124,14,2,25;97;68;200;93;279;231;355;729;764;757;802;812;833
1,8792,8847,1,1,102,13,2,53;97;96;228;121;307;259;358;735;792;785;830;840
1,8052,8113,1,1,51,12,2,212;132;51;96;197;189;369;35;347;694;495;476
1,8049,8128,1,0,47,12,3,215;135;54;99;200;189;372;38;347;694;498;477
1,8020,8088,1,1,42,12,3,244;164;83;128;229;238;401;67;347;694;527;477
1,8006,8084,1,0,40,12,2,258;178;97;142;243;252;415;81;370;694;541;477
1,8091,8145,1,1,51,13,2,173;93;12;57;117;167;330;323;683;456;463;549;565
1,8080,8299,1,1,45,14,4,184;104;23;68;117;178;341;7;334;694;467;468;560;576
1,8054,8131,1,0,45,12,3,210;130;49;94;195;189;342;33;347;694;493;476
1,8054,8271,1,1,46,12,3,210;130;49;94;195;189;342;33;347;694;493;468
1,7904,8152,1,1,81,13,7,360;23;280;47;46;199;180;345;354;517;150;510;731
1,7888,8089,1,0,103,14,6,376;38;296;6;63;62;215;180;361;367;533;150;526;886
1,7877,8158,1,0,122,14,8,387;38;298;17;74;73;226;271;372;367;544;150;537;897
1,7856,8130,1,0,123,14,8,408;38;298;38;95;94;247;285;393;367;549;231;558;918
1,8004,8284,1,1,56,12,5,260;180;99;144;245;254;417;83;370;694;543;592
1,7983,8052,1,0,40,11,1,281;201;120;165;266;275;438;104;431;694;564
1,7922,8143,1,0,75,14,6,342;5;262;29;28;181;177;327;336;499;150;492;731;620
1,7921,7979,1,0,88,14,2,343;6;263;30;29;182;177;328;337;500;150;493;731;626
1,8278,8498,1,1,89,13,3,143;136;496;269;318;362;260;547;709;403;610;461;742
1,8279,8350,1,0,74,13,4,142;135;495;268;317;361;260;547;708;402;609;461;527
1,8239,8324,1,1,65,14,4,25;10;19;182;174;535;304;357;401;260;555;748;442;649
1,8265,8352,1,0,66,13,1,156;149;509;282;331;375;260;547;722;416;623;498;755
1,8346,8424,1,1,90,14,2,75;68;428;201;250;294;260;499;641;335;542;417;527;567
1,8350,8418,1,1,91,14,2,71;64;424;197;222;290;260;495;637;331;538;413;527;563
1,8304,8362,1,1,87,14,1,117;110;470;234;292;336;260;541;683;377;584;459;527;609
0,8308,8361,1,0,0,14,0,113;106;466;234;288;332;260;537;679;363;580;455;527;605
1,8161,8381,1,0,74,12,5,103;23;88;97;260;250;613;386;435;479;495;684
1,8214,8439,1,0,68,13,8,50;35;44;207;200;560;333;382;426;265;555;773;467
1,8149,8350,1,1,63,12,4,115;35;100;109;272;265;625;398;447;491;507;696
1,8161,8399,1,0,75,12,6,103;23;88;97;260;250;613;386;435;479;495;555
1,8222,8298,1,0,63,13,4,42;27;36;199;192;552;325;374;418;260;555;765;445
1,8222,8275,1,0,65,13,2,42;27;36;199;192;552;304;374;418;260;555;765;445
1,8214,8292,1,1,57,13,2,50;35;44;207;200;560;333;382;426;260;555;773;467
1,8219,8285,1,0,58,13,2,45;30;39;202;195;555;328;377;421;260;555;768;456
1,7583,7865,1,0,125,13,10,13;122;108;681;344;601;87;311;368;367;520;565;666
1,7561,7635,1,1,107,13,1,35;144;130;703;366;622;87;333;390;389;542;587;688
0,7589,7668,1,1,0,13,0,7;116;102;665;338;595;87;305;362;361;390;559;660
1,7584,7655,1,0,144,13,2,12;121;107;680;343;600;87;310;367;366;390;564;665
1,7603,7676,1,0,124,13,2,102;88;661;324;581;87;291;348;347;390;545;646;655
1,7593,7676,1,0,132,14,2,3;112;98;665;334;591;87;301;358;357;390;555;656;665
1,7622,7707,1,0,88,14,2,83;69;638;305;562;87;271;329;328;390;526;627;636;799
1,7615,7690,1,0,87,14,2,90;76;638;312;569;87;279;336;335;390;533;634;643;806
1,7367,7447,1,0,71,10,1,20;229;338;324;888;554;817;408;525;584
1,7365,7449,1,1,81,10,2,20;231;340;326;899;554;819;410;525;586
1,7437,7490,1,0,105,11,2,153;268;254;827;490;747;338;457;514;513;666
1,7387,7439,1,0,81,10,2,20;153;318;304;877;540;797;388;507;564
1,7508,7741,1,0,133,13,5,88;197;183;756;419;669;267;386;443;442;595;640;741
1,7479,7746,1,0,113,12,9,117;226;212;785;448;705;296;415;472;471;624;669
1,7540,7628,1,1,123,13,2,56;165;151;724;387;622;87;354;411;410;563;608;709
1,7534,7603,1,0,116,13,1,62;171;157;730;393;650;87;360;417;416;569;614;715
1,7736,7821,1,0,133,13,3,528;38;448;39;158;215;214;367;285;513;522;568;351
1,7739,7824,1,0,133,13,1,525;38;445;36;155;212;211;364;285;510;508;568;348
0,7745,7807,1,1,0,14,0,519;38;439;30;149;206;205;358;285;504;508;568;342;669
1,7758,7834,1,0,153,15,1,506;38;426;17;136;193;192;345;285;491;500;568;329;656;1016
0,7829,7916,1,0,0,14,0,435;38;355;65;122;121;274;285;420;429;568;258;585;945
1,7832,7913,1,1,90,14,1,432;38;352;62;119;118;271;285;417;426;568;255;582;942
1,7835,7920,1,0,107,14,2,429;38;298;59;116;115;268;285;414;423;568;252;579;939
1,7850,7919,1,0,111,14,2,414;38;298;44;101;100;253;285;399;408;549;237;564;924
1,7642,7724,1,0,111,15,2,63;49;622;285;542;87;252;309;308;390;506;607;616;779;445
1,7657,7913,1,0,131,15,9,48;34;607;270;527;87;237;294;293;390;491;592;601;764;430
1,7664,7732,1,0,104,15,2,41;27;600;38;520;87;230;287;286;390;484;585;594;757;423
1,7667,7875,1,0,131,15,11,38;24;597;38;517;87;217;284;283;390;481;582;591;754;420
1,7683,7750,1,0,96,15,2,22;8;581;38;501;87;211;268;267;390;285;566;575;738;404
1,7704,7760,1,0,90,14,3,1;560;38;480;71;190;247;246;390;285;545;554;717;383
1,7712,7937,1,0,115,13,7,552;38;472;63;182;239;238;390;285;537;527;709;375
1,7714,7782,1,0,115,13,1,550;38;470;61;180;237;236;389;285;535;527;568;373
1,6987,7192,1,0,56,7,2,65;3;128;129;421;609;718
1,6984,7059,1,0,61,7,2,68;4;132;129;424;612;721
0,6980,7034,1,1,0,7,0,72;4;136;129;428;616;725
1,6944,6997,1,1,55,7,1,108;46;168;129;464;652;761
1,6941,7209,1,0,65,7,4,111;49;175;129;467;655;764
1,6899,6967,1,1,56,7,2,153;91;217;129;509;689;806
0,6896,6955,1,1,0,7,0,156;94;219;129;512;689;809
1,6887,6967,1,1,50,7,2,165;103;219;129;521;709;818
1,6875,6927,1,1,40,6,2,176;115;241;129;533;721
1,6853,6911,1,1,51,7,1,199;10;137;263;129;555;724
1,6812,6881,1,0,51,7,2,219;51;178;304;129;596;773
1,6809,7046,1,0,40,7,2,243;54;181;307;129;599;773
1,6804,7045,1,0,46,7,3,248;59;186;312;369;604;773
1,6792,7033,1,1,42,7,4,260;71;198;324;381;616;804
1,6757,6819,1,0,39,6,1,295;106;233;359;416;629
1,6714,6786,1,0,58,6,1,325;149;252;402;459;694
1,7353,7429,1,0,71,9,2,55;243;352;338;911;554;831;422;525
1,7357,7416,1,1,82,10,2,22;239;348;334;907;554;827;418;525;594
1,7283,7573,1,0,74,9,8,125;313;422;408;965;644;901;492;611
1,7345,7405,1,0,78,9,2,63;251;360;346;919;582;839;430;525
1,7239,7303,1,1,65,7,1,169;357;466;452;1010;688;945
1,7261,7312,1,0,82,9,1,147;335;444;430;966;666;923;514;633
1,7214,7287,1,0,70,5,1,194;382;491;477;1010
0,7228,7296,1,0,0,7,0,180;368;466;463;1010;699;956
1,7210,7283,1,0,56,5,1,198;386;495;481;1054
0,7210,7274,1,1,0,5,0,198;386;495;481;1010
1,7132,7355,1,0,50,4,1,41;276;464;551
1,7146,7346,1,0,65,6,2,27;247;450;551;545;1118
1,7073,7160,1,0,54,5,1,38;100;335;483;551
1,7095,7159,1,0,49,5,1,21;78;313;483;551
1,7056,7120,1,0,51,5,2,60;117;352;540;551
1,7062,7142,1,0,54,5,1,38;111;346;534;551
1,6361,6446,1,0,66,12,3,3;43;263;234;133;174;227;35;691;172;426;629
1,6297,6348,1,0,55,14,4,65;107;52;32;327;298;197;207;291;99;724;215;426;693
1,6382,6451,1,0,65,12,3,22;242;213;112;153;206;14;670;133;426;608;734
1,6366,6603,1,0,60,11,3,23;258;229;128;169;222;30;686;167;426;624
1,6258,6311,1,0,50,13,3,106;146;91;71;366;337;236;277;330;138;794;215;426
1,6240,6327,1,0,58,14,4,124;164;109;89;384;10;355;254;291;348;156;812;293;426
1,6283,6367,1,1,75,13,4,65;121;66;46;341;312;211;207;305;113;769;215;426
1,6261,6338,1,0,56,13,1,65;143;88;68;363;334;233;274;327;135;791;215;426
1,6175,6238,1,0,57,16,4,189;1;211;174;154;55;424;75;420;319;291;412;221;877;358;688
1,6174,6253,1,1,52,16,5,190;2;211;175;155;56;450;76;421;320;291;412;222;878;359;689
1,6218,6499,1,0,62,15,10,146;186;131;111;12;406;32;370;276;291;370;178;834;315;645
1,6202,6256,1,0,50,15,3,162;202;147;127;28;413;48;393;292;291;386;194;850;331;661
1,6148,6204,1,1,58,16,3,216;28;256;201;181;82;19;476;102;447;346;291;412;248;904;385
1,6127,6185,1,0,65,16,4,237;49;277;222;202;90;40;497;123;468;367;291;412;269;925;406
1,6171,6260,1,0,57,16,3,193;5;233;178;158;59;453;79;424;323;291;412;225;881;362;692
1,6167,6244,1,0,56,17,3,197;9;235;182;162;63;0;457;83;428;327;291;412;229;885;366;696
1,6643,6711,1,0,59,6,2,388;220;263;473;530;765
1,6645,6850,1,0,64,6,2,388;218;263;471;518;763
1,6692,6753,1,0,50,6,1,360;171;252;424;481;716
1,6692,6747,1,0,56,6,2,325;171;252;424;481;716
1,6564,6646,1,1,70,8,3,60;31;24;488;299;263;497;609
0,6570,6620,1,0,0,8,0,54;25;18;482;293;263;497;536
0,6578,6642,1,0,0,8,0,46;17;10;474;285;263;497;536
1,6628,6716,1,0,58,6,1,424;235;263;488;536;780
1,6489,6565,1,0,92,11,1,135;106;5;46;99;563;44;374;421;497;684
1,6527,6770,1,1,96,10,3,97;68;8;61;525;6;300;421;497;646
1,6529,6582,1,1,95,10,1,95;66;6;59;523;4;300;272;497;644
1,6536,6741,1,1,79,8,3,88;59;43;516;300;272;497;637
1,6383,6444,1,0,72,12,2,21;241;212;111;152;190;13;669;133;426;607;733
1,6422,6672,1,1,72,10,7,202;173;72;113;166;630;111;426;568;694
1,6461,6524,1,0,67,10,1,163;134;33;74;127;591;72;402;529;497
1,6483,6763,1,0,91,11,4,141;112;11;52;105;569;50;380;507;497;690
1,15761,15834,1,2,79,10,2,49;327;66;529;375;619;517;442;442;578
0,15733,15794,1,3,0,11,0,4;77;342;94;557;403;647;545;442;470;606
1,15792,15845,1,0,86,10,2,18;296;35;498;344;588;486;442;411;422
1,15761,16025,1,3,72,10,6,48;327;66;529;375;619;517;442;442;578
1,15720,15784,1,1,78,11,3,18;90;368;107;570;416;660;558;443;483;619
1,15683,15886,1,0,56,10,4,55;127;405;130;607;453;695;595;447;520
1,15725,15800,1,1,86,11,2,4;85;363;102;565;411;655;553;443;478;614
1,15725,15790,1,3,86,11,1,4;85;363;102;565;411;655;553;442;478;614
1,15668,15750,1,1,72,10,3,70;142;420;159;622;463;695;610;447;535
1,15652,15711,1,0,68,10,2,86;158;436;175;638;463;728;626;447;551
1,15671,15943,1,0,79,10,7,67;139;417;130;619;463;695;607;447;532
0,15670,15753,1,0,0,10,0,68;140;418;130;620;463;695;608;447;533
1,15614,15694,1,0,79,9,2,124;196;474;213;676;522;766;664;627
1,15528,15605,1,0,79,11,4,210;60;13;282;560;299;762;585;852;750;713
1,15643,15710,1,0,80,10,3,95;167;445;184;647;493;737;635;447;560
1,15641,15936,1,0,99,10,7,97;169;447;186;649;495;739;637;600;562
0,15794,15861,1,1,0,10,0,16;294;33;496;324;586;484;442;409;422
1,15794,15871,1,0,85,10,2,16;294;33;496;324;586;484;442;409;422
1,15795,15860,1,0,85,10,1,15;293;18;495;324;585;483;442;408;422
1,15828,15909,1,0,104,9,1,260;462;308;552;450;413;375;422;770
1,14714,14925,1,1,124,13,5,118;129;271;183;267;488;48;158;263;533;623;492;557
1,14706,14774,1,0,113,13,2,126;137;279;191;275;488;56;166;271;573;623;500;565
1,14755,14837,1,0,81,13,1,58;88;230;142;226;488;7;117;222;526;623;451;381
1,14754,14824,1,0,90,13,2,78;89;231;143;227;488;8;118;223;527;623;452;381
1,14793,14860,1,0,82,12,3,39;50;192;104;188;463;79;184;483;622;413;381
1,14778,14864,1,1,74,12,1,54;65;207;119;203;478;94;199;500;623;428;381
1,14796,15030,1,1,98,12,6,36;47;157;101;185;460;76;181;483;619;410;381
1,14795,14862,1,0,99,12,3,37;48;168;102;186;461;77;182;483;620;411;381
0,14629,14689,1,1,0,14,0,203;16;62;143;356;268;352;497;133;243;348;652;786;577
1,14619,14823,1,0,98,14,4,213;26;72;224;356;278;362;497;143;253;358;662;796;587
1,14636,14709,1,0,95,14,3,196;9;55;143;349;261;345;497;126;236;341;645;779;570
0,14630,14690,1,0,0,14,0,202;15;61;143;355;267;351;497;132;242;347;651;785;576
1,14681,14760,1,0,113,14,3,151;10;143;304;216;300;488;81;191;296;600;734;525;590
1,14642,14697,1,0,98,14,3,190;3;49;143;343;255;339;488;120;230;335;639;773;564
1,14686,14739,1,1,124,14,2,146;5;143;299;211;295;488;76;186;291;595;663;520;585
1,14686,14952,1,1,150,14,9,146;5;143;299;211;295;488;76;186;291;573;663;520;585
1,14944,15030,1,1,53,12,2,30;37;312;33;337;471;228;327;794;328;634;382
0,14956,15044,1,0,0,13,0,29;25;300;21;325;459;228;315;782;264;632;382;854
1,14964,15047,1,0,52,13,1,21;17;292;13;317;451;228;307;774;264;624;382;846
1,14994,15195,1,0,42,10,5,262;287;421;212;277;744;264;594;382;816
1,15003,15078,1,1,51,10,1,253;278;412;203;268;735;264;585;382;643
1,15031,15114,1,0,45,10,1,225;250;383;175;240;707;241;557;382;643
1,15032,15085,1,0,56,10,2,224;249;366;174;239;706;240;556;382;643
1,15038,15098,1,1,50,10,1,195;243;366;168;233;700;234;550;382;643
1,14800,14888,1,1,98,12,3,32;43;131;97;181;456;72;177;481;615;406;381
1,14803,14891,1,1,98,12,5,29;40;131;94;178;453;69;174;478;612;403;381
1,14847,15138,1,0,81,10,5,129;50;134;409;25;130;434;568;359;381
1,14848,14934,1,0,98,11,2,129;49;133;408;24;129;433;567;228;381;890
1,14853,14931,1,1,82,11,2,129;44;128;403;19;124;428;562;228;381;870
1,14881,14967,1,0,61,12,3,104;16;100;375;96;400;534;228;381;829;391;707
1,14909,14990,1,1,68,12,2,76;72;347;68;372;506;228;362;829;363;634;632
1,14914,15202,1,0,87,12,9,30;67;342;63;367;501;228;357;824;358;634;627
1,15196,15417,1,0,68,12,5,60;85;219;10;75;542;74;392;345;535;892;631
1,15175,15237,1,0,55,11,3,81;106;240;31;96;544;97;413;357;535;913
1,15159,15229,1,0,56,11,4,97;122;247;47;112;579;113;429;357;535;929
1,15114,15317,1,0,47,10,1,142;167;301;92;157;624;158;468;357;535
1,15222,15273,1,0,63,11,3,16;59;193;49;516;50;366;319;535;834;449
1,15213,15264,1,0,61,11,2,43;68;202;58;525;59;375;328;535;834;449
1,15203,15427,1,0,68,12,5,53;78;212;3;68;535;69;385;338;535;885;449
1,15198,15259,1,0,56,12,4,58;83;217;8;73;540;74;390;343;535;890;449
1,15075,15161,1,0,52,10,1,181;206;340;131;196;643;197;486;357;643
1,15068,15143,1,1,47,10,4,188;213;347;138;203;643;204;500;357;643
1,15061,15126,1,0,45,10,4,195;220;354;145;210;643;211;527;357;643
1,15060,15139,1,0,42,10,4,195;221;355;146;211;678;212;528;357;643
1,15114,15189,1,0,46,10,1,142;167;281;92;157;624;158;468;357;535
1,15104,15167,1,0,60,10,2,152;177;311;102;167;634;168;468;357;535
1,15093,15380,1,1,66,10,6,163;188;322;113;178;643;179;468;357;643
1,15077,15154,1,0,47,10,4,179;204;329;129;194;643;195;486;357;643
1,15389,15652,1,0,72,9,6,26;349;199;152;357;699;438;901;650
0,15412,15481,1,0,0,10,0,3;326;176;129;357;676;415;878;644;968
1,15347,15400,1,0,64,8,1,68;391;241;194;357;741;447;943
1,15375,15626,1,1,76,9,6,40;363;213;166;357;713;447;915;761
1,15444,15502,1,0,43,9,3,294;144;97;357;644;383;846;585;936
1,15480,15554,1,0,79,11,3,258;108;61;330;608;347;810;585;900;798;761
1,15413,15487,1,1,73,10,4,2;325;175;128;357;675;414;877;644;967
1,15413,15491,1,1,67,10,1,2;325;175;128;357;675;414;877;585;967
0,15260,15330,1,0,0,10,0,21;155;11;478;12;324;281;535;794;449
1,15284,15352,1,0,73,7,3,131;454;304;257;526;794;449
1,15237,15295,1,0,56,11,2,16;44;178;34;501;35;345;304;535;834;449
1,15256,15320,1,0,67,11,3,0;25;159;15;482;16;332;285;535;794;449
1,15330,15410,1,0,72,8,1,85;408;258;211;480;758;447;960
1,15345,15566,1,1,61,8,4,70;393;243;194;465;743;447;945
0,15296,15354,1,0,0,7,0,119;442;292;245;514;792;447
1,15305,15392,1,1,43,7,1,110;433;283;236;505;783;447
0,4545,4611,1,0,0,6,0,63;121;113;462;354;333
0,4511,4586,1,0,0,7,0,97;5;155;147;462;388;367
0,4506,4572,1,0,0,7,0,102;10;160;152;462;393;372
0,4485,4573,1,1,0,8,0,6;117;24;181;168;462;414;393
1,4598,4675,1,0,61,6,1,10;68;60;462;301;280
0,4566,4620,1,0,0,6,0,42;100;61;462;333;312
1,4563,4615,1,0,65,6,1,45;103;95;462;336;315
0,4555,4642,1,0,0,6,0,53;111;103;462;344;323
1,4421,4504,1,0,78,9,1,11;70;187;95;245;237;661;446;457
1,4391,4474,1,0,67,9,1,41;100;217;125;275;267;691;446;487
0,4368,4423,1,1,0,10,0,10;64;118;240;148;296;290;714;446;510
0,4339,4427,1,0,0,10,0,34;93;118;248;177;0;296;319;743;446
1,4483,4776,1,0,66,8,5,8;117;24;183;168;599;416;395
1,4479,4568,1,0,66,8,1,12;117;37;187;168;603;420;399
1,4458,4514,1,0,74,8,1,33;117;58;208;200;624;441;420
0,4435,4498,1,0,0,8,0,56;117;81;231;223;647;446;443
0,4318,4403,1,0,0,10,0,60;114;118;248;198;21;337;340;764;545
1,4319,4394,1,0,50,10,2,59;113;118;248;197;20;337;339;763;545
0,4307,4370,1,0,0,10,0,71;125;118;301;209;32;337;351;775;545
1,4309,4383,1,0,63,10,3,69;123;118;299;207;30;337;349;773;545
1,4330,4392,1,0,62,10,2,34;102;118;248;186;9;311;328;752;545
1,4333,4396,1,0,55,10,2,34;99;118;248;183;6;311;325;749;446
1,4322,4386,1,1,66,10,3,56;110;118;248;194;17;325;336;760;545
1,4324,4406,1,0,46,10,2,34;108;118;248;192;15;325;334;758;545
1,4219,4301,1,0,67,10,3,159;213;155;389;297;120;447;366;853;545
0,4267,4323,1,1,0,10,0,111;165;118;341;249;72;399;366;815;545
1,4206,4260,1,0,68,10,3,164;226;162;402;310;133;460;366;876;545
1,4208,4263,1,0,55,10,1,164;224;155;400;308;131;458;366;874;545
0,4299,4360,1,0,0,10,0,79;133;118;309;217;40;355;359;783;545
1,4305,4361,1,0,37,10,2,73;127;118;303;211;34;355;353;777;545
0,4276,4363,1,0,0,10,0,102;156;118;332;240;63;390;366;806;545
1,4285,4352,1,0,44,10,3,93;147;118;323;231;54;381;366;797;545
1,5010,5097,1,0,123,11,3,72;284;207;23;340;677;293;481;445;612;701
1,4996,5071,1,0,131,11,1,86;298;221;23;354;677;351;495;445;612;715
1,5056,5125,1,1,132,10,2,26;238;161;294;670;291;430;445;612;655
1,5019,5231,1,0,111,11,7,63;275;198;18;331;670;293;472;445;612;692
1,5126,5191,1,0,148,10,2,168;91;224;621;221;365;445;612;585;502
1,5059,5147,1,0,134,10,2,10;235;158;291;670;288;430;445;612;652
1,5136,5401,1,0,151,11,8,158;81;214;611;211;355;433;612;575;460;424
1,5133,5183,1,0,142,11,2,161;84;217;614;214;358;445;612;578;460;427
1,4930,4984,1,0,93,9,2,152;364;287;107;384;677;417;561;674
0,4923,4990,1,0,0,9,0,159;371;294;114;384;677;424;568;681
1,4971,5191,1,0,127,11,6,111;323;246;66;379;677;376;520;633;824;740
0,4933,5015,1,0,0,9,0,149;361;284;83;384;677;414;558;671
1,4977,5029,1,0,112,11,2,105;317;240;60;373;677;370;514;627;612;734
1,4977,5035,1,0,113,11,2,105;317;240;34;373;677;370;514;627;612;734
0,4995,5046,1,1,0,11,0,87;299;222;23;355;677;352;496;445;612;716
1,4991,5277,1,1,126,11,9,91;303;226;23;359;677;356;500;613;612;720
0,4759,4810,1,1,0,6,0,323;26;119;535;458;278
1,4787,4840,1,0,85,7,1,295;26;91;507;430;250;563
1,4845,5081,1,0,107,9,7,237;26;33;449;372;192;505;902;502
1,4846,4931,1,1,85,9,1,236;26;32;448;371;191;504;901;431
1,4870,4922,1,0,105,10,2,199;26;8;424;347;167;480;877;431;621
1,4891,5113,1,0,127,10,6,191;8;403;326;146;459;856;427;600;713
0,4906,4986,1,0,0,9,0,176;388;311;131;444;677;427;585;698
1,4921,4978,1,0,103,9,3,161;373;296;116;429;677;426;570;683
1,4613,4672,1,0,47,5,2,53;45;462;286;231
1,4618,4854,1,0,65,6,4,48;40;462;281;220;676
1,4678,4759,1,0,73,6,2,404;221;200;614;539;359
1,4704,4777,1,0,59,6,1,378;144;174;590;513;333
1,4705,4766,1,0,61,6,1,358;144;173;589;512;332
0,4736,4800,1,0,0,6,0,346;144;142;558;481;301
1,4746,5021,1,0,72,6,5,336;144;132;548;471;291
0,4751,4823,1,0,0,6,0,331;26;127;543;466;286
1,5611,5900,1,1,104,17,9,136;184;100;17;218;210;246;367;567;565;298;758;738;718;619;556;1013
1,5598,5676,1,1,89,17,4,149;6;197;113;30;218;223;259;373;567;578;311;789;751;731;632;569
1,5564,5637,1,1,111,17,4,160;40;231;147;64;287;257;293;373;567;612;345;789;785;765;666;603
1,5563,5648,1,0,104,17,4,160;41;232;148;65;288;258;294;373;567;613;346;841;786;766;667;604
1,5556,5642,1,1,96,17,2,191;48;239;155;67;4;295;265;301;373;567;620;353;848;793;773;674
1,5530,5815,1,1,92,16,12,217;74;265;181;67;30;321;291;327;373;834;646;379;874;819;799
1,5518,5587,1,1,105,16,3,229;86;277;193;110;42;333;303;339;373;846;658;391;886;831;811
1,5495,5570,1,1,112,14,2,252;109;300;216;133;65;356;326;362;373;869;681;414;909
1,5470,5696,1,0,80,13,6,277;21;134;325;241;158;90;381;351;387;375;894;706
1,5443,5519,1,1,49,11,3,304;48;161;352;265;185;117;408;378;414;375
1,5437,5687,1,0,52,11,6,310;54;167;358;265;191;123;414;384;415;400
1,5431,5503,1,0,41,11,2,316;60;173;364;280;197;129;420;390;415;400
1,5409,5617,1,0,41,11,6,338;82;194;386;302;219;151;442;412;415;569
1,5395,5453,1,1,40,11,3,352;96;209;400;316;233;165;456;421;415;583
0,5391,5477,1,0,0,11,0,356;100;213;404;320;237;169;460;421;415;587
1,5384,5451,1,0,42,11,3,363;107;220;411;327;240;176;467;421;473;594
1,5357,5430,1,0,61,11,1,390;134;247;421;354;271;203;494;421;500;621
1,5363,5419,1,0,57,11,3,384;128;241;421;348;240;197;488;421;494;615
1,5335,5415,1,0,56,13,2,15;412;12;156;269;460;376;293;225;516;421;502;643
1,5354,5422,1,1,56,11,3,393;137;250;441;356;274;206;497;421;502;624
0,5293,5365,1,0,0,13,0,1;57;454;54;198;311;502;383;335;267;558;421;564
1,5293,5361,1,0,58,13,2,1;57;454;54;198;311;502;383;335;267;558;421;564
1,5265,5482,1,0,91,13,5,29;85;482;78;226;339;530;383;363;287;586;556;592
1,5269,5339,1,0,80,13,2,25;81;478;78;222;335;526;383;359;287;582;421;588
1,5229,5301,1,0,96,12,2,65;121;518;78;262;375;566;383;399;330;622;592
0,5237,5300,1,0,0,13,0,57;113;510;78;254;367;558;383;391;287;614;584;620
1,5201,5259,1,0,98,13,2,93;16;149;546;146;290;403;594;383;427;359;650;620
1,5228,5281,1,0,73,12,2,66;122;519;119;263;376;567;383;400;330;623;593
1,5169,5233,1,1,98,12,1,125;48;181;578;178;322;432;612;449;459;382;682
1,5189,5241,1,0,67,13,1,105;28;161;558;158;302;415;606;449;439;371;662;632
1,5141,5225,1,1,106,11,2,153;76;209;606;206;350;433;612;449;460;419
1,5159,5221,1,0,135,12,2,135;58;191;588;188;332;433;612;449;460;382;692
1,6029,6103,1,0,58,16,3,335;147;375;320;300;201;138;595;221;566;465;291;412;367;1023;504
1,6001,6252,1,0,59,15,12,363;175;403;348;328;229;166;623;249;594;493;534;412;395;1051
1,6100,6175,1,1,59,16,2,264;76;304;249;229;130;65;524;150;495;394;291;412;296;952;433
1,6062,6127,1,0,60,16,2,302;114;342;287;267;168;105;562;188;533;432;291;412;334;990;471
1,5924,6185,1,1,74,16,7,54;440;252;480;382;405;244;243;700;326;46;636;570;611;664;472
1,5886,5941,1,0,89,17,5,92;478;290;23;518;382;443;244;281;738;353;74;636;608;649;702;510
1,5960,6023,1,0,52,17,6,18;404;216;444;382;369;244;207;664;290;10;635;534;575;412;436;1092
1,5928,5988,1,0,81,16,3,50;436;248;476;382;401;244;239;696;322;42;636;566;607;412;468
1,5846,5914,1,1,142,17,5,5;11;132;518;330;63;518;382;483;244;321;778;353;76;749;648;660
1,5841,5910,1,0,140,17,5,10;16;137;523;335;68;518;382;488;244;326;783;353;129;754;653;660
1,5849,6065,1,1,82,17,5,2;8;107;515;327;60;518;382;480;244;318;775;353;74;746;645;660
1,5847,5901,1,1,115,17,3,4;10;131;517;329;62;518;382;482;244;320;777;353;74;748;647;660
1,5799,6061,1,1,108,18,9,52;22;58;179;565;377;110;518;385;530;431;344;825;451;171;796;695;660
1,5793,5877,1,0,123,19,5,2;58;28;64;185;567;383;116;518;385;536;437;344;831;457;177;802;701;675
1,5815,6099,1,1,125,18,10,36;6;42;163;549;361;94;518;385;514;244;344;809;353;155;780;679;660
1,5800,6005,1,1,106,18,5,51;21;57;178;564;376;109;518;385;529;244;344;824;450;170;795;694;660
1,5750,5816,1,1,98,18,3,45;101;71;107;228;567;426;159;518;385;579;480;417;859;500;220;845;713
1,5754,5816,1,0,99,18,3,41;97;67;103;224;567;422;155;518;385;575;476;402;859;496;216;841;713
1,5790,5864,1,0,123,19,6,5;61;31;67;187;567;386;119;518;385;539;440;377;834;460;180;805;704;745
1,5791,5842,1,0,106,19,2,4;60;30;66;187;567;385;118;518;385;538;439;376;833;459;179;804;703;675
1,5706,6003,1,1,160,19,12,41;89;5;145;115;151;272;567;470;203;698;643;623;524;453;859;544;264;889
1,5730,5803,1,0,160,19,4,17;65;121;91;127;248;567;446;179;518;619;599;500;437;859;520;240;865;764
0,5731,5818,1,0,0,19,0,16;64;120;90;126;247;567;445;178;518;618;598;499;436;859;519;239;864;713
1,5739,6007,1,0,130,19,9,8;56;112;82;118;239;567;437;170;518;610;590;491;428;859;511;231;856;713
1,5655,5731,1,0,107,16,2,92;140;56;196;166;202;323;567;521;254;749;694;664;538;453;859
1,5675,5728,1,0,168,18,3,72;120;36;176;146;182;303;567;501;234;729;674;654;538;453;859;575;295
1,5680,5738,1,0,161,18,3,67;114;31;171;141;177;298;567;496;229;724;669;649;538;453;859;570;290
0,5687,5760,1,1,0,18,0,60;108;24;164;134;170;291;567;489;222;717;662;624;538;453;859;563;283
1,5628,5707,1,1,129,17,1,119;167;83;0;218;193;229;350;567;548;281;758;721;701;602;539;859
1,5631,5715,1,1,129,16,4,116;164;80;218;190;226;347;567;545;278;758;718;698;538;536;859
1,5632,5711,1,0,122,16,2,115;163;79;218;189;225;346;567;544;277;758;717;697;538;453;859
1,5641,5695,1,0,143,16,2,106;154;70;210;180;216;327;567;535;268;758;708;688;538;453;859
1,2669,2956,1,0,88,16,12,57;48;111;142;22;379;155;229;273;359;275;225;747;796;691;452
1,2690,2893,1,0,88,16,9,36;27;90;121;1;358;134;208;252;338;254;204;578;775;691;452
1,2632,2707,1,0,80,17,3,94;85;148;179;59;21;416;192;266;296;396;312;238;784;833;691;518
1,2657,2719,1,0,88,16,1,69;60;123;154;34;391;167;241;285;371;287;237;759;808;691;493
1,2760,2842,1,0,74,13,5,20;51;288;64;138;182;268;184;134;578;705;634;258
1,2795,2862,1,0,53,13,2,16;253;29;103;139;233;149;99;578;670;599;258;659
1,2708,2915,1,0,66,15,3,18;9;72;103;340;116;190;234;320;236;186;578;757;686;258
1,2726,2808,1,0,73,14,5,0;54;85;322;98;172;216;302;218;168;578;739;668;258
1,2891,3153,1,0,67,12,5,157;7;51;137;53;3;525;574;503;258;563;284
1,2900,2979,1,0,62,10,4,148;42;128;44;516;565;494;139;554;284
1,2826,2895,1,0,72,12,2,222;72;116;202;118;68;578;639;568;258;628;460
1,2874,3116,1,0,61,12,2,174;24;68;154;70;20;542;591;520;258;580;412
1,2943,2998,1,0,78,10,3,91;85;1;473;522;451;139;511;276;572
1,2943,3198,1,1,79,10,5,91;85;1;463;522;451;139;511;276;572
1,2939,3013,1,0,75,11,3,109;3;89;5;477;526;455;139;515;284;576
1,2940,3012,1,0,62,11,2,91;2;88;4;476;525;454;139;514;284;575
1,2456,2536,1,1,73,16,3,55;270;261;320;355;111;197;44;149;592;99;368;442;486;526;488
1,2455,2524,1,1,56,16,1,56;271;262;320;356;111;198;44;150;593;100;369;443;487;573;489
1,2452,2504,1,1,57,16,1,59;274;265;320;359;111;201;91;153;596;103;371;446;490;576;492
1,2443,2686,1,1,81,16,9,68;283;274;320;368;111;210;100;162;605;112;381;455;499;585;501
1,2506,2575,1,1,74,16,2,5;220;211;274;305;111;147;37;99;542;49;318;392;431;522;438
1,2506,2585,1,0,86,16,4,5;220;211;246;305;111;147;37;99;542;49;318;392;431;522;438
1,2505,2572,1,0,86,16,4,6;221;212;275;306;111;148;38;100;543;50;319;393;437;523;439
1,2478,2538,1,1,79,16,2,33;248;239;302;333;111;175;44;127;570;77;346;420;464;526;466
1,2569,2633,1,0,78,18,1,157;148;211;242;111;84;36;479;255;329;373;459;375;325;847;896;825;581
1,2533,2620,1,0,67,18,3,193;184;246;278;111;120;10;72;515;22;274;365;409;495;411;361;883;932
1,2516,2600,1,0,73,16,5,210;201;246;295;111;137;27;89;532;39;301;382;420;512;428;378
1,2509,2567,1,0,85,16,4,2;217;208;246;302;111;144;34;96;539;46;315;389;420;519;435
1,2629,2698,1,0,90,17,4,97;88;151;182;62;24;419;195;269;313;399;315;238;787;836;691;521
0,2628,2690,1,0,0,17,0,98;89;152;183;63;25;420;196;270;314;400;316;238;788;837;691;522
1,2620,2674,1,0,85,17,5,106;97;160;191;71;33;428;204;278;322;408;324;274;796;845;691;530
1,2577,2844,1,1,93,18,9,149;140;203;234;111;76;28;471;247;321;365;433;367;317;839;888;817;573
1,3234,3304,1,0,42,10,1,182;231;160;220;52;281;40;182;416;815
1,3251,3514,1,1,79,10,6,165;207;143;203;35;264;40;182;399;798
1,3264,3327,1,0,56,10,2,152;201;130;190;22;251;40;182;386;632
1,3272,3515,1,0,66,10,5,144;193;122;182;14;243;40;182;348;632
1,3277,3483,1,1,62,10,3,139;188;117;177;9;23;40;182;348;632
1,3296,3351,1,0,55,9,1,120;169;98;158;23;40;182;342;632
1,3296,3346,1,0,92,9,2,120;169;98;158;23;26;182;342;632
0,3297,3363,1,1,0,9,0,119;168;97;143;23;26;182;342;632
1,3306,3359,1,0,62,9,2,110;159;88;143;23;26;182;342;632
1,3308,3388,1,0,51,9,1,108;157;86;143;23;26;182;309;632
1,3309,3364,1,1,56,9,1,107;120;85;143;23;26;182;309;632
1,3332,3384,1,0,91,10,1,84;120;62;122;23;25;182;309;632;795
1,3338,3410,1,0,104,10,2,78;112;56;116;23;25;182;309;632;789
1,3346,3569,1,0,98,10,3,70;112;48;108;23;25;182;304;632;726
0,3352,3441,1,0,0,10,0,64;112;42;102;23;25;182;298;507;726
1,3363,3439,1,0,91,10,2,53;102;31;91;23;25;182;287;507;726
1,2955,3010,1,0,68,9,3,91;73;456;510;439;110;499;276;560
1,2944,3019,1,0,78,10,3,91;84;0;463;521;450;110;510;276;571
1,2992,3043,1,0,51,9,2,56;36;424;473;402;20;462;276;523
0,2984,3049,1,1,0,9,0,64;44;432;481;410;20;470;276;531
1,2997,3086,1,1,56,9,2,51;31;405;468;397;20;457;276;518
1,2997,3069,1,0,51,9,2,51;27;405;468;397;20;457;276;518
1,3095,3169,1,0,73,10,1,321;370;299;20;359;191;420;419;518;555
1,3021,3085,1,0,62,9,1,27;7;381;444;373;20;433;265;494
1,3104,3166,1,0,79,10,2,291;361;290;20;350;182;411;410;509;546
1,3104,3188,1,0,73,10,2,291;361;290;20;350;182;411;410;509;502
0,3160,3219,1,0,0,10,0,256;305;234;270;126;355;354;453;490;889
1,3108,3173,1,1,79,10,2,291;357;286;20;270;178;407;406;505;502
1,3197,3261,1,0,57,10,3,219;244;197;257;89;318;317;416;453;852
1,3177,3254,1,0,61,10,1,239;288;217;270;109;338;337;436;473;872
1,3216,3505,1,0,69,10,6,200;244;178;238;70;299;298;182;434;833
1,3208,3507,1,0,56,10,8,208;244;186;246;78;307;306;357;442;841
0,3583,3635,1,0,0,6,0,30;67;455;544;528;437
1,3588,3799,1,0,73,7,4,25;62;455;539;528;437;790
0,3558,3643,1,0,0,6,0,55;92;491;569;528;437
1,3567,3654,1,0,66,6,1,46;83;482;560;528;437
0,3542,3600,1,0,0,6,0,71;108;499;574;602;437
1,3548,3758,1,1,60,6,1,65;102;499;574;596;437
1,3527,3580,1,1,65,6,1,86;123;507;574;617;659
1,3541,3752,1,0,65,6,3,72;109;499;574;603;645
1,3701,3751,1,2,72,8,1,348;426;339;437;515;731;371;444
1,3721,3771,1,0,46,8,1,328;392;339;437;515;711;351;424
1,3666,3935,1,0,95,8,4,383;461;339;437;659;766;406;479
1,3687,3740,1,1,80,8,2,362;440;339;437;515;745;385;458
1,3635,3838,1,1,71,8,4,15;414;492;509;437;659;797;437
1,3666,3940,1,0,85,8,4,363;461;339;437;659;766;406;479
1,3592,3849,1,0,72,7,4,21;58;455;535;528;437;676
0,3611,3681,1,0,0,7,0,2;39;438;516;528;437;659
0,3439,3489,1,0,0,9,0,26;15;23;25;174;185;507;637;705
1,3432,3509,1,1,71,9,2,33;22;23;25;181;218;507;637;712
0,3403,3473,1,0,0,9,0,13;62;51;23;25;182;243;507;637
1,3402,3455,1,0,84,9,1,14;63;52;23;25;182;246;507;637
1,3394,3452,1,0,104,10,1,22;71;0;60;23;25;182;256;507;678
1,3394,3672,1,0,112,10,2,22;71;0;60;23;25;182;246;507;678
1,3385,3663,1,0,105,10,3,31;80;7;69;23;25;182;258;507;726
1,3365,3435,1,0,92,10,1,51;100;7;89;23;25;182;285;507;726
1,3526,3582,1,0,65,6,1,87;124;507;585;618;660
0,3506,3570,1,0,0,7,0,9;8;107;144;507;585;638
1,3493,3558,1,0,47,7,1,22;8;110;157;507;634;651
1,3486,3540,1,0,54,7,1,23;8;127;164;507;637;658
0,3477,3544,1,1,0,7,0,23;8;136;173;507;637;667
0,3475,3561,1,0,0,7,0,23;8;138;175;507;637;669
1,3473,3557,1,0,59,7,2,23;25;140;177;507;637;671
1,3445,3506,1,0,83,9,2,20;9;23;25;168;185;507;637;699
1,4036,4117,1,0,88,14,2,13;91;108;150;342;396;19;109;455;572;430;245;630;622
1,4077,4298,1,0,79,12,3,50;67;109;301;355;68;414;531;430;245;589;581
1,4087,4162,1,0,56,12,2,40;57;99;291;345;58;310;521;429;245;579;571
1,4102,4181,1,1,65,13,2,25;42;84;276;330;43;310;506;390;237;564;556;980
1,3988,4062,1,0,71,13,2,61;122;156;198;390;444;84;120;503;612;528;266;678
1,4020,4103,1,0,86,13,4,29;107;124;166;358;412;52;120;471;588;496;266;646
1,4029,4103,1,0,86,13,3,20;98;115;157;349;403;43;116;462;579;487;245;637
1,4032,4111,1,0,96,14,2,17;95;112;154;346;400;40;113;459;576;430;245;634;626
1,4182,4466,1,0,81,11,10,4;196;250;309;418;334;157;471;476;899;717
1,4189,4422,1,0,70,10,7,189;243;302;418;327;150;471;469;893;545
1,4199,4281,1,0,68,10,4,179;233;292;409;317;140;467;366;883;545
1,4202,4456,1,0,73,10,5,164;230;289;406;314;137;464;366;880;545
1,4134,4219,1,0,42,12,1,10;52;244;298;11;310;474;382;205;532;524;948
1,4136,4205,1,1,36,12,1,8;6;242;296;9;310;472;380;203;530;522;946
1,4161,4240,1,0,36,10,3,6;217;271;310;447;355;178;505;497;899
1,4163,4244,1,0,56,10,3,6;215;269;310;418;353;176;503;495;899
1,3819,3879,1,0,98,10,1,230;308;325;367;499;613;253;267;672;625
1,3811,4099,1,0,112,10,7,238;312;333;375;499;621;261;334;680;625
1,3831,4097,1,1,85,10,7,218;286;313;355;499;601;199;267;660;625
1,3828,3890,1,0,101,10,2,221;286;316;358;499;604;244;267;663;625
1,3784,3849,1,1,67,9,1,265;343;339;402;499;648;288;361;707
1,3724,3779,1,1,47,8,1,325;392;339;437;512;708;348;421
1,3809,4100,1,0,110,10,7,240;312;335;377;499;623;263;336;682;799
1,3801,3875,1,0,97,10,1,248;325;339;385;499;631;271;344;690;807
1,3944,4005,1,1,79,13,2,105;183;200;242;434;488;128;120;547;612;572;266;722
1,3939,4197,1,0,103,13,6,110;188;205;247;439;493;133;120;552;612;577;400;727
1,3986,4040,1,1,79,13,2,63;141;158;200;392;446;86;120;505;612;530;266;680
1,3950,4018,1,1,79,13,2,99;177;194;236;428;482;98;120;541;612;566;266;716
1,3841,4045,1,0,84,10,6,208;286;291;345;499;591;199;267;650;613
1,3836,3917,1,1,103,10,2,213;286;308;350;499;596;199;267;655;613
1,3923,3996,1,0,103,13,2,126;204;221;263;455;509;149;120;568;612;593;416;743
1,3908,3986,1,0,85,12,3,141;219;236;278;470;524;164;120;583;613;608;431
1,509,714,1,2,72,13,4,92;78;13;81;471;215;220;645;416;671;308;728;763
1,513,570,1,1,79,13,2,88;74;9;77;467;211;220;641;412;667;308;551;759
1,533,594,1,1,78,12,2,68;54;57;447;191;220;621;392;647;308;551;739
1,535,621,1,0,77,12,1,66;52;55;434;189;220;619;390;645;308;551;737
1,541,607,1,1,85,12,3,60;46;49;434;183;220;613;384;639;308;551;731
1,542,794,1,1,85,12,7,59;45;48;434;182;220;612;383;638;308;551;730
1,547,603,1,0,85,12,2,54;40;43;433;177;220;607;378;633;308;545;725
1,598,677,1,0,51,10,2,3;382;126;220;556;327;582;308;545;674
1,453,676,1,0,65,12,4,148;134;17;15;7;137;527;233;550;701;470;727
1,453,539,1,0,86,12,3,148;134;17;15;7;137;527;233;550;701;449;727
1,466,547,1,0,72,11,1,135;121;17;2;124;514;233;486;688;449;714
1,475,532,1,0,62,10,1,126;112;17;100;505;233;486;679;449;705
1,476,709,1,0,53,10,5,125;111;17;91;504;233;486;678;449;704
1,498,754,1,1,81,13,7,103;89;17;91;482;226;465;656;427;682;549;739;774
1,500,791,1,0,89,13,9,101;87;17;90;480;224;465;654;425;680;308;737;772
1,507,759,1,0,85,13,7,94;80;15;83;473;217;235;647;418;673;308;730;765
1,665,747,1,1,59,10,2,315;48;220;454;260;515;308;545;607;445
1,644,707,1,1,78,10,2,336;48;220;454;281;536;308;545;628;445
1,675,753,1,1,88,10,2,305;24;220;454;247;505;308;545;597;445
1,672,727,1,0,87,10,2,308;24;220;454;253;508;308;545;600;445
1,745,833,1,0,81,9,1,235;220;409;180;435;302;492;527;415
1,678,736,1,1,109,10,2,271;24;220;454;247;502;308;545;594;445
1,769,830,1,0,74,9,4,211;220;385;156;411;278;468;322;391
1,766,994,1,0,72,9,6,214;220;388;159;414;281;471;506;394
1,612,668,1,0,71,10,2,368;110;220;542;308;568;308;545;660;548
1,611,684,1,1,73,10,2,369;110;220;543;314;569;308;545;661;549
1,619,674,1,0,73,10,2,361;105;220;498;306;561;308;545;653;515
1,613,665,1,0,61,10,1,367;110;220;498;308;567;308;545;659;547
1,628,693,1,0,73,10,2,352;48;220;498;297;552;308;545;644;515
1,622,685,1,1,84,10,2,358;83;220;498;303;558;308;545;650;515
1,639,723,1,0,79,10,2,341;48;220;454;286;541;308;545;633;515
1,637,718,1,1,88,10,2,343;48;220;498;288;543;308;545;635;515
1,987,1065,1,0,56,9,4,16;140;193;60;250;285;173;535;608
1,1008,1066,1,0,50,8,4,140;172;39;229;264;152;521;587
1,906,1164,1,1,51,10,3,74;97;140;19;274;141;331;318;254;535
1,925,1158,1,0,66,10,3,55;78;140;0;255;122;299;318;235;535
1,1032,1103,1,0,67,9,2,122;148;14;178;240;128;521;563;777
1,1035,1096,1,0,52,9,3,103;145;12;178;237;125;521;560;774
1,1018,1077,1,1,65,9,3,136;162;29;219;254;142;521;577;791
1,1025,1094,1,0,51,9,1,129;155;14;212;247;135;521;570;784
1,807,862,1,0,75,9,4,173;196;347;118;373;240;430;320;353
1,831,888,1,0,82,9,4,149;172;323;94;349;216;406;320;329
1,774,1067,1,0,79,9,8,206;220;380;151;406;273;463;322;386
0,801,856,1,0,0,9,0,179;202;353;124;379;246;436;320;359
1,881,1150,1,1,62,10,7,75;122;273;44;299;166;356;318;279;692
1,901,1154,1,1,59,10,5,75;102;253;24;279;146;336;318;259;535
1,856,1086,1,0,65,9,5,124;147;298;66;324;191;381;320;304
1,870,957,1,1,45,10,2,110;133;284;55;310;177;367;318;290;703
1,1179,1384,1,0,74,6,1,1;58;93;224;226;465
1,1157,1231,1,0,60,7,2,23;80;115;3;224;226;466
1,1135,1193,1,1,54,8,1,19;45;102;137;13;224;226;466
1,1134,1357,1,1,47,8,1,20;46;103;138;26;224;226;466
1,1283,1515,1,1,127,7,3,224;226;465;463;871;539;1048
0,1233,1290,1,1,0,6,0,4;39;224;226;465;463
0,1214,1300,1,1,0,6,0,23;58;224;226;465;463
1,1211,1416,1,0,84,6,2,26;61;224;226;465;654
1,1095,1146,1,1,65,8,2,59;85;142;177;65;443;491;714
1,1090,1160,1,0,58,8,3,64;90;147;182;70;483;491;719
1,1061,1323,1,0,51,8,1,93;119;176;211;99;499;491;748
1,1051,1106,1,0,46,8,3,103;129;178;221;109;499;544;758
1,1130,1394,1,0,46,8,2,22;50;107;142;30;224;465;466
1,1124,1363,1,0,64,8,2,22;56;113;148;36;443;471;466
1,1123,1174,1,0,47,8,2,31;57;114;149;37;443;472;466
1,1103,1364,1,1,65,8,6,42;77;134;169;57;443;491;706
1,1445,1525,1,0,91,10,5,128;150;364;420;709;377;886;461;764;413
0,1483,1562,1,0,0,10,0,90;112;326;382;671;339;848;444;726;386
1,1497,1551,1,0,79,10,2,76;98;312;368;657;325;834;430;712;372
1,1500,1574,1,0,79,10,2,73;95;289;365;654;322;831;427;709;369
1,1407,1491,1,0,77,10,2,166;188;402;458;728;415;901;520;802;462
1,1413,1489,1,1,79,10,5,160;182;396;452;728;409;900;514;796;456
0,1425,1511,1,0,0,10,0,148;170;384;440;728;397;900;502;784;413
1,1431,1500,1,1,88,10,5,142;164;378;434;723;391;900;496;778;413
1,1364,1442,1,3,79,8,4,209;199;445;463;790;458;952;563
1,1369,1454,1,0,78,8,2,204;199;440;463;741;453;952;558
1,1397,1666,1,0,72,9,4,176;198;412;463;741;425;934;530;812
1,1398,1449,1,0,74,9,4,175;197;411;463;741;424;901;529;811
1,1283,1357,1,0,141,7,2,224;226;465;463;871;539;958
0,1303,1357,1,0,0,7,0,224;226;465;463;851;519;952
1,1361,1416,1,0,78,8,3,212;226;448;463;793;461;952;566
1,1363,1447,1,1,78,8,4,210;203;446;463;791;459;952;564
1,1767,1841,1,0,119,15,4,42;98;387;55;564;160;442;99;429;744;675;959;950;584;1013
1,1750,1808,1,0,105,15,2,58;115;404;72;581;177;459;99;454;761;692;976;967;601;1030
1,1782,1849,1,1,115,15,2,27;83;372;40;549;145;427;87;428;729;615;944;935;569;998
1,1776,1842,1,0,118,15,4,33;89;378;46;555;151;433;93;429;735;638;950;941;575;1004
1,1684,1770,1,0,89,10,2,58;181;470;138;637;243;525;99;526;827
1,1667,1749,1,0,99,10,2,58;198;487;155;664;260;542;99;543;844
0,1738,1803,1,1,0,15,0,58;127;416;84;593;189;471;99;454;773;704;988;979;613;1042
1,1703,1775,1,0,123,13,1,58;162;451;119;621;224;506;99;507;808;739;1023;1014
1,1594,1646,1,0,75,9,3,1;215;271;560;228;737;333;550;99
1,1582,1666,1,0,71,9,1,6;227;282;572;240;749;345;627;99
1,1644,1878,1,0,113,10,4,165;221;510;178;687;283;550;99;566;867
1,1611,1667,1,0,78,9,2,198;254;543;211;720;316;550;99;599
0,1554,1642,1,0,0,10,0,19;41;255;311;600;268;777;373;655;99
1,1553,1774,1,0,78,10,7,20;42;256;312;601;269;778;374;656;316
1,1577,1642,1,0,74,9,3,6;232;288;577;245;754;350;632;99
1,1567,1844,1,0,73,10,5,6;28;242;298;587;255;764;360;642;99
1,2113,2197,1,0,145,20,4,3;218;96;97;398;329;613;604;238;613;698;551;540;430;492;815;442;328;711;785
1,2175,2460,1,0,74,20,14,156;34;35;336;267;551;542;176;605;636;516;478;368;430;815;380;258;649;723;767
1,2084,2160,1,0,133,19,4,50;247;125;126;427;358;642;633;267;613;727;607;553;459;521;815;471;357;740
1,2108,2193,1,0,141,19,4,46;223;101;102;403;334;618;609;243;613;703;551;545;435;497;815;447;333;716
1,2044,2278,1,0,147,18,10,110;287;165;166;467;398;682;673;307;613;767;647;553;499;561;1004;511;397
1,2055,2142,1,0,161,19,3,99;276;154;155;456;387;671;662;296;613;756;636;553;488;550;815;500;386;769
1,2000,2073,1,1,160,18,4,154;331;209;210;511;442;726;717;351;780;811;691;553;543;605;1048;555;441
1,2018,2270,1,1,151,18,9,136;313;191;192;493;424;708;699;333;762;793;673;553;525;587;1030;517;423
1,1901,2179,1,0,100,16,11,253;430;26;308;309;610;541;825;816;450;879;910;790;553;642;650
1,1964,2043,1,1,140,18,3,190;367;245;246;547;478;762;753;387;816;847;717;553;579;641;1084;591;477
1,1866,2137,1,1,85,17,12,288;465;61;343;3;344;645;576;860;851;485;914;928;795;787;677;739
1,1869,2069,1,1,103,17,9,285;462;58;340;0;341;642;573;857;848;482;911;928;795;553;674;736
1,1818,1878,1,0,93,18,7,47;336;4;513;109;391;51;392;693;615;908;899;533;962;928;873;835;725
1,1845,1919,1,0,115,18,6,20;309;486;82;364;24;365;666;597;881;872;506;935;928;846;793;698;760
1,1783,1834,1,0,103,15,2,26;82;371;39;548;144;426;86;424;728;615;943;934;568;997
1,1805,2026,1,0,111,18,7,4;60;349;17;526;122;404;64;405;706;615;921;912;546;975;1006;886;848
1,2421,2482,1,0,59,18,2,90;21;305;296;329;390;111;232;122;184;627;134;20;403;477;521;607;523
1,2417,2493,1,0,65,18,2,94;25;309;300;363;394;111;236;126;188;631;138;24;407;481;525;611;527
1,2383,2664,1,1,82,18,13,128;59;343;334;397;428;111;270;158;222;665;172;58;424;515;559;645;561
1,2373,2610,1,0,73,18,9,138;69;353;344;407;438;318;280;158;232;675;182;68;424;525;569;655;571
1,2355,2420,1,0,82,17,4,156;87;371;362;425;442;336;298;158;250;693;200;86;469;543;587;673
1,2323,2388,1,0,83,19,4,8;188;119;403;394;28;457;488;368;330;158;259;725;232;118;501;575;619;705
1,2321,2408,1,0,88,19,5,10;190;121;405;396;30;459;490;370;331;222;259;727;234;120;503;577;621;707
1,2320,2408,1,0,75,19,2,11;191;122;406;397;31;460;491;371;331;223;271;728;235;121;504;578;622;708
1,2293,2353,1,0,97,19,3,38;218;149;433;424;58;487;518;398;360;250;271;755;251;148;531;605;649;735
1,2287,2360,1,0,82,19,4,44;224;155;439;430;64;493;524;399;366;256;271;761;268;154;537;611;655;741
1,2273,2355,1,0,90,18,4,58;238;169;453;444;78;507;538;418;380;270;271;775;282;168;551;616;669
1,2257,2346,1,1,65,18,2,74;254;185;469;460;94;523;554;434;396;286;348;791;298;184;567;616;685
1,2213,2485,1,0,81,18,11,94;298;229;513;504;138;567;598;478;440;330;392;815;342;228;611;616;729
1,2211,2274,1,0,66,18,2,95;300;231;515;506;140;569;600;480;442;332;394;815;344;230;613;616;731
1,2209,2266,1,0,66,20,2,122;0;1;302;233;517;508;142;571;602;482;444;334;396;815;346;232;615;616;733
1,2178,2254,1,1,74,20,3,153;31;32;333;264;548;539;173;602;633;513;475;365;427;815;377;258;646;616;764
0,153,204,1,0,0,8,0,448;434;369;210;315;307;437;158
0,136,193,1,0,0,8,0,465;451;386;227;332;324;454;175
1,114,380,1,0,99,8,5,487;473;408;249;354;346;476;197
1,58,126,1,0,98,8,2,543;529;464;305;379;402;532;253
1,27,101,1,0,111,8,2,574;560;495;336;441;433;563;284
0,0,62,1,1,0,8,0,601;587;522;363;468;460;590;311
1,340,418,1,0,98,11,1,261;247;182;23;128;120;250;640;384;663;814
1,343,551,1,0,106,11,3,258;244;179;20;125;117;247;637;381;660;791
0,288,370,1,0,0,12,0,313;299;234;75;180;172;302;8;692;436;715;817
0,292,344,1,0,0,12,0,309;295;230;71;176;168;298;8;688;432;711;817
1,256,343,1,0,106,12,1,345;331;266;107;212;204;334;8;724;468;747;898
0,283,351,1,0,0,12,0,318;304;239;80;185;177;307;8;697;441;720;817
0,209,259,1,1,0,9,0,392;378;313;154;259;251;381;102;771
1,242,530,1,0,119,10,5,359;345;280;121;226;218;348;69;738;482
1,426,513,1,1,96,11,2,175;161;96;42;34;152;554;233;577;728;499
1,444,519,1,0,78,12,2,157;143;17;24;16;146;536;233;559;710;481;736
1,404,629,1,0,99,10,2,197;183;118;64;56;152;576;320;599;732
1,419,491,1,0,97,11,2,182;168;103;49;41;152;561;233;584;732;506
1,366,434,1,0,89,10,1,205;221;156;102;94;224;614;358;637;732
1,395,458,1,0,80,10,1,205;192;127;73;65;195;585;329;608;732
1,354,431,1,1,96,11,1,247;233;168;9;114;106;236;626;370;649;762
1,355,650,1,0,89,11,7,246;232;167;8;113;105;235;625;369;648;732
276
3625,4072,97.99,10
3624,4432,27.81,9
3777,4491,275.74,8
3643,4145,214.12,8
3418,4144,271.99,9
3325,4127,321.21,10
3584,4378,329.44,8
3522,4186,273.61,10
4091,5082,303.89,10
4031,4658,170.01,8
4349,4878,60.24,9
4166,4899,467.55,9
3876,4516,110.25,11
3799,4608,337.44,8
3913,4666,169.59,9
3902,4339,155.15,10
2516,2894,36.75,9
2527,3416,260.58,10
2533,3465,113.56,9
2545,3394,196.16,11
2112,2898,107.20,9
2155,2942,78.70,11
2287,3028,108.40,8
2361,2944,0.00,8
3037,3514,290.21,10
3048,3613,274.16,10
3086,3650,197.33,8
3143,4049,347.39,9
2569,3150,474.14,10
2781,3454,96.58,10
2811,3286,136.32,10
2914,3515,220.62,8
1791,2811,151.75,9
1735,2780,242.57,9
1718,2351,10.82,8
1703,2717,0.00,8
1701,2726,0.00,10
1697,2442,60.08,9
1616,2511,41.26,9
1597,2210,102.95,9
2046,2824,98.06,11
1963,2441,70.37,11
1957,2555,83.74,8
1921,3048,216.56,10
1845,2605,176.03,10
1815,2543,111.75,10
1804,2653,379.67,9
1802,2691,408.01,8
865,1573,453.44,11
945,1595,342.22,9
493,1272,188.74,10
604,1160,115.70,9
481,1047,281.36,9
489,1237,292.94,8
413,925,135.27,10
429,1180,0.00,8
1395,2209,77.28,11
1400,1869,261.94,11
1253,2331,237.71,11
1350,1927,35.32,8
1246,2154,168.22,11
1248,1822,0.00,9
1018,1809,372.89,10
1200,1865,215.40,11
0,601,41.12,6
0,587,0.00,7
0,522,79.11,5
0,363,0.00,5
0,468,62.39,9
0,460,0.00,5
0,590,79.88,8
0,311,134.55,4
228,724,201.47,10
161,980,116.11,8
254,1154,411.97,11
247,1003,338.68,11
8720,9577,75.23,11
8691,9584,88.94,11
8790,9632,162.51,11
8754,9622,324.87,10
8854,9842,67.59,11
8806,9653,448.74,10
8998,9810,166.78,8
8875,9628,134.46,9
8242,8763,111.50,8
8239,8888,0.00,10
8302,8913,0.00,11
8251,9020,240.91,8
8508,9051,150.59,9
8376,9099,0.00,10
8645,9549,155.62,8
8540,9175,225.39,9
9554,10327,47.49,10
9633,10287,111.79,11
9647,10499,280.20,8
9665,10152,68.45,9
9701,10101,0.00,8
9728,10352,161.27,10
9736,10359,269.67,8
9794,10459,153.88,10
9050,9646,128.82,9
9060,9719,181.23,9
9170,9716,227.09,8
9188,9823,167.86,10
9329,9949,132.06,10
9409,9965,23.94,8
9495,10328,222.97,8
9552,10092,196.08,8
10328,10976,179.00,11
10257,11150,338.14,9
10221,10700,201.87,9
10212,10698,58.57,10
10709,11473,0.00,8
10561,11029,125.44,11
10467,11407,145.05,8
10331,11166,71.05,10
10091,10756,185.02,10
9928,10790,45.06,10
9928,10802,289.91,8
9885,10711,0.00,10
10210,10983,208.66,9
10201,10744,98.17,10
10194,11153,188.17,11
10175,10955,20.66,8
11244,12175,159.56,9
11513,12504,228.43,9
11071,12004,356.35,11
11227,11572,0.00,8
11589,12110,201.69,8
11615,12089,82.12,11
11522,12463,219.25,11
11555,12251,159.86,10
10767,11233,128.55,10
10793,11747,309.17,8
10724,11377,172.65,8
10765,11499,24.71,9
11010,11837,243.43,10
11019,11730,50.81,10
10881,12063,120.67,10
10946,11478,31.19,11
5171,5821,135.48,9
5147,5851,69.92,8
5325,5978,309.93,10
5231,5857,120.90,9
4955,5711,228.27,10
4939,5795,239.29,11
5133,5560,109.60,11
5103,5628,126.98,9
4839,5347,175.68,8
4832,5747,231.67,8
4882,5604,236.41,11
4858,5491,42.33,8
4624,5217,0.00,9
4615,5294,62.04,9
4771,5350,45.70,11
4652,5037,61.64,11
5715,6494,66.28,9
5789,6535,397.01,9
5855,6588,286.01,10
5856,6396,0.00,8
5604,6624,206.97,9
5660,6250,97.06,10
5673,5970,55.73,11
5702,6595,133.85,11
5500,6349,228.52,10
5501,6329,58.66,10
5543,6230,291.85,9
5557,6167,171.60,10
5453,6364,321.98,11
5458,6176,0.00,9
5486,5909,0.00,10
5493,6404,338.09,10
7357,7951,0.00,10
7257,7894,187.24,11
7245,7775,180.38,11
7227,8184,157.50,10
7223,7927,261.07,9
7145,8264,164.87,8
7133,7691,0.00,8
6882,7705,203.47,11
6777,7596,228.74,8
6596,7408,130.23,10
6469,7173,328.80,10
6372,7116,306.31,10
6296,6990,297.69,9
6150,6863,313.91,8
6017,6533,112.67,9
5947,7052,192.04,10
8163,8987,302.59,10
8189,8681,61.64,9
8069,8656,235.20,10
8104,8845,179.91,10
7995,8596,242.21,9
8059,8640,61.10,9
7756,8774,239.09,9
7917,8547,63.31,11
7631,8087,81.04,11
7740,8414,119.18,10
7590,8258,158.10,10
7605,8421,188.55,9
7476,8148,290.36,11
7481,8249,78.68,11
7391,7950,0.00,9
7429,8103,130.01,8
15353,16136,259.21,8
15391,16380,55.04,10
15457,16278,0.00,10
15465,16241,158.05,10
15615,16203,0.00,8
15691,16339,156.62,10
15815,16598,0.00,8
15835,16552,0.00,11
12063,12873,255.35,10
12093,12879,78.71,9
12093,13020,324.78,8
12143,12570,224.88,8
11793,12424,317.75,10
11941,12748,382.33,8
11976,12840,86.92,10
12041,13313,486.33,10
12519,13183,229.04,10
12624,13699,139.64,10
12755,13558,0.00,11
12805,13531,222.97,9
12194,12679,115.53,10
12205,12619,0.00,8
12257,13157,245.60,9
12258,12983,200.45,9
13083,13915,53.07,8
13081,13637,0.00,10
13123,13839,113.63,9
13095,13858,107.08,8
12871,13531,0.00,10
12847,13705,330.35,11
13075,13873,104.75,11
12879,13493,211.81,9
13384,14052,100.53,10
13369,14210,62.65,9
13464,14239,0.00,11
13386,14030,315.47,11
13214,13997,216.14,9
13159,13754,203.19,8
13323,13964,51.16,10
13248,13925,72.63,9
13767,14544,58.52,11
13812,14511,115.49,9
13682,14319,164.03,8
13722,14496,69.95,9
13637,14239,17.07,8
13666,14404,215.84,8
13492,14043,107.35,8
13586,14480,263.30,9
14187,14897,0.00,9
14203,14981,0.00,8
14107,14843,261.53,8
14124,14985,302.24,10
14059,14645,64.40,8
14078,14691,49.42,8
13889,14169,24.43,8
14032,14832,284.78,9
14651,15271,185.18,10
14548,15206,136.34,11
14481,15415,247.56,10
14421,15281,172.74,11
14321,14977,106.74,9
14282,14872,26.99,8
14247,14762,0.00,11
14204,15256,446.20,9
15317,16290,0.00,11
15177,15827,229.19,9
15142,16088,114.45,10
14953,15810,462.70,8
14899,15541,319.98,9
14876,15588,162.69,10
14872,15272,88.19,10
14848,15738,181.84,8
