1002
1,14259,14348,1,0,0,11,3,41;143;391;252;248;574;391;311;666;595;957
1,14212,14474,1,0,0,13,6,88;39;190;438;9;299;265;621;391;358;666;604;957
1,14201,14415,1,1,0,13,6,99;50;201;449;20;310;265;632;391;369;666;816;957
1,14179,14466,1,1,0,13,9,121;72;223;450;42;332;265;654;391;391;666;838;1057
0,14281,14368,1,0,0,14,0,19;121;355;230;226;552;391;289;666;595;934;849;416;620
1,14277,14342,1,1,0,14,3,23;125;355;234;230;556;391;293;666;595;957;853;558;814
1,14277,14500,1,1,0,14,7,23;125;355;234;230;556;391;293;666;595;934;853;558;814
1,14277,14567,1,0,0,14,9,23;125;355;234;230;556;391;293;666;595;934;853;558;620
1,14338,14544,1,0,0,17,9,64;312;173;169;495;370;232;666;595;898;792;416;620;577;679;648;712
1,14299,14537,1,1,0,16,4,1;103;346;212;208;534;391;271;666;595;934;831;416;620;723;718
1,14295,14349,1,0,0,16,3,5;107;353;216;212;538;391;275;666;595;934;835;416;620;727;722
1,14290,14343,1,0,0,16,3,10;112;355;221;217;543;391;280;666;595;934;840;416;620;732;727
1,14355,14437,1,0,0,17,1,47;295;156;152;478;353;215;660;580;881;591;416;620;577;662;631;695
1,14348,14429,1,1,0,17,4,54;302;163;159;485;360;222;666;595;888;591;416;620;577;669;638;702
0,14348,14399,1,1,0,17,0,54;302;163;159;485;360;222;666;580;888;591;416;620;577;669;638;702
0,14339,14394,1,1,0,17,0,63;311;172;168;494;369;231;666;595;897;591;416;620;577;678;647;711
1,13912,13978,1,0,0,9,1,351;202;339;490;483;309;560;595;921
1,13957,14028,1,0,0,10,1,343;160;294;445;483;264;554;550;876;751
1,13907,13977,1,0,0,8,2,393;202;344;495;743;314;560;600
1,13910,14201,1,0,0,8,6,351;202;341;492;740;311;560;597
1,14038,14093,1,0,0,10,1,262;79;213;364;483;183;473;363;795;670
1,14060,14305,1,0,0,10,6,240;57;191;342;483;161;451;363;758;648
1,13991,14215,1,0,0,10,5,309;126;260;411;483;230;520;516;842;717
1,14006,14235,1,0,0,10,3,294;111;245;396;483;215;505;363;827;702
1,14109,14383,1,1,0,12,6,191;8;142;293;456;112;402;363;724;599;461;859
1,14114,14192,1,0,0,12,3,186;3;137;288;456;107;397;363;719;594;456;666
1,14068,14156,1,0,0,11,1,232;49;183;334;456;153;443;363;758;640;502
1,14101,14177,1,0,0,12,3,199;16;150;301;456;118;410;363;732;607;469;914
1,14144,14410,1,1,0,11,6,156;107;258;450;77;367;336;689;526;426;666
1,14172,14251,1,1,0,13,1,128;79;230;450;49;339;335;661;391;398;666;845;1064
1,14131,14186,1,1,0,11,1,169;120;271;450;90;380;363;702;577;439;666
1,14136,14194,1,1,0,11,1,164;115;266;450;85;375;363;697;526;434;666
1,13751,13817,1,0,0,7,1,38;69;136;549;366;147;500
0,13744,13814,1,0,0,8,0,45;2;76;143;556;373;154;507
1,13771,13831,1,0,0,7,1,11;20;116;529;346;127;480
1,13758,13823,1,0,0,7,2,31;20;129;542;359;140;493
1,13779,13847,1,0,0,8,1,10;20;108;504;301;119;472;623
1,13772,13838,1,1,0,7,1,11;20;115;504;345;126;479
0,13803,13888,1,0,0,7,0,17;84;497;301;95;448;599
0,13780,13832,1,1,0,8,0,9;20;107;504;301;118;471;622
1,13824,14048,1,0,0,6,2,63;476;262;74;427;578
1,13823,13879,1,0,0,6,1,64;477;294;75;428;579
1,13836,13912,1,0,0,6,1,51;464;262;62;356;566
0,13828,13901,1,0,0,6,0,59;472;262;70;356;574
1,13880,13939,1,0,0,9,1,7;420;237;18;356;522;770;341;631
0,13863,13939,1,1,0,8,0,24;433;254;35;356;539;787;358
1,13889,14171,1,1,0,8,4,411;202;9;356;513;761;332;622
1,13888,13955,1,1,0,8,1,412;214;10;356;514;762;333;623
1,13488,13542,1,0,0,7,1,301;68;258;332;396;812;629
1,13496,13557,1,0,0,8,2,293;60;250;324;378;804;621;402
1,13519,13606,1,0,0,8,1,270;37;227;301;368;781;598;379
1,13533,13791,1,0,0,9,5,256;23;213;287;354;767;563;365;718
1,13547,13620,1,0,0,9,1,242;9;199;273;340;747;563;351;704
0,13554,13618,1,0,0,9,0,235;2;192;266;310;746;563;344;697
1,13564,13639,1,0,0,8,1,225;182;256;310;736;553;334;687
1,13575,13640,1,1,0,8,1,214;171;245;293;725;542;323;676
1,13585,13644,1,0,0,8,1,204;161;235;293;715;532;313;666
0,13587,13667,1,1,0,8,0,202;159;233;288;713;530;311;664
1,13593,13680,1,0,0,8,2,196;153;227;288;707;524;305;658
0,13630,13710,1,1,0,8,0,159;116;190;257;670;487;268;621
0,13679,13751,1,0,0,8,0,110;67;141;208;621;438;219;572
0,13696,13773,1,0,0,8,0,93;50;124;191;604;421;202;555
1,13701,13760,1,0,0,8,1,88;45;119;186;599;416;197;550
0,13715,13795,1,0,0,8,0,74;31;105;172;585;385;183;536
1,14800,14865,1,1,0,17,6,33;213;217;436;330;35;291;222;217;186;250;329;167;232;823;436;639
1,14807,14895,1,0,0,17,7,26;208;210;429;323;28;284;215;210;179;243;322;160;225;776;436;632
1,14759,14839,1,1,0,16,8,74;213;258;477;371;71;332;263;258;215;291;370;208;240;863;436
1,14767,14854,1,1,0,16,5,48;213;250;469;363;68;324;255;250;215;283;362;200;240;856;436
1,14747,14967,1,0,0,16,6,86;213;270;489;383;71;344;275;270;215;303;382;220;262;863;615
1,14757,14846,1,1,0,16,5,76;213;260;479;373;71;334;265;260;215;293;372;210;262;863;436
1,14640,14711,1,0,0,16,5,10;193;68;213;377;564;490;195;451;382;287;346;410;489;327;392
1,14639,14726,1,0,0,16,5,11;194;69;213;378;597;491;196;452;383;287;347;411;490;328;393
0,14663,14716,1,0,0,16,0,170;45;213;354;564;467;172;428;359;287;323;387;466;304;369;863
1,14654,14953,1,1,0,16,15,179;54;213;358;564;476;181;437;368;287;332;396;475;313;378;969
1,14586,14675,1,1,0,15,2,64;247;122;213;431;650;535;249;505;424;287;400;464;532;381
1,14579,14630,1,1,1,15,6,71;254;129;213;438;657;551;256;512;424;287;407;471;532;388
1,14609,14677,1,0,0,16,2,41;224;99;213;408;627;521;226;482;413;287;377;441;520;358;423
0,14609,14660,1,0,0,16,0,41;224;99;213;408;627;521;226;482;408;287;377;441;520;358;423
1,14708,14764,1,0,0,16,2,125;0;213;309;528;422;127;383;314;287;267;342;421;259;262;863
1,14694,14750,1,1,0,16,6,139;14;213;323;542;436;141;397;328;287;267;356;435;273;262;863
1,14740,14817,1,0,1,15,7,93;213;277;496;390;95;351;282;277;215;310;389;227;262;863
1,14737,14804,1,0,0,15,2,96;213;280;499;393;98;354;285;280;249;313;392;230;262;863
1,14672,14748,1,0,0,16,2,161;36;213;345;564;458;163;419;350;287;314;378;457;295;360;863
1,14667,14744,1,0,0,16,5,166;41;213;350;564;463;168;424;355;287;319;383;462;300;365;863
1,14688,14741,1,1,0,16,2,145;20;213;329;548;442;147;403;334;287;277;362;441;279;262;863
1,14683,14912,1,1,0,16,7,150;25;213;334;553;447;152;408;339;287;277;367;446;284;349;863
1,14427,14513,1,0,0,17,7,223;84;80;406;281;143;588;580;790;591;408;620;577;590;559;623;702
1,14447,14528,1,0,0,18,2,203;64;60;386;261;123;568;570;789;591;388;620;575;570;539;558;682;520
0,14451,14516,1,0,0,18,0,199;60;56;382;257;119;564;566;785;591;384;620;569;566;535;558;678;516
0,14454,14531,1,1,0,18,0,196;57;53;379;254;116;561;563;782;591;381;620;568;563;532;558;675;513
1,14359,14437,1,1,0,17,3,43;291;152;148;474;349;211;656;580;877;591;416;620;577;658;566;691
0,14392,14472,1,1,0,17,0,10;258;119;115;441;316;178;623;580;844;591;416;620;577;625;566;658
1,14408,14492,1,1,0,16,5,242;103;99;425;300;162;607;580;828;591;416;620;577;609;566;642
1,14411,14488,1,0,1,16,5,239;100;96;422;295;159;604;580;825;591;416;620;577;606;566;639
1,14527,14738,1,0,0,16,6,123;306;181;20;488;490;709;591;293;564;495;287;459;523;557;440
1,14556,14830,1,0,0,16,13,94;277;152;14;459;461;680;574;279;535;466;287;430;494;532;411
1,14557,14642,1,0,0,16,6,93;276;151;13;213;460;679;573;278;534;465;287;429;493;532;410
1,14573,14653,1,0,0,15,2,77;260;135;213;444;663;554;262;518;449;287;413;477;532;394
1,14479,14558,1,0,0,18,2,171;32;28;354;229;91;536;538;757;591;356;612;543;538;507;558;650;488
1,14502,14564,1,1,1,18,6,148;9;5;331;206;20;513;515;734;591;333;589;520;515;484;548;627;465
1,14511,14780,1,1,1,17,14,139;0;322;197;20;504;506;725;591;293;580;511;506;475;539;618;456
1,14513,14590,1,1,0,16,6,137;320;195;20;502;504;723;591;293;578;509;287;473;537;616;454
1,12530,12595,1,0,0,8,1,233;3;345;194;435;603;552;509
0,12535,12587,1,0,0,8,0,228;329;189;430;603;552;504;729
1,12491,12575,1,1,0,9,1,7;272;42;416;233;438;603;552;548
1,12521,12592,1,0,0,8,1,242;12;386;201;438;603;552;518
1,12591,12680,1,0,0,8,2,172;306;133;374;603;528;448;673
1,12596,12674,1,0,0,8,1,167;306;128;359;603;528;443;668
1,12548,12603,1,1,0,8,1,215;329;176;417;603;552;491;716
1,12582,12670,1,0,1,8,2,181;306;142;383;603;552;457;682
0,12400,12457,1,0,0,8,0,98;59;363;133;507;324;452;790
1,12412,12707,1,0,1,8,4,86;47;351;121;495;312;452;787
1,12369,12652,1,1,0,8,7,129;90;372;164;519;355;596;790
0,12387,12438,1,0,0,8,0,111;72;372;146;519;337;452;790
1,12470,12755,1,0,0,9,5,28;293;63;437;254;452;603;754;569
1,12490,12554,1,0,0,9,2,8;273;43;417;234;452;603;552;549
1,12413,12472,1,0,0,8,3,85;46;350;120;494;311;452;603
1,12458,12541,1,1,0,10,2,40;1;305;75;449;266;452;603;766;581
1,12307,12380,1,1,0,8,1,36;170;152;372;167;600;369;658
0,12303,12353,1,1,0,8,0,40;170;156;372;167;604;369;662
0,12302,12372,1,1,0,8,0,41;170;157;372;167;605;369;663
1,12298,12357,1,1,0,8,2,45;191;161;372;167;609;369;667
1,12356,12438,1,0,0,8,3,142;103;372;167;519;368;609;810
1,12350,12423,1,0,0,8,1,148;109;372;167;557;369;615;810
1,12319,12394,1,1,0,9,3,24;170;129;372;167;588;369;646;880
1,12319,12371,1,1,0,9,1,24;170;129;372;167;588;369;646;810
1,12202,12286,1,1,0,8,1,141;23;191;257;372;331;705;369
1,12200,12284,1,0,0,8,3,143;23;191;259;373;333;707;369
1,12198,12287,1,0,0,8,2,145;23;196;261;373;335;709;369
0,12183,12234,1,0,0,8,0,160;23;196;276;373;350;724;369
1,12283,12344,1,0,1,8,1,60;191;176;372;167;624;369;682
1,12253,12341,1,0,0,7,1,90;191;206;372;167;654;369
0,12250,12314,1,0,0,7,0,93;191;209;372;167;657;369
1,12240,12512,1,1,0,7,4,103;191;219;372;293;667;369
1,12115,12178,1,0,0,9,1,228;23;200;344;52;577;383;792;369
1,12121,12341,1,0,0,9,4,222;23;200;338;28;577;383;786;369
0,12141,12203,1,1,0,9,0,202;23;196;318;26;577;383;766;369
1,12149,12409,1,0,0,9,4,194;23;196;310;18;577;383;758;369
0,12154,12374,1,0,0,9,0,189;23;196;305;13;411;379;753;369
0,12163,12240,1,1,0,9,0,180;23;196;296;4;411;370;744;369
1,12167,12242,1,0,0,9,3,176;23;196;292;0;411;366;740;369
0,12175,12238,1,0,0,8,0,168;23;196;284;373;358;732;369
1,12063,12341,1,0,0,11,6,268;22;0;23;415;396;104;586;470;844;661
1,12071,12121,1,0,1,10,2,268;14;23;415;388;96;586;383;836;653
1,12081,12347,1,0,0,10,2,262;4;23;415;378;86;586;383;826;632
1,12084,12156,1,0,0,10,1,259;1;23;200;375;83;586;383;823;632
1,12085,12358,1,1,0,10,5,258;0;23;200;374;69;586;383;822;632
0,12094,12178,1,0,0,9,0,249;23;200;365;69;577;383;813;630
1,12105,12373,1,0,0,9,3,238;23;200;354;62;577;383;802;619
0,12113,12194,1,1,0,9,0,230;23;200;346;54;577;383;794;369
0,11977,12039,1,0,0,10,0,366;106;86;66;256;415;482;190;586;556
1,11968,12196,1,0,0,9,5,375;106;95;75;265;415;491;199;795
1,11992,12055,1,0,0,11,3,351;93;71;51;241;415;467;175;586;541;915
1,11986,12066,1,0,0,10,2,357;99;77;57;247;415;473;181;586;547
1,12007,12058,1,0,0,11,2,336;78;56;15;226;415;452;160;586;478;900
1,11999,12233,1,1,0,11,6,344;86;64;15;234;415;460;168;586;534;908
1,12043,12096,1,0,0,12,1,300;42;20;0;23;415;416;124;586;478;864;681
1,12019,12225,1,0,0,11,1,324;66;44;15;214;415;440;140;586;478;888
1,11842,11905,1,0,0,9,3,33;501;243;221;201;391;415;535;325
0,11840,11924,1,0,0,9,0,35;503;245;223;203;393;415;535;327
1,11855,11925,1,0,0,9,3,20;488;230;161;188;378;415;535;312
1,11848,11927,1,0,0,9,2,27;489;237;215;195;385;415;535;319
0,11891,11955,1,0,0,8,0,452;194;157;152;342;415;535;276
1,11873,11947,1,1,0,9,2,2;470;212;161;170;360;415;535;294
1,11953,12005,1,0,0,9,3,390;132;110;90;280;415;497;214;810
1,11945,11996,1,0,0,9,3,398;140;118;98;288;415;514;222;818
1,13457,13661,1,0,0,6,4,332;99;289;363;430;819
1,13470,13532,1,0,0,6,1,319;86;276;350;417;819
1,13435,13488,1,0,0,6,2,354;121;290;376;452;865
1,13442,13513,1,0,0,6,1,347;114;290;376;445;819
1,13414,13496,1,0,0,6,1,375;125;290;376;473;886
1,13417,13491,1,0,0,6,2,372;125;290;376;460;883
0,13367,13423,1,0,0,7,0,13;422;180;290;376;511;933
1,13396,13657,1,0,0,6,1,393;160;290;376;491;904
1,13357,13426,1,0,0,7,1,23;432;199;290;376;530;937
1,13361,13429,1,0,0,7,1,19;428;195;290;376;511;937
1,13313,13581,1,1,0,7,3,67;476;239;290;412;557;987
1,13314,13539,1,1,0,7,3,66;475;239;290;412;557;937
1,13283,13369,1,0,0,6,2,97;506;239;290;412;604
0,13291,13370,1,0,0,6,0,89;498;239;290;412;557
1,13259,13326,1,0,0,7,1,5;108;530;290;290;412;628
1,13276,13364,1,1,0,6,1,104;513;245;290;412;611
1,13257,13538,1,0,0,6,1,7;108;531;299;290;412
1,13232,13481,1,0,0,6,2,32;131;531;324;290;412
1,13229,13316,1,0,0,6,1,35;131;560;327;290;412
1,13214,13299,1,1,0,8,1,10;50;166;575;2;342;290;412
1,13209,13465,1,0,0,8,4,15;54;171;580;7;347;531;412
1,13204,13455,1,1,0,8,3,20;54;176;585;12;352;531;616
1,13167,13232,1,0,0,11,2,32;57;97;213;622;27;49;23;389;531;628
1,13165,13217,1,1,0,11,5,34;59;99;215;624;29;51;25;391;531;655
1,13149,13418,1,0,0,11,4,50;75;113;231;640;45;67;41;407;545;671
1,13123,13198,1,1,0,11,2,76;101;113;235;653;71;93;67;433;545;697
1,13122,13183,1,1,0,11,2,77;102;113;258;653;72;94;68;434;545;698
1,13068,13157,1,0,0,10,4,131;156;196;312;653;126;148;122;488;545
0,13059,13147,1,1,0,10,0,140;165;205;321;653;129;157;131;497;545
1,13049,13296,1,1,0,10,5,150;175;215;331;653;129;167;141;507;679
1,13034,13243,1,0,0,12,5,165;190;5;230;346;9;685;129;182;156;522;679
1,13032,13092,1,0,0,12,2,167;192;7;232;348;11;710;129;184;158;524;679
1,12947,13000,1,1,0,12,1,18;252;234;92;317;433;52;710;147;269;243;609
0,12963,13033,1,0,0,13,0,2;236;234;76;301;417;52;710;147;253;222;593;783
1,12982,13035,1,1,0,12,5,217;234;57;282;398;52;710;147;234;208;574;764
1,13004,13241,1,0,0,12,5,195;220;35;260;376;39;710;129;212;186;552;742
1,12917,12980,1,0,0,12,4,48;282;307;122;347;463;66;710;277;299;257;614
1,12918,13003,1,1,0,12,4,47;281;279;121;346;462;66;710;276;298;257;614
1,12921,12993,1,1,0,12,3,44;278;279;118;343;459;52;710;273;295;257;614
1,12927,13195,1,1,0,12,8,38;272;234;112;337;453;52;710;267;289;257;614
1,12858,12918,1,1,0,13,2,49;107;341;366;181;406;522;66;710;336;358;257;614
0,12897,12976,1,0,0,13,0,10;68;302;327;142;367;483;66;710;297;319;257;614
0,12905,12977,1,0,0,13,0,2;60;294;319;134;359;475;66;710;289;311;257;614
1,12917,12998,1,0,0,12,2,48;282;307;122;347;463;66;710;277;299;257;614
1,12820,13047,1,0,0,13,7,87;145;379;404;219;444;548;66;856;374;396;370;736
1,12832,13053,1,0,0,13,5,75;133;367;392;207;432;548;66;856;362;384;358;614
1,12840,13127,1,0,0,13,8,67;125;359;384;199;424;540;66;856;354;376;269;614
1,12856,13147,1,1,0,13,7,51;109;343;368;183;408;524;66;856;338;360;257;614
1,12744,12819,1,0,0,12,2,19;159;221;455;480;295;520;553;299;856;450;472
1,12738,12789,1,0,0,12,2,25;169;227;461;486;301;526;553;305;856;456;478
0,12780,12848,1,0,0,11,0,127;185;419;444;259;484;548;66;856;414;436
1,12751,13034,1,1,0,12,7,12;156;214;448;473;288;513;548;292;856;443;465
1,12688,12766,1,0,0,11,2,75;219;12;277;511;525;344;576;553;355;1101
1,12684,12766,1,1,0,11,1,76;223;40;281;515;525;344;580;553;359;1105
1,12728,13022,1,0,1,12,10,35;179;237;471;496;311;536;553;315;877;466;488
1,12708,12978,1,0,0,12,9,55;199;12;257;491;516;331;556;553;335;1081;486
1,12653,12740,1,0,0,10,2,110;254;71;312;546;528;344;611;553;390
1,12649,12714,1,0,0,10,2,114;254;74;316;550;528;390;615;553;394
1,12657,12720,1,1,0,10,2,76;250;67;308;542;525;344;607;553;386
1,12654,12721,1,0,0,10,2,76;253;70;311;545;528;344;610;553;389
1,12632,12850,1,0,0,9,5,131;275;92;333;567;528;407;632;748
1,12604,12666,1,1,0,9,1,159;303;120;359;586;528;435;660;776
1,12640,12696,1,0,0,10,2,123;267;74;325;559;528;399;624;553;403
1,12635,12691,1,0,0,9,1,128;272;89;330;564;528;404;629;553
1,48,112,1,0,0,10,1,106;90;778;47;8;428;354;895;613;481
1,45,97,1,0,0,10,1,109;125;781;50;11;431;354;898;616;484
0,41,94,1,0,0,10,0,113;129;785;54;15;435;354;902;620;488
1,26,95,1,0,0,7,1,128;144;800;69;30;450;421
1,1602,1674,1,0,0,15,2,47;34;229;203;187;228;667;252;701;457;301;226;574;326;422
1,1688,1928,1,0,1,16,10,157;117;101;142;581;189;615;371;215;226;488;240;422;751;846;992
1,1693,1982,1,1,0,16,6,152;112;96;137;576;184;610;366;210;226;483;235;422;746;841;846
1,1701,1903,1,0,0,16,3,144;104;88;129;568;176;602;358;202;222;475;227;422;647;833;846
1,1533,1591,1,0,1,15,3,116;103;312;272;256;293;736;252;756;526;370;226;643;395;606
1,1540,1598,1,1,0,15,2,109;96;305;265;249;290;729;252;755;519;363;226;636;388;599
1,1554,1806,1,0,0,15,10,95;82;291;251;235;276;715;252;749;505;349;226;622;374;585
1,1564,1640,1,1,0,15,2,85;72;281;241;225;266;705;252;739;495;339;226;612;364;422
1,1767,1829,1,0,0,17,3,78;38;22;63;502;110;536;292;136;156;409;71;372;621;767;846;435
1,1773,1860,1,0,0,17,3,72;32;16;57;496;104;530;262;130;150;403;71;366;621;761;846;429
1,1796,1869,1,0,0,17,3,49;9;34;473;81;507;254;107;127;380;71;343;621;738;846;406;538
1,1803,1860,1,0,0,17,1,42;2;27;466;74;500;232;100;120;373;71;336;621;731;846;399;531
1,1705,1771,1,0,0,16,6,140;100;84;125;564;172;598;354;198;218;471;71;422;647;829;846
1,1723,1800,1,0,0,16,6,122;82;66;107;546;154;580;336;180;200;453;71;416;647;791;846
1,1738,1825,1,0,0,16,3,107;67;51;92;531;139;565;321;165;185;438;71;401;647;786;846
0,1746,1819,1,0,0,16,0,99;59;43;84;523;131;557;313;157;177;430;71;393;621;786;846
1,1388,1463,1,0,0,17,4,45;261;248;100;95;457;31;417;299;442;861;489;874;564;470;535;788
1,1374,1452,1,0,0,17,3,59;275;262;114;109;471;45;431;299;456;861;503;874;564;529;549;802
1,1447,1505,1,0,0,16,3,202;189;41;36;398;358;299;383;822;430;856;564;456;476;729;481
1,1389,1443,1,0,0,17,2,44;260;208;99;94;456;30;416;299;441;861;488;874;564;470;534;787
1,1331,1404,1,1,0,16,3,20;102;318;305;157;152;514;88;474;299;499;875;546;874;566;572
1,1322,1385,1,0,0,15,2,29;111;327;314;166;161;523;97;483;299;508;875;555;874;566
1,1367,1619,1,0,0,17,10,66;282;269;121;116;478;52;438;299;463;861;510;874;566;536;556;809
1,1348,1413,1,0,0,16,3,3;85;301;288;140;135;497;71;457;299;482;875;529;874;566;555
1,1516,1597,1,0,0,15,4,133;120;329;289;273;314;753;252;787;543;387;334;660;412;623
1,1509,1582,1,0,0,15,3,140;127;336;296;280;321;760;252;794;550;394;334;667;419;630
1,1529,1580,1,0,0,15,3,120;107;316;276;260;293;740;252;774;530;374;226;647;399;610
1,1520,1584,1,0,0,15,4,129;116;325;285;269;310;749;252;783;539;383;226;656;408;619
1,1489,1777,1,1,1,14,10,160;147;356;316;299;341;780;388;814;564;414;434;687;439
1,1455,1529,1,0,0,16,3,194;181;33;28;390;350;299;375;814;422;848;564;448;468;721;473
1,1502,1793,1,0,0,14,12,147;134;343;303;287;328;761;375;801;557;401;334;674;426
1,1497,1553,1,1,0,14,3,152;139;348;308;292;333;772;380;806;562;406;334;679;431
1,1214,1297,1,0,0,12,2,137;57;219;435;422;274;269;629;205;591;575;616
1,1219,1305,1,0,1,12,4,132;52;214;430;417;269;264;626;200;586;570;588
1,1194,1262,1,1,0,13,2,8;157;77;239;455;442;294;289;651;225;611;595;620
1,1208,1261,1,0,0,12,4,143;63;225;441;423;280;275;637;211;597;581;620
1,1152,1216,1,0,0,15,3,50;17;199;2;119;281;497;484;336;331;693;253;653;637;678
1,1154,1243,1,0,0,15,2,48;7;197;0;117;279;495;482;334;329;691;253;651;635;676
1,1108,1177,1,1,0,15,3,94;61;243;22;163;325;541;528;380;375;737;253;697;681;722
1,1138,1222,1,0,0,15,5,64;31;213;16;133;295;511;498;350;345;707;253;667;651;692
1,1297,1347,1,0,0,14,2,54;136;352;339;191;186;548;122;508;299;513;875;580;874
1,1318,1546,1,0,0,15,7,33;115;331;318;170;165;527;101;487;299;512;875;559;874;741
1,1291,1378,1,1,0,14,1,60;142;358;345;197;192;554;128;514;299;539;875;586;1012
1,1291,1563,1,0,0,14,7,60;142;358;345;197;192;554;128;514;299;513;875;586;1012
1,1253,1330,1,0,0,13,1,98;18;180;396;383;233;230;592;166;552;299;577;1016
1,1277,1519,1,1,0,13,6,74;156;372;359;211;206;568;142;528;299;553;992;600
1,1228,1526,1,0,1,12,9,123;43;205;421;408;260;255;617;191;577;561;588
1,1248,1327,1,0,1,13,2,103;23;185;401;388;240;235;597;171;557;299;582;1021
1,1038,1097,1,0,0,13,1,164;89;313;116;233;395;611;598;420;445;807;253;767
1,1035,1096,1,1,0,13,1,167;89;316;119;236;398;614;601;453;448;810;253;770
0,1030,1108,1,0,0,13,0,172;89;321;124;241;403;619;603;458;453;815;253;775
1,1017,1101,1,0,0,14,3,0;185;120;334;137;254;416;622;603;464;466;828;253;788
1,1005,1087,1,1,0,13,2,12;197;120;346;149;266;428;622;603;464;478;835;253
1,991,1076,1,0,0,14,1,24;211;5;120;360;153;280;442;622;603;497;492;835;253
1,983,1044,1,1,1,14,5,34;219;13;120;368;153;288;450;622;603;505;500;835;253
1,974,1219,1,0,0,15,6,2;43;228;22;120;377;153;297;459;642;603;514;509;835;253
1,1106,1184,1,1,1,15,3,96;63;245;48;165;327;543;530;382;377;739;253;699;683;724
1,1093,1159,1,1,0,13,4,109;76;258;61;178;340;556;543;388;380;752;253;712
1,1059,1115,1,1,0,13,1,143;89;292;81;212;374;590;569;399;380;786;253;746
1,1057,1129,1,1,0,13,4,145;89;294;81;214;376;592;569;399;426;786;253;748
1,1054,1112,1,0,0,13,3,148;89;297;100;217;379;595;569;399;429;786;253;751
1,1051,1101,1,1,0,13,3,151;89;300;103;220;382;598;585;399;432;786;253;754
1,1045,1115,1,1,0,13,1,157;89;306;109;226;388;604;591;420;438;786;253;760
1,1041,1092,1,1,0,13,4,161;89;310;113;230;392;608;595;420;442;804;253;764
1,800,864,1,1,0,17,2,26;143;176;154;120;153;217;400;196;120;551;354;353;583;642;836;688
1,825,888,1,1,0,17,2,1;118;151;129;95;128;192;377;171;120;526;329;353;583;642;811;663
1,827,878,1,0,0,16,1,116;149;127;93;126;190;375;169;120;524;327;353;583;642;809;628
1,827,916,1,0,1,16,5,116;149;127;93;126;190;375;163;120;524;327;353;583;642;809;628
1,848,900,1,0,0,18,2,95;128;106;72;105;169;354;148;120;503;306;352;583;642;788;628;635;997
1,852,921,1,0,0,18,5,91;124;102;68;101;165;350;144;120;499;302;352;581;642;784;611;631;993
1,860,941,1,1,0,18,5,83;116;94;60;93;157;342;136;120;491;294;352;573;642;776;611;623;985
1,870,1082,1,1,0,18,8,73;106;84;50;83;147;332;126;120;481;284;352;563;642;766;611;613;975
1,876,938,1,1,0,18,2,67;100;78;44;77;141;326;120;120;475;278;352;557;642;760;611;607;835
1,881,1120,1,1,0,18,9,62;95;73;39;72;136;321;115;120;470;273;352;552;642;755;595;602;835
1,891,973,1,0,0,18,2,52;85;63;29;62;126;311;105;120;460;263;352;542;642;603;595;592;835
1,899,953,1,0,0,18,4,44;77;55;21;54;118;303;94;120;452;255;352;534;642;603;589;584;835
1,933,1021,1,0,0,17,2,10;43;21;20;84;269;63;120;418;221;338;500;642;603;555;550;835
1,945,1240,1,0,1,17,11,31;9;8;72;257;51;120;406;209;326;488;642;603;543;538;835;474
1,951,1035,1,0,0,17,5,25;3;2;66;251;45;120;400;203;320;482;642;603;537;532;835;253
1,972,1037,1,0,0,15,2,4;45;230;24;120;379;182;299;461;642;603;516;511;835;253
1,642,712,1,0,0,16,3,184;301;1;334;312;275;66;311;336;560;354;527;709;504;629;791
1,635,709,1,0,0,16,4,191;308;1;341;319;275;73;318;336;565;361;534;716;519;636;798
1,687,751,1,0,0,15,1,139;256;289;267;233;21;266;330;515;309;482;664;467;353;746
1,669,952,1,0,0,15,12,157;274;307;285;251;39;284;336;533;327;500;682;485;576;764
1,697,750,1,1,0,15,4,129;246;279;257;223;11;256;320;499;292;472;654;457;353;736
1,687,767,1,1,1,15,6,139;256;289;267;233;21;266;330;515;292;482;664;467;353;746
1,726,788,1,0,0,14,4,100;217;250;228;194;227;291;476;270;443;625;428;353;707
1,701,751,1,0,0,15,4,125;242;275;246;219;7;252;316;499;292;468;650;453;353;732
1,732,936,1,0,0,14,6,94;211;244;222;176;221;285;470;264;437;619;422;353;701
1,728,795,1,0,0,14,4,98;215;248;226;179;225;289;474;268;441;623;426;353;705
1,771,1043,1,0,0,15,8,55;172;205;183;149;182;246;431;225;207;580;383;353;606;878
1,761,1058,1,0,0,14,7,65;182;215;193;159;192;256;441;235;408;590;393;353;606
1,792,1081,1,0,0,15,8,34;151;184;162;128;161;225;410;204;120;559;362;353;594;857
1,787,868,1,1,0,15,6,39;156;189;167;133;166;230;415;209;120;564;367;353;606;862
1,797,869,1,1,0,17,4,29;146;179;157;123;156;220;405;199;120;554;357;353;583;642;839;691
1,794,872,1,0,0,15,5,32;149;182;160;126;159;223;408;202;120;557;360;353;594;642
0,374,455,1,0,0,15,0,452;102;73;569;287;155;602;580;546;334;579;643;758;622;685
1,460,675,1,0,0,15,6,366;16;483;201;69;516;494;460;248;493;557;742;536;685;891
1,349,433,1,0,1,15,6,477;127;98;589;312;180;627;581;571;359;604;668;759;647;820
1,351,595,1,0,1,15,12,475;125;96;589;310;178;625;581;569;357;602;666;758;645;818
1,513,569,1,1,0,16,4,313;430;148;16;463;441;407;195;440;504;689;407;656;837;641;758
1,522,601,1,0,0,16,4,304;421;139;7;454;432;398;186;429;495;680;407;647;829;632;749
1,466,546,1,0,0,15,3,360;10;477;195;63;510;488;454;242;487;551;736;407;685;885
1,481,543,1,0,0,14,2,345;462;180;48;495;473;439;227;472;536;721;407;685;870
1,583,661,1,0,0,16,6,243;360;78;393;371;337;125;370;336;619;406;586;768;571;688;850
1,589,643,1,0,0,16,1,237;354;1;387;365;331;119;364;336;613;406;580;762;565;682;844
1,559,858,1,1,0,15,14,267;384;102;417;395;361;149;394;458;643;407;610;792;595;712
1,560,631,1,0,0,15,1,266;383;101;416;394;360;148;393;336;642;407;609;791;594;711
1,627,678,1,0,0,16,5,199;316;1;349;327;293;81;326;336;575;369;542;724;527;644;806
1,629,679,1,0,0,16,4,197;314;1;347;325;291;79;324;336;565;367;540;722;525;642;804
1,598,677,1,0,0,16,5,228;345;1;378;356;322;110;355;336;604;387;571;753;556;673;835
1,602,670,1,0,0,16,4,224;341;1;374;352;318;106;351;336;590;387;567;749;552;669;831
1,115,199,1,0,0,10,1,39;55;711;361;322;828;546;414;702;839
1,112,164,1,0,0,9,1,42;58;714;364;335;831;549;417;702
1,110,325,1,0,0,9,5,44;60;716;366;337;833;551;419;866
0,67,153,1,0,0,9,0,87;90;759;28;409;342;876;594;462
1,177,252,1,0,0,8,1,649;299;270;589;484;352;702;581
1,168,376,1,0,0,9,3,2;658;308;279;589;493;361;702;786
1,155,452,1,1,1,9,8,15;664;321;292;788;506;374;702;799
1,130,213,1,0,0,10,1,24;40;696;346;317;813;531;399;702;824
1,214,264,1,0,0,11,1,612;262;233;589;447;250;702;581;706;479;739
1,212,282,1,0,0,11,3,614;264;235;589;449;317;702;581;708;479;741
1,209,265,1,0,0,11,2,617;267;238;589;452;320;702;581;711;499;744
0,194,280,1,0,0,10,0,632;282;253;589;467;335;702;581;726;514
1,263,557,1,1,0,13,11,563;213;184;589;398;223;702;581;637;445;690;754;939
1,257,333,1,0,0,13,3,569;219;190;589;404;223;702;581;650;451;696;760;945
1,256,337,1,1,0,13,3,570;220;191;589;405;223;702;581;664;452;697;761;946
1,255,314,1,1,1,13,3,571;221;192;589;406;250;702;581;665;453;698;762;947
1,3658,3739,1,0,0,7,2,155;143;438;101;364;241;584
1,3644,3702,1,0,0,7,2,169;143;452;101;364;255;598
1,3665,3722,1,0,0,7,2,148;143;431;95;153;234;577
1,3663,3929,1,0,0,7,3,150;143;433;97;360;236;579
1,3614,3681,1,0,0,7,2,199;143;482;146;409;285;628
1,3602,3895,1,0,0,7,6,211;334;494;158;421;297;640
1,3643,3701,1,0,0,7,2,170;143;453;117;364;256;599
1,3614,3677,1,1,0,7,2,199;143;456;146;409;285;628
1,3550,3608,1,0,0,7,2,263;334;546;210;473;349;692
0,3514,3581,1,1,0,8,0,23;299;334;582;246;509;385;728
1,3573,3655,1,0,0,7,2,240;334;523;187;450;323;669
1,3551,3637,1,1,0,7,2,262;334;533;209;472;348;691
1,3457,3659,1,1,0,8,2,17;80;356;570;639;303;566;438
1,3410,3486,1,0,0,8,1,64;105;403;617;686;350;600;438
1,3477,3538,1,0,0,8,2,42;336;334;619;283;546;422;765
1,3457,3713,1,0,1,8,4,17;42;356;570;639;303;566;438
1,3307,3509,1,0,1,8,3,32;167;230;491;720;769;453;678
1,3352,3560,1,0,1,8,4,122;185;461;675;744;359;671;547
1,3396,3485,1,1,0,8,1,78;141;417;631;700;359;627;438
1,3402,3478,1,0,0,8,1,72;105;411;625;694;358;621;438
1,3226,3309,1,0,0,9,1,113;248;0;64;311;587;801;769;534
1,3256,3474,1,0,0,9,2,68;218;34;281;557;771;769;504;767
1,3290,3372,1,1,0,9,1,49;184;0;247;523;737;769;470;678
1,3294,3380,1,1,0,8,1,45;180;243;491;733;769;466;678
1,3190,3253,1,0,0,10,2,149;284;36;100;33;347;598;837;906;570
1,3207,3463,1,0,0,10,6,132;267;19;83;16;327;598;820;889;553
1,3209,3269,1,1,0,10,1,130;265;17;81;14;327;598;818;769;551
0,3220,3299,1,0,0,10,0,115;254;6;70;3;317;593;807;769;540
1,3127,3212,1,0,0,8,1,14;212;347;99;163;96;56;368
0,3135,3185,1,0,0,8,0,14;201;339;91;155;88;48;368
1,3171,3227,1,0,0,8,1,168;303;55;119;52;12;366;642
1,3189,3278,1,0,0,10,1,150;285;37;101;34;348;624;838;907;571
1,3119,3208,1,0,0,8,1,48;220;355;107;171;104;64;368
1,3072,3126,1,1,0,9,2,95;267;402;147;25;218;151;111;368
1,3063,3121,1,1,0,9,1,104;271;411;163;34;221;160;120;368
1,3049,3116,1,1,0,9,2,118;271;425;166;48;241;174;134;368
1,3043,3101,1,1,0,9,1,124;271;431;183;54;247;180;140;368
1,3027,3098,1,2,0,9,3,140;271;447;199;70;263;196;156;368
1,3026,3078,1,1,0,9,3,141;291;448;200;71;264;197;157;368
1,3021,3319,1,1,0,10,6,146;291;453;3;205;76;266;202;162;368
1,2991,3233,1,1,0,10,3,176;291;483;33;235;105;266;232;192;368
1,2973,3204,1,0,0,10,7,194;291;501;51;253;105;266;250;210;374
1,2969,3049,1,1,0,10,2,198;291;505;55;257;128;266;254;214;374
1,2966,3039,1,0,0,10,2,201;291;508;58;260;131;294;257;217;374
1,2964,3015,1,0,0,10,2,203;291;510;60;262;133;326;259;219;374
1,2945,3200,1,1,0,10,4,222;291;518;76;281;152;339;278;238;407
1,2940,2996,1,0,1,10,2,227;291;518;76;286;157;350;283;243;407
1,2909,3184,1,1,0,10,6,258;291;518;76;293;188;381;314;274;628
1,2898,2955,1,0,0,9,1,269;291;520;76;308;199;392;325;285
1,2905,3149,1,1,0,9,5,262;291;520;76;293;192;385;318;278
1,2869,2957,1,1,0,9,1,2;298;291;520;155;308;228;415;354
1,2880,2941,1,0,0,9,2,287;291;520;76;308;217;410;343;303
1,2841,3093,1,1,0,10,5,14;25;326;291;520;180;343;256;449;382
1,2868,2957,1,0,0,9,1,3;299;291;520;156;308;229;422;355
1,2817,3024,1,1,0,11,4,14;49;16;350;291;528;207;343;280;473;406
1,2833,2921,1,0,0,11,1,14;33;0;334;291;520;191;343;264;457;390
1,2799,2878,1,0,0,11,2,14;67;34;368;540;528;225;343;298;491;424
1,2808,3065,1,1,0,11,6,14;58;25;359;531;528;216;343;289;479;415
1,2782,2989,1,1,0,12,4,76;12;84;51;385;557;648;242;343;315;508;441
1,2783,2871,1,0,0,12,2,76;11;83;50;384;556;528;241;343;314;507;440
1,2738,2794,1,0,0,12,1,76;56;128;95;429;601;648;286;343;359;552;485
1,2776,2838,1,0,0,12,3,76;18;90;57;391;563;648;248;343;321;514;447
1,2705,2786,1,1,0,12,2,166;89;151;128;462;634;648;319;343;392;585;518
1,2726,2797,1,0,1,12,1,145;68;140;107;441;613;648;298;343;371;564;497
1,2606,2657,1,1,0,16,4,74;72;265;84;53;188;260;227;561;733;856;418;620;491;679;617
1,2594,2660,1,0,0,16,6,86;84;277;96;65;200;272;239;573;745;880;430;632;499;679;629
1,2635,2906,1,1,0,16,9,45;43;236;55;24;159;231;198;532;704;648;389;591;462;655;588
1,2623,2902,1,0,1,16,10,57;55;248;67;36;171;243;210;544;716;851;401;603;474;667;600
1,2691,2749,1,1,0,12,5,180;103;175;142;476;648;648;333;343;406;599;532
1,2663,2745,1,1,0,15,3,17;15;208;27;131;203;170;504;676;648;361;343;434;627;560
1,2699,2784,1,1,0,12,2,172;95;165;128;468;640;648;325;343;398;591;524
1,2694,2750,1,1,0,12,2,177;100;172;128;473;645;648;330;343;403;596;529
1,2522,2589,1,1,0,16,5,12;158;16;156;344;166;137;272;344;311;605;817;908;502;704;575
1,2513,2594,1,0,0,16,3,21;167;25;165;344;177;146;281;353;320;605;826;908;511;713;584
1,2536,2618,1,0,1,15,4,144;2;142;335;154;123;258;330;297;593;803;908;488;690;510
1,2522,2580,1,0,0,16,2,12;158;16;156;344;166;137;272;344;311;605;817;908;502;704;510
1,2545,2612,1,0,0,15,3,135;133;326;133;114;249;321;288;593;794;908;453;681;510;745
1,2541,2601,1,0,0,15,2,139;137;330;149;118;253;325;292;593;798;908;453;685;510;749
1,2559,2611,1,1,0,15,2,121;119;312;131;100;235;307;274;593;780;908;453;667;499;679
1,2550,2838,1,0,0,15,10,130;128;321;133;109;244;316;283;593;789;908;453;676;510;679
1,2387,2448,1,0,0,15,5,52;147;293;151;110;291;484;303;61;272;75;407;479;420;780
1,2394,2471,1,1,0,15,5,45;140;286;144;103;284;474;296;54;265;68;400;472;420;773
1,2412,2486,1,0,0,16,3,27;122;268;107;85;266;459;278;36;247;50;382;454;420;755;927
1,2418,2638,1,0,0,16,8,21;116;262;107;79;260;453;272;30;241;44;376;448;415;749;908
1,2436,2505,1,1,0,16,3,3;98;244;102;61;242;435;254;12;223;26;358;430;397;605;903
1,2453,2516,1,0,0,14,3,81;227;85;44;225;418;237;206;9;341;413;380;605;886
1,2491,2571,1,0,0,15,4,43;189;47;6;187;380;199;168;303;375;342;605;848;983;533
1,2511,2590,1,0,0,16,3,23;169;27;167;360;179;148;283;355;322;605;828;908;513;715;586
1,2233,2303,1,1,0,17,1,36;70;206;289;447;101;305;214;445;638;457;215;411;229;478;633;600
1,2256,2505,1,1,0,17,8,13;47;183;278;424;49;282;214;422;615;434;192;403;206;478;610;577
1,2268,2341,1,0,0,17,4,1;35;171;266;412;49;270;214;410;603;422;180;391;194;478;598;438
1,2297,2589,1,0,1,16,10,6;142;237;383;37;241;200;369;574;393;151;362;165;478;569;438
1,2312,2388,1,0,0,15,4,127;222;368;22;226;185;366;559;378;136;347;150;478;554;434
1,2315,2371,1,1,0,15,4,124;219;365;19;223;182;363;556;375;133;344;147;473;551;434
1,2327,2392,1,0,0,15,4,112;207;337;7;211;170;351;544;363;121;332;135;467;539;434
1,2361,2411,1,1,0,14,2,78;173;319;177;126;317;510;329;87;298;101;433;505;434
1,2215,2505,1,0,0,16,9,54;88;224;319;465;119;323;230;463;656;475;226;438;247;489;644
1,2171,2231,1,1,0,18,5,98;132;5;265;363;509;31;163;338;230;507;700;519;277;438;291;489;644
1,2168,2458,1,1,1,18,10,101;135;8;265;366;512;34;166;338;230;510;703;522;280;438;294;626;644
1,2164,2223,1,0,0,18,1,105;139;12;265;370;516;38;170;338;230;514;707;526;284;474;298;630;644
1,2229,2285,1,0,0,17,2,40;74;210;305;451;105;309;214;449;642;461;219;411;233;478;637;604
1,2222,2286,1,1,0,17,7,47;81;217;312;458;112;316;221;456;649;468;226;411;240;478;644;611
1,2220,2296,1,0,0,17,7,49;83;219;314;460;114;318;230;458;651;470;226;411;242;478;644;613
1,2218,2298,1,1,0,17,1,51;85;221;316;462;116;320;230;460;653;472;226;438;244;478;644;615
1,2125,2214,1,0,0,19,6,144;178;51;14;314;409;547;77;209;413;372;553;743;565;323;534;337;669;644
1,2113,2340,1,0,0,19,12,156;190;63;26;326;421;547;89;221;425;384;565;743;577;335;546;349;681;753
1,2109,2183,1,1,0,19,3,160;194;67;30;330;425;553;93;225;429;388;569;743;581;339;550;353;685;757
1,2097,2169,1,0,0,19,1,172;206;79;42;342;437;553;105;237;441;400;581;743;593;351;562;365;697;769
1,2163,2245,1,0,0,18,3,106;140;13;274;371;517;39;171;338;230;515;708;527;285;474;299;631;644
1,2162,2430,1,1,1,18,14,107;141;14;274;372;518;40;172;338;335;516;709;528;286;474;300;632;644
1,2148,2209,1,1,0,18,1,121;155;28;274;386;532;54;186;338;349;530;723;542;300;511;314;646;644
1,2145,2222,1,1,0,18,3,124;158;31;294;389;535;57;189;338;352;533;726;545;303;514;317;649;644
1,1968,2244,1,1,1,18,15,301;335;91;208;132;470;566;587;234;366;570;529;710;903;692;480;691;494
1,2021,2081,1,0,1,19,3,248;282;38;155;118;418;513;587;181;313;517;476;657;743;669;427;638;441;773
1,1931,2010,1,0,0,16,3,338;372;128;245;132;508;602;587;271;403;607;566;747;940;692;517
1,1939,2019,1,1,0,18,2,330;364;120;237;132;470;595;587;263;395;599;558;739;932;692;509;720;523
1,2050,2131,1,1,1,19,6,219;253;9;126;46;389;471;587;152;284;488;447;628;743;640;398;609;412;744
1,2082,2161,1,1,0,18,3,187;221;94;46;357;452;587;120;252;456;415;596;743;608;366;577;380;712
1,2026,2111,1,0,0,19,1,243;277;33;150;113;404;508;587;176;308;512;471;652;743;664;422;633;436;768
1,2043,2105,1,1,0,19,2,226;260;16;133;46;396;491;587;159;291;495;454;635;743;647;405;616;419;751
1,1832,1898,1,0,0,16,1,13;437;45;471;227;71;91;344;35;132;607;702;587;370;502;706
1,1857,1934,1,1,0,15,5,412;20;446;202;46;66;319;34;132;582;677;587;345;477;681
1,1818,2097,1,1,0,16,6,27;12;451;59;485;232;85;105;358;35;321;621;716;846;384;516
1,1820,2041,1,0,0,16,3,25;10;449;57;483;232;83;103;356;35;319;619;714;587;382;514
1,1913,1993,1,0,0,17,2,356;390;146;10;263;1;132;526;621;587;289;421;625;584;765;958;777
1,1916,1999,1,0,0,17,4,353;387;143;7;260;1;132;523;602;587;286;418;622;581;762;955;774
1,1875,1928,1,0,0,16,2,394;2;428;184;28;48;301;34;132;564;659;587;327;459;663;622
1,1887,1965,1,1,0,16,1,382;416;172;16;36;289;34;132;552;647;587;315;447;651;610;791
1,4566,4647,1,0,0,13,4,135;126;221;138;254;471;413;454;849;576;657;873;768
1,4566,4651,1,0,0,13,2,135;126;221;138;254;471;413;434;849;576;657;873;768
1,4614,4680,1,0,0,16,2,87;78;173;90;206;423;365;406;849;528;609;825;690;613;847;878
1,4592,4660,1,0,0,15,5,109;100;195;112;228;445;387;428;849;550;631;847;690;635;869
1,4659,4710,1,0,0,18,5,42;33;128;45;161;378;320;361;809;483;564;780;675;568;802;833;469;996
1,4621,4674,1,0,0,17,6,80;71;166;83;199;416;358;399;847;509;602;818;690;606;840;871;507
1,4674,4760,1,0,0,19,4,27;18;113;30;145;363;305;346;794;468;549;765;660;553;787;818;269;981;770
1,4666,4922,1,1,0,18,12,35;26;121;38;145;371;313;354;802;476;557;773;668;561;795;826;462;989
1,4738,5005,1,0,0,18,11,49;82;299;241;282;730;404;485;701;596;489;723;754;269;917;706;891;941
1,4711,4777,1,1,0,18,3,76;109;326;268;309;757;431;512;728;623;516;750;781;269;944;717;918;982
1,4817,4890,1,1,0,19,4,3;220;162;203;651;325;406;622;517;410;644;675;269;818;610;812;876;889;583
1,4812,5014,1,0,0,18,7,8;225;167;208;656;330;411;627;522;415;649;680;269;818;632;817;881;894
1,4826,4909,1,1,0,18,3,211;153;154;642;316;397;613;508;401;635;666;269;818;610;803;867;821;574
1,4821,4894,1,1,0,18,5,216;158;154;647;321;402;618;513;406;640;671;269;818;610;808;872;885;579
1,4883,5123,1,0,0,19,12,154;96;137;585;259;340;556;451;344;578;609;245;772;561;687;810;821;517;544
1,4867,5129,1,0,0,18,10,170;112;153;601;275;356;572;467;360;594;625;261;788;577;762;826;821;533
1,4912,5165,1,1,0,19,16,125;67;108;556;230;311;527;422;315;549;580;216;743;532;538;781;794;488;515
1,4914,4982,1,1,0,19,6,123;65;106;554;228;309;525;420;313;547;578;214;741;530;538;779;792;486;322
1,4915,4973,1,1,0,19,4,122;64;105;553;227;308;524;419;312;546;577;213;740;529;538;778;791;429;322
1,4925,4977,1,0,0,19,5,112;54;95;543;217;298;514;409;302;536;567;203;730;519;538;768;781;429;322
1,4940,4995,1,0,1,20,3,97;39;80;528;202;283;499;394;287;521;552;188;715;504;538;753;766;429;322;609
1,4968,5189,1,1,0,21,13,69;11;52;500;174;255;471;366;259;493;524;160;687;476;538;725;738;429;322;581;681
1,4998,5060,1,0,0,20,4,39;22;470;144;225;441;336;229;463;494;130;657;446;538;695;708;402;322;527;651
1,5001,5209,1,1,0,20,13,33;19;467;141;222;438;333;226;460;491;127;654;443;538;692;705;399;322;527;648
1,5004,5086,1,1,0,20,4,33;16;464;138;219;435;330;223;457;488;124;651;440;538;689;702;396;322;363;645
1,5022,5103,1,0,0,19,4,15;446;120;201;417;312;205;439;470;106;633;422;538;671;684;378;322;363;627
1,5024,5112,1,1,0,19,4,13;444;118;199;415;310;203;437;468;104;631;420;538;669;682;376;322;363;625
1,5033,5122,1,1,0,20,4,2;435;109;190;406;301;194;428;459;95;622;411;538;660;673;367;322;363;616;824
1,5035,5309,1,1,0,20,15,2;433;107;188;404;299;192;426;457;93;620;409;538;658;659;365;322;363;614;822
1,5061,5136,1,0,0,19,4,407;81;162;378;273;166;400;431;67;594;383;538;632;645;339;182;363;588;796
1,5074,5282,1,0,0,19,8,394;68;149;365;247;153;387;418;54;581;370;538;619;632;326;182;363;575;783
1,5076,5295,1,1,0,19,9,392;66;147;363;247;151;385;416;52;579;368;538;617;630;324;182;343;573;781
1,5148,5231,1,0,1,18,3,320;75;291;186;72;285;344;507;296;481;545;558;252;182;343;501;628;755
1,5141,5227,1,1,0,19,4,327;1;82;298;193;72;285;351;514;303;488;552;565;259;182;343;508;630;762
1,5137,5200,1,1,0,19,4,331;5;86;302;197;72;324;355;518;307;492;556;569;263;182;343;512;630;766
1,5102,5172,1,0,0,19,4,366;40;121;337;232;125;359;390;26;553;342;527;591;604;298;182;343;547;630
1,5206,5284,1,0,0,20,4,262;17;233;128;21;255;286;449;238;423;487;489;194;182;331;443;628;697;772;614
0,5205,5256,1,0,0,20,0,263;18;234;129;22;256;287;450;239;424;488;489;195;182;331;444;628;698;773;615
1,5190,5240,1,1,0,20,2,278;33;249;144;37;271;302;465;254;439;503;516;210;182;331;459;628;713;788;630
1,5151,5201,1,1,0,18,2,317;72;288;183;72;285;341;504;293;478;542;555;249;182;331;498;628;752
1,5241,5330,1,1,0,19,4,227;198;93;220;251;414;203;388;452;465;159;182;308;408;611;662;692;579;455
1,5236,5310,1,1,0,19,4,232;203;98;225;256;419;208;393;457;470;164;182;313;413;611;667;692;584;491
1,5225,5292,1,1,0,19,4,243;214;109;2;236;267;430;219;404;468;481;175;182;324;424;611;678;723;595
1,5217,5288,1,0,0,20,3,251;6;222;117;10;244;275;438;227;412;476;489;183;182;331;432;628;686;723;603
1,5305,5380,1,0,0,20,4,163;134;29;156;187;350;139;324;388;401;95;122;244;344;552;598;673;515;422;698
1,5288,5360,1,0,0,20,4,180;151;46;173;204;367;156;341;405;418;112;139;261;361;569;615;690;532;439;698
1,5276,5347,1,1,0,20,4,192;163;58;185;216;379;168;353;417;430;124;151;273;373;581;627;692;544;441;698
1,5252,5454,1,1,1,20,9,216;187;82;209;240;403;192;377;441;454;148;175;297;397;605;651;692;568;441;856
1,5327,5416,1,0,1,20,4,141;112;7;134;134;328;117;302;358;379;73;100;222;322;530;389;651;493;400;698
1,5339,5609,1,1,0,19,11,129;100;122;132;316;105;290;354;367;61;88;210;310;518;389;639;481;388;698
1,5310,5570,1,1,0,20,8,158;129;24;151;134;345;134;319;383;396;90;117;239;339;547;593;668;510;417;698
1,5325,5397,1,0,1,20,4,143;114;9;136;134;330;119;304;368;381;75;102;224;324;532;389;653;495;402;698
1,5384,5435,1,0,0,19,3,84;55;77;108;271;60;245;309;322;16;43;165;265;473;380;589;436;343;698
1,5390,5442,1,1,0,19,3,78;49;67;102;265;54;239;303;316;10;37;159;259;467;380;588;430;337;698
0,5346,5408,1,1,0,19,0,122;93;115;132;309;98;283;347;360;54;81;203;303;511;380;632;474;381;698
1,5378,5582,1,0,0,19,6,90;61;83;114;277;66;251;315;328;22;49;171;271;479;380;600;442;349;698
1,5418,5470,1,0,0,18,4,50;21;43;74;237;26;211;275;288;9;131;53;439;380;560;402;309;690
1,5431,5486,1,0,0,17,2,37;8;30;61;224;13;198;262;275;118;53;426;380;547;389;296;677
1,5403,5614,1,0,1,18,7,65;36;58;89;252;41;226;282;303;24;146;246;454;380;575;417;324;698
1,5404,5637,1,0,0,18,7,64;35;57;88;251;40;225;282;302;23;145;53;453;380;574;416;323;698
1,5456,5709,1,0,0,16,9,12;5;36;199;171;237;250;93;53;401;380;522;364;271;652;475
1,5476,5528,1,1,0,16,3,16;179;153;217;230;73;53;381;380;502;191;251;632;475;717;771
1,5435,5700,1,1,0,18,10,33;4;26;57;220;9;184;258;271;114;53;422;380;543;385;292;673;597
1,5448,5529,1,1,0,16,1,20;13;44;207;181;245;258;101;53;409;380;530;372;279;660;475
1,3717,4012,1,0,0,7,4,96;143;375;28;144;182;525
1,3715,3767,1,0,0,7,2,98;143;381;28;144;184;527
1,3729,3800,1,0,0,7,1,82;143;367;28;143;170;513
1,3724,3936,1,0,0,7,2,82;143;372;28;144;175;518
0,3687,3763,1,0,0,7,0,126;143;391;73;144;212;555
1,3679,3960,1,0,0,7,5,134;143;417;81;144;220;563
1,3709,3796,1,0,0,7,2,104;143;387;51;144;190;533
1,3690,3773,1,0,0,7,2,123;143;391;70;144;209;552
0,3796,3850,1,0,0,6,0,17;143;300;143;87;446
1,3787,3841,1,0,0,6,2,26;143;309;143;97;447
1,3827,3889,1,0,0,6,1,143;269;143;72;378;874
1,3802,3869,1,0,0,6,1,11;143;294;143;87;440
1,3755,3809,1,0,0,7,1,58;143;327;5;143;144;447
1,3745,3827,1,0,0,7,1,68;143;351;15;143;154;447
1,3783,3841,1,1,0,6,2,30;143;312;143;116;447
0,3771,3844,1,0,0,6,0,42;143;312;143;128;447
1,3902,3989,1,1,0,7,2,125;194;121;340;799;686;483
0,3903,3974,1,0,0,7,0,124;193;120;332;798;686;482
1,3909,4166,1,0,0,7,4,118;187;114;332;792;686;476
1,3923,3996,1,0,0,7,1,104;173;100;319;579;686;462
0,3828,3886,1,0,0,6,0,143;268;143;63;378;873
1,3856,3915,1,1,0,8,1,143;240;143;43;378;845;836;529
1,3865,3921,1,0,1,8,2,143;231;143;20;377;836;827;520
1,3875,4164,1,1,0,8,4,133;221;143;20;367;826;817;510
0,3964,4014,1,0,0,8,0,63;132;59;278;558;686;421;359
1,3993,4285,1,0,0,8,4,34;103;30;249;558;686;392;330
1,4032,4249,1,1,0,7,2,64;210;558;660;115;291;458
1,4043,4128,1,0,0,7,1,53;199;558;649;115;280;381
0,3934,4012,1,0,0,7,0,93;162;75;308;579;686;451
0,3952,4031,1,0,0,8,0,75;144;71;290;579;686;433;371
1,3955,4157,1,1,0,8,5,72;141;68;287;579;686;430;368
0,3962,4029,1,0,0,8,0,65;134;61;280;558;686;423;361
1,4200,4483,1,0,0,10,7,42;501;492;115;67;252;567;504;524;837
1,4182,4244,1,1,0,10,1,58;519;510;115;67;252;585;522;524;855
1,4168,4234,1,0,0,9,2,74;533;524;115;67;252;585;536;524
1,4156,4245,1,0,0,9,1,86;545;531;115;67;252;631;548;524
1,4141,4377,1,1,0,9,5,101;558;531;115;182;252;646;563;524
1,4140,4368,1,1,0,9,4,102;558;531;115;183;252;647;564;680
1,4127,4189,1,0,0,8,1,115;558;565;115;196;252;660;577
0,4058,4108,1,1,0,8,0,38;184;558;634;115;265;252;729
1,4274,4361,1,1,0,11,2,242;418;111;47;32;513;430;524;601;494;698
1,4257,4344,1,1,0,11,2,242;435;115;47;32;530;447;524;601;494;763
1,4254,4482,1,1,0,10,5,242;438;115;47;32;533;450;524;783;494
1,4243,4497,1,1,0,10,3,458;449;115;47;32;544;461;524;794;494
1,4239,4488,1,1,0,11,3,3;462;453;115;47;32;548;465;524;798;534
1,4236,4440,1,0,0,11,2,6;465;456;115;47;32;551;468;524;801;538
1,4232,4496,1,0,0,11,4,10;469;460;115;47;32;555;472;524;805;747
1,4209,4284,1,1,0,10,3,33;492;483;115;67;32;567;495;524;828
1,4402,4659,1,2,0,9,4,242;290;32;385;302;318;569;494;618
1,4412,4496,1,2,0,9,4,242;280;32;375;292;318;565;494;608
1,4336,4584,1,1,0,10,5,242;356;49;32;451;368;388;572;494;684
1,4343,4412,1,1,0,10,3,242;349;42;32;444;361;388;569;494;677
1,4298,4515,1,1,0,11,5,242;394;87;25;32;489;406;522;572;494;698
1,4327,4607,1,1,0,10,5,242;365;58;32;460;377;388;572;494;693
1,4276,4543,1,1,0,11,4,242;416;99;47;32;511;428;524;601;494;698
1,4279,4357,1,0,0,11,3,242;413;99;44;32;508;425;524;578;494;698
1,4492,4577,1,0,0,12,4,209;191;295;212;318;545;487;528;849;650;703;947
1,4498,4550,1,0,0,12,2,203;191;289;206;318;539;481;522;849;644;703;941
1,4462,4536,1,1,0,12,4,239;230;28;325;236;318;565;493;558;849;664;761
1,4485,4536,1,1,0,13,4,216;207;5;302;219;318;552;493;535;849;657;703;954
1,4440,4712,1,1,1,11,6,242;252;32;347;264;318;565;493;580;849;674
1,4444,4711,1,1,0,11,5,242;248;32;343;260;318;565;493;576;849;664
1,4427,4692,1,5,1,11,8,242;265;32;360;277;318;565;493;593;1041;715
1,4431,4482,1,4,0,11,1,242;261;32;356;273;318;565;493;589;849;711
1,6532,6771,1,0,1,18,11,102;345;101;204;122;512;250;66;326;260;698;833;487;414;683;592;604;739
1,6561,6625,1,0,0,19,4,73;316;72;183;93;483;221;37;297;231;669;804;487;385;654;592;575;615;931
1,6598,6658,1,1,0,20,1,36;279;35;146;56;446;184;0;260;194;632;767;465;348;617;592;538;615;894;639
1,6602,6658,1,0,0,19,4,31;275;31;142;52;442;180;256;190;628;763;461;344;613;592;534;615;890;635
1,6617,6700,1,0,0,19,2,17;259;16;127;37;427;165;241;175;613;748;446;329;598;592;519;615;875;620
0,6651,6714,1,1,0,18,0,226;93;3;393;131;207;141;579;714;396;295;564;592;485;615;841;586;403
1,6652,6855,1,1,0,18,10,225;92;2;392;130;206;140;578;713;396;294;563;592;484;615;840;585;402
1,6674,6740,1,0,0,17,6,203;70;370;108;184;118;556;691;389;272;541;592;462;597;641;563;380
1,6429,6497,1,0,0,15,3,205;448;204;315;225;557;353;169;65;416;360;801;912;634;517
1,6436,6683,1,0,1,15,9,198;441;193;308;218;557;346;162;65;416;356;794;912;627;510
1,6440,6733,1,1,0,15,10,194;437;193;304;214;557;342;158;65;416;352;790;912;520;506
1,6466,6536,1,1,0,16,1,168;411;167;278;188;557;316;132;53;392;326;764;899;487;480;749
1,6477,6536,1,0,0,16,3,132;400;156;267;177;557;305;121;42;381;315;753;888;487;469;738
1,6482,6543,1,1,0,17,3,132;395;147;262;172;557;300;116;37;376;310;748;883;487;464;733;822
1,6498,6564,1,1,0,17,3,132;379;135;204;156;546;284;100;21;360;294;732;867;487;448;717;806
1,6516,6722,1,0,0,19,9,118;361;117;204;138;521;266;82;3;342;276;714;849;487;430;699;788;620;755
1,6831,6911,1,1,0,16,1,46;212;27;399;534;232;115;355;473;305;440;615;406;221;846;312
1,6810,6883,1,0,0,16,2,67;212;48;420;555;253;136;355;494;326;461;641;427;221;867;333
1,6841,6915,1,1,0,16,4,36;203;17;389;524;205;105;179;463;295;430;615;396;213;836;302
1,6834,7058,1,1,0,16,13,43;210;24;396;531;205;112;355;470;302;437;615;403;220;843;309
1,6846,6917,1,1,0,16,1,31;198;12;384;519;205;83;179;458;241;425;615;391;208;831;297
1,6845,6898,1,1,0,16,1,32;199;13;385;520;205;83;179;459;291;426;615;392;209;832;298
1,6880,7170,1,0,0,14,11,164;350;485;174;66;179;424;241;391;612;357;174;797;263
1,6849,6921,1,1,0,16,1,28;195;9;381;516;180;83;179;455;241;422;615;388;205;828;294
1,6701,6771,1,0,0,17,4,176;43;343;81;157;91;529;664;362;245;514;572;435;570;641;536;353
1,6676,6748,1,1,0,17,5,201;68;368;106;182;116;554;689;387;270;539;572;460;595;641;561;378
1,6721,6953,1,0,0,17,12,156;23;323;61;137;71;509;644;342;225;494;572;415;550;641;472;333
1,6702,6790,1,1,1,17,5,175;42;342;80;156;90;528;659;361;244;513;572;434;569;641;535;352
1,6794,6866,1,1,0,16,1,83;250;64;436;571;269;152;421;510;342;477;641;431;260;883;349
0,6729,6784,1,0,0,17,0,148;15;315;53;129;63;501;636;334;217;486;572;407;542;641;431;325
1,6809,6862,1,0,0,16,1,68;212;49;421;556;254;137;355;495;327;462;641;428;245;868;334
1,6807,6884,1,0,0,16,6,70;237;51;423;558;256;139;355;497;329;464;641;430;247;870;336
1,7123,7174,1,0,0,18,4,107;242;92;181;13;117;369;114;554;20;437;597;405;321;491;710;323;1082
1,7188,7249,1,0,0,19,1,42;177;27;116;83;304;49;489;372;532;340;256;454;645;258;1017;502;964;735
1,7039,7103,1,0,0,20,6,5;191;326;24;176;265;73;117;453;198;15;638;104;521;681;489;405;603;794;407
1,7078,7157,1,0,0,17,4,152;287;137;226;58;117;414;159;599;65;482;642;450;366;540;755;368
1,7226,7279,1,1,0,18,1,4;139;78;45;266;11;451;334;494;302;218;416;607;212;867;464;730;697
1,7259,7526,1,0,0,16,11,106;45;12;233;418;301;461;269;185;383;574;187;867;431;730;664
1,7213,7469,1,0,0,19,11,17;152;2;91;58;279;24;464;347;507;315;231;429;620;212;992;477;939;710
1,7220,7488,1,0,0,18,10,10;145;84;51;272;17;457;340;500;308;224;422;613;212;867;470;932;703
1,6904,6992,1,0,0,16,2,140;326;461;159;42;179;400;73;117;588;333;150;773;239;656;816
1,6922,6999,1,1,0,16,2,122;308;443;141;24;179;382;73;117;570;315;132;755;221;638;798
1,6881,7174,1,0,0,14,9,163;349;484;174;65;179;423;73;390;611;356;173;796;262
0,6882,6940,1,0,0,14,0,162;348;483;174;64;179;422;73;117;610;355;172;795;261
1,7012,7074,1,0,0,18,1,32;218;353;51;179;292;73;117;480;225;42;665;131;548;708;516;432;14
1,7014,7067,1,0,0,18,4,30;216;351;41;179;290;73;117;478;223;40;663;129;546;706;514;430;12
1,6935,7020,1,0,0,17,5,109;295;430;128;11;179;369;73;117;557;302;119;742;208;625;785;593
1,6942,7012,1,0,0,17,4,102;288;423;121;4;179;334;73;117;550;295;112;735;201;618;778;586
1,7372,7656,1,2,0,15,9,120;305;188;348;156;72;270;388;66;830;318;676;551;1100;761
1,7358,7446,1,2,0,16,4,7;134;319;202;362;170;86;284;425;66;830;332;676;565;1114;775
1,7347,7432,1,1,1,16,2,18;145;330;213;373;181;97;295;425;66;830;343;688;576;1125;786
1,7345,7403,1,1,0,16,3,20;147;332;215;375;183;99;297;435;66;830;345;688;578;1127;788
1,7456,7719,1,0,0,13,8,36;221;104;264;72;186;377;749;234;676;331;1016;677
1,7400,7469,1,2,0,15,2,92;277;160;320;128;44;242;388;46;805;290;676;331;1037;733
1,7395,7448,1,1,1,15,3,97;282;165;325;133;49;247;388;51;810;295;676;331;1077;738
0,7380,7442,1,1,0,15,0,112;297;180;340;148;64;262;388;66;825;310;676;331;1092;753
1,7300,7373,1,0,0,16,1,65;4;186;377;260;420;228;144;342;435;146;857;390;726;623;1172
1,7287,7348,1,0,0,15,1,78;17;205;390;273;433;241;157;355;435;159;857;403;726;636
1,7272,7487,1,0,0,15,7,93;32;220;405;288;448;256;172;370;435;174;867;418;726;651
1,7265,7502,1,0,1,16,7,100;39;6;227;412;295;455;263;179;377;435;181;867;425;730;658
1,7331,7394,1,0,0,16,1,34;161;346;229;389;197;113;311;435;98;830;359;688;592;1141;794
1,7317,7531,1,0,0,16,7,48;175;360;243;403;211;127;325;435;98;857;373;688;606;1155;794
1,7309,7569,1,1,0,16,7,56;183;368;251;411;219;135;333;435;98;857;381;726;614;1163;794
1,7303,7598,1,1,0,17,10,62;1;186;374;257;417;225;141;339;435;98;857;387;726;620;1169;830
0,5683,5757,1,0,0,16,0,10;23;174;220;295;137;44;425;349;510;528;739;400;651;951;1171
0,5687,5775,1,0,0,16,0,6;19;170;216;291;133;40;421;345;506;528;735;400;647;947;1171
1,5698,5764,1,0,0,15,5,8;159;205;280;122;29;410;334;495;528;724;400;636;936;1171
0,5699,5781,1,1,0,15,0,7;158;204;279;97;28;409;333;494;528;723;400;635;935;1171
1,5592,5670,1,0,0,14,4,63;37;101;85;35;265;311;386;191;135;516;432;601;528
1,5631,5719,1,0,0,16,5,24;62;75;18;226;272;347;189;96;477;401;562;528;791;499;703
1,5664,5720,1,0,0,16,3,29;42;193;239;314;156;63;444;368;529;528;758;466;670;970;1213
1,5676,5743,1,0,0,16,5,17;30;181;227;302;144;51;432;356;517;528;746;454;658;958;1171
1,5563,5801,1,0,0,14,5,92;66;130;143;53;294;340;415;191;164;545;469;618;684
1,5566,5642,1,0,0,14,3,89;63;127;140;53;291;337;412;191;161;542;466;618;528
1,5582,5668,1,0,0,14,5,73;47;111;124;35;275;321;396;191;145;526;450;611;528
1,5583,5644,1,1,0,14,2,72;46;110;85;35;274;320;395;191;144;525;449;610;528
1,5499,5569,1,0,0,15,1,156;130;194;207;50;53;358;380;479;191;228;609;475;694;748
1,5499,5552,1,0,0,15,2,156;91;194;207;50;53;358;380;479;191;228;609;475;694;748
1,5500,5577,1,1,0,15,1,155;91;193;206;49;53;357;380;468;191;227;608;475;693;747
1,5526,5598,1,0,0,15,5,129;88;167;180;23;53;331;377;452;191;201;582;475;667;721
1,5870,5927,1,0,0,11,1,33;89;238;162;323;332;552;260;412;667;1007
1,5855,5931,1,1,0,12,2,2;48;89;253;177;338;388;567;275;412;667;1022
1,5897,5967,1,0,0,12,1,6;81;211;135;296;332;525;233;370;667;980;736
1,5886,5970,1,0,0,12,4,17;89;222;146;307;332;536;244;412;667;991;747
0,5839,5911,1,0,0,12,0,18;64;89;269;193;354;408;583;291;412;667;1038
1,5818,5888,1,0,0,13,3,39;85;89;2;290;196;375;429;604;312;412;667;1047
1,5850,5925,1,1,0,12,2,7;53;89;258;182;343;397;572;280;412;667;1027
1,5846,5923,1,1,0,12,3,11;57;89;262;186;347;401;576;284;412;667;1031
1,5792,5858,1,1,0,13,2,65;111;89;28;316;240;401;455;630;338;542;667;1064
1,5791,6007,1,0,0,13,3,66;112;89;29;317;241;402;456;631;339;543;667;1086
1,5808,5882,1,0,0,13,3,49;95;89;12;300;224;385;439;614;322;412;667;1047
1,5806,6006,1,1,0,13,4,51;97;89;14;302;226;387;441;616;324;528;667;1047
1,5748,5798,1,0,0,13,5,109;155;230;72;360;284;445;499;674;382;586;886;1129
1,5721,5798,1,0,0,14,5,136;182;257;97;6;387;311;472;526;701;400;613;913;1156
1,5764,6032,1,1,0,13,4,93;139;214;56;344;268;429;483;658;366;570;667;1113
1,5763,5992,1,0,0,13,7,94;140;215;57;345;269;430;484;659;367;571;871;1114
1,6199,6406,1,0,0,15,9,48;223;135;435;678;434;545;455;178;845;583;399;320;659;593
1,6204,6273,1,0,0,15,3,43;218;130;430;673;429;540;450;173;679;578;394;315;654;588
1,6099,6171,1,0,0,16,5,9;94;148;323;31;235;535;778;534;577;555;278;945;683;499;420
1,6141,6221,1,0,0,14,2,52;106;281;193;493;736;492;577;513;236;903;641;457;378
1,6049,6103,1,0,0,14,1,59;144;198;373;81;285;585;828;537;577;605;328;995;733
1,6081,6139,1,0,0,16,5,10;112;166;341;49;253;553;796;537;577;573;296;963;701;517;438
1,6040,6117,1,0,0,13,1,68;153;207;382;90;294;594;837;537;602;614;337;1004
0,6048,6130,1,1,0,14,0,60;145;199;374;82;286;586;829;537;577;606;329;996;734
1,6020,6105,1,0,0,13,5,88;12;173;222;402;110;314;614;857;613;602;634;357
0,6021,6083,1,0,0,13,0,87;11;172;222;401;109;313;613;856;537;602;633;356
1,5993,6051,1,0,0,12,3,115;20;200;222;429;137;331;641;884;640;751;661
1,6007,6236,1,0,0,12,5,101;20;186;222;415;123;327;621;870;626;737;647
1,5968,6026,1,0,0,11,3,10;140;64;225;279;454;162;331;666;909;665
1,5989,6078,1,0,0,12,2,119;43;204;222;433;141;331;645;888;644;755;665
1,5919,5979,1,0,0,11,2,59;189;113;274;328;496;211;370;667;958;714
1,5938,6004,1,0,0,11,4,40;170;94;255;309;484;192;370;667;939;695
1,6414,6472,1,0,0,16,2,8;220;463;219;330;240;557;368;184;65;444;360;816;912;649;532
1,6411,6461,1,0,0,16,3,11;223;466;222;333;243;557;371;187;108;447;377;819;912;652;535
1,6411,6492,1,1,0,16,2,11;223;466;222;333;243;557;371;187;108;447;360;819;912;652;535
1,6402,6472,1,0,0,14,3,20;232;475;231;342;252;557;380;196;117;456;377;828;912
1,6394,6461,1,0,0,14,3,28;240;483;239;350;260;557;388;204;125;464;377;836;971
1,6394,6477,1,1,0,14,3,28;240;483;239;350;260;557;388;204;125;464;377;836;912
1,6390,6453,1,0,0,14,3,32;244;487;243;354;264;557;392;208;129;468;384;840;975
1,6364,6438,1,1,0,15,3,58;268;513;269;380;290;1;557;418;234;155;494;384;866;1001
1,6331,6401,1,0,0,15,4,91;3;303;546;302;413;323;1;557;451;267;188;527;384;899
1,6327,6397,1,1,0,15,3,95;7;307;550;306;417;327;50;557;455;271;192;531;384;903
1,6287,6363,1,0,0,14,3,135;47;347;590;346;457;367;56;557;495;311;232;571;384
1,6285,6496,1,0,0,14,7,137;49;349;592;348;459;369;56;679;497;313;234;573;384
1,6281,6546,1,0,1,14,9,141;53;353;596;352;463;373;56;679;501;317;238;577;511
1,6246,6335,1,0,0,15,4,1;176;88;388;631;387;498;408;131;679;535;352;273;612;546
1,6222,6296,1,0,0,15,2,25;200;112;412;644;411;522;432;155;679;560;376;297;636;570
1,6220,6274,1,0,0,15,1,27;202;114;414;657;413;524;434;157;679;562;378;299;638;572
1,8936,9021,1,0,0,12,2,361;244;325;330;408;469;326;736;353;478;542;696
1,8948,9001,1,0,0,12,1,349;232;313;318;396;463;314;724;341;466;474;684
1,8909,8986,1,0,0,10,1,388;271;352;357;435;469;353;763;380;505
1,8932,8986,1,0,0,11,1,365;248;329;333;412;469;330;740;357;482;546
1,8983,9230,1,1,0,12,8,314;197;244;283;361;428;279;689;165;431;474;649
1,8985,9069,1,1,0,12,2,312;195;244;281;359;426;277;687;165;218;474;647
1,8977,9059,1,1,0,12,1,320;203;280;289;367;434;285;695;312;437;474;655
1,8977,9181,1,1,1,12,7,320;203;244;289;367;434;285;695;312;437;474;655
1,9098,9154,1,0,0,15,3,199;82;163;168;246;313;164;574;165;218;380;534;678;922;656
1,9099,9182,1,0,0,15,2,198;81;162;167;245;312;163;573;165;218;379;533;677;921;611
1,8992,9079,1,0,0,12,1,305;188;244;274;352;419;270;680;165;218;474;587
1,9025,9114,1,0,0,13,2,272;155;236;241;319;386;237;647;165;218;453;587;751
1,9143,9229,1,1,0,18,4,154;37;118;123;201;268;119;529;146;218;335;489;605;871;590;1012;734;835
1,9158,9221,1,1,0,18,3,139;22;103;108;186;253;104;514;131;218;320;474;605;862;583;997;719;820
1,9111,9170,1,0,0,15,3,186;69;150;155;233;300;151;561;165;218;367;521;605;909;611
1,9114,9191,1,0,0,15,3,183;66;147;152;230;297;148;558;165;218;364;518;605;871;611
1,8578,8653,1,0,0,13,4,7;99;83;189;166;43;719;255;273;598;674;621;766
1,8574,8652,1,0,0,13,2,11;103;87;193;170;47;723;259;277;606;674;621;770
1,8569,8654,1,0,0,13,2,16;108;92;198;175;52;728;264;282;611;674;697;775
1,8555,8625,1,1,0,13,3,30;122;106;212;189;66;742;278;296;625;674;711;776
1,8700,8787,1,0,0,11,3,67;44;597;133;151;480;561;566;644;469;562
1,8692,8956,1,0,0,11,7,75;52;605;141;159;487;569;574;652;719;570
1,8691,8778,1,0,0,11,1,76;53;606;142;160;489;570;575;653;720;571
1,8588,8672,1,0,0,12,2,89;73;179;156;33;709;245;263;592;673;621;756
1,8768,8833,1,1,0,10,2,529;65;83;412;493;479;576;469;494;904
1,8760,8818,1,1,0,11,2,7;537;73;91;419;501;506;584;469;502;912
1,8732,8785,1,0,0,12,1,35;12;565;101;119;448;522;534;612;469;530;940
1,8708,8784,1,0,0,12,1,59;36;589;125;143;472;522;558;636;469;554;964
1,8870,8942,1,0,0,9,1,427;310;391;396;474;469;392;802;419
1,8841,8893,1,1,0,10,2,456;10;339;420;425;503;469;421;831;448
1,8812,8870,1,0,0,10,1,485;21;39;368;449;454;532;469;450;860
1,8769,9054,1,1,0,10,3,528;64;82;411;492;471;575;469;493;903
1,9495,9736,1,1,0,17,10,177;137;281;525;259;660;382;483;336;396;236;607;837;323;342;448;810
1,9507,9804,1,1,0,17,11,165;125;269;513;247;648;370;471;324;384;224;595;825;320;330;436;798
1,9529,9579,1,1,0,17,1,143;103;247;491;225;626;348;449;302;362;202;573;803;319;308;414;776
1,9539,9756,1,1,0,17,10,133;93;237;481;215;602;338;439;292;352;192;563;793;319;298;404;766
0,9549,9607,1,0,0,17,0,123;83;227;471;205;602;328;429;282;342;182;553;609;319;288;394;756
1,9566,9617,1,1,0,17,4,106;66;210;454;188;589;311;412;265;325;165;536;609;319;271;377;739
0,9573,9632,1,1,0,17,0,99;59;203;447;181;582;304;405;258;318;158;524;609;319;264;370;732
1,9648,9707,1,0,0,17,3,24;128;372;106;507;229;330;183;243;83;454;609;319;189;295;657;913
1,9673,9749,1,0,0,17,3,82;347;81;482;204;305;158;218;58;429;609;319;164;270;632;888;701
1,9680,9747,1,1,0,17,4,82;340;74;457;197;298;151;211;51;422;609;319;157;263;625;881;694
1,9690,9977,1,1,0,17,8,82;330;64;457;187;288;141;201;41;412;609;319;147;253;615;871;684
1,9704,9782,1,0,0,18,5,72;316;50;451;173;274;127;187;27;398;609;319;133;239;601;794;670;650
1,9723,9800,1,0,0,19,5,53;297;31;432;154;255;108;168;8;379;609;319;114;220;582;787;651;631;755
1,9724,9782,1,0,0,19,1,52;296;30;431;153;254;107;167;7;378;608;319;113;219;581;763;650;630;754
1,9725,9811,1,1,0,19,5,51;295;29;430;152;253;106;166;6;377;607;319;112;218;565;763;649;629;753
1,9729,9781,1,2,0,19,4,47;291;25;426;148;249;102;162;2;373;603;319;108;214;565;757;645;625;749
1,9209,9284,1,0,0,18,4,88;52;57;135;202;53;463;80;205;269;423;567;811;545;935;625;769;622
1,9187,9265,1,0,0,18,4,110;74;79;157;224;75;485;102;218;291;445;589;833;567;935;690;791;644
1,9230,9471,1,0,0,19,9,67;27;36;114;181;32;442;59;174;248;402;546;790;524;925;625;748;601;661
1,9220,9284,1,0,0,18,3,77;41;46;124;191;42;452;69;174;258;412;556;800;534;935;625;758;611
1,9334,9562,1,0,0,16,4,10;77;338;80;144;298;442;686;420;821;543;644;398;557;397;768
0,9235,9316,1,1,0,19,0,62;26;31;109;176;27;437;54;174;243;397;541;785;519;920;625;743;398;656
1,9363,9435,1,1,0,16,3,48;309;51;115;269;409;657;391;792;514;615;398;528;326;739;969
1,9349,9438,1,0,0,15,5,62;323;65;129;283;409;671;405;806;528;629;398;542;382;753
1,9380,9468,1,0,0,16,4,31;292;34;98;245;396;640;374;775;497;598;398;511;326;722;952
0,9371,9443,1,0,0,16,0,40;301;43;107;245;405;649;383;784;506;607;398;520;326;731;961
0,9406,9459,1,1,0,19,0,5;266;8;72;226;370;614;348;749;471;572;398;485;325;678;926;669;431;537
1,9380,9612,1,0,0,16,4,31;292;34;98;245;396;640;374;775;497;598;398;511;326;678;952
1,9451,9511,1,0,0,17,3,214;27;181;325;569;303;704;426;527;380;440;280;651;881;624;386;492
1,9427,9511,1,0,0,17,1,245;51;205;349;593;327;728;450;551;398;464;304;675;905;648;410;516
1,9481,9764,1,0,0,17,10,191;151;294;529;273;674;396;497;350;410;250;621;851;594;356;462;824
1,9467,9525,1,0,1,18,4,205;11;165;294;553;287;688;410;511;364;424;264;635;865;608;370;476;838
1,7722,7930,1,0,0,8,3,111;483;430;69;750;411;488;764
1,7730,7970,1,1,0,8,4,103;475;422;69;742;364;480;764
1,7679,7765,1,0,0,10,2,41;154;526;11;473;69;793;447;531;768
1,7707,7952,1,1,0,9,4,13;126;498;445;69;765;426;503;768
1,7659,7910,1,0,0,11,6,18;61;174;546;31;493;264;813;447;551;768
1,7668,7743,1,0,0,11,1,9;52;165;537;22;484;69;804;447;542;768
1,7623,7696,1,0,0,12,1,54;97;19;210;582;67;529;300;821;447;587;962
1,7654,7868,1,0,0,11,5,23;66;179;551;36;498;269;818;447;556;931
0,7929,8009,1,0,0,10,0,63;223;519;204;281;656;585;592;557;748
1,7945,8150,1,0,0,10,2,63;207;519;188;265;640;569;576;541;732
1,7913,7965,1,0,0,11,1,292;239;10;547;220;297;672;601;608;573;764
1,7922,8157,1,0,0,11,3,283;230;1;519;211;288;663;592;599;564;755
1,7867,7920,1,0,0,9,3,338;285;56;605;266;343;718;647;654
1,7886,7939,1,0,0,9,1,319;250;37;586;247;324;699;628;635
1,7735,7792,1,0,0,8,1,98;470;417;69;737;339;475;764
1,7778,7851,1,0,0,10,1,55;427;374;69;694;339;432;764;736;743
1,7528,7598,1,0,0,12,2,149;32;192;0;114;305;677;162;608;331;944;512
1,7524,7603,1,0,0,12,1,153;35;196;4;118;309;681;166;628;331;948;512
0,7509,7561,1,0,0,12,0,168;35;211;19;133;310;696;181;643;331;963;512
1,7482,7534,1,0,1,13,3,10;195;35;238;46;160;351;723;208;644;331;990;512
1,7471,7559,1,1,0,13,1,21;206;89;249;57;171;362;734;219;644;331;1001;512
0,7470,7522,1,1,0,13,0,22;207;90;250;58;172;363;735;220;644;331;1002;512
1,7465,7532,1,0,0,13,1,27;212;95;255;63;177;368;740;225;656;331;1007;512
1,7463,7536,1,0,0,13,1,29;214;97;257;65;179;370;742;227;676;331;1009;512
1,7619,7697,1,1,0,12,1,58;101;23;214;586;71;533;304;821;498;591;966
1,7618,7690,1,1,0,12,1,59;102;24;215;587;72;534;305;842;498;592;967
1,7606,7691,1,0,0,12,1,71;114;36;227;599;84;546;317;863;498;602;979
1,7596,7676,1,0,0,12,3,81;124;46;237;609;94;556;327;863;512;602;989
1,7587,7670,1,0,0,11,3,90;133;55;246;618;103;565;330;863;512;623
1,7577,7652,1,0,0,11,1,100;143;65;256;628;113;575;330;895;512;623
1,7543,7625,1,0,0,12,3,134;17;177;99;290;655;147;608;330;929;512;667
1,7534,7598,1,0,0,11,2,143;26;186;108;299;671;156;608;330;938;512
1,8350,8617,1,0,0,14,7,122;235;128;171;136;327;310;412;363;271;947;483;461;830
1,8354,8583,1,0,0,14,7,118;231;128;167;132;323;307;412;363;267;943;479;461;826
1,8403,8459,1,0,0,15,2,69;182;111;118;83;274;258;364;341;218;894;430;448;734;858
0,8411,8470,1,0,0,15,0,61;174;103;110;75;266;250;356;333;210;886;422;440;734;850
1,8277,8354,1,0,0,12,2,195;308;237;244;209;400;310;412;467;344;990;556
1,8340,8409,1,0,0,13,3,132;245;174;181;146;337;310;412;404;281;957;493;511
1,8341,8421,1,0,0,13,3,131;244;128;180;145;336;310;412;403;280;956;492;510
1,8343,8554,1,0,0,13,6,129;242;128;178;143;334;310;412;401;278;954;490;461
1,8493,8547,1,0,0,14,3,91;21;28;184;168;274;241;128;804;340;358;687;768;773
1,8504,8564,1,0,0,14,4,81;10;17;173;157;263;240;117;793;329;347;676;757;762
1,8548,8606,1,0,0,13,3,37;129;113;219;196;73;749;285;303;632;713;718;796
1,8552,8605,1,0,0,13,3,33;125;109;215;192;69;745;281;299;628;709;714;776
1,8452,8524,1,0,0,15,4,20;133;62;69;34;225;209;315;292;169;845;381;399;728;809
1,8457,8519,1,0,0,15,3,15;128;57;64;29;220;204;310;287;164;840;376;394;723;773
1,8458,8546,1,0,0,15,3,14;127;49;63;28;219;203;309;286;163;839;375;393;722;773
1,8482,8567,1,0,0,15,4,91;32;39;4;195;179;285;262;139;815;351;369;698;773;784
1,8082,8160,1,0,0,13,4,63;70;390;51;128;503;432;439;404;547;579;685;662
1,8050,8111,1,0,0,12,3,63;102;422;83;160;535;464;471;436;547;611;692
0,8112,8175,1,0,0,14,0,63;40;360;21;98;468;402;409;374;547;549;655;632;474
1,8088,8164,1,0,0,14,2,63;64;384;45;122;468;426;433;398;547;573;679;656;533
1,7979,8042,1,0,0,10,1,63;173;493;154;231;606;526;542;507;547
1,7958,8025,1,0,0,10,1,63;194;514;175;252;627;556;563;528;547
1,8041,8112,1,0,0,12,1,63;111;431;92;169;544;473;480;445;547;620;726
0,7992,8049,1,0,0,10,0,63;160;480;141;218;593;487;529;494;547
1,8195,8261,1,0,0,13,2,10;277;15;390;319;326;291;482;466;412;549;426;1102
1,8193,8245,1,1,0,12,3,12;279;17;392;321;328;293;484;468;422;551;428
1,8243,8447,1,0,0,12,7,229;342;271;278;243;434;418;412;501;378;990;590
1,8232,8521,1,0,0,12,9,240;353;282;289;254;445;429;412;512;389;1065;601
1,8164,8414,1,0,0,12,3,41;308;46;421;350;357;322;513;497;603;580;438
1,8145,8203,1,0,0,13,1,60;7;327;65;440;369;376;341;532;516;622;599;474
1,8186,8386,1,1,0,12,4,19;286;24;399;328;335;300;491;475;564;554;435
1,8178,8260,1,0,0,12,3,27;294;32;407;336;343;308;499;483;589;554;438
1,11281,11482,1,0,1,15,3,130;97;128;112;202;416;594;35;325;239;545;394;1004;804;782
1,11278,11356,1,1,0,15,2,138;100;131;115;205;416;597;38;328;242;548;394;1004;807;785
1,11272,11344,1,0,0,15,3,144;106;137;121;211;416;603;44;334;248;554;394;1004;813;791
1,11225,11451,1,0,0,14,6,191;153;184;168;258;612;650;91;353;295;563;394;1004;860
1,11346,11552,1,0,0,14,5,70;32;63;47;137;416;529;260;174;480;300;997;739;645
1,11345,11430,1,1,0,14,2,71;33;64;48;138;416;530;261;175;481;300;998;740;661
1,11339,11412,1,0,0,14,1,77;39;70;54;144;416;536;267;181;487;351;1004;746;661
1,11293,11345,1,0,0,15,4,123;85;116;100;190;416;582;23;313;227;533;394;1004;792;661
1,11091,11164,1,0,0,14,4,16;78;325;287;318;302;392;746;784;214;515;429;735;394
1,11072,11361,1,0,0,14,10,35;97;344;306;337;321;411;765;803;214;534;448;754;618
1,11052,11105,1,0,0,14,3,55;117;364;310;357;341;431;767;819;214;554;468;774;638
1,11031,11115,1,0,1,14,5,76;138;385;310;378;362;440;784;819;214;567;489;795;659
1,11222,11289,1,1,0,14,5,194;156;187;171;261;615;653;94;384;298;563;394;1004;863
1,11220,11298,1,0,0,14,3,196;158;189;173;263;617;655;96;386;300;606;394;1004;865
1,11159,11429,1,0,1,14,9,10;257;219;250;234;324;678;716;157;447;361;667;394;1184
1,11111,11162,1,1,0,13,2,58;305;267;298;282;372;726;764;205;495;409;707;394
1,10938,11195,1,0,0,11,10,169;231;478;440;471;455;545;899;937;378;668
1,10978,11050,1,0,0,12,4,129;191;438;400;431;415;505;859;897;214;628;542
1,10849,11110,1,0,0,8,3,258;10;320;567;529;560;544;634
0,10921,10973,1,1,0,10,0,186;248;495;457;488;472;562;916;954;395
1,11009,11065,1,0,0,13,4,98;160;407;369;400;384;440;828;819;214;567;511;817
1,11019,11101,1,0,1,13,3,88;150;397;359;390;374;440;784;819;214;567;501;807
1,11000,11079,1,1,0,12,4,107;169;416;378;409;393;440;837;875;214;606;520
1,11001,11073,1,1,0,12,3,106;168;415;377;408;392;440;836;874;214;567;519
1,10778,10844,1,1,0,9,1,34;329;44;81;379;635;571;631;615
1,10801,10857,1,0,0,10,3,11;306;21;58;368;615;571;608;592;682
1,10752,10839,1,0,0,10,2,52;11;355;70;107;417;664;571;657;641
1,10761,10822,1,1,0,10,3,51;2;346;61;98;408;635;571;648;632
0,10827,10885,1,0,0,8,0,280;32;342;589;551;560;566;656
0,10830,10886,1,1,0,8,0,277;29;339;586;548;560;563;653
1,10804,10883,1,0,0,10,3,8;303;18;55;365;612;571;602;589;679
1,10806,10886,1,1,0,10,1,6;301;16;53;363;610;571;560;587;677
1,11737,11826,1,0,1,11,4,100;138;89;606;256;322;306;496;761;535;430
0,11726,11812,1,0,0,11,0,111;149;100;617;256;337;317;507;772;535;441
0,11759,11825,1,0,0,11,0,78;116;67;576;256;304;284;474;739;535;408
1,11748,11798,1,1,0,11,2,89;127;78;576;256;315;295;485;750;535;419
1,11767,11838,1,0,0,11,3,58;108;59;576;256;296;276;466;731;535;400
1,11760,11820,1,1,0,11,2,77;115;66;576;256;303;283;473;738;535;407
1,11831,12089,1,0,0,10,6,6;44;512;254;232;212;402;667;535;336
1,11806,11868,1,1,0,11,2,31;69;20;537;256;257;237;427;692;535;361
1,11605,11680,1,0,0,11,2,232;270;1;221;21;738;256;458;438;628;893
1,11573,11835,1,0,0,11,5,264;302;33;253;21;770;512;490;446;660;925
1,11683,11739,1,0,0,12,2,154;192;143;7;660;256;380;360;550;815;776;484
1,11644,11695,1,0,0,12,4,193;231;182;21;699;256;419;399;589;854;815;523
1,11719,11973,1,1,0,11,6,118;156;107;624;256;344;324;514;779;673;448
1,11683,11904,1,0,0,12,5,154;192;143;7;660;256;380;336;550;815;776;484
1,11726,11776,1,0,0,11,2,111;149;100;617;256;337;317;507;772;535;441
0,11720,11803,1,0,0,11,0,117;155;106;623;256;343;323;513;778;535;447
1,11506,11737,1,0,1,11,5,331;369;100;14;320;184;831;579;557;537;727
1,11508,11582,1,0,0,11,1,329;367;98;12;318;182;831;577;555;535;664
1,11508,11747,1,0,0,11,6,328;367;98;12;318;182;831;577;555;535;664
1,11511,11561,1,0,0,11,3,326;364;95;9;315;21;831;574;552;532;664
1,11511,11582,1,1,0,11,3,326;364;95;9;315;21;808;574;552;532;664
0,11512,11601,1,0,0,11,0,325;363;94;8;299;21;808;573;551;531;664
1,11538,11612,1,0,0,10,1,299;337;68;288;21;805;547;525;505;664
1,11541,11619,1,0,0,10,2,296;334;54;285;21;802;544;522;502;664
1,11349,11598,1,1,0,15,6,67;29;60;44;134;416;512;257;171;477;300;994;736;645;694
1,11358,11575,1,0,0,15,6,58;20;51;35;125;416;496;248;162;468;300;985;727;645;685
1,11383,11451,1,0,0,14,3,33;26;10;100;416;492;223;72;443;300;960;702;645;660
1,11394,11472,1,1,0,13,2,22;15;89;416;481;212;72;432;296;949;691;645;649
1,11412,11476,1,0,0,12,1,4;71;416;463;163;72;414;278;931;673;645;631
1,11452,11744,1,0,1,11,7,31;385;423;154;68;374;238;891;633;611;591
1,11459,11513,1,1,0,11,1,24;378;416;147;61;367;231;878;626;604;584
1,11503,11592,1,0,0,11,3,334;372;103;17;323;187;840;582;560;540;730
1,10185,10256,1,1,0,16,3,147;120;376;189;169;293;361;338;435;389;627;552;85;393;922;637
1,10175,10231,1,0,0,14,4,157;130;386;199;179;303;371;348;445;394;637;562;85;393
1,10174,10447,1,0,0,14,8,158;131;387;200;180;304;372;349;446;394;638;563;297;393
1,10169,10462,1,0,0,14,9,163;136;392;205;185;309;377;354;451;394;643;568;302;594
1,10076,10138,1,1,0,16,5,79;26;256;229;485;298;278;402;470;447;516;394;736;661;330;687
1,10064,10144,1,1,0,16,4,91;38;268;11;241;497;310;290;414;482;459;516;394;748;673;330
1,10055,10141,1,1,0,16,4,100;47;277;20;250;506;319;299;423;491;468;516;452;757;682;330
1,10054,10142,1,1,0,16,3,101;48;278;21;251;507;320;300;424;492;469;516;452;758;683;417
1,10039,10102,1,1,0,16,5,116;63;293;36;266;522;335;315;439;507;484;516;452;773;698;432
1,10030,10256,1,0,0,16,8,125;72;302;45;275;531;338;324;448;516;493;548;452;782;707;441
1,10009,10064,1,0,0,17,4,11;146;93;323;66;296;552;338;345;469;537;514;548;452;803;728;462
1,9993,10289,1,1,0,17,13,27;162;109;334;82;312;568;338;361;485;553;530;548;582;819;740;478
1,9988,10045,1,0,0,17,3,32;167;114;344;87;317;573;338;366;490;558;535;548;582;824;740;483
1,9978,10051,1,0,0,18,4,42;177;0;124;354;97;327;583;350;376;500;568;545;548;582;834;740;493
1,9943,10167,1,1,0,19,8,77;212;35;159;389;132;0;362;618;350;411;517;572;580;548;582;869;794;528
1,9932,10003,1,1,0,18,3,88;223;46;170;400;143;11;373;629;350;422;546;572;591;548;582;880;805
1,9883,9962,1,1,0,17,5,137;272;77;8;219;449;192;60;422;678;350;471;595;572;638;548;582
1,9894,10146,1,0,1,17,9,126;261;59;208;438;181;49;411;667;350;460;584;572;629;548;582;918
0,9877,9960,1,1,0,18,0,143;278;0;101;14;225;455;198;66;428;684;350;477;601;572;638;548;582
1,9878,9937,1,0,1,17,5,142;277;100;13;224;454;197;65;427;683;350;476;600;572;638;548;582
1,9852,10089,1,1,0,18,8,168;303;25;126;39;250;480;223;91;453;709;522;502;626;572;638;548;756
1,9866,10087,1,1,0,18,7,154;289;11;112;25;236;466;209;77;439;695;508;488;612;572;638;548;582
1,9814,9903,1,1,1,19,5,206;341;63;164;17;77;288;518;261;23;103;491;747;560;512;664;572;709;548
1,9840,9896,1,1,0,18,2,180;315;37;138;51;262;492;235;103;465;721;534;512;638;572;638;548;768
1,9791,10076,1,1,0,18,7,229;364;86;187;40;100;311;541;284;46;103;514;757;583;512;687;686;732
1,9798,10073,1,1,0,19,9,222;357;79;180;33;93;304;534;277;39;103;507;757;576;512;680;572;725;822
1,9779,9843,1,1,0,18,4,241;376;98;199;52;112;323;553;296;58;103;526;757;595;512;699;728;744
1,9781,9866,1,0,0,18,4,239;374;96;197;50;110;321;551;294;56;103;524;757;593;512;697;708;742
1,9741,9829,1,2,0,19,5,35;279;13;414;136;237;90;116;361;591;319;96;196;564;757;633;512;737;805
1,9760,10025,1,1,0,18,10,16;260;395;117;218;71;116;342;572;315;77;183;545;757;614;512;718;728
1,9729,10024,1,4,0,19,9,47;291;25;426;148;249;102;116;2;373;603;319;108;214;565;757;645;625;749
1,9734,9814,1,2,0,18,1,42;286;20;421;143;244;97;116;368;598;319;103;209;565;757;640;512;744
1,10696,10763,1,0,0,11,1,116;41;67;411;126;163;473;720;571;713;651
0,10692,10750,1,0,0,11,0,120;45;71;415;130;167;477;724;571;717;651
1,10734,10963,1,0,0,11,5,69;3;29;373;88;125;435;682;571;675;651
1,10728,10797,1,1,0,11,3,84;7;35;379;94;131;441;688;571;681;651
1,10653,10712,1,0,0,11,3,159;84;110;454;169;206;516;763;661;756;740
1,10627,10706,1,1,0,11,2,182;110;136;480;195;232;542;789;661;775;766
1,10687,10911,1,1,0,11,6,125;50;76;418;135;172;482;729;661;722;651
1,10680,10766,1,0,0,11,2,132;57;83;418;142;179;489;736;661;729;713
1,10550,10827,1,1,0,14,5,11;70;58;262;178;213;557;215;307;22;607;866;661;859
1,10548,10809,1,0,0,14,9,13;72;60;264;178;215;559;215;307;24;607;868;830;861
1,10606,10667,1,1,0,12,2,14;2;206;131;157;501;215;253;563;810;661;775
1,10573,10629,1,0,0,12,2,47;35;239;164;190;534;215;286;596;843;661;775
1,10456,10741,1,0,0,17,7,105;22;90;67;164;88;356;281;15;307;651;215;2;328;116;713;960
1,10432,10715,1,0,1,14,7,129;46;114;91;188;88;380;305;39;331;675;337;26;328
1,10540,10609,1,0,0,15,3,21;6;80;68;272;178;223;567;215;319;32;607;876;838;869
1,10530,10591,1,0,0,15,2,31;16;90;78;282;207;233;577;215;328;42;607;886;848;879
1,10387,10464,1,1,0,14,1,174;91;140;136;233;88;425;350;77;376;720;337;71;328
1,10387,10437,1,1,0,14,4,174;91;140;136;233;88;425;328;77;376;720;337;71;328
1,10399,10468,1,0,0,14,3,162;79;140;124;221;88;413;328;69;364;708;337;59;328
1,10406,10475,1,1,1,14,3,155;72;140;117;214;88;406;328;65;357;701;337;49;328
1,10355,10612,1,0,0,15,7,206;19;123;191;168;265;88;457;382;77;393;752;337;103;504
1,10358,10588,1,1,0,15,8,203;16;120;188;165;262;88;454;379;77;393;749;337;100;347
1,10369,10660,1,1,0,15,8,192;5;109;177;154;251;88;443;368;77;393;738;337;89;347
1,10383,10444,1,1,0,14,3,178;95;163;140;237;88;429;354;77;380;724;337;75;328
1,10261,10538,1,0,0,17,9,71;44;300;98;93;217;285;262;359;347;551;476;85;393;811;475;197
1,10262,10536,1,0,0,17,8,70;43;299;98;92;216;284;261;358;88;550;475;85;393;811;475;196
1,10293,10366,1,0,0,18,4,39;12;268;81;61;185;253;230;327;88;519;444;85;393;811;337;165;566
1,10322,10378,1,0,1,17,5,10;239;52;32;156;224;201;298;88;490;415;85;393;785;337;136;537
1,10245,10327,1,0,0,16,3,87;60;316;129;109;233;301;278;375;363;567;492;85;393;862;577
1,10246,10451,1,0,0,16,8,86;59;315;128;108;232;300;277;374;362;566;491;85;393;811;576
1,10249,10304,1,0,0,16,5,83;56;312;125;105;229;297;274;371;359;563;488;85;393;811;475
1,10260,10343,1,0,0,17,7,72;45;301;98;94;218;286;263;360;348;552;477;85;393;811;475;198
280
13863,14221,35.49,10
13865,14511,62.06,10
13774,14402,0.00,10
13853,14650,336.33,9
13944,14708,192.52,8
14065,14570,71.84,10
13892,14507,251.09,9
13911,14833,64.76,11
13114,13820,317.19,11
13259,13887,184.43,10
12784,13556,233.79,10
12951,13746,452.98,8
13491,13898,0.00,8
13525,14251,98.94,11
13292,14300,239.25,8
13471,14117,212.05,10
12639,13043,240.29,8
12597,13380,282.44,8
12532,13264,127.25,10
12453,13039,46.97,10
12781,13190,138.67,9
12721,13216,0.00,8
12689,13194,138.95,8
12669,13789,503.63,11
11989,12907,163.16,8
11976,12533,270.65,8
11943,12763,457.41,9
11619,12167,94.30,10
12438,13224,317.95,10
12312,13199,292.22,8
12254,12965,205.54,9
12030,12724,357.68,9
14325,15050,65.35,9
14318,14986,164.18,10
14431,14967,0.00,11
14421,15129,90.90,8
14646,15623,153.56,10
14590,15032,112.85,11
14795,15439,0.00,11
14741,15362,179.07,8
14165,15017,256.28,10
14079,15015,557.74,10
14260,15130,237.54,9
14169,15236,192.37,10
14272,15091,194.85,11
14271,14835,215.31,9
14289,15017,219.30,11
14287,15022,194.35,9
9382,10075,286.14,11
9355,10332,194.24,9
9266,10102,83.21,9
9251,9731,56.99,11
9221,9891,46.38,9
9173,9831,203.89,9
9140,9978,46.64,10
9135,9877,65.24,11
9740,10546,256.45,11
9719,10478,29.85,10
9703,10354,131.84,8
9671,10374,197.87,8
9623,10561,116.21,9
9460,10305,16.39,9
9396,9943,93.78,8
9389,9837,0.00,10
8603,9262,0.00,10
8708,9672,31.66,9
8540,9344,30.83,8
8592,9411,250.92,8
8401,9261,211.43,11
8478,9266,193.41,8
8287,8851,49.31,10
8349,9180,148.33,9
9060,9754,73.68,10
9133,10155,124.62,9
9001,9776,183.10,11
9045,10020,63.17,11
8924,9478,109.62,11
8934,9632,84.73,8
8816,9289,147.38,10
8902,9414,244.81,11
10922,11606,139.66,10
10921,11316,164.70,11
11004,11826,95.19,8
10963,11520,90.41,9
10801,11483,65.05,11
10618,11393,64.46,8
10877,11875,95.38,10
10864,11837,313.55,8
11503,12233,255.11,9
11349,12043,128.69,11
11613,12459,328.96,8
11561,12498,497.69,11
11130,12343,308.13,8
11021,11690,437.76,8
11240,12063,278.56,9
11163,12085,282.07,11
9916,10737,151.64,11
9941,10471,315.31,11
10068,10763,201.33,8
10180,11107,112.69,8
9773,10523,71.36,9
9795,10620,306.61,9
9836,10608,630.78,10
9887,10812,96.96,10
10435,10572,0.00,8
10440,11416,37.58,10
10463,11378,329.07,8
10517,11409,155.75,11
10183,10822,412.80,11
10252,10458,16.56,8
10292,10859,189.48,10
10435,11169,135.42,11
6033,7044,361.70,11
6011,6377,124.81,10
5985,6654,0.00,10
5976,6744,219.40,10
6157,6858,47.35,9
6072,6519,58.08,9
6066,6598,10.73,10
6045,6782,80.79,11
6409,7063,260.48,10
6362,7365,64.91,10
6324,7230,0.00,8
6169,6792,151.13,8
6510,7136,218.72,8
6482,7304,277.48,8
6457,7215,242.21,8
6409,6946,29.72,8
5123,5903,213.46,10
5155,5978,237.39,10
4958,5649,223.92,8
5027,5857,170.56,11
5249,6108,212.08,11
5432,6032,192.33,10
5160,5820,199.02,11
5236,5727,50.35,10
5609,6422,96.13,8
5624,6130,71.05,11
5466,6193,49.78,10
5475,6247,290.63,9
5663,6877,127.36,10
5877,6633,97.05,8
5627,6334,208.60,8
5635,6634,303.43,10
7161,7923,416.52,11
7136,8152,344.10,9
7302,8133,340.04,11
7294,8472,211.96,10
7591,8585,260.98,11
7540,8210,90.73,11
7777,8521,0.00,11
7759,8514,210.97,11
7909,8677,189.75,10
7902,8486,0.00,10
8037,8661,116.55,11
8037,8767,211.65,11
8083,8621,95.04,10
8071,8744,92.04,10
8227,8833,0.00,8
8194,9297,82.49,11
6516,7271,398.01,8
6551,7492,281.07,8
6590,7237,104.07,8
6632,7054,24.75,9
6735,7677,0.00,8
6794,7143,0.00,11
6883,7560,54.64,8
6899,7720,0.00,9
6924,7528,46.01,8
6971,7444,0.00,11
6973,7026,0.00,10
7022,7642,112.07,10
7030,7833,227.73,11
7034,7446,126.70,10
7111,8205,418.24,9
7124,7690,0.00,9
935,1419,221.16,11
1010,1805,0.00,10
836,1483,46.73,11
838,1845,247.35,11
796,1636,229.65,10
797,1488,174.26,9
579,1433,145.37,11
771,1649,235.99,9
1330,1903,74.91,10
1358,1923,208.02,10
1286,2303,157.08,11
1311,2059,270.69,10
1243,2269,162.99,8
1255,1877,123.64,8
1096,1789,262.78,11
1106,1830,134.48,8
185,708,20.57,8
182,920,93.19,10
115,954,233.45,8
78,976,164.55,10
36,529,94.21,11
30,943,199.94,10
30,661,77.65,10
8,447,109.25,11
512,1271,293.88,9
507,1154,102.94,9
385,1351,50.16,10
315,1169,481.63,9
279,996,196.21,11
230,1202,241.76,8
215,1017,133.52,10
195,953,11.50,10
0,154,0.00,2
0,170,35.11,1
0,15,0.00,0
0,826,49.86,7
0,16,0.00,0
0,95,0.00,1
0,56,0.00,0
0,476,0.00,6
4483,5439,24.53,8
4530,5334,113.83,9
4426,5142,66.95,8
4460,5223,83.32,10
4593,5492,68.00,9
4621,5128,200.73,9
4583,5227,53.32,10
4589,5461,67.95,10
4680,5629,291.06,11
4691,5693,73.92,11
4647,5655,99.33,11
4670,5444,75.26,8
4879,5427,333.67,9
4932,5549,250.28,10
4780,5706,145.48,11
4814,5400,57.29,10
3461,4242,159.26,9
3344,3899,208.33,10
3238,4023,420.00,8
3181,3760,135.30,10
3947,4323,135.15,8
3855,4385,290.13,10
3852,4692,181.80,11
3807,4701,451.00,10
4131,4820,387.76,10
4119,4704,26.01,10
4048,4787,64.04,10
4018,4490,426.73,10
4415,5468,228.03,8
4257,5020,135.37,9
4232,4979,254.79,11
4179,5037,247.51,8
2018,2794,153.10,10
2097,2866,143.89,10
2218,2833,172.43,10
2380,3167,198.86,11
2397,3339,370.61,10
2472,3474,445.84,8
2477,3024,125.91,11
2510,3226,333.04,8
2511,3097,162.73,11
2538,3290,184.49,8
2561,3223,0.00,9
2874,3183,0.00,11
2909,3537,361.10,11
3147,3813,100.06,11
3172,4027,437.71,8
3172,4096,241.28,8
1430,1928,226.19,11
1361,2176,15.33,9
1610,2439,208.18,11
1506,2139,420.28,9
1681,2680,474.06,10
1621,2534,99.80,9
1781,2334,52.71,10
1760,2202,0.00,11
1873,2497,165.69,10
1823,2538,127.34,10
1907,2871,337.05,10
1884,2678,62.61,9
1919,2448,51.10,9
1907,2690,109.76,8
1935,2462,0.00,11
1933,2659,100.76,10
