1002
1,983,1044,1,1,0,14,2,34;219;13;186;357;153;288;450;666;653;505;500;862;436
1,974,1219,1,1,0,15,7,2;43;228;22;193;377;153;297;459;675;662;514;509;871;445
1,972,1037,1,1,0,15,2,4;45;230;24;193;379;182;299;461;677;664;516;511;873;447
1,951,1035,1,0,1,17,2,25;3;2;66;251;45;218;400;203;320;482;698;685;537;532;894;468
1,1030,1108,1,1,0,13,1,172;139;321;124;219;403;619;606;458;453;815;389;775
1,1017,1101,1,0,0,14,2,0;185;152;334;137;239;416;632;619;464;466;828;402;788
1,1005,1087,1,0,0,13,3,12;197;153;346;149;266;428;644;631;464;478;840;414
1,991,1076,1,0,0,14,2,26;211;5;153;357;153;280;442;658;645;497;492;854;428
1,1045,1115,1,0,0,13,1,157;106;306;109;219;388;604;591;420;438;757;374;760
1,1041,1092,1,0,0,13,2,161;128;310;113;219;392;608;595;420;442;757;378;764
1,1038,1097,1,1,0,13,1,164;131;313;116;219;395;611;598;420;445;757;381;767
1,1035,1096,1,1,0,13,1,167;134;316;119;219;398;614;601;453;448;757;384;770
1,1059,1115,1,1,0,13,1,143;106;292;77;212;374;590;577;399;380;757;360;746
1,1057,1129,1,1,0,13,1,145;106;294;77;214;376;592;579;399;426;757;362;748
1,1054,1112,1,0,0,13,2,148;106;297;86;217;379;595;582;399;429;757;365;751
1,1051,1101,1,1,0,13,2,151;106;300;103;219;382;598;585;399;432;757;368;754
1,1108,1177,1,0,0,15,2,94;61;243;22;163;325;541;528;380;351;737;311;697;681;722
1,1138,1222,1,0,0,15,1,64;31;213;16;133;295;511;498;350;345;707;281;667;651;692
1,1093,1159,1,0,0,13,1,109;76;258;61;178;340;556;543;388;380;752;326;712
1,1106,1184,1,0,0,15,1,96;63;245;48;165;327;543;530;382;351;739;313;699;683;724
1,1194,1262,1,1,0,13,1,8;157;77;239;455;442;278;289;651;225;611;595;636
1,1208,1261,1,0,0,12,1,143;63;225;425;428;278;275;637;211;597;581;622
1,1152,1216,1,0,0,15,2,50;17;199;2;119;281;497;484;336;322;693;267;653;637;678
1,1154,1243,1,0,0,15,3,48;15;189;0;117;279;495;482;334;322;691;265;651;635;676
1,1228,1526,1,0,1,12,10,123;43;205;421;408;260;233;617;191;577;561;602
0,1248,1327,1,0,0,13,0,103;23;185;401;388;240;233;597;171;557;541;582;1021
0,1214,1297,1,0,0,12,0,137;57;219;425;422;274;250;631;205;591;575;616
1,1219,1305,1,1,0,12,1,132;52;214;425;417;269;250;626;200;586;570;611
0,1291,1378,1,0,0,14,0,60;142;358;345;197;192;554;128;514;498;539;978;586;1012
1,1291,1563,1,0,0,14,9,60;142;358;345;197;192;554;128;514;498;539;978;586;1012
0,1253,1330,1,2,0,13,0,98;18;180;396;383;235;230;592;166;552;536;577;1016
1,1277,1519,1,0,0,13,8,74;156;372;359;211;206;568;142;528;512;553;992;600
1,1318,1546,1,0,0,15,9,33;115;305;318;170;165;527;101;487;471;512;951;559;985;741
1,1297,1347,1,0,0,14,1,54;136;330;339;191;186;548;122;508;492;533;972;580;1006
1,1331,1404,1,1,0,16,1,20;102;305;305;157;139;514;88;474;458;499;938;546;972;728;572
1,1322,1385,1,1,0,15,1,29;111;305;314;166;139;523;97;483;467;508;947;555;981;737
1,1367,1619,1,1,0,17,13,66;282;269;121;116;478;52;438;422;463;902;510;936;692;536;556;809
1,1348,1413,1,0,0,16,1,3;85;301;288;140;134;497;71;457;441;482;921;529;955;711;555
1,1388,1463,1,0,0,17,1,45;261;248;100;95;457;31;417;401;442;881;489;915;671;515;535;746
1,1374,1452,1,0,0,17,3,59;275;262;114;109;471;45;431;415;456;895;503;929;685;529;549;802
1,1447,1505,1,0,0,16,1,202;189;41;36;398;358;342;383;822;430;856;612;456;476;729;481
1,1389,1443,1,0,0,17,1,44;245;247;99;94;456;30;416;400;441;880;488;914;670;514;534;746
1,1489,1777,1,1,0,14,11,160;147;356;316;300;341;780;388;814;570;414;434;687;439
1,1455,1529,1,1,1,16,1,170;181;33;28;390;350;334;375;814;422;848;604;448;468;721;473
1,1502,1793,1,0,0,14,11,147;134;343;303;287;328;767;375;801;557;401;421;658;426
0,1497,1553,1,0,0,14,0,152;139;348;308;292;333;772;380;806;562;406;426;658;431
0,1516,1597,1,0,0,15,0,133;120;329;289;189;314;753;361;787;543;387;407;658;412;623
0,1509,1582,1,0,0,15,0,140;127;336;296;189;321;760;368;794;550;394;414;658;419;630
1,1520,1584,1,0,0,15,2,129;116;325;285;189;310;749;357;783;539;383;403;656;408;619
0,1529,1580,1,0,0,15,0,120;107;316;276;189;301;740;348;774;530;374;394;647;399;610
0,1533,1591,1,0,0,15,0,116;103;312;272;189;297;736;344;770;526;370;390;643;395;606
0,1540,1598,1,1,0,15,0,109;96;305;265;189;290;729;337;763;519;363;383;636;388;599
1,1554,1806,1,0,0,15,11,95;82;291;251;189;276;715;323;749;505;349;369;622;374;585
0,1564,1640,1,1,0,15,0,85;72;281;241;189;266;705;313;739;495;339;359;606;364;575
0,1602,1674,1,0,0,15,0,47;34;243;203;187;228;667;275;701;457;301;321;574;326;537
1,1688,1928,1,0,0,16,11,157;117;101;142;581;189;615;371;215;235;488;240;451;751;846;992
1,1693,1982,1,0,0,16,10,152;112;77;137;576;184;610;366;210;230;483;235;446;746;841;987
1,1701,1903,1,0,0,16,8,144;104;77;129;568;176;602;358;202;222;475;227;438;647;833;979
1,1705,1771,1,0,1,16,3,140;100;77;125;564;172;598;354;198;218;471;223;359;647;829;975
1,1723,1800,1,0,0,16,3,122;82;66;107;546;154;580;336;180;200;439;205;359;647;811;957
1,1738,1825,1,1,0,16,1,107;67;51;92;531;139;565;321;165;185;430;190;359;647;796;942
1,1746,1819,1,0,0,16,1,99;59;43;84;523;131;557;313;157;177;430;182;359;621;788;934
1,1767,1829,1,1,0,17,1,78;38;22;63;502;110;536;249;136;156;409;161;359;621;767;913;435
1,1773,1860,1,1,0,17,1,72;32;16;57;496;104;530;249;130;150;403;155;359;621;761;907;429
1,1887,1965,1,0,0,16,2,382;416;172;16;36;289;41;252;477;647;793;315;447;651;610;791
1,1875,1928,1,0,1,16,1,394;2;428;184;28;48;301;53;264;554;659;805;327;459;663;622
1,1857,1934,1,0,0,15,3,412;20;446;202;46;66;319;71;267;554;677;823;345;477;681
1,1832,1898,1,0,0,16,2,13;437;45;471;218;71;91;344;96;267;554;702;848;370;502;706
1,1820,2041,1,1,0,16,5,25;10;449;57;483;218;83;103;356;108;319;554;714;860;382;514
1,1818,2097,1,0,0,16,7,27;12;451;59;485;218;85;105;358;110;321;600;716;862;384;516
1,1803,1860,1,1,0,17,2,42;2;27;466;74;500;249;100;120;373;125;336;600;731;877;399;531
1,1796,1869,1,1,0,17,1,49;9;34;473;81;507;249;107;127;380;132;343;618;738;884;406;538
1,2043,2105,1,1,0,19,1,226;260;16;133;46;391;491;637;159;291;495;454;635;828;647;405;616;419;751
1,2026,2111,1,0,0,19,1,243;277;33;150;113;391;508;654;176;308;511;471;652;845;664;422;633;436;768
1,2021,2081,1,0,0,19,2,248;282;38;155;118;418;513;659;181;313;511;476;657;850;669;427;638;441;773
1,1968,2244,1,0,1,18,15,301;335;91;208;171;471;566;712;234;366;542;529;710;903;722;480;691;494
1,1939,2019,1,0,0,18,2,330;364;120;237;200;477;595;741;263;395;542;558;739;932;751;509;720;523
1,1931,2010,1,0,0,16,2,338;372;128;241;208;477;603;749;271;403;542;566;747;940;759;517
1,1916,1999,1,1,0,17,2,353;387;143;7;241;12;223;477;618;764;286;418;622;581;762;955;774
1,1913,1993,1,0,0,17,2,356;390;146;10;263;15;226;477;621;767;289;421;625;584;765;958;777
1,2145,2222,1,0,0,18,1,124;158;31;294;389;535;57;189;377;352;533;726;545;303;514;317;649;721
1,2148,2209,1,1,0,18,1,121;155;28;291;386;532;54;186;377;349;489;723;542;300;511;314;646;718
1,2113,2340,1,0,0,19,10,156;190;63;26;325;421;567;89;221;425;384;565;758;577;335;546;349;681;753
1,2125,2214,1,0,1,19,2,144;178;51;14;314;409;555;77;209;413;372;553;746;565;323;534;337;669;741
1,2097,2169,1,1,0,19,1,172;206;79;42;342;437;583;105;237;441;400;581;774;593;351;562;365;697;769
1,2109,2183,1,1,0,19,2,160;194;67;30;330;425;571;93;225;429;388;569;762;581;339;550;353;685;757
1,2050,2131,1,0,0,19,2,219;253;9;126;46;389;460;630;152;284;488;447;628;821;640;398;609;412;744
1,2082,2161,1,1,1,18,2,187;221;94;46;357;452;598;120;252;455;415;596;789;608;366;577;380;712
1,2218,2298,1,1,0,17,1,51;85;221;316;462;116;320;279;448;653;472;230;438;244;576;648;615
1,2220,2296,1,0,0,17,2,49;83;219;314;460;114;318;277;448;651;470;228;411;242;574;646;613
1,2171,2231,1,1,1,18,2,98;132;5;268;363;509;31;163;347;326;477;700;519;277;438;291;623;695
1,2215,2505,1,0,0,16,8,54;88;224;319;465;119;323;282;463;656;475;233;438;247;579;651
1,2164,2223,1,0,0,18,1,105;139;12;275;370;516;38;170;347;333;481;707;526;284;474;298;630;702
1,2168,2458,1,1,0,18,9,101;135;8;271;366;512;34;166;347;329;481;703;522;280;438;294;626;698
1,2162,2430,1,0,1,18,12,107;141;14;277;372;518;40;172;376;335;489;709;528;286;474;300;632;704
1,2163,2245,1,0,0,18,1,106;140;13;276;371;517;39;171;347;334;489;708;527;285;474;299;631;703
1,2297,2589,1,0,0,16,9,6;142;237;383;37;241;200;381;574;393;151;362;165;497;569;536
1,2268,2341,1,0,0,17,1,1;35;171;266;412;66;270;229;410;603;422;180;391;194;526;598;565
1,2315,2371,1,1,0,15,1,124;219;365;19;223;182;362;556;375;133;344;147;479;551;518
1,2312,2388,1,0,0,15,1,127;222;368;22;226;185;366;559;378;136;347;150;482;554;521
1,2229,2285,1,0,0,17,1,40;74;210;305;451;105;297;268;448;642;461;219;411;233;565;637;604
1,2222,2286,1,0,0,17,2,47;81;217;312;458;112;314;275;448;649;468;226;411;240;572;644;611
1,2256,2505,1,0,1,17,8,13;47;183;278;424;78;282;241;422;615;434;192;403;206;538;610;577
1,2233,2303,1,0,0,17,3,36;70;206;283;447;101;297;264;445;638;457;215;411;229;561;633;600
1,2418,2638,1,0,0,16,7,21;116;262;112;79;260;453;272;3;237;44;376;448;415;749;921
1,2412,2486,1,0,0,16,2,27;122;268;112;85;266;459;278;3;247;50;382;454;421;755;927
0,2453,2516,1,0,0,14,0,81;227;85;44;218;418;237;206;9;341;413;380;714;886
1,2436,2505,1,0,0,16,1,3;98;244;102;61;242;435;254;3;223;26;358;430;397;731;903
1,2361,2411,1,0,0,14,1,78;173;319;153;136;317;510;329;87;298;101;433;505;472
1,2327,2392,1,0,0,15,1,112;207;353;7;211;170;335;544;363;121;332;135;467;539;506
1,2394,2471,1,1,0,15,1,45;140;286;112;103;284;477;296;54;265;68;400;472;439;773
1,2387,2448,1,0,0,15,1,52;147;293;151;110;291;484;303;61;272;75;407;479;446;780
1,2522,2580,1,0,0,16,1,12;158;16;156;349;168;137;272;344;311;645;817;952;502;704;575
1,2536,2618,1,0,0,15,3,144;2;142;335;154;123;258;330;297;631;803;938;488;690;561
0,2541,2601,1,0,0,15,0,139;136;330;149;118;253;325;292;626;798;933;483;685;556;749
1,2545,2612,1,0,0,15,1,135;133;326;145;114;249;321;288;622;794;929;479;681;552;745
1,2491,2571,1,0,0,15,3,43;189;47;6;187;380;199;168;303;375;342;676;848;983;533
0,2511,2590,1,0,0,16,0,23;169;27;167;360;179;148;283;355;322;656;828;963;513;715;586
0,2513,2594,1,0,0,16,0,21;167;25;165;358;177;146;281;353;320;654;826;961;511;713;584
1,2522,2589,1,1,0,16,4,1;158;16;156;349;168;137;272;344;311;645;817;952;502;704;575
1,2623,2902,1,1,0,16,8,57;55;248;67;36;171;243;210;544;716;851;379;603;474;667;600
1,2635,2906,1,0,0,16,10,45;43;154;55;24;159;231;198;532;704;839;379;591;462;655;588
1,2663,2745,1,0,0,15,2,17;15;154;27;131;203;155;504;676;811;361;563;434;627;560
1,2691,2749,1,0,1,12,3,154;103;175;142;476;648;783;333;535;406;599;532
1,2550,2838,1,0,0,15,9,130;128;321;140;109;244;316;283;617;789;924;474;676;547;679
0,2559,2611,1,0,0,15,0,121;119;312;131;99;235;307;274;608;780;915;465;667;538;679
1,2594,2660,1,0,0,16,2,86;84;277;96;65;200;272;239;573;745;880;430;632;503;679;629
1,2606,2657,1,0,0,16,1,74;72;265;84;53;188;260;227;561;733;868;418;620;491;679;617
0,41,94,1,0,0,10,0,785;129;113;435;15;54;354;902;620;488
1,26,95,1,0,0,7,1,800;144;128;450;30;69;421
1,255,314,1,0,0,13,2,571;221;192;688;406;274;721;699;665;453;698;762;947
1,256,337,1,1,0,13,3,570;220;191;687;405;273;720;698;664;442;697;761;946
1,212,282,1,1,0,11,2,614;264;235;731;449;306;764;742;708;496;741
1,214,264,1,0,0,11,1,612;262;233;729;447;279;762;740;706;494;739
0,194,280,1,0,0,10,0,632;282;253;749;467;309;782;760;726;514
1,209,265,1,0,0,11,2,617;267;238;734;452;309;767;745;711;499;744
1,168,376,1,0,0,9,4,658;2;308;279;775;493;309;808;786
1,177,252,1,0,0,8,1,649;299;264;766;484;309;799;777
1,130,213,1,0,0,10,2,696;40;24;346;317;813;531;331;846;824
1,155,452,1,0,1,9,8,664;15;321;292;788;506;331;821;799
1,112,164,1,0,0,9,1,714;58;42;364;335;831;549;331;864
1,115,199,1,0,0,10,1,711;55;39;361;322;828;546;331;861;839
0,67,153,1,1,0,9,0,759;90;87;409;28;342;876;594;462
1,110,325,1,0,0,9,5,716;60;44;366;337;833;551;419;866
1,45,97,1,0,0,10,1,781;125;109;431;11;50;354;898;616;484
1,48,112,1,1,0,10,1,778;90;106;428;8;47;354;895;613;481
1,602,670,1,0,0,16,3,224;341;59;374;349;318;93;351;415;600;394;567;749;552;669;831
1,598,677,1,0,0,16,1,228;345;63;378;349;322;110;355;419;604;398;571;753;556;673;835
1,589,643,1,0,0,16,1,237;354;72;387;365;331;119;364;428;613;407;580;762;565;682;844
1,583,661,1,0,0,16,2,243;360;78;393;368;337;125;370;434;619;413;586;768;571;688;850
1,560,631,1,0,0,15,1,266;383;101;416;394;360;144;393;457;642;436;609;791;594;711
1,559,858,1,0,1,15,14,267;384;102;417;395;361;149;394;458;643;437;610;792;595;712
1,522,601,1,0,1,16,3,304;421;139;7;454;415;398;186;429;495;680;474;647;829;632;749
1,513,569,1,0,0,16,3,313;430;148;16;463;415;407;195;440;504;689;483;656;838;641;758
1,481,543,1,0,0,14,2,345;462;180;48;495;415;439;227;472;536;721;515;688;870
1,466,546,1,0,0,15,2,360;10;477;195;63;510;415;454;242;487;551;736;530;703;885
1,460,675,1,0,0,15,8,366;16;483;201;69;516;494;460;248;493;557;742;536;709;891
0,374,455,1,0,0,15,0,452;102;73;569;287;155;602;580;546;333;579;643;828;622;795
1,351,595,1,0,0,15,12,475;125;96;592;310;178;625;603;569;336;602;666;851;645;818
1,349,433,1,0,0,15,3,477;127;98;594;312;180;627;605;571;359;604;668;853;647;820
1,263,557,1,0,0,13,12,563;213;184;680;398;266;713;691;637;442;690;754;939
1,257,333,1,1,0,13,3,569;219;190;686;404;272;719;697;650;442;696;760;945
1,761,1058,1,1,0,14,8,65;182;215;193;159;192;256;441;235;367;590;393;510;672
1,771,1043,1,0,1,15,7,55;172;205;183;149;182;246;431;225;367;561;383;500;662;878
1,787,868,1,0,0,15,4,39;156;189;167;133;166;230;415;209;329;561;367;484;646;862
1,792,1081,1,1,0,15,9,34;151;184;162;121;161;225;410;204;329;559;362;479;641;857
1,701,751,1,0,0,15,3,125;242;275;250;212;7;252;316;501;295;367;650;453;570;732
1,726,788,1,0,0,14,3,100;217;250;228;194;227;291;476;270;367;625;428;545;707
1,728,795,1,0,0,14,3,98;215;248;226;179;225;289;474;268;367;623;426;543;705
1,732,936,1,1,0,14,8,94;211;244;222;176;221;285;470;264;367;619;422;539;701
1,669,952,1,1,1,15,10,157;274;307;285;251;39;284;348;533;327;500;681;485;602;764
1,687,751,1,0,0,15,1,139;256;289;267;233;21;266;330;515;309;367;664;467;584;746
0,687,767,1,0,0,15,0,139;256;289;250;233;21;266;330;515;309;367;664;467;584;746
1,697,750,1,0,0,15,3,129;246;279;250;223;11;256;320;505;299;367;654;457;574;736
1,627,678,1,0,0,16,1,199;316;34;349;327;293;81;326;390;575;369;542;724;527;644;806
1,629,679,1,0,0,16,3,197;314;32;347;325;291;71;324;388;573;367;540;722;525;642;804
1,635,709,1,0,0,16,3,191;308;26;341;319;285;71;308;382;567;361;534;716;519;636;798
1,642,712,1,1,0,16,3,184;301;19;334;312;278;66;308;375;560;354;527;709;504;629;791
1,899,953,1,0,0,18,2,44;77;52;21;54;118;303;97;255;452;255;372;534;750;737;589;584;946
1,891,973,1,1,0,18,2,52;85;63;29;62;126;311;105;255;460;263;380;542;758;745;595;592;954
1,945,1240,1,0,0,17,10,31;9;8;72;257;51;224;406;209;326;488;704;691;543;538;900;474
1,933,1021,1,1,0,17,2,10;43;21;20;84;269;63;236;418;221;338;500;716;703;555;550;912
1,870,1082,1,0,0,18,8,73;106;84;50;83;147;332;126;286;481;284;401;563;779;766;611;613;975
1,860,941,1,0,0,18,3,83;116;94;60;93;157;342;136;286;491;291;411;573;789;776;611;623;985
1,881,1120,1,0,0,18,9,62;95;73;39;72;136;321;115;255;470;273;390;552;768;755;595;602;964
1,876,938,1,0,0,18,2,67;100;78;44;77;141;326;120;255;475;278;395;557;773;760;611;607;969
1,827,916,1,0,0,16,1,116;149;127;93;126;190;375;169;327;524;327;444;606;822;809;628
1,827,878,1,0,0,16,1,116;149;127;93;126;190;375;169;286;524;327;444;606;822;809;628
1,852,921,1,0,0,18,3,91;124;102;68;101;165;350;144;286;499;302;419;581;797;784;611;631;993
1,848,900,1,0,0,18,2,95;128;106;72;105;169;354;148;286;503;306;423;585;801;788;628;635;997
1,797,869,1,1,0,17,1,29;146;179;157;121;156;220;405;199;329;547;337;474;636;852;839;691
1,794,872,1,1,0,15,3,32;149;182;160;121;159;223;408;202;329;547;360;477;639;855
1,825,888,1,0,0,17,2,1;118;151;129;95;128;192;377;171;327;526;329;446;608;824;811;663
1,800,864,1,0,0,17,3,26;143;176;154;120;153;217;402;196;327;547;337;471;633;849;836;688
1,9230,9471,1,0,0,19,7,67;31;36;114;181;32;432;59;184;248;402;546;790;524;925;647;748;601;661
1,9220,9284,1,1,0,18,2,77;41;46;124;191;42;432;69;194;258;412;556;800;534;935;657;758;611
1,9334,9562,1,0,0,16,5,10;77;338;80;144;298;442;686;420;821;543;644;497;557;397;768
1,9235,9316,1,1,0,19,1,62;26;31;109;176;27;432;54;179;243;397;541;785;519;920;613;743;596;656
1,9158,9221,1,0,0,18,2,139;22;103;108;186;253;104;514;131;256;320;474;618;862;596;997;719;820
1,9143,9229,1,0,0,18,4,154;37;118;123;201;268;119;529;146;271;335;489;633;877;611;1012;734;835
1,9209,9284,1,0,0,18,2,88;52;54;135;202;53;463;80;205;269;423;567;811;545;946;668;769;622
1,9187,9265,1,0,0,18,4,110;74;79;157;224;75;485;102;227;291;445;589;833;567;968;690;791;644
1,9406,9459,1,0,0,19,1,5;266;8;72;226;370;614;348;749;471;572;425;485;325;696;926;669;431;537
1,9380,9612,1,0,0,16,6,31;292;34;98;252;396;640;374;775;482;598;451;511;351;722;952
1,9451,9511,1,0,0,17,2,206;27;181;325;569;303;704;426;527;380;440;280;651;881;624;386;492
1,9427,9511,1,0,0,17,2,245;30;205;349;593;327;728;450;551;404;464;304;675;905;648;410;516
1,9363,9435,1,0,0,16,3,48;309;51;115;269;413;657;391;792;514;615;468;528;368;723;969
1,9349,9438,1,1,0,15,3,62;323;65;129;283;427;671;405;806;528;629;482;530;382;753
1,9380,9468,1,1,0,16,4,31;292;34;98;252;396;640;374;775;482;598;451;492;351;722;952
0,9371,9443,1,1,0,16,0,40;301;43;107;261;405;649;383;784;482;607;460;520;360;723;961
0,9529,9579,1,0,0,17,0,143;103;247;491;225;626;348;449;302;362;202;573;803;546;308;414;776
1,9539,9756,1,0,0,17,10,133;93;237;481;215;616;338;439;292;352;192;563;793;536;298;404;766
0,9549,9607,1,1,0,17,0,123;83;227;471;205;606;317;429;282;342;182;553;783;526;288;394;756
1,9566,9617,1,1,0,17,3,106;66;210;454;188;589;311;412;265;325;165;536;766;509;271;377;739
1,9467,9525,1,0,0,18,2,205;11;165;309;553;287;688;410;511;364;408;264;635;865;608;370;476;838
1,9481,9764,1,1,0,17,10,191;151;295;539;273;674;376;497;350;408;250;621;851;594;356;462;824
1,9495,9736,1,0,0,17,11,177;137;281;525;259;660;376;483;336;396;236;607;837;580;342;448;810
1,9507,9804,1,1,0,17,11,165;125;269;513;247;648;370;471;324;384;224;595;825;568;330;436;798
1,9690,9977,1,0,0,17,11,47;330;64;465;187;288;141;201;41;412;642;385;147;253;615;871;684
1,9704,9782,1,0,0,18,4,47;316;50;451;173;274;127;187;27;398;628;371;133;239;601;857;670;650
1,9723,9800,1,0,0,19,4,47;297;27;432;154;255;108;168;8;379;609;352;114;220;582;838;651;631;755
1,9724,9782,1,1,0,19,1,47;296;27;431;153;243;107;167;7;378;608;351;113;219;581;837;650;630;754
0,9573,9632,1,1,0,17,0,99;59;203;447;181;582;304;400;258;318;158;529;759;502;264;370;732
1,9648,9707,1,0,0,17,2,24;128;372;106;507;229;330;183;243;83;454;684;427;189;295;657;913
1,9673,9749,1,0,0,17,3,83;347;81;482;204;305;158;218;58;429;659;402;164;270;632;888;701
1,9680,9747,1,0,0,17,3,47;340;74;475;197;298;151;211;51;422;652;395;157;263;625;881;694
0,8691,8778,1,0,0,11,0,76;53;606;142;160;489;570;575;653;720;571
1,8588,8672,1,1,0,12,1,88;179;73;156;33;709;220;263;592;658;678;756
1,8578,8653,1,0,1,13,4,7;88;189;83;166;43;719;220;264;602;671;688;766
1,8574,8652,1,0,0,13,1,11;103;193;87;170;47;723;220;264;606;671;692;770
1,8569,8654,1,1,0,13,2,16;108;198;92;175;52;728;264;264;611;671;697;775
1,8555,8625,1,1,0,13,3,30;122;212;106;189;66;742;278;264;625;706;711;776
1,8552,8605,1,0,0,13,2,33;125;215;109;192;69;745;281;299;628;709;714;776
1,8548,8606,1,0,0,13,1,37;129;219;113;196;73;749;285;303;632;713;718;796
1,8812,8870,1,0,0,10,1,485;21;39;279;449;454;532;599;450;860
1,8769,9054,1,2,0,10,5,528;46;82;411;492;497;575;642;493;903
1,8768,8833,1,0,0,10,2,529;51;83;412;493;498;576;643;494;904
1,8760,8818,1,0,0,11,1,7;537;73;91;420;501;506;584;651;502;912
0,8732,8785,1,0,0,12,0,35;12;565;101;119;448;529;534;612;679;530;940
0,8708,8784,1,1,0,12,0,59;36;589;125;143;456;553;558;636;703;554;964
1,8700,8787,1,0,0,11,4,67;44;597;133;151;456;561;566;644;711;562
1,8692,8956,1,0,0,11,7,75;52;605;141;159;488;569;574;652;719;570
1,8977,9059,1,0,0,12,1,320;203;280;289;367;434;285;695;312;437;501;655
1,8977,9181,1,0,0,12,9,320;203;244;289;367;434;285;695;312;437;501;655
1,8936,9021,1,1,0,12,2,361;244;325;300;408;475;326;736;353;478;542;696
1,8948,9001,1,1,0,12,1,349;208;313;300;396;463;314;724;341;466;530;684
1,8909,8986,1,0,0,10,1,388;271;352;357;435;502;353;763;380;505
1,8932,8986,1,0,0,11,1,365;248;329;300;412;479;330;740;357;482;546
1,8841,8893,1,0,0,10,1,456;10;279;420;425;503;570;421;831;448
0,8870,8942,1,0,0,9,0,427;279;391;396;474;541;392;802;419
1,9111,9170,1,0,0,15,2,186;62;140;155;233;300;151;561;178;303;367;521;665;909;643
1,9114,9191,1,0,1,15,3,183;62;140;123;230;297;148;558;175;300;364;518;662;906;640
1,9098,9154,1,0,0,15,2,199;82;163;168;246;313;164;574;191;316;380;534;678;922;656
1,9099,9182,1,0,0,15,3,198;62;162;167;245;312;163;573;190;315;379;533;677;921;655
1,8992,9079,1,0,0,12,2,305;188;244;221;352;419;270;680;297;422;486;640
1,9025,9114,1,0,0,13,2,272;155;236;205;319;386;237;647;264;389;453;607;751
1,8983,9230,1,1,0,12,11,314;197;244;275;361;428;279;689;306;431;495;649
1,8985,9069,1,1,0,12,2,312;195;244;275;359;426;277;687;304;429;493;647
1,10185,10256,1,0,0,16,2,147;120;374;186;169;293;361;338;435;423;627;552;286;578;922;637
1,10175,10231,1,0,0,14,2,157;130;374;186;179;303;371;348;445;433;637;562;296;588
1,10246,10451,1,0,1,16,7,86;59;315;110;108;232;300;277;374;362;566;491;225;517;861;576
1,10245,10327,1,0,0,16,3,87;60;316;129;109;233;301;278;375;363;567;492;226;518;862;577
1,10260,10343,1,0,0,17,3,72;45;301;110;94;212;286;263;360;348;532;477;211;503;847;562;198
1,10249,10304,1,0,0,16,1,83;56;312;110;105;212;297;274;371;359;563;488;222;514;858;573
1,10262,10536,1,1,1,17,11,70;43;299;110;92;212;284;261;358;346;532;474;209;501;845;560;185
1,10261,10538,1,0,0,17,10,71;44;300;110;93;212;285;262;359;347;532;476;210;502;846;561;185
1,10322,10378,1,0,0,17,1,10;239;52;32;156;224;201;298;286;490;415;149;441;785;500;136;537
1,10293,10366,1,0,0,18,1,39;12;268;80;61;185;253;230;327;315;519;444;178;470;814;529;165;566
1,10358,10588,1,0,0,15,8,203;16;120;188;165;262;250;454;379;113;405;749;464;100;501
1,10355,10612,1,0,0,15,10,206;19;123;191;168;265;253;457;382;116;408;752;467;103;504
0,10383,10444,1,0,0,14,0,173;95;163;140;237;225;429;354;88;380;724;439;75;476
1,10369,10660,1,0,0,15,9,192;5;109;177;154;251;239;443;368;102;394;738;453;89;490
1,10387,10437,1,0,0,14,1,173;91;159;136;233;221;425;350;84;376;720;435;71;472
1,10387,10464,1,0,0,14,3,140;91;159;136;233;221;425;350;84;376;720;435;71;472
1,10399,10468,1,0,0,14,2,140;79;147;124;221;209;413;330;72;364;708;423;59;460
1,10406,10475,1,0,0,14,1,140;72;140;117;214;202;406;330;65;357;701;416;49;453
1,10432,10715,1,0,1,14,8,129;46;114;91;188;176;380;305;39;331;670;390;26;427
1,10456,10741,1,0,0,17,6,105;22;90;67;164;152;356;281;15;307;651;366;2;403;713;116;960
1,10530,10591,1,0,0,15,1,31;16;90;78;282;207;233;577;292;329;607;42;886;848;879
1,10540,10609,1,0,0,15,1,21;6;80;68;272;178;223;567;282;319;607;32;876;838;869
1,10548,10809,1,0,1,14,9,13;72;60;264;178;215;559;274;311;589;24;868;830;861
1,10550,10827,1,0,0,14,6,11;70;58;242;178;213;557;272;309;589;22;866;828;859
1,10573,10629,1,1,0,12,1,47;35;239;164;190;534;249;286;585;843;805;836
1,10606,10667,1,0,0,12,1,14;2;206;131;157;501;216;253;563;810;772;803
1,10627,10706,1,0,0,11,1,182;110;136;480;195;232;542;789;751;782;766
1,10653,10712,1,0,0,11,2,134;84;110;454;169;206;516;763;725;756;740
1,10680,10766,1,1,0,11,2,132;57;83;427;142;179;489;728;698;729;713
1,10687,10911,1,0,0,11,6,125;50;76;420;135;172;482;728;691;722;706
0,10692,10750,1,0,0,11,0,120;45;71;372;130;167;477;724;686;717;701
0,10696,10763,1,0,0,11,0,116;41;67;372;126;163;473;720;682;713;697
1,9734,9814,1,1,0,18,2,22;286;20;421;143;237;97;157;368;598;341;103;209;560;827;640;620;744
1,9729,10024,1,0,1,19,10,47;291;25;426;148;237;102;162;2;373;603;346;108;214;560;832;645;625;749
1,9729,9781,1,0,0,19,3,47;291;25;426;148;237;102;162;2;373;603;346;104;214;560;832;645;625;749
1,9725,9811,1,0,0,19,4,47;295;27;430;152;243;106;166;6;377;607;350;112;218;560;836;649;629;753
1,9781,9866,1,0,0,18,4,239;374;96;197;50;110;321;551;294;56;162;524;780;593;573;651;765;742
1,9779,9843,1,0,0,18,2,241;376;97;199;52;112;323;553;296;58;164;526;782;595;575;699;767;744
1,9760,10025,1,0,0,18,10,10;260;395;117;218;71;131;342;572;315;77;183;545;801;614;594;718;786
1,9741,9829,1,0,0,19,5,22;279;13;414;136;237;90;150;361;591;334;96;196;560;820;633;613;737;805
1,9840,9896,1,0,0,18,2,180;315;37;138;51;262;492;235;103;465;721;534;514;638;706;683;780;768
1,9814,9903,1,0,0,19,5,206;341;63;149;17;77;288;518;261;23;129;491;747;541;540;651;732;709;806
1,9798,10073,1,0,0,19,11,222;357;79;180;33;93;304;534;277;39;145;507;763;541;556;651;748;725;822
1,9791,10076,1,0,0,18,9,229;364;86;187;40;100;311;541;284;46;152;514;770;583;563;651;755;732
1,9878,9937,1,0,0,17,2,142;277;100;13;224;454;197;65;427;683;480;476;581;668;645;742;730
0,9877,9960,1,1,0,18,0,143;278;0;101;14;225;455;198;66;428;684;480;477;581;669;646;743;731
1,9866,10087,1,0,0,18,7,154;289;11;112;25;236;466;209;77;439;695;480;488;612;680;657;754;742
1,9852,10089,1,0,0,18,9,168;303;25;126;39;250;480;223;91;453;709;505;502;626;694;671;768;756
1,9932,10003,1,1,0,18,3,88;223;46;170;400;143;11;373;629;442;422;546;614;591;688;676;880;805
1,9943,10167,1,0,0,19,14,77;212;35;159;389;132;0;362;618;431;411;535;603;580;677;665;869;794;528
1,9883,9962,1,1,0,17,3,137;272;74;8;219;449;192;60;422;678;480;471;581;663;640;737;725
1,9894,10146,1,0,1,17,10,126;261;53;208;438;181;49;411;667;480;460;581;652;629;726;714;918
1,9993,10289,1,1,0,17,11,27;162;109;339;82;312;568;381;361;485;553;530;627;615;819;724;478
0,10009,10064,1,0,0,17,0,11;146;93;323;66;296;552;365;345;469;537;514;611;599;803;724;462
1,9978,10051,1,0,0,18,3,31;177;0;124;354;97;327;583;396;376;500;568;545;642;630;834;759;493
1,9988,10045,1,0,0,17,2,31;167;114;344;87;317;573;386;366;490;558;535;632;620;824;749;483
1,10054,10142,1,0,0,16,3,101;48;278;21;251;462;320;300;424;492;469;566;554;758;683;417
1,10055,10141,1,0,1,16,3,100;47;277;20;250;462;319;299;423;491;468;565;553;757;640;416
1,10030,10256,1,1,0,16,8,125;72;302;45;275;531;344;324;448;516;493;590;578;782;707;441
1,10039,10102,1,0,0,16,2,116;63;293;36;266;466;335;315;439;507;484;581;569;773;698;432
1,10169,10462,1,0,0,14,11,163;136;392;205;185;309;377;354;451;439;643;568;302;594
1,10174,10447,1,0,0,14,11,158;131;387;186;180;304;372;349;446;434;638;563;297;589
1,10064,10144,1,0,0,16,3,91;38;268;11;241;462;310;290;414;482;459;556;544;748;640;407
1,10076,10138,1,0,0,16,1,79;26;256;229;462;298;278;402;470;447;544;532;736;640;395;687
1,7123,7174,1,0,0,18,2,107;242;92;181;13;148;369;114;554;20;437;597;405;321;519;710;323;1082
1,7188,7249,1,0,0,19,1,42;177;27;116;83;304;49;489;372;532;340;256;454;645;258;1017;502;964;735
1,7213,7469,1,1,0,19,12,17;152;2;91;58;279;24;464;347;507;315;231;429;620;212;992;477;939;710
1,7220,7488,1,0,0,18,11,10;145;84;51;272;17;457;340;500;293;224;422;613;212;985;470;932;703
1,7012,7074,1,0,0,18,1,32;218;353;51;203;292;124;259;480;225;42;665;131;548;708;516;432;14
1,7014,7067,1,0,0,18,2,30;216;351;49;201;290;114;257;478;223;40;663;129;546;706;514;430;12
1,7039,7103,1,0,0,20,3,5;191;326;24;176;265;97;232;453;198;15;638;104;512;681;489;405;603;794;407
1,7078,7157,1,0,0,17,5,152;287;137;226;58;193;414;159;599;65;482;642;450;366;564;755;368
1,6904,6992,1,0,0,16,3,140;326;461;42;159;267;400;220;367;588;333;150;762;239;656;816
1,6922,6999,1,0,0,16,2,122;308;443;24;141;267;382;214;349;570;315;132;755;221;638;798
1,6935,7020,1,0,0,17,2,109;295;430;11;128;267;369;201;336;557;302;119;742;208;625;785;593
1,6942,7012,1,0,0,17,3,102;288;423;4;121;267;362;194;329;550;295;112;720;201;618;778;586
0,6849,6921,1,0,0,16,0,28;195;9;381;516;72;214;355;407;220;422;643;388;205;828;294
1,6880,7170,1,0,0,14,10,164;350;485;66;183;335;407;220;391;612;357;174;797;263
1,6881,7174,1,0,0,14,10,163;349;484;65;182;334;407;220;390;611;356;173;762;262
0,6882,6940,1,0,0,14,0,162;348;483;64;181;267;407;220;389;610;355;172;762;261
1,7372,7656,1,0,0,15,9,120;304;188;348;156;72;270;461;34;833;318;780;551;1100;761
1,7358,7446,1,1,0,16,3,7;134;319;202;362;163;86;284;475;34;847;332;794;565;1114;775
1,7395,7448,1,0,0,15,2,97;282;165;325;133;49;247;438;23;810;295;757;528;1077;738
1,7380,7442,1,0,1,15,1,112;297;180;340;148;64;262;453;23;825;310;772;543;1092;753
1,7331,7394,1,0,0,16,1,34;161;346;229;389;163;113;311;502;77;874;359;821;587;1141;802
1,7317,7531,1,1,0,16,9,48;175;360;243;403;211;127;325;516;77;888;373;835;587;1155;816
1,7347,7432,1,0,0,16,1,18;145;330;203;373;163;97;295;486;77;858;343;805;576;1125;786
1,7345,7403,1,1,0,16,2,20;147;332;215;375;163;99;297;488;77;860;345;807;578;1127;788
1,7300,7373,1,0,0,16,1,65;4;192;377;260;420;228;144;342;533;146;905;390;852;623;1172
0,7287,7348,1,0,0,15,0,78;17;205;390;273;433;234;157;355;546;155;918;403;865;636
1,7309,7569,1,1,0,16,7,56;183;368;251;411;219;135;333;524;111;896;381;843;587;1163;824
1,7303,7598,1,0,1,17,11,62;1;189;374;257;417;225;141;339;530;111;902;387;849;620;1169;830
1,7259,7526,1,1,0,16,11,106;45;12;233;418;301;461;269;185;383;574;187;946;431;893;664
0,7226,7279,1,0,0,18,0,4;139;78;45;266;11;451;334;494;293;218;416;607;201;979;464;926;697
1,7272,7487,1,1,0,15,7,93;32;220;405;286;448;256;172;370;561;155;933;418;880;651
1,7265,7502,1,0,0,16,9,100;39;6;227;412;286;455;263;179;377;568;181;940;425;887;658
0,6617,6700,1,0,0,19,0,17;240;16;127;37;427;165;241;175;613;748;329;446;598;687;519;654;875;620
0,6651,6714,1,1,0,18,0,226;93;3;393;131;207;141;579;714;295;412;564;653;485;620;841;586;403
0,6598,6658,1,1,0,20,0,36;279;35;146;56;446;184;0;260;194;632;767;348;465;617;706;538;673;894;639
1,6602,6658,1,0,0,19,2,32;275;31;142;52;442;180;256;190;628;763;344;461;613;702;534;669;890;635
1,6532,6771,1,0,0,18,13,102;345;101;212;122;512;250;66;326;260;698;833;414;531;683;772;604;739
1,6561,6625,1,0,0,19,3,73;316;72;183;93;483;221;37;297;231;669;804;385;502;654;743;575;710;931
1,6498,6564,1,0,0,17,2,136;379;135;246;156;546;284;100;21;360;294;708;867;448;565;717;806
1,6516,6722,1,0,0,19,10,118;361;117;228;138;528;266;82;3;342;276;708;849;430;547;699;788;620;755
1,6477,6536,1,0,0,16,2,157;400;156;267;177;567;305;121;42;381;315;753;888;469;586;738
1,6482,6543,1,0,0,17,2,152;395;151;262;172;562;300;112;37;376;310;748;883;464;581;733;822
1,6440,6733,1,1,0,15,11,194;437;193;304;214;604;342;128;71;416;352;790;925;506;623
1,6466,6536,1,1,0,16,1,168;411;167;278;188;578;316;128;53;392;326;764;899;480;597;749
1,6429,6497,1,1,0,15,2,205;448;204;315;225;615;353;166;71;416;363;801;936;517;634
1,6436,6683,1,0,0,15,11,198;441;197;308;218;608;346;132;71;416;356;794;929;510;627
1,6411,6461,1,0,0,16,2,11;223;466;222;333;243;633;371;184;71;447;381;819;954;535;652
1,6414,6472,1,0,0,16,2,8;220;463;219;330;240;630;368;166;71;444;378;816;951;532;649
1,6846,6917,1,1,0,16,1,31;198;12;384;519;72;217;355;407;290;425;646;391;208;831;297
1,6845,6898,1,1,0,16,3,32;199;12;385;520;72;218;355;410;291;426;647;392;209;832;298
1,6841,6915,1,0,0,16,2,36;203;12;389;524;105;222;355;410;295;430;651;396;213;836;302
1,6834,7058,1,0,0,16,14,43;210;12;396;531;112;229;355;470;302;437;658;403;220;843;309
0,6831,6911,1,1,0,16,0,46;213;12;399;534;115;232;355;473;305;440;661;406;223;846;312
1,6810,6883,1,0,0,16,2,67;234;12;420;555;136;253;355;494;326;461;667;427;244;867;333
1,6809,6862,1,1,0,16,3,68;235;12;421;556;137;254;355;495;327;462;683;428;245;868;334
1,6807,6884,1,0,0,16,2,70;237;51;423;558;139;256;355;497;329;464;685;430;247;870;336
1,6794,6866,1,0,0,16,1,83;250;64;436;571;152;269;421;510;342;477;698;443;260;883;349
1,6729,6784,1,0,0,17,1,148;15;315;53;129;63;501;636;173;334;486;575;407;542;763;508;325
1,6721,6953,1,1,0,17,11,156;23;323;61;137;71;509;644;213;342;494;583;415;550;771;516;333
1,6702,6790,1,0,1,17,3,175;37;342;80;156;90;523;663;235;361;513;602;434;569;790;535;352
1,6701,6771,1,0,0,17,2,176;37;343;81;157;91;523;664;245;362;514;603;435;570;791;536;353
1,6676,6748,1,0,1,17,2,201;51;368;106;182;116;523;689;270;387;539;628;460;595;816;561;378
1,6674,6740,1,0,0,17,2,203;70;370;108;184;118;523;691;272;389;541;630;462;597;818;563;380
1,6652,6855,1,0,0,18,10,225;92;2;392;130;206;140;578;713;294;411;563;652;484;619;840;585;402
1,8088,8164,1,0,0,14,2,117;64;384;45;86;497;426;433;398;589;679;573;656;533
0,8112,8175,1,1,0,14,0,93;40;360;21;86;473;390;409;374;565;655;549;632;509
1,8145,8203,1,0,1,13,2,60;7;327;65;440;369;376;341;532;622;516;599;476
1,8164,8414,1,0,0,12,6,41;308;46;421;334;357;322;513;603;497;580;457
1,8178,8260,1,0,0,12,2,27;294;32;407;334;343;308;499;589;483;554;443
1,8186,8386,1,0,0,12,6,19;286;24;399;328;335;300;491;581;475;532;435
1,8193,8245,1,0,0,12,2,12;266;17;392;321;328;293;484;574;468;532;428
1,8195,8261,1,0,0,13,2,10;266;15;390;319;326;291;482;572;466;532;426;1102
1,7929,8009,1,1,0,10,3,276;223;426;204;281;656;585;592;557;748
1,7945,8150,1,0,0,10,5,260;207;426;171;265;640;569;576;541;732
1,7958,8025,1,0,0,10,1,247;194;426;152;252;627;556;563;528;719
1,7979,8042,1,0,0,10,1,226;173;426;152;231;606;526;542;507;698
1,7992,8049,1,0,0,10,1,213;160;426;141;218;593;487;529;494;685
1,8041,8112,1,1,0,12,2,164;111;426;92;169;544;473;480;445;636;726;620
1,8050,8111,1,0,0,12,1,155;102;422;58;160;535;464;471;436;627;717;611
1,8082,8160,1,1,0,13,3,123;70;390;51;122;503;432;439;404;595;685;579;662
1,8411,8470,1,1,0,15,1,61;174;103;110;75;266;356;250;333;210;886;422;440;769;850
1,8403,8459,1,0,0,15,1,69;182;111;118;83;274;364;258;341;218;894;430;448;777;858
1,8457,8519,1,1,1,15,2,15;128;57;64;29;220;310;204;287;164;840;376;387;723;804
1,8452,8524,1,0,0,15,3,20;133;62;69;34;225;315;209;292;169;845;381;399;728;809
1,8482,8567,1,1,0,15,4,103;32;39;4;187;285;179;262;139;815;351;369;698;779;784
1,8458,8546,1,0,0,15,2,14;127;49;63;28;219;309;203;286;163;839;375;387;722;803
1,8504,8564,1,0,0,14,3,81;10;17;154;263;157;240;117;793;329;341;676;757;762
1,8493,8547,1,0,0,14,1,92;21;28;184;274;168;251;128;804;340;341;687;768;773
1,8243,8447,1,1,1,12,9,209;342;271;278;243;434;524;418;501;378;1054;590
1,8232,8521,1,0,0,12,10,240;353;280;289;254;445;535;429;512;389;1065;601
1,8340,8409,1,1,0,13,3,132;245;174;181;146;337;427;321;404;281;957;493;511
1,8277,8354,1,0,0,12,2,195;308;237;244;209;371;490;384;467;344;1020;556
1,8343,8554,1,0,0,13,6,129;242;165;178;143;334;424;318;365;278;954;490;508
1,8341,8421,1,0,0,13,3,131;244;165;180;145;336;426;320;403;280;956;492;510
1,8354,8583,1,0,1,14,9,118;231;160;167;132;323;413;307;365;267;943;479;494;826
1,8350,8617,1,0,0,14,9,122;235;164;171;136;327;417;311;365;271;947;483;494;830
1,7534,7598,1,0,0,11,1,127;26;186;108;299;671;156;618;389;938;599
1,7543,7625,1,0,0,12,1,127;17;128;99;290;662;147;609;380;929;590;667
0,7524,7603,1,0,0,12,0,127;36;196;4;118;309;681;166;628;399;948;609
0,7528,7598,1,0,0,12,0,127;32;192;0;114;305;677;162;624;395;944;605
1,7596,7676,1,0,0,12,1,81;124;46;237;609;94;556;314;876;537;602;989
1,7606,7691,1,1,0,12,3,71;114;8;227;599;84;546;314;866;527;602;979
1,7577,7652,1,0,1,11,2,100;128;65;256;628;113;575;346;895;556;623
1,7587,7670,1,1,0,11,2,90;128;55;246;618;103;565;314;885;546;623
0,7463,7536,1,1,0,13,0,29;201;97;257;65;179;370;742;227;689;460;1009;670
0,7465,7532,1,1,0,13,0,27;201;95;255;63;177;368;740;225;687;458;1007;668
1,7400,7469,1,0,0,15,1,92;277;160;320;128;44;242;433;23;805;290;752;490;1072;733
1,7456,7719,1,1,0,13,9,36;221;104;264;72;186;377;749;234;696;467;1016;677
1,7482,7534,1,0,0,13,2,10;127;78;238;46;160;351;723;208;670;441;990;651
0,7509,7561,1,0,0,12,0,127;51;211;19;133;324;696;181;643;414;963;624
0,7470,7522,1,1,0,13,0,22;201;90;250;58;172;363;735;220;682;453;1002;663
1,7471,7559,1,0,0,13,2,21;201;89;249;57;171;362;734;219;681;452;1001;662
1,7778,7851,1,0,0,10,2,55;427;374;47;694;355;432;807;736;743
1,7735,7792,1,1,0,8,1,98;470;417;61;737;398;475;850
1,7730,7970,1,0,0,8,5,103;475;422;61;742;403;480;855
1,7722,7930,1,0,0,8,3,111;483;430;201;750;411;485;863
1,7922,8157,1,0,0,11,5,283;230;1;514;211;288;663;592;599;564;755
1,7913,7965,1,0,0,11,1,292;239;10;543;220;297;672;601;608;573;764
1,7886,7939,1,0,0,9,1,319;266;37;586;247;320;699;628;635
1,7867,7920,1,0,0,9,1,338;285;47;605;266;343;718;647;654
1,7654,7868,1,0,0,11,3,16;66;179;551;36;498;269;818;479;556;931
1,7623,7696,1,0,0,12,3,16;97;8;210;582;67;529;272;849;510;587;962
1,7619,7697,1,0,0,12,1,58;101;8;214;586;71;533;272;853;514;591;966
1,7618,7690,1,0,0,12,3,59;102;8;215;587;72;534;293;854;515;592;967
1,7707,7952,1,0,0,9,4,13;126;498;445;216;765;426;503;878
1,7679,7765,1,0,0,10,1,41;154;526;11;473;244;793;454;531;906
1,7668,7743,1,0,0,11,4,9;49;165;537;22;484;255;804;465;542;917
1,7659,7910,1,0,0,11,5,16;61;174;546;31;493;264;813;474;551;926
0,5346,5408,1,0,0,19,0,122;87;115;146;309;98;283;321;360;54;81;203;303;511;557;632;474;381;762
1,5378,5582,1,0,1,19,8,90;61;83;114;277;66;251;315;328;22;49;171;271;479;525;600;442;349;730
1,5327,5416,1,1,0,20,3,141;87;7;134;165;328;117;302;330;379;73;100;222;322;530;576;651;493;400;781
1,5339,5609,1,1,0,19,12,129;87;122;153;316;105;290;330;367;61;88;210;310;518;564;639;481;388;769
1,5310,5570,1,0,0,20,8,158;129;24;151;182;345;134;310;383;396;90;117;239;339;547;593;668;510;417;798
1,5325,5397,1,0,0,20,4,143;87;9;136;167;330;119;304;368;381;75;102;224;324;532;578;653;495;402;783
1,5288,5360,1,0,0,20,3,180;151;46;173;204;367;156;331;405;418;112;139;261;361;569;615;690;532;439;820
1,5305,5380,1,0,0,20,3,163;134;29;156;187;350;139;324;388;401;95;122;244;344;552;598;673;515;422;803
1,5435,5700,1,0,1,18,8,33;4;6;57;220;9;194;258;271;114;214;422;468;543;385;292;673;597
0,5448,5529,1,0,0,16,0,20;6;44;207;181;245;258;101;201;409;455;530;372;279;660;584
1,5418,5470,1,0,0,18,2,50;21;43;68;237;26;211;275;288;9;131;231;439;485;560;402;309;690
1,5431,5486,1,0,0,17,1,37;8;30;61;224;13;198;262;275;118;218;426;472;547;389;296;677
1,5403,5614,1,0,0,18,9,65;36;58;89;252;41;226;282;303;24;146;246;454;500;575;417;324;705
1,5404,5637,1,0,0,18,10,64;35;57;88;251;40;216;282;302;23;145;245;453;499;574;416;323;704
1,5384,5435,1,0,0,19,2,84;55;77;108;271;60;245;309;322;16;43;165;265;473;519;594;436;343;724
1,5390,5442,1,1,0,19,1,78;49;71;102;265;50;239;303;316;10;37;159;259;467;513;588;430;337;718
1,5190,5240,1,0,0,20,2,278;33;249;144;37;271;302;465;254;439;503;516;210;237;359;459;667;713;788;630
0,5151,5201,1,0,0,18,0,317;61;279;183;76;310;341;504;268;478;542;555;249;276;398;498;706;752
1,5148,5231,1,0,0,18,2,320;61;291;186;79;313;344;507;268;481;545;558;252;279;401;501;709;755
1,5141,5227,1,0,0,19,3,327;1;82;298;193;86;320;351;514;268;488;552;565;259;286;408;508;716;762
1,5137,5200,1,0,0,19,2,331;5;86;302;197;90;324;355;518;307;492;556;569;263;290;412;512;720;766
1,5102,5172,1,0,0,19,2,366;40;121;337;232;125;359;390;26;553;342;527;591;604;298;325;447;547;755
1,5076,5295,1,0,0,19,11,392;66;147;361;258;151;377;416;52;579;368;553;617;630;324;351;452;573;781
1,5074,5282,1,0,0,19,8,394;68;149;365;260;153;377;418;54;581;370;555;619;632;326;353;452;575;783
1,5276,5347,1,1,0,20,3,192;163;58;185;216;379;168;344;417;430;114;151;273;373;581;627;702;544;451;832
1,5252,5454,1,0,0,20,11,216;187;82;209;233;403;192;344;441;454;119;175;297;397;605;651;726;568;475;856
1,5241,5330,1,1,0,19,3,227;198;93;220;233;414;203;344;452;465;132;186;308;408;616;662;737;579;486
1,5236,5310,1,0,0,19,3,232;203;98;225;233;419;208;344;457;470;164;191;313;413;621;667;742;584;491
1,5225,5292,1,0,0,19,2,243;214;109;2;236;267;430;219;344;468;481;175;202;324;424;632;678;753;595
1,5217,5288,1,1,0,20,2,251;6;222;117;10;244;275;438;227;379;476;489;183;210;332;432;640;686;761;603
1,5206,5284,1,0,0,20,3,262;17;233;128;10;255;286;449;238;423;487;500;194;221;343;443;651;697;772;614
0,5205,5256,1,0,0,20,0,263;18;234;129;10;256;287;450;239;424;488;501;195;222;344;444;652;698;773;615
1,4915,4973,1,0,0,19,3,122;64;105;489;227;308;524;419;290;546;577;213;740;529;714;778;791;485;512
1,4925,4977,1,0,1,19,2,112;54;95;489;217;298;514;409;290;536;567;203;730;519;704;768;781;475;502
1,4940,4995,1,0,0,20,2,97;39;80;489;202;282;499;394;287;521;552;188;715;504;689;753;766;460;487;609
1,4968,5189,1,0,0,21,16,69;11;52;489;174;255;471;366;259;493;524;160;687;476;661;725;738;432;459;581;681
1,4867,5129,1,1,1,18,10,170;112;153;601;275;356;572;467;339;594;625;261;788;577;762;826;839;533
1,4883,5123,1,0,1,19,12,154;96;137;585;259;321;556;451;339;578;609;245;772;561;746;810;823;517;544
1,4912,5165,1,0,0,19,16,125;67;108;556;230;311;527;422;315;549;580;216;743;532;717;781;794;488;515
1,4914,4982,1,1,0,19,2,123;65;106;489;228;309;525;420;313;547;578;214;741;530;715;779;792;486;513
1,5024,5112,1,1,0,19,3,13;444;118;199;415;310;203;431;468;104;631;420;605;669;682;376;403;525;625
1,5033,5122,1,1,0,20,5,4;435;109;186;406;301;194;428;459;95;622;411;596;660;673;367;394;516;616;824
1,5035,5309,1,0,1,20,14,2;433;107;186;404;299;169;426;457;93;620;409;594;658;671;365;392;514;614;822
1,5061,5136,1,1,1,19,2,407;81;162;378;273;166;400;431;67;594;383;568;632;645;339;366;452;588;796
1,4998,5060,1,0,0,20,2,39;22;470;144;225;441;336;229;463;494;130;657;446;631;695;708;402;429;551;651
1,5001,5209,1,0,0,20,10,36;19;467;141;212;438;333;226;460;491;127;654;443;628;692;705;399;426;548;648
1,5004,5086,1,0,0,20,3,33;16;464;138;212;435;330;223;457;488;124;651;440;625;689;702;396;423;545;645
1,5022,5103,1,0,0,19,2,15;446;120;201;417;312;205;439;470;106;633;422;607;671;684;378;405;527;627
1,4614,4680,1,0,0,16,3,87;78;173;90;206;423;365;406;854;528;568;825;720;613;847;878
1,4592,4660,1,0,0,15,1,109;100;195;112;228;445;387;428;876;550;631;847;742;635;869
1,4659,4710,1,0,0,18,2,42;33;128;45;161;378;320;361;809;483;564;780;675;568;802;833;469;996
1,4621,4674,1,1,0,17,2,80;71;166;83;199;416;358;399;847;508;568;818;713;606;840;871;507
1,4498,4550,1,0,0,12,2,203;194;289;206;322;539;481;522;970;644;725;941
1,4492,4577,1,0,0,12,2,209;200;295;212;328;545;487;528;976;650;731;947
1,4566,4647,1,1,0,13,2,135;126;221;138;254;471;413;454;902;576;657;873;768
1,4566,4651,1,0,0,13,3,135;126;221;114;254;471;413;454;902;576;657;873;768
1,4817,4890,1,0,0,19,3,3;220;162;203;651;325;406;622;517;410;596;675;311;838;627;812;876;889;583
1,4812,5014,1,1,0,18,7,8;225;167;208;656;330;411;627;522;415;649;680;316;843;632;817;881;894
1,4826,4909,1,1,0,18,3,211;153;194;642;316;397;613;508;339;596;666;302;829;618;803;867;880;574
1,4821,4894,1,0,0,18,2,216;158;199;647;321;402;618;513;380;596;671;307;834;623;808;872;885;579
1,4674,4760,1,0,0,19,5,27;18;113;30;146;363;305;346;794;468;548;765;660;553;787;818;454;981;770
1,4666,4922,1,1,0,18,11,35;26;121;38;154;371;313;354;802;476;548;773;668;561;795;826;462;989
1,4738,5005,1,0,0,18,13,49;82;299;241;282;730;404;485;701;596;489;723;754;390;917;706;891;955
1,4711,4777,1,0,0,18,3,76;109;326;268;309;757;431;512;728;623;516;750;781;417;944;733;918;982
0,6220,6274,1,0,0,15,0,27;202;114;414;657;413;524;434;157;824;562;365;285;638;572
1,6222,6296,1,0,0,15,1,25;200;112;412;655;411;522;432;155;822;560;365;285;636;570
1,6199,6406,1,0,0,15,8,48;223;135;435;678;434;545;455;178;845;583;399;320;659;593
1,6204,6273,1,0,0,15,2,43;218;130;430;673;429;540;450;173;840;578;394;285;654;588
1,6285,6496,1,0,0,14,6,137;49;349;592;348;459;369;92;759;497;306;234;573;507
1,6287,6363,1,0,0,14,1,135;47;347;590;346;446;367;90;757;495;306;232;571;505
1,6246,6335,1,0,0,15,4,1;176;88;388;630;387;498;408;131;798;536;352;273;612;546
1,6281,6546,1,0,1,14,9,141;53;353;596;352;463;373;96;763;501;317;238;577;511
1,6364,6438,1,0,0,15,3,58;270;513;269;380;290;13;680;418;234;141;494;428;866;1001
1,6390,6453,1,1,0,14,2,32;244;487;243;354;264;654;392;208;129;468;402;840;975
1,6327,6397,1,0,0,15,3,95;7;307;550;306;417;327;50;717;455;271;192;531;465;903
1,6331,6401,1,0,0,15,1,91;3;303;546;276;413;323;46;713;451;267;188;527;461;899
1,6402,6472,1,0,0,14,1,20;232;469;231;342;252;642;380;184;117;456;390;828;963
0,6411,6492,1,1,0,16,0,11;223;466;222;333;243;633;371;166;71;447;381;819;954;535;652
1,6394,6477,1,0,0,14,2,28;240;483;239;350;260;650;388;202;125;464;398;836;971
1,6394,6461,1,0,0,14,2,28;240;483;239;350;260;650;388;184;125;464;398;836;971
1,5938,6004,1,0,0,11,2,40;170;54;255;309;484;192;396;696;939;695
1,5919,5979,1,0,0,11,1,59;189;54;274;328;485;211;415;715;958;714
1,5897,5967,1,0,0,12,2,6;70;211;54;276;350;514;233;437;737;980;736
1,5886,5970,1,0,0,12,2,17;70;222;54;307;361;514;244;448;748;991;747
1,6007,6236,1,1,0,12,2,101;25;186;240;415;123;327;627;870;626;737;647
0,5993,6051,1,0,0,12,0,115;39;200;254;429;137;341;641;871;640;751;661
1,5989,6078,1,0,0,12,2,119;43;204;258;433;141;345;645;888;644;755;665
0,5968,6026,1,0,0,11,0,10;140;54;216;279;454;162;366;666;909;665
0,6048,6130,1,1,0,14,0,60;145;199;374;82;286;586;829;585;577;606;329;996;734
1,6040,6117,1,0,0,13,1,68;153;207;382;90;294;594;837;593;602;614;337;1004
0,6021,6083,1,0,0,13,0,87;11;166;226;401;109;313;613;856;612;602;633;356
1,6020,6105,1,0,0,13,3,88;12;173;227;402;110;314;614;857;613;602;634;357
1,6141,6221,1,0,0,14,2,52;106;281;193;493;736;492;577;513;236;903;641;457;378
1,6099,6171,1,0,0,16,3,9;94;148;323;31;235;535;778;534;577;555;278;945;683;499;420
1,6081,6139,1,1,0,16,3,27;112;166;341;49;253;553;796;552;577;573;296;963;701;517;438
1,6049,6103,1,0,0,14,1,59;144;198;373;81;285;585;828;584;577;605;328;995;733
1,5698,5764,1,0,0,15,2,8;159;205;280;122;29;410;264;495;549;724;432;636;936;1179
0,5699,5781,1,1,0,15,0,7;158;204;279;121;28;409;264;494;548;704;431;635;935;1178
1,5721,5798,1,0,0,14,2,136;182;257;99;6;387;264;472;526;701;409;613;913;1156
1,5748,5798,1,0,0,13,1,109;155;230;72;360;264;445;499;674;382;586;886;1129
1,5763,5992,1,1,0,13,9,94;140;215;57;345;264;430;484;648;367;571;871;1114
1,5764,6032,1,0,0,13,5,93;139;214;56;344;264;429;483;644;366;570;870;1113
1,5791,6007,1,0,0,13,4,66;112;187;29;317;174;402;456;631;339;543;843;1086
1,5792,5858,1,0,1,13,2,65;111;186;28;316;174;401;455;630;338;542;842;1035
1,5806,6006,1,0,0,13,6,51;97;172;14;302;174;387;441;616;324;528;828;1011
1,5808,5882,1,0,0,13,2,49;95;170;12;300;174;348;439;614;322;526;826;1011
1,5818,5888,1,1,0,13,2,39;85;160;2;290;174;348;429;604;312;516;816;1008
1,5839,5911,1,0,0,12,1,18;64;139;269;174;348;408;583;291;495;795;1008
1,5846,5923,1,1,0,12,2,11;57;132;262;54;347;401;576;284;488;788;1008
1,5850,5925,1,0,0,12,2,7;53;128;258;54;326;397;572;280;484;784;1008
1,5855,5931,1,1,0,12,2,2;48;123;253;54;326;392;562;275;479;779;1008
1,5870,5927,1,0,0,11,1,33;70;238;54;323;377;552;260;464;764;1007
1,5476,5528,1,0,0,16,1,8;179;153;217;230;73;173;381;427;502;344;251;632;556;717;771
1,5456,5709,1,0,0,16,10,12;5;36;199;173;237;250;93;193;401;447;522;364;271;652;576
1,5499,5552,1,0,0,15,1,156;130;194;207;50;150;358;404;479;321;228;609;533;694;748
0,5499,5569,1,1,0,15,0,156;110;194;207;50;150;358;404;479;321;228;609;533;694;748
1,5526,5598,1,0,0,15,3,129;103;167;180;23;123;331;377;452;294;201;582;506;667;721
0,5500,5577,1,0,0,15,0,155;110;193;206;49;149;357;403;478;320;227;608;532;693;747
1,5566,5642,1,1,0,14,2,89;56;127;140;83;291;337;412;254;157;542;466;627;681
1,5563,5801,1,0,0,14,9,92;66;130;143;86;294;340;415;257;157;545;469;630;684
1,5583,5644,1,0,0,14,3,72;46;110;123;66;274;320;395;237;130;525;449;610;664
1,5582,5668,1,0,0,14,3,73;47;111;124;67;275;321;396;238;145;526;450;611;665
1,5631,5719,1,1,0,16,2,24;62;75;18;226;272;347;189;96;477;401;562;616;791;499;703
1,5592,5670,1,1,0,14,2,63;37;93;114;57;265;311;386;228;130;516;440;601;655
1,5676,5743,1,0,0,16,3,17;30;181;227;302;144;51;432;356;517;571;746;454;658;958;1201
1,5664,5720,1,0,0,16,4,29;42;193;239;314;156;63;444;368;529;583;758;466;670;970;1213
1,5687,5775,1,0,0,16,1,6;19;170;216;291;133;31;421;345;506;560;735;443;647;947;1190
0,5683,5757,1,0,0,16,0,10;23;174;220;295;137;31;425;349;510;564;739;447;651;951;1194
1,3658,3739,1,0,0,7,1,140;334;438;76;365;241;584
1,3644,3702,1,0,0,7,1,169;334;452;76;379;255;598
1,3643,3701,1,1,0,7,1,170;334;453;117;380;256;599
1,3614,3677,1,0,0,7,1,199;334;482;146;409;285;626
1,3614,3681,1,0,0,7,1,199;334;482;146;409;285;607
1,3602,3895,1,0,0,7,5,206;334;494;158;421;297;640
1,3573,3655,1,0,0,7,1,237;334;523;187;450;326;669
1,3551,3637,1,0,0,7,1,262;334;545;197;472;348;691
1,3550,3608,1,0,0,7,1,263;334;546;210;473;349;692
0,3514,3581,1,1,0,8,0,23;299;334;582;246;509;385;728
1,3477,3538,1,0,0,8,1,60;336;334;619;283;546;422;765
1,3457,3713,1,0,0,8,3,17;80;356;570;639;303;566;442
0,3457,3659,1,0,0,8,0,17;80;356;334;639;303;566;442
0,3410,3486,1,0,0,8,0,64;127;403;617;686;350;613;489
0,3402,3478,1,0,0,8,0,72;135;411;625;694;358;621;497
0,3396,3485,1,0,0,8,0,78;141;417;631;700;364;627;503
1,3307,3509,1,0,0,8,4,32;167;230;491;720;789;425;716
1,3352,3560,1,0,0,8,4,122;185;461;675;744;408;671;547
1,3290,3372,1,0,0,9,1,49;184;0;247;523;737;806;425;733
0,3294,3380,1,0,0,8,0,45;180;243;491;733;802;425;729
1,3226,3309,1,0,0,9,1,113;248;0;64;311;587;801;870;468
1,3256,3474,1,1,0,9,4,83;218;34;281;557;771;840;425;767
0,3209,3269,1,0,0,10,0,130;265;17;81;14;328;598;818;887;468
0,3220,3299,1,1,0,10,0,119;254;6;70;3;317;593;807;876;468
0,3190,3253,1,0,0,10,0,149;284;36;100;33;347;598;837;906;570
1,3207,3463,1,1,0,10,5,132;267;19;83;16;330;598;820;889;553
0,3171,3227,1,0,0,8,0,168;303;55;119;52;12;366;642
1,3189,3278,1,1,0,10,1,150;285;37;101;34;348;624;838;907;571
1,3127,3212,1,1,0,8,1,40;212;347;99;163;96;28;410
0,3135,3185,1,1,0,8,0,28;204;339;91;155;88;28;402
1,3072,3126,1,0,0,9,2,95;267;402;154;25;218;151;28;465
0,3119,3208,1,0,0,8,0,48;220;355;107;171;104;28;418
0,3043,3101,1,1,0,9,0,121;296;431;183;54;247;180;28;494
1,3027,3098,1,0,0,9,1,125;312;447;199;70;263;196;28;510
0,3063,3121,1,1,0,9,0,104;276;411;163;34;227;160;28;474
1,3049,3116,1,0,1,9,1,118;290;425;177;48;241;174;28;488
1,2991,3233,1,0,0,10,4,155;348;483;6;235;106;299;232;34;546
1,2973,3204,1,1,0,10,3,155;366;501;6;253;124;317;237;141;564
1,3026,3078,1,1,0,9,1,141;313;448;200;71;264;197;28;511
1,3021,3319,1,0,0,10,6,146;318;453;3;205;76;269;202;34;516
1,2964,3015,1,0,0,10,1,187;375;510;6;262;133;326;259;141;573
1,2945,3200,1,1,0,10,5,187;394;529;6;281;152;345;278;238;592
1,2969,3049,1,0,0,10,4,155;370;505;6;257;128;321;254;141;568
0,2966,3039,1,1,0,10,0,155;373;508;6;260;131;324;257;141;571
1,2905,3149,1,0,0,9,7,262;434;569;74;321;192;385;318;278
0,2898,2955,1,0,0,9,0,269;439;576;74;328;199;392;325;285
1,2940,2996,1,1,0,10,1,227;399;534;6;286;157;350;283;243;597
1,2909,3184,1,1,1,10,9,227;430;565;74;317;188;381;314;274;628
1,2841,3093,1,0,1,10,7,30;25;326;498;633;178;385;256;449;382
1,2868,2957,1,1,0,9,2,3;299;471;606;156;358;229;422;355
1,2869,2957,1,0,0,9,1,2;298;470;605;155;357;228;395;354
1,2880,2941,1,0,0,9,3,287;459;594;74;346;217;395;343;303
1,2799,2878,1,1,0,11,2,72;67;34;368;540;675;225;427;298;476;424
1,2808,3065,1,0,0,11,7,63;58;25;359;531;666;216;418;289;467;415
1,2817,3024,1,0,0,11,3,54;49;16;350;522;657;207;409;280;461;406
1,2833,2921,1,0,0,11,1,38;33;0;334;506;641;191;393;264;456;390
1,2738,2794,1,1,0,12,1,104;56;128;95;373;601;736;286;488;359;552;485
1,2776,2838,1,0,0,12,1,95;18;90;57;373;563;698;248;450;321;514;447
1,2782,2989,1,0,0,12,3,80;12;84;51;373;557;692;242;444;315;508;441
1,2783,2871,1,0,0,12,2,80;11;83;50;373;556;691;241;443;314;476;440
1,2694,2750,1,0,0,12,1,154;100;172;139;473;645;780;330;532;403;596;496
1,2699,2784,1,0,0,12,1,151;95;167;134;468;640;775;325;527;398;591;496
1,2705,2786,1,1,0,12,1,134;89;161;128;462;634;769;319;521;392;585;496
1,2726,2797,1,0,0,12,1,104;68;140;107;441;613;748;298;500;371;564;496
1,4431,4482,1,0,0,11,1,270;261;49;356;266;389;606;548;589;1037;711
1,4427,4692,1,0,1,11,10,274;265;63;360;266;393;610;552;593;1041;715
1,4412,4496,1,0,0,9,2,289;280;78;375;292;408;625;567;608
1,4402,4659,1,0,0,9,8,299;290;88;385;302;418;635;577;618
0,4485,4536,1,0,0,13,0,216;207;4;302;219;335;552;494;535;983;657;738;954
1,4462,4536,1,0,0,12,2,239;230;28;325;227;358;575;517;558;1006;664;761
1,4444,4711,1,1,0,11,8,257;248;46;343;260;376;593;535;576;1024;664
1,4440,4712,1,0,0,11,9,261;252;49;347;264;380;597;539;580;1028;674
1,4279,4357,1,2,0,11,3,422;413;106;44;122;453;364;541;758;700;741
1,4276,4543,1,2,0,11,6,425;416;109;47;122;511;364;544;761;703;744
0,4274,4361,1,2,0,11,0,427;418;111;49;122;513;364;546;763;705;746
1,4257,4344,1,3,0,11,2,444;435;126;66;122;530;365;563;780;722;763
1,4343,4412,1,1,0,10,1,358;349;42;113;444;336;477;694;636;677
1,4336,4584,1,1,1,10,7,365;356;49;116;447;336;484;701;643;684
1,4327,4607,1,1,0,10,6,374;365;58;116;447;364;493;710;652;693
1,4298,4515,1,1,0,11,6,403;394;87;25;122;447;364;522;739;681;722
1,4209,4284,1,0,0,10,2,33;492;483;126;103;281;578;495;611;828
1,4232,4496,1,0,0,11,5,10;469;460;126;69;258;555;472;588;805;747
1,4182,4244,1,0,0,10,2,60;519;510;203;103;308;605;522;638;855
1,4200,4483,1,0,0,10,9,42;501;492;185;103;290;587;504;620;837
1,4243,4497,1,1,0,10,5,458;449;126;69;247;544;384;577;794;736
1,4254,4482,1,3,0,10,7,447;438;126;69;236;533;365;566;783;725
1,4236,4440,1,1,0,11,3,6;465;456;126;69;254;551;432;584;801;743
1,4239,4488,1,1,0,11,6,3;462;453;126;69;251;548;418;581;798;740
0,4058,4108,1,0,0,8,0,38;184;643;634;327;265;393;729
0,4127,4189,1,0,0,8,0,115;574;565;258;196;363;660;577
1,4032,4249,1,1,0,7,4,46;210;669;660;353;265;458
1,4043,4128,1,0,0,7,1,46;199;658;649;342;265;447
1,4156,4245,1,0,0,9,2,86;545;536;229;130;334;631;548;664
1,4168,4234,1,0,0,9,2,74;533;524;217;130;318;619;536;652
1,4140,4368,1,1,0,9,4,102;561;552;245;183;350;647;564;680
1,4141,4377,1,0,1,9,8,101;560;551;244;182;338;646;563;679
1,3923,3996,1,0,0,7,1,104;101;100;296;778;769;462
1,3909,4166,1,0,0,7,5,118;101;114;321;792;783;476
1,3952,4031,1,0,0,8,1,67;101;71;290;749;740;433;371
1,3934,4012,1,1,0,7,1,76;101;89;296;767;758;451
1,3962,4029,1,0,1,8,1,64;101;61;280;739;730;423;265
1,3955,4157,1,0,0,8,3,64;101;68;287;746;737;430;368
1,3993,4285,1,1,0,8,4,34;51;30;249;708;699;392;265
1,3964,4014,1,0,0,8,1,49;101;59;278;737;728;421;265
0,3827,3889,1,0,0,6,0,200;269;196;72;378;874
1,3802,3869,1,0,0,6,2,5;225;294;221;97;440
0,3856,3915,1,1,0,8,0,171;240;167;43;378;845;836;529
0,3828,3886,1,0,0,6,0,199;268;195;71;378;873
1,3875,4164,1,0,0,8,5,152;221;148;24;361;826;817;510
1,3865,3921,1,0,0,8,1,162;231;158;34;377;836;827;520
0,3903,3974,1,0,0,7,0,124;101;120;321;798;789;482
1,3902,3989,1,0,0,7,2,125;101;121;340;799;790;483
1,3724,3936,1,0,0,7,2,82;303;372;19;299;175;518
1,3729,3800,1,0,0,7,1,82;278;367;19;294;170;513
0,3745,3827,1,0,0,7,0,68;278;351;15;278;154;447
0,3755,3809,1,0,0,7,0,58;272;341;5;268;144;447
0,3771,3844,1,1,0,6,0,42;256;325;252;128;447
1,3783,3841,1,0,0,6,1,30;244;313;240;116;447
0,3787,3841,1,0,0,6,0,5;240;309;236;112;447
0,3796,3850,1,0,0,6,0,5;231;300;227;103;446
1,3663,3929,1,0,1,7,3,140;334;433;76;360;236;553
1,3665,3722,1,0,0,7,1,140;321;431;76;358;234;553
1,3679,3960,1,0,0,7,5,134;321;417;76;344;220;535
1,3687,3763,1,0,1,7,1,126;321;409;59;336;212;535
1,3690,3773,1,0,0,7,1,123;316;406;59;333;209;535
1,3709,3796,1,0,0,7,1,104;316;387;51;314;190;533
1,3715,3767,1,0,0,7,1,98;312;381;35;308;184;527
1,3717,4012,1,0,0,7,5,96;310;379;19;306;182;525
1,14359,14437,1,0,0,17,2,43;291;152;148;462;334;211;656;658;877;771;476;635;663;658;627;691
1,14392,14472,1,0,0,17,2,10;258;119;115;441;316;178;623;625;844;738;443;635;630;625;594;658
1,14348,14429,1,0,0,17,3,54;302;163;157;485;352;222;667;669;888;782;487;684;674;669;638;702
1,14355,14437,1,1,0,17,2,47;295;156;152;462;334;215;660;662;881;775;480;684;667;662;631;695
1,14427,14513,1,1,0,17,7,223;84;80;406;281;143;588;561;809;703;408;635;595;590;559;623;702
1,14447,14528,1,1,0,18,2,203;64;60;386;261;123;568;536;789;683;388;635;575;570;539;603;682;520
1,14408,14492,1,0,0,16,2,242;103;99;425;300;162;607;609;828;722;427;635;614;609;578;642
1,14411,14488,1,0,0,16,2,239;100;96;422;297;159;604;575;825;719;424;635;611;606;575;639
1,14479,14558,1,0,0,18,1,171;32;28;354;227;91;536;536;757;651;356;612;543;538;507;571;650;488
1,14502,14564,1,0,0,18,2,148;9;5;280;206;68;513;515;734;628;333;589;520;515;484;548;627;465
1,14451,14516,1,1,0,18,1,199;60;56;382;257;119;564;536;785;679;384;632;571;566;535;599;678;516
1,14454,14531,1,1,0,18,1,196;57;53;379;251;116;561;536;782;676;381;632;568;563;532;596;675;513
1,14527,14738,1,0,0,16,10,123;280;181;43;488;473;709;603;308;564;495;490;459;523;602;440
1,14556,14830,1,0,0,16,13,94;277;152;14;459;461;680;574;279;535;466;461;430;494;573;411
1,14511,14780,1,0,0,17,14,139;0;280;197;59;504;506;725;619;324;580;511;506;475;539;618;455
1,14513,14590,1,0,0,16,4,137;280;195;57;502;504;723;617;322;578;509;504;473;537;616;441
1,14586,14675,1,0,0,15,2,64;247;122;429;431;650;544;249;488;436;431;400;464;543;381
0,14579,14630,1,1,0,15,0,71;254;129;436;438;657;551;256;488;443;438;407;471;550;388
1,14573,14653,1,0,0,15,2,77;260;135;442;444;663;557;262;518;449;444;413;477;556;394
1,14557,14642,1,0,0,16,2,93;276;151;13;458;460;679;573;278;534;465;460;429;493;572;405
1,14640,14711,1,1,0,16,1,10;193;68;375;330;596;490;195;451;382;377;346;410;489;327;392
1,14639,14726,1,0,0,16,2,11;194;69;376;378;597;491;196;452;383;378;347;411;490;328;393
1,14609,14677,1,0,0,16,2,41;224;99;406;408;627;521;226;470;413;408;377;441;520;358;423
1,14609,14660,1,0,0,16,1,41;224;99;406;408;627;521;226;452;413;408;377;441;520;358;423
1,14672,14748,1,0,0,16,1,161;32;343;301;564;458;163;419;350;345;314;378;457;278;360;951
1,14667,14744,1,0,0,16,2,166;32;348;330;569;463;168;424;355;350;319;383;462;278;365;956
1,14663,14716,1,1,0,16,1,170;45;352;330;573;467;172;428;359;354;323;387;466;278;369;960
1,14654,14953,1,0,1,16,15,179;54;361;330;582;476;181;437;368;363;332;396;475;302;378;969
1,14708,14764,1,0,0,16,2,125;0;307;256;528;422;127;372;314;309;278;342;421;245;324;915
1,14694,14750,1,0,0,16,1,139;14;321;256;542;436;141;372;328;323;292;356;435;273;338;929
1,14688,14741,1,1,0,16,1,145;20;327;256;548;442;147;382;334;329;298;362;441;278;344;935
1,14683,14912,1,1,1,16,12,150;25;332;301;553;447;152;382;339;334;303;367;446;278;349;940
1,14737,14804,1,0,0,15,2,96;278;256;499;393;98;336;285;280;249;313;392;230;295;886
1,14740,14817,1,1,0,15,2,93;275;256;496;390;95;321;282;277;246;310;389;227;292;883
1,14747,14967,1,1,0,16,11,86;268;256;489;383;88;321;275;270;239;303;382;203;285;876;615
1,14757,14846,1,0,0,16,2,76;258;243;479;373;78;321;265;260;229;293;372;203;275;866;605
1,14759,14839,1,0,0,16,3,74;256;224;477;371;76;321;263;258;227;291;370;203;273;864;603
1,14767,14854,1,0,0,16,2,66;248;224;469;363;68;321;255;250;219;283;362;189;265;856;595
1,14800,14865,1,0,0,17,1,33;215;217;436;330;35;291;222;217;186;250;329;167;232;823;562;639
1,14807,14895,1,1,1,17,4,26;208;210;429;323;28;284;215;210;179;243;322;122;225;816;555;632
1,13828,13901,1,1,0,6,1,6;472;262;70;356;574
0,13836,13912,1,0,0,6,0,5;464;262;62;356;566
1,13863,13939,1,1,0,8,1,5;437;254;35;356;539;787;358
1,13880,13939,1,0,0,9,1,4;420;237;18;356;522;770;341;631
0,13780,13832,1,0,0,8,0,9;25;88;520;326;118;471;622
1,13803,13888,1,0,0,7,1,17;84;497;314;95;448;599
1,13823,13879,1,0,0,6,1,6;477;294;75;428;579
1,13824,14048,1,0,0,6,1,6;476;262;74;427;578
1,13758,13823,1,0,0,7,1,31;62;88;542;359;140;493
0,13771,13831,1,0,0,7,0,18;49;88;529;346;127;480
1,13772,13838,1,1,0,7,2,17;48;88;528;345;126;479
1,13779,13847,1,1,0,8,2,10;41;88;521;326;119;472;623
1,13701,13760,1,0,0,8,2,88;45;119;186;599;416;197;550
0,13715,13795,1,0,0,8,0,74;31;89;172;585;402;183;536
1,13744,13814,1,0,0,8,1,45;2;76;143;556;373;154;507
0,13751,13817,1,0,0,7,0,38;69;88;549;366;147;500
1,13630,13710,1,0,0,8,1,159;116;190;257;670;487;268;621
1,13593,13680,1,0,0,8,1,196;153;227;294;707;524;305;658
0,13696,13773,1,1,0,8,0,93;50;124;191;604;421;202;555
0,13679,13751,1,1,0,8,0,110;67;141;205;621;438;219;572
0,13575,13640,1,0,0,8,0,214;171;245;312;720;542;323;676
0,13564,13639,1,0,0,8,0,225;182;256;323;720;553;334;687
0,13587,13667,1,0,0,8,0,202;159;233;300;713;530;311;664
0,13585,13644,1,0,0,8,0,204;161;235;302;715;532;313;666
1,13533,13791,1,0,0,9,3,256;23;213;287;354;757;563;365;718
1,13519,13606,1,1,0,8,2,270;37;227;301;368;757;598;379
0,13554,13618,1,1,0,9,0,235;2;192;266;333;720;563;344;697
0,13547,13620,1,0,0,9,0,242;9;199;273;340;720;563;351;704
0,13470,13532,1,1,0,6,0,319;86;276;350;417;775
1,13457,13661,1,0,0,6,1,332;99;289;363;430;819
1,13496,13557,1,0,0,8,1,293;60;250;324;391;775;621;402
0,13488,13542,1,0,0,7,0,301;68;258;332;399;775;629
1,14339,14394,1,0,0,17,1,63;311;172;157;494;369;231;676;678;897;791;496;684;683;678;647;711
1,14348,14399,1,1,0,17,1,54;302;163;157;462;352;222;667;669;888;782;487;684;674;669;638;702
1,14299,14537,1,1,0,16,9,1;103;346;212;208;532;393;271;716;718;937;831;536;792;723;718
1,14338,14544,1,0,0,17,11,64;312;173;169;495;370;232;677;679;898;792;497;684;684;679;648;712
1,14290,14343,1,0,0,16,3,10;112;346;221;217;532;393;280;725;727;946;840;545;801;732;727
1,14295,14349,1,0,0,16,3,5;107;346;216;212;532;393;275;720;722;941;835;540;796;727;722
1,14277,14342,1,0,0,14,2,23;125;365;234;230;556;431;293;738;740;959;853;558;814
1,14281,14368,1,1,1,14,2,19;121;346;230;226;532;427;289;734;736;955;849;554;810
1,14277,14567,1,1,0,14,12,23;125;354;234;230;556;431;293;738;740;959;853;558;814
1,14277,14500,1,0,0,14,8,23;125;354;234;230;532;431;293;738;740;959;853;558;814
1,14212,14474,1,1,0,13,9,88;39;190;365;9;299;295;621;496;355;803;805;1024
1,14259,14348,1,0,0,11,3,41;143;365;252;248;574;449;311;756;758;977
1,14179,14466,1,1,1,13,9,121;72;223;368;42;332;328;654;529;391;836;838;1057
1,14201,14415,1,1,0,13,7,99;50;201;365;20;310;306;632;507;369;814;816;1035
1,14144,14410,1,0,0,11,7,156;107;258;379;77;367;363;689;564;426;842
0,14172,14251,1,0,0,13,0,128;79;230;368;49;339;335;661;536;398;842;845;1064
0,14136,14194,1,0,0,11,0,164;115;266;379;85;375;371;697;572;434;842
1,14131,14186,1,1,0,11,3,169;120;271;379;90;380;376;702;577;439;884
1,14114,14192,1,0,0,12,3,186;3;133;288;379;107;397;393;719;594;456;901
1,14109,14383,1,0,0,12,7,191;8;133;293;541;112;402;398;724;599;461;906
1,14101,14177,1,0,0,12,4,199;16;150;301;549;120;410;406;732;607;469;914
1,14068,14156,1,0,0,11,1,232;49;183;334;582;153;443;435;765;640;502
1,14060,14305,1,1,0,10,6,240;57;191;342;590;161;451;435;773;648
1,14038,14093,1,1,0,10,2,262;79;213;364;612;183;473;469;795;670
1,14006,14235,1,0,0,10,4,294;103;245;396;644;215;505;501;827;702
1,13991,14215,1,0,0,10,5,309;126;260;411;659;230;520;501;842;717
1,13957,14028,1,1,0,10,1,343;160;294;445;693;264;554;501;876;751
1,13912,13978,1,1,0,9,2,388;202;339;490;738;276;560;501;921
1,13910,14201,1,1,0,8,6,390;202;341;492;740;276;560;597
1,13907,13977,1,0,0,8,1,393;202;344;495;743;314;560;600
1,13889,14171,1,0,0,8,3,411;202;9;356;513;761;332;622
1,13888,13955,1,0,0,8,1,412;214;10;356;514;762;333;623
0,12905,12977,1,0,0,13,0,2;60;279;319;134;359;475;138;884;289;311;253;651
1,12917,12998,1,0,0,12,1,48;279;307;122;347;463;126;872;277;299;253;639
1,12917,12980,1,0,0,12,2,20;279;307;122;347;463;126;872;277;299;253;639
0,12918,13003,1,0,0,12,0,20;279;306;71;346;462;125;871;276;298;253;638
0,12921,12993,1,1,0,12,0,20;278;303;71;343;459;122;868;273;295;253;635
1,12927,13195,1,1,0,12,8,20;272;297;71;337;453;116;862;267;289;253;629
1,12947,13000,1,1,0,12,1,18;252;277;22;317;433;96;842;247;269;243;609
0,12963,13033,1,0,0,13,0,2;236;261;22;301;417;80;826;231;253;222;593;783
1,12751,13034,1,0,0,12,9,12;156;125;448;473;288;513;629;292;1038;443;465
1,12780,12848,1,0,0,11,1,127;125;419;444;259;484;600;263;1009;414;436
1,12820,13047,1,0,0,13,9,87;125;379;404;219;444;560;223;969;374;396;370;736
1,12832,13053,1,0,1,13,4,75;125;367;392;180;432;548;211;957;362;384;358;724
1,12840,13127,1,0,0,13,9,67;125;359;384;180;424;540;203;949;354;376;269;716
1,12856,13147,1,0,0,13,8,51;109;343;368;180;408;524;187;933;338;360;257;700
1,12858,12918,1,1,0,13,1,49;107;341;366;180;406;522;185;931;336;358;253;698
1,12897,12976,1,0,0,13,1,10;68;302;327;142;367;483;146;892;297;319;253;659
0,12657,12720,1,1,0,10,0,92;250;51;308;542;567;344;607;723;386
1,12654,12721,1,1,0,10,1,92;253;68;311;545;570;344;610;726;389
0,12688,12766,1,0,0,11,0,75;219;36;277;487;536;344;576;692;355;1101
1,12684,12766,1,0,0,11,1,79;223;40;281;515;540;344;580;696;359;1105
1,12728,13022,1,0,0,12,9,35;179;176;471;496;311;536;652;315;1061;466;488
1,12708,12978,1,0,0,12,8,55;199;16;257;487;516;331;556;672;335;1081;486
1,12744,12819,1,0,1,12,1,19;163;156;455;480;295;520;636;299;1045;450;472
0,12738,12789,1,0,0,12,0,25;169;156;461;486;301;526;642;305;1051;456;478
0,12596,12674,1,0,0,8,0,148;311;125;369;603;628;443;668
1,12591,12680,1,0,0,8,1,172;316;125;374;608;633;448;673
1,12632,12850,1,0,0,9,5,131;275;92;333;567;592;407;632;748
1,12604,12666,1,0,0,9,1,148;303;120;361;595;620;435;660;776
1,12640,12696,1,0,0,10,1,123;267;84;325;549;584;399;624;740;403
1,12635,12691,1,1,0,9,1,128;272;84;330;564;589;404;629;745
1,12653,12740,1,0,0,10,1,110;254;68;312;546;571;344;611;727;390
1,12649,12714,1,0,0,10,1,114;258;68;316;549;575;390;615;731;394
1,13367,13423,1,0,0,7,1,13;419;189;370;429;520;933
1,13396,13657,1,0,0,6,4,393;160;350;424;477;904
1,13357,13426,1,0,0,7,2,23;419;199;389;463;530;937
1,13361,13429,1,0,0,7,1,19;419;195;370;459;526;937
1,13435,13488,1,0,0,6,1,354;121;311;385;452;865
1,13442,13513,1,0,0,6,1,347;114;304;378;445;819
1,13414,13496,1,0,0,6,1,375;142;332;389;473;886
1,13417,13491,1,0,0,6,1,372;139;319;389;470;883
1,13259,13326,1,0,0,7,1,5;121;462;297;487;518;628
1,13276,13364,1,1,0,6,1,104;462;280;470;485;611
1,13232,13481,1,0,0,6,2,32;148;462;324;514;588
1,13257,13538,1,0,0,6,5,7;123;462;299;489;563
1,13313,13581,1,0,0,7,4,67;432;243;433;481;574;987
1,13314,13539,1,1,0,7,1,66;432;242;432;481;573;937
1,13283,13369,1,1,0,6,2,97;462;273;463;481;604
1,13291,13370,1,0,0,6,1,89;462;265;453;481;596
1,13167,13232,1,1,0,11,2,32;57;97;213;622;27;49;19;389;547;653
1,13165,13217,1,1,0,11,2,34;59;99;215;624;29;51;19;391;547;655
1,13149,13418,1,0,0,11,4,50;75;113;231;640;45;67;19;407;565;671
1,13123,13198,1,0,0,11,1,76;101;113;257;666;71;93;67;433;565;697
0,13229,13316,1,1,0,6,0,35;151;462;327;517;591
1,13214,13299,1,1,0,8,1,10;50;166;462;2;342;532;606
1,13209,13465,1,1,0,8,5,15;54;171;477;7;347;537;611
1,13204,13455,1,1,0,8,4,20;54;176;585;12;352;542;616
1,13034,13243,1,1,0,12,3,165;190;5;230;346;9;755;160;182;95;522;712
1,13032,13092,1,0,0,12,1,167;192;7;232;348;11;757;162;184;139;524;714
1,13004,13241,1,0,0,12,6,195;220;22;260;376;39;785;190;212;186;552;742
0,12982,13035,1,0,0,12,0,217;242;22;282;398;61;807;212;234;208;574;764
0,13122,13183,1,0,0,11,0,77;102;113;258;667;72;94;68;434;565;698
1,13068,13157,1,0,0,10,1,131;156;196;312;721;126;148;75;488;565
0,13059,13147,1,1,0,10,0,140;165;205;321;730;135;157;75;497;565
1,13049,13296,1,1,0,10,4,150;175;215;331;740;145;167;75;507;697
1,12084,12156,1,0,0,10,1,233;1;149;414;375;83;679;449;813;640
1,12081,12347,1,0,0,10,5,262;4;152;417;378;86;682;452;813;643
1,12094,12178,1,0,0,9,2,233;139;404;365;69;669;439;812;630
1,12085,12358,1,0,0,10,7,233;0;148;413;374;69;678;448;813;639
0,12043,12096,1,0,0,12,0,300;42;20;0;190;455;416;124;720;490;864;681
1,12019,12225,1,0,0,11,4,324;66;44;8;214;479;428;127;744;514;888
1,12071,12121,1,0,0,10,2,272;14;162;427;388;96;692;462;828;653
1,12063,12341,1,0,0,11,8,280;22;0;170;435;396;104;700;470;844;661
1,12149,12409,1,1,0,9,7,186;84;349;310;18;607;384;758;575
0,12141,12203,1,1,0,9,0,186;92;357;318;26;607;392;766;583
0,12163,12240,1,0,0,9,0,180;33;335;296;4;600;296;744;561
1,12154,12374,1,0,1,9,3,186;33;344;305;13;607;379;753;570
1,12113,12194,1,1,0,9,2,214;120;385;346;54;650;420;794;611
1,12105,12373,1,0,0,9,7,224;128;393;354;62;658;428;802;619
1,12121,12341,1,0,1,9,7,186;112;377;338;28;642;412;786;603
1,12115,12178,1,0,0,9,1,186;118;383;344;52;648;418;792;609
1,11848,11927,1,0,0,9,1,21;456;237;215;195;385;650;611;319
1,11855,11925,1,1,0,9,1,20;456;230;208;134;378;643;604;312
1,11873,11947,1,0,0,9,1,2;456;212;190;134;360;625;586;258
1,11891,11955,1,1,0,8,1,452;194;172;126;342;607;568;258
1,11806,11868,1,0,0,11,2,31;69;20;537;279;257;237;427;692;653;361
1,11831,12089,1,1,0,10,6,6;44;512;254;232;212;402;667;628;336
1,11840,11924,1,0,0,9,1,35;503;245;223;203;392;658;619;327
1,11842,11905,1,0,0,9,2,33;456;243;221;201;391;656;617;325
1,11986,12066,1,0,0,10,1,357;99;77;14;247;512;473;181;777;547
1,11992,12055,1,0,0,11,2,351;93;71;14;241;506;467;154;771;541;915
1,11999,12233,1,1,0,11,8,344;86;64;8;234;499;460;154;764;534;908
1,12007,12058,1,0,0,11,1,336;78;56;8;226;491;428;154;756;526;900
1,11945,11996,1,0,0,9,1,398;140;118;98;288;553;514;222;818
1,11953,12005,1,0,0,9,1,390;132;110;90;265;545;506;214;810
1,11968,12196,1,0,0,9,4,375;117;95;75;247;530;491;199;795
1,11977,12039,1,0,0,10,1,366;108;86;14;247;521;482;190;786;556
1,12458,12541,1,0,0,10,1,40;1;305;75;449;266;507;741;766;581
1,12413,12472,1,0,0,8,1,85;46;350;96;494;311;552;786
1,12412,12707,1,0,1,8,5,86;47;351;116;495;312;553;787
1,12400,12457,1,0,0,8,1,98;59;355;133;507;324;565;790
1,12387,12438,1,0,0,8,1,111;72;355;146;519;337;578;790
1,12369,12652,1,0,1,8,5,129;90;394;164;519;355;596;790
1,12356,12438,1,0,0,8,1,142;103;407;177;519;368;609;810
1,12350,12423,1,0,0,8,2,148;109;410;183;557;374;615;810
1,12582,12670,1,0,0,8,1,181;325;138;383;617;642;457;682
1,12548,12603,1,0,0,8,1,215;359;157;417;651;676;491;716
0,12535,12587,1,0,0,8,0,228;372;157;430;664;689;504;729
1,12530,12595,1,0,0,8,1,233;3;377;168;435;669;694;509
1,12521,12592,1,0,0,8,1,242;12;386;203;444;676;703;518
1,12491,12575,1,0,0,9,1,7;248;42;413;233;474;708;733;548
1,12490,12554,1,0,0,9,1,8;273;43;413;234;475;709;734;549
1,12470,12755,1,0,0,9,6,28;293;63;437;254;495;716;754;569
1,12240,12512,1,0,0,7,4,103;258;219;523;293;667;484
1,12250,12314,1,0,0,7,1,93;248;209;435;283;657;474
1,12200,12284,1,0,1,8,2,143;33;298;259;563;296;707;524
0,12202,12286,1,0,0,8,0,141;31;296;257;561;296;705;522
0,12183,12234,1,0,0,8,0,160;33;315;276;580;296;712;541
0,12198,12287,1,1,0,8,0,145;33;300;261;565;296;709;526
1,12167,12242,1,0,0,9,2,176;33;331;292;0;596;296;740;557
0,12175,12238,1,0,0,8,0,168;33;323;284;588;296;712;549
1,12319,12371,1,0,0,9,2,24;179;140;410;208;588;405;646;880
1,12319,12394,1,1,0,9,1,24;179;140;410;208;586;405;646;880
1,12303,12353,1,0,0,8,1,40;195;156;431;230;604;421;662
1,12307,12380,1,0,1,8,1,36;191;152;431;208;600;417;658
0,12298,12357,1,0,0,8,0,45;200;161;431;231;609;426;667
0,12302,12372,1,1,0,8,0,41;196;157;431;231;605;422;663
1,12253,12341,1,1,0,7,1,90;245;206;435;231;654;471
0,12283,12344,1,0,0,8,0,60;215;176;431;231;624;441;682
1,11019,11101,1,1,0,13,2,88;150;397;359;390;374;464;818;856;297;582;501;807
1,11009,11065,1,1,0,13,3,98;156;407;369;400;384;474;828;866;307;597;511;817
1,11052,11105,1,0,0,14,2,55;117;364;326;357;341;431;785;823;264;554;468;774;638
1,11031,11115,1,0,0,14,4,76;138;372;347;378;362;452;806;844;285;575;489;795;659
1,11091,11164,1,1,0,14,3,16;78;244;287;318;302;392;746;784;225;515;429;735;599
1,11072,11361,1,0,0,14,11,35;97;344;306;337;321;411;765;803;244;534;448;754;618
1,11159,11429,1,0,0,14,12,10;149;219;250;234;324;678;716;157;447;361;667;531;1184
1,11111,11162,1,0,0,13,1,58;244;267;298;282;372;726;764;205;495;409;707;579
1,11222,11289,1,1,0,14,5,149;156;187;171;261;615;653;94;384;298;590;468;1121;863
1,11220,11298,1,0,0,14,2,149;158;189;173;263;617;655;96;386;300;606;470;1123;865
1,11272,11344,1,1,0,15,1,31;106;137;121;211;565;603;44;334;248;554;418;1071;813;791
1,11225,11451,1,0,0,14,7,149;153;184;168;258;612;650;91;355;295;590;465;1118;860
1,11281,11482,1,0,0,15,3,31;97;128;112;202;556;594;35;325;239;545;409;1062;804;782
0,11278,11356,1,0,0,15,0,31;100;131;115;205;559;597;38;328;242;548;412;1065;807;785
0,11339,11412,1,1,0,14,0,31;39;70;54;144;498;536;267;181;487;351;1004;746;661
1,11293,11345,1,1,0,15,3,31;85;116;100;190;544;582;23;313;227;533;397;1050;792;661
1,10728,10797,1,0,0,11,1,84;9;35;372;94;131;441;688;650;681;665
1,10734,10963,1,0,0,11,7,51;3;29;372;88;125;435;682;644;675;659
1,10752,10839,1,0,0,10,2,33;11;355;70;107;417;664;626;657;641
1,10761,10822,1,0,0,10,1,33;2;346;61;98;408;642;617;648;632
0,10778,10844,1,0,0,9,0,33;329;44;81;382;638;600;631;615
1,10801,10857,1,0,0,10,1,11;306;21;58;368;615;577;608;592;682
1,10804,10883,1,1,0,10,1,8;303;18;55;353;612;574;605;589;679
0,10806,10886,1,0,0,10,0,6;301;16;53;310;610;572;603;587;677
0,10827,10885,1,0,0,8,0,280;32;310;589;551;582;566;656
0,10830,10886,1,0,0,8,0,277;29;310;586;548;579;563;653
1,10849,11110,1,1,0,8,4,258;10;310;567;529;560;544;634
0,10921,10973,1,0,0,10,0,186;248;495;457;488;472;562;916;954;395
1,10938,11195,1,0,0,11,8,169;231;478;440;471;455;545;899;937;378;668
1,10978,11050,1,0,0,12,4,129;191;438;400;431;415;505;859;897;338;628;542
1,11000,11079,1,0,0,12,4,107;169;416;378;409;393;483;837;875;316;606;520
1,11001,11073,1,1,0,12,2,106;168;415;377;408;392;482;836;874;315;605;519
1,11605,11680,1,0,0,11,2,232;270;1;221;85;738;480;458;438;628;893
1,11573,11835,1,0,0,11,6,264;299;33;253;114;770;512;490;470;660;925
1,11541,11619,1,0,0,10,2,285;299;65;285;114;802;544;522;502;664
1,11538,11612,1,0,0,10,3,299;299;68;288;114;805;547;525;505;664
1,11719,11973,1,0,0,11,6,118;156;107;624;366;332;324;514;779;740;448
1,11683,11904,1,1,0,12,4,154;192;143;7;660;402;380;360;550;815;776;484
1,11683,11739,1,0,0,12,2,154;192;143;7;660;402;362;360;550;815;776;484
1,11644,11695,1,0,0,12,2,193;231;182;46;699;441;419;399;589;854;815;523
1,11737,11826,1,0,0,11,2,53;138;89;606;348;301;306;490;761;722;430
1,11726,11812,1,0,0,11,2,93;149;100;617;359;332;317;490;772;733;441
1,11726,11776,1,0,0,11,1,53;149;100;617;359;332;317;490;772;733;441
1,11720,11803,1,0,0,11,2,117;155;106;623;365;332;323;490;778;739;447
1,11767,11838,1,0,0,11,2,45;108;59;576;318;296;247;454;731;692;400
1,11760,11820,1,0,0,11,1,45;115;66;583;325;301;247;473;738;699;407
1,11759,11825,1,0,0,11,2,53;115;67;584;326;301;247;474;739;700;408
1,11748,11798,1,1,0,11,1,53;115;78;595;337;301;295;485;750;711;419
1,11349,11598,1,0,1,15,6,31;29;60;44;134;488;526;257;171;474;341;994;736;645;694
1,11358,11575,1,0,0,15,6,31;20;51;35;125;479;517;248;162;458;332;985;727;645;685
1,11345,11430,1,1,0,14,1,31;33;64;48;138;492;530;261;175;481;345;998;740;661
1,11346,11552,1,0,0,14,5,31;32;63;47;137;491;529;260;174;480;344;997;739;645
0,11412,11476,1,0,0,12,0,4;71;422;463;194;108;414;278;931;673;645;631
1,11452,11744,1,0,0,11,7,31;385;423;154;68;374;238;891;633;611;591
1,11383,11451,1,0,0,14,4,31;26;10;100;454;492;223;137;439;307;960;702;645;660
1,11394,11472,1,0,1,13,4,22;15;89;443;481;198;126;432;296;949;691;645;649
1,11506,11737,1,0,0,11,5,331;310;100;14;320;184;837;579;557;537;727
0,11508,11582,1,0,0,11,0,329;310;98;12;318;182;835;577;555;535;664
0,11459,11513,1,0,0,11,0,24;378;416;147;61;355;231;884;626;604;584
1,11503,11592,1,0,0,11,2,334;372;103;17;323;187;840;582;560;540;730
0,11511,11582,1,0,0,11,0,326;310;95;9;315;179;832;574;552;532;664
1,11512,11601,1,0,0,11,1,325;299;94;8;314;178;831;573;551;531;664
1,11508,11747,1,0,0,11,6,329;310;98;12;318;182;835;577;555;535;664
1,11511,11561,1,0,0,11,1,326;310;95;9;315;179;832;574;552;532;664
280
185,708,94.56,8
182,920,119.93,10
115,954,168.38,8
78,976,0.00,10
36,529,140.50,11
30,943,0.00,10
30,661,0.00,10
8,447,117.05,11
0,826,64.05,7
0,15,0.00,0
0,170,35.11,1
0,154,0.00,2
0,476,0.00,6
0,56,0.00,0
0,95,0.00,1
0,16,0.00,0
836,1483,176.59,11
838,1845,58.20,11
935,1419,0.00,11
1010,1805,0.00,10
579,1433,0.00,11
771,1649,154.80,9
796,1636,0.00,10
797,1488,222.98,9
315,1169,331.56,9
385,1351,129.81,10
507,1154,166.52,9
512,1271,47.56,9
195,953,48.40,10
215,1017,0.00,10
230,1202,0.00,8
279,996,0.00,11
1681,2680,0.00,10
1621,2534,77.45,9
1781,2334,0.00,10
1760,2202,0.00,11
1430,1928,0.00,11
1361,2176,182.25,9
1610,2439,310.53,11
1506,2139,201.17,9
1311,2059,129.36,10
1286,2303,0.00,11
1358,1923,0.00,10
1330,1903,0.00,10
1106,1830,0.00,8
1096,1789,122.91,11
1255,1877,0.00,8
1243,2269,6.54,8
1907,2871,178.42,10
1884,2678,144.14,9
1873,2497,0.00,10
1823,2538,342.72,10
1935,2462,0.00,11
1933,2659,183.94,10
1919,2448,51.90,9
1907,2690,0.00,8
2380,3167,210.76,11
2218,2833,43.98,10
2097,2866,0.00,10
2018,2794,0.00,10
2510,3226,0.00,8
2477,3024,211.98,11
2472,3474,0.00,8
2397,3339,44.64,10
2561,3223,86.58,9
2874,3183,210.26,11
2511,3097,0.00,11
2538,3290,152.37,8
3172,4027,335.30,8
3172,4096,175.80,8
2909,3537,0.00,11
3147,3813,207.94,11
3344,3899,0.00,10
3461,4242,272.84,9
3181,3760,300.92,10
3238,4023,0.00,8
3855,4385,59.99,10
3947,4323,216.65,8
3807,4701,0.00,10
3852,4692,0.00,11
4048,4787,88.57,10
4018,4490,271.79,10
4131,4820,0.00,10
4119,4704,223.11,10
4232,4979,0.00,11
4179,5037,0.00,8
4415,5468,67.39,8
4257,5020,0.00,9
4460,5223,206.16,10
4426,5142,85.70,8
4530,5334,0.00,9
4483,5439,68.68,8
4589,5461,128.63,10
4583,5227,176.50,10
4621,5128,0.00,9
4593,5492,104.86,9
4647,5655,0.00,11
4670,5444,73.99,8
4680,5629,185.16,11
4691,5693,95.98,11
4780,5706,27.42,11
4814,5400,82.65,10
4879,5427,0.00,9
4932,5549,62.93,10
4958,5649,0.00,8
5027,5857,0.00,11
5123,5903,0.00,10
5155,5978,53.92,10
5160,5820,0.00,11
5236,5727,80.43,10
5249,6108,0.00,11
5432,6032,291.60,10
5877,6633,67.22,8
5663,6877,206.72,10
5635,6634,0.00,10
5627,6334,0.00,8
5624,6130,0.00,11
5609,6422,171.55,8
5475,6247,0.00,9
5466,6193,153.68,10
6157,6858,110.04,9
6072,6519,160.05,9
6066,6598,164.06,10
6045,6782,0.00,11
6033,7044,0.00,11
6011,6377,0.00,10
5985,6654,0.00,10
5976,6744,219.12,10
6482,7304,63.15,8
6510,7136,80.92,8
6409,6946,114.19,8
6457,7215,134.43,8
6362,7365,0.00,10
6409,7063,0.00,10
6169,6792,0.00,8
6324,7230,153.24,8
6883,7560,78.10,8
6899,7720,71.20,9
6735,7677,224.06,8
6794,7143,0.00,11
6590,7237,0.00,8
6632,7054,0.00,9
6516,7271,0.00,8
6551,7492,16.81,8
7034,7446,207.25,10
7030,7833,51.05,11
7124,7690,0.00,9
7111,8205,15.18,9
6971,7444,0.00,11
6924,7528,157.14,8
7022,7642,98.42,10
6973,7026,0.00,10
7591,8585,0.00,11
7540,8210,210.01,11
7777,8521,0.00,11
7759,8514,198.97,11
7161,7923,305.59,11
7136,8152,0.00,9
7302,8133,105.31,11
7294,8472,220.02,10
8071,8744,87.21,10
8083,8621,32.58,10
8194,9297,0.00,11
8227,8833,102.82,8
7902,8486,0.00,10
7909,8677,159.78,10
8037,8767,0.00,11
8037,8661,0.00,11
8540,9344,30.83,8
8592,9411,0.00,8
8603,9262,0.00,10
8708,9672,104.91,9
8287,8851,106.09,10
8349,9180,283.25,9
8401,9261,164.03,11
8478,9266,199.45,8
9795,10620,0.00,9
9773,10523,0.00,9
9887,10812,177.38,10
9836,10608,0.00,10
9941,10471,0.00,11
9916,10737,155.14,11
10180,11107,80.16,8
10068,10763,0.00,8
9396,9943,13.68,8
9389,9837,32.34,10
9623,10561,175.53,9
9460,10305,30.12,9
9703,10354,0.00,8
9671,10374,170.79,8
9740,10546,0.00,11
9719,10478,171.52,10
9135,9877,143.41,11
9140,9978,141.34,10
9173,9831,45.02,9
9221,9891,79.52,9
9251,9731,0.00,11
9266,10102,30.83,9
9355,10332,0.00,9
9382,10075,0.00,11
8816,9289,0.00,10
8902,9414,0.00,11
8924,9478,42.23,11
8934,9632,0.00,8
9001,9776,118.19,11
9045,10020,46.86,11
9060,9754,23.18,10
9133,10155,0.00,9
11989,12907,129.15,8
11976,12533,207.95,8
11943,12763,280.67,9
11619,12167,148.92,10
12438,13224,0.00,10
12312,13199,227.71,8
12254,12965,181.68,9
12030,12724,146.74,9
11240,12063,284.97,9
11163,12085,0.00,11
11130,12343,173.01,8
11021,11690,64.28,8
11613,12459,32.92,8
11561,12498,0.00,11
11503,12233,229.20,9
11349,12043,186.06,11
10864,11837,109.35,8
10877,11875,125.62,10
10618,11393,0.00,8
10801,11483,0.00,11
10963,11520,2.58,9
11004,11826,144.03,8
10921,11316,0.00,11
10922,11606,141.20,10
10292,10859,0.00,10
10435,11169,248.18,11
10183,10822,0.00,11
10252,10458,47.31,8
10463,11378,0.00,8
10517,11409,0.00,11
10435,10572,0.00,8
10440,11416,404.69,10
14272,15091,325.62,11
14271,14835,0.00,9
14289,15017,0.00,11
14287,15022,54.17,9
14165,15017,262.45,10
14079,15015,42.06,10
14260,15130,0.00,9
14169,15236,0.00,10
13911,14833,122.73,11
13892,14507,148.19,9
14065,14570,45.15,10
13944,14708,148.87,8
13853,14650,232.71,9
13774,14402,0.00,10
13865,14511,62.06,10
13863,14221,66.17,10
13292,14300,225.49,8
13471,14117,179.69,10
13491,13898,0.00,8
13525,14251,116.71,11
12784,13556,0.00,10
12951,13746,240.31,8
13114,13820,196.08,11
13259,13887,232.70,10
12669,13789,166.68,11
12689,13194,0.00,8
12721,13216,0.00,8
12781,13190,287.02,9
12453,13039,197.51,10
12532,13264,128.63,10
12597,13380,0.00,8
12639,13043,0.00,8
14741,15362,0.00,8
14795,15439,0.00,11
14590,15032,0.00,11
14646,15623,0.00,10
14421,15129,0.00,8
14431,14967,193.71,11
14318,14986,0.00,10
14325,15050,0.00,9
