1002
1,5754,5816,1,1,0,18,3,41;81;67;103;224;567;422;155;650;595;575;476;402;833;496;216;780;740
1,5750,5816,1,1,0,18,3,45;81;71;107;228;567;426;159;654;599;579;480;417;833;500;220;780;744
1,5739,6007,1,0,1,19,8,8;56;81;82;118;239;567;437;170;665;610;590;491;428;859;511;231;780;755
1,5731,5818,1,1,0,19,1,16;64;81;90;126;247;567;445;178;673;617;598;499;436;859;519;239;797;763
1,5730,5803,1,1,0,19,6,17;65;121;91;127;248;567;446;179;674;617;599;500;437;859;520;240;797;764
1,5706,6003,1,0,0,19,9,41;89;5;145;115;151;272;567;470;203;698;617;623;524;453;859;544;264;889
0,5687,5760,1,0,0,18,0,60;108;24;164;134;170;291;567;489;222;717;617;642;538;453;859;563;283
1,5680,5738,1,0,0,18,5,67;115;31;171;141;176;298;567;496;229;724;669;649;538;453;859;570;290
1,5846,5914,1,1,0,17,5,5;11;132;518;330;63;558;503;237;244;321;778;353;124;749;648;656
1,5841,5910,1,1,0,17,5,10;16;137;523;335;68;563;508;237;244;326;783;353;129;754;653;660
1,5815,6099,1,0,1,18,10,36;6;42;163;549;361;94;589;534;514;244;352;809;353;155;780;679;660
1,5800,6005,1,0,0,18,8,51;21;49;178;564;376;109;604;549;529;244;367;816;450;170;780;694;660
1,5799,6061,1,0,0,18,10,52;22;49;179;565;377;110;605;550;530;431;368;816;451;171;780;695;660
1,5793,5877,1,0,0,19,6,2;58;28;49;185;567;383;116;611;556;536;437;374;816;457;177;780;701;675
1,5791,5842,1,1,0,19,2,4;60;30;66;187;567;385;118;613;558;538;439;376;816;459;179;780;703;675
1,5790,5864,1,1,0,19,6,5;61;31;67;188;567;386;119;614;559;539;440;377;816;460;180;780;704;745
1,5563,5648,1,1,0,17,4,184;31;232;148;65;288;258;294;373;567;613;346;841;786;766;667;604
1,5564,5637,1,1,1,17,5,183;31;231;147;64;287;257;293;373;567;612;345;789;785;765;666;603
1,5530,5815,1,1,0,16,9,217;74;265;181;98;30;321;291;327;373;834;646;379;874;819;799
1,5556,5642,1,1,1,17,1,191;48;239;155;72;4;295;265;301;373;567;620;353;848;793;773;674
1,5495,5570,1,0,0,14,1,252;109;300;216;133;65;356;326;362;373;869;681;414;909
1,5518,5587,1,1,0,16,4,229;86;277;193;110;42;333;303;339;373;846;658;391;886;831;811
1,5443,5519,1,0,0,11,1,304;48;158;352;268;170;117;408;378;414;375
1,5470,5696,1,0,0,13,5,277;21;134;325;241;158;90;381;351;387;375;894;706
0,5655,5731,1,0,0,16,0,92;140;56;196;166;202;323;567;521;254;749;694;664;538;453;859
1,5675,5728,1,1,0,18,3,72;120;36;176;146;182;303;567;501;234;729;674;654;538;453;859;575;295
1,5632,5711,1,0,0,16,2,115;163;79;218;189;225;346;567;544;277;758;717;697;538;453;859
1,5641,5695,1,0,0,16,3,106;154;70;210;180;216;327;567;535;268;758;708;688;538;453;859
1,5628,5707,1,0,0,17,1,119;167;83;0;218;193;229;350;567;548;281;758;721;701;602;539;859
1,5631,5715,1,1,0,16,4,116;164;80;218;190;226;347;567;545;278;758;718;698;538;536;859
1,5598,5676,1,0,0,17,4,149;6;197;113;30;218;223;259;373;567;578;311;789;751;731;632;569
1,5611,5900,1,1,0,17,9,136;184;100;17;218;210;246;367;567;565;298;758;738;718;619;556;1013
1,6283,6367,1,1,0,13,5,81;121;66;46;341;312;211;252;305;113;769;215;426
0,6261,6338,1,0,0,13,0,103;143;88;68;363;334;233;253;327;135;791;215;426
1,6361,6446,1,0,0,12,2,3;43;263;234;133;174;227;35;691;172;426;629
1,6297,6348,1,1,0,14,3,67;107;52;16;327;298;197;238;291;99;755;215;426;693
1,6218,6499,1,0,1,15,9,128;186;131;111;12;406;32;377;276;317;370;178;834;315;645
1,6202,6256,1,0,0,15,2,128;202;147;127;28;422;48;393;292;333;386;194;850;331;661
1,6258,6311,1,1,0,13,5,106;146;91;71;366;337;236;277;330;138;794;215;426
1,6240,6327,1,1,0,14,5,124;164;109;89;384;10;355;254;295;348;156;812;293;426
1,6483,6763,1,0,0,11,5,141;112;11;52;105;569;50;380;507;497;690
1,6461,6524,1,1,0,10,1,163;134;33;74;127;591;72;402;529;497
1,6527,6770,1,0,0,10,3,97;68;8;61;525;6;300;421;497;646
1,6489,6565,1,0,0,11,1,135;106;5;46;99;563;44;374;421;497;684
1,6382,6451,1,1,0,12,3,22;242;213;112;153;206;14;670;151;426;608;734
1,6366,6603,1,0,0,11,3,38;258;229;128;169;222;15;686;167;426;624
1,6422,6672,1,0,0,10,7,202;173;72;113;166;630;111;426;568;694
1,6383,6444,1,1,0,12,3,21;241;212;111;152;205;13;669;124;426;607;733
1,5928,5988,1,1,0,16,2,50;436;248;476;421;237;244;239;696;322;34;667;566;607;412;468
1,5960,6023,1,0,0,17,4,18;404;216;444;389;237;244;207;664;290;10;635;534;575;412;436;1092
1,6001,6252,1,1,1,15,10,363;175;403;348;237;229;166;623;249;594;493;534;412;395;1051
1,6029,6103,1,0,0,16,3,335;95;375;320;237;201;138;595;221;566;465;506;412;367;1023;504
1,5847,5901,1,2,0,17,3,4;10;131;517;329;62;557;502;237;244;320;777;353;123;748;647;656
1,5849,6065,1,2,0,17,5,2;8;106;515;327;60;555;500;237;244;318;775;353;121;746;645;656
1,5886,5941,1,0,0,17,5,92;478;290;23;518;463;237;244;281;738;353;84;709;608;649;702;510
1,5924,6185,1,1,1,16,8,54;440;252;480;425;237;244;243;700;326;34;671;570;611;664;472
1,6167,6244,1,1,0,17,2,197;9;237;182;162;63;0;457;83;426;327;368;412;229;879;366;696
1,6171,6260,1,0,0,16,2,193;5;233;178;158;59;453;79;424;323;364;412;225;879;362;692
1,6174,6253,1,0,0,16,6,190;2;230;175;155;56;450;76;421;320;361;412;213;878;359;689
1,6175,6238,1,0,0,16,6,156;1;229;174;154;55;449;75;420;319;360;412;213;877;358;688
1,6062,6127,1,1,0,16,4,302;95;342;287;237;168;105;562;188;533;432;473;412;334;990;471
1,6100,6175,1,0,0,16,4,264;76;304;249;229;130;67;524;150;495;394;435;412;296;952;433
1,6127,6185,1,0,0,16,5,237;49;277;222;202;103;40;497;123;468;367;408;412;269;925;406
1,6148,6204,1,0,0,16,2,216;28;256;201;181;82;19;476;102;447;346;387;412;248;879;385
1,4787,4840,1,1,0,7,1,295;112;91;404;430;250;563
0,4759,4810,1,0,0,6,0,323;140;119;404;458;278
0,4751,4823,1,0,0,6,0,331;148;127;404;466;286
1,4746,5021,1,0,0,6,5,336;153;132;548;471;291
1,4891,5113,1,0,0,10,5,191;8;403;326;144;459;775;456;600;713
1,4870,4922,1,0,0,10,1,212;16;8;404;347;167;480;775;477;621
1,4846,4931,1,0,0,9,1,236;53;32;404;371;191;504;775;501
1,4845,5081,1,0,0,9,5,237;54;33;404;372;192;505;902;502
1,4930,4984,1,0,0,9,2,152;364;287;107;384;775;417;416;674
0,4923,4990,1,0,0,9,0,159;371;294;114;384;775;424;416;681
1,4921,4978,1,0,0,9,2,161;373;296;116;429;775;426;416;683
1,4906,4986,1,0,0,9,2,176;388;311;131;444;775;441;416;698
1,4977,5029,1,0,0,11,4,105;317;240;60;373;770;366;416;627;818;655
1,4977,5035,1,0,1,11,4,105;317;240;60;373;770;366;416;627;789;655
1,4971,5191,1,0,0,11,7,111;323;246;66;379;775;366;416;633;824;740
0,4933,5015,1,0,0,9,0,149;361;284;104;384;775;366;416;671
1,4485,4573,1,0,0,8,1,6;123;31;174;173;597;334;393
1,4506,4572,1,1,0,7,1,102;10;150;152;576;334;372
1,4479,4568,1,0,0,8,2,12;129;37;187;178;603;420;399
1,4483,4776,1,1,0,8,5,8;125;33;174;175;599;416;395
0,4555,4642,1,0,0,6,0,53;100;103;527;334;323
1,4563,4615,1,0,1,6,3,45;100;95;519;334;315
0,4511,4586,1,0,0,7,0,97;5;118;147;571;334;367
1,4545,4611,1,0,1,6,1,63;118;113;537;334;333
1,4613,4672,1,0,0,5,2,53;45;469;286;231
1,4618,4854,1,0,0,6,4,48;40;464;281;220;676
1,4566,4620,1,0,0,6,2,42;100;61;516;333;312
1,4598,4675,1,0,0,6,2,10;68;60;484;292;280
1,4705,4766,1,0,0,6,1,377;163;173;589;512;332
0,4736,4800,1,0,0,6,0,346;155;142;558;481;301
1,4678,4759,1,0,0,6,1,404;221;200;614;539;359
1,4704,4777,1,0,0,6,1,378;181;174;590;513;333
0,5237,5300,1,0,0,13,0,57;113;510;110;254;301;555;474;391;317;614;584;620
1,5229,5301,1,0,0,12,2,65;121;518;118;262;301;555;481;399;331;622;592
1,5269,5339,1,0,0,13,4,25;81;478;78;222;301;526;442;359;291;582;421;588
1,5265,5482,1,1,0,13,4,29;85;482;82;226;301;530;446;363;295;586;556;592
1,5293,5361,1,0,0,13,2,1;57;454;54;198;301;502;418;335;267;558;421;564
0,5293,5365,1,0,0,13,0,1;57;454;54;198;301;502;418;335;267;558;421;502
1,5354,5422,1,0,0,11,3,393;137;249;441;357;274;206;497;421;502;624
1,5335,5415,1,0,0,13,2,15;412;12;156;269;460;376;293;225;516;421;502;643
1,5363,5419,1,0,0,11,1,384;128;241;402;348;265;197;488;421;457;615
1,5357,5430,1,0,0,11,3,390;134;247;438;354;271;203;494;421;457;621
1,5391,5477,1,0,0,11,1,356;100;213;402;299;237;169;460;417;457;587
1,5384,5451,1,0,0,11,3,363;107;220;402;327;244;176;467;417;457;594
1,5409,5617,1,1,0,11,4,338;82;195;386;299;170;151;442;391;448;569
1,5395,5453,1,0,0,11,1,352;96;209;400;299;170;165;456;417;457;583
1,5437,5687,1,0,1,11,5,310;54;158;358;274;170;123;414;384;420;400
1,5431,5503,1,0,0,11,2,316;60;173;364;280;170;129;420;390;426;400
1,4991,5277,1,0,0,11,8,91;303;226;46;359;756;356;416;613;788;655
0,4995,5046,1,0,0,11,0,87;299;222;42;355;752;352;416;445;788;655
1,4996,5071,1,0,0,11,3,86;298;221;41;354;751;351;416;445;788;655
1,5010,5097,1,0,0,11,5,72;284;207;27;340;737;325;416;445;785;655
1,5019,5231,1,1,0,11,4,63;275;198;18;331;728;325;404;445;776;655
0,5056,5125,1,1,0,10,0,26;238;161;294;691;291;404;426;739;655
0,5059,5147,1,0,0,10,0,23;235;158;291;688;288;404;426;736;652
1,5126,5191,1,0,0,10,4,168;91;224;621;221;365;426;669;585;502
1,5133,5183,1,0,0,11,1,161;84;217;614;167;358;426;662;578;495;427
1,5136,5401,1,1,0,11,7,158;81;214;611;167;355;419;659;575;492;424
1,5141,5225,1,2,0,11,2,153;76;209;606;167;350;301;654;570;487;419
1,5159,5221,1,1,0,12,1,135;58;191;588;167;332;301;636;552;469;382;692
1,5169,5233,1,1,0,12,2,125;48;181;578;167;322;301;626;542;459;382;682
0,5189,5241,1,0,0,13,0,105;28;161;558;158;302;301;606;522;439;371;662;632
1,5201,5259,1,0,0,13,2,93;16;149;546;146;290;301;594;510;427;359;650;620
1,5228,5281,1,0,0,12,3,66;122;519;119;263;301;567;481;400;332;623;593
1,4036,4117,1,0,0,14,1,13;91;91;150;342;396;36;109;420;572;430;245;630;622
1,4077,4298,1,0,0,12,3,50;67;109;301;355;68;414;531;430;245;589;581
1,4029,4103,1,0,0,13,2,20;98;115;157;349;403;43;116;420;579;487;245;637
1,4032,4111,1,0,0,14,2,17;95;112;154;346;400;40;113;420;576;430;245;634;626
1,3988,4062,1,0,0,13,3,61;139;156;161;390;444;84;157;420;612;528;266;663
1,4020,4103,1,0,0,13,3,29;107;124;161;358;412;52;125;420;588;496;266;646
1,3950,4018,1,0,0,13,1,99;177;186;161;428;482;122;195;420;612;566;266;716
1,3986,4040,1,0,0,13,1,63;141;158;161;392;446;86;159;420;612;530;266;680
1,3939,4197,1,1,0,13,5,110;188;205;161;439;493;133;206;420;612;577;400;727
1,3944,4005,1,1,0,13,2,105;183;200;161;434;488;128;201;420;612;572;266;722
1,3908,3986,1,1,1,12,3,141;219;236;161;470;524;164;237;420;613;608;431
1,3923,3996,1,0,0,13,1,126;204;221;161;455;509;149;222;420;612;593;416;743
1,3836,3917,1,0,0,10,1,213;286;308;311;505;596;199;309;420;613
1,3841,4045,1,1,0,10,5,208;286;303;311;505;576;199;304;420;613
1,3828,3890,1,0,0,10,2,221;286;316;311;505;604;244;317;420;625
1,3831,4097,1,0,0,10,6,218;286;313;311;505;601;199;314;420;625
1,3819,3879,1,0,0,10,1,230;308;325;311;505;613;253;326;420;625
1,3811,4099,1,0,0,10,7,238;312;333;311;505;621;261;334;680;625
1,3809,4100,1,0,1,10,7,240;312;335;311;505;623;263;336;682;799
1,3801,3875,1,0,0,10,1,248;325;343;311;505;631;271;344;690;807
1,3784,3849,1,0,0,9,1,265;343;360;311;505;648;288;361;707
1,3724,3779,1,1,1,8,2,325;392;420;311;505;697;348;421
1,3721,3771,1,0,0,8,2,328;392;423;311;506;697;351;424
1,3701,3751,1,2,0,8,1,348;426;443;311;506;697;371;444
1,3687,3740,1,3,0,8,2,362;440;451;311;506;745;385;458
1,3666,3935,1,1,1,8,6,383;461;451;520;649;766;406;479
1,3666,3940,1,3,1,8,6,383;461;451;520;506;766;406;479
1,3635,3838,1,1,0,8,3,15;414;492;451;551;659;797;437
0,3611,3681,1,0,0,7,0,2;39;438;516;451;575;659
1,3592,3849,1,1,0,7,2,21;58;455;535;451;594;676
1,3588,3799,1,1,0,7,2,25;62;455;539;451;598;790
0,3583,3635,1,1,0,6,0,30;67;455;544;451;603
0,4391,4474,1,0,0,9,0,41;57;217;125;275;267;691;508;487
0,4421,4504,1,0,0,9,0,11;57;187;95;245;237;661;478;457
0,4435,4498,1,0,0,8,0,56;173;81;231;223;647;464;443
1,4458,4514,1,0,0,8,2,33;150;58;208;200;624;441;420
1,4330,4392,1,1,0,10,4,36;102;63;278;158;9;336;314;752;524
1,4333,4396,1,0,0,10,2,36;99;63;275;158;5;333;314;749;524
1,4339,4427,1,0,0,10,1,36;93;63;269;152;0;327;314;743;524
0,4368,4423,1,0,0,10,0,10;64;57;240;148;298;290;714;524;510
0,4318,4403,1,0,0,10,0,36;114;63;290;194;21;348;340;764;524
1,4319,4394,1,1,0,10,2,36;113;63;289;194;20;347;339;763;524
1,4322,4386,1,0,0,10,2,36;110;63;286;182;17;344;336;760;524
1,4324,4406,1,0,0,10,2,36;108;63;284;182;15;342;314;758;524
1,4299,4360,1,0,0,10,1,79;133;141;309;217;40;367;359;783;524
1,4305,4361,1,1,0,10,2,73;127;63;303;211;34;361;353;777;524
0,4307,4370,1,0,0,10,0,71;125;63;301;194;32;359;351;775;524
1,4309,4383,1,1,0,10,3,69;123;63;299;194;30;357;349;773;524
0,4267,4323,1,0,0,10,0,111;165;141;341;249;72;399;366;815;524
1,4219,4301,1,0,0,10,2,159;213;141;389;292;120;447;366;853;524
1,4285,4352,1,0,0,10,2,93;147;141;323;231;54;381;366;797;524
0,4276,4363,1,0,0,10,0,102;156;141;332;240;63;390;366;806;524
1,4202,4456,1,1,0,10,6,176;230;289;406;314;121;464;366;880;524
1,4199,4281,1,0,0,10,4,179;233;292;409;317;121;467;366;883;545
1,4208,4263,1,0,0,10,2,170;224;141;400;292;121;458;366;874;524
1,4206,4260,1,0,0,10,2,172;226;141;402;310;121;460;366;876;524
1,4163,4244,1,0,0,10,2,23;215;269;328;445;353;121;503;495;899
1,4161,4240,1,0,0,10,3,25;217;271;330;447;355;178;505;497;899
1,4189,4422,1,0,0,10,7,189;243;302;419;321;121;477;469;893;545
1,4182,4466,1,1,0,11,10,4;196;250;309;426;321;121;484;476;899;717
1,4102,4181,1,0,0,13,2,25;42;84;276;330;43;389;506;370;237;564;556;980
1,4087,4162,1,0,0,12,2,40;57;99;291;345;58;404;521;370;245;579;571
1,4136,4205,1,0,1,12,3,8;50;242;296;9;355;472;366;203;530;522;946
0,4134,4219,1,0,0,12,0,10;52;244;298;11;357;474;366;205;532;524;948
1,3234,3304,1,0,0,10,3,182;231;160;220;52;281;40;357;416;676
1,3251,3514,1,0,0,10,6,165;214;143;203;35;264;40;357;399;676
1,3208,3507,1,0,1,10,8,208;257;186;246;78;307;306;357;442;841
1,3216,3505,1,0,0,10,4,200;249;178;238;70;299;298;357;434;676
1,3277,3483,1,1,0,10,4,139;188;117;177;9;130;40;336;348;621
1,3296,3351,1,1,0,9,2,120;169;98;158;130;40;317;348;621
1,3264,3327,1,0,0,10,2,152;201;130;190;22;251;40;349;386;621
1,3272,3515,1,1,0,10,5,144;193;122;182;14;243;40;341;348;621
1,3104,3188,1,0,0,10,1,312;361;290;46;342;182;325;410;509;546
1,3104,3166,1,0,0,10,3,312;361;277;46;342;182;325;410;509;546
1,3021,3085,1,0,0,9,2,27;7;395;444;363;129;342;265;325
1,3095,3169,1,0,0,10,1,321;370;299;55;342;191;325;419;518;555
1,3177,3254,1,0,0,10,3,239;288;217;277;109;325;337;436;473;872
1,3197,3261,1,0,0,10,2,219;268;197;248;89;318;317;416;453;852
1,3108,3173,1,0,1,10,2,308;357;277;42;342;178;325;406;505;502
0,3160,3219,1,1,0,10,0,256;305;234;294;126;325;354;453;490;889
1,2955,3010,1,2,1,9,2,93;73;461;510;439;195;342;284;325
1,2944,3019,1,1,1,10,3,104;84;0;472;521;450;206;347;284;325
1,2943,3198,1,0,0,10,4,105;85;1;473;522;451;207;359;284;532
1,2943,2998,1,0,0,10,3,105;85;1;473;522;451;207;359;284;325
1,2997,3086,1,0,0,9,3,51;31;419;468;388;153;342;284;325
1,2997,3069,1,1,0,9,3,51;27;419;468;388;153;342;284;325
1,2992,3043,1,0,0,9,3,56;36;424;473;402;158;342;284;325
0,2984,3049,1,0,0,9,0,64;44;432;481;410;166;342;284;325
1,2874,3116,1,1,0,12,4,174;24;68;154;70;20;542;591;520;276;580;412
1,2826,2895,1,0,0,12,3,222;72;116;202;118;68;590;639;568;324;628;460
1,2795,2862,1,0,0,13,3,16;253;29;103;147;233;149;91;621;670;599;328;659
1,2760,2842,1,0,0,13,6,20;51;288;64;138;182;268;184;134;656;705;603;328
1,2940,3012,1,0,0,11,2,108;2;88;4;476;525;454;210;359;284;575
1,2939,3013,1,0,1,11,3,109;3;89;5;477;526;455;211;364;284;576
1,2900,2979,1,0,0,10,3,148;42;128;44;516;565;494;250;364;284
1,2891,3153,1,0,0,12,4,157;7;51;137;53;3;525;574;503;259;563;284
1,3506,3570,1,0,0,7,1,9;8;107;144;495;583;638
1,3526,3582,1,0,0,6,1,85;124;495;583;618;660
1,3527,3580,1,1,0,6,1,85;123;495;572;617;659
1,3541,3752,1,0,0,6,4,72;109;493;572;603;645
0,3542,3600,1,0,0,6,0,71;108;493;572;500;644
1,3548,3758,1,0,0,6,2,65;102;493;572;500;638
1,3558,3643,1,0,0,6,2,55;92;491;569;500;628
1,3567,3654,1,1,0,6,1,46;83;482;560;451;619
1,3432,3509,1,0,1,9,2,33;22;83;28;181;215;495;637;712
0,3439,3489,1,0,0,9,0,26;15;76;28;174;182;495;637;705
1,3445,3506,1,0,0,9,2,20;9;70;28;168;182;495;637;699
1,3473,3557,1,0,0,7,2,42;28;140;177;495;637;671
0,3475,3561,1,1,0,7,0,40;28;138;175;495;593;669
1,3477,3544,1,0,0,7,1,38;28;136;173;495;593;667
0,3486,3540,1,0,0,7,0,29;28;117;164;495;593;658
1,3493,3558,1,1,0,7,2,22;21;117;157;495;593;651
1,3363,3439,1,1,0,10,2,53;102;31;91;130;28;241;287;495;726
1,3352,3441,1,1,0,10,1,64;113;42;102;130;28;261;298;495;726
1,3385,3663,1,1,0,10,5,31;80;9;69;130;28;228;234;495;726
1,3365,3435,1,1,0,10,2,51;100;29;89;130;28;241;241;495;726
1,3394,3452,1,1,0,10,2,22;71;0;60;121;28;219;234;495;678
1,3394,3672,1,1,0,10,3,22;71;0;60;121;28;219;217;495;678
1,3403,3473,1,0,1,9,1,13;62;51;112;28;210;215;495;637
1,3402,3455,1,0,0,9,1,14;63;52;113;28;211;217;495;637
1,3297,3363,1,0,0,9,1,119;168;83;157;130;40;311;348;621
1,3296,3346,1,1,0,9,1,120;169;98;158;130;40;311;348;621
1,3308,3388,1,1,0,9,4,108;157;83;146;130;33;305;312;621
1,3306,3359,1,0,0,9,2,110;159;83;148;130;33;307;344;621
1,3332,3384,1,1,0,10,2,84;133;62;122;130;28;281;312;621;795
1,3309,3364,1,1,0,9,2,107;156;83;145;130;33;304;312;621
1,3346,3569,1,1,0,10,3,70;113;48;108;130;28;267;304;621;726
1,3338,3410,1,1,0,10,3,78;113;56;116;130;28;275;312;621;789
1,1703,1775,1,0,0,13,1,106;162;451;119;594;224;503;166;405;808;739;1023;1014
1,1738,1803,1,0,0,15,1,71;127;416;84;593;189;471;131;405;773;704;988;979;613;1042
1,1750,1808,1,0,0,15,1,59;76;404;72;581;177;459;119;405;761;692;976;967;601;1030
1,1767,1841,1,0,0,15,4,42;76;387;55;564;160;442;102;405;744;675;959;950;578;1013
1,1611,1667,1,0,0,9,2,198;254;543;211;594;291;598;258;599
1,1644,1878,1,0,0,10,5,165;221;510;178;594;283;565;225;566;867
1,1667,1749,1,0,0,10,2,142;198;487;155;594;260;542;202;405;844
1,1684,1770,1,0,1,10,3,125;181;470;138;594;243;510;185;405;827
1,1818,1878,1,0,0,18,7,47;336;4;513;109;391;51;392;693;615;908;899;533;962;928;873;835;725
1,1845,1919,1,0,1,18,6,20;309;486;82;364;24;365;666;597;881;872;506;935;928;828;808;698;760
1,1866,2137,1,0,0,17,13,288;465;61;343;3;344;645;576;860;851;485;914;928;805;787;677;739
1,1869,2069,1,0,0,17,9,285;462;58;340;0;341;642;573;857;848;482;838;928;805;784;674;736
1,1776,1842,1,1,0,15,4,33;76;378;46;555;151;433;93;405;735;638;950;941;575;1004
1,1782,1849,1,0,0,15,1,27;76;372;40;549;145;427;87;405;729;615;944;935;569;998
1,1783,1834,1,0,0,15,1,26;76;371;39;548;144;426;86;405;728;615;943;934;565;997
1,1805,2026,1,1,0,18,6,4;60;349;17;526;122;404;64;405;706;615;921;912;546;975;1006;886;848
1,2055,2142,1,0,1,19,6,99;276;154;155;456;387;599;662;296;647;756;636;598;488;427;815;500;386;769
1,2044,2278,1,1,0,18,7,110;287;165;166;467;398;599;673;307;647;767;647;609;499;427;1004;511;397
1,2108,2193,1,0,1,19,5,46;223;101;102;403;334;551;609;243;647;703;583;545;435;427;815;447;333;716
1,2084,2160,1,0,0,19,6,70;247;125;126;427;358;568;633;267;647;727;607;569;459;427;815;471;357;740
1,1964,2043,1,0,0,18,2,190;367;245;246;547;478;599;753;387;653;847;727;689;579;641;1084;591;477
1,1901,2179,1,0,0,16,12,253;430;26;308;309;610;541;825;816;450;653;910;790;752;642;704
1,2018,2270,1,1,0,18,8,136;313;191;192;493;424;599;699;333;647;793;673;635;525;587;1030;537;423
1,2000,2073,1,1,0,18,4,154;331;209;210;511;442;599;717;351;653;811;691;653;543;605;1048;555;441
1,2213,2485,1,1,0,18,12,118;298;229;513;504;138;567;598;478;440;330;376;815;328;228;611;616;729
1,2211,2274,1,0,0,18,1,120;300;231;515;506;140;569;600;480;442;332;381;815;328;230;613;616;731
1,2273,2355,1,0,0,18,6,58;238;169;453;444;78;507;538;418;380;270;332;775;282;25;551;616;669
1,2257,2346,1,0,0,18,1,74;254;185;469;460;94;523;554;434;396;286;348;791;298;25;567;616;685
1,2175,2460,1,0,0,20,14,156;34;35;336;267;551;542;176;605;636;516;478;368;427;815;380;266;649;723;767
1,2113,2197,1,0,0,20,6,41;218;96;97;398;300;551;604;238;647;698;578;540;430;427;815;442;328;711;785
1,2209,2266,1,0,0,20,1,122;0;1;302;233;517;508;142;571;602;482;444;334;396;815;328;232;615;616;733
1,2178,2254,1,1,0,20,3,153;31;32;333;264;548;539;173;602;633;513;475;365;427;815;377;263;646;616;764
1,2373,2610,1,0,0,18,9,138;69;353;344;407;438;318;266;170;232;675;182;25;424;525;569;655;571
1,2383,2664,1,0,0,18,13,128;59;343;334;397;428;308;266;160;222;665;172;25;424;515;559;645;394
1,2323,2388,1,1,0,19,4,8;188;119;388;394;28;442;488;368;266;220;274;725;232;25;501;575;619;705
1,2355,2420,1,0,0,17,4,156;87;371;362;425;456;336;266;188;250;693;200;25;469;543;587;673
1,2320,2408,1,0,0,19,1,11;191;122;388;397;31;442;491;371;333;223;285;728;235;25;504;578;622;708
1,2321,2408,1,0,0,19,7,10;190;121;388;396;30;442;490;370;332;222;274;727;234;25;503;577;621;707
1,2287,2360,1,0,0,19,4,44;224;155;388;430;64;493;524;404;366;256;318;761;268;25;537;611;655;741
1,2293,2353,1,0,0,19,4,38;218;149;388;424;58;442;518;398;360;250;312;755;262;25;531;605;649;735
1,2478,2538,1,0,1,16,1,33;248;133;302;333;213;175;65;127;570;76;346;420;464;526;387
1,2505,2572,1,0,0,16,5,6;221;133;275;306;186;148;38;100;543;50;319;393;437;523;387
1,2455,2524,1,1,0,16,5,56;271;133;325;356;236;198;74;150;593;100;369;443;487;573;387
1,2456,2536,1,0,0,16,3,55;270;133;324;355;235;197;74;149;592;99;368;442;486;526;387
1,2443,2686,1,0,0,16,6,68;283;274;337;368;248;210;100;153;605;112;381;455;499;585;387
1,2452,2504,1,0,0,16,4,59;274;133;328;359;239;201;91;153;596;103;372;446;490;576;387
1,2417,2493,1,0,0,18,1,94;25;309;300;363;394;274;236;126;188;631;138;24;407;481;525;611;387
1,2421,2482,1,1,0,18,1,90;21;305;296;359;390;270;232;122;164;627;134;20;403;477;521;607;387
1,2620,2674,1,0,0,17,6,106;97;160;191;71;33;428;204;278;322;408;324;274;761;845;774;530
1,2577,2844,1,0,0,18,12,149;115;203;234;114;76;28;471;247;321;365;451;367;317;839;888;817;573
1,2569,2633,1,0,0,18,4,157;115;211;242;122;84;36;479;255;329;373;459;373;325;847;896;825;581
1,2533,2620,1,1,0,18,3,193;115;247;278;158;120;10;71;515;22;291;365;409;495;387;361;883;932
1,2516,2600,1,1,1,16,6,210;127;264;295;175;137;27;71;523;39;308;382;426;512;387;378
1,2509,2567,1,1,0,16,4,2;217;127;271;302;182;144;34;71;539;46;315;389;433;519;387
1,2506,2575,1,0,0,16,1,5;220;132;274;305;185;147;37;99;542;49;318;392;436;522;387
1,2506,2585,1,0,0,16,5,5;220;132;274;305;185;147;37;71;542;49;318;392;436;522;387
1,2726,2808,1,1,0,14,5,0;54;85;322;98;172;216;302;218;168;690;739;603;328
1,2708,2915,1,0,0,15,4,18;9;72;103;340;116;190;234;320;236;186;708;757;603;442
1,2690,2893,1,0,0,16,8,36;27;90;121;1;358;134;208;252;338;254;204;726;775;604;452
1,2669,2956,1,0,0,16,12,57;48;111;142;22;379;155;229;273;359;275;225;747;796;725;452
1,2657,2719,1,0,0,16,1,69;60;123;154;34;391;167;241;285;371;287;237;759;808;737;493
1,2632,2707,1,0,0,17,3,94;85;148;179;59;21;416;192;266;310;396;312;257;761;833;762;518
1,2629,2698,1,0,0,17,6,97;88;151;182;62;24;419;195;269;313;399;315;265;761;836;765;521
0,2628,2690,1,0,0,17,0,98;89;152;183;63;25;420;196;270;314;400;316;266;761;837;766;522
1,637,718,1,3,0,10,3,343;48;366;503;288;485;410;600;587;515
1,639,723,1,2,0,10,5,341;48;364;503;270;485;408;598;587;515
1,644,707,1,1,0,10,3,336;48;359;503;270;485;403;593;587;445
1,665,747,1,1,0,10,1,315;48;338;489;260;485;382;572;587;445
1,672,727,1,1,0,10,3,308;24;331;482;253;485;375;565;587;445
1,675,753,1,1,0,10,5,305;24;328;476;250;485;372;562;587;445
1,678,736,1,0,0,10,3,302;24;325;476;247;485;320;559;587;445
1,745,833,1,0,0,9,1,235;258;409;180;435;302;492;527;415
1,766,994,1,0,0,9,3,214;237;388;159;414;281;471;506;394
1,769,830,1,1,0,9,3,211;234;385;156;411;278;468;503;391
1,774,1067,1,0,2,9,7,206;229;380;118;406;273;463;498;386
0,801,856,1,0,0,9,0,179;202;353;118;379;246;436;471;131
1,807,862,1,0,0,9,3,173;196;347;118;373;240;430;465;131
1,831,888,1,0,0,9,3,149;172;323;94;349;216;406;441;131
1,856,1086,1,0,0,9,4,124;147;298;69;324;191;381;416;131
1,870,957,1,0,0,10,4,110;133;284;55;310;177;367;402;131;703
1,901,1154,1,0,0,10,3,65;102;253;24;279;146;336;371;131;535
1,881,1150,1,0,0,10,5,65;122;273;44;299;166;356;391;131;692
1,925,1158,1,0,0,10,6,55;78;134;0;255;122;109;347;131;535
1,906,1164,1,0,0,10,3,65;97;134;19;274;141;331;366;131;535
1,1008,1066,1,0,0,8,4,134;172;39;76;264;131;521;587
1,987,1065,1,1,0,9,4,16;134;193;60;76;285;131;535;608
1,1025,1094,1,1,0,9,1,129;155;22;76;247;100;521;570;784
1,1018,1077,1,1,0,9,3,134;162;29;76;254;116;521;577;791
1,1035,1096,1,1,0,9,4,103;145;12;76;237;100;521;560;774
1,1032,1103,1,0,0,9,1,122;145;15;76;240;100;521;563;777
1,1061,1323,1,0,0,8,3,93;119;76;211;91;504;534;748
1,1051,1106,1,0,0,8,4,103;129;76;221;91;521;544;758
0,1095,1146,1,0,0,8,0,59;85;76;177;31;478;313;714
1,1090,1160,1,1,0,8,3,64;90;76;182;70;483;313;719
0,1123,1174,1,1,0,8,0,31;57;76;149;31;450;313;466
1,1103,1364,1,0,0,8,3,51;77;76;169;31;470;313;706
0,1134,1357,1,0,0,8,0,20;46;76;138;26;204;297;466
1,1135,1193,1,0,0,8,1,19;45;76;137;25;204;297;466
1,1124,1363,1,1,0,8,3,30;56;76;148;31;449;313;466
1,1130,1394,1,0,0,8,1,24;50;76;142;30;443;297;466
1,1211,1416,1,1,0,6,2,26;61;204;297;465;654
0,1214,1300,1,0,0,6,0,23;58;203;297;465;651
1,1157,1231,1,0,0,7,2,23;76;115;3;204;297;466
1,1179,1384,1,1,0,6,1,1;58;93;204;297;465
1,1283,1357,1,0,0,7,2,203;297;465;582;871;539;1048
0,1303,1357,1,0,0,7,0,203;292;465;562;851;519;952
0,1233,1290,1,1,0,6,0,4;39;203;297;465;632
1,1283,1515,1,1,0,7,4,203;297;465;582;871;539;976
1,1364,1442,1,1,0,8,3,180;231;445;501;716;458;952;563
1,1369,1454,1,1,0,8,2,142;226;440;496;716;453;952;558
1,1361,1416,1,0,0,8,2,203;234;448;504;793;461;952;566
1,1363,1447,1,0,0,8,3,180;232;446;502;791;459;952;564
1,1413,1489,1,1,0,10,4,142;182;396;452;716;409;907;514;634;456
1,1407,1491,1,1,0,10,2,142;188;402;458;716;415;924;520;634;462
1,1398,1449,1,0,0,9,3,142;197;411;467;716;424;933;529;634
1,1397,1666,1,0,0,9,5,142;198;412;468;716;425;934;530;812
1,1483,1562,1,0,0,10,1,90;112;326;382;671;339;848;444;634;386
1,1445,1525,1,0,0,10,4,115;150;364;396;709;377;886;482;634;413
1,1431,1500,1,0,0,10,4,142;164;378;396;716;391;900;496;634;413
1,1425,1511,1,0,0,10,1,142;170;384;440;716;397;906;502;634;413
1,1554,1642,1,0,0,10,1,19;41;255;311;600;268;594;373;634;315
1,1553,1774,1,0,0,10,6,20;42;256;312;601;269;778;374;634;316
1,1500,1574,1,1,0,10,2,73;95;289;346;654;322;831;427;634;369
1,1497,1551,1,0,0,10,2,76;98;312;346;657;325;834;430;634;372
1,1594,1646,1,0,0,9,3,1;215;257;560;228;594;333;615;275
0,1582,1666,1,0,0,9,0,13;227;257;572;240;594;345;627;287
1,1577,1642,1,0,0,9,3,18;232;257;572;245;594;350;632;292
1,1567,1844,1,0,0,10,3,6;28;242;257;587;255;594;360;634;302
1,256,343,1,0,0,12,1,331;345;107;266;204;212;55;334;724;413;747;898
0,283,351,1,0,0,12,0,304;318;80;239;177;185;28;307;697;413;720;817
0,288,370,1,0,0,12,0,299;313;75;234;172;180;23;302;692;413;715;817
0,292,344,1,0,0,12,0,295;309;71;230;168;176;19;298;688;413;711;817
0,136,193,1,0,0,8,0,451;465;227;329;324;332;175;454
0,153,204,1,0,0,8,0,434;448;210;329;307;315;158;437
0,209,259,1,0,0,9,0,378;392;154;313;251;259;102;381;771
1,242,530,1,0,0,10,5,345;359;121;280;218;226;69;348;738;482
0,0,62,1,0,0,8,0,587;601;363;522;460;468;311;590
1,27,101,1,0,0,8,2,560;574;336;495;433;441;284;563
1,58,126,1,0,0,8,2,529;543;305;464;402;379;253;532
1,114,380,1,0,0,8,5,473;487;249;408;346;354;197;476
1,498,754,1,0,0,13,9,89;103;24;92;469;165;489;656;427;682;549;739;774
1,476,709,1,0,0,10,5,111;125;39;114;469;165;527;678;449;704
1,475,532,1,0,0,10,2,112;126;47;115;469;165;528;679;450;705
1,466,547,1,0,0,11,2,121;135;56;2;124;469;165;537;688;459;714
1,453,539,1,0,0,12,2,134;148;69;7;15;137;527;165;540;701;472;727
1,453,676,1,0,0,12,3,134;148;69;7;15;137;469;165;540;701;472;727
1,444,519,1,0,1,12,2,143;157;78;16;24;139;536;165;540;710;481;736
1,426,513,1,0,0,11,2,161;175;96;34;42;152;554;165;540;728;499
1,419,491,1,0,0,11,2,168;182;103;41;49;152;561;165;540;732;506
1,404,629,1,1,0,10,2,183;197;118;56;64;152;576;320;540;732
1,395,458,1,0,0,10,2,192;206;127;65;73;195;585;329;540;732
1,366,434,1,1,0,10,1,221;235;156;94;102;224;614;358;546;732
1,355,650,1,0,1,11,6,232;246;8;167;105;113;235;625;369;648;732
1,354,431,1,1,0,11,1,233;247;9;168;106;114;236;626;370;649;762
1,343,551,1,1,0,11,2,244;258;20;179;117;125;247;637;381;660;791
1,340,418,1,0,0,11,1,247;261;23;182;120;128;250;640;384;663;814
1,622,685,1,1,0,10,1,358;83;381;532;303;485;425;615;587;515
1,628,693,1,4,0,10,3,352;48;375;526;297;485;419;609;587;515
1,613,665,1,2,0,10,1,367;111;390;541;312;485;434;624;587;547
1,619,674,1,1,1,10,1,361;105;384;535;306;485;428;618;587;515
1,611,684,1,1,0,10,3,369;113;392;543;314;485;436;626;613;549
1,612,668,1,1,0,10,3,368;112;391;542;313;485;435;625;603;548
1,547,603,1,1,1,12,2,40;54;28;433;165;456;607;378;485;500;649;613
1,598,677,1,1,0,10,1,3;382;126;405;556;327;485;449;639;613
1,541,607,1,0,0,12,3,46;60;28;439;165;462;613;384;487;506;650;613
1,542,794,1,1,0,12,6,45;59;28;438;165;461;612;383;487;505;649;613
1,533,594,1,0,1,12,4,54;68;57;447;165;470;621;392;487;514;673;613
1,535,621,1,0,0,12,1,52;66;55;445;165;468;619;390;487;512;650;613
1,509,714,1,1,0,13,2,78;92;13;81;469;165;489;645;416;671;538;673;613
0,513,570,1,1,0,13,0,74;88;9;77;467;165;489;641;412;487;534;673;613
1,500,791,1,1,0,13,9,87;101;22;90;469;165;489;654;425;680;547;737;622
1,507,759,1,0,0,13,7,80;94;15;83;469;165;489;647;418;673;540;730;613
1,11400,11474,1,1,0,11,1,7;73;59;322;663;78;433;330;604;137;775
1,11399,11470,1,0,0,11,2,8;74;100;322;664;79;433;331;605;137;775
1,11431,11509,1,0,0,10,1,42;59;316;632;47;406;253;573;137;744
1,11413,11479,1,1,0,10,4,60;59;322;650;65;406;317;591;137;762
1,11365,11451,1,1,0,12,2,42;108;12;134;379;698;113;433;365;607;137;810
1,11356,11619,1,1,0,12,6,42;117;21;143;391;707;122;433;374;648;137;819
1,11397,11453,1,0,0,11,2,10;76;102;350;666;81;433;333;607;137;775
1,11382,11434,1,0,0,11,1,25;91;117;365;681;96;433;348;607;137;792
1,11699,11944,1,0,0,11,8,48;364;138;31;305;476;805;764;552;411;390
1,11624,11692,1,1,0,11,3,123;439;213;106;380;551;880;839;627;486;465
1,11715,11794,1,1,0,11,2,32;348;122;15;289;460;767;647;536;395;374
1,11709,11788,1,1,0,11,2,38;354;128;21;295;466;795;647;542;401;380
1,11512,11583,1,0,0,7,1,235;551;325;218;492;60;663
0,11473,11559,1,1,0,10,0,0;26;274;590;5;364;253;531;99;702
0,11573,11626,1,1,0,9,0,174;490;264;157;431;602;931;890;678
1,11545,11634,1,0,0,9,2,202;518;292;185;459;27;628;959;918
0,11765,11819,1,0,0,9,0,298;72;225;410;739;647;257;345;324
1,11797,12020,1,0,0,10,8,266;40;207;378;707;647;257;313;292;627
1,11799,11873,1,1,0,10,5,264;38;205;376;705;635;257;311;290;625
1,11806,11879,1,1,0,10,4,257;31;198;369;698;611;257;304;283;618
1,11739,11955,1,0,0,10,4,8;324;98;265;436;765;647;512;371;350
1,11746,11828,1,0,0,10,2,1;317;91;258;429;758;647;450;364;343
1,11749,11810,1,1,0,9,2,314;88;252;426;755;647;450;361;340
1,11757,12055,1,1,0,9,5,306;80;225;418;747;647;450;353;332
1,11869,11943,1,1,0,9,1,194;135;306;635;560;257;241;220;394
1,11878,11928,1,1,0,9,1,182;126;297;626;560;257;232;211;394
1,11881,11959,1,0,0,9,2,182;123;269;623;560;257;229;208;394
1,11886,11973,1,1,0,9,2,177;114;269;618;560;257;224;203;394
1,11828,11879,1,3,0,10,1,235;9;176;347;676;560;257;282;261;596
1,11835,12080,1,1,0,10,5,228;2;169;340;669;560;257;245;254;589
1,11842,11898,1,1,0,9,2,221;162;333;662;560;257;245;247;394
1,11852,11934,1,1,0,9,1,211;152;323;652;560;257;245;237;394
1,10847,11064,1,0,1,13,3,108;303;136;303;129;316;560;182;626;530;652;386;900
0,10842,10919,1,0,0,13,0,113;303;141;308;134;316;565;187;631;535;657;391;905
1,10840,10906,1,0,0,13,1,115;313;143;310;136;316;567;189;633;537;659;393;907
1,10822,10874,1,0,0,13,4,133;331;161;328;154;344;585;207;651;555;677;411;925
1,10783,10859,1,1,0,14,1,19;7;172;370;200;363;193;383;624;246;690;594;716;450
1,10771,10834,1,0,0,14,1,31;19;184;382;212;379;205;395;636;258;702;606;728;462
1,10720,10781,1,1,0,13,3,82;70;36;235;424;24;259;430;256;433;640;309;753
1,10717,10791,1,0,0,13,5,85;73;39;238;424;27;266;433;259;433;640;312;756
1,10994,11082,1,0,0,12,4,159;156;172;413;35;479;383;505;239;753;1069;484
1,10960,11049,1,0,0,14,1,193;23;190;16;206;447;69;513;417;539;273;787;1103;518
1,10886,10955,1,0,0,14,1,69;267;97;264;90;280;521;128;528;491;613;347;861;1177
1,10875,10964,1,1,0,13,4,80;278;108;275;101;285;532;151;528;502;624;358;872
1,10865,10929,1,0,1,13,4,90;288;118;285;111;285;542;164;528;512;634;368;882
1,10862,10915,1,0,0,13,3,93;291;121;288;114;304;545;167;528;515;637;371;885
0,10851,10908,1,0,0,13,0,104;302;132;299;125;315;556;178;528;526;648;382;896
1,10850,11055,1,0,0,13,2,105;303;133;300;126;316;557;179;529;527;649;383;897
1,11156,11450,1,0,0,12,9,10;251;317;221;343;77;549;907;322;681;574;848
1,11201,11286,1,0,0,11,3,206;272;176;298;32;546;862;277;444;529;803
1,11136,11188,1,0,0,14,2,17;14;30;271;337;241;363;97;549;918;342;701;594;868
1,11141,11209,1,0,1,14,1,12;9;25;266;332;236;358;92;549;918;337;696;589;863
1,11113,11200,1,0,0,14,3,40;37;53;294;360;264;386;120;634;918;365;724;617;891
1,11120,11205,1,0,0,14,2,33;30;46;287;353;257;363;113;627;918;358;717;610;884
1,11017,11101,1,1,0,13,4,136;133;149;390;12;456;360;482;216;730;1046;461;820
1,11084,11171,1,0,0,14,2,69;66;82;323;389;293;415;133;663;979;394;753;646;920
1,11344,11396,1,0,0,12,3,63;129;33;155;403;719;134;433;386;660;137;831
1,11356,11426,1,0,0,12,4,42;117;21;143;379;707;122;433;374;648;137;819
1,11332,11546,1,0,0,12,5,75;141;45;167;415;731;146;444;398;672;240;843
1,11335,11591,1,0,0,12,5,72;138;42;164;412;728;143;444;395;669;137;840
1,11210,11274,1,0,0,11,3,192;263;167;289;23;537;853;268;444;520;794
1,11300,11350,1,1,0,12,3,107;173;77;199;447;763;178;444;430;704;272;875
1,11207,11268,1,0,0,11,3,199;266;170;292;26;540;856;271;444;523;797
0,11209,11281,1,0,0,11,0,192;264;168;290;24;538;854;269;444;521;795
1,12466,12553,1,0,0,12,3,38;282;374;847;407;554;413;104;213;153;601;457
1,12447,12713,1,0,0,13,4,57;16;301;393;866;426;573;432;123;232;172;601;457
1,12499,12584,1,0,1,12,2,5;249;341;814;374;521;380;71;156;120;601;457
0,12481,12532,1,0,0,12,0,23;267;359;832;392;539;398;89;156;138;601;457
1,12509,12588,1,1,0,11,4,239;290;804;364;511;370;61;139;110;601;457
1,12505,12567,1,0,1,11,4,243;335;808;368;515;374;65;139;114;601;457
1,12579,12631,1,0,0,11,3,169;261;734;278;441;300;100;40;578;404;604
1,12576,12633,1,0,0,11,2,172;264;737;297;444;303;103;43;581;407;607
1,12611,12697,1,1,0,11,2,137;229;702;262;409;268;68;8;546;372;572
1,12602,12668,1,0,0,11,3,146;238;711;271;418;277;77;17;555;381;581
1,12628,12704,1,1,0,11,2,120;212;685;245;392;251;51;529;355;458;1071
1,12614,12891,1,0,0,11,7,134;226;699;259;406;254;65;5;543;369;569
1,12688,12770,1,0,0,10,1,60;152;625;185;332;191;469;295;458;818
1,12660,12921,1,0,0,11,6,88;180;653;213;360;219;19;497;323;458;1039
1,12725,12805,1,0,0,10,1,23;115;588;148;295;151;432;258;458;818
1,12701,12790,1,1,0,10,4,47;139;612;172;319;151;456;282;458;818
1,12733,12799,1,0,0,10,2,15;107;580;140;287;135;424;250;450;818
0,12737,12789,1,0,0,10,0,11;103;576;136;283;135;410;246;446;818
1,12743,12799,1,1,0,10,4,5;97;570;130;277;135;410;240;440;818
1,12757,12835,1,0,0,10,4,83;550;116;263;122;400;226;426;818;801
1,12764,12820,1,0,0,10,1,76;545;109;256;115;393;219;419;818;794
1,12782,12856,1,1,0,10,2,58;531;91;238;97;375;201;401;818;776
1,12785,13053,1,0,0,10,5,55;528;88;235;94;372;191;398;818;773
1,12797,12859,1,0,0,10,1,43;516;76;223;82;360;186;386;818;517
1,12805,12879,1,0,1,11,4,35;508;68;215;48;352;178;378;818;517;726
1,12839,13102,1,0,0,11,6,1;474;34;181;40;318;144;344;818;517;692
1,12844,12918,1,0,0,10,3,469;29;176;35;313;139;339;818;517;566
1,12848,13052,1,1,0,11,6,465;25;172;31;309;135;313;818;517;566;857
1,12861,12935,1,1,0,11,3,452;12;159;18;296;122;313;818;517;542;844
1,12882,12968,1,0,0,11,2,428;138;275;101;301;817;517;542;823;649;611
1,12885,13129,1,0,0,11,4,428;135;266;98;298;814;517;542;820;646;608
1,12896,13149,1,1,0,11,3,417;124;261;87;287;803;517;542;652;635;597
1,11953,12030,1,0,0,10,2,110;51;222;551;321;257;157;132;394;795
1,11936,12164,1,0,1,9,3,127;68;239;568;527;257;174;132;394
1,11900,11965,1,1,0,9,3,163;104;253;604;560;257;210;189;394
0,11893,11951,1,0,0,9,0,170;111;253;611;560;257;217;196;394
1,12091,12163,1,0,0,10,3,84;413;321;160;19;333;657;749;1222;782
1,12058,12119,1,1,0,11,2,5;117;446;321;193;52;31;366;683;782;1255
1,11986,12049,1,0,0,11,3,77;18;189;518;321;257;124;103;394;683;854
1,11957,12218,1,0,0,10,5,106;47;218;547;321;257;153;132;394;791
0,12154,12226,1,0,0,12,0,21;350;307;97;270;594;686;1159;513;866;725;416
1,12152,12382,1,0,0,12,5,23;352;307;99;272;596;688;1161;721;868;727;418
1,12136,12380,1,1,0,11,7,39;368;307;115;288;612;704;1177;737;884;743
1,12095,12154,1,1,0,12,1,80;409;307;156;15;329;653;745;1218;778;925;784
1,12203,12283,1,0,0,12,5,301;260;48;221;355;637;1110;513;817;676;362;476
1,12165,12430,1,1,0,12,8,10;339;298;86;259;543;675;1148;513;855;714;362
1,12163,12227,1,1,0,12,5,12;341;300;88;261;543;677;1150;513;857;716;407
1,12156,12209,1,0,0,12,4,19;348;307;95;268;592;684;1157;513;864;723;414
0,12213,12288,1,0,0,13,0,291;250;38;211;355;627;1100;513;807;666;350;466;342
1,12234,12311,1,0,0,13,4,270;229;17;190;355;606;1079;513;786;645;336;445;217
1,12206,12455,1,1,0,13,6,298;257;45;218;355;634;1107;513;814;673;350;473;413
1,12213,12293,1,0,0,13,6,291;250;38;211;355;627;1100;513;807;666;350;466;342
1,12305,12376,1,0,0,14,5,199;158;119;355;535;1008;513;715;574;265;374;212;852;678
1,12309,12563,1,0,0,14,8,195;154;115;355;531;1004;513;711;570;259;370;212;848;674
1,12234,12313,1,1,1,13,6,270;212;17;190;355;606;1079;513;786;645;336;445;217
1,12237,12311,1,1,0,13,6,267;212;14;187;355;603;1076;513;783;642;333;442;213
1,12342,12427,1,0,0,14,1,162;121;82;355;498;971;513;678;537;228;337;212;629;641
1,12386,12604,1,1,0,14,7,118;77;38;355;454;927;487;634;493;184;293;208;629;597
0,12314,12394,1,0,0,14,0,190;149;110;355;526;999;513;706;565;256;365;212;784;669
1,12339,12602,1,1,1,14,9,165;124;85;355;501;974;513;681;540;231;340;212;784;644
1,12417,12685,1,1,0,14,6,87;46;7;331;423;896;456;603;462;153;262;190;601;457
1,12421,12495,1,1,0,14,2,83;42;3;327;419;892;448;599;458;149;258;190;601;457
1,12389,12601,1,1,0,14,9,115;74;35;355;451;924;484;631;490;181;290;208;601;594
1,12401,12472,1,0,0,14,1,103;62;23;347;439;912;472;619;478;169;278;208;601;457
1,13577,13649,1,0,0,16,1,122;128;296;60;338;281;262;81;416;348;320;633;357;453;621;466
1,13581,13660,1,0,0,16,5,118;124;290;56;334;277;258;81;416;344;320;629;357;449;621;462
1,13599,13685,1,0,0,17,4,100;106;274;38;316;259;240;81;398;326;320;611;357;431;621;444;881
1,13603,13683,1,0,0,17,3,96;102;270;34;312;255;236;81;394;322;320;607;357;427;621;375;877
1,13479,13543,1,0,0,19,2,220;74;52;226;52;14;394;158;436;379;360;81;495;446;320;731;357;551;621
1,13530,13582,1,0,0,19,6,169;28;1;175;1;343;107;385;328;309;81;467;395;320;680;357;500;621;513
1,13533,13622,1,1,0,17,1,166;25;172;340;104;360;325;306;81;464;392;320;677;357;497;621;510
1,13573,13662,1,0,0,16,3,126;132;300;64;342;285;266;81;424;352;320;637;357;457;621;470
1,13450,13501,1,0,0,18,6,249;108;81;255;81;43;423;187;465;408;389;304;533;475;320;760;357;580
1,13464,13763,1,0,0,19,11,235;74;67;241;67;29;409;173;451;394;375;290;533;461;320;746;357;566;775
1,13470,13761,1,0,0,19,13,229;74;61;235;61;23;403;167;445;388;369;284;527;455;320;740;357;560;621
1,13473,13531,1,0,0,19,2,226;74;58;232;58;20;400;164;442;385;366;81;524;452;320;737;357;557;621
1,13415,13709,1,0,0,18,14,284;143;116;290;116;78;458;222;500;443;409;339;533;510;549;795;637;615
1,13424,13480,1,0,1,18,9,275;134;107;281;107;69;449;213;491;434;409;330;533;501;540;786;446;606
1,13436,13519,1,1,0,18,2,263;122;95;269;95;57;437;201;479;422;403;318;533;489;528;774;357;594
1,13444,13684,1,0,1,18,8,255;114;87;261;87;49;429;193;471;414;395;310;533;481;520;766;357;586
1,13821,13901,1,0,0,19,3,52;94;37;18;176;104;143;389;231;209;418;209;488;418;583;409;675;723;690
1,13816,13896,1,1,0,19,4,57;99;42;23;181;109;148;394;236;214;423;227;488;423;588;409;680;728;695
1,13873,13937,1,0,0,17,3,0;42;124;52;91;337;179;157;366;170;488;366;531;409;623;671;638
1,13835,13904,1,1,0,19,3,38;80;23;4;162;90;129;375;217;195;404;208;488;404;569;409;661;709;676
1,13794,14059,1,0,1,18,11,79;121;64;45;203;131;170;416;258;236;427;249;686;445;610;525;702;750
1,13757,13809,1,0,1,17,4,116;158;101;82;240;168;207;453;295;273;429;286;723;482;647;562;739
1,13807,14066,1,0,0,18,8,66;108;51;32;190;118;157;403;245;223;427;236;488;432;597;428;689;737
1,13805,14062,1,0,0,18,10,68;110;53;34;192;120;159;405;247;225;427;238;488;434;599;514;691;739
1,13735,13813,1,0,0,18,4,138;180;123;104;19;262;190;229;475;317;295;504;308;745;504;669;584;761
1,13673,13748,1,1,0,18,2,26;32;200;242;142;166;81;324;252;291;537;352;357;566;370;807;566;731
1,13744,13833,1,0,0,18,4,129;171;114;95;10;253;181;220;466;308;286;439;299;736;495;660;575;752
1,13739,13825,1,0,0,18,4,134;176;119;100;15;258;186;225;471;313;291;500;304;741;500;665;580;757
1,13628,13690,1,1,0,17,1,71;77;245;9;287;230;211;81;369;297;320;582;357;382;583;375;852
1,13624,13691,1,0,0,17,5,75;81;249;13;291;234;215;81;373;301;320;586;357;406;583;375;856
1,13663,13733,1,0,0,17,4,36;42;210;252;142;176;81;334;262;301;547;357;367;576;375;817;576
1,13636,13720,1,1,0,17,1,63;69;235;1;279;222;203;81;361;289;320;574;357;382;583;375;844
1,13117,13326,1,1,0,13,5,196;24;66;582;441;397;588;414;276;756;520;798;656
1,13149,13376,1,0,0,14,8,164;8;34;550;409;382;556;382;276;679;488;766;656;690
1,13102,13327,1,0,0,13,7,211;24;81;597;456;422;603;429;276;771;535;813;756
1,13111,13166,1,0,0,13,3,202;24;72;588;447;406;594;420;276;762;526;804;656
1,13096,13148,1,0,1,13,3,217;24;87;603;462;435;609;435;276;777;541;819;762
1,13102,13162,1,0,0,13,3,211;24;81;597;456;422;603;429;276;771;535;813;656
1,13059,13143,1,0,0,9,1,238;98;124;640;499;472;628;472;276
1,13068,13145,1,1,0,9,1,238;61;115;631;490;463;628;463;276
1,13043,13114,1,1,0,9,3,270;114;140;656;515;488;628;488;450
1,13052,13299,1,0,0,9,5,238;105;131;647;506;479;628;479;441
1,12982,13054,1,0,0,11,1,331;38;175;1;201;699;517;540;628;549;511
1,13006,13069,1,0,0,10,3,307;14;151;177;693;517;525;628;525;487
1,12940,13009,1,1,0,11,1,373;80;217;43;243;753;517;540;652;591;553
1,12948,13159,1,0,0,11,3,365;72;209;35;235;699;517;540;652;583;545
1,12899,12976,1,0,0,11,4,414;121;258;84;284;787;517;542;652;632;594
1,12931,13003,1,0,0,11,1,382;89;226;52;252;768;517;540;652;600;562
1,13403,13470,1,0,0,18,3,296;155;128;302;128;90;470;234;512;455;409;351;533;522;561;807;649;627
1,13357,13443,1,0,0,15,2,342;201;173;348;174;136;495;280;558;501;482;397;533;531;607
1,13350,13408,1,1,0,15,1,349;208;181;355;181;143;495;287;565;508;489;404;533;531;614
1,13338,13396,1,0,0,15,1,361;220;193;367;193;155;508;299;577;520;501;416;533;531;626
1,13324,13410,1,1,0,15,1,375;234;207;378;207;169;549;313;591;534;515;430;533;531;640
1,13322,13407,1,0,0,14,7,377;236;209;378;209;171;551;315;593;536;517;432;533;603
1,13309,13361,1,0,0,15,5,4;390;249;222;396;222;184;564;328;606;549;530;445;533;616
1,13277,13356,1,0,0,15,1,36;422;281;254;428;254;216;596;360;638;581;536;477;533;648
1,13265,13518,1,1,0,15,6,48;434;293;266;440;266;228;608;372;650;593;536;489;732;660
1,13235,13308,1,0,0,14,1,68;464;323;296;470;296;258;622;402;680;623;604;519;762
1,13230,13296,1,1,0,14,2,83;466;328;301;475;301;263;622;407;685;628;609;524;767
1,13217,13279,1,0,0,14,1,85;466;341;314;488;314;276;656;420;698;641;622;537;780
1,13216,13275,1,0,0,14,1,85;483;342;315;489;315;276;657;421;699;642;623;538;781
1,13208,13272,1,0,0,13,2,105;491;350;323;497;323;276;665;429;707;644;631;546
1,13160,13248,1,0,0,14,4,153;23;498;398;371;545;371;276;679;477;755;644;679;594
1,13154,13215,1,0,0,14,1,159;3;29;545;404;377;551;377;276;679;483;761;644;685
1,14573,14631,1,1,0,14,3,259;72;118;270;284;324;404;683;154;299;339;708;842;501
1,14583,14645,1,0,1,14,2,249;62;108;244;284;314;398;673;154;289;339;698;832;501
1,14619,14823,1,0,0,14,1,213;26;72;224;284;278;362;637;143;253;339;662;796;501
0,14629,14689,1,0,0,14,0,203;16;62;214;284;268;294;627;133;243;339;652;786;501
0,14630,14690,1,0,0,14,0,202;15;61;213;284;267;294;626;132;242;339;651;785;501
1,14636,14709,1,0,0,14,4,196;9;55;207;284;261;294;620;126;236;339;645;779;501
1,14642,14697,1,0,0,14,2,190;3;49;201;284;255;294;614;120;230;335;639;773;498
1,14681,14760,1,1,0,14,5,151;10;162;284;216;294;575;81;191;296;600;734;498;590
1,14434,14516,1,0,0,16,2,46;62;110;77;398;211;257;409;551;463;547;822;234;438;517;785
1,14434,14500,1,0,0,16,3,46;56;110;77;398;211;257;409;551;463;547;822;234;438;517;785
1,14438,14658,1,1,0,16,10,42;56;106;73;394;207;253;405;547;459;543;818;154;434;517;785
1,14469,14545,1,0,0,16,3,11;27;75;42;363;176;222;374;516;428;512;787;154;403;339;785
1,14518,14788,1,1,0,14,7,26;314;127;173;325;467;379;463;738;154;354;339;763;897
0,14561,14624,1,0,0,14,0,271;84;130;282;284;336;420;695;154;311;339;720;854;645
1,14567,14783,1,1,0,14,4,265;78;124;276;284;330;414;689;154;305;339;714;848;639
1,14572,14643,1,0,0,14,2,260;73;119;271;284;325;409;684;154;300;339;709;843;501
1,14796,15030,1,0,0,12,8,36;47;189;101;185;460;76;181;485;574;410;381
1,14795,14862,1,0,0,12,5,37;48;190;102;186;461;77;182;486;591;411;381
1,14803,14891,1,1,0,12,6,29;40;182;94;178;453;69;147;478;574;403;381
1,14800,14888,1,1,0,12,5,32;43;185;97;181;456;72;147;481;574;406;381
1,14848,14934,1,0,1,11,3,137;49;133;408;24;129;433;567;358;258;890
1,14847,15138,1,0,0,10,6,138;50;134;409;25;130;434;568;359;381
1,14881,14967,1,1,0,12,4,104;16;100;375;96;400;534;317;258;857;391;707
1,14853,14931,1,0,0,11,3,132;44;128;403;19;124;428;562;353;258;870
1,14686,14739,1,1,0,14,4,146;5;157;284;211;294;570;76;186;291;595;663;498;585
1,14686,14952,1,1,1,14,10,146;5;157;284;211;294;570;76;186;291;595;663;496;585
1,14714,14925,1,0,0,13,5,118;129;271;183;267;542;48;158;263;567;623;469;557
1,14706,14774,1,0,0,13,3,126;137;279;191;275;550;56;166;271;575;623;496;565
1,14755,14837,1,1,0,13,3,77;88;230;142;226;501;7;117;222;526;623;443;381
1,14754,14824,1,0,0,13,3,78;89;231;143;227;502;8;118;223;527;623;452;381
1,14793,14860,1,0,1,12,6,39;50;192;104;188;463;79;184;488;622;413;381
1,14778,14864,1,0,0,12,2,54;65;207;119;203;478;94;199;503;623;428;381
1,14069,14138,1,0,0,12,3,141;170;411;170;335;250;401;475;365;100;732;576
1,14070,14364,1,0,0,12,9,140;169;400;169;334;249;401;474;365;99;732;575
1,14044,14273,1,0,0,12,4,166;8;195;436;195;360;275;452;482;467;125;732
1,14062,14142,1,0,0,12,4,148;177;418;177;342;257;434;482;365;107;732;583
1,14089,14149,1,3,0,13,4,121;150;391;150;315;230;401;455;365;80;547;556;602
1,14103,14181,1,1,0,13,2,107;136;377;136;301;216;393;441;365;66;541;542;588
1,14074,14143,1,0,1,12,4,136;165;400;165;330;245;401;470;365;95;586;571
1,14077,14322,1,1,0,12,8,133;162;400;162;327;242;401;467;365;92;566;568
1,14012,14095,1,0,0,13,3,198;40;18;227;31;468;227;392;307;484;493;499;157
1,14022,14097,1,0,0,13,4,188;30;8;217;21;458;217;382;297;474;493;489;133
1,13894,13972,1,0,0,17,3,21;103;31;70;316;158;136;345;149;488;345;510;409;602;650;617;275
1,14006,14056,1,0,0,13,3,204;46;24;233;37;474;233;398;313;490;538;505;163
1,14037,14266,1,0,0,13,8,173;15;202;6;443;202;367;282;459;493;474;132;795
1,14040,14108,1,1,0,13,3,170;12;199;3;440;199;364;279;456;493;471;129;732
0,14024,14107,1,1,0,13,0,186;24;6;215;19;456;215;380;295;472;493;487;133
1,14030,14099,1,0,1,13,4,180;22;0;209;13;450;209;374;289;466;493;481;133
1,14284,14525,1,0,0,16,8,196;120;35;212;260;227;531;361;407;559;701;613;570;962;478;588
1,14279,14335,1,0,0,15,2,201;125;40;217;265;232;533;366;412;564;706;618;570;962;483
1,14272,14332,1,1,0,15,3,208;132;47;223;272;239;533;373;419;571;713;625;570;984;490
1,14261,14323,1,2,0,15,2,219;143;58;235;283;250;533;384;430;582;724;636;570;995;501
1,14430,14501,1,0,1,16,3,50;66;114;81;402;215;261;413;555;467;551;826;234;442;517;851
1,14402,14622,1,0,0,16,10,78;2;94;142;109;430;243;289;441;583;495;570;854;360;470;517
1,14392,14464,1,1,0,16,4,88;12;104;152;119;440;244;299;451;593;505;570;864;370;480;585
1,14347,14421,1,0,0,16,2,133;57;149;197;164;485;298;344;454;638;550;570;909;415;525;630
1,14211,14293,1,1,0,16,4,17;269;28;193;108;285;333;300;541;434;480;632;774;686;770;1045
1,14197,14252,1,0,0,15,2,13;42;283;42;207;122;299;347;314;541;448;494;646;788;700
1,14148,14223,1,0,0,15,2,62;91;332;91;256;171;348;396;363;21;541;497;543;695;837
1,14108,14163,1,1,0,14,1,102;131;372;131;296;211;388;436;365;61;541;519;583;735
1,14230,14304,1,1,0,16,2,9;250;9;174;89;266;314;281;535;415;461;613;724;667;570;1026
1,14226,14478,1,0,0,16,12,13;254;13;178;93;270;318;285;535;419;465;617;724;671;755;1030
1,14222,14300,1,0,1,16,2,17;258;17;182;97;274;322;289;541;423;469;621;724;675;759;1034
0,14217,14273,1,0,0,16,0,17;263;22;187;102;279;327;294;541;428;474;626;724;680;764;1039
1,7593,7676,1,0,0,14,2,3;109;98;665;334;591;87;301;346;357;510;483;656;665
1,7603,7676,1,0,0,13,2,102;88;661;324;581;87;291;346;347;500;483;646;655
1,7584,7655,1,0,0,13,2,12;121;107;680;343;600;87;310;346;366;519;483;665
1,7589,7668,1,0,0,13,1,7;116;102;665;338;595;87;305;346;361;514;483;660
1,7561,7635,1,1,0,13,2,35;144;130;697;366;623;87;333;356;389;542;587;688
1,7583,7865,1,0,0,13,9,13;122;108;681;344;601;87;311;346;367;520;565;666
1,7534,7603,1,0,0,13,1,62;171;157;730;393;650;87;360;356;416;569;614;715
1,7540,7628,1,1,0,13,2,56;165;151;724;387;639;87;354;356;410;563;608;709
1,7683,7750,1,0,0,15,1,22;8;581;244;501;87;211;268;267;420;465;566;575;738;291
1,7704,7760,1,1,0,14,2,1;560;223;480;71;190;247;246;399;444;545;554;717;291
1,7664,7732,1,0,0,15,1,41;27;600;263;520;87;230;287;286;439;483;585;594;757;297
1,7667,7875,1,1,0,15,10,38;24;597;260;517;87;227;284;283;436;481;582;591;754;297
1,7642,7724,1,0,0,15,2,63;49;618;285;542;87;252;309;308;461;483;607;616;779;445
1,7657,7913,1,0,1,15,8,48;34;607;270;527;87;237;294;293;446;483;592;601;764;430
1,7615,7690,1,0,0,14,2,90;76;638;312;569;87;279;336;335;488;483;634;643;806
1,7622,7707,1,0,0,14,2,83;69;638;305;562;87;271;329;328;481;483;627;636;799
1,7345,7405,1,0,0,9,2,63;251;360;346;805;582;839;430;549
1,7283,7573,1,1,0,9,8,125;313;422;408;929;644;901;492;611
0,7261,7312,1,0,0,9,0,147;335;444;430;929;666;923;514;633
0,7239,7303,1,0,0,7,0,169;357;466;452;929;688;945
0,7228,7296,1,0,0,7,0,180;368;477;463;929;699;956
0,7214,7287,1,0,0,5,0,194;382;491;477;929
0,7210,7274,1,0,0,5,0,198;386;495;481;929
0,7210,7283,1,0,0,5,0,198;386;495;481;929
1,7508,7741,1,1,0,13,5,88;197;183;745;419;676;267;386;356;442;595;640;741
1,7479,7746,1,0,0,12,8,117;226;212;745;448;705;296;415;472;471;624;669
1,7437,7490,1,0,0,11,1,159;268;254;745;490;747;338;456;514;513;666
0,7387,7439,1,0,0,10,0,21;209;318;304;745;540;797;388;456;564
1,7367,7447,1,1,0,10,2,41;229;338;324;745;560;800;408;456;584
1,7365,7449,1,0,0,10,1,43;231;340;326;745;562;800;410;529;586
1,7357,7416,1,1,0,10,2,51;239;348;334;745;570;800;418;537;594
1,7353,7429,1,0,0,9,2,55;243;352;338;745;574;831;422;541
1,6899,6967,1,1,0,7,3,153;91;209;274;509;678;806
1,6941,7209,1,0,0,7,5,111;49;175;232;467;645;764
1,6944,6997,1,0,0,7,1,108;46;172;229;464;645;506
0,6980,7034,1,0,0,7,0,72;4;136;193;428;616;506
1,6853,6911,1,0,0,7,1,199;10;137;263;320;555;743
1,6875,6927,1,0,0,6,3,176;115;241;298;533;721
1,6887,6967,1,0,0,7,3,165;103;229;286;521;678;818
0,6896,6955,1,0,0,7,0,156;94;209;277;512;678;809
0,7073,7160,1,0,0,5,0,3;100;335;523;506
0,7095,7159,1,0,0,5,0,3;78;313;501;506
1,7132,7355,1,1,0,4,2,41;276;464;506
1,7146,7346,1,0,0,6,1,27;247;450;506;545;1118
1,6984,7059,1,0,0,7,3,68;4;132;189;424;612;506
0,6987,7192,1,0,0,7,0,65;3;129;186;421;606;506
1,7056,7120,1,0,0,5,3,60;117;352;540;506
1,7062,7142,1,0,0,5,2,54;111;346;534;506
1,6628,6716,1,1,0,6,1,424;235;263;488;536;780
0,6578,6642,1,0,0,8,0,46;17;10;474;285;263;497;536
1,6645,6850,1,0,0,6,2,394;218;263;467;528;763
1,6643,6711,1,0,1,6,2,394;220;263;473;530;765
1,6536,6741,1,0,1,8,3,88;59;30;516;300;272;497;637
1,6529,6582,1,0,0,10,1,95;66;6;59;523;4;300;272;497;644
0,6570,6620,1,1,0,8,0,54;25;18;482;293;263;497;536
1,6564,6646,1,0,1,8,3,60;31;24;488;299;263;497;609
1,6804,7045,1,0,0,7,2,248;59;186;312;369;604;773
1,6792,7033,1,0,0,7,4,260;71;198;324;381;616;804
1,6812,6881,1,0,0,7,3,210;51;178;304;361;596;773
1,6809,7046,1,1,0,7,2,228;54;181;307;364;599;773
1,6692,6747,1,0,0,6,2,360;171;252;424;481;716
1,6692,6753,1,1,0,6,1,360;171;252;404;481;716
1,6757,6819,1,0,0,6,1,295;106;233;359;416;629
1,6714,6786,1,0,0,6,1,325;149;252;402;459;694
1,8565,8638,1,0,0,14,4,209;31;53;91;280;422;93;323;198;455;291;530;486;610
1,8568,8631,1,0,0,14,1,206;28;53;88;249;419;93;320;195;452;291;530;483;607
1,8550,8628,1,0,0,14,1,224;46;53;106;295;437;131;338;213;470;363;530;501;625
1,8557,8629,1,1,0,14,4,217;39;53;99;288;430;124;331;206;463;291;530;494;618
1,8608,8689,1,0,0,13,1,166;32;48;237;379;73;280;155;412;291;491;443;500
1,8613,8687,1,1,0,13,1,161;27;43;232;374;68;275;82;407;291;486;438;500
1,8570,8855,1,0,0,14,9,204;26;53;86;249;417;93;318;193;450;291;510;481;605
1,8571,8621,1,0,0,14,1,203;25;53;85;249;416;93;317;192;449;291;510;480;500
1,8640,8726,1,0,0,13,4,134;0;16;205;347;19;248;82;380;273;434;411;500
1,8663,8943,1,0,1,12,8,111;182;324;14;225;82;357;250;434;388;500;886
1,8614,8669,1,0,0,13,4,160;26;42;231;373;67;274;82;406;291;460;437;500
1,8628,8686,1,0,0,13,1,146;12;28;217;359;19;260;82;392;285;460;423;500
1,8712,8794,1,1,0,12,3,62;133;113;176;51;308;201;387;339;463;746;872
1,8719,8788,1,1,0,12,1,55;126;113;107;44;301;194;380;332;456;746;865
1,8686,8928,1,0,0,11,6,88;159;301;202;77;334;227;413;365;489;746
1,8704,8787,1,0,0,12,1,70;141;113;184;59;316;209;395;347;471;746;880
1,8265,8352,1,1,0,13,1,153;149;509;282;331;375;391;415;722;416;623;498;755
1,8239,8324,1,2,0,14,3,25;10;19;182;175;535;308;346;401;417;415;748;442;649
1,8222,8275,1,1,0,13,3,42;27;36;199;192;552;325;374;418;422;421;765;445
1,8222,8298,1,1,0,13,3,42;27;36;199;192;552;325;346;418;422;421;765;445
0,8308,8361,1,0,0,14,0,112;102;466;239;288;332;348;415;679;373;580;455;712;605
1,8304,8362,1,0,0,14,2,112;102;470;243;292;336;352;415;683;377;584;459;716;609
1,8279,8350,1,1,0,13,2,142;102;495;268;317;361;377;415;708;402;609;461;741
1,8278,8498,1,1,0,13,5,143;136;496;269;318;362;378;415;709;403;610;461;742
1,8416,8678,1,1,0,14,8,5;358;131;180;224;240;415;506;265;472;347;604;497;683
1,8403,8486,1,0,0,15,4,18;11;371;144;193;237;253;415;584;278;485;360;617;510;696
1,8350,8418,1,0,0,14,3,71;64;424;197;246;290;293;415;637;331;538;413;670;563
1,8346,8424,1,0,0,14,3,75;68;428;201;250;294;310;415;641;335;542;417;674;567
1,8547,8606,1,0,0,15,1,227;0;49;93;109;298;440;134;341;216;473;366;530;504;628
1,8518,8582,1,0,0,14,4,256;29;78;122;138;327;455;163;370;245;502;395;530;533
1,8502,8581,1,0,0,13,4,272;45;94;138;154;343;485;179;386;261;518;411;530
1,8423,8484,1,1,0,13,3,351;124;173;217;233;415;506;258;465;340;597;490;530
0,7983,8052,1,0,0,11,0,281;201;120;165;266;275;438;104;322;647;564
1,8004,8284,1,1,0,12,3,260;180;99;144;245;254;417;83;322;647;543;592
1,8006,8084,1,0,0,12,1,258;178;97;142;243;252;415;81;322;647;541;477
1,8020,8088,1,0,0,12,2,244;164;83;128;174;238;401;67;322;647;527;477
1,8049,8128,1,0,1,12,2,215;135;54;99;174;209;372;38;322;647;498;477
1,8052,8113,1,1,0,12,2,212;132;51;96;174;206;369;35;322;647;495;476
1,8054,8271,1,1,0,12,2,210;130;49;94;174;204;358;33;322;647;493;476
1,8054,8131,1,1,0,12,2,210;130;49;94;174;204;358;33;322;647;493;454
1,8080,8299,1,3,1,14,3,184;104;23;68;169;178;341;7;322;647;467;446;560;576
1,8091,8145,1,1,0,13,3,173;93;12;57;158;167;330;322;647;456;446;549;427
1,8149,8350,1,0,1,12,3,115;35;100;109;272;265;625;398;446;491;427;696
1,8161,8399,1,0,0,12,5,103;23;88;97;260;253;613;386;435;479;422;684
1,8161,8381,1,0,0,12,4,103;23;88;97;260;253;613;386;435;479;422;472
1,8214,8439,1,0,0,13,7,50;35;44;207;200;560;333;382;426;422;463;773;467
1,8214,8292,1,1,0,13,3,50;35;44;207;200;560;333;382;426;422;421;773;467
1,8219,8285,1,1,0,13,3,45;30;39;202;195;555;328;377;421;422;421;768;456
1,7714,7782,1,1,0,13,1,550;213;470;61;180;237;236;389;431;535;544;568;291
1,7712,7937,1,1,0,13,9,552;215;472;63;182;239;238;391;431;537;546;709;291
1,7739,7824,1,0,0,13,1,525;131;445;36;155;212;211;364;409;510;519;568;291
1,7736,7821,1,0,1,13,3,528;191;448;39;158;215;214;367;412;513;522;568;291
1,7758,7834,1,0,0,15,3,506;131;426;17;136;193;192;345;390;491;500;568;291;656;1016
0,7745,7807,1,0,0,14,0,519;131;439;30;149;206;205;358;403;504;513;568;291;669
1,7832,7913,1,0,0,14,3,432;95;352;62;119;118;271;316;417;426;568;255;582;942
0,7829,7916,1,0,0,14,0,435;98;355;65;122;121;274;319;420;429;568;258;585;945
1,7850,7919,1,0,0,14,3,414;77;334;44;78;100;253;298;399;408;568;237;564;924
1,7835,7920,1,0,0,14,2,429;92;349;59;78;115;268;313;414;423;568;252;579;939
1,7877,8158,1,0,0,14,9,387;50;307;17;74;73;226;271;372;381;544;210;537;666
1,7856,8130,1,1,1,14,9,408;71;328;38;78;94;247;292;393;382;565;231;558;918
1,7904,8152,1,0,0,13,9,360;23;280;47;46;199;244;345;354;517;183;327;647
1,7888,8089,1,0,0,14,6,376;39;296;6;63;62;215;260;361;370;533;199;327;666
1,7922,8143,1,1,0,14,5,342;5;262;29;28;181;226;327;336;499;165;322;647;620
1,7921,7979,1,0,1,14,2,343;6;263;30;29;182;227;328;337;500;166;322;647;626
1,9709,9766,1,1,0,14,3,133;101;10;7;114;240;256;593;362;618;578;778;403;392
1,9703,9765,1,1,0,14,1,139;107;16;13;120;246;262;593;362;624;584;778;449;398
1,9683,9759,1,0,0,13,3,159;127;36;33;140;266;273;593;409;644;604;778;469
1,9672,9725,1,0,0,13,2,170;138;47;44;151;277;293;593;420;655;615;778;480
1,9664,9743,1,0,0,12,5,178;146;55;52;159;285;301;593;428;663;623;835
0,9659,9715,1,0,0,12,0,183;151;60;57;164;290;306;593;433;668;628;840
1,9645,9718,1,0,0,13,3,8;197;165;1;74;71;178;304;320;593;447;682;642
1,9638,9726,1,0,0,13,4,15;204;172;8;81;78;185;311;327;596;454;689;649
1,9584,9643,1,0,0,16,2,0;38;48;69;258;44;226;60;135;132;239;365;381;596;508;743
1,9569,9774,1,0,0,17,9,15;8;53;63;79;273;59;241;60;150;147;254;380;396;759;523;758
1,9554,9615,1,0,0,17,2,30;23;68;78;99;288;74;256;60;165;162;269;395;407;774;538;773
0,9541,9629,1,0,0,16,0,8;43;36;81;91;112;301;87;269;60;177;175;282;408;407;787
1,9537,9594,1,0,0,16,5,12;47;40;85;95;116;305;91;273;60;177;179;286;412;428;791
1,9530,9581,1,0,0,16,2,19;54;47;92;102;123;312;98;280;60;189;186;286;419;435;798
1,9515,9579,1,0,0,16,2,34;69;62;107;117;138;327;113;295;60;204;201;308;434;450;813
1,9487,9548,1,0,0,15,6,62;97;80;135;145;166;355;141;323;60;232;229;336;462;478
1,9452,9524,1,0,0,15,5,97;129;125;170;180;201;390;176;358;60;267;264;371;497;513
1,9481,9534,1,0,0,15,2,68;103;80;141;151;172;361;147;329;60;238;235;342;468;484
1,9440,9493,1,1,1,15,6,109;144;137;173;192;213;402;188;370;60;279;276;383;509;525
0,9443,9501,1,0,0,15,0,106;129;134;173;189;210;399;185;367;60;276;273;380;506;522
1,9378,9436,1,0,0,14,4,171;206;199;244;254;275;464;250;432;60;341;337;445;519
1,9424,9499,1,0,0,15,5,125;160;153;198;208;229;418;204;386;60;295;292;399;519;541
1,9359,9435,1,0,0,14,6,190;220;218;263;273;285;483;269;451;60;349;337;464;590
0,9365,9433,1,1,0,14,0,184;219;212;257;267;285;477;263;445;60;349;337;458;519
1,9355,9422,1,0,0,14,2,194;229;222;267;277;298;487;273;455;60;349;337;468;594
1,9358,9411,1,0,0,14,5,191;226;219;264;274;285;484;270;452;60;349;337;465;591
1,9333,9608,1,0,0,14,5,216;251;244;289;299;320;509;279;477;313;386;337;487;616
1,9345,9589,1,0,0,14,4,204;239;232;277;287;308;497;279;465;60;374;337;478;604
1,9296,9367,1,0,0,13,3,253;288;281;326;336;357;546;332;502;350;423;337;487
1,9298,9364,1,0,1,13,5,251;286;279;324;334;355;544;330;502;348;421;337;487
1,9266,9344,1,0,0,13,5,283;318;311;356;366;387;576;362;506;380;453;337;487
1,9277,9344,1,0,0,13,3,272;307;300;345;355;376;565;351;502;369;442;337;487
1,9203,9446,1,1,0,13,8,346;381;374;419;429;450;639;425;506;402;458;513;620
1,9194,9254,1,1,0,13,2,355;390;383;428;438;459;648;434;506;452;458;522;629
1,9230,9299,1,0,0,13,4,319;354;347;392;402;423;612;398;506;402;458;337;487
1,9224,9501,1,1,0,13,7,325;360;353;398;408;429;618;404;506;402;458;337;599
1,9120,9187,1,0,0,12,1,55;429;416;457;502;479;533;722;508;580;526;458
1,9113,9354,1,0,0,12,7,58;436;416;464;509;479;538;729;515;580;533;606
1,9180,9269,1,0,0,12,2,369;404;397;442;452;473;662;448;506;466;458;536
1,9159,9409,1,0,0,12,9,16;390;416;418;463;473;494;683;469;580;487;458
1,9097,9159,1,1,0,13,2,2;78;452;432;480;525;535;538;741;531;580;549;622
1,9076,9137,1,0,0,13,3,23;99;473;432;501;546;543;538;766;552;580;570;643
1,9106,9164,1,0,0,12,4,58;443;432;471;516;479;538;736;522;580;540;613
1,9098,9152,1,0,0,13,3,1;77;451;432;479;524;479;538;741;530;580;548;621
1,8994,9194,1,0,1,12,6,26;38;57;181;555;437;583;628;543;538;848;634
0,8986,9047,1,0,0,13,0,1;34;38;65;189;563;437;591;636;543;538;856;642
0,9023,9092,1,1,0,12,0,38;28;152;526;432;554;599;543;538;819;605;580
1,9004,9241,1,0,0,13,8,16;38;47;171;545;432;573;618;543;538;838;624;806
1,8931,9135,1,0,0,13,3,56;89;38;120;244;618;437;646;691;543;722;911;697
1,8938,8996,1,0,0,13,2,49;82;38;113;237;611;437;639;684;543;538;904;690
1,8969,9021,1,0,0,13,2,18;51;38;82;206;580;437;608;653;543;538;873;659
0,8982,9064,1,0,0,13,0,5;38;38;66;193;567;437;595;640;543;538;860;646
1,8879,8929,1,0,1,15,2,108;9;141;34;220;171;296;670;705;698;743;679;774;963;749
1,8902,9182,1,0,1,14,10,85;118;11;197;143;273;647;682;675;720;679;751;940;726
1,8902,9107,1,0,0,14,8,85;118;11;197;143;273;647;437;675;720;679;751;940;726
1,8926,9207,1,0,0,13,8,61;94;173;125;249;623;437;651;696;543;727;916;702
1,8792,8847,1,1,0,13,2,53;113;96;228;121;307;259;383;736;792;785;830;840
1,8820,8893,1,0,0,14,3,25;113;68;200;93;279;231;355;729;764;757;802;812;833
1,8831,9067,1,0,0,14,9,14;113;57;189;82;268;171;344;718;753;746;791;801;822
1,8836,8907,1,0,0,14,3,9;113;52;184;77;263;171;339;713;748;741;786;679;817
1,8720,8801,1,0,0,13,2,54;125;113;107;43;300;193;360;331;455;746;864;857
1,8759,8816,1,1,0,14,2,15;86;113;107;4;261;154;340;292;416;746;825;818;863
1,8782,8870,1,0,0,12,2,63;113;106;238;131;317;269;393;746;802;795;840
1,8785,8857,1,0,0,12,3,60;113;103;235;128;314;266;390;736;799;792;837
1,10642,10729,1,0,1,15,1,69;160;148;114;313;511;102;341;56;58;487;334;524;648;351
1,10637,10693,1,0,0,15,1,74;165;153;119;318;516;107;346;61;63;513;339;529;648;351
1,10627,10873,1,0,0,15,8,84;175;163;129;328;524;117;356;71;73;523;349;539;780;351
1,10617,10706,1,0,0,15,2,94;185;173;139;338;536;127;366;81;83;533;359;549;790;412
1,10715,10782,1,1,0,13,1,87;75;41;240;438;29;268;435;261;433;640;314;758
1,10714,10772,1,0,0,13,3,88;76;42;241;439;30;269;436;262;433;648;315;759
1,10681,10751,1,0,0,15,2,30;121;109;75;274;472;63;302;17;19;456;295;485;648;348
1,10674,10741,1,0,0,15,1,37;128;116;82;281;479;70;309;24;26;476;302;492;648;351
1,10521,10603,1,0,0,14,1,190;263;269;235;434;632;223;462;177;179;629;375;645;804
0,10514,10602,1,0,0,14,0,197;263;276;242;441;636;230;469;184;186;636;375;652;804
0,10497,10549,1,1,0,15,0,2;214;263;293;259;458;636;247;486;201;203;653;375;669;804
1,10496,10573,1,0,0,15,3,3;215;270;294;260;459;636;248;487;202;204;654;375;670;804
1,10617,10695,1,0,0,15,1,94;185;173;139;338;536;127;366;81;83;533;359;549;790;351
1,10600,10657,1,1,0,15,1,111;202;190;156;355;553;144;383;98;100;550;375;566;804;429
1,10586,10671,1,0,0,15,2,125;216;204;170;369;567;158;397;112;114;564;375;580;804;443
1,10552,10609,1,1,0,14,1,159;250;238;204;403;601;192;431;146;148;598;375;614;804
1,10331,10417,1,0,0,17,4,168;21;28;128;359;468;459;425;624;636;413;501;367;369;819;645;835
1,10414,10467,1,0,0,15,4,85;45;297;388;376;342;541;636;330;501;284;286;736;562;752
1,10295,10347,1,0,0,17,1,33;32;174;57;64;164;416;468;495;461;660;636;449;501;403;405;826
1,10311,10381,1,0,0,17,3,17;16;174;29;48;148;400;468;479;445;644;636;433;501;387;389;826
1,10477,10690,1,1,0,15,10,22;234;325;313;279;478;636;267;501;221;223;672;375;689;930
1,10492,10546,1,1,0,15,2,7;219;310;298;264;463;636;252;491;206;208;658;375;674;804
1,10422,10679,1,0,1,15,9,77;37;289;380;368;327;533;636;322;501;276;278;728;554;744
1,10465,10540,1,1,0,14,2,34;246;337;325;291;490;636;279;501;233;235;685;375;701
1,10251,10311,1,1,0,17,2,77;76;36;248;101;98;208;420;468;539;505;702;902;493;732;447;449
1,10264,10329,1,1,0,18,4,64;63;23;235;88;94;195;420;468;526;492;691;889;480;719;434;436;886
1,10233,10291,1,1,0,17,1,94;94;54;266;119;98;226;420;468;557;523;722;920;511;750;465;467
1,10246,10301,1,2,0,17,3,82;81;41;253;106;98;213;420;468;544;510;702;907;498;737;452;454
1,10283,10352,1,0,0,18,2,45;44;4;216;69;76;176;420;468;507;473;672;636;461;501;415;417;856
1,10291,10367,1,0,0,17,2,37;36;208;61;68;168;420;468;499;465;664;636;453;501;407;409;826
1,10269,10554,1,1,0,18,12,59;58;18;230;83;90;190;420;468;521;487;686;884;475;714;429;431;856
1,10281,10543,1,1,0,18,8,47;46;6;218;71;78;178;420;468;509;475;674;636;463;702;417;419;856
1,10190,10264,1,0,0,12,4,138;137;97;304;162;98;269;420;480;600;527;765
1,10175,10264,1,0,0,12,2,153;152;112;304;177;184;284;420;480;615;527;780
1,10192,10263,1,1,0,12,3,115;135;95;304;160;98;267;420;480;598;527;763
1,10190,10263,1,0,0,12,4,122;137;97;304;162;98;269;420;480;600;527;765
1,10209,10277,1,0,0,14,4,115;118;78;290;143;98;250;420;480;565;527;746;944;535
1,10208,10260,1,1,0,14,2,115;119;79;291;144;98;251;420;480;582;527;747;945;536
1,10231,10309,1,0,0,17,4,94;96;56;268;121;98;228;420;480;559;525;724;922;513;752;467;469
1,10231,10316,1,1,0,17,5,94;96;56;268;121;98;228;420;469;559;525;724;922;513;752;467;469
1,10077,10144,1,1,0,13,2,251;15;250;210;422;75;24;275;282;382;420;725;713
1,10048,10329,1,0,0,13,9,280;44;279;239;451;104;53;304;311;411;663;754;742
1,10120,10398,1,1,0,12,7,208;207;167;379;32;232;239;339;420;509;670;636
1,10089,10306,1,0,1,13,6,239;3;238;198;410;41;12;263;270;370;420;713;701
1,10152,10357,1,0,0,12,7,176;175;135;347;0;200;207;307;420;509;638;527
1,10142,10207,1,0,0,12,1,186;185;145;357;10;210;217;317;420;509;648;527
1,10168,10235,1,0,0,11,4,160;159;119;331;184;191;291;420;480;622;527
0,10158,10225,1,0,0,11,0,170;169;129;341;194;201;301;420;480;632;527
1,9807,9874,1,0,0,15,4,35;3;16;142;158;520;285;520;417;692;345;294;484;552;652
1,9840,10074,1,0,1,13,4,2;109;125;488;252;487;417;659;312;261;480;519;619
1,9841,10117,1,0,0,13,7,1;108;124;487;251;486;417;658;311;260;480;518;466
1,9881,9962,1,0,0,12,1,68;84;447;211;446;406;618;271;220;471;478;466
1,9885,9942,1,0,0,13,5,64;80;443;207;442;402;614;259;216;467;474;466;826
1,9904,9967,1,1,0,13,4,45;61;424;188;423;383;595;248;197;448;455;466;807
1,9919,10189,1,0,0,13,6,30;46;409;173;408;368;580;233;182;433;440;466;792
1,9998,10206,1,0,0,13,6,330;94;329;289;501;154;103;354;361;461;713;804;792
1,9720,10003,1,1,0,12,11,122;90;95;229;245;593;362;607;567;778;403;381
1,9731,9817,1,0,0,13,5,111;79;92;218;234;593;361;596;417;768;403;370;621
1,9751,10048,1,0,0,14,13,91;27;72;198;214;577;341;576;417;748;401;350;601;608
1,9758,9820,1,0,0,14,4,84;27;65;191;207;570;334;569;417;741;394;343;501;601
1,9759,9817,1,1,0,14,4,83;27;64;190;206;525;333;568;417;740;393;342;501;600
1,9771,9832,1,1,0,14,2,71;27;52;178;194;520;321;556;417;728;381;330;501;588
1,9779,9857,1,1,0,14,5,63;27;44;170;186;520;313;548;417;720;373;322;501;580
1,9781,9844,1,1,0,14,1,61;27;42;168;184;520;311;546;417;718;371;320;484;578
0,15104,15167,1,0,0,10,0,152;177;311;90;167;634;168;484;260;643
1,15114,15189,1,0,0,10,2,142;167;301;90;157;624;158;474;260;643
1,15114,15317,1,0,0,10,2,142;167;270;90;157;624;158;474;260;643
1,15159,15229,1,1,0,11,4,97;122;253;47;112;579;113;429;260;643;929
1,15175,15237,1,0,0,11,3,81;96;240;31;96;563;97;413;260;635;913
1,15196,15417,1,0,0,12,5,60;85;219;10;75;542;74;392;260;614;892;631
1,15198,15259,1,0,0,12,4,58;83;217;8;73;540;74;390;260;612;890;449
1,15203,15427,1,0,0,12,7,53;78;212;3;68;535;69;385;260;607;885;449
0,15213,15264,1,1,0,11,0,43;68;202;58;525;59;375;149;597;875;449
1,15222,15273,1,0,0,11,4,34;59;193;49;516;50;366;149;588;866;449
1,15237,15295,1,1,0,11,1,19;44;178;34;501;35;351;149;573;851;449
1,15256,15320,1,0,0,11,2,0;25;136;15;482;16;332;149;554;832;449
0,15260,15330,1,0,0,10,0,21;136;11;474;12;328;149;550;828;449
1,15284,15352,1,0,0,7,3,131;454;304;149;526;804;449
0,15296,15354,1,0,0,7,0,119;442;292;149;514;792;447
1,15305,15392,1,0,0,7,1,110;433;283;149;505;783;447
1,14914,15202,1,0,0,12,8,71;67;328;63;367;501;292;258;824;358;634;627
1,14909,14990,1,0,0,12,3,76;72;347;68;372;506;297;258;829;363;634;632
0,14956,15044,1,0,0,13,0,29;25;300;21;325;459;250;258;782;264;632;382;854
1,14944,15030,1,0,0,12,1,41;37;312;33;337;471;262;258;794;328;634;382
1,14994,15195,1,0,1,10,4,262;287;421;212;258;744;264;594;382;816
1,14964,15047,1,0,0,13,2,21;17;292;13;317;451;242;258;774;264;624;382;846
1,15031,15114,1,1,0,10,2,222;250;384;175;240;707;241;557;382;643
1,15003,15078,1,0,0,10,2,253;278;412;203;258;735;264;585;382;643
1,15038,15098,1,0,0,10,1,205;243;377;168;233;700;234;550;382;643
0,15032,15085,1,1,0,10,0,205;249;383;174;239;706;240;556;382;643
1,15061,15126,1,0,0,10,5,195;220;354;111;210;677;211;527;357;643
1,15060,15139,1,0,0,10,5,196;221;355;146;211;678;212;528;357;643
1,15075,15161,1,1,0,10,2,181;206;340;90;196;663;197;513;357;643
1,15068,15143,1,0,0,10,5,188;213;347;96;203;670;204;520;357;643
1,15093,15380,1,0,0,10,7,163;188;322;90;178;645;179;495;357;643
1,15077,15154,1,1,0,10,5,170;204;338;90;194;661;195;511;357;643
1,15683,15886,1,1,0,10,3,55;127;405;144;607;453;697;595;558;445
1,15720,15784,1,1,0,11,3,18;90;368;107;570;416;660;558;521;442;619
0,15670,15753,1,0,0,10,0,68;140;418;148;620;466;710;608;571;446
1,15671,15943,1,1,0,10,7,67;139;417;148;619;465;709;607;570;446
0,15733,15794,1,3,0,11,0,5;77;355;94;557;403;647;545;508;439;606
1,15761,15834,1,0,0,10,3,49;327;66;529;375;619;517;480;439;578
1,15725,15790,1,1,0,11,2,12;85;363;102;565;411;655;553;516;442;614
1,15725,15800,1,3,0,11,2,12;85;363;102;565;411;655;553;516;441;614
0,15794,15861,1,0,0,10,0,16;294;15;496;342;586;484;447;409;422
1,15794,15871,1,0,0,10,2,16;294;15;496;342;586;484;447;409;422
1,15761,16025,1,0,0,10,6,25;327;66;529;375;619;517;480;439;578
1,15792,15845,1,0,0,10,2,18;296;35;498;344;588;486;449;411;422
1,15795,15860,1,1,0,10,2,15;293;1;495;341;585;483;446;408;422
1,15828,15909,1,0,0,9,1,260;462;308;552;450;413;375;422;770
1,15375,15626,1,0,0,9,5,40;363;213;149;435;713;447;800;761
1,15347,15400,1,0,0,8,1,68;391;241;149;463;741;447;800
1,15345,15566,1,0,0,8,2,70;393;243;149;463;743;447;945
1,15330,15410,1,0,0,8,1,85;408;258;149;480;758;447;960
1,15413,15491,1,1,0,10,2,2;325;175;128;397;675;414;800;644;967
1,15413,15487,1,0,0,10,3,2;325;175;128;397;610;414;800;644;967
0,15412,15481,1,1,0,10,0,3;326;176;129;398;676;415;800;644;968
1,15389,15652,1,0,0,9,6,26;349;199;149;421;699;438;800;650
1,15614,15694,1,1,0,9,3,124;196;474;213;676;522;766;664;627
1,15528,15605,1,0,0,11,4,210;60;13;282;560;299;762;585;852;750;713
1,15480,15554,1,0,0,11,3,258;108;61;330;608;347;800;585;900;798;761
1,15444,15502,1,0,0,9,3,294;144;97;366;610;383;800;585;936
1,15668,15750,1,0,0,10,3,70;142;420;151;622;468;712;610;573;446
1,15652,15711,1,1,0,10,3,86;158;436;151;638;484;728;626;589;446
1,15643,15710,1,0,0,10,3,95;167;445;184;647;493;737;635;598;446
1,15641,15936,1,1,0,10,7,97;169;447;186;649;495;739;637;600;562
276
8540,9175,125.15,9
8645,9549,157.56,8
8376,9099,412.25,10
8508,9051,133.09,9
8754,9622,57.60,10
8790,9632,331.39,11
8691,9584,304.89,11
8720,9577,45.75,11
8163,8987,297.84,10
8189,8681,106.60,9
8069,8656,195.89,10
8104,8845,300.78,10
8251,9020,47.09,8
8302,8913,72.19,11
8239,8888,79.14,10
8242,8763,111.50,8
7740,8414,250.32,10
7631,8087,139.89,11
7605,8421,258.21,9
7590,8258,26.16,10
8059,8640,40.26,9
7995,8596,175.67,9
7917,8547,6.95,11
7756,8774,283.06,9
7357,7951,168.81,10
7257,7894,139.63,11
7245,7775,180.38,11
7227,8184,43.01,10
7481,8249,69.04,11
7476,8148,105.45,11
7429,8103,0.00,8
7391,7950,0.00,9
10175,10955,20.66,8
10194,11153,326.14,11
10201,10744,78.42,10
10210,10983,208.66,9
10212,10698,0.00,10
10221,10700,0.00,9
10257,11150,171.05,9
10328,10976,179.77,11
9701,10101,6.05,8
9728,10352,168.39,10
9736,10359,90.56,8
9794,10459,158.19,10
9885,10711,285.17,10
9928,10802,316.07,8
9928,10790,17.28,10
10091,10756,125.13,10
9409,9965,47.11,8
9329,9949,71.05,10
9552,10092,47.98,8
9495,10328,272.71,8
9633,10287,155.13,11
9554,10327,0.00,10
9665,10152,102.71,9
9647,10499,119.38,8
8854,9842,54.97,11
8806,9653,243.39,10
8998,9810,366.65,8
8875,9628,51.33,9
9060,9719,190.93,9
9050,9646,304.18,9
9188,9823,154.13,10
9170,9716,176.92,8
5103,5628,67.46,9
5133,5560,51.86,11
4939,5795,78.98,11
4955,5711,142.46,10
4858,5491,206.42,8
4882,5604,366.31,11
4832,5747,131.52,8
4839,5347,141.77,8
4652,5037,23.24,11
4771,5350,45.70,11
4615,5294,206.05,9
4624,5217,0.00,9
4166,4899,439.81,9
4349,4878,60.24,9
4031,4658,181.66,8
4091,5082,80.84,10
3913,4666,161.17,9
3902,4339,216.88,10
3876,4516,242.22,11
3799,4608,187.02,8
3777,4491,492.72,8
3643,4145,0.00,8
3625,4072,66.30,10
3624,4432,102.40,9
3584,4378,319.21,8
3522,4186,359.17,10
3418,4144,188.65,9
3325,4127,305.53,10
3143,4049,376.20,9
3086,3650,221.74,8
3048,3613,140.82,10
3037,3514,270.32,10
6882,7705,272.18,11
7133,7691,0.00,8
7145,8264,467.05,8
7223,7927,60.72,9
6372,7116,324.63,10
6469,7173,75.81,10
6596,7408,94.33,10
6777,7596,115.00,8
5947,7052,202.20,10
6017,6533,135.34,9
6150,6863,313.91,8
6296,6990,297.69,9
5715,6494,0.00,9
5789,6535,158.21,9
5855,6588,297.83,10
5856,6396,32.89,8
5660,6250,112.72,10
5604,6624,197.83,9
5702,6595,149.70,11
5673,5970,50.48,11
5501,6329,332.23,10
5500,6349,52.48,10
5557,6167,99.06,10
5543,6230,251.24,9
5458,6176,80.14,9
5453,6364,330.14,11
5493,6404,141.40,10
5486,5909,0.00,10
5171,5821,192.96,9
5147,5851,110.82,8
5325,5978,241.38,10
5231,5857,131.32,9
15317,16290,170.32,11
15177,15827,255.71,9
15142,16088,65.15,10
14953,15810,302.60,8
15465,16241,0.00,10
15457,16278,0.00,10
15391,16380,37.14,10
15353,16136,206.10,8
15835,16552,0.00,11
15815,16598,0.00,8
15691,16339,156.62,10
15615,16203,123.79,8
14187,14897,0.00,9
14203,14981,276.54,8
14107,14843,132.42,8
14124,14985,233.40,10
14282,14872,0.00,8
14321,14977,280.63,9
14204,15256,101.77,9
14247,14762,206.16,11
14548,15206,278.29,11
14651,15271,299.54,10
14421,15281,93.00,11
14481,15415,279.35,10
14876,15588,79.31,10
14899,15541,478.87,9
14848,15738,45.76,8
14872,15272,88.19,10
12041,13313,208.41,10
11976,12840,55.20,10
11941,12748,345.81,8
11793,12424,195.60,10
11615,12089,77.48,11
11589,12110,51.38,8
11555,12251,255.23,10
11522,12463,442.20,11
12258,12983,182.29,9
12257,13157,359.62,9
12205,12619,223.66,8
12194,12679,74.71,10
12143,12570,63.84,8
12093,13020,0.00,8
12093,12879,115.61,9
12063,12873,255.17,10
10767,11233,104.80,10
10793,11747,166.24,8
10724,11377,14.23,8
10765,11499,87.15,9
10561,11029,97.99,11
10709,11473,98.48,8
10331,11166,99.56,10
10467,11407,309.34,8
11244,12175,150.69,9
11513,12504,51.24,9
11071,12004,93.43,11
11227,11572,103.44,8
11010,11837,283.57,10
11019,11730,102.83,10
10881,12063,87.28,10
10946,11478,0.00,11
13586,14480,218.00,9
13492,14043,92.13,8
13666,14404,46.17,8
13637,14239,22.10,8
13384,14052,292.56,10
13369,14210,13.06,9
13464,14239,292.18,11
13386,14030,51.30,11
14032,14832,275.88,9
13889,14169,24.43,8
14078,14691,58.66,8
14059,14645,97.04,8
13722,14496,51.62,9
13682,14319,105.04,8
13812,14511,102.27,9
13767,14544,56.66,11
12847,13705,210.95,11
12871,13531,0.00,10
12879,13493,165.71,9
13075,13873,212.62,11
12519,13183,138.42,10
12624,13699,378.76,10
12755,13558,290.88,11
12805,13531,241.31,9
13159,13754,203.19,8
13214,13997,261.25,9
13248,13925,81.41,9
13323,13964,200.15,10
13081,13637,0.00,10
13083,13915,31.95,8
13095,13858,192.92,8
13123,13839,142.02,9
0,587,0.00,7
0,601,0.00,6
0,363,0.00,5
0,522,97.03,5
0,460,0.00,5
0,468,62.39,9
0,311,54.70,4
0,590,83.83,8
228,724,309.04,10
161,980,104.12,8
254,1154,362.44,11
247,1003,147.45,11
429,1180,223.81,8
413,925,109.51,10
489,1237,336.71,8
481,1047,52.25,9
604,1160,436.99,9
493,1272,187.34,10
945,1595,237.56,9
865,1573,516.84,11
1200,1865,190.73,11
1018,1809,313.15,10
1248,1822,0.00,9
1246,2154,91.68,11
1395,2209,217.89,11
1400,1869,54.47,11
1253,2331,299.57,11
1350,1927,42.97,8
1697,2442,120.88,9
1701,2726,342.74,10
1597,2210,161.97,9
1616,2511,0.00,9
1735,2780,319.15,9
1791,2811,126.26,9
1703,2717,165.35,8
1718,2351,47.83,8
1815,2543,17.12,10
1845,2605,282.29,10
1802,2691,68.46,8
1804,2653,66.74,9
2046,2824,45.94,11
1963,2441,203.85,11
1957,2555,72.70,8
1921,3048,239.93,10
2361,2944,203.61,8
2287,3028,56.85,8
2155,2942,36.76,11
2112,2898,107.20,9
2545,3394,199.64,11
2533,3465,79.24,9
2527,3416,84.64,10
2516,2894,51.79,9
2914,3515,363.75,8
2811,3286,128.55,10
2781,3454,251.38,10
2569,3150,188.02,10
