1004
1,939,1193,1,0,86,14,10,232;460;177;406;65;370;177;418;106;213;492;754;604;976
1,963,1028,1,1,117,15,2,208;436;153;382;65;346;153;394;82;213;468;546;580;952;659
1,963,1013,1,0,110,15,1,165;436;153;382;65;346;153;394;82;213;468;546;580;952;659
1,988,1196,1,0,94,16,10,165;411;128;357;42;321;128;369;57;201;443;546;555;907;634;826
1,1005,1074,1,0,71,16,2,165;394;111;340;25;304;111;352;40;184;426;546;389;907;617;809
1,1028,1095,1,1,119,18,5,116;371;88;317;2;281;88;329;17;161;403;546;389;887;594;786;642;857
0,1033,1093,1,0,0,17,0,116;366;83;312;276;83;324;12;156;398;546;389;882;589;781;637;802
1,1045,1134,1,0,106,17,5,116;354;71;300;264;71;312;0;144;386;546;389;870;577;769;625;802
1,1048,1117,1,1,109,17,2,116;351;68;297;261;68;309;141;383;546;389;784;574;766;622;802;467
0,1055,1126,1,0,0,18,0,116;344;61;290;254;61;302;123;376;546;389;784;567;759;615;802;460;663
1,1064,1138,1,0,125,19,6,107;335;52;281;245;52;293;123;367;546;389;784;558;750;606;802;451;654;659
1,1081,1343,1,0,130,19,15,90;318;35;264;228;35;276;108;350;546;388;784;541;733;589;802;434;637;642
1,1088,1155,1,0,116,19,5,83;311;28;257;221;28;269;101;343;546;388;784;534;726;582;797;427;630;426
1,1102,1153,1,0,93,19,2,69;297;14;243;207;14;255;87;329;546;388;784;520;712;568;778;413;616;426
1,1125,1403,1,0,91,17,10,46;274;220;184;232;64;306;546;388;784;497;689;545;760;390;593;426
1,1133,1212,1,1,104,17,1,38;266;212;176;224;56;298;546;388;782;489;591;537;752;382;585;426
1,724,1010,1,0,118,14,5,75;173;72;187;447;669;392;490;306;585;321;633;321;465
1,713,800,1,1,142,14,3,75;184;83;187;458;686;403;490;317;596;321;644;332;476
1,741,829,1,1,97,15,3,67;156;55;187;430;658;375;490;289;555;321;616;304;448;690
0,728,779,1,1,0,14,0,75;169;68;187;443;669;388;490;302;555;321;629;317;461
1,757,810,1,0,110,15,2,51;140;39;173;414;642;359;490;273;552;305;600;288;432;636
1,742,823,1,1,94,15,3,66;155;54;187;429;657;374;490;288;555;305;615;303;447;689
1,776,859,1,1,109,15,2,32;121;20;142;395;623;340;490;254;533;305;581;269;413;636
1,765,831,1,0,111,15,3,43;132;31;165;406;634;351;490;265;544;305;592;280;424;636
1,815,879,1,0,97,14,3,82;115;331;584;301;490;215;494;301;459;230;374;616;878
1,810,899,1,0,69,14,2,87;120;331;589;306;490;220;499;305;547;235;379;621;883
1,843,917,1,0,122,15,1,54;87;328;556;273;459;187;466;273;459;202;346;588;850;700
1,817,894,1,0,83,14,4,80;88;331;582;299;490;213;492;299;459;228;372;614;876
1,856,919,1,0,103,15,2,41;74;315;543;260;459;174;453;260;459;189;333;575;837;687
0,850,907,1,0,0,15,0,47;80;321;549;266;459;180;459;266;459;195;339;579;843;693
1,923,1005,1,1,61,14,2,7;248;476;193;422;65;386;193;434;122;266;508;770;620
1,886,975,1,0,52,15,4,11;44;285;513;230;459;144;423;230;447;159;303;545;807;657
1,1481,1567,1,1,70,12,5,212;62;434;141;333;189;404;34;237;242;321;598
1,1530,1587,1,0,58,11,3,163;13;385;92;284;140;355;188;193;272;549
1,1410,1474,1,0,76,13,3,21;283;133;505;176;404;260;420;105;308;313;392;669
1,1417,1471,1,0,75,13,3,14;276;126;498;176;395;253;420;98;301;306;385;662
1,1568,1637,1,1,76,10,3,125;347;54;246;102;317;150;155;224;319
1,1569,1651,1,0,58,10,3,124;346;53;245;101;316;149;91;224;319
1,1532,1737,1,0,76,11,6,161;11;383;83;282;138;353;186;191;270;547
1,1558,1778,1,0,60,10,4,135;357;64;256;112;327;160;165;224;521
1,1593,1660,1,1,64,11,1,100;322;29;221;77;290;125;91;209;319;508
1,1593,1645,1,1,63,11,1,100;322;29;221;77;280;125;91;209;319;508
1,1574,1659,1,0,52,10,1,119;341;39;240;96;311;144;91;224;319
0,1587,1676,1,0,0,11,0,106;328;35;227;83;290;131;91;215;319;514
1,1622,1707,1,1,77,11,2,71;293;0;192;48;252;96;91;175;319;479
1,1646,1698,1,0,79,10,2,47;269;168;24;239;72;77;156;319;455
1,1602,1690,1,1,64,11,3,91;313;20;212;68;252;116;91;200;319;499
0,1618,1668,1,0,0,11,0,75;297;4;196;52;252;100;91;175;319;483
1,1177,1254,1,0,108,16,5,220;168;132;180;12;226;516;366;738;445;591;493;708;338;541;395
1,1173,1472,1,1,109,16,11,220;172;136;184;16;226;520;370;742;449;591;497;712;342;545;414
1,1172,1381,1,1,110,16,9,220;173;137;185;17;226;521;371;743;450;591;498;713;343;546;426
1,1163,1242,1,1,98,17,2,8;236;182;146;194;26;226;530;380;752;459;591;507;722;352;555;426
1,1240,1296,1,1,87,15,3,159;105;69;115;191;453;303;675;382;574;430;645;275;478;395
1,1235,1435,1,1,86,15,5,164;110;74;122;196;458;308;680;387;579;435;650;276;483;395
1,1214,1283,1,0,85,15,5,185;131;95;143;217;479;329;701;408;591;456;671;276;504;395
1,1203,1257,1,1,86,15,1,196;142;106;154;226;490;340;712;419;591;467;682;312;515;395
1,1305,1526,1,0,80,16,5,94;40;4;52;126;388;238;610;317;509;347;580;210;413;395;497
1,1281,1334,1,1,78,16,3,118;64;28;76;150;412;262;626;341;533;347;604;234;437;395;521
1,1274,1334,1,1,58,16,1,125;71;35;83;157;419;269;626;348;540;396;611;241;444;395;528
1,1264,1325,1,0,69,15,6,135;81;45;93;167;429;279;651;358;550;406;621;251;454;395
1,1353,1419,1,0,85,15,2,46;4;78;340;190;562;176;461;317;420;162;365;370;449;726
1,1334,1613,1,1,84,15,9,63;11;23;97;359;209;581;176;480;336;551;181;384;389;468
1,1317,1375,1,0,72,15,1,82;28;40;114;376;226;598;176;497;347;568;198;401;395;485
0,1309,1390,1,0,0,16,0,90;36;0;48;122;384;234;606;176;505;347;576;206;409;395;493
1,3,79,1,0,124,8,1,438;129;246;346;96;805;325;76
0,42,102,1,0,0,11,0,399;90;207;307;47;766;286;37;304;855;658
1,51,115,1,0,142,11,1,390;81;198;298;47;757;277;28;295;846;649
1,103,158,1,0,118,9,1,334;29;146;246;705;225;243;794;597
1,143,205,1,0,117,9,1,294;106;206;549;185;203;754;557;434
1,149,356,1,0,105,9,2,264;100;200;549;179;197;748;551;434
0,152,224,1,0,0,9,0,264;97;197;549;176;194;745;444;434
1,191,404,1,1,131,10,4,250;58;158;549;137;155;706;444;434;739
1,118,379,1,0,112,9,7,319;14;131;231;690;210;228;779;582
0,129,213,1,0,0,10,0,312;3;120;220;549;199;217;768;571;667
1,135,185,1,1,111,9,1,306;114;214;549;193;211;762;565;661
1,142,398,1,0,118,9,5,294;107;207;549;186;204;755;558;654
1,547,604,1,0,109,13,1,226;350;153;249;383;624;793;569;798;483;762;97;569
1,558,815,1,0,111,13,7,226;339;142;238;327;613;793;558;787;472;751;86;558
0,537,593,1,0,0,13,0,271;360;163;259;393;634;793;579;808;493;772;107;579
1,540,592,1,0,109,13,2,268;357;160;256;390;631;793;576;805;490;769;104;576
1,506,571,1,0,98,13,1,302;391;194;290;424;665;893;610;839;524;799;138;610
1,520,608,1,0,98,13,2,288;377;180;276;410;651;879;596;825;510;789;124;596
1,466,519,1,0,107,11,2,342;431;234;330;464;705;933;650;879;564;818
1,480,704,1,0,122,12,6,328;417;220;290;450;691;919;636;865;550;818;164
1,691,762,1,0,128,15,3,99;206;9;105;239;480;708;425;490;339;618;321;666;354;498
1,711,762,1,1,110,14,2,97;186;85;187;460;688;405;490;319;598;321;646;334;478
1,649,871,1,0,128,14,11,159;248;51;147;281;496;750;467;673;381;660;321;708;396
1,657,720,1,1,147,14,2,151;240;43;139;273;496;742;459;490;373;652;321;700;388
1,616,672,1,0,147,15,3,192;281;84;180;314;555;783;500;676;414;693;28;321;741;429
1,644,921,1,0,140,15,9,164;253;56;152;286;527;755;472;673;386;665;0;321;713;401
1,567,618,1,0,108,14,2,226;330;133;229;327;604;793;549;676;463;742;77;549;790
1,583,854,1,0,125,15,11,225;314;117;213;327;588;793;533;676;447;726;61;533;774;462
1,269,339,1,0,113,10,2,152;80;359;45;77;628;431;434;538;902
1,263,334,1,1,143,10,1,178;86;359;45;83;634;437;434;538;908
0,261,312,1,1,0,9,0,180;88;359;45;85;636;439;434;538
0,258,313,1,0,0,9,0,183;91;359;45;88;639;442;434;538
0,235,299,1,0,0,10,0,206;14;114;359;45;111;662;444;434;538
1,221,520,1,0,150,10,5,220;28;128;549;45;125;676;444;434;538
1,215,289,1,0,147,10,2,226;34;134;549;113;131;682;444;434;538
0,209,298,1,0,0,10,0,232;40;140;549;119;137;688;444;434;538
1,444,528,1,1,107,11,2,359;453;247;352;477;727;955;672;901;586;865
1,438,508,1,0,113,12,2,3;359;459;262;358;477;733;961;678;907;592;871
1,412,463,1,0,76,10,1,29;359;485;288;384;518;747;987;704;933
1,325,402,1,0,139,12,1,116;24;359;3;21;572;308;434;538;747;1074;791
1,313,399,1,0,112,11,1,128;36;359;15;33;584;387;434;538;747;1086
1,304,521,1,0,127,10,4,137;45;359;24;33;593;396;434;538;752
1,298,500,1,0,141,10,2,143;51;359;30;33;599;402;434;538;873
1,290,340,1,0,127,10,2,151;59;359;38;56;607;410;434;538;881
1,2865,3079,1,0,58,7,4,319;393;457;365;591;598;587
1,2861,2933,1,0,58,7,3,323;394;463;369;595;598;587
1,2880,2941,1,1,50,7,3,304;378;444;350;576;570;573
1,2877,2940,1,0,50,7,3,307;381;447;353;579;571;576
1,2901,3111,1,1,51,7,4,283;357;406;329;555;570;552
1,2884,2973,1,0,49,7,3,300;374;410;346;572;570;569
1,2904,3132,1,0,50,7,4,280;354;406;81;552;570;549
1,2902,3173,1,0,50,7,5,282;356;406;315;554;570;551
1,2763,2984,1,0,64,10,2,35;17;379;36;440;512;467;667;738;690
1,2758,2823,1,1,48,10,1,40;22;379;41;4;440;514;472;667;743
0,2778,2861,1,0,0,10,0,20;2;379;21;440;512;434;667;598;675
1,2773,3037,1,1,70,10,6,25;7;379;26;440;512;434;667;728;680
1,2786,2839,1,1,70,9,2,12;379;13;440;512;412;667;598;667
1,2781,2846,1,0,72,9,2,17;379;18;440;512;434;667;598;672
1,2836,2911,1,0,70,7,1,348;394;488;394;620;598;617
1,2792,2867,1,0,57,9,1,6;379;7;440;498;412;664;598;661
0,2630,2687,1,0,0,9,0,168;150;554;161;132;440;514;600;793
1,2645,2733,1,0,79,9,2,153;135;539;154;117;440;514;585;793
1,2712,2773,1,0,70,10,3,86;68;472;87;50;440;514;518;744;789
1,2714,2776,1,0,75,10,3,84;66;470;85;48;440;514;516;722;787
1,2721,3005,1,0,71,10,3,77;59;463;78;41;440;514;509;711;780
1,2750,2831,1,0,87,10,2,48;30;434;49;12;440;514;480;706;751
1,2752,2840,1,0,65,10,2,46;28;432;47;10;440;514;478;679;749
1,2757,3046,1,1,59,10,3,41;23;379;42;5;440;514;473;679;744
1,2443,2522,1,0,82,9,1,355;34;8;28;337;169;710;348;191
1,2525,2592,1,0,76,8,1,273;255;87;659;274;191;733;799
1,2540,2775,1,0,74,9,4,258;240;72;610;259;191;718;784;690
1,2565,2651,1,0,105,10,1,233;215;47;610;234;191;693;759;608;891
1,2567,2863,1,0,117,10,7,231;213;45;610;232;191;691;757;603;889
1,2589,2843,1,0,110,10,4,209;191;23;595;210;173;669;735;603;793
1,2595,2662,1,0,104,10,2,203;185;17;589;204;167;663;514;603;793
1,2611,2906,1,1,90,10,4,187;169;1;573;161;151;647;514;603;793
1,3384,3454,1,1,64,13,3,72;117;69;334;484;393;301;137;866;580;551;642;761
1,3376,3462,1,0,63,13,2,80;125;77;342;495;401;309;145;866;580;559;650;769
1,3368,3647,1,0,58,13,8,88;133;85;350;503;409;317;153;866;596;567;658;777
1,3343,3589,1,0,70,12,6,113;158;110;375;528;434;342;178;866;777;592;683
1,3413,3493,1,1,63,13,3,43;88;40;296;458;364;272;108;866;580;522;566;732
1,3404,3474,1,1,73,13,2,52;97;49;296;467;373;281;117;866;580;531;622;741
0,3403,3471,1,0,0,13,0,53;98;50;296;468;374;282;118;866;580;532;623;742
1,3392,3443,1,0,63,13,3,64;109;61;306;479;385;293;129;866;580;543;634;753
1,3205,3283,1,0,63,11,1,53;119;25;251;296;231;513;603;552;480;316
1,3192,3261,1,0,64,11,1,66;132;38;264;309;261;526;603;552;493;329
1,3187,3257,1,0,62,11,1,71;137;43;269;314;266;531;603;590;498;334
1,3176,3244,1,0,64,12,2,8;82;148;54;280;325;277;542;603;601;509;345
1,3331,3407,1,0,75,12,2,125;170;122;387;540;446;354;190;866;789;604;695
1,3244,3501,1,0,50,11,5,14;80;212;257;202;474;603;533;426;277;1102
1,3218,3298,1,1,63,11,2,40;106;12;238;283;231;500;603;536;426;303
1,3217,3303,1,0,65,11,3,41;107;13;239;284;231;501;603;536;468;304
1,3063,3141,1,1,35,10,5,121;195;261;81;354;438;355;638;808;714
1,3064,3331,1,0,35,10,7,120;194;260;81;354;437;355;611;807;713
1,3046,3121,1,1,68,9,2,138;212;278;81;388;455;355;638;825
0,3055,3118,1,1,0,9,0,129;203;269;81;354;446;355;638;816
1,3114,3173,1,0,51,12,6,70;144;210;71;342;387;339;604;757;663;571;407
1,3123,3344,1,0,46,12,5,61;135;201;71;333;378;330;595;748;654;562;398
1,3074,3145,1,1,35,10,5,110;170;250;81;354;427;355;611;797;703
1,3104,3189,1,0,50,12,6,80;154;220;81;352;397;349;611;767;673;581;417
1,2941,3225,1,0,75,8,5,138;317;365;81;515;560;512;777
0,2942,3011,1,0,0,8,0,138;316;365;81;514;559;355;776
1,2908,2959,1,0,49,7,1,138;350;406;81;548;570;545
1,2939,2998,1,0,71,8,2,138;319;385;81;517;562;514;779
1,2988,3047,1,0,74,8,1,138;270;336;81;468;513;355;638
1,3036,3120,1,0,68,9,2,138;222;288;81;420;465;355;638;835
1,2948,3028,1,0,60,8,2,138;310;365;81;508;553;355;770
1,2977,3191,1,1,75,8,5,138;281;347;81;479;524;355;741
1,2027,2102,1,0,94,9,2,52;74;130;289;114;589;320;424;449
1,1988,2065,1,0,60,9,2,91;97;169;328;153;592;320;463;488
1,2055,2125,1,0,66,9,2,24;46;102;261;86;589;320;396;421
0,2039,2089,1,0,0,9,0,40;62;118;277;89;589;320;412;437
1,1971,2028,1,0,55,9,1,108;130;186;336;159;601;320;480;505
1,1939,2211,1,0,50,8,6,140;141;218;336;159;841;320;512
1,1976,2032,1,0,59,9,1,103;125;181;336;159;592;320;475;500
1,1975,2040,1,0,55,9,2,104;125;182;336;159;601;320;476;501
1,1930,2013,1,0,41,8,2,149;141;227;349;159;868;320;521
1,1927,1993,1,0,41,8,1,152;174;230;349;159;871;320;524
1,1934,1985,1,1,32,8,1,141;141;223;349;159;841;320;517
1,1931,2006,1,0,49,8,2,141;141;226;349;159;867;320;520
1,1874,2076,1,0,71,9,4,7;11;205;227;283;349;267;924;572
1,1867,1956,1,1,67,9,3,7;18;212;234;290;349;274;931;572
1,1918,2161,1,0,60,8,4,161;183;239;349;159;880;555;533
1,1911,2139,1,1,58,9,4,4;168;190;246;349;230;887;555;540
1,1831,1906,1,1,57,9,2,84;54;248;270;326;349;310;960;581
1,1856,1937,1,0,74,9,2,59;29;223;245;301;349;285;942;581
1,1864,1940,1,0,62,9,1,51;21;215;237;293;349;277;934;572
1,1865,1929,1,1,65,9,1,46;20;214;236;292;349;276;933;572
1,1788,1868,1,1,66,11,3,127;26;97;14;291;291;369;349;353;973;689
1,1792,1846,1,0,71,11,2,123;22;93;10;287;291;365;349;349;973;613
1,1797,1855,1,1,57,11,1,118;7;88;5;282;291;360;349;344;973;613
1,1816,2062,1,0,66,9,5,99;69;263;285;341;349;325;960;613
0,1706,1756,1,1,0,9,0,209;108;179;12;17;96;319;291;451
1,1721,1802,1,1,49,9,3,194;93;164;2;81;319;291;436;595
1,1754,1840,1,0,81,10,2,161;60;131;48;311;291;403;562;387;1044
1,1772,2057,1,0,62,10,7,143;42;113;30;307;291;385;544;369;973
1,1653,1885,1,0,93,10,2,40;262;161;17;232;65;70;149;319;448
1,1656,1881,1,1,80,10,2,37;259;158;14;229;62;67;146;319;296
1,1666,1721,1,0,88,10,3,27;249;148;4;219;52;57;136;319;291
0,1681,1735,1,1,0,9,0,12;222;133;204;37;42;121;319;291
1,2425,2514,1,0,81,9,2,373;52;26;28;355;187;710;374;191
1,2420,2480,1,0,77,9,1,378;57;31;56;360;192;710;379;191
1,2418,2480,1,0,58,9,1,380;59;33;58;362;194;739;381;191
0,2411,2481,1,1,0,9,0,387;66;40;65;369;201;739;388;191
1,2395,2452,1,0,77,9,1,403;82;56;81;376;217;757;404;191
1,2381,2449,1,0,93,9,1,417;96;70;88;396;231;757;405;191
0,2375,2460,1,0,0,9,0,423;102;76;88;396;237;757;405;191
1,2360,2448,1,0,96,9,3,433;117;91;88;396;252;757;439;191
1,2358,2426,1,0,86,9,1,440;118;93;88;396;254;757;441;191
1,2354,2424,1,0,87,9,1,444;118;96;88;426;258;757;445;191
1,2352,2428,1,0,75,9,1,446;118;96;124;428;260;757;447;191
1,2348,2621,1,0,92,9,6,450;118;96;128;432;264;757;451;414
1,2339,2393,1,0,69,8,1,459;118;112;137;441;273;757;460
1,2329,2400,1,0,64,8,1,469;118;122;147;451;283;757;470
0,2273,2349,1,0,0,9,0,43;525;118;178;203;507;339;757;526
1,2250,2464,1,1,95,9,5,66;548;118;201;226;520;362;934;549
1,2198,2487,1,0,66,7,4,118;589;118;232;278;562;414
1,2235,2502,1,0,71,8,4,81;563;118;216;241;537;377;949
1,2165,2398,1,1,58,6,3,151;589;118;264;311;615
1,2173,2242,1,1,54,7,1,143;589;118;264;303;562;439
1,2154,2224,1,0,51,6,1,3;162;589;118;267;322
0,2156,2238,1,1,0,6,0,1;160;589;118;264;320
1,2137,2221,1,0,65,7,1,20;179;4;589;118;267;339
1,2145,2209,1,0,62,6,1,12;168;589;118;267;331
1,2115,2366,1,1,80,7,3,42;201;26;589;320;296;356
1,2131,2220,1,1,60,7,1,26;185;10;589;118;296;345
1,2079,2138,1,0,84,9,2,0;22;78;237;62;589;320;325;356
1,2081,2163,1,0,77,8,1,20;76;231;60;589;320;325;356
0,2066,2144,1,1,0,9,0,13;35;91;250;75;589;320;340;356
1,2070,2342,1,1,75,9,3,9;31;87;246;71;589;320;340;356
1,2064,2291,1,0,58,9,2,15;37;93;252;76;589;320;387;412
1,2065,2121,1,1,60,9,1,14;36;92;251;76;589;320;340;411
1,11413,11471,1,0,85,13,2,14;48;192;173;84;70;454;772;433;403;425;728;617
1,11407,11496,1,0,91,13,4,20;54;202;179;90;76;460;772;433;403;425;728;617
1,11400,11652,1,0,112,13,6,27;61;209;186;97;83;467;772;433;403;425;728;715
1,11363,11615,1,0,104,13,6,64;98;246;13;223;134;120;486;772;433;403;425;832
1,11362,11430,1,1,111,13,4,65;99;247;14;224;135;121;486;772;433;436;425;833
1,11347,11587,1,1,86,12,3,80;114;262;29;239;150;136;511;772;433;436;425
1,11328,11595,1,1,90,12,6,99;133;281;48;258;168;155;511;772;433;436;644
1,11324,11383,1,0,86,12,4,103;137;285;52;262;168;159;511;772;433;521;648
0,11317,11367,1,1,0,12,0,110;144;292;59;269;168;166;511;772;433;521;655
1,11315,11522,1,0,81,12,7,112;146;294;61;271;168;168;511;772;624;521;657
1,11304,11356,1,0,86,12,1,123;157;305;72;282;168;179;512;772;635;521;668
0,11266,11322,1,0,0,11,0,161;195;343;95;320;168;217;512;772;673;661
1,11266,11535,1,1,86,11,6,161;195;343;95;320;168;217;512;772;673;661
1,11263,11348,1,1,80,11,1,164;198;346;95;323;234;220;512;772;676;664
1,11259,11323,1,0,81,11,5,168;202;350;95;327;238;224;512;775;680;668
1,11257,11334,1,1,80,11,5,170;204;352;95;329;240;226;512;832;682;670
1,11643,11880,1,0,74,12,7,224;561;296;284;329;552;472;567;288;674;836;839
1,11647,11889,1,0,74,12,8,2;557;292;280;325;548;468;567;284;674;832;835
1,11616,11694,1,0,84,12,3,251;588;323;311;356;579;499;574;315;674;863;866
1,11625,11713,1,0,68,12,1,242;579;314;302;332;570;490;574;306;674;854;857
1,11592,11677,1,1,69,13,4,17;275;612;347;335;380;603;523;643;339;674;887;890
1,11615,11686,1,0,69,12,1,252;589;324;312;357;580;500;626;316;674;864;867
1,11557,11625,1,0,64,13,2,52;29;310;647;382;370;415;638;544;684;374;770;922
1,11571,11656,1,1,93,14,4,38;15;296;633;368;356;401;624;544;643;360;756;908;911
1,11520,11588,1,1,76,12,3,89;66;347;684;419;403;425;675;595;721;411;807
1,11544,11614,1,1,75,13,4,65;42;323;660;385;383;425;651;571;697;387;783;935
1,11466,11535,1,1,66,12,2,143;120;31;17;401;715;433;403;425;728;612;775
1,11494,11579,1,0,81,12,4,115;92;3;373;710;422;403;425;701;612;747;437
1,11435,11485,1,0,85,12,2,26;174;151;62;48;432;769;433;403;425;728;612
1,11449,11513,1,0,72,13,1,12;160;137;48;34;418;755;433;403;425;728;612;792
1,11415,11653,1,0,84,13,6,12;46;192;157;82;68;452;772;433;403;425;728;617
1,11420,11502,1,1,84,13,4,7;41;189;157;77;63;447;772;433;403;425;728;614
1,11900,11980,1,0,40,12,1,304;39;27;72;295;215;341;31;427;579;469;434
1,11878,12102,1,0,44,12,6,326;61;49;81;317;237;359;53;449;601;604;434
1,11910,11975,1,0,32,12,1,294;29;17;19;285;205;329;21;417;569;469;434
1,11905,11988,1,0,44,12,3,299;34;22;67;290;210;329;26;422;574;469;434
1,11823,11883,1,0,37,13,1,2;381;116;104;81;372;292;418;108;504;656;625;574
1,11821,11907,1,0,52,13,3,2;383;118;106;151;374;294;420;110;506;658;625;576
1,11870,11958,1,0,41,12,1,334;69;57;81;325;245;371;61;457;609;612;434
1,11824,12091,1,0,50,13,9,2;380;115;103;81;371;291;384;107;503;655;625;573
1,11731,11975,1,0,73,12,6,2;473;208;196;241;464;384;510;200;596;731;751
0,11716,11768,1,0,0,12,0,2;482;223;211;256;479;399;525;215;611;731;766
0,11813,11867,1,0,0,13,0,2;391;126;114;159;382;302;428;116;514;666;625;584
1,11781,11869,1,0,62,13,2,2;423;158;146;191;414;334;460;150;546;698;625;616
1,11649,11936,1,1,64,12,11,2;553;290;278;315;546;466;567;282;674;830;833
1,11648,11722,1,0,69,12,4,2;556;291;279;315;547;467;567;283;674;831;834
1,11701,11767,1,0,64,12,4,2;503;238;226;271;494;414;540;230;626;731;781
1,11700,11764,1,0,52,12,2,2;504;239;227;272;495;415;541;231;627;737;782
1,12089,12353,1,1,85,13,9,115;106;26;152;238;390;393;308;383;483;970;417;559
1,12110,12177,1,1,70,13,3,94;85;5;131;217;369;372;287;362;335;970;417;559
1,12132,12193,1,0,64,13,3,72;63;109;195;347;350;265;340;335;970;407;559;749
1,12141,12211,1,0,85,14,3,63;54;100;186;338;341;256;331;335;970;403;559;740;1193
1,12046,12105,1,1,91,13,1,158;149;69;195;281;433;436;351;426;526;970;417;689
1,12052,12116,1,1,95,13,4,152;143;63;189;275;409;430;345;420;520;970;417;683
1,12062,12308,1,1,105,13,8,142;133;53;179;265;409;420;335;410;510;970;417;640
1,12074,12129,1,1,98,13,4,130;121;41;167;253;405;408;323;398;498;970;417;619
1,12010,12064,1,0,87,12,2,194;185;105;231;317;469;469;387;462;562;1119;418
1,12020,12286,1,0,111,13,11,172;175;95;221;305;459;462;377;452;552;1109;418;715
1,12029,12267,1,0,105,13,8,172;166;86;212;298;450;453;368;443;543;1100;417;706
1,12038,12255,1,0,106,13,9,166;157;77;203;289;441;444;359;434;534;970;417;697
1,11920,11997,1,0,45,13,1,284;19;7;19;275;195;303;11;407;559;469;434;552
1,11953,12021,1,0,69,12,1,251;19;242;162;288;374;526;469;434;519;619;1176
1,11963,12171,1,1,59,13,7,241;9;232;152;278;364;508;469;434;509;609;1166;599
1,12010,12073,1,1,80,12,2,194;185;105;231;305;469;469;387;462;562;1119;418
1,12308,12393,1,1,71,17,3,19;171;174;89;51;237;821;254;427;573;1026;613;609;586;464;395;471
1,12287,12339,1,0,71,16,4,40;175;195;110;51;267;842;275;448;594;1047;634;630;607;485;416
1,12282,12334,1,0,77,16,3,45;197;200;115;51;267;847;280;453;599;1052;639;635;612;490;421
1,12268,12332,1,0,73,16,4,59;211;214;129;51;304;861;294;467;613;1060;653;649;626;504;435
1,12337,12581,1,0,114,18,14,142;145;60;51;235;792;204;374;544;997;584;580;557;435;366;442;659;843
1,12323,12394,1,1,107,19,3,4;156;159;74;51;237;806;213;374;558;1011;598;594;571;449;380;456;659;857
1,12321,12406,1,0,91,19,5,6;158;161;76;51;237;808;213;374;560;1013;600;596;573;451;382;458;734;859
1,12317,12371,1,0,72,17,3,10;162;165;80;51;237;812;213;418;564;1017;604;600;577;455;386;462
1,12197,12250,1,0,91,15,3,7;44;130;282;285;200;275;335;932;365;538;684;1060;724;720
1,12181,12270,1,0,60,15,3,23;14;60;146;298;301;203;291;335;948;381;554;700;1060;740
1,12156,12211,1,0,85,14,4,48;39;85;171;323;326;241;293;335;970;403;559;725;1060
1,12153,12432,1,1,82,14,12,51;42;88;174;326;329;244;293;335;970;403;559;728;1181
1,12243,12293,1,0,100,15,2,84;236;239;154;102;318;886;319;492;638;1060;678;674;651;529
1,12223,12427,1,0,92,15,7,18;104;256;259;171;249;318;906;339;512;658;1060;698;694;671
1,12220,12297,1,1,85,15,3,21;107;259;262;177;252;318;909;342;515;661;1060;701;697;674
1,12199,12263,1,0,79,15,2,5;42;128;280;283;198;273;318;930;363;536;682;1060;722;718
1,12555,12624,1,1,79,16,2,17;574;7;180;282;779;209;362;339;217;148;224;500;625;430;418
1,12568,12835,1,1,79,15,10,4;561;167;282;766;209;349;326;204;135;211;487;612;417;405
1,12535,12587,1,1,70,16,3,37;594;27;200;286;799;386;382;359;237;168;244;520;645;450;435
1,12545,12833,1,0,77,16,9,27;584;17;190;282;789;376;372;349;227;158;234;510;635;440;428
1,12614,12669,1,0,45,14,2,515;23;267;720;181;303;280;158;89;165;441;566;371;359
1,12618,12707,1,1,51,14,4,511;23;263;716;181;299;234;154;85;161;437;562;367;355
1,12573,12798,1,0,74,14,7,556;23;282;761;209;344;321;199;130;206;482;607;412;400
1,12588,12648,1,0,53,14,3,541;23;282;746;181;329;306;184;115;191;467;592;397;385
1,12470,12524,1,0,71,19,2,9;12;2;102;659;92;265;286;864;451;447;424;302;233;309;585;691;515;503
1,12471,12538,1,0,86,19,3,8;11;1;101;658;91;264;286;863;450;446;423;301;232;308;584;691;465;502
1,12347,12401,1,0,91,18,1,132;135;50;51;225;782;204;374;534;987;574;570;547;425;356;432;659;691
1,12409,12661,1,0,114,18,9,70;73;51;163;720;153;326;472;925;512;508;485;363;294;370;646;691;576
1,12503,12562,1,0,77,16,3,69;626;30;232;286;831;418;414;391;269;200;276;524;677;465;435
1,12510,12598,1,1,78,16,3,62;619;30;225;286;824;411;407;384;262;193;269;524;666;465;435
1,12482,12545,1,2,72,17,2,0;90;647;30;253;286;852;439;435;412;290;221;297;573;691;465;491
1,12498,12554,1,0,70,16,2,74;631;30;237;286;836;423;419;396;274;205;281;557;682;465;435
1,12791,12879,1,1,42,11,2,320;90;543;130;8;103;264;353;194;182;719
1,12788,12870,1,1,67,11,3,341;93;546;133;8;106;267;353;197;185;719
1,12817,13111,1,0,40,11,5,312;64;517;104;8;77;238;349;168;156;719
1,12796,12858,1,1,42,11,2,320;85;521;125;8;98;259;353;189;177;719
1,12831,12903,1,0,34,11,2,298;50;483;90;8;63;224;349;154;142;469
1,12820,12883,1,0,40,11,2,309;61;514;101;8;74;235;349;165;153;469
1,12841,12930,1,0,29,11,3,288;40;483;76;8;53;214;330;144;132;469
1,12831,12911,1,0,35,11,3,298;50;483;90;8;63;224;330;154;142;469
1,12699,12927,1,0,52,14,6,430;13;182;635;181;218;195;73;4;80;356;481;286;274
1,12692,12763,1,0,52,14,3,437;23;189;642;181;225;202;80;11;87;363;488;293;281
1,12730,12955,1,0,47,13,7,399;5;151;604;181;8;164;42;49;325;450;255;243
1,12715,12930,1,0,52,13,5,414;13;166;619;181;8;179;57;64;340;465;270;258
1,12740,12791,1,0,34,12,2,389;141;594;181;8;154;32;39;315;404;245;233
1,12733,12790,1,0,40,13,2,396;2;148;601;181;8;161;39;46;322;435;252;240
1,12781,12849,1,0,52,11,3,348;100;553;135;8;113;274;353;204;192;778
1,12753,12808,1,0,54,13,3,376;128;581;168;8;141;19;26;302;353;232;220;806
1,12936,12996,1,0,42,7,1,193;398;119;233;17;37;469
1,12941,12991,1,0,41,7,1,188;378;114;233;17;32;469
1,12947,13033,1,0,51,8,2,182;378;108;233;17;13;469;699
1,12977,13047,1,0,65,8,2,152;341;78;203;8;469;669;592
0,12980,13047,1,0,0,8,0,149;341;75;200;5;469;643;589
1,12985,13273,1,0,70,8,5,144;341;70;195;0;469;643;584
1,13021,13287,1,0,57,7,2,108;313;34;159;469;625;548
1,13022,13090,1,0,66,7,1,107;312;33;158;469;624;395
1,12847,13080,1,0,25,11,3,282;34;483;74;8;47;208;330;136;126;469
0,12859,12927,1,1,0,11,0,270;22;475;62;8;35;196;321;108;114;469
1,12861,13063,1,0,40,11,3,268;20;473;60;8;33;194;319;108;112;469
1,12872,12938,1,0,41,11,2,257;9;462;49;8;22;183;308;108;94;469
1,12904,12969,1,1,31,9,2,225;430;17;8;151;276;67;69;469
1,12912,12989,1,0,41,9,2,217;422;9;5;143;258;67;61;469
1,12916,12988,1,1,40,9,2,213;418;5;1;139;233;67;57;469
1,12928,12993,1,0,29,7,1,201;406;127;233;17;45;469
0,13150,13227,1,0,0,6,0,184;30;409;496;382;484
1,13163,13218,1,0,44,7,3,171;17;396;483;382;484;939
1,13132,13195,1,0,49,6,1,202;48;427;506;395;680
0,13144,13231,1,0,0,6,0,190;36;415;502;382;484
1,13131,13218,1,0,49,6,1,203;49;428;515;395;681
1,13132,13430,1,0,54,6,4,202;48;427;506;382;680
1,13063,13327,1,1,53,6,3,66;271;117;469;583;395
1,13089,13150,1,0,58,7,1,40;245;91;469;557;395;723
1,13257,13328,1,0,49,8,2,77;178;389;312;451;845;627;314
1,13268,13526,1,0,45,8,4,66;178;378;301;451;834;616;303
1,13223,13307,1,0,40,7,2,111;336;423;346;451;852;661
1,13226,13524,1,0,36,7,4,108;333;420;343;451;849;658
1,13194,13268,1,1,36,7,2,140;365;452;355;451;908;690
1,13207,13436,1,0,46,7,3,127;352;439;355;451;862;677
1,13164,13246,1,0,44,7,3,170;16;395;482;382;460;938
1,13164,13398,1,0,54,7,3,170;16;395;482;382;451;938
1,13349,13416,1,0,53,8,2,75;297;220;443;753;535;222;767
1,13319,13583,1,0,70,9,4,15;75;327;250;443;783;556;252;797
1,13301,13381,1,1,69,9,2,33;178;345;265;443;801;556;270;815
1,13301,13358,1,0,65,9,1,33;178;345;265;443;783;556;270;815
1,13300,13351,1,0,65,9,2,34;178;346;265;443;802;566;271;816
1,13275,13338,1,0,77,8,3,59;178;371;265;443;827;609;296
1,13274,13494,1,1,69,8,3,60;178;372;285;443;828;610;297
1,13272,13342,1,0,70,8,2,62;178;374;297;443;830;612;299
1,13451,13672,1,0,82,10,6,75;195;118;361;651;433;120;665;870;647
1,13434,13513,1,0,86,10,2,75;212;125;378;668;450;137;682;887;664
0,13423,13510,1,0,0,10,0,75;223;125;389;679;450;148;693;898;675
1,13418,13494,1,0,84,10,2,75;228;151;394;684;450;153;698;903;680
1,13403,13483,1,0,75,10,2,75;243;166;409;699;479;168;713;918;695
0,13388,13459,1,0,0,8,0,75;258;181;424;714;479;183;728
1,13371,13428,1,1,54,8,1,75;275;198;441;731;504;200;745
1,13357,13415,1,1,49,8,1,75;289;212;443;745;527;214;759
0,13528,13614,1,0,0,10,0,31;109;41;284;574;356;43;588;793;570
1,13538,13611,1,0,65,10,1,21;108;31;274;564;346;33;578;783;560
1,13538,13612,1,0,65,10,2,21;108;31;274;539;346;33;578;783;560
1,13538,13623,1,1,64,10,3,21;108;31;274;539;346;33;578;758;560
0,13472,13549,1,0,0,10,0,75;174;97;340;630;412;99;644;797;626
1,13498,13551,1,0,65,10,1,61;148;71;314;604;386;73;618;797;600
1,13517,13578,1,0,70,10,4,42;129;52;295;580;367;54;599;797;581
0,13520,13599,1,0,0,10,0,39;109;49;292;580;364;51;596;797;578
1,13583,13799,1,0,71,9,6,63;221;519;301;533;738;337;577;919
1,13585,13670,1,0,70,9,2,61;57;517;299;531;736;337;575;917
0,13630,13717,1,0,0,9,0,16;57;472;254;486;691;337;530;872
1,13653,13720,1,1,81,8,2,57;449;231;463;668;337;507;849
1,13542,13627,1,0,53,10,1,17;104;27;270;539;318;29;574;758;556
1,13548,13769,1,0,50,10,1,11;98;21;264;533;318;23;568;758;550
0,13561,13647,1,0,0,10,0,85;8;251;533;318;10;555;758;337;599
1,13571,13821,1,0,70,10,6,75;241;531;313;0;545;750;337;589;931
1,13790,13865,1,0,69,11,2,22;312;90;319;531;308;370;712;659;1168;589
1,13778,13851,1,0,69,11,2,34;324;106;319;543;320;382;724;671;1180;589
1,13813,14051,1,1,76,13,6,289;41;303;508;285;347;689;636;1145;589;825;616;673
1,13805,13876,1,1,80,13,2,7;297;79;311;516;293;355;697;644;1153;589;833;624
1,13761,13836,1,0,76,11,2,51;341;123;355;560;337;399;741;688;1197;808
1,13720,13797,1,1,60,8,2,57;382;164;396;601;337;440;782
1,13768,13834,1,0,70,11,2,44;334;116;319;553;330;392;734;681;1190;801
1,13768,14042,1,0,81,11,6,44;334;107;319;553;330;392;734;681;1190;801
1,13918,13984,1,0,91,14,1,184;198;403;180;242;584;531;873;589;595;511;568;586;539
1,13883,13951,1,0,90,14,4,219;1;233;438;215;277;619;566;873;589;595;546;603;621
1,13938,14012,1,0,90,14,1,164;178;380;160;222;564;511;873;589;595;491;548;566;519
1,13925,13981,1,0,91,14,1,177;191;389;173;235;577;524;873;589;595;504;561;579;532
0,13848,13909,1,1,0,14,0,254;36;268;473;250;312;654;601;1095;589;595;581;638;656
1,13834,14048,1,0,71,13,5,268;41;282;487;264;326;668;615;1095;589;804;595;652
0,13857,13910,1,0,0,14,0,245;27;259;464;241;303;645;592;873;589;595;572;629;647
1,13852,14088,1,0,85,14,6,250;32;264;469;246;308;650;597;1095;589;595;577;634;652
0,13948,14011,1,1,0,14,0,154;168;363;150;212;554;501;873;589;595;481;538;556;509
1,13976,14028,1,0,93,14,3,126;140;345;122;184;526;473;873;589;563;453;510;528;481
0,13942,14013,1,1,0,14,0,160;174;363;156;218;560;507;873;589;595;487;544;562;515
1,13948,14157,1,0,92,14,5,154;168;363;150;212;554;501;873;589;595;481;538;556;509
1,14006,14299,1,1,69,14,5,96;110;315;92;154;496;443;873;563;563;423;470;485;451
1,14029,14094,1,0,74,14,4,73;87;292;69;131;473;420;873;540;563;400;457;475;169
1,13978,14063,1,0,98,14,4,124;138;343;120;182;524;471;873;589;563;451;470;526;479
1,13989,14057,1,0,96,14,4,113;122;332;109;171;513;460;873;580;563;440;470;515;468
1,14060,14359,1,0,55,14,8,42;43;261;25;100;442;389;873;509;563;369;426;444;169
1,14068,14293,1,1,63,14,6,34;43;253;25;92;434;381;608;501;563;361;418;436;169
1,14035,14086,1,0,70,14,2,67;81;286;63;125;467;414;873;534;563;394;451;461;169
1,14054,14124,1,1,46,14,4,48;62;267;25;106;448;395;873;515;563;375;432;450;169
1,14142,14221,1,1,98,13,3,179;18;360;307;608;337;496;287;344;362;169;715;858
1,14150,14227,1,0,104,13,1,171;10;352;299;608;337;488;279;336;337;169;707;850
1,14080,14133,1,0,57,15,1,22;36;241;18;80;422;369;608;337;558;349;406;424;169;777
0,14104,14169,1,0,0,14,0,12;217;56;398;345;608;337;534;325;382;400;169;753;896
1,14226,14310,1,0,83,14,1,95;276;223;608;337;412;203;260;278;169;531;774;873;481
1,14189,14406,1,0,112,12,3,132;313;260;608;337;449;240;297;311;169;668;811
1,14186,14275,1,1,105,12,3,135;316;263;608;337;452;243;300;318;169;671;814
1,14161,14243,1,1,84,12,1,160;341;288;608;337;458;268;325;337;169;696;839
1,14253,14342,1,1,71,15,2,68;249;196;608;316;385;169;228;251;169;531;747;806;454;658
1,14247,14310,1,1,87,15,3,74;255;202;608;322;391;169;228;257;169;531;753;852;460;664
1,14246,14325,1,0,75,15,5,75;256;203;608;323;392;169;240;258;169;531;754;853;461;665
1,14231,14299,1,0,83,14,5,90;271;218;608;337;407;169;255;273;169;531;769;868;476
1,14281,14332,1,0,86,16,3,40;221;168;608;288;331;130;205;223;169;529;637;806;426;630;920
1,14271,14332,1,0,91,16,3,50;231;178;608;298;367;130;215;233;169;529;637;806;436;640;930
1,14266,14334,1,0,57,16,1,55;236;183;608;303;372;130;220;238;169;531;637;806;441;645;935
1,14263,14545,1,1,78,16,10,58;239;186;608;306;375;130;223;241;169;531;737;806;444;648;938
1,14345,14611,1,1,44,16,7,157;104;608;224;293;84;141;159;112;512;632;754;362;562;856;567
1,14333,14402,1,0,37,16,5,169;116;608;232;305;96;153;171;124;524;632;766;374;578;868;579
1,14296,14511,1,0,75,16,6,25;206;153;608;232;331;112;190;208;161;529;637;803;411;615;905
1,14291,14369,1,1,72,16,5,30;211;158;608;278;331;112;195;213;166;529;637;806;416;620;910
1,14352,14407,1,0,44,16,3,150;97;606;217;286;77;134;152;105;505;632;747;355;559;766;560
1,14368,14456,1,0,39,16,5,134;81;590;201;270;61;118;136;89;489;609;731;339;543;766;544
1,14432,14497,1,0,41,15,3,70;17;526;137;206;54;72;25;425;568;667;275;479;766;480
1,14439,14521,1,0,41,15,1,63;10;519;130;199;47;65;18;418;561;660;268;472;762;473
1,14443,14524,1,0,40,15,4,59;6;515;126;195;43;61;14;387;557;656;264;468;758;469
1,14458,14524,1,0,50,13,2,44;500;111;180;28;46;387;542;624;249;453;743;454
1,14474,14526,1,0,55,14,1,28;484;95;164;12;30;383;517;624;233;437;727;438;950
1,14479,14562,1,0,57,14,2,23;479;90;159;7;25;357;517;620;228;432;722;433;945
1,14487,14568,1,0,47,13,3,15;471;82;151;17;357;513;612;220;424;686;425;937
1,14504,14555,1,1,51,12,2,454;65;134;0;353;496;595;176;407;686;408;920
1,14543,14830,1,0,94,13,9,415;26;95;314;457;556;164;368;658;369;881;621;522
1,14543,14604,1,0,81,13,4,415;26;95;314;281;556;164;368;658;369;881;621;522
1,14560,14623,1,1,59,13,1,398;9;62;297;281;539;147;351;641;352;864;604;505
1,14588,14665,1,0,44,12,2,370;50;269;281;511;119;323;613;324;836;576;477
0,14593,14655,1,0,0,12,0,365;45;264;281;506;114;318;608;319;831;540;472
1,14603,14658,1,0,66,12,1,355;35;254;281;496;104;308;598;309;821;540;462
1,14682,14750,1,0,87,15,1,276;175;281;417;25;229;519;213;742;482;383;947;547;178;740
1,14635,14719,1,1,73,14,1,323;3;222;281;464;72;276;566;277;789;529;430;994;594
1,14704,14956,1,0,99,15,13,254;153;281;395;3;207;497;208;720;460;361;762;525;156;718
1,14700,14956,1,0,100,15,13,258;157;281;399;7;211;501;212;724;464;365;929;529;160;722
1,14715,14786,1,0,111,14,5,243;142;281;384;196;486;197;709;449;350;631;514;145;707
1,14711,15010,1,0,108,14,11,247;146;281;388;200;490;201;713;453;354;762;518;149;711
1,14733,14810,1,1,115,14,2,225;124;267;366;146;468;179;691;431;332;631;496;127;689
0,14721,14776,1,1,0,14,0,237;136;279;378;146;480;191;703;443;344;631;508;139;701
1,14766,14838,1,1,105,14,2,192;91;234;333;117;432;146;658;398;299;631;463;94;656
1,14759,14815,1,0,108,14,4,199;98;241;340;146;432;153;665;405;306;631;470;101;663
1,14780,14841,1,0,108,14,4,178;77;220;319;117;411;132;390;384;285;631;449;80;642
1,14776,15064,1,1,100,14,7,182;81;224;323;117;411;136;648;388;289;631;453;84;646
1,14798,14872,1,1,102,14,5,160;59;202;301;113;403;114;390;366;267;631;431;62;624
1,14789,14872,1,1,86,14,2,169;68;211;310;114;411;123;390;375;276;631;440;71;633
1,14816,14877,1,1,88,14,2,142;41;184;283;95;385;96;390;348;197;631;413;44;606
1,14813,14885,1,1,101,14,1,145;44;187;286;98;388;99;390;351;197;631;416;47;609
1,8125,8207,1,0,54,8,2,441;13;52;4;48;265;598;714
0,8127,8182,1,0,0,8,0,439;11;52;2;46;240;596;712
0,8081,8139,1,0,0,9,0,485;57;101;48;12;92;309;642;758
1,8115,8181,1,0,47,8,2,451;23;67;14;58;275;608;724
1,8168,8256,1,0,27,7,1,398;14;5;208;555;671;775
1,8185,8261,1,0,55,6,1,381;205;538;628;758;922
0,8137,8192,1,0,0,7,0,429;1;45;36;240;586;702
1,8150,8217,1,1,50,6,1,416;32;23;240;573;689
0,7870,7942,1,1,0,12,0,669;268;31;312;259;27;135;303;520;134;150;648
1,7875,8109,1,1,122,12,3,669;263;26;307;254;27;135;298;500;134;145;648
1,7861,7947,1,0,112,12,4,669;277;40;321;268;27;232;312;529;170;159;648
1,7870,8079,1,1,123,12,6,669;268;31;312;259;27;135;303;520;134;150;648
1,7959,8016,1,0,74,12,1,607;140;152;170;27;134;214;431;72;61;648;880
0,8080,8135,1,0,0,9,0,486;58;102;49;13;93;310;643;759
1,7877,8123,1,1,124,12,5,669;140;24;305;252;27;135;296;500;134;143;648
1,7937,8161,1,0,91,12,6,629;140;153;192;27;135;236;453;94;83;648;902
0,7836,7892,1,0,0,12,0,686;302;65;346;293;27;257;315;554;195;184;648
1,7832,8032,1,0,109,12,8,686;306;69;350;297;161;261;315;558;199;188;648
1,7809,8098,1,0,124,12,6,686;329;92;373;320;184;284;315;581;222;211;914
0,7796,7877,1,1,0,12,0,686;342;105;386;333;197;297;315;594;235;224;927
1,7861,8092,1,0,98,12,6,669;277;40;321;268;27;232;312;529;134;159;648
1,7857,7912,1,1,101,12,1,684;281;44;325;272;27;236;315;533;174;163;648
1,7852,7907,1,0,105,12,1,685;286;49;330;277;27;241;315;538;179;168;648
1,7841,7920,1,0,93,12,1,686;297;60;341;288;27;252;315;549;190;179;648
0,7680,7758,1,1,0,13,0,6;686;458;221;502;72;439;313;413;493;710;351;340
1,7641,7713,1,0,141,13,2,45;686;497;260;541;111;488;352;452;532;749;390;379
1,7614,7698,1,0,141,15,4,10;72;21;703;524;287;568;138;515;379;479;559;768;417;406
0,7614,7681,1,0,0,15,0,10;72;21;686;524;287;568;138;515;379;479;559;768;417;406
0,7766,7838,1,0,0,12,0,686;372;135;416;363;227;327;315;624;265;254;957
1,7746,7985,1,0,125,12,9,686;392;155;436;6;383;247;347;427;644;277;274
0,7745,7822,1,1,0,12,0,686;393;156;437;7;384;248;348;428;645;277;275
1,7710,7767,1,0,133,12,3,686;428;191;472;42;419;283;383;463;680;321;310
1,7418,7634,1,0,168,11,10,206;268;217;1105;720;483;685;334;711;575;675
1,7439,7701,1,0,142,12,11,185;247;196;1105;699;462;666;313;690;554;654;734
0,7469,7536,1,1,0,12,0,155;217;166;1097;669;432;666;283;556;524;624;704
1,7475,7536,1,1,160,12,2,149;211;160;1091;663;426;666;277;556;518;618;698
0,7513,7564,1,0,0,13,0,111;173;122;1053;625;388;660;239;556;480;580;660;877
1,7588,7671,1,0,157,15,2,36;98;47;978;550;313;594;164;541;405;505;585;802;443;432
0,7595,7651,1,0,0,15,0,29;91;40;971;543;306;587;157;534;398;498;578;768;436;425
1,7605,7891,1,0,149,15,9,19;81;30;961;533;296;577;147;524;388;488;568;768;426;415
1,7240,7537,1,0,117,9,7,33;384;422;395;1261;898;661;942;512
0,7242,7312,1,1,0,9,0,33;382;422;393;1136;896;659;940;510
1,7258,7500,1,1,130,9,8,33;366;422;377;1136;880;643;924;494
0,7279,7343,1,2,0,9,0,17;345;407;356;1134;859;622;903;473
1,7304,7379,1,1,116,8,2,320;382;331;1134;834;597;878;448
0,7345,7400,1,1,0,8,0,279;341;290;1105;793;556;837;407
0,7372,7434,1,0,0,8,0,252;314;263;1105;766;529;810;380
1,7417,7651,1,1,169,11,10,207;269;218;1105;721;484;765;335;712;576;676
0,7121,7200,1,1,0,5,0,95;175;503;422;514
0,7066,7128,1,0,0,5,0,150;178;558;422;569
1,7163,7459,1,0,81,6,4,53;133;461;422;472;1403
0,7129,7211,1,0,0,5,0,87;167;495;422;506
1,7188,7266,1,0,79,7,1,28;108;436;422;447;1261;950
1,7184,7415,1,0,98,7,5,32;112;440;422;451;1271;954
0,7220,7281,1,1,0,6,0,33;404;422;395;1261;918
1,7197,7273,1,0,94,7,2,19;33;427;422;438;1261;941
1,6949,7030,1,1,44,6,1,35;39;16;227;50;347
0,6948,7029,1,0,0,6,0,36;39;17;227;50;348
0,7022,7111,1,0,0,5,0,194;12;274;602;664
0,6993,7049,1,0,0,6,0,7;223;28;303;631;693
1,7038,7124,1,0,55,5,1,173;258;586;648;597
1,7034,7113,1,0,70,6,1,182;0;262;590;652;601
1,7065,7272,1,0,79,5,1,151;231;559;422;570
1,7041,7292,1,0,91,5,3,173;236;583;645;594
1,9189,9267,1,0,86,13,1,77;7;25;214;534;364;234;263;633;403;870;828;590
1,9247,9332,1,0,82,12,3,19;156;492;364;176;205;575;345;812;770;590;535
1,9155,9385,1,1,98,13,5,111;41;59;248;584;364;268;297;667;437;904;862;736
1,9186,9257,1,0,80,13,1,80;10;28;217;553;364;237;266;636;406;873;831;590
1,9085,9171,1,0,54,14,3,20;181;25;111;129;318;21;633;364;338;367;737;507;974
0,9147,9207,1,1,0,13,0,119;49;67;256;592;364;276;305;675;445;912;870;744
1,9073,9156,1,1,64,14,2,34;193;37;123;141;330;33;666;364;350;379;749;519;986
1,9074,9134,1,0,54,14,2,20;192;36;122;140;329;32;665;364;349;378;748;518;985
1,9039,9305,1,0,57,14,6,68;10;227;58;157;175;364;67;700;584;384;413;783;553
1,9044,9130,1,0,55,14,3,63;5;222;58;152;170;359;62;695;364;379;408;778;548
1,8953,9028,1,1,64,12,2,154;96;313;157;243;249;450;153;786;586;470;499
1,9026,9101,1,0,54,14,1,81;23;240;84;170;188;377;80;713;586;397;426;796;566
1,8919,8977,1,0,52,12,3,24;188;130;347;191;277;295;484;187;798;586;504
1,8939,9002,1,0,55,12,3,4;168;110;327;171;257;275;464;167;798;586;484
0,8893,8981,1,0,0,11,0,50;214;156;364;217;303;321;510;213;798;586
0,8912,8991,1,1,0,11,0,31;195;137;354;198;284;302;491;194;798;586
1,8874,8944,1,0,81,11,1,69;233;175;385;236;322;340;525;232;798;586
1,8873,8934,1,1,80,11,3,70;234;176;385;237;323;341;530;233;798;586
1,8871,8931,1,0,84,11,3,72;236;178;385;239;325;343;532;235;798;590
1,8862,9099,1,0,80,11,8,81;245;187;385;239;334;352;541;244;798;591
1,8858,9105,1,0,81,11,5,85;249;191;385;239;338;356;545;248;798;765
1,8855,8934,1,0,75,11,1,88;252;194;411;239;341;359;548;251;798;768
1,8846,8924,1,1,74,11,1,97;261;203;420;264;350;368;555;260;798;777
1,8840,9071,1,0,82,11,8,103;267;209;426;267;356;374;555;266;899;783
1,8812,8892,1,0,59,11,1,27;131;295;237;454;298;384;402;591;294;927
1,8812,8868,1,0,64,11,3,27;131;295;237;454;267;384;402;591;294;927
1,8749,8814,1,1,50,12,1,90;194;358;300;11;517;361;447;465;654;357;990
1,8694,8759,1,1,69,13,2,8;145;238;413;355;66;572;416;493;520;709;412;1045
1,8679,8737,1,0,61,13,2,44;160;238;428;370;81;587;431;493;521;724;427;1060
1,8678,8741,1,0,50,13,3,45;161;265;429;371;82;588;432;493;521;725;428;1061
1,8640,8711,1,0,52,10,2,83;199;303;461;409;120;626;470;493;521
1,8634,8717,1,1,55,10,2,89;205;309;461;415;126;632;476;493;580
1,8575,8644,1,1,63,10,3,148;264;368;532;474;185;691;489;493;639
1,8593,8680,1,1,70,10,2,130;246;350;504;456;167;673;489;493;621
1,8621,8708,1,0,69,10,3,102;218;322;486;428;139;645;489;493;593
0,8624,8689,1,0,0,10,0,99;215;319;461;425;136;642;486;493;590
1,8503,8783,1,0,80,10,5,63;220;336;440;604;546;200;763;496;693
1,8507,8596,1,1,75,10,2,59;216;332;436;600;542;200;759;489;689
1,8514,8764,1,1,65,10,2,52;209;325;429;593;535;200;732;489;682
0,8528,8592,1,0,0,10,0,38;195;311;415;579;521;200;732;489;493
0,8436,8502,1,0,0,9,0,130;287;403;507;657;613;200;822;497
0,8476,8540,1,0,0,10,0,90;247;363;467;631;573;200;790;497;720
0,8490,8567,1,0,0,10,0,76;233;349;453;617;559;200;776;497;706
1,8501,8583,1,0,79,10,2,65;222;338;442;606;548;200;765;497;695
1,8398,8669,1,0,66,9,8,168;325;441;522;657;651;362;868;712
1,8410,8636,1,0,60,9,3,156;313;429;522;657;639;350;856;700
1,8417,8487,1,0,55,9,1,149;306;422;522;657;632;343;849;497
1,8433,8725,1,0,79,9,7,133;290;406;510;657;616;327;822;497
1,8344,8401,1,0,75,9,1,222;37;379;471;522;657;705;416;922
1,8336,8419,1,1,84,9,1,230;37;387;495;522;657;713;424;930
0,8346,8412,1,1,0,9,0,220;37;377;471;522;657;703;414;884
0,8346,8405,1,1,0,9,0,220;37;377;471;522;657;703;414;884
1,8329,8387,1,0,93,8,1,237;37;394;510;522;657;720;431
1,8326,8397,1,0,93,8,1,240;64;395;513;522;657;723;434
1,8335,8388,1,0,92,8,1,231;37;388;500;522;657;714;425
0,8333,8398,1,0,0,8,0,233;37;390;500;522;657;716;427
1,8280,8481,1,0,66,6,3,286;106;443;559;522;827
1,8260,8318,1,0,44,6,1,306;130;463;566;522;847
0,8323,8395,1,1,0,8,0,243;67;395;516;522;657;726;437
1,8307,8378,1,0,87,8,1,259;83;416;532;522;657;742;453
0,8201,8257,1,0,0,6,0,365;178;522;628;524;906
1,8191,8424,1,1,62,6,4,375;178;532;628;752;916
1,8231,8314,1,0,48,6,1,335;159;492;608;522;876
1,8220,8497,1,0,48,6,5,346;170;503;619;524;887
1,10255,10504,1,0,91,8,3,36;164;382;87;727;864;190;206
1,10236,10479,1,1,102,9,1,6;55;183;382;106;740;864;190;320
1,10236,10322,1,1,90,9,1,6;55;183;382;106;740;864;190;206
1,10229,10501,1,1,106,9,5,13;62;190;382;113;740;864;441;327
0,10283,10339,1,3,0,8,0,8;136;362;59;691;864;172;206
1,10279,10342,1,1,75,8,1,12;140;362;63;727;864;172;206
1,10266,10323,1,1,86,8,1,25;153;362;76;727;864;172;206
1,10255,10503,1,1,98,8,4,36;164;362;87;727;864;190;206
1,10328,10403,1,3,91,7,1,91;362;14;675;864;172;206
1,10310,10576,1,3,75,7,1,109;362;32;688;864;172;206
0,10297,10497,1,4,0,7,0,122;362;45;688;864;172;206
1,10290,10367,1,3,79,8,1,1;129;362;52;691;864;172;206
1,10377,10433,1,1,71,7,2,42;362;658;820;172;179;1050
1,10360,10424,1,1,71,7,1,59;362;666;837;172;196;1067
1,10349,10399,1,1,75,7,1,70;362;666;848;172;206;1078
1,10328,10409,1,7,93,7,1,91;362;14;666;864;172;206
1,9955,10240,1,0,74,10,7,104;62;133;244;336;187;31;464;814;387
1,9958,10235,1,0,68,10,3,101;59;130;244;333;184;31;303;814;384
1,9942,9992,1,1,57,11,2,117;75;146;244;349;200;6;75;477;860;400
1,9953,10013,1,0,70,10,3,106;64;135;244;338;189;64;466;814;389
1,10048,10122,1,0,68,8,2,11;40;181;243;94;303;754;294
0,10074,10129,1,1,0,8,0,14;168;217;68;288;728;268;976
1,9974,10185,1,1,69,10,2,85;43;114;244;317;168;31;303;814;368
1,10017,10071,1,0,74,10,1,42;0;71;181;274;125;0;303;785;325
1,10119,10336,1,0,82,9,5,123;172;23;288;674;223;931;1078;551
0,10139,10221,1,1,0,9,0,103;152;3;280;663;203;911;864;531
1,10076,10277,1,1,84,8,2,12;166;215;66;288;726;266;974
1,10091,10154,1,0,86,7,2,151;200;51;288;711;251;959
1,10199,10452,1,0,107,9,4,43;92;220;404;143;851;864;471;357
1,10224,10492,1,0,113,9,5,18;67;195;404;118;740;864;446;332
1,10142,10412,1,0,69,9,5,100;149;0;277;660;200;908;864;528
0,10176,10228,1,1,0,9,0,66;115;243;404;166;874;864;494;380
1,9585,9847,1,1,71,13,9,154;38;237;7;444;432;306;197;503;579;706;557;304
1,9582,9847,1,0,73,13,5,157;41;240;10;444;435;309;200;506;579;709;560;366
1,9595,9649,1,0,65,13,2,144;28;122;444;422;296;135;493;579;696;547;304;422
1,9591,9660,1,0,72,13,2,148;32;122;1;444;426;300;191;497;579;700;551;304
1,9650,9716,1,0,64,12,1,89;122;409;367;241;132;438;579;641;492;298;308
1,9648,9732,1,0,77,12,4,91;122;411;369;243;134;440;579;643;494;300;369
1,9677,9746,1,0,65,12,2,62;122;382;340;214;105;411;565;614;378;271;308
1,9668,9924,1,0,72,12,8,71;122;391;349;223;114;420;574;615;474;280;308
1,9754,9834,1,0,58,11,2,68;305;263;137;28;334;488;537;378;194;263
1,9689,9754,1,0,51,12,4,50;122;370;328;202;93;399;553;602;378;259;308
1,9803,9862,1,0,65,11,3,19;256;214;88;285;439;488;339;145;214;616
1,9755,9840,1,0,44,11,3,67;304;235;136;27;333;487;536;378;193;262
1,9852,9940,1,0,55,11,2,207;165;39;236;321;439;290;96;165;567;950
1,9848,10110,1,0,56,11,6,211;169;43;240;394;443;294;100;169;571;954
1,9889,9939,1,1,86,12,1,170;128;2;199;253;402;253;59;128;530;913;453
1,9888,10130,1,1,92,12,4,171;129;3;200;321;403;254;60;129;531;914;454
1,9264,9464,1,1,85,12,5,2;139;475;359;159;188;558;328;795;753;590;509
1,9289,9576,1,0,70,11,8,114;450;334;134;163;533;303;599;728;590;493
1,9322,9379,1,1,52,11,1,81;417;301;101;130;500;270;599;514;569;460
1,9347,9403,1,0,76,11,1,56;392;276;76;105;475;245;599;514;544;435
1,9374,9445,1,0,85,13,2,29;348;249;49;78;448;218;599;514;517;408;714;868
1,9388,9460,1,0,114,13,2,15;348;235;35;64;434;204;599;514;503;394;669;854
1,9389,9455,1,1,106,13,2,14;348;234;34;63;433;203;599;514;496;393;669;853
1,9426,9515,1,1,118,13,2,313;197;26;396;166;599;514;465;356;637;816;865;716
1,9441,9521,1,2,119,14,2,298;182;11;381;151;599;514;450;341;613;801;850;701;507
1,9479,9557,1,0,81,13,2,237;144;343;113;580;514;412;303;609;763;812;663;469
1,9481,9559,1,0,80,13,2,237;142;341;111;578;514;393;301;607;761;810;661;467
1,9481,9547,1,0,75,13,1,237;142;341;111;578;514;393;301;607;761;762;661;467
1,9485,9752,1,1,91,13,8,237;123;337;107;574;514;393;297;603;757;762;657;463
1,9487,9548,1,0,78,13,2,237;123;335;105;572;514;393;295;601;579;762;655;461
1,9542,9622,1,0,64,13,3,197;81;280;50;517;475;349;240;546;579;749;600;406
1,9575,9644,1,0,63,13,2,164;48;247;17;484;442;316;207;513;579;716;567;373
1,11171,11398,1,0,91,10,7,26;256;51;290;438;201;415;326;312;696
1,11171,11416,1,0,86,10,4,26;256;51;290;438;201;415;326;312;540
0,11118,11205,1,0,0,9,0,79;309;104;343;491;201;468;379;365
0,11100,11178,1,0,0,9,0,97;327;122;361;509;201;480;397;383
0,11076,11140,1,0,0,8,0,121;351;146;385;533;201;480;421
1,11050,11119,1,0,66,9,4,0;147;377;172;411;559;201;480;447
0,11046,11099,1,0,0,9,0,4;151;379;176;415;563;201;480;451
0,11038,11100,1,0,0,9,0,12;159;379;184;423;571;201;480;459
1,11249,11321,1,0,64,11,1,178;212;360;95;337;248;226;540;832;690;678
1,11228,11440,1,1,86,11,6,199;233;381;95;358;269;226;540;960;711;699
0,11219,11275,1,0,0,11,0,208;3;242;390;95;367;278;226;540;960;720
0,11219,11277,1,0,0,11,0,208;3;242;390;95;367;278;226;540;960;720
1,11203,11264,1,1,81,10,5,224;19;258;406;95;383;294;226;540;1001
0,11184,11248,1,1,0,10,0,13;243;38;277;425;95;387;313;226;540
1,11178,11424,1,0,86,10,4,19;249;44;283;431;198;387;319;226;540
1,11176,11397,1,1,81,10,6,21;251;46;285;433;200;410;321;226;540
1,10959,11175,1,0,87,9,3,91;238;379;263;502;650;417;480;538
0,10971,11057,1,1,0,9,0,79;226;379;251;490;638;301;480;526
1,10892,10948,1,0,97,9,1,158;305;379;330;569;709;484;686;605
1,10926,11182,1,0,95,9,5,124;271;379;296;535;667;450;660;571
1,10865,10916,1,0,95,9,1,160;324;379;357;596;744;511;721;632
1,10867,11116,1,0,111,9,5,160;324;379;355;594;709;509;686;630
0,10864,10928,1,0,0,9,0,160;324;379;358;597;745;512;722;633
1,10865,11154,1,0,126,9,3,160;324;379;357;596;709;511;721;632
0,11012,11081,1,0,0,9,0,38;185;379;210;436;586;201;480;485
0,11015,11073,1,0,0,9,0,35;182;379;207;436;586;201;480;482
1,10990,11274,1,1,97,9,5,60;207;379;232;471;586;201;480;507
0,11001,11067,1,0,0,9,0,49;196;379;221;436;586;201;480;496
1,10978,11262,1,1,114,9,5,72;219;379;240;483;631;301;480;519
1,10981,11050,1,0,87,9,1,69;216;379;240;480;628;201;480;516
0,10971,11040,1,0,0,9,0,79;226;379;251;490;638;301;480;526
1,10974,11026,1,0,95,9,2,76;223;379;248;487;635;301;480;523
1,10687,10906,1,0,65,7,2,115;363;394;740;517;636;922
1,10686,10891,1,0,81,7,2,116;364;497;741;517;636;923
1,10733,10804,1,1,80,7,1,69;160;394;694;489;636;876
0,10704,10763,1,1,0,7,0,98;160;394;723;517;636;905
1,10614,10679,1,0,79,7,1,188;436;581;56;813;517;636
1,10604,10680,1,1,70,7,2,198;446;581;66;823;525;636
0,10676,10747,1,0,0,7,0,126;374;497;751;517;636;933
1,10672,10751,1,0,53,7,1,130;378;525;755;517;636;937
0,10813,10873,1,0,0,8,0,160;324;379;409;636;796;563;773
1,10797,11051,1,0,79,8,3,5;160;324;630;425;636;807;579
0,10854,10921,1,0,0,8,0,160;324;379;368;607;755;522;732
1,10821,10873,1,0,93,8,2,160;324;379;401;636;788;555;765
0,10737,10788,1,0,0,7,0,65;160;324;690;485;636;872
0,10735,10790,1,0,0,7,0,67;160;324;692;487;636;874
0,10783,10855,1,0,0,8,0,19;160;324;644;439;636;807;593
1,10747,10824,1,0,65,7,1,55;160;324;680;475;636;862
1,10424,10508,1,0,69,6,1,339;623;773;172;132;1003
1,10440,10492,1,0,70,7,1,339;595;757;172;116;987;782
1,10441,10517,1,0,70,7,1,339;595;736;172;115;986;781
1,10442,10708,1,1,79,7,3,339;595;736;172;114;985;780
1,10401,10485,1,0,64,7,1,18;356;649;796;172;155;1026
0,10410,10475,1,1,0,7,0,9;356;623;787;172;146;1017
1,10413,10490,1,0,81,7,2,6;356;623;784;172;143;1014
0,10418,10475,1,0,0,7,0,1;339;623;779;172;138;1009
1,10542,10593,1,0,70,8,1,260;508;655;128;14;885;525;919
1,10547,10613,1,0,69,8,1,255;503;650;100;9;840;525;914
1,10578,10870,1,0,84,7,5,224;472;619;92;840;525;883
1,10593,10662,1,0,74,7,1,209;457;604;77;834;525;636
1,10448,10533,1,0,80,7,1,339;595;736;172;108;979;525
1,10462,10545,1,0,70,7,1,339;588;702;172;94;965;525
1,10479,10556,1,0,93,8,1,323;571;702;172;77;935;525;982
1,10542,10621,1,0,79,8,1,260;508;655;100;14;885;525;919
1,4051,4118,1,1,106,15,1,295;69;94;300;80;360;145;605;409;435;152;247;543;825;857
1,4025,4324,1,1,130,17,9,321;95;1;120;326;106;360;145;16;605;409;435;152;247;552;851;883
1,4072,4145,1,1,75,16,4,274;48;73;279;59;347;145;494;409;435;152;240;543;804;836;495
1,4057,4295,1,1,101,16,5,289;63;88;294;74;360;145;605;409;435;152;240;543;819;851;510
1,4090,4158,1,0,70,16,2,256;30;55;261;41;329;133;445;409;435;152;234;543;786;818;477
1,4083,4154,1,1,80,16,4,263;37;62;268;48;336;140;481;409;435;152;240;543;793;825;484
1,4104,4189,1,0,76,17,2,242;16;41;247;27;315;119;445;381;435;152;220;543;772;804;463;1010
1,4096,4184,1,1,71,17,7,250;24;49;255;29;323;127;445;409;435;152;228;543;780;812;471;1018
1,4000,4075,1,1,86,15,2,346;120;26;145;351;131;360;174;38;605;409;435;313;324;723
1,3993,4074,1,0,118,15,3,353;127;33;152;358;138;360;174;38;684;409;435;313;331;730
1,4002,4084,1,1,104,16,2,344;118;24;143;349;129;360;161;38;605;409;435;313;247;721;874
1,4000,4226,1,0,94,15,3,346;120;26;145;351;131;360;161;38;605;409;435;313;324;723
1,4013,4277,1,1,129,17,7,333;107;13;132;338;118;360;145;28;605;409;435;313;247;552;863;895
1,4004,4211,1,1,125,17,7,342;116;22;141;347;127;360;145;37;605;409;435;313;247;719;872;904
1,4020,4259,1,1,130,17,5,326;100;6;122;331;111;360;145;21;605;409;435;287;247;552;856;888
1,4015,4068,1,1,134,17,3,331;105;11;130;336;116;360;145;26;605;409;435;287;247;552;861;893
1,4279,4350,1,0,72,14,5,67;72;140;398;238;277;116;45;444;597;629;288;681;859
1,4286,4338,1,0,94,15,5,60;65;133;391;230;270;109;38;437;590;622;281;681;852;565
1,4316,4368,1,1,81,16,1,30;35;103;361;201;240;79;8;407;560;592;251;681;822;535;751
1,4344,4412,1,0,104,15,1,2;7;75;333;173;212;51;379;532;564;223;681;794;507;723
1,4358,4425,1,0,80,13,1,61;319;159;198;37;365;518;550;209;681;776;493;709
1,4369,4445,1,0,98,13,2,50;308;148;187;26;354;507;539;198;572;769;482;698
1,4373,4438,1,1,110,13,4,46;289;144;183;22;350;503;535;194;572;765;478;694
1,4388,4441,1,0,99,13,1,31;289;129;168;7;335;488;520;179;572;750;463;679
1,4120,4195,1,0,80,17,1,226;0;25;231;11;299;103;445;381;435;152;204;543;756;788;447;994
1,4150,4239,1,0,86,15,6,196;201;269;73;445;367;406;152;174;543;726;758;417;964;988
1,4171,4234,1,0,104,15,6,175;180;228;52;445;346;385;152;153;543;705;737;396;943;967
1,4190,4276,1,0,108,15,6,156;161;228;33;445;327;366;152;134;533;686;718;377;924;948
1,4213,4295,1,0,85,15,6,133;138;206;10;445;304;343;152;111;507;663;695;354;901;925
1,4237,4325,1,1,52,14,2,109;114;182;440;280;319;152;87;486;639;671;330;877;901
1,4246,4311,1,0,63,14,2,100;105;173;431;271;310;149;78;477;630;662;321;868;865
1,4253,4549,1,1,72,14,10,93;98;166;424;264;303;119;71;470;623;655;314;861;865
1,3517,3584,1,1,46,11,3,201;354;109;168;4;829;580;418;479;603;793
1,3516,3602,1,1,58,11,3,202;355;109;169;5;830;580;419;479;603;835
1,3512,3562,1,0,57,11,2,206;359;109;173;9;834;580;423;479;633;839
0,3482,3565,1,1,0,11,0,19;236;389;109;203;39;864;580;453;479;663
1,3602,3685,1,0,74,12,3,116;269;109;83;744;518;333;424;543;749;420;817
1,3570,3645,1,0,70,11,3,148;301;109;115;776;550;365;456;575;781;420
1,3566,3814,1,0,65,11,8,152;305;109;119;780;554;369;460;579;785;565
1,3530,3588,1,1,46,10,2,188;341;109;155;816;580;397;479;603;793
1,3438,3498,1,0,53,13,3,18;63;15;280;413;339;247;83;866;580;493;541;702
1,3426,3506,1,0,49,13,3,30;75;27;292;413;351;259;95;866;580;493;541;719
1,3422,3659,1,1,55,13,7,34;79;31;296;449;355;263;99;866;580;493;566;723
1,3422,3480,1,1,45,13,2,34;79;31;296;449;355;263;99;866;580;493;541;723
0,3479,3537,1,0,0,11,0,22;239;392;109;206;42;864;580;456;479;666
1,3475,3563,1,1,35,11,2,26;243;396;109;210;46;866;580;460;479;670
1,3462,3669,1,0,49,11,3,39;256;409;315;223;59;866;580;473;479;683
1,3454,3509,1,0,40,12,1,2;47;264;413;323;231;67;866;580;481;541;691
1,3901,3979,1,0,107,13,2,445;219;34;125;244;450;230;518;174;140;776;409;655
1,3910,4206,1,0,105,13,6,436;210;18;116;235;441;221;509;174;131;767;409;646
1,3866,4068,1,1,88,13,7,5;480;254;69;160;279;485;265;553;357;175;811;409
1,3878,3928,1,1,82,12,2,468;242;57;148;267;473;253;541;174;163;799;409
1,3954,4161,1,0,122,14,5,392;145;72;191;397;177;360;174;87;723;409;435;441;370
1,3974,4035,1,0,123,14,2,372;145;52;171;377;157;360;174;67;703;409;435;313;350
1,3935,4146,1,0,105,14,5,411;185;0;91;210;416;196;484;174;106;742;409;435;460
1,3949,4038,1,0,105,14,2,397;171;77;196;402;182;360;174;92;728;409;435;446;375
1,3771,3839,1,0,61,14,2,100;6;575;349;164;255;374;580;360;648;452;270;906;746
0,3776,3838,1,0,0,14,0,95;1;570;344;151;250;369;575;355;643;447;265;901;741
1,3657,3944,1,0,90,14,8,61;214;109;28;689;463;278;369;488;694;420;762;566;384
1,3686,3755,1,1,65,13,3,32;185;91;655;434;249;340;459;665;420;733;537;355
1,3840,4116,1,1,75,13,6,31;506;280;95;186;305;511;291;579;383;201;837;625
1,3842,3916,1,1,84,13,3,29;504;278;93;184;303;509;289;577;381;199;835;409
1,3784,3852,1,0,60,13,2,87;562;336;151;242;361;567;347;635;439;257;893;733
1,3811,3900,1,1,96,13,4,60;535;309;124;215;334;540;320;608;412;230;866;706
1,5037,5123,1,0,126,13,2,77;101;30;120;568;391;265;595;504;379;549;378;671
1,5034,5105,1,0,121,13,4,80;104;33;120;568;394;280;598;504;382;549;381;671
1,5050,5267,1,3,133,13,4,64;88;17;120;558;378;264;582;504;366;549;365;671
1,5044,5132,1,1,125,13,2,70;94;23;120;558;384;265;588;504;372;549;371;671
0,5009,5076,1,0,0,13,0,105;129;58;120;568;419;294;623;743;390;549;406;903
1,5006,5079,1,0,81,12,2,108;132;61;120;583;422;294;626;746;390;549;409
1,5019,5311,1,1,100,13,8,95;119;48;120;568;409;294;613;504;390;549;396;893
1,5016,5258,1,0,102,13,4,98;122;51;120;568;412;294;616;736;390;549;399;896
1,4974,5200,1,1,100,12,3,120;164;93;120;583;441;315;658;778;442;667;441
0,4940,5020,1,0,0,10,0,120;195;127;120;583;441;315;692;812;476
1,5005,5091,1,1,93,12,4,109;133;62;120;583;423;309;627;747;390;549;410
1,4980,5064,1,1,110,12,1,120;158;87;120;583;441;315;652;772;436;549;435
1,4902,4982,1,0,84,8,3,6;120;236;165;227;583;441;322
1,4890,5175,1,0,98,8,5,18;120;248;177;227;583;441;424
1,4937,5148,1,0,114,10,2,120;195;130;227;583;441;315;695;815;479
1,4927,5015,1,0,91,9,1,120;211;140;227;583;441;315;705;825
1,5308,5588,1,0,70,11,6,330;120;6;324;444;108;333;107;483;591;823
1,5323,5614,1,0,72,10,5,315;105;309;429;93;318;92;483;576;695
1,5331,5408,1,1,62,10,1,307;97;24;421;85;310;84;483;568;695
1,5349,5413,1,0,76,10,1,289;79;24;403;67;292;66;483;550;695
1,5251,5457,1,0,81,10,5,382;177;60;350;501;165;390;164;485;609
1,5273,5338,1,0,81,10,3,365;155;41;350;479;143;368;142;483;609
1,5279,5348,1,0,61,10,2,359;149;25;350;473;137;362;136;483;609
1,5296,5352,1,0,61,11,1,342;132;18;336;456;120;345;119;483;603;835
1,5223,5278,1,0,98,11,2,13;415;205;91;350;504;193;418;192;485;676
1,5226,5283,1,1,102,11,1,10;412;202;60;350;504;190;415;189;485;673
1,5236,5473,1,0,86,11,6,0;394;192;60;350;504;180;405;179;485;663
1,5242,5310,1,1,76,10,1,394;186;60;350;504;174;399;173;485;609
1,5114,5192,1,0,69,13,1,0;24;120;524;314;200;369;504;302;527;301;671;785
1,5187,5245,1,1,98,11,2,49;451;241;127;369;504;229;454;228;671;712
1,5222,5300,1,1,101,11,3,14;416;206;92;369;504;194;419;193;671;677
1,5222,5457,1,0,95,11,5,14;416;206;92;350;504;194;419;193;671;677
1,4612,4832,1,0,42,10,5,65;111;238;296;502;526;239;455;272;624
1,4592,4646,1,0,50,10,2,85;131;238;316;522;546;259;475;292;644
1,4582,4649,1,0,58,10,2,95;141;293;326;532;556;269;485;302;654
1,4565,4641,1,0,63,11,2,112;158;311;332;2;549;573;286;502;319;671
1,4548,4621,1,0,64,12,2,123;8;175;328;360;19;566;586;303;503;336;688
1,4546,4597,1,1,69,12,2,123;10;177;330;362;21;568;592;305;503;338;690
1,4542,4618,1,1,75,12,2,135;14;181;334;366;25;572;596;309;503;342;694
0,4514,4565,1,0,0,13,0,156;3;42;209;362;385;53;572;624;337;503;370;722
1,4512,4594,1,0,81,13,2,165;5;44;211;364;385;55;572;626;339;503;372;724
1,4477,4555,1,0,123,13,2,200;40;79;246;399;385;90;572;650;374;503;407;759
1,4470,4559,1,1,133,13,4,207;47;86;253;406;385;97;572;650;381;503;414;766
0,4464,4520,1,1,0,13,0,213;51;92;259;412;385;103;572;650;387;503;420;772
1,4458,4514,1,0,102,13,1,219;51;98;265;418;385;109;572;680;393;503;426;778
1,4455,4531,1,1,101,13,1,222;51;101;268;421;453;112;572;683;396;503;429;781
1,4446,4531,1,0,116,12,3,231;71;110;277;430;462;121;572;692;405;503;438
1,4391,4679,1,0,111,14,8,28;286;126;165;4;332;485;517;176;572;732;460;676;493
0,4875,4962,1,1,0,8,0,1;33;120;263;192;9;227;583
1,4885,5116,1,0,86,7,4,23;120;253;182;227;583;543
1,4822,5111,1,1,110,9,3,54;86;120;316;29;245;62;227;800
1,4829,4917,1,0,98,9,1,47;79;120;309;22;238;55;227;583
1,4795,4874,1,1,65,8,1,81;113;120;343;56;272;89;227
1,4819,5023,1,1,118,9,3,57;89;120;319;32;248;65;227;819
1,4773,4840,1,0,65,8,1,103;135;120;365;78;282;95;463
1,4778,5018,1,0,62,8,2,98;130;120;348;73;282;95;458
1,4760,4814,1,0,65,8,1,116;148;120;378;91;307;124;476
1,4772,4850,1,0,65,8,1,104;136;120;366;79;282;112;464
1,4717,4805,1,0,60,9,2,6;159;191;397;421;134;350;152;519
1,4753,5004,1,0,70,8,3,123;155;361;385;98;314;131;483
1,4666,4753,1,0,58,10,1,11;57;210;242;447;472;185;401;218;570
1,4707,4771,1,0,58,9,1,16;169;201;407;431;144;360;165;529
1,4624,4689,1,0,55,10,2,53;99;238;284;470;514;227;443;260;612
1,4656,4738,1,0,70,10,2,19;67;220;252;458;482;195;411;228;580
1,5767,5817,1,0,91,11,3,145;132;364;417;487;493;354;417;559;742;819
1,5777,5866,1,0,88,11,1,135;122;354;407;477;493;354;407;549;714;809
1,5811,5876,1,1,86,11,1,101;88;320;373;443;486;354;373;515;714;775
1,5813,6045,1,0,93,11,6,99;53;318;371;441;486;354;371;513;714;773
1,5834,5894,1,0,94,11,1,78;53;297;350;420;486;354;350;492;714;752
1,5846,5922,1,1,76,11,1,66;20;285;338;408;486;354;338;480;709;740
1,5856,5915,1,1,105,12,2,56;20;275;306;398;486;354;328;470;699;730;565
1,5873,6165,1,0,123,12,8,39;20;258;306;381;481;354;311;426;682;713;548
1,5884,5967,1,0,103,12,4,28;15;247;300;370;470;354;300;326;671;702;537
1,5888,5944,1,0,104,12,1,24;11;204;296;366;466;354;296;326;667;698;533
1,5897,6136,1,0,105,13,9,15;2;204;275;357;457;354;287;326;658;689;524;601
1,5898,5953,1,1,92,13,2,14;1;204;275;144;456;354;286;326;657;688;523;600
0,5898,5949,1,1,0,13,0,14;1;204;275;144;456;354;286;326;618;688;523;600
1,5911,5996,1,1,77,12,2,1;204;273;144;443;354;273;326;618;675;510;587
1,5911,6131,1,0,76,12,5,1;204;273;144;443;354;273;326;618;675;432;587
0,5913,5968,1,0,0,11,0,204;271;144;441;354;271;326;618;673;432;469
1,5931,6017,1,1,65,11,2,200;230;144;423;354;253;326;618;655;432;469
1,5925,5995,1,0,92,11,1,204;259;144;429;354;259;326;618;661;432;469
1,5937,6013,1,0,98,11,1,194;230;144;417;321;247;326;618;649;432;465
1,5936,6006,1,0,94,11,1,195;230;144;418;354;248;326;618;650;432;465
1,6018,6300,1,0,132,12,8,113;166;144;336;286;166;308;537;568;403;465;904
0,5980,6050,1,1,0,11,0,151;204;144;374;321;204;326;575;606;432;465
0,6021,6076,1,0,0,12,0,110;163;144;333;283;163;305;534;565;400;465;669
1,6021,6083,1,0,108,12,3,110;163;144;333;283;163;305;534;565;400;465;669
0,6039,6105,1,0,0,12,0,92;145;144;315;265;145;287;509;547;382;459;669
1,6025,6091,1,0,124,12,2,106;159;144;329;269;159;301;530;561;396;465;669
1,6062,6142,1,0,124,13,1,69;122;144;292;242;122;264;493;458;359;436;669;499
1,6045,6262,1,0,100,12,3,86;139;144;309;259;139;281;509;541;376;453;669
1,6125,6195,1,0,78,13,1,6;59;128;229;179;59;201;430;458;289;373;669;436
1,6097,6165,1,1,83,13,2,34;87;144;257;207;87;229;458;458;289;401;669;464
1,6146,6218,1,1,79,12,2,38;108;208;158;38;180;408;440;275;352;669;415
1,6128,6217,1,0,78,13,2,3;56;126;226;176;56;198;408;458;289;370;669;433
1,5407,5469,1,0,69,12,3,231;21;24;345;9;234;8;483;492;695;766;847
1,5417,5490,1,1,60,10,2,221;11;24;335;224;465;482;695;766;837
1,5354,5414,1,0,87,11,1,284;74;24;377;62;287;61;483;545;695;830
1,5364,5437,1,0,80,11,2,274;64;24;348;52;277;51;483;535;695;820
1,5425,5629,1,0,57,10,3,197;3;24;327;216;465;474;679;744;829
1,5457,5529,1,0,55,9,2,181;24;158;184;455;442;674;727;797
1,5419,5496,1,1,60,10,3,197;9;24;333;222;465;480;695;765;835
1,5420,5499,1,1,53,10,2,197;8;24;332;221;465;479;679;764;834
1,5474,5548,1,1,82,9,1,164;24;158;146;438;425;657;710;780
1,5485,5553,1,0,84,9,1,153;24;158;146;427;363;646;699;769
1,5459,5525,1,0,54,9,1,179;24;158;182;445;440;672;725;795
1,5472,5553,1,0,69,9,1,166;24;158;169;440;427;659;712;782
1,5557,5646,1,0,64,10,2,81;24;158;55;355;342;574;627;697;797
1,5568,5634,1,0,69,10,2,70;24;158;55;344;331;563;594;686;786
1,5527,5593,1,0,71,10,2,111;24;158;114;385;363;604;657;727;827
1,5542,5608,1,0,71,10,1,96;24;158;99;370;357;589;642;712;812
1,5613,5698,1,1,61,10,2,25;19;139;28;299;259;509;571;641;741
1,5609,5672,1,1,65,10,2,29;23;141;32;303;259;522;575;645;745
1,5602,5684,1,0,69,10,2,36;24;150;39;310;259;529;581;652;752
1,5590,5662,1,0,58,10,2,48;24;158;51;322;309;541;581;664;764
1,5668,5748,1,1,44,9,1,84;244;231;463;488;586;686;636;516
1,5667,5731,1,0,52,9,1,85;245;232;464;517;587;687;637;517
0,5621,5699,1,0,0,10,0,17;11;131;20;291;259;486;563;633;733
0,5614,5687,1,1,0,10,0,24;18;138;27;298;259;486;570;640;740
1,5697,5756,1,0,83,12,1,55;215;202;434;477;557;657;607;487;629;858;889
0,5684,5766,1,0,0,12,0,58;228;215;447;477;570;670;620;500;642;871;902
1,5681,5734,1,1,54,11,1,58;231;218;450;488;573;673;623;503;645;874
0,5678,5729,1,1,0,11,0,58;234;221;453;488;576;676;626;506;648;877
1,5762,6041,1,0,95,11,6,150;137;369;419;492;592;354;422;564;742;824
1,5741,5814,1,1,83,12,1,11;171;158;390;443;513;613;354;443;585;742;845
1,5727,5977,1,1,99,12,7,25;185;172;404;457;527;627;577;457;599;742;859
1,5705,5990,1,0,100,12,7,47;207;182;426;477;549;649;599;479;621;850;881
1,6578,6650,1,1,46,8,2,8;336;11;329;289;415;358;638
1,6627,6690,1,0,52,7,1,295;329;281;373;338;589;407
1,6630,6862,1,0,53,7,2,292;329;278;370;286;586;404
1,6658,6723,1,0,38,7,1,264;326;250;342;286;558;376
1,6555,6791,1,1,65,10,4,0;31;367;6;34;329;353;415;379;643
1,6562,6651,1,0,51,8,2,24;360;27;329;346;415;379;643
1,6574,6805,1,1,60,8,4,12;348;15;329;334;415;358;642
1,6577,6800,1,0,49,8,2,9;336;12;329;331;415;358;639
1,6713,6765,1,1,31,8,2,209;271;195;280;252;503;303;583
1,6728,6993,1,0,31,8,3,194;256;180;272;205;488;303;568
1,6740,6961,1,1,26,8,4,182;244;168;260;205;234;294;556
1,6756,6828,1,0,30,8,3,166;228;152;244;205;234;278;438
1,6660,6739,1,0,45,7,1,262;296;248;340;286;556;374
1,6663,6732,1,0,51,7,3,258;296;245;337;286;553;371
1,6672,6760,1,0,69,7,3,250;296;236;328;286;544;316
1,6701,6760,1,1,35,8,4,221;283;207;299;264;515;303;595
1,6822,6897,1,0,66,8,1,100;136;86;173;143;234;50;383
1,6819,6895,1,1,60,8,2,103;165;89;173;146;234;50;383
1,6832,6892,1,0,70,8,2,90;136;76;150;133;234;50;383
1,6831,6901,1,1,70,8,1,91;136;77;169;134;234;50;383
1,6777,6829,1,0,38,8,2,145;207;131;223;188;234;50;383
1,6759,7022,1,0,39,8,5,163;225;149;241;205;234;275;383
1,6799,7009,1,0,35,8,1,123;185;92;201;148;234;50;383
1,6793,6865,1,0,36,8,1,129;191;115;207;148;234;50;383
1,6909,7194,1,0,49,7,2,13;75;91;56;227;50;369
1,6888,7129,1,1,54,8,1,34;96;20;112;77;227;50;383
1,6941,7025,1,1,51,6,1,43;59;24;227;50;355
0,6933,6988,1,1,0,6,0,51;67;32;227;50;363
1,6870,6943,1,1,61,8,1,52;114;38;130;95;234;50;383
1,6850,6916,1,0,76,8,2,72;134;58;150;103;234;50;383
1,6879,6963,1,1,61,8,2,43;105;29;121;86;227;50;383
1,6877,7176,1,0,61,8,2,45;107;31;122;88;234;50;383
1,6284,6364,1,0,100,11,3,70;20;42;249;302;137;214;638;277;305;700
1,6310,6594,1,0,91,10,5,44;16;199;276;111;188;612;251;279;674
1,6260,6316,1,1,64,9,2,91;44;66;249;326;161;238;662;301
1,6264,6317,1,0,56,9,2,90;40;62;249;322;157;226;658;297
1,6245,6323,1,0,45,10,2,9;109;59;81;293;332;176;253;669;316
1,6252,6550,1,1,65,10,4,2;91;52;74;293;332;169;246;669;309
1,6214,6271,1,0,72,10,2,40;140;90;112;341;372;207;284;669;347
1,6242,6300,1,0,45,10,1,12;112;62;84;293;344;179;256;669;319
1,6367,6433,1,1,105,9,2,188;219;54;131;528;194;222;492;541
1,6386,6473,1,1,115,10,2,169;200;35;112;528;175;203;492;522;614
1,6352,6423,1,1,98,10,2,2;199;234;69;146;570;209;237;492;556
1,6365,6451,1,1,98,9,2,190;221;56;133;536;196;224;492;543
1,6320,6400,1,1,82,11,2,34;6;199;266;101;178;602;241;269;508;588
0,6339,6424,1,1,0,10,0,15;199;247;82;159;583;222;250;492;569
1,6310,6386,1,0,82,10,2,44;16;199;276;111;188;612;251;279;597
1,6314,6389,1,0,82,11,2,40;12;199;272;107;184;608;247;275;508;594
1,6479,6712,1,1,84,9,1,76;107;19;443;82;110;492;429;418
1,6460,6660,1,0,91,9,4,95;126;19;462;101;129;492;448;471
1,6459,6521,1,0,91,9,2,96;127;39;463;102;130;492;449;471
1,6425,6639,1,0,84,9,6,130;161;57;497;136;164;492;465;575
1,6400,6457,1,1,93,10,1,155;186;21;57;509;161;189;492;508;600
1,6393,6444,1,0,114,10,2,162;193;28;92;509;168;196;492;515;607
1,6389,6445,1,1,115,10,2,166;197;32;107;509;172;200;492;519;611
1,6387,6459,1,0,99,10,2,168;199;34;107;528;174;202;492;521;613
1,6554,6607,1,1,74,10,3,1;32;368;7;35;329;354;418;379;643
1,6553,6640,1,1,71,10,2,2;33;369;8;36;346;355;418;379;643
1,6522,6606,1,1,92,10,3,33;64;400;39;67;346;386;418;379;694
1,6515,6593,1,0,86,10,1,40;71;407;46;74;412;393;418;379;701
1,6510,6587,1,0,77,10,1,45;76;412;51;79;412;398;418;455;706
0,6506,6563,1,1,0,9,0,49;80;416;55;83;412;402;418;459
1,6487,6546,1,0,92,9,1,68;99;11;435;74;102;412;421;418
0,6483,6557,1,0,0,9,0,72;103;15;439;78;106;412;425;418
239
3592,4419,166.04,10
3544,4131,167.85,8
3492,4351,42.69,9
3356,4145,103.87,11
3327,4026,143.84,11
3294,3935,140.71,9
3282,4120,245.58,8
3241,4346,272.65,11
3980,4723,208.05,11
3939,4324,97.92,8
3933,4395,319.46,8
3888,4556,221.65,11
3722,4517,375.35,10
3721,4677,355.97,11
3619,4041,29.13,8
3611,4223,212.56,11
4308,5067,208.84,10
4391,4884,84.06,9
4143,5138,177.61,11
4283,4851,0.00,9
4057,4567,0.00,8
4096,5114,574.89,10
4001,4876,73.25,9
4003,4908,111.19,11
4928,5416,46.75,10
4941,5641,186.55,8
4911,5632,518.13,8
4920,5752,501.94,8
4882,5428,102.06,8
4888,5314,189.02,11
4455,5236,357.05,8
4799,5638,328.58,11
5394,6254,229.64,8
5354,6184,278.74,11
5637,6304,284.56,11
5527,6354,124.86,8
5009,5912,442.14,9
4949,5415,0.00,8
5286,6131,224.67,11
5053,5899,267.23,9
5897,6498,244.50,10
5850,6421,148.54,8
6046,6561,0.00,8
6004,6922,325.15,8
5675,6326,144.09,8
5641,6184,0.00,11
5682,6586,104.69,10
5677,6555,362.99,9
6496,6965,269.21,9
6508,7216,322.19,9
6627,7034,316.58,10
6701,7296,338.81,11
6279,6589,0.00,9
6284,6984,411.08,10
6312,6908,125.95,8
6370,7000,279.06,10
7181,8138,154.81,8
7224,7901,0.00,11
7228,8182,273.69,9
7232,7752,0.00,8
6961,7624,0.00,8
6986,7686,223.88,10
7027,7635,43.44,10
7137,8566,591.14,10
0,441,140.17,5
0,132,0.00,1
0,249,0.00,2
0,349,0.00,6
0,99,49.29,1
5,346,33.89,11
0,808,455.60,9
0,328,68.61,4
0,79,0.00,1
180,930,412.35,11
127,796,260.63,10
39,700,203.69,9
8,897,24.89,10
318,1116,0.00,9
373,1345,328.47,8
262,1171,315.13,8
306,1399,139.75,11
475,644,0.00,11
498,1116,228.02,11
423,1030,79.89,11
427,1309,112.07,10
669,1189,83.65,9
738,1431,135.03,8
562,1357,108.03,10
583,1045,0.00,8
925,1915,229.92,9
958,1622,165.54,10
784,1693,208.99,9
823,1543,167.14,11
1008,1670,49.31,8
977,1814,162.34,8
1048,1515,36.24,9
1008,1885,302.36,8
1062,1723,324.50,10
1055,1718,54.84,8
1344,2079,230.38,9
1272,1802,72.47,10
1689,2157,0.00,9
1580,2101,224.26,8
1739,2141,107.09,8
1713,2316,226.15,10
1785,2477,571.29,9
1747,2798,375.49,8
1970,2476,125.75,8
1896,2451,172.53,8
2162,2780,156.37,11
2172,2612,0.00,11
2223,3184,469.97,9
2248,2799,139.39,8
2344,2762,223.97,10
2481,3258,315.36,8
2520,3324,308.48,8
2529,3230,426.71,9
2561,3456,251.07,9
2693,3501,158.96,11
2759,3453,269.49,11
2920,3718,182.63,8
3015,3871,222.99,8
3063,3777,261.09,11
3085,3685,42.51,9
3102,3521,0.00,10
14657,15422,0.00,9
14643,14860,0.00,11
14304,14912,64.63,11
14472,15424,258.12,11
14235,14911,98.74,8
14257,15201,206.80,11
14611,15629,298.62,8
14622,15229,0.00,8
14526,15164,63.52,11
14538,15065,70.95,9
13847,14504,77.66,10
13899,14457,282.45,8
13802,14638,358.64,11
13808,14486,61.09,9
14215,15099,78.47,10
14216,14707,44.65,10
14069,14857,230.05,11
14100,15000,331.44,9
13401,14098,252.33,8
13395,14321,208.53,8
13564,14502,0.00,10
13561,14160,0.00,9
13751,14958,582.57,11
13738,14449,0.00,8
13802,14429,112.83,11
13758,14569,423.71,9
12943,13646,65.43,8
12744,13559,568.21,9
13065,13812,421.75,10
12968,13569,267.34,9
13174,13884,233.28,11
13152,14102,140.93,8
13288,14116,88.66,9
13231,13571,0.00,9
12200,12894,46.52,8
12232,12772,0.00,11
12261,12703,0.00,8
12299,12779,0.00,10
12318,13055,118.29,9
12320,13180,328.47,11
12355,12985,177.92,8
12428,12973,93.48,11
11926,12572,232.66,11
11945,13129,235.30,9
11961,12562,309.19,9
12012,12735,341.84,10
12123,12881,199.58,8
12139,13334,279.41,11
12177,12921,244.16,8
12187,12917,210.23,10
11915,12472,248.21,9
11749,12397,184.24,11
11559,12482,261.85,8
11522,12479,165.54,10
11500,12327,94.73,9
11469,11931,34.19,8
11449,12241,188.74,11
11383,12115,130.69,9
11350,12195,113.06,8
11287,11972,383.67,11
11221,11927,258.74,11
11205,11939,237.73,9
11203,12204,318.28,9
11168,11867,433.07,8
11096,11483,86.18,8
10855,11497,66.05,11
10754,11376,320.00,11
10800,11586,255.03,8
10466,11461,355.71,10
10667,11609,185.47,11
10347,11427,327.68,9
10434,11222,271.68,11
10117,10670,332.74,9
10171,10556,114.46,10
10058,11050,452.10,11
10105,11197,546.21,11
9845,10802,406.62,8
9878,10342,0.00,10
9592,10017,95.60,11
9788,10419,186.47,11
9398,10291,96.95,11
9432,9948,62.38,10
9355,10088,155.34,11
9238,9782,107.46,9
9398,10142,104.45,8
9367,10242,392.32,10
9071,10059,261.36,11
8985,9592,0.00,8
9145,9891,173.59,8
9111,10017,250.72,9
8914,9423,0.00,11
8839,9623,444.58,9
8978,9822,115.17,8
8940,9452,59.90,10
8644,9403,82.64,11
8567,9214,86.16,9
8660,9739,299.92,8
8659,9106,0.00,10
8306,8760,127.81,9
8336,9266,192.97,9
8352,9110,305.92,11
8450,9196,197.89,10
7908,8839,124.70,10
8156,8943,258.30,9
8184,9107,239.47,8
8298,9049,0.00,9
7503,8390,192.47,11
7585,8031,81.20,10
7586,8020,0.00,9
7748,8723,324.84,11
7389,8129,184.63,8
7403,7993,134.96,11
7412,8093,97.92,10
7439,8173,112.83,10
