1007
1,353,415,1,0,0,12,2,109;133;561;434;471;526;794;528;408;957;262;899
1,352,413,1,1,0,12,1,110;134;561;450;472;527;794;529;409;958;263;900
1,376,435,1,1,0,12,1,86;110;561;426;444;503;775;505;385;934;239;876
0,354,407,1,1,0,12,0,108;132;561;434;444;525;794;527;407;956;261;898
1,393,457,1,1,0,13,1,69;93;541;409;431;486;758;488;368;917;222;859;783
1,388,613,1,0,1,13,9,74;98;559;414;436;491;763;493;373;922;227;864;788
1,428,488,1,0,0,13,2,34;58;538;367;396;451;723;453;333;882;187;824;748
1,393,454,1,0,0,13,2,69;93;541;390;431;486;758;488;368;917;222;859;783
0,298,369,1,1,0,10,0,37;14;164;188;668;504;526;581;853;583
1,233,309,1,0,0,8,1,102;79;229;215;733;569;591;646
0,305,368,1,0,0,11,0,30;7;157;181;661;470;519;574;846;576;456
1,300,381,1,1,0,10,1,35;12;162;186;666;502;524;579;851;581
1,329,551,1,1,0,12,6,6;133;157;564;470;495;550;822;552;432;981;286
1,318,550,1,0,0,11,8,17;144;168;648;470;506;561;833;563;443;992
1,334,406,1,0,0,12,1,1;128;152;564;464;490;545;794;547;427;976;281
1,330,414,1,0,0,12,1,5;132;156;564;470;494;549;794;551;431;980;285
1,596,663,1,0,0,17,2,370;206;228;283;549;285;165;714;19;656;558;860;490;648;825;650;882
1,614,831,1,0,0,18,10,352;188;210;265;537;267;147;696;1;638;558;842;490;630;807;632;864;690
1,624,705,1,1,0,18,2,342;178;200;255;512;257;137;686;628;552;832;480;620;797;622;854;680;589
1,656,897,1,1,0,19,13,310;146;168;223;495;225;105;654;596;520;800;448;588;765;590;822;648;557;976
1,659,724,1,0,0,19,1,299;143;165;220;492;222;102;651;593;517;797;445;585;762;587;819;645;554;973
1,663,939,1,0,1,19,16,299;139;161;216;465;218;98;647;589;513;793;441;581;758;583;815;641;550;969
1,674,735,1,0,0,19,1,276;128;150;205;465;207;87;636;578;502;782;430;570;747;572;804;630;539;958
1,716,784,1,0,0,19,3,250;86;108;163;435;165;45;594;536;460;740;388;528;705;530;762;588;497;916
1,453,509,1,0,0,14,1,9;33;513;346;371;426;698;428;308;857;162;799;723;1003
1,483,570,1,0,0,14,3,3;483;319;341;396;668;398;278;827;132;769;693;973;621
1,515,596,1,0,0,14,2,451;287;309;364;636;366;246;795;100;737;661;941;589;729
1,531,732,1,0,0,15,4,435;271;293;348;620;350;230;779;84;721;645;925;573;713;890
1,539,766,1,0,0,15,6,427;263;285;340;612;342;222;771;76;713;584;917;565;705;882
1,539,802,1,1,0,15,11,427;263;285;340;612;342;222;771;76;713;584;917;490;705;882
1,556,631,1,0,0,15,2,401;246;268;323;595;325;205;754;59;696;584;900;490;688;865
1,588,667,1,0,0,17,3,378;214;236;291;563;293;173;722;27;664;558;868;490;656;833;658;890
0,25,113,1,0,0,8,0,73;310;287;407;149;113;461;164
1,8,272,1,0,0,8,4,90;327;304;431;166;130;478;181
1,0,55,1,0,0,8,2,98;335;312;462;174;138;486;189
0,126,187,1,1,0,7,0,209;169;336;33;12;300;7
1,129,213,1,0,0,7,1,206;169;333;33;9;300;7
1,95,181,1,0,0,8,1,3;240;203;367;33;43;303;7
1,124,186,1,0,0,7,1,211;188;338;33;14;300;7
1,197,274,1,0,0,5,1,138;115;265;289;769
1,221,275,1,0,0,8,1,114;91;241;244;745;581;603;658
1,138,208,1,1,0,8,1,197;169;324;33;0;294;7;828
0,159,244,1,1,0,7,0,176;153;303;15;294;7;807
1,54,341,1,1,0,8,5,44;281;258;407;34;84;432;135
1,69,354,1,0,0,8,2,29;266;243;393;33;69;417;120
1,25,281,1,0,0,8,5,73;310;287;407;149;113;461;164
0,42,102,1,0,0,8,0,56;293;270;407;34;96;444;147
1,83,167,1,1,0,8,1,15;252;229;379;33;55;303;7
0,83,145,1,0,0,8,0,15;252;203;379;33;55;303;7
1,77,370,1,0,0,8,3,21;258;235;385;33;61;303;112
0,81,147,1,0,0,8,0,17;254;231;381;33;57;303;7
1,3671,3957,1,1,0,11,9,60;550;801;493;492;495;228;504;517;589;384
1,3677,3763,1,0,0,11,3,45;544;795;487;486;489;224;504;511;583;378
1,3683,3734,1,1,0,11,1,45;513;789;481;480;483;218;504;505;577;372
1,3706,3772,1,0,0,11,2,25;513;766;434;457;460;195;495;482;554;349
0,3640,3693,1,0,0,11,0,91;552;832;524;523;526;228;561;548;620;415
1,3645,3734,1,0,0,11,3,86;552;827;519;518;521;228;556;543;615;410
0,3657,3742,1,1,0,11,0,74;552;810;507;506;509;228;544;531;603;398
1,3665,3734,1,1,0,11,2,66;552;807;499;498;501;228;536;523;595;390
0,3778,3833,1,1,0,10,0,427;694;384;385;388;123;423;410;482;277
1,3806,3890,1,0,0,11,2,415;666;358;357;360;95;395;382;454;249;649
1,3814,3879,1,0,0,11,1,407;658;350;349;352;87;386;374;446;241;641
1,3816,4040,1,1,0,11,5,405;656;348;321;350;85;385;372;444;239;639
1,3723,3798,1,0,0,11,2,8;498;743;434;440;443;178;478;465;537;332
1,3724,3809,1,0,0,11,1,7;497;743;384;439;442;177;477;464;536;331
1,3739,3819,1,0,0,10,2,429;733;384;424;427;162;462;449;521;316
1,3777,4027,1,0,0,10,5,429;695;384;386;389;124;424;411;483;278
1,3366,3451,1,1,0,7,3,0;168;322;20;145;855;1067
1,3366,3424,1,0,0,7,1,0;168;322;20;145;855;1066
1,3408,3675,1,1,0,6,3,126;292;20;103;813;1064
1,3392,3452,1,0,0,6,1,142;314;20;119;829;1066
1,3353,3434,1,0,0,7,2,13;181;337;32;158;868;1077
1,3348,3408,1,0,0,7,1,18;186;337;32;163;873;1124
1,3362,3439,1,1,0,7,2,4;172;322;32;149;859;1067
1,3359,3655,1,0,0,7,2,7;175;337;32;152;862;1067
0,3594,3680,1,0,0,10,0,137;594;878;570;569;572;228;607;594;666
1,3586,3648,1,0,0,10,1,145;635;886;578;577;580;228;615;602;674
1,3629,3680,1,0,0,11,1,102;552;843;535;534;537;228;572;559;631;426
1,3611,3672,1,0,0,10,1,120;594;861;553;552;555;228;590;577;649
1,3411,3484,1,1,0,6,2,123;292;3;100;810;1061
1,3411,3495,1,1,0,6,1,123;292;3;100;810;1056
1,3514,3733,1,1,0,9,4,20;217;707;958;650;649;652;387;687
1,3504,3554,1,0,0,9,1,30;227;7;717;968;660;659;662;397
1,4155,4447,1,0,0,17,7,66;317;9;8;11;40;33;105;300;448;593;147;318;636;867;796;556
1,4227,4300,1,1,0,15,2,245;33;228;398;521;75;246;564;795;724;484;577;454;611;814
1,4152,4230,1,0,0,17,5,69;320;12;11;14;49;36;108;303;448;596;150;321;639;870;799;559
1,4155,4386,1,0,0,17,4,66;317;9;8;11;40;33;105;300;441;593;147;318;636;867;796;556
1,4112,4163,1,0,0,17,1,109;360;22;51;54;89;76;148;343;513;636;190;361;679;910;839;599
1,4131,4371,1,1,0,17,3,90;341;22;32;35;70;57;129;318;494;617;171;342;660;891;820;580
1,4094,4155,1,0,0,16,1,127;378;70;69;72;107;94;166;361;531;654;208;379;697;928;857
1,4098,4353,1,0,1,16,9,123;374;22;65;68;103;90;162;357;527;650;204;375;693;924;853
1,4296,4370,1,0,0,17,2,176;159;329;452;6;177;495;726;655;415;508;385;542;745;230;816;821
1,4300,4562,1,0,0,17,12,172;122;325;448;2;173;491;722;651;411;504;381;538;741;226;812;817
1,4271,4338,1,0,0,16,1,201;184;354;477;31;202;520;751;680;440;533;410;567;770;255;841
1,4279,4499,1,0,0,16,10,193;176;341;469;23;194;512;743;672;432;525;402;559;762;247;833
1,4254,4307,1,0,1,17,5,218;6;201;371;481;48;219;537;768;697;457;550;427;584;787;272;858
1,4266,4325,1,0,0,16,2,206;189;359;481;36;207;525;756;685;441;538;415;572;775;260;846
0,4231,4303,1,0,0,15,0,241;29;224;394;498;71;242;560;791;720;480;573;450;607;810
1,4247,4300,1,0,0,16,2,225;13;208;378;498;55;226;544;775;704;464;557;434;591;794;279
1,3946,4177,1,0,0,14,8,275;526;211;217;220;255;242;314;109;509;679;802;356;527
1,3946,4023,1,0,0,14,1,275;526;211;217;220;255;242;314;109;509;679;800;356;527
1,3935,3985,1,0,0,14,2,286;537;229;228;231;266;253;325;120;520;690;813;367;538
0,3883,3964,1,0,0,14,0,338;589;281;280;283;18;318;305;377;172;572;742;865;419
0,3863,3924,1,0,0,13,0,358;609;296;300;303;38;338;325;397;192;592;762;885
1,3851,3917,1,0,0,13,2,370;621;313;312;315;50;350;337;409;204;604;774;897
1,3838,3922,1,0,0,12,3,381;634;326;321;328;63;363;350;422;217;617;787
1,3824,3883,1,0,0,11,2,381;648;340;321;342;77;377;364;436;231;631
0,4045,4107,1,0,0,16,0,176;427;119;118;121;156;143;215;10;410;580;703;257;428;746;977
1,4037,4323,1,0,0,16,11,184;430;127;126;129;164;151;223;18;418;588;711;265;436;754;985
1,4035,4258,1,0,0,16,11,186;437;129;128;131;166;153;225;20;420;590;713;267;438;756;987
1,4014,4075,1,0,0,16,4,207;458;150;149;152;187;174;246;41;441;611;722;288;459;777;1008
1,4000,4055,1,0,0,15,2,221;472;164;163;166;201;188;260;55;450;625;748;302;473;791
0,3980,4040,1,1,0,15,0,241;492;182;183;186;221;208;280;75;450;645;768;322;493;811
1,3959,4219,1,0,0,15,12,262;513;182;204;207;242;229;301;96;450;666;789;343;514;832
1,3946,4179,1,0,0,14,5,275;526;211;217;220;255;242;314;109;450;679;800;356;527
1,2721,2965,1,0,0,12,5,23;205;412;405;377;115;219;226;283;122;592;491
1,2754,2837,1,0,1,11,5,172;379;372;339;82;186;193;250;89;584;458
1,2768,3006,1,0,0,13,10,158;365;358;330;68;172;179;236;75;549;444;598;432
1,2768,2827,1,0,0,13,1,158;295;358;330;68;172;179;236;75;549;444;598;432
1,2770,2849,1,0,0,13,2,156;216;356;328;66;170;177;234;73;549;442;596;430
1,2778,2831,1,0,0,13,1,148;216;348;309;58;162;169;226;65;549;434;588;422
1,2783,2854,1,0,0,13,1,143;216;343;309;53;157;153;221;60;549;429;583;417
1,2785,2843,1,0,0,13,1,141;216;341;309;51;155;153;219;58;549;427;581;389
1,2792,3075,1,0,0,13,10,134;216;334;306;44;148;153;212;51;546;420;574;378
1,2801,2858,1,1,0,13,1,125;216;324;297;35;139;146;203;42;537;411;565;378
1,2804,2869,1,1,0,13,1,122;216;322;294;32;136;109;200;39;534;408;562;378
1,2849,2901,1,0,0,11,1,77;216;277;249;91;98;155;489;363;517;351
1,2851,2909,1,1,0,11,1,75;216;275;247;89;58;153;487;361;515;349
1,2869,2928,1,0,0,11,1,57;216;257;229;71;58;135;469;343;497;331
1,2870,2948,1,0,0,11,5,56;216;256;222;70;58;134;468;342;496;330
1,2892,2968,1,0,0,11,1,34;216;234;206;48;55;112;446;320;474;308
1,2451,2521,1,0,0,16,5,112;48;184;192;98;293;475;682;675;636;385;489;496;553;392;887
1,2447,2502,1,0,1,15,3,116;52;188;196;102;297;479;686;679;636;389;493;500;557;396
1,2463,2549,1,0,0,16,4,100;11;172;180;86;281;463;670;663;635;373;477;484;541;380;875
1,2462,2718,1,0,0,16,9,101;35;173;181;87;282;464;671;664;636;374;478;485;542;381;876
1,2526,2606,1,0,0,15,4,37;109;117;23;218;400;607;600;572;310;414;421;478;317;812
1,2501,2746,1,0,0,15,8,62;134;142;48;243;425;632;625;597;335;439;446;503;342;837
0,2594,2649,1,0,0,14,0,41;49;150;332;539;532;504;242;346;353;410;249;744;618
1,2572,2654,1,0,0,14,5,63;71;172;354;561;554;526;264;368;375;432;271;766;640
1,2620,2693,1,0,0,14,4,15;23;124;306;513;506;464;216;320;327;384;223;718;592
1,2598,2652,1,1,0,14,2,37;45;146;328;535;528;500;238;342;349;406;245;740;614
0,2666,2755,1,0,0,12,0,78;260;467;460;432;170;274;272;338;177;672;546
1,2636,2721,1,0,0,13,2,7;108;290;497;490;462;200;304;311;368;207;700;576
1,2682,2771,1,1,0,12,2,62;244;451;444;416;154;258;265;322;161;636;530
1,2679,2766,1,0,0,12,5,65;247;454;447;419;157;261;268;325;164;659;533
1,2719,2772,1,0,0,12,3,25;207;414;407;379;117;221;228;285;124;619;493
0,2696,2753,1,0,0,12,0,48;230;437;430;402;140;244;251;308;147;636;516
0,3111,3192,1,0,0,9,0,22;15;227;101;255;78;423;620;220
0,3114,3203,1,0,0,9,0,19;12;224;98;252;78;420;617;220
0,3105,3171,1,1,0,9,0,28;16;233;107;261;78;429;626;220
0,3108,3173,1,0,0,9,0,25;16;230;104;258;78;426;623;220
1,3164,3232,1,0,0,8,1,174;44;202;36;370;567;220;347
0,3175,3225,1,0,0,8,0,163;6;191;25;359;556;220;336
1,3125,3176,1,0,0,9,1,8;1;213;87;241;75;409;606;220
0,3152,3203,1,0,0,8,0,186;44;214;48;382;579;220;359
0,3218,3268,1,0,0,6,0,120;148;316;513;205;293
1,3226,3294,1,0,0,6,1,112;140;308;505;205;285
0,3175,3261,1,0,0,8,0,163;6;191;25;359;556;220;336
1,3208,3283,1,0,0,7,1,130;4;158;326;523;220;303
1,3302,3569,1,0,0,6,3,36;64;232;429;32;209
0,3305,3377,1,1,0,6,0,33;61;229;337;32;206
0,3272,3342,1,1,0,6,0,66;94;262;459;172;239
1,3283,3493,1,0,0,6,3,55;83;251;448;161;228
1,2962,3031,1,0,0,11,3,171;156;136;42;376;250;404;217;572;769;482
1,2959,3182,1,0,1,11,9,174;167;139;45;379;253;407;217;575;772;485
1,2952,3030,1,0,0,11,1,181;174;146;52;386;260;414;248;582;779;492
1,2893,3177,1,0,1,12,8,33;216;233;205;47;37;111;445;319;473;307;641
1,2992,3069,1,0,0,11,3,141;134;106;12;346;220;374;208;542;739;452
0,2976,3055,1,0,0,11,0,157;150;120;28;362;236;390;217;558;755;468
1,2968,3230,1,0,0,11,8,165;156;120;36;370;244;398;217;566;763;476
1,2962,3181,1,0,0,11,6,171;156;136;42;374;250;404;217;572;769;482
1,3057,3294,1,0,0,10,1,76;67;41;281;155;309;143;477;674;387
1,3048,3102,1,1,0,10,1,85;78;50;290;164;318;152;486;683;396
0,3046,3122,1,0,0,10,0,87;80;52;292;166;320;154;488;685;398
0,3033,3108,1,0,0,10,0,100;93;65;305;179;333;167;501;698;411
1,3095,3181,1,1,0,10,1,38;16;3;243;117;271;105;439;636;220
1,3091,3297,1,0,0,10,4,42;35;7;247;121;275;109;443;640;220
0,3091,3162,1,0,0,10,0,42;16;7;247;121;275;109;443;640;220
1,3070,3295,1,0,0,10,5,63;56;28;268;142;296;130;464;661;226
1,1978,2220,1,1,0,11,4,88;135;78;33;585;521;625;376;426;665;571
1,1954,2036,1,0,0,11,2,9;112;159;102;57;609;545;625;442;450;689
0,1994,2049,1,1,0,11,0,72;119;58;17;569;505;590;376;410;649;555
1,1990,2287,1,0,0,11,8,76;123;58;21;573;509;625;376;414;653;559
1,1911,1988,1,0,0,12,1,30;155;202;145;41;87;652;588;724;485;493;732
1,1883,1952,1,0,0,13,2,80;183;230;173;69;87;680;616;11;752;513;521;760
1,1941,2027,1,0,0,12,1,22;125;172;115;11;70;622;558;663;455;463;702
1,1929,2138,1,1,0,12,6,30;137;184;127;23;82;634;570;670;467;475;714
0,1822,1878,1,1,0,12,0,141;244;291;234;130;109;741;677;72;778;574;582
1,1798,1867,1,1,0,12,1,165;268;315;258;154;109;765;701;96;778;598;606
1,1882,1942,1,0,0,13,2,81;184;231;174;70;106;681;617;12;753;514;522;761
1,1873,1940,1,0,0,13,2,90;193;240;183;79;109;690;626;21;762;523;531;770
1,1756,1842,1,0,0,10,1,207;310;357;300;196;136;807;743;138;801
1,1719,1925,1,0,0,10,2,244;347;394;337;219;136;844;780;175;801
1,1784,1871,1,0,0,12,1,179;282;329;272;168;135;779;715;110;778;612;620
1,1767,1835,1,1,0,12,1,196;299;346;289;185;135;796;732;127;801;629;637
1,1692,1777,1,0,0,10,1,270;374;421;364;219;319;871;807;202;860
1,1693,1989,1,0,0,10,9,270;373;420;346;219;318;870;806;201;860
1,1713,2000,1,0,0,10,9,250;353;400;343;219;298;850;786;181;822
1,1715,1930,1,1,0,10,4,248;351;398;341;219;296;848;784;179;801
0,1651,1721,1,0,0,10,0,10;272;415;462;405;301;360;912;848;243
1,1674,1742,1,1,0,10,1,272;392;439;382;278;337;889;825;220;961
1,1685,1926,1,0,0,10,8,270;381;428;371;267;326;878;814;209;950
1,1686,1978,1,0,0,10,6,270;380;427;370;266;325;877;813;208;860
1,1583,1658,1,0,0,10,1,49;78;356;483;530;473;369;428;980;916
1,1591,1663,1,1,0,10,1,5;70;356;475;522;465;361;420;972;908
0,1607,1665,1,0,0,11,0,5;54;307;459;506;449;345;404;956;892;287
1,1631,1717,1,0,0,11,2,1;30;307;435;482;425;321;380;932;868;263
1,1511,1592,1,0,0,9,2,98;150;452;518;602;525;441;500;1052
1,1532,1620,1,1,0,9,1,71;129;431;518;581;524;420;479;1031
1,1537,1614,1,1,0,9,2,71;124;426;518;576;490;415;474;1026
1,1572,1641,1,0,0,10,2,60;89;391;494;541;484;380;439;991;927
1,2442,2517,1,0,0,15,3,121;57;193;201;107;302;484;691;684;656;394;498;505;562;401
1,2414,2473,1,0,0,14,2,149;85;221;229;135;330;512;719;712;684;422;526;533;590
1,2368,2425,1,0,0,15,1,195;131;267;28;35;275;181;376;558;765;758;730;468;572;569
0,2367,2455,1,0,0,15,0,196;132;268;29;35;276;182;377;559;766;759;731;469;573;569
1,2352,2422,1,0,0,15,2,211;147;283;44;35;291;197;392;574;781;774;746;484;588;595
1,2334,2384,1,1,0,15,2,226;165;301;62;35;309;215;410;592;799;792;764;502;606;613
1,2302,2548,1,0,1,13,7,226;183;333;94;35;341;247;442;624;831;824;796;534
1,2299,2351,1,0,0,13,1,243;183;336;97;35;344;250;445;627;834;827;799;537
1,2292,2354,1,1,0,13,2,243;202;343;104;35;351;257;452;634;841;834;806;544
0,2282,2356,1,0,0,13,0,243;202;353;114;35;358;267;462;644;851;844;816;554
1,2275,2518,1,1,0,13,9,243;202;360;121;129;358;274;469;651;858;851;823;561
1,2274,2357,1,0,0,13,2,243;209;361;122;130;358;275;470;652;859;852;824;562
1,2272,2331,1,0,0,13,2,243;227;363;124;132;358;277;472;654;861;854;826;564
1,2240,2329,1,0,0,11,1,323;259;395;156;164;358;309;504;686;893;886
0,2232,2291,1,0,0,11,0,331;267;403;164;172;358;317;512;694;901;894
0,2231,2315,1,1,0,11,0,332;268;404;165;173;358;318;513;695;902;895
0,2223,2290,1,1,0,11,0,340;276;412;173;181;379;326;521;703;910;903
1,2229,2295,1,0,0,11,1,334;270;406;167;175;379;320;515;697;904;897
1,2216,2267,1,0,0,11,1,347;283;419;180;188;427;333;528;710;917;910
0,2220,2278,1,0,0,11,0,343;279;415;176;184;379;329;524;706;913;906
1,2183,2266,1,0,0,11,2,380;316;452;213;221;448;366;561;743;950;943
0,2191,2253,1,0,0,11,0,372;304;444;205;213;448;358;553;735;942;935
1,2142,2219,1,0,0,8,1,421;329;493;254;262;460;407;602
0,2149,2208,1,0,0,8,0,414;329;486;247;255;448;400;595
1,2114,2192,1,0,0,8,1,449;334;521;282;290;529;435;630
1,2122,2195,1,0,0,8,1,441;334;513;274;282;460;427;622
0,2073,2124,1,0,0,8,0,40;490;426;562;323;331;570;476
1,2077,2365,1,0,0,8,6,36;486;422;558;319;327;566;472
0,2046,2100,1,0,0,10,0,20;67;10;517;453;582;350;358;597;503
0,2069,2158,1,0,0,8,0,44;494;430;566;327;335;574;480
1,2004,2055,1,0,1,11,1,62;109;52;7;559;495;590;376;400;639;545
0,2038,2091,1,0,0,10,0,28;75;18;525;461;582;358;366;605;511
1,1021,1073,1,1,0,15,2,130;289;231;155;435;66;223;386;225;457;283;192;611;640;260
1,1016,1092,1,0,0,15,2,135;294;236;160;440;88;228;386;230;462;288;197;616;645;265
1,1035,1119,1,1,0,15,2,116;275;217;141;421;66;209;359;211;443;269;178;597;626;246
1,1028,1098,1,1,0,15,2,123;282;224;148;428;66;216;386;218;450;276;185;604;633;253
1,1095,1303,1,0,0,16,9,56;215;157;81;361;9;149;326;151;383;209;118;537;566;186;868
1,1059,1137,1,1,0,16,2,92;251;193;117;397;45;185;358;187;419;245;154;573;602;222;904
1,1137,1351,1,0,0,15,8,14;173;115;26;319;107;284;109;341;167;76;495;524;144;826
1,1120,1208,1,0,1,15,3,31;190;132;56;336;124;301;126;358;184;93;512;541;161;843
1,934,1148,1,0,0,16,9,32;217;376;318;242;505;170;310;444;312;544;370;279;698;727;347
1,927,1007,1,0,0,16,3,39;224;383;325;249;529;177;317;444;319;551;377;286;705;734;354
1,944,1150,1,1,0,16,8,22;207;366;308;200;505;160;300;408;302;534;360;269;688;717;337
1,943,1013,1,1,0,16,1,23;208;367;309;233;505;161;301;408;303;535;361;270;689;718;338
1,949,1211,1,1,1,16,12,17;202;361;303;199;505;155;295;386;297;529;355;264;683;712;332
1,945,1212,1,0,0,16,11,21;206;365;307;200;505;159;299;386;301;533;359;268;687;716;336
1,966,1019,1,1,0,16,1,0;185;344;286;199;487;138;278;386;273;512;338;247;666;695;315
1,965,1219,1,1,1,16,11,1;186;345;287;199;487;139;279;386;281;513;339;248;667;696;316
1,812,893,1,0,0,18,1,154;12;67;332;69;498;440;364;634;292;432;609;434;666;492;401;820;849
1,813,873,1,0,0,18,1,153;11;66;332;68;497;439;346;634;291;431;608;433;665;491;400;819;848
1,858,1127,1,0,0,17,11,108;21;293;23;452;394;318;598;246;386;563;388;620;446;355;774;803
1,874,927,1,0,0,18,1,92;5;277;7;436;378;302;548;230;370;547;372;604;430;339;758;787;407
1,901,980,1,0,1,16,3,65;250;409;351;275;548;203;343;520;345;577;403;312;731;760;380
1,905,990,1,0,0,16,2,61;246;405;347;271;540;199;339;516;341;573;399;308;727;756;376
0,905,990,1,0,0,16,0,61;246;405;347;271;540;199;339;444;341;573;399;308;727;756;376
0,912,979,1,0,0,16,0,54;239;398;340;264;540;192;332;444;334;566;392;301;720;749;369
1,737,980,1,0,1,19,9,229;65;87;142;404;144;24;573;515;439;719;367;507;684;509;741;567;476;895
1,749,804,1,0,0,19,1,217;53;75;130;402;132;12;561;503;404;707;355;495;672;497;729;555;464;883
1,770,990,1,1,0,19,10,196;32;54;109;381;111;540;482;404;668;334;474;651;476;708;534;443;862;891
1,772,845,1,1,0,19,2,194;30;52;107;379;109;538;480;387;668;332;472;649;474;706;532;441;860;889
1,776,846,1,0,0,19,2,190;26;48;103;332;105;534;476;387;668;328;468;645;470;702;528;437;856;885
0,779,847,1,1,0,19,0,187;23;45;100;332;102;531;473;387;642;325;465;642;467;699;525;434;853;882
1,786,837,1,1,0,19,2,180;16;38;93;332;95;524;466;387;642;318;458;635;460;692;518;427;846;875
1,808,876,1,0,0,18,2,158;16;71;332;73;502;444;368;642;296;436;613;438;670;496;405;824;853
1,1462,1692,1,0,0,10,5,16;170;199;501;518;651;594;490;549;1101
1,1452,1707,1,9,0,11,6,4;26;180;209;511;526;661;604;500;559;1111
1,1439,1508,1,2,0,11,2,17;39;193;222;523;527;674;617;513;572;1124
1,1431,1517,1,4,0,10,2,25;47;201;230;523;569;682;625;521;580
1,1511,1566,1,0,0,9,1,86;150;452;518;602;525;441;500;1052
1,1503,1582,1,1,0,9,1,98;158;460;518;610;525;449;508;1060
1,1494,1573,1,0,0,9,1,138;167;469;518;619;525;458;517;1069
0,1489,1559,1,0,0,9,0,143;172;474;518;624;525;463;522;1074
1,1390,1451,1,0,0,10,1,66;31;88;237;271;523;643;723;666;562
1,1389,1619,1,0,0,10,3,67;32;89;237;272;523;664;724;667;563
1,1376,1458,1,0,0,10,1,80;45;102;256;285;523;664;737;680;576
1,1362,1427,1,0,1,10,1,94;59;116;270;299;523;664;751;694;590
0,1424,1480,1,2,0,9,0,32;54;208;237;523;569;689;632;528
1,1407,1637,1,1,0,10,3,49;14;71;208;254;523;598;706;649;545
1,1404,1459,1,1,0,10,2,52;17;74;208;257;523;643;709;652;548
1,1404,1625,1,1,0,10,3,52;17;74;208;257;523;621;709;652;548
1,1253,1341,1,0,0,10,1,57;203;168;225;51;379;408;28;710;813
1,1263,1331,1,0,0,10,1,47;193;158;215;41;369;398;18;700;768
1,1219,1308,1,0,0,12,1,91;33;237;25;193;27;259;85;392;442;62;744
0,1227,1297,1,1,0,12,0,83;25;229;17;168;19;251;77;392;434;54;736
1,1355,1590,1,0,0,10,3,101;66;123;277;306;523;711;758;701;597
1,1356,1421,1,0,1,10,2,100;65;122;276;305;523;668;757;700;596
0,1327,1382,1,1,0,9,0,129;94;151;305;334;636;739;786;729
1,1330,1622,1,0,0,9,6,126;91;148;302;331;633;736;783;726
0,1180,1239,1,0,0,13,0,130;72;276;64;241;66;298;124;33;452;481;97;783
1,1182,1246,1,1,0,13,2,128;70;274;62;239;64;296;122;31;450;479;97;781
1,1147,1210,1,0,0,15,3,4;163;105;26;290;97;274;99;331;157;66;485;514;134;816
0,1169,1222,1,0,0,14,0,141;83;7;287;75;252;77;309;135;44;463;492;97;794
1,1196,1252,1,0,0,13,1,114;56;260;48;225;38;282;108;17;392;465;85;767
1,1210,1276,1,0,0,13,1,100;42;246;34;211;36;268;94;3;392;451;71;753
1,1186,1245,1,0,0,13,1,124;66;270;58;235;60;292;118;27;392;475;95;777
1,1190,1243,1,0,0,13,1,120;62;266;54;231;43;288;114;23;392;471;91;773
1,7283,7371,1,0,0,15,1,16;43;223;42;189;129;144;183;277;434;94;494;652;603;796
0,7272,7337,1,0,0,15,0,27;54;234;53;200;140;155;194;288;445;105;505;663;614;807
0,7271,7341,1,0,0,15,0,28;55;235;54;201;141;156;195;289;446;106;506;664;615;808
1,7255,7544,1,0,0,16,8,44;71;251;11;70;217;157;172;211;305;462;122;522;680;631;824
0,7252,7310,1,0,0,16,0,47;74;254;14;73;220;160;175;214;308;465;125;525;683;634;827
0,7234,7294,1,0,0,16,0,65;92;272;32;91;238;178;193;9;232;326;483;143;543;701;652
0,7234,7290,1,0,0,16,0,65;92;272;32;91;238;178;193;9;232;326;483;143;543;701;652
0,7181,7239,1,0,0,16,0,118;145;325;85;144;291;231;246;62;285;379;536;196;596;754;705
1,7389,7674,1,0,0,12,6,117;83;23;38;77;133;328;388;546;497;690;716
0,7380,7434,1,0,0,12,0,126;92;32;47;86;133;337;397;555;506;699;725
0,7378,7435,1,0,0,12,0,128;94;34;49;88;133;339;399;557;508;701;727
1,7366,7421,1,0,0,13,2,140;106;46;61;100;140;351;11;411;569;520;713;739
0,7365,7440,1,0,0,13,0,141;107;47;62;101;140;352;12;412;570;521;714;740
1,7364,7440,1,0,0,13,2,142;108;48;63;102;196;353;13;413;571;522;715;741
1,7296,7360,1,0,0,15,1,3;30;210;29;176;116;131;170;234;421;81;481;639;590;767
1,7291,7373,1,0,0,15,3,8;35;215;34;181;121;136;175;269;426;86;486;644;595;767
1,7476,7769,1,0,0,9,8,30;54;241;301;459;410;603;629;661
1,7477,7543,1,1,0,9,1,29;26;240;300;458;409;602;628;660
1,7420,7478,1,0,0,12,2,86;52;7;46;132;297;357;515;466;614;685;717
1,7464,7549,1,0,0,11,2,42;8;2;96;253;313;471;422;614;641;673
1,7402,7474,1,0,0,13,2,104;70;10;25;64;132;315;375;533;484;660;703;735
1,7415,7466,1,1,0,12,1,91;57;12;51;132;302;362;520;471;623;690;722
1,7392,7481,1,0,0,12,2,114;80;20;35;74;133;325;385;543;494;664;713
1,7400,7476,1,0,0,13,2,106;72;12;27;66;133;317;377;535;486;660;705;737
1,7598,7683,1,0,0,9,1,119;179;337;288;481;507;491;640;788
1,7617,7676,1,0,0,10,2,100;160;295;269;462;488;491;621;769;826
1,7586,7845,1,0,0,9,5,131;191;349;300;493;519;551;652;800
0,7596,7649,1,0,0,9,0,121;181;339;290;483;509;491;642;790
0,7561,7647,1,0,0,9,0,156;216;374;325;518;544;576;677;825
0,7574,7636,1,1,0,9,0,143;203;361;312;505;531;563;664;812
1,7488,7557,1,0,0,10,2,18;26;229;289;447;398;591;617;631;750
0,7542,7606,1,0,0,10,0,18;175;235;393;344;537;563;595;696;844
1,7757,7984,1,0,0,12,7,20;178;129;322;348;380;481;629;664;908;470;860
1,7752,7807,1,0,0,12,1,25;183;134;327;353;385;486;634;665;913;475;865
1,7775,8064,1,1,0,12,6,2;160;111;304;330;362;463;611;651;890;452;842
1,7772,7858,1,0,0,12,1,5;163;114;307;333;365;466;614;664;893;455;845
1,7688,7948,1,0,0,11,8,29;89;247;198;391;417;449;550;698;755;977
0,7632,7707,1,0,0,10,0,85;145;295;254;434;473;491;606;754;811
1,7719,7787,1,0,0,12,1,58;216;167;360;386;418;519;667;665;915;508;898
1,7699,7928,1,1,0,11,7,18;78;236;187;380;406;438;539;687;744;915
1,7867,7924,1,0,0,13,1,68;19;212;238;270;371;519;576;798;360;750;385;556
1,7867,7933,1,0,0,13,1,68;19;212;238;270;371;519;540;798;360;750;385;556
1,7900,7952,1,0,0,13,1,35;179;205;216;338;486;540;765;327;717;352;523;881
1,7888,7974,1,0,0,13,2,47;191;217;216;350;498;540;777;339;729;364;535;893
0,7806,7862,1,0,0,12,0,129;80;273;299;331;432;580;637;859;421;811;446
1,7777,8026,1,1,0,12,6,0;158;109;302;328;332;461;609;651;888;450;840
1,7824,7878,1,0,0,12,1,111;62;255;281;313;414;562;619;841;403;793;428
0,7811,7861,1,0,0,12,0,124;75;268;294;326;427;575;632;854;416;806;441
1,8025,8109,1,0,0,15,3,54;80;112;213;361;418;640;202;592;227;398;756;697;575;925
1,8031,8085,1,1,0,15,1,48;74;106;207;355;412;634;196;533;221;392;750;691;575;919
1,8045,8275,1,0,0,15,8,34;60;92;193;341;398;620;182;533;207;364;736;677;575;905
1,8060,8292,1,0,0,15,6,19;45;77;178;326;383;605;116;533;192;363;721;662;575;890
1,7904,8157,1,0,0,13,8,12;175;201;216;334;482;539;761;323;713;348;519;877
1,7963,8027,1,0,0,13,1,116;142;174;275;423;480;702;264;654;289;460;818;759
1,7994,8048,1,0,0,14,2,85;111;143;244;392;449;671;233;623;258;429;787;728;650
1,8004,8083,1,0,0,14,1,75;101;133;234;382;439;661;223;613;248;403;777;718;640
0,8160,8240,1,1,0,15,0,78;226;283;411;67;457;92;263;621;562;484;790;422;542;774
1,8194,8259,1,0,0,16,2,44;192;249;411;33;423;58;229;587;528;450;756;388;508;740;660
1,8195,8258,1,0,0,16,1,43;191;248;411;32;422;57;228;586;509;449;755;387;507;739;659
1,8217,8269,1,0,0,16,2,21;169;226;387;10;400;35;206;564;505;427;733;365;485;717;637
1,8113,8172,1,0,0,15,1,24;125;273;330;552;114;504;139;310;668;609;530;837;469;589
1,8123,8410,1,0,0,16,8,13;115;263;320;542;104;494;129;300;658;599;521;827;459;579;811
0,8132,8189,1,1,0,16,0,5;106;254;311;411;95;485;120;291;649;590;512;818;450;570;802
1,8148,8215,1,0,0,15,3,90;238;295;411;79;469;104;275;633;574;496;802;434;554;786
1,6340,6402,1,1,0,15,1,71;16;127;5;306;138;304;530;98;260;380;638;315;959;798
1,6334,6387,1,0,0,15,2,77;22;133;11;312;144;310;536;104;266;386;644;325;965;804
1,6306,6357,1,0,0,15,1,105;50;151;39;340;172;321;561;132;294;414;672;343;993;832
1,6294,6548,1,0,0,15,9,117;62;151;51;352;184;321;561;144;306;426;679;365;1005;844
1,6395,6447,1,1,0,16,2,16;72;251;78;249;475;43;205;325;583;264;901;743;931;666;1111
1,6391,6662,1,0,0,16,13,20;76;255;87;253;479;47;209;329;587;268;901;747;935;670;1115
1,6372,6450,1,0,0,15,2,39;92;274;106;272;498;66;228;348;606;287;927;766;954;689
1,6369,6421,1,0,0,15,2,42;98;277;109;275;501;69;231;351;609;290;930;769;957;692
1,6440,6511,1,1,0,15,2,27;206;38;204;430;160;280;538;219;859;698;886;621;1066;826
0,6435,6494,1,0,0,16,0,32;211;43;209;435;3;165;285;543;224;864;703;891;626;1071;831
1,6435,6495,1,0,0,16,1,32;211;43;209;435;3;165;285;543;224;864;703;891;626;1071;831
1,6417,6506,1,0,0,16,3,50;229;61;227;453;21;183;303;561;242;882;721;909;644;1089;849
0,6521,6572,1,1,0,15,0,125;123;349;79;199;457;138;778;617;805;540;985;745;425;804
0,6491,6574,1,1,0,15,0,155;153;379;109;229;487;168;808;647;835;570;1015;775;455;834
0,6484,6560,1,1,0,14,0,162;160;386;116;236;494;175;815;654;842;577;1022;782;462
1,6449,6737,1,0,0,15,10,18;197;29;195;421;151;271;529;210;850;689;877;612;1057;817
0,6580,6649,1,0,0,17,0,66;64;290;20;140;398;79;719;558;719;481;926;686;366;745;892;832
1,6587,6662,1,0,0,18,2,59;57;283;13;133;391;72;712;551;719;474;919;679;359;738;885;825;572
1,6530,6805,1,0,0,15,7,116;114;340;70;190;448;129;769;608;796;531;976;736;416;795
1,6541,6625,1,0,0,15,3,105;103;329;59;179;437;118;758;597;719;520;965;725;405;784
1,6611,6680,1,0,0,17,2,35;29;259;109;367;48;688;527;700;450;895;655;335;714;861;801;548
1,6624,6693,1,0,0,17,1,22;11;246;96;354;35;675;514;700;437;882;642;322;701;848;788;535
1,6592,6644,1,0,0,18,1,54;29;278;8;128;386;67;707;546;719;469;914;674;354;733;880;820;567
1,6593,6653,1,0,0,18,1,53;29;277;7;127;385;66;706;545;706;468;913;673;353;732;879;819;566
0,6653,6708,1,0,0,15,0,217;37;325;6;646;485;673;408;853;613;277;672;819;759;506
1,6666,6737,1,0,0,16,3,204;37;312;633;472;660;395;840;600;277;659;806;746;493;761;577
1,6631,6685,1,0,0,17,2,15;11;239;37;347;28;668;507;695;430;875;635;315;694;841;781;528
0,6646,6711,1,0,0,16,0,0;224;37;332;13;653;492;680;415;860;620;277;679;826;766;513
1,6692,6768,1,0,0,16,1,178;28;286;607;446;633;369;814;574;254;633;780;720;467;698;551
1,6706,6784,1,0,0,16,2,164;14;272;593;432;620;355;757;560;240;619;766;706;453;698;537
1,6677,6755,1,0,0,16,1,193;37;301;622;461;649;384;829;589;269;648;792;735;482;750;566
1,6682,6906,1,0,0,16,9,188;37;296;617;456;644;379;824;584;264;643;790;730;477;698;561
1,6742,6829,1,1,0,16,2,128;230;557;396;584;319;757;524;204;583;730;670;417;685;501;724
1,6724,6807,1,0,0,16,2,146;254;575;414;602;337;757;542;222;601;748;688;435;698;519;742
1,6769,6825,1,1,0,16,2,101;209;530;369;557;292;737;497;177;556;703;643;390;650;474;697
1,6749,7034,1,0,0,16,12,121;216;550;389;577;312;757;517;197;576;723;663;410;678;494;717
0,6774,6858,1,1,0,16,0,96;204;525;364;522;287;732;492;172;551;698;638;385;636;469;692
1,6772,6823,1,0,0,16,1,98;206;527;366;522;289;734;494;174;553;700;640;387;650;471;694
1,6832,6904,1,0,0,17,2,38;146;467;306;494;229;674;434;114;493;640;580;327;595;411;634;728
1,6777,6862,1,0,1,16,2,93;201;522;361;522;284;729;489;169;548;695;635;382;636;466;689
1,6856,6935,1,1,0,17,3,14;122;443;282;468;205;650;410;90;469;616;556;303;569;387;610;704
1,6838,6890,1,0,0,17,1,32;140;461;300;468;223;668;428;108;487;634;574;321;589;405;628;722
1,6886,6964,1,1,0,17,2,92;413;252;415;175;620;380;60;439;586;526;273;541;357;580;674;831
1,6876,6959,1,0,0,16,4,102;423;262;450;185;630;390;70;449;596;536;283;551;367;590;684
1,6891,7170,1,0,1,17,11,72;408;247;415;170;615;375;55;434;581;521;268;503;352;575;669;826
1,6889,6951,1,1,0,17,1,72;410;249;415;172;617;377;57;436;583;523;270;538;354;577;671;828
0,6928,6984,1,0,0,18,0,50;371;210;398;133;578;338;18;397;544;484;231;481;315;538;632;789;449
1,6912,6974,1,0,0,18,1,66;387;226;414;149;594;354;34;413;560;500;247;486;331;554;648;805;465
1,6938,7010,1,0,0,18,2,40;361;200;388;123;568;328;8;387;534;474;221;481;305;528;622;779;439
1,6951,7023,1,0,0,17,1,27;348;187;375;110;555;315;374;521;461;208;471;292;515;609;766;426
1,6959,7191,1,0,0,17,9,19;340;179;367;102;547;307;366;513;453;200;446;284;507;601;758;418
1,7003,7300,1,0,0,16,10,296;135;323;58;503;263;322;469;409;156;424;240;463;557;714;374
0,7021,7093,1,0,0,17,0,278;117;305;40;485;245;304;451;391;138;395;222;445;539;696;356;756
1,7024,7102,1,0,0,17,1,275;114;302;37;482;242;301;448;388;135;395;219;442;536;693;353;753
0,7026,7089,1,0,0,17,0,273;112;300;35;480;240;299;446;386;133;395;217;440;483;691;351;751
0,7028,7100,1,0,0,17,0,271;110;298;33;478;238;297;444;384;131;395;215;438;483;689;349;749
1,7042,7119,1,0,0,17,2,257;96;284;19;464;224;283;430;370;117;385;201;424;483;675;335;735
0,7056,7140,1,0,0,17,0,243;82;270;5;450;210;269;416;356;103;371;142;410;483;661;321;721
0,7059,7110,1,0,0,17,0,240;79;267;2;447;207;266;413;353;100;368;142;407;483;658;318;718
1,7075,7302,1,0,0,16,6,224;63;251;431;191;250;397;337;84;352;142;391;483;642;302;702
1,7077,7130,1,0,1,16,1,222;61;249;429;189;248;395;335;82;350;142;389;483;640;245;700
0,7080,7136,1,0,0,16,0,219;58;246;426;186;245;392;332;79;347;142;386;468;637;245;697
1,7086,7342,1,1,0,16,7,213;52;240;420;180;239;386;326;73;341;142;380;468;631;245;691
1,7137,7198,1,0,1,17,1,162;1;189;369;129;188;335;275;22;290;106;329;423;580;216;640;798
1,5542,5600,1,1,1,16,3,131;377;87;321;368;42;264;570;489;366;472;590;548;189;724;869
0,5548,5607,1,0,0,16,0,125;371;81;315;362;36;258;555;483;360;466;584;542;183;723;863
0,5507,5577,1,0,0,15,0,166;412;122;356;403;77;299;605;524;401;507;625;583;224;724
0,5533,5611,1,1,0,16,0,140;386;96;330;377;51;273;579;498;375;481;599;557;198;724;878
0,5446,5496,1,0,0,15,0,13;200;473;183;417;464;138;360;666;585;462;568;686;644;285
1,5473,5550,1,0,0,15,1,200;446;156;390;437;111;333;639;558;435;541;659;617;258;798
1,5430,5494,1,1,0,15,3,29;200;489;199;433;480;154;374;682;601;478;584;702;660;301
1,5432,5505,1,0,0,15,1,27;200;487;191;431;478;152;374;680;599;476;582;700;658;299
1,5422,5485,1,1,0,15,1,37;200;497;207;441;488;162;380;690;609;486;592;710;668;309
1,5426,5511,1,1,0,15,2,33;200;493;203;437;484;158;380;686;605;482;588;706;664;305
1,5409,5493,1,0,0,15,1,50;242;510;207;454;501;175;397;703;622;499;605;723;681;322
1,5414,5498,1,0,0,15,2,45;200;505;207;449;496;170;392;698;617;494;600;718;676;317
1,5380,5638,1,1,0,16,12,9;79;293;539;249;483;530;204;426;732;651;528;634;752;710;351
1,5389,5668,1,0,0,16,11,0;70;242;530;240;474;521;195;417;723;642;519;625;743;701;342
1,5298,5360,1,1,0,15,4,27;57;91;161;375;621;306;565;612;286;508;814;724;610;716
1,5319,5530,1,0,0,15,2,6;36;70;140;354;600;306;544;591;265;487;793;712;589;695
1,5874,6151,1,0,0,15,9,25;36;238;157;34;140;258;216;397;537;129;482;593;445;772
1,5857,5922,1,0,0,16,2,62;6;53;255;174;51;157;275;233;414;554;146;499;610;445;789
1,5833,5915,1,1,0,16,3,86;30;77;279;198;75;181;299;257;438;578;170;523;634;512;813
1,5833,6119,1,0,0,16,9,86;30;77;279;198;75;181;299;257;438;578;170;523;634;508;813
1,5774,5863,1,1,0,16,2,145;89;136;29;338;257;134;240;358;316;497;637;229;582;693;571
1,5730,5781,1,1,0,17,1,189;133;180;29;382;301;178;284;402;360;1;541;681;273;626;737;615
1,5728,5962,1,0,0,17,7,191;135;182;78;384;303;180;286;404;362;3;543;683;275;628;739;617
1,5675,5739,1,0,0,14,2,244;188;235;131;437;356;233;339;457;415;41;596;736;328
1,5639,5694,1,0,0,15,2,34;280;224;271;167;473;392;269;375;493;417;41;632;772;364
1,5633,5697,1,0,0,15,1,40;286;230;277;173;479;398;275;381;499;457;41;638;778;370
1,5592,5863,1,0,0,16,11,81;327;32;271;318;214;520;439;316;422;540;498;41;679;819;411
1,5583,5666,1,0,1,17,2,90;336;46;280;327;1;223;529;448;325;431;549;507;41;688;828;420
0,5574,5660,1,1,0,17,0,99;345;55;289;336;10;232;538;457;334;440;558;516;41;697;837;429
0,5568,5643,1,0,0,17,0,105;351;61;295;342;16;232;544;463;340;446;564;522;41;703;843;435
1,5557,5764,1,0,0,17,7,116;362;72;306;353;27;249;555;474;351;457;575;533;41;714;854;446
1,5556,5786,1,0,0,17,6,117;363;73;307;354;28;250;555;475;352;458;576;534;175;715;855;447
1,6037,6124,1,0,0,13,2,75;95;53;234;293;319;407;308;609;441;607;833;401
0,6054,6107,1,1,0,13,0,58;78;36;217;293;302;358;291;592;424;590;816;384
1,6092,6162,1,0,0,12,1,20;40;179;293;264;358;253;554;386;552;778;346
1,6095,6162,1,1,0,13,1,17;37;176;266;261;358;250;551;383;549;775;343;505
1,6000,6234,1,1,1,16,9,112;31;14;132;90;271;411;3;356;467;345;646;478;644;870;438
1,6026,6115,1,0,0,14,2,86;5;106;59;245;385;330;441;319;620;452;618;844;412
1,6026,6113,1,0,0,14,2,86;5;106;59;245;385;330;407;319;620;452;618;844;412
1,6031,6237,1,0,0,14,5,81;0;101;59;240;300;325;407;314;615;447;613;839;407
1,5929,5987,1,0,0,12,1,183;102;85;203;161;342;482;74;427;472;416;717
1,5958,6024,1,0,0,14,1,154;73;56;174;132;313;453;45;398;472;387;688;520;686
1,5960,6182,1,0,0,14,6,152;52;54;172;130;311;451;43;396;472;385;686;518;684
1,5967,6056,1,0,0,14,3,145;52;47;165;117;304;444;36;389;472;378;679;511;677
1,5878,5950,1,0,0,15,2,25;32;234;130;30;136;254;212;393;533;125;478;589;445;768
1,5889,6152,1,1,1,15,6,25;21;223;130;19;125;243;180;382;522;114;467;578;445;757
1,5912,5975,1,0,0,13,1,7;200;119;102;220;178;359;499;91;444;475;433;734
1,5917,5999,1,1,0,13,1,2;194;114;97;215;173;354;494;86;439;475;428;729
1,6254,6337,1,0,0,13,2,17;157;102;213;91;392;224;321;616;184;346;466;724
1,6254,6311,1,0,0,13,1,17;157;102;213;91;392;224;321;616;184;346;466;691
1,6280,6337,1,0,0,14,2,131;76;187;65;366;198;321;561;158;320;440;679;379;1019
1,6262,6315,1,0,0,13,1,9;149;94;205;83;384;216;321;561;176;338;458;691
1,6234,6320,1,1,0,12,2,37;177;122;230;111;412;244;410;636;204;366;486
1,6180,6239,1,0,0,12,1,91;189;176;287;165;466;247;464;688;258;420;540
1,6243,6535,1,1,1,13,6,28;168;113;224;102;403;226;401;627;195;357;477;735
1,6234,6297,1,1,0,12,1,37;177;122;230;111;412;226;410;636;204;366;486
1,6146,6403,1,1,0,11,11,125;225;210;321;199;500;297;498;724;292;454
1,6133,6215,1,1,0,11,1,138;225;223;334;212;513;320;511;737;305;467
1,6170,6224,1,0,0,12,1,101;225;186;297;175;476;247;474;688;268;430;550
1,6169,6252,1,0,1,12,1,102;225;187;298;176;477;297;475;688;269;431;551
1,6110,6164,1,1,0,13,1,2;22;161;266;246;357;235;536;320;534;760;328;490
0,6109,6174,1,0,0,13,0,3;23;162;266;247;358;236;537;320;535;761;329;491
0,6119,6170,1,0,0,12,0,13;152;225;237;348;226;527;320;525;751;319;481
1,6118,6206,1,1,0,12,1,14;153;255;238;349;227;528;320;526;752;320;482
1,4366,4443,1,0,1,17,6,106;89;259;373;107;425;656;585;341;438;315;460;675;128;746;751;798
1,4381,4664,1,0,0,18,13,91;74;244;367;92;410;641;570;330;423;300;446;660;128;731;736;783;944
1,4358,4443,1,0,0,17,4,114;96;267;390;115;433;664;593;341;446;323;480;683;128;754;759;806
1,4363,4426,1,1,0,17,5,109;92;262;373;110;428;659;588;341;441;318;475;678;128;749;754;801
1,4406,4492,1,1,0,18,1,66;49;219;342;67;385;616;545;305;398;275;432;635;120;706;711;758;919
1,4429,4483,1,0,0,19,4,43;26;196;319;44;362;593;522;282;375;252;409;612;97;683;688;735;896;926
1,4390,4478,1,0,1,18,6,82;62;235;358;83;401;632;561;321;414;291;446;651;128;722;727;774;935
1,4394,4483,1,0,0,18,6,78;61;231;354;79;397;628;557;317;410;287;444;647;128;718;723;770;931
1,4312,4604,1,1,0,16,13,160;108;313;436;161;479;710;639;397;492;369;499;729;214;800;805
1,4315,4612,1,0,1,16,12,157;108;310;433;158;476;707;636;396;489;366;499;726;128;797;802
1,4308,4374,1,0,0,16,1,164;122;317;440;165;483;714;643;397;496;373;530;733;218;804;809
1,4309,4519,1,0,0,16,10,163;108;316;439;164;482;713;642;397;495;372;529;732;217;803;808
0,4352,4416,1,0,0,17,0,120;96;273;396;121;439;670;599;359;452;329;484;689;128;760;765;812
1,4353,4439,1,0,1,17,6,119;96;272;395;120;438;669;598;358;451;328;484;688;128;759;764;811
1,4319,4402,1,1,0,17,6,153;96;306;429;154;472;703;632;392;485;362;499;722;128;793;798;845
1,4320,4597,1,1,0,17,12,152;96;305;428;153;471;702;631;391;484;361;484;721;128;792;797;844
1,4690,4745,1,0,0,14,2,57;101;332;261;21;114;148;351;422;427;474;635;665;699
0,4687,4750,1,0,0,14,0,57;104;335;264;24;117;151;354;425;430;477;638;668;702
1,4674,4737,1,0,0,15,2,74;117;348;277;37;130;7;164;367;438;443;490;651;681;715
1,4601,4874,1,0,0,15,8,24;147;190;421;350;110;203;80;237;440;511;516;563;724;754
1,4769,4830,1,0,0,13,1,22;253;182;35;69;272;343;348;395;556;586;620;299
1,4762,4970,1,0,0,13,5,29;260;189;42;76;279;350;355;402;557;593;627;319
1,4757,4843,1,0,0,13,1,34;265;194;47;81;284;355;360;407;568;598;632;324
1,4700,4770,1,1,0,14,2,37;91;322;251;11;104;138;341;412;417;464;625;655;689
1,4499,4568,1,0,0,16,5,126;249;292;523;452;212;305;182;339;542;27;613;618;665;826;856
0,4498,4549,1,0,0,16,0,127;250;293;524;453;213;306;183;340;543;28;614;619;666;827;857
1,4486,4545,1,1,0,16,5,139;262;305;536;465;225;318;195;352;555;40;626;631;678;839;869
1,4463,4712,1,0,1,18,12,9;162;285;10;328;559;488;248;341;218;375;578;63;649;654;701;862;892
0,4561,4622,1,0,0,15,0,64;187;230;461;390;150;243;120;277;480;551;556;603;764;794
1,4534,4603,1,0,1,15,4,91;214;257;488;417;171;270;147;304;507;578;583;630;791;821
1,4534,4587,1,0,0,15,1,91;214;257;488;417;158;270;147;304;507;578;583;630;791;821
1,4505,4567,1,1,0,16,3,120;243;286;517;446;206;299;176;318;536;21;607;612;659;820;850
1,4924,5007,1,0,0,13,1,98;27;117;165;193;240;401;431;465;157;535;749;995
1,4934,4995,1,0,0,13,3,88;17;107;165;183;230;391;421;455;134;525;739;985
1,4937,5170,1,0,0,13,7,74;14;104;165;180;227;388;418;452;134;522;736;982
1,4955,5206,1,0,0,12,8,67;86;157;162;209;370;400;434;126;504;718;964
1,4992,5243,1,0,0,13,7,30;49;120;125;172;333;363;397;89;467;681;927;637
1,5102,5185,1,0,0,14,1,10;15;62;223;253;287;357;571;817;527;761;808;482;704
0,5109,5160,1,1,0,14,0,3;8;55;216;246;280;350;564;810;520;754;801;475;652
1,5112,5201,1,0,0,14,1,0;5;52;213;243;277;347;561;807;517;751;798;472;652
1,4775,4844,1,0,0,13,1,16;247;176;29;63;266;283;342;389;550;580;614;299
1,4780,4854,1,0,0,13,1,11;187;171;24;58;261;283;337;384;545;575;609;299
1,4789,5011,1,0,0,13,6,2;187;162;15;49;252;283;328;375;536;566;600;291
1,4797,4999,1,0,0,12,5,187;154;7;41;244;283;320;367;528;558;592;271
1,4833,4907,1,0,0,12,2,187;118;5;208;279;284;331;492;522;556;248;626
1,4867,4926,1,0,0,11,2,155;84;174;245;250;297;458;488;522;214;592
1,4883,4957,1,0,0,11,1,139;68;158;229;234;281;442;472;506;198;576
1,4921,4987,1,1,0,13,1,101;30;120;191;196;243;404;434;468;160;538;752;998
1,5191,5268,1,1,0,12,1,122;164;198;268;464;728;423;672;719;393;615;921
1,5184,5261,1,1,0,12,1,122;171;205;275;464;735;445;679;726;400;622;928
1,5268,5346,1,0,0,15,1,57;87;121;191;405;651;361;595;642;316;538;844;763;640;746
1,5255,5457,1,0,0,15,7,70;100;134;204;418;664;374;608;655;329;551;857;776;653;759
1,5277,5351,1,0,0,15,1,48;78;112;182;396;642;352;586;633;307;529;827;754;631;737
1,5274,5353,1,0,0,15,5,51;81;115;185;398;645;355;589;636;310;532;838;757;634;740
1,5297,5558,1,0,1,15,9,28;58;92;162;376;622;306;566;613;287;509;815;734;611;717
0,5284,5338,1,1,0,15,0,41;71;105;175;389;635;306;579;626;300;522;827;747;624;730
1,5150,5212,1,0,0,12,1,14;175;205;239;309;523;769;479;713;760;434;652
0,5113,5178,1,0,0,13,0,4;51;212;242;276;346;560;806;485;750;797;471;652
1,5163,5446,1,1,0,12,6,1;162;192;226;296;476;756;466;700;747;421;643
0,5160,5242,1,1,0,12,0,4;165;195;229;299;476;759;469;703;750;424;646
1,5169,5249,1,1,0,12,1,122;186;220;290;476;750;450;694;741;415;637;943
1,5168,5403,1,0,1,12,8,122;187;221;291;476;751;461;695;742;416;638;944
1,5182,5256,1,1,0,12,1,122;173;207;277;476;737;446;681;728;402;623;930
1,5171,5450,1,1,0,12,10,122;184;218;288;476;748;446;692;739;413;635;941
1,11659,11930,1,1,0,13,8,76;281;182;434;729;387;620;297;714;639;388;783;407
1,11664,11732,1,0,0,13,5,71;260;177;429;724;382;615;292;709;639;383;778;330
1,11642,11937,1,1,0,13,8,93;298;199;451;746;404;637;314;731;666;405;800;424
1,11659,11732,1,0,0,13,5,76;281;182;434;729;387;620;297;714;639;388;783;330
1,11695,11761,1,0,0,13,1,40;243;146;398;690;351;584;261;678;613;352;747;330
1,11712,11795,1,0,0,13,4,23;228;129;381;676;334;567;244;661;564;335;730;330
1,11682,11761,1,0,0,13,4,53;243;159;411;706;364;597;274;691;626;365;760;330
0,11693,11763,1,0,0,13,0,42;243;148;400;690;353;586;263;680;615;354;749;330
1,11727,11795,1,0,0,14,5,8;207;114;366;661;319;552;229;646;564;320;715;330;1145
1,11728,11805,1,0,0,14,5,7;179;113;365;660;318;551;228;645;564;319;714;309;1144
0,11723,11777,1,0,0,13,0,12;207;118;370;665;323;556;233;650;564;324;719;330
1,11727,11793,1,1,0,14,1,8;179;114;366;661;319;552;229;646;564;320;715;330;1145
1,11787,11870,1,0,0,13,3,153;54;306;601;243;492;169;586;521;260;655;275;1085
1,11807,11878,1,0,1,13,4,133;34;286;581;239;472;149;566;501;240;635;259;1053
1,11760,11836,1,0,0,13,2,179;81;333;628;286;519;196;613;548;287;682;306;1108
1,11762,11842,1,0,0,13,1,178;79;331;626;243;517;194;611;546;285;680;304;1108
0,11347,11417,1,0,0,15,0,23;44;218;10;90;14;294;21;119;124;177;388;116;593;494
1,11345,11642,1,0,0,15,5,25;46;220;12;92;16;296;158;286;126;179;390;118;595;496
1,11345,11603,1,0,0,15,2,25;46;220;12;92;16;296;21;286;126;179;390;118;595;496
1,11322,11589,1,0,0,16,3,48;69;16;243;35;115;39;319;176;309;149;202;413;141;618;519
1,11414,11658,1,0,0,12,4,151;23;227;21;119;57;110;321;49;526;427;679
1,11394,11595,1,0,0,12,5,171;43;247;21;119;77;130;341;69;546;447;699
0,11389,11475,1,1,0,12,0,2;176;48;252;21;119;82;135;346;74;551;452
0,11364,11423,1,0,0,13,0,6;27;201;73;277;21;119;107;160;371;99;576;477
1,11468,11535,1,0,0,14,1,97;173;19;119;3;56;267;472;373;625;920;578;811;488
0,11466,11525,1,1,0,14,0,99;175;19;119;5;58;269;474;375;627;922;580;813;490
1,11448,11654,1,0,0,11,4,117;193;19;119;23;76;287;15;492;393;645
0,11446,11519,1,0,0,11,0,119;195;19;119;25;78;289;17;494;395;647
1,11565,11627,1,0,0,12,3,0;76;66;170;375;276;528;823;481;714;391;808
1,11524,11593,1,0,0,13,3,41;117;107;0;211;407;317;569;864;522;755;432;849
1,11513,11755,1,0,0,12,8,52;128;118;11;222;420;328;580;875;533;766;443
1,11491,11697,1,1,0,13,8,74;150;12;119;33;244;449;348;602;897;555;788;465
1,11135,11212,1,0,0,18,3,167;235;0;256;10;203;430;222;302;226;506;368;496;336;389;600;328;805
1,11151,11212,1,0,0,16,1,151;219;240;187;414;206;286;178;490;352;480;320;373;584;312;789
1,11161,11240,1,0,0,16,2,141;209;230;177;404;159;276;178;480;342;470;310;363;574;302;779
1,11165,11253,1,0,0,16,1,137;205;226;173;400;159;272;178;476;275;466;306;359;570;298;775
0,11176,11227,1,0,0,16,0,126;194;215;162;389;159;261;178;465;275;402;295;348;559;287;764
1,11200,11289,1,1,0,16,1,102;170;191;138;365;157;237;161;441;275;402;271;324;535;263;740
1,11209,11447,1,0,1,16,7,93;161;182;129;356;148;228;152;432;275;383;262;315;526;254;731
1,11220,11283,1,1,0,16,1,82;150;171;118;345;102;217;141;421;275;383;251;304;515;243;720
1,11246,11320,1,1,0,17,4,56;124;145;92;319;102;191;115;395;257;383;225;278;489;217;694;595
1,11250,11309,1,1,0,17,1,39;120;141;88;315;102;187;111;391;253;381;221;274;485;213;690;591
1,11264,11333,1,1,0,17,4,38;106;127;74;301;93;173;97;377;239;367;207;260;471;199;676;577
1,11266,11529,1,0,0,17,10,26;104;125;72;299;91;171;95;375;237;365;205;258;469;197;674;575
1,11279,11337,1,0,0,17,3,4;91;112;59;286;78;158;82;362;224;352;192;245;456;184;661;562
1,11287,11370,1,0,0,17,2,4;83;104;51;278;70;150;74;354;216;344;184;237;448;176;630;554
1,11288,11363,1,1,0,17,1,4;82;103;50;277;69;149;73;353;210;343;183;236;447;175;630;553
1,11295,11358,1,0,0,17,1,4;75;96;43;270;62;142;66;346;176;336;176;229;440;168;630;546
1,10895,11125,1,1,0,15,7,407;52;475;216;223;496;205;194;250;443;670;462;542;466;746
1,10894,11142,1,0,1,15,8,408;53;476;217;241;497;206;195;251;444;671;463;543;467;747
0,10925,10996,1,0,0,16,0,377;22;445;186;210;466;175;164;191;413;628;432;512;436;716;578
1,10918,10980,1,0,0,15,2,384;29;452;193;217;473;182;171;191;420;647;439;519;443;723
0,10945,11002,1,0,0,16,0,357;2;425;166;190;446;155;144;191;393;620;412;473;416;696;558
1,10934,11005,1,0,0,16,2,368;13;436;177;201;457;166;155;191;404;628;423;503;427;707;569
0,10954,11042,1,0,0,15,0,348;416;157;181;437;146;135;191;384;601;403;473;407;687;549
1,10947,11016,1,0,0,16,2,355;0;423;164;188;444;153;142;191;391;618;410;473;414;694;556
1,10968,11215,1,0,0,15,9,334;402;143;167;423;132;121;177;370;583;389;469;393;673;535
1,10961,11012,1,0,0,15,1,341;409;150;174;430;139;128;184;377;601;396;473;400;680;542
1,10981,11042,1,1,0,16,2,321;389;130;154;410;119;108;152;357;583;376;456;380;660;522;650
1,10975,11219,1,0,0,16,7,322;395;136;160;416;125;114;170;363;583;382;462;386;666;528;656
1,11023,11098,1,1,0,18,3,279;347;88;112;368;77;66;118;315;542;334;414;338;618;480;608;448;501
1,10991,11055,1,0,0,17,1,311;379;120;144;400;109;98;123;347;574;366;446;370;650;512;640;480
1,11099,11380,1,1,0,18,9,203;271;12;36;292;1;46;239;466;258;338;262;542;404;532;372;425;636
0,11062,11117,1,0,0,18,0,240;308;49;73;329;38;27;83;276;503;295;375;299;579;441;569;409;462
1,10727,10812,1,1,0,13,2,59;537;220;643;384;400;664;373;19;362;418;611;824
0,10755,10830,1,0,0,12,0,31;537;192;615;356;372;636;345;334;390;583;810
1,10694,10775,1,0,0,14,1,92;19;537;253;676;417;441;697;406;52;395;451;644;836
1,10722,10798,1,0,0,13,2,64;537;225;648;389;413;669;378;24;367;423;616;824
1,10656,10718,1,1,0,16,1,21;130;57;2;537;291;714;455;479;735;444;90;433;489;682;836
0,10665,10732,1,1,0,15,0,12;121;48;537;282;705;446;470;726;435;81;424;480;673;836
1,10655,10919,1,0,1,16,8,22;131;58;3;647;292;715;456;480;736;445;91;434;490;683;910
1,10655,10869,1,0,0,16,5,22;131;58;3;537;292;715;456;480;736;445;91;434;490;683;910
1,10841,10911,1,0,0,14,1,461;106;529;270;294;550;259;248;304;497;724;516;596;520
1,10861,10913,1,0,0,14,1,441;86;509;250;274;530;239;228;284;477;699;496;576;500
0,10789,10863,1,0,0,12,0,509;158;581;322;346;602;311;300;356;549;751;568
0,10830,10887,1,0,0,13,0,472;117;540;281;305;561;270;259;315;508;735;527;607
1,10775,10848,1,0,0,13,1,11;509;172;595;336;360;616;325;314;370;563;788;582
1,10789,11041,1,0,1,12,9,509;158;581;322;346;602;311;300;356;549;751;568
1,10765,10851,1,0,0,13,2,21;537;182;605;346;370;626;335;324;380;573;800;592
1,10773,10838,1,0,0,13,1,13;529;174;597;338;362;618;327;316;372;565;788;584
0,10564,10652,1,0,0,13,0,113;222;149;94;738;383;797;547;561;827;536;168;525
1,10559,10637,1,0,0,13,1,118;227;154;99;743;388;797;552;561;832;541;187;530
1,10557,10632,1,1,0,13,1,120;229;156;101;745;390;812;554;561;834;543;189;532
1,10526,10615,1,1,0,14,1,151;260;9;187;132;776;421;812;585;577;865;574;191;563
1,10499,10582,1,1,0,14,1,178;12;287;36;214;155;803;448;812;612;590;892;601;191
0,10487,10548,1,1,0,14,0,190;24;299;48;226;155;815;460;812;624;590;904;604;191
1,10476,10554,1,3,0,14,1,201;35;310;59;237;155;826;471;812;635;659;915;616;191
1,10476,10553,1,3,0,14,1,201;35;310;59;237;155;826;471;812;635;659;915;604;191
0,10647,10725,1,1,0,15,0,30;139;66;11;655;300;723;464;488;744;453;99;442;498;691
1,10636,10699,1,0,0,14,2,41;150;77;22;666;311;734;475;499;755;464;110;453;509
1,10605,10660,1,0,0,13,1,72;181;108;53;697;342;765;506;530;786;491;130;484
1,10603,10855,1,0,0,13,4,74;183;110;55;699;344;767;508;532;788;491;143;486
1,10593,10657,1,0,0,13,1,84;193;120;65;709;354;777;518;542;798;507;153;496
0,10593,10663,1,0,0,13,0,84;193;120;65;709;354;777;518;542;798;491;153;496
1,10574,10624,1,0,0,13,1,103;212;139;84;728;373;796;537;549;817;526;168;515
1,10573,10623,1,0,0,13,1,104;213;140;85;729;374;797;538;561;818;527;168;516
1,10377,10436,1,0,0,14,1,5;300;134;409;158;336;155;925;570;949;734;758;1014;723
1,10388,10440,1,0,0,13,1,289;123;398;147;325;155;914;559;924;723;747;1003;712
1,10390,10463,1,0,0,13,1,287;121;396;145;323;155;912;557;924;721;745;1001;674
1,10400,10456,1,0,0,14,1,277;111;386;135;313;155;902;547;924;711;735;991;644;346
1,10353,10435,1,0,0,14,1,29;324;158;433;182;360;16;305;949;594;968;758;782;1038
1,10367,10585,1,0,1,15,5,15;310;136;419;168;346;2;291;935;580;968;744;768;1024;733
1,10368,10650,1,1,0,15,9,14;309;136;418;167;345;1;290;934;579;965;743;767;1023;732
1,10376,10577,1,0,1,14,4,6;301;135;410;159;337;282;926;571;949;735;759;1015;724
1,10424,10636,1,2,0,14,3,253;87;362;111;289;155;878;523;825;687;711;957;622;322
1,10439,10491,1,2,0,14,1,238;72;347;96;274;155;863;508;825;672;696;952;622;214
1,10452,10717,1,1,0,14,4,225;59;334;83;261;155;850;495;825;659;683;939;622;191
1,10467,10533,1,3,0,14,1,210;44;319;68;246;155;835;480;812;644;668;924;622;191
1,10404,10473,1,1,0,14,1,273;107;382;131;309;155;898;543;865;707;731;987;644;342
1,10404,10488,1,2,0,14,1,273;107;382;131;309;155;898;543;865;707;731;957;644;342
1,10417,10711,1,1,0,14,8,260;94;369;118;296;155;885;530;865;694;718;957;644;329
1,10420,10501,1,2,0,14,1,257;91;366;115;293;155;882;527;825;691;715;957;644;326
1,10203,10292,1,1,0,13,2,29;116;179;87;474;308;583;332;510;166;455;1099;744
0,10196,10248,1,1,0,11,0,36;123;186;94;481;315;590;339;517;173;462
1,10231,10479,1,1,0,14,9,1;88;151;59;446;278;555;304;482;138;427;1071;716;1139
1,10225,10283,1,0,0,14,1,7;94;157;65;452;286;561;310;488;144;433;1077;722;1145
1,10153,10226,1,0,0,11,1,79;166;229;137;524;358;633;382;560;216;490
1,10134,10198,1,0,0,12,2,98;185;9;248;156;543;377;652;401;579;235;490
1,10158,10367,1,1,0,11,6,74;161;224;132;519;353;616;377;555;211;489
1,10153,10238,1,0,0,11,2,79;166;229;137;524;358;633;382;560;216;489
1,10314,10539,1,0,0,13,3,5;68;363;197;472;221;399;55;344;988;633;1011;797
0,10314,10370,1,1,0,13,0,5;68;363;197;472;221;399;55;325;988;633;1011;797
1,10331,10603,1,1,1,13,8,51;346;180;455;204;382;38;325;971;616;1011;780;804
1,10319,10400,1,0,0,13,1,0;63;358;192;467;216;394;50;325;983;628;1011;792
0,10277,10354,1,0,0,13,0,42;105;13;400;234;509;258;436;92;381;1025;670;1093
1,10265,10331,1,0,0,13,2,54;117;25;412;246;521;270;448;104;393;1037;682;1105
1,10307,10571,1,0,0,13,6,12;75;370;200;479;228;406;62;351;995;640;1063;804
1,10287,10569,1,0,0,14,8,32;95;3;390;224;499;248;426;82;371;1015;660;1083;824
1,10080,10139,1,1,0,12,1,152;239;63;302;210;597;431;706;455;633;289;578
0,10044,10099,1,1,0,12,0,188;9;275;99;338;246;633;467;711;491;669;325
1,10012,10096,1,0,0,12,1,3;220;41;307;131;370;278;665;474;715;523;701
1,10011,10093,1,0,0,12,1,4;221;42;308;132;371;279;666;500;715;524;702
1,10132,10215,1,0,0,12,1,100;187;11;250;158;545;379;654;403;581;237;526
1,10098,10187,1,1,0,12,3,134;221;45;284;192;579;413;681;437;615;256;560
1,10085,10163,1,0,0,12,2,147;234;58;297;205;592;426;681;450;628;284;573
1,10080,10132,1,0,0,12,2,152;239;63;302;210;597;431;688;455;633;289;578
1,9970,10053,1,0,0,12,3,17;45;262;83;349;173;412;320;707;541;740;565
0,9958,10009,1,0,0,13,0,29;57;7;274;95;361;185;424;332;719;553;740;577
1,9957,10161,1,0,0,13,6,30;58;8;275;96;362;186;425;333;720;554;829;578
1,9923,10130,1,0,0,14,5,2;64;92;42;309;130;396;220;459;367;754;588;863;612
1,9987,10254,1,1,1,12,7,0;12;245;66;332;156;395;303;690;524;740;548
0,9980,10034,1,0,0,12,0,7;12;252;73;339;163;402;310;697;531;740;555
1,9976,10226,1,0,0,12,5,11;39;256;77;343;167;406;314;701;531;740;559
0,9970,10021,1,0,0,12,0,17;45;262;83;349;173;412;320;707;531;740;565
1,9839,10095,1,0,1,13,9,86;148;176;16;126;393;214;480;304;543;451;838;672
1,9853,9933,1,0,0,13,4,54;134;162;2;112;379;200;466;290;529;437;824;658
1,9774,9827,1,0,0,15,1,151;26;213;241;49;81;185;458;279;545;369;608;516;903;715
1,9776,9829,1,1,0,15,2,149;24;211;206;47;79;185;456;277;543;367;606;514;901;715
1,9887,9942,1,0,0,14,1,38;100;128;78;345;166;432;256;495;403;790;624;899;648
1,9888,9971,1,0,0,14,2,16;99;127;77;344;165;431;255;494;402;789;623;898;647
1,9876,10097,1,0,1,13,10,49;111;139;89;356;177;443;267;506;414;801;635;910
0,9883,9944,1,0,0,14,0,42;104;132;81;349;170;436;260;499;407;794;628;903;652
1,9702,9985,1,0,0,14,9,223;49;98;285;313;121;153;209;530;351;617;441;680;588
1,9727,9790,1,0,1,14,2,198;24;73;260;288;96;128;209;505;326;592;416;655;563
1,9631,9690,1,0,0,14,2,294;5;35;120;169;356;384;192;224;334;601;386;688;512
1,9665,9898,1,1,0,14,8,260;1;86;135;322;350;158;190;300;567;386;654;478;717
1,9760,9811,1,0,0,15,2,165;40;227;254;63;95;205;472;293;559;383;622;530;917;751
1,9772,9839,1,1,0,15,2,153;28;215;243;51;83;185;460;281;547;371;610;518;905;739
1,9730,9806,1,0,0,14,1,195;21;70;257;285;93;125;209;482;323;589;413;652;560
1,9737,9826,1,1,0,15,1,188;14;63;250;278;86;118;206;482;316;582;406;645;553;940
0,9428,9501,1,1,0,14,0,171;497;100;107;208;238;323;372;559;587;395;376;537;804
1,9421,9483,1,0,0,15,2,178;3;499;107;145;215;245;330;379;566;594;402;376;544;811
1,9485,9547,1,0,0,15,1,114;440;43;81;151;181;266;315;502;530;338;370;480;747;568
1,9455,9526,1,0,0,15,1,144;470;73;107;181;211;296;345;532;560;368;376;510;777;598
1,9518,9606,1,0,0,16,3,81;407;10;48;118;148;233;282;469;497;305;337;447;714;535;801
1,9489,9546,1,0,0,16,1,110;436;39;77;147;164;262;311;498;526;334;366;476;743;564;830
1,9590,9677,1,1,0,15,1,9;335;46;76;161;210;397;423;233;265;375;642;463;729;553
1,9573,9657,1,0,0,14,2,26;352;63;93;178;227;414;442;250;282;392;659;480;746
1,9370,9434,1,0,0,14,1,229;54;555;158;196;266;283;381;430;617;645;453;423;595
1,9357,9422,1,0,0,14,3,242;67;558;171;209;279;283;394;436;630;658;466;423;608
1,9380,9432,1,1,0,14,4,219;44;526;148;186;256;277;371;420;607;635;443;423;585
1,9372,9618,1,1,0,14,6,227;52;526;156;194;264;283;379;428;615;643;451;423;593
1,9399,9479,1,0,0,14,1,200;25;499;129;165;237;267;352;401;588;616;424;423;566
1,9392,9452,1,0,0,14,1,207;32;526;136;165;244;274;359;408;595;623;431;423;573
1,9413,9501,1,1,0,14,1,186;11;499;115;153;223;251;338;387;574;602;410;397;552
1,9406,9489,1,0,0,14,1,193;18;499;122;160;230;251;345;394;581;609;417;423;559
1,9261,9316,1,0,0,14,1,323;163;664;267;298;375;405;16;490;539;726;754;562;594
1,9262,9343,1,0,1,14,4,312;162;663;266;298;374;404;15;489;538;725;753;561;593
1,9269,9345,1,0,0,14,2,312;126;656;259;297;367;397;8;482;531;718;746;554;586
1,9312,9396,1,0,0,14,2,287;112;613;216;254;324;354;439;488;675;703;511;543;653
1,9343,9410,1,0,0,14,1,256;81;582;185;223;293;283;408;457;644;672;480;512;622
0,9349,9407,1,0,0,14,0,250;75;558;179;217;287;283;402;451;638;666;474;506;616
1,9350,9637,1,0,1,14,11,249;74;558;178;216;286;283;401;450;637;665;473;505;615
1,9353,9616,1,0,0,14,8,246;71;558;175;213;283;283;398;447;634;662;470;423;612
0,9172,9261,1,0,0,13,0,427;252;753;356;394;464;494;105;579;628;815;843;651
1,9172,9261,1,0,0,13,1,427;252;753;356;394;464;494;105;579;628;815;843;651
0,9187,9272,1,1,0,14,0,386;237;738;341;379;449;479;90;564;613;800;828;636;668
1,9216,9266,1,0,0,14,1,383;208;709;312;350;420;450;61;535;584;771;799;607;639
0,9225,9298,1,0,0,14,0,370;199;700;303;341;411;441;52;526;575;762;790;598;630
1,9240,9479,1,0,0,14,9,359;184;685;288;326;396;426;37;511;560;747;775;583;615
1,9243,9301,1,0,0,14,1,356;181;682;285;298;393;423;34;508;557;744;772;580;612
1,9255,9330,1,0,0,14,1,342;169;670;273;298;381;411;22;496;545;732;760;568;600
0,9167,9219,1,0,0,12,0,430;257;758;361;399;469;499;110;584;633;820;848
1,9128,9178,1,0,0,12,1,36;457;296;797;400;438;508;538;149;623;672;859
1,9124,9382,1,0,0,12,6,40;475;300;799;404;442;512;542;153;627;676;863
1,9090,9153,1,0,0,12,1,74;509;328;835;438;476;546;576;157;661;710;897
1,9050,9281,1,1,0,11,6,114;549;328;875;478;515;586;616;224;701;750
1,9045,9263,1,0,0,11,7,119;554;337;880;483;515;591;621;224;706;755
1,9037,9089,1,0,0,10,1,127;562;337;888;491;515;599;629;240;714
0,9007,9077,1,0,0,8,0,157;592;337;918;521;515;629;659
0,9007,9060,1,0,0,8,0,157;592;337;918;521;515;629;659
1,8973,9055,1,1,0,7,1,191;626;337;952;555;593;663
0,8924,9006,1,0,0,9,0,26;10;240;675;337;1001;604;642;712
1,8884,8940,1,1,0,6,1,53;50;280;707;337;1041
1,8878,9106,1,0,0,6,3,72;56;286;707;337;1047
1,8865,9115,1,0,0,6,2,85;69;299;707;337;1060
1,8843,9105,1,0,0,7,2,95;80;11;321;707;354;1082
1,8841,8908,1,0,0,7,1,95;80;13;323;758;354;1084
0,8816,8867,1,0,0,6,0,95;101;38;348;783;354
1,8826,8912,1,0,0,7,2,95;101;28;338;773;354;1099
1,8808,9074,1,0,0,6,4,95;126;46;356;791;616
1,8815,9111,1,0,0,6,3,95;101;39;349;784;609
0,8780,8838,1,1,0,8,0,1;102;154;74;1;384;819;644
1,8794,9008,1,1,0,6,1,102;140;60;370;805;630
1,8752,8805,1,0,0,8,1,29;102;158;102;25;412;847;672
0,8767,8828,1,0,0,8,0,14;102;158;87;14;397;832;657
1,8719,8784,1,0,0,8,1,62;3;102;215;135;25;445;880
1,8734,9008,1,0,0,7,3,47;102;200;120;25;430;865
1,8705,8776,1,0,0,8,1,76;17;102;229;149;76;459;894
0,8706,8787,1,0,0,8,0,75;16;102;228;148;25;458;893
0,8665,8730,1,0,0,10,0,0;116;57;285;37;269;189;88;499;934
1,8694,8985,1,0,0,9,2,87;28;256;8;240;160;87;470;905
1,8627,8681,1,1,0,11,2,38;154;95;17;323;75;307;224;154;537;972
1,8628,8696,1,0,0,11,1,37;153;94;16;322;74;281;224;153;536;971
1,8567,8849,1,0,0,13,5,98;50;214;131;68;383;10;135;355;287;214;597;1032
1,8564,8649,1,0,0,13,2,101;53;217;131;68;386;10;138;370;290;217;600;1035
1,8574,8853,1,1,0,13,4,91;43;207;131;39;376;8;128;355;224;207;590;1025
1,8570,8649,1,0,0,13,1,95;47;211;131;68;380;10;132;355;224;211;594;1029
1,8539,8791,1,0,0,13,7,126;78;242;171;105;411;10;163;395;315;242;625;1060
1,8538,8595,1,0,0,13,1,127;79;243;184;106;412;10;164;396;316;243;626;1061
1,8547,8786,1,0,0,13,7,118;70;234;136;68;403;10;155;387;307;234;617;1052
1,8544,8602,1,0,0,13,2,121;73;237;171;68;406;10;158;390;310;237;620;1055
1,8475,8530,1,0,0,11,1,190;142;306;247;169;475;107;227;459;379;306
1,8445,8699,1,0,0,11,10,197;172;336;272;199;505;137;257;489;409;336
1,8501,8579,1,1,0,13,1,154;116;280;221;133;449;81;201;433;353;280;663;1098
1,8486,8545,1,0,0,11,1,179;131;295;236;133;464;96;216;448;368;295
1,8387,8474,1,0,0,12,2,56;257;230;36;394;335;241;563;195;315;524;467
1,8383,8466,1,1,0,13,2,3;60;274;234;40;398;339;241;567;199;319;524;471
1,8427,8484,1,0,0,12,1,16;238;190;354;272;217;523;155;275;507;427;354
1,8415,8502,1,0,0,12,1,28;250;202;8;366;307;229;535;167;287;519;439
1,8351,8418,1,0,0,13,1,35;92;314;266;72;430;371;293;599;231;351;548;503
1,8363,8628,1,0,1,13,7,23;80;302;254;60;418;359;281;587;219;339;531;491
1,8375,8652,1,0,0,13,8,11;68;290;242;48;406;347;269;575;207;327;524;479
1,8381,8457,1,0,0,13,2,5;62;284;236;42;400;341;241;569;201;321;524;473
1,8262,8314,1,0,0,13,1,124;174;381;355;161;519;460;382;688;320;440;657;592
1,8296,8351,1,0,0,13,2,90;147;369;321;127;485;426;348;654;286;406;638;558
1,8315,8404,1,0,0,13,1,71;128;350;302;108;466;407;329;635;267;387;619;539
1,8325,8583,1,1,0,13,7,61;118;340;292;98;456;397;319;625;257;377;568;529
1,8242,8301,1,1,0,14,3,144;174;382;375;10;181;539;478;392;708;340;460;692;612
1,8246,8307,1,0,0,14,1,140;174;382;371;6;177;535;467;392;704;336;456;688;608
1,8249,8315,1,1,0,14,1,137;174;382;368;3;174;532;467;392;701;333;453;657;605
0,8252,8310,1,0,0,14,0,134;174;381;365;0;171;529;467;392;698;330;450;657;602
1,8229,8516,1,0,0,15,10,9;157;210;387;388;23;194;552;493;415;721;353;473;705;625
1,8237,8305,1,1,0,15,2,1;149;206;382;380;15;186;544;485;407;713;345;465;697;617
1,8238,8313,1,1,0,15,1,0;148;174;382;379;14;185;543;484;406;712;344;464;696;616
1,8240,8520,1,1,0,14,11,146;174;382;377;12;183;541;482;392;710;342;462;694;614
0,14322,14377,1,0,0,11,0,135;3;168;147;78;421;212;396;488;573;820
1,14311,14395,1,1,0,11,1,146;14;175;177;89;432;223;407;499;584;831
1,14347,14407,1,0,0,11,1,110;143;147;53;396;187;371;463;548;795;939
0,14346,14406,1,0,0,11,0,111;144;147;54;397;188;372;464;549;796;940
1,14254,14552,1,0,0,12,6,12;174;36;236;39;248;146;13;489;280;461;556
1,14249,14322,1,1,0,12,2,17;174;36;241;44;248;151;18;494;285;461;561
1,14294,14362,1,0,0,11,1,163;31;175;218;106;449;240;424;516;601;848
0,14283,14370,1,0,0,12,0,174;36;175;10;229;117;460;251;435;527;612;859
1,14465,14540,1,1,0,13,1,25;47;278;69;253;345;430;677;809;534;618;559;625
1,14435,14514,1,0,0,14,2,22;55;77;308;99;283;375;460;707;809;564;648;589;655
1,14479,14555,1,0,0,14,1,11;33;264;55;226;331;416;663;787;520;604;545;611;580
1,14466,14734,1,0,0,13,8,24;46;277;68;226;344;429;676;809;533;617;558;624
1,14378,14583,1,0,0,14,5,79;112;134;22;365;156;340;432;517;764;852;621;705;646
1,14368,14644,1,0,0,13,7,89;122;144;32;375;166;350;442;527;774;918;631;715
1,14398,14467,1,1,0,14,3,59;92;114;2;345;136;315;412;497;744;829;601;685;626
1,14383,14446,1,0,0,14,1,74;107;129;17;360;151;335;427;512;759;829;616;700;641
1,14537,14610,1,1,0,11,3,206;181;273;358;605;749;462;546;421;475;522
1,14540,14606,1,0,0,11,1,203;178;270;355;602;744;459;543;421;475;519
1,14549,14621,1,1,0,11,3,194;169;261;346;593;737;450;534;421;455;510
1,14554,14630,1,0,0,12,2,189;164;256;341;588;708;445;529;421;455;505;518
1,14502,14710,1,0,0,13,5,10;241;32;216;308;393;640;784;497;581;473;588;557
1,14503,14571,1,0,0,13,1,9;240;31;215;307;392;639;783;496;580;421;587;556
1,14516,14762,1,1,0,12,7,227;18;190;294;379;626;770;483;567;421;574;543
1,14525,14597,1,0,0,12,1,218;9;190;285;370;617;761;474;558;421;475;534
1,14559,14858,1,0,1,12,10,184;139;251;336;583;708;440;524;421;455;500;513
1,14560,14634,1,1,0,12,1,183;88;250;335;582;708;439;523;421;455;499;512
1,14570,14798,1,0,0,12,7,173;88;240;325;572;708;429;513;408;455;489;502
1,14579,14635,1,1,0,12,1,164;88;231;316;563;707;420;504;408;451;480;493
1,13804,13878,1,0,0,15,1,84;231;49;87;462;16;341;284;388;653;521;686;489;420;272
1,13785,13858,1,0,0,14,3,84;250;68;106;477;35;360;303;419;672;540;705;508;439
1,13775,13846,1,0,1,14,2,84;260;78;116;491;45;370;313;429;682;550;715;518;449
1,13742,14000,1,0,0,15,5,13;166;293;93;149;502;78;403;346;462;715;583;748;551;482
1,13735,13936,1,0,0,15,8,20;166;300;93;156;523;85;410;353;469;722;590;755;558;489
1,13732,13816,1,0,0,15,1,23;182;303;93;159;523;88;413;356;472;725;593;758;561;492
1,13705,13775,1,1,0,16,1,50;17;209;330;93;165;523;115;440;383;499;752;620;785;588;519
1,13704,13754,1,0,0,16,1,51;18;210;331;93;165;552;116;441;384;500;753;621;786;589;520
1,13920,13998,1,0,0,15,1,115;346;225;168;284;537;405;570;373;304;156;563;480;347;823
1,13898,14163,1,0,0,15,7,16;137;368;232;190;306;559;427;592;395;312;178;614;502;369
1,13896,13978,1,0,0,15,2,18;139;370;249;192;308;561;429;594;397;312;180;616;504;371
1,13870,14135,1,0,0,15,11,44;165;21;396;275;218;334;587;455;620;423;332;206;642;530
0,13863,13931,1,0,0,14,0,51;172;28;403;282;225;341;594;462;627;430;332;213;649
1,13832,13915,1,0,0,14,1,82;203;21;43;434;313;256;372;625;493;658;461;379;244
1,13829,13880,1,0,0,14,1,84;206;24;61;437;316;259;375;628;496;661;464;379;247
1,13824,14063,1,0,0,14,8,84;211;29;61;442;321;264;380;633;501;666;469;400;252
1,14133,14366,1,1,1,14,8,133;12;71;324;135;357;160;91;374;267;134;610;401;585
1,14141,14213,1,0,0,14,1,125;4;63;316;135;349;152;81;371;259;126;602;393;577
1,14112,14351,1,1,0,14,4,154;33;92;345;213;378;181;112;395;288;155;631;422;606
1,14131,14194,1,0,0,14,2,135;14;73;326;194;359;162;93;374;269;136;612;403;587
1,14080,14153,1,0,0,15,1,186;65;8;124;377;245;410;213;144;432;320;187;663;454;638
1,14082,14348,1,1,0,15,9,184;63;6;122;375;243;408;211;142;395;318;185;661;452;636
1,13924,14187,1,0,0,15,10,111;342;221;164;280;533;401;566;369;300;152;563;476;286;819
1,14026,14077,1,0,0,16,1,9;240;119;62;178;431;299;464;267;198;50;486;374;241;717;508
0,14230,14291,1,0,0,12,0,36;227;36;260;63;248;170;37;513;304;461;580
1,14233,14500,1,0,0,12,4,33;224;36;257;60;248;167;34;510;301;461;577
1,14198,14265,1,0,0,13,1,68;6;259;36;292;95;26;248;202;69;545;336;520
1,14229,14525,1,0,0,12,6,37;228;36;261;64;248;171;38;514;305;464;581
1,14176,14252,1,1,0,13,1,90;28;281;123;314;117;48;324;224;85;567;358;542
1,14188,14271,1,0,0,13,1,78;16;269;36;302;105;36;324;212;79;555;346;530
1,14158,14405,1,0,0,13,4,108;46;299;135;332;135;66;324;242;109;585;376;560
1,14173,14429,1,0,0,13,7,93;31;284;135;317;120;51;324;227;85;570;361;545
0,13243,13331,1,0,0,15,0,21;164;188;120;291;343;412;343;246;496;479;671;792;610;648
1,13247,13308,1,0,0,15,1,17;164;184;116;287;339;408;339;242;496;475;667;788;606;644
1,13253,13470,1,1,0,15,7,11;164;178;110;281;333;402;333;236;478;469;661;782;600;638
1,13254,13330,1,0,0,15,1,10;164;177;109;280;332;401;332;235;478;452;660;781;599;637
1,13289,13343,1,1,0,15,3,164;142;74;245;297;366;297;200;448;433;625;746;564;602;977
0,13289,13353,1,0,0,15,0,164;142;74;245;297;366;297;200;448;416;625;746;564;602;977
1,13295,13586,1,1,0,16,13,164;136;68;239;291;360;291;194;448;416;619;740;558;596;971;525
1,13344,13395,1,0,0,17,1,118;87;19;190;242;311;242;145;411;378;570;691;509;547;916;476;801
1,13102,13160,1,1,0,17,2,8;162;50;63;70;11;360;329;261;432;128;484;553;484;387;653;620
1,13132,13220,1,0,0,17,3,132;20;33;40;330;299;223;402;98;454;523;454;357;623;590;782;903
1,13146,13223,1,0,0,17,4,118;6;19;26;316;285;217;388;84;440;509;440;343;609;576;768;880
0,13184,13237,1,1,0,14,0,80;278;247;179;350;46;402;471;402;305;571;538;730;851
1,13219,13470,1,1,0,16,8,45;243;212;144;315;11;367;436;367;270;536;503;695;816;634;672
1,13230,13305,1,0,0,16,1,34;164;201;133;304;0;356;425;356;259;525;492;684;805;623;661
0,13235,13304,1,1,0,15,0,29;164;196;128;299;351;420;351;254;496;487;679;800;618;656
0,13238,13307,1,0,0,15,0,26;164;193;125;296;348;417;348;251;496;484;676;797;615;653
1,13610,13897,1,0,0,15,9,45;145;112;304;425;243;281;644;210;535;50;478;594;847;715
1,13564,13648,1,0,0,17,2,22;82;22;185;158;350;471;289;327;702;256;581;96;524;640;893;761
1,13668,13745,1,0,0,15,1,87;54;246;367;185;223;598;152;477;420;536;789;657;822;625
1,13656,13721,1,0,0,15,4,99;66;258;379;197;235;610;164;489;4;432;548;801;669;834
1,13687,13760,1,0,0,16,4,68;35;227;348;166;165;579;133;458;401;517;770;638;803;606;537
1,13684,13764,1,0,0,16,3,71;38;230;351;169;207;582;136;461;404;520;773;641;806;609;540
1,13703,13988,1,0,1,16,11,52;19;211;332;93;165;563;117;442;385;501;754;622;787;590;521
1,13698,13956,1,1,0,16,7,52;24;216;337;155;165;568;122;447;390;506;759;627;792;595;526
1,13414,13476,1,1,0,18,1,48;17;120;172;241;172;75;341;308;500;621;439;477;852;406;731;246;674
1,13370,13621,1,0,1,18,11,92;61;164;216;285;216;119;385;352;544;665;483;521;896;450;775;290;718
1,13488,13543,1,0,0,18,2,46;98;167;98;1;267;234;426;547;365;403;778;332;657;172;600;716;969
1,13464,13552,1,0,0,16,4,70;122;191;122;25;291;258;450;571;389;427;802;356;681;196;624
1,13526,13609,1,1,0,17,3,8;60;129;60;229;196;388;509;327;365;740;294;619;134;562;678;931
1,13512,13592,1,0,0,17,3,22;74;143;74;243;210;402;523;341;379;754;308;633;148;576;692;945
1,13563,13637,1,0,0,17,4,23;82;23;192;159;351;472;290;328;703;257;582;97;525;641;894;762
1,13548,13622,1,1,0,17,4,38;107;38;207;174;366;487;305;343;718;272;597;112;540;656;909;777
1,12830,12909,1,0,0,14,1,42;280;7;120;434;322;335;342;283;238;632;601;533;704
1,12851,12916,1,0,0,14,1,21;259;99;413;301;314;321;262;217;611;580;512;683;379
1,12786,12841,1,0,0,14,3,86;324;51;164;478;366;379;366;327;282;676;645;577;748
1,12809,12867,1,0,0,14,1,63;301;28;141;455;343;356;363;304;259;653;622;554;725
1,12884,12940,1,0,0,14,1,226;66;380;268;266;288;229;184;578;547;479;650;346;702
0,12885,12938,1,0,0,14,0,225;65;379;267;266;247;228;183;577;546;478;649;345;701
1,12869,12919,1,0,0,14,1,3;241;81;395;283;296;300;244;199;593;562;494;665;361
1,12872,12931,1,0,0,14,1,0;238;78;392;280;271;300;241;196;590;559;491;662;358
0,12653,12709,1,0,0,13,0,219;457;51;184;296;611;499;475;519;443;415;809;778
1,12655,12884,1,0,1,13,9,217;455;49;182;295;609;497;475;517;443;413;807;776
1,12634,12715,1,1,0,12,3,238;476;70;203;296;630;518;475;538;443;434;828
0,12645,12713,1,1,0,12,0,227;465;53;192;296;619;507;475;527;443;423;817
1,12715,12796,1,0,0,14,3,157;395;122;235;549;437;450;457;398;353;747;663;648;819
1,12779,13073,1,1,0,14,10,93;331;58;171;485;373;386;393;334;289;683;652;584;755
1,12691,12775,1,0,0,14,1,181;419;13;146;259;573;461;474;481;422;377;771;740;672
1,12705,12773,1,0,0,13,1,167;405;132;245;559;447;456;467;408;363;757;726;658
1,13048,13120,1,0,0,16,1,62;216;104;115;124;65;20;414;383;315;486;182;538;607;538;441
1,13026,13299,1,0,0,16,7,84;238;126;115;146;87;42;436;405;337;508;204;560;629;560;463
1,13001,13066,1,0,0,16,4,109;263;151;115;171;112;67;461;430;362;533;229;585;654;585;488
1,12998,13078,1,0,0,16,1,112;266;154;167;174;115;70;464;433;365;536;232;588;657;588;491
0,13100,13154,1,0,0,17,0,10;164;52;65;72;13;362;331;263;434;130;486;555;486;389;655;622
0,13093,13147,1,0,0,17,0,17;171;59;66;79;20;369;338;270;441;137;493;562;493;396;662;629
0,13050,13109,1,0,0,16,0,60;214;102;66;122;63;18;412;381;313;484;180;536;605;536;439
1,13049,13131,1,1,0,16,1,61;215;103;88;123;64;19;413;382;314;485;181;537;606;537;440
1,12929,13134,1,0,0,15,9,181;21;335;223;222;224;184;139;533;502;434;605;301;657;726
1,12920,13203,1,0,0,15,9,190;30;344;232;245;224;193;148;542;511;443;614;310;666;735
1,12917,12989,1,0,0,15,1,193;33;347;235;248;247;196;151;545;512;446;617;313;669;738
1,12901,12955,1,0,0,14,1,209;49;363;251;264;247;212;167;561;530;462;633;329;685
1,12964,13222,1,1,0,14,11,146;300;188;201;193;149;104;498;467;399;570;266;622;691
0,12961,13013,1,0,0,14,0,149;303;191;204;193;152;107;501;470;402;573;269;625;694
0,12954,13008,1,0,0,14,0,156;310;198;211;193;159;114;508;477;409;580;276;632;701
1,12941,13020,1,0,0,15,2,169;9;323;211;222;224;166;127;521;490;422;593;289;645;714
1,12392,12480,1,0,0,13,3,43;480;51;161;109;718;312;445;537;872;760;773;780
1,12392,12451,1,1,0,13,1,43;480;51;161;109;718;312;445;537;872;760;773;746
1,12400,12617,1,0,1,14,9,10;472;51;153;101;710;304;437;537;864;752;765;746;713
1,12411,12480,1,1,0,14,3,10;461;48;142;90;699;269;426;537;853;741;754;746;702
1,12359,12442,1,0,0,14,1,29;14;83;513;57;194;142;751;345;478;573;905;793;806
1,12364,12433,1,1,0,15,4,24;9;56;508;57;189;137;746;340;473;573;900;788;801;808
1,12367,12626,1,0,0,15,8,21;6;56;505;51;186;134;743;337;470;573;897;785;798;805
1,12385,12474,1,1,1,14,2,3;43;487;51;168;116;725;319;452;565;879;767;780;787
1,12298,12376,1,1,0,12,2,85;75;10;144;574;57;255;203;812;406;539;652
0,12302,12366,1,1,0,12,0,71;71;6;140;570;57;251;199;808;402;535;648
1,12318,12405,1,0,0,12,2,70;55;124;554;57;235;183;792;386;519;632;946
1,12358,12435,1,1,0,14,2,30;15;84;514;57;195;143;752;346;479;592;906;794;807
1,12252,12471,1,0,0,11,4,125;27;121;56;190;620;112;301;249;858;452
1,12280,12365,1,1,0,12,2,104;93;28;162;592;112;273;221;830;424;557;670
0,12281,12343,1,0,0,12,0,85;92;27;161;591;112;272;220;829;423;556;669
1,12289,12574,1,1,0,12,5,85;84;19;153;583;112;264;212;821;415;548;661
1,12631,12864,1,0,0,12,6,241;479;73;206;296;633;521;534;541;482;437;831
1,12627,12699,1,0,0,12,3,245;483;77;210;300;637;525;538;545;486;441;835
1,12633,12710,1,1,0,12,2,239;477;71;204;296;631;519;475;539;480;435;829
0,12631,12702,1,0,0,12,0,241;479;73;206;296;633;521;475;541;482;437;831
1,12605,12658,1,0,0,11,3,267;505;99;232;345;659;547;560;567;508;463
0,12603,12685,1,0,0,11,0,269;507;101;234;347;661;549;562;569;510;465
0,12623,12703,1,0,0,11,0,249;487;81;214;300;641;529;542;549;490;445
0,12607,12661,1,0,0,11,0,265;503;97;230;300;657;545;558;565;506;461
1,12464,12529,1,0,0,13,3,408;89;37;646;220;373;465;800;688;701;708;649;604
1,12449,12654,1,1,0,14,6,423;2;104;52;661;255;388;465;815;703;716;723;664;619
1,12536,12602,1,0,0,12,2,336;17;574;168;301;414;728;616;629;636;577;532
1,12506,12573,1,0,0,12,2,366;47;604;198;331;444;758;646;659;666;607;562
1,12427,12511,1,1,0,15,4,10;445;32;126;74;683;269;410;501;837;725;738;745;686;641
1,12413,12468,1,0,0,14,2,10;459;46;140;88;697;269;424;512;851;739;752;746;700
1,12446,12515,1,1,0,14,3,426;13;107;55;664;258;391;465;818;706;719;726;667;622
1,12427,12500,1,1,0,15,3,10;445;32;126;74;683;269;410;467;837;725;738;745;686;641
1,11977,12051,1,0,0,13,2,116;411;69;302;396;331;70;465;89;859;482;576;524
1,11990,12190,1,0,0,13,5,103;398;39;289;383;318;57;452;76;859;469;563;511
1,11962,12042,1,0,0,13,4,131;426;84;317;411;334;85;480;104;877;497;591;539
1,11977,12204,1,1,0,13,10,116;411;39;302;396;331;70;465;89;859;482;576;524
1,11959,12031,1,0,0,13,1,134;429;87;320;414;348;88;483;107;905;500;594;542
1,11960,12213,1,0,0,13,8,133;428;86;319;413;334;87;482;106;905;499;593;541
1,11933,12021,1,1,0,15,1,7;160;455;113;346;23;440;375;114;509;133;918;526;620;568
1,11939,12001,1,0,0,15,3,1;154;449;107;340;17;434;348;108;503;127;918;520;614;562
1,11872,11941,1,0,0,14,1,68;221;516;163;407;84;501;436;175;570;194;1000;587;681
1,11917,11980,1,0,0,15,2,23;176;471;129;362;39;456;391;130;525;149;955;542;636;584
1,11860,11928,1,1,0,14,4,80;233;528;186;419;96;513;448;187;582;205;1010;599;693
1,11866,11942,1,0,0,14,3,74;227;522;180;413;90;507;442;181;576;200;1000;593;687
1,11818,12023,1,0,0,13,6,122;23;275;570;228;461;138;555;450;229;624;235;1010
1,11823,11883,1,0,0,13,1,117;18;270;565;196;456;133;550;450;224;619;235;1010
1,11815,11884,1,0,0,13,1,125;26;278;573;231;464;141;558;493;232;627;251;1010
1,11815,11899,1,0,0,13,1,125;26;278;573;231;464;141;558;450;232;627;251;1010
0,12250,12306,1,1,0,11,0,125;29;123;58;192;622;112;303;251;860;454
1,12214,12267,1,0,0,10,1,165;65;159;94;228;658;112;339;287;896
1,12210,12499,1,0,0,10,4,165;69;163;98;232;662;249;343;291;900
1,12182,12440,1,0,1,10,7,206;97;191;126;258;690;277;371;319;928
1,12174,12255,1,0,0,10,1,214;105;199;134;268;698;285;379;327;936
0,12149,12221,1,0,0,10,0,217;130;224;145;279;723;310;404;352;961
1,12142,12225,1,0,0,10,2,246;137;231;145;279;730;317;411;359;968
1,12137,12221,1,0,0,10,1,251;142;236;171;279;735;322;416;364;973
1,12111,12196,1,0,0,10,1,271;168;262;197;331;761;348;442;390;999
1,12102,12184,1,0,0,10,2,286;177;271;206;340;770;357;451;399;1008
0,12060,12120,1,1,0,12,0,33;291;219;313;248;382;6;812;399;493;441;1050
1,12049,12125,1,0,0,12,2,44;339;230;324;259;393;17;813;410;504;452;1061
1,12037,12112,1,0,0,14,1,56;351;9;242;336;271;10;405;29;813;422;516;464;1073
1,12032,12110,1,0,1,14,3,61;356;14;247;341;272;15;410;34;840;427;521;469;1078
1,12030,12103,1,0,0,14,1,63;358;16;249;343;278;17;412;36;842;429;523;471;1080
1,11995,12078,1,1,0,13,1,98;393;39;284;378;313;52;447;47;859;464;558;506
283
13110,13914,122.87,10
13125,14035,23.33,8
13186,13853,62.63,8
13217,13891,87.18,9
12993,13586,32.08,11
12993,13489,0.00,10
13074,13755,128.50,8
13090,13722,59.97,9
12713,13534,0.00,11
12831,13230,0.00,8
12876,13586,0.00,9
12908,13655,71.62,9
12423,13068,0.00,10
12627,13462,79.44,10
12650,13431,81.93,10
12661,13363,38.60,10
13864,14400,0.00,11
13851,14512,304.68,10
13907,14743,0.00,11
13876,14267,97.40,9
13659,14293,0.00,11
13613,14490,61.59,9
13799,14076,0.00,9
13670,14224,121.86,11
13471,14204,31.68,8
13349,14088,0.00,10
13548,14325,158.73,10
13475,14457,50.96,8
13295,13820,0.00,9
13288,14266,277.78,10
13346,13660,0.00,10
13307,14145,17.73,11
14468,15059,0.00,10
14551,15072,34.10,11
14373,15024,137.92,8
14414,15090,123.21,9
14364,14999,0.00,10
14366,15083,0.00,9
14278,15142,0.00,8
14326,15286,165.35,10
14207,14810,0.00,8
14267,14895,0.00,8
14012,14534,0.00,9
14034,14718,245.11,9
9640,10382,0.00,11
9702,10290,0.00,11
9732,10677,0.00,11
9757,10511,166.77,9
9860,10786,195.52,8
9883,10535,0.00,11
9998,10713,0.00,10
10015,10369,48.15,10
9166,10015,143.82,11
9169,9823,0.00,11
9181,9855,178.96,10
9305,9965,143.86,9
9418,10232,23.66,11
9432,10053,77.71,9
9486,10319,0.00,9
9581,10143,0.00,10
10516,11089,0.00,10
10398,10746,170.42,11
10637,11338,0.00,10
10617,11145,142.45,9
10758,11357,93.89,9
10652,11565,216.49,8
10833,11361,48.88,11
10819,11437,30.82,10
10201,11302,212.72,8
10046,10658,184.79,11
10211,11370,266.49,9
10202,10947,0.00,10
10327,11135,209.68,10
10279,11111,0.00,11
10365,11100,135.91,8
10349,11391,30.97,10
11449,12388,245.52,9
11455,12046,123.92,9
11238,11841,25.45,10
11390,12093,0.00,11
11522,12373,0.00,10
11569,12308,215.21,8
11455,12279,0.00,9
11465,11956,0.00,8
10969,11631,282.62,9
10991,11471,0.00,8
10867,11641,0.00,8
10921,11503,280.21,10
11109,11463,0.00,10
11125,11940,232.82,11
11002,11524,0.00,10
11070,11735,0.00,8
12309,13264,25.95,9
12270,12950,188.19,9
12253,12837,16.40,10
12249,12704,121.42,8
12399,13113,92.63,10
12364,13172,231.31,8
12351,13165,254.38,9
12346,13152,0.00,11
11725,12872,246.90,9
11630,12066,214.97,11
11627,12442,136.40,11
11625,12047,0.00,11
12017,13110,0.00,9
11881,12501,0.00,8
11854,12459,210.35,8
11854,12553,0.00,11
1282,2113,32.79,8
1233,2066,239.09,10
1350,1952,47.91,11
1321,2056,149.63,10
1436,2563,116.49,9
1428,2011,209.17,10
1595,1894,0.00,9
1554,2499,191.45,9
1764,2396,66.70,9
1671,2635,314.65,9
1850,2643,216.67,9
1767,2404,114.57,8
2094,2744,0.00,10
1960,2549,0.00,10
2165,3133,149.05,11
2150,2926,0.00,9
316,1310,0.00,11
324,615,0.00,9
351,1252,0.00,11
385,1176,231.39,11
431,1456,219.26,10
466,1104,108.93,9
498,1244,0.00,11
528,1421,213.92,8
580,1246,70.57,9
584,1478,0.00,9
611,1304,0.00,11
615,1213,0.00,9
642,1632,241.24,11
761,1661,0.00,9
868,1281,37.52,10
1047,1963,325.90,8
0,98,0.00,1
0,335,0.00,3
0,312,45.69,3
0,462,74.89,7
0,174,116.96,2
0,138,0.00,2
0,486,197.82,5
208,824,27.63,10
198,802,161.11,8
132,966,206.98,9
0,189,105.25,4
303,761,0.00,11
290,881,0.00,10
239,1151,243.31,9
210,879,0.00,11
5341,5731,134.56,10
5459,6271,74.56,10
5523,6411,235.97,10
5552,6003,0.00,8
5216,5908,0.00,10
5250,6014,0.00,11
5335,6132,0.00,9
5338,6090,182.87,9
5036,5584,0.00,10
5099,5806,182.59,10
5167,6112,42.03,8
5211,6031,72.73,10
4921,5919,37.11,9
4977,5629,173.41,10
5015,5863,0.00,11
5016,5910,17.01,9
4727,5081,146.34,8
4655,5389,0.00,9
4901,5673,199.05,9
4803,5459,10.60,11
4319,5164,0.00,10
4296,5117,64.04,10
4423,5355,0.00,11
4372,5325,52.64,9
4216,5041,0.00,9
4198,4838,126.12,8
4254,5112,95.84,10
4247,4526,86.12,8
4108,4711,100.02,9
4063,4951,10.89,8
4191,4681,64.22,9
4183,4804,0.00,8
3949,4791,15.72,8
4009,5022,74.76,11
3880,4302,0.00,9
3916,4473,0.00,9
3826,4625,132.55,8
3851,4748,136.17,10
3624,4055,0.00,8
3801,4455,161.07,10
3563,4188,0.00,8
3585,4260,0.00,11
3481,3901,159.83,11
3512,4201,99.37,9
3433,4163,28.54,11
3474,4166,0.00,8
3316,4472,139.89,9
3412,4164,215.98,8
3308,4221,279.97,8
3138,3511,0.00,8
2946,3444,341.31,11
2928,3731,163.07,8
2893,3534,0.00,9
2766,3200,97.50,11
2765,3366,31.09,8
2566,3212,82.00,10
2450,3338,207.46,11
2433,2843,0.00,11
2406,3004,0.00,10
2332,2947,200.98,9
2327,2940,0.00,11
2272,2836,0.00,9
2259,3098,154.24,8
2182,3126,51.94,10
8889,9528,0.00,11
8900,9566,168.10,9
8901,9636,0.00,11
8980,9666,120.29,11
9010,9277,83.74,10
9031,9751,0.00,10
9040,9800,11.08,10
9065,9987,0.00,10
8084,8702,0.00,11
8118,8934,258.14,10
8176,8854,63.80,10
8426,8781,124.06,8
8492,9164,0.00,10
8496,9599,207.62,10
8751,9424,325.14,11
8817,9925,211.38,8
7797,8252,0.00,11
7707,8617,59.11,8
7871,8781,0.00,11
7843,8423,63.46,9
7993,8644,269.27,9
7917,8722,167.10,10
8068,8582,71.97,10
8017,8950,181.49,10
7335,8105,0.00,9
7249,8079,199.22,9
7481,8238,11.96,8
7400,8137,185.81,11
7600,8443,257.25,10
7539,8386,0.00,10
7701,8227,66.03,11
7656,8665,319.21,9
6815,7560,282.91,10
6884,7717,0.00,11
6656,7243,101.22,10
6717,7466,0.00,11
7094,7935,66.71,10
7149,7886,0.00,11
6907,7377,101.01,10
7016,7777,0.00,11
6470,6946,38.66,8
6485,7325,0.00,9
6383,7506,57.02,11
6414,7266,0.00,11
6584,7159,0.00,10
6655,7427,257.76,11
6542,7472,15.00,10
6561,7412,0.00,9
6265,6659,53.99,11
6238,6978,140.91,10
6151,6720,59.48,8
6095,6600,0.00,9
6366,7061,0.00,8
6357,7326,207.56,8
6282,7138,0.00,10
6275,7299,26.52,10
5797,6646,0.00,9
5708,6345,67.09,10
5702,6467,312.63,9
5676,6356,0.00,9
5983,6438,0.00,9
5978,6870,92.13,10
5953,6644,132.14,9
5946,6478,171.44,10
