1007
1,221,275,1,0,74,8,1,91;244;114;241;745;581;603;658
1,197,274,1,0,48,5,1,115;289;138;265;769
0,298,369,1,0,0,10,0,14;188;37;164;668;504;526;581;853;583
1,233,309,1,0,58,8,1,79;215;102;229;733;569;591;646
1,129,213,1,0,60,7,1,169;9;300;151;60;333;45
0,126,187,1,0,0,7,0,169;12;300;151;63;336;48
0,159,244,1,0,0,7,0,153;294;151;30;303;15;807
1,138,208,1,0,56,8,1,169;0;294;151;51;324;36;828
0,83,145,1,0,0,8,0,229;55;303;15;151;106;379;91
1,83,167,1,0,77,8,1,229;55;303;15;151;106;379;91
1,124,186,1,0,70,7,1,188;14;300;151;65;338;50
1,95,181,1,0,66,8,1,203;43;303;3;151;94;367;79
1,69,354,1,0,80,8,2,243;69;417;29;172;120;393;105
1,54,341,1,0,82,8,5,258;84;432;44;182;135;399;120
0,81,147,1,0,0,8,0,231;57;303;17;151;108;381;93
1,77,370,1,0,92,8,4,235;61;303;21;172;112;385;97
1,8,272,1,0,93,8,3,304;130;478;59;327;181;454;166
0,25,113,1,0,0,8,0,287;113;461;59;310;164;399;149
1,25,281,1,0,87,8,5,287;113;461;59;310;164;399;149
0,42,102,1,0,0,8,0,270;96;444;56;182;147;399;132
1,0,55,1,1,338,8,2,312;138;486;98;335;189;462;174
1,663,939,1,0,117,19,15,303;139;161;137;488;218;87;589;589;513;793;294;581;758;583;683;641;550;969
1,659,724,1,1,109,19,2,307;143;165;137;492;222;102;589;593;517;797;294;585;762;587;683;645;554;973
1,656,897,1,0,109,19,11,310;146;168;137;495;225;105;589;596;520;800;294;588;765;590;822;648;557;976
1,624,705,1,0,72,18,1,342;178;200;137;521;257;137;589;628;552;832;294;612;797;622;854;680;589
1,749,804,1,0,73,19,7,217;53;75;130;402;132;12;561;503;427;707;294;495;672;497;683;453;464;883
1,737,980,1,0,71,19,8,229;65;87;137;414;144;14;573;515;439;719;294;507;684;509;683;567;476;895
1,716,784,1,0,70,19,3,250;86;108;137;435;165;45;589;536;460;740;294;528;705;530;683;588;497;904
1,674,735,1,0,93,19,2,292;128;150;137;477;207;87;589;578;502;782;294;570;747;572;683;630;539;904
1,539,802,1,0,92,15,10,427;263;285;340;612;342;222;771;76;713;637;917;565;613;882
1,539,766,1,0,99,15,8,427;263;285;137;612;342;222;771;76;713;637;917;565;613;882
1,531,732,1,0,94,15,5,435;271;293;348;620;350;230;779;84;721;645;925;573;713;890
1,515,596,1,0,78,14,2,451;287;309;364;636;366;246;795;100;737;661;941;589;729
1,614,831,1,0,101,18,10,352;188;210;137;521;267;147;589;1;638;562;842;490;612;807;632;864;690
1,596,663,1,1,78,17,1,370;206;228;137;521;285;165;589;19;656;580;860;508;612;825;650;882
1,588,667,1,0,78,17,3,378;214;236;137;563;293;173;589;27;664;588;868;516;612;833;658;890
1,556,631,1,0,94,15,3,410;246;268;137;595;325;205;589;59;696;620;900;548;613;865
1,388,613,1,1,110,13,9,98;74;558;414;436;491;763;430;373;922;227;864;788
1,393,457,1,0,85,13,1,93;69;558;409;431;486;758;430;368;917;222;780;783
0,354,407,1,0,0,12,0,132;108;569;434;444;525;797;430;373;956;261;898
1,376,435,1,0,82,12,1,110;86;569;426;444;503;775;430;373;934;239;876
1,453,509,1,0,72,14,3,33;9;513;349;371;426;698;428;308;857;162;780;721;1003
1,483,570,1,0,84,14,4,3;483;319;341;396;668;398;278;827;132;769;693;973;621
1,393,454,1,0,85,13,2,93;69;558;390;431;486;758;430;368;917;222;780;783
1,428,488,1,0,85,13,2,58;34;538;374;396;451;723;430;333;882;187;780;742
1,318,550,1,0,104,11,8,168;17;144;648;470;506;561;833;563;443;992
1,329,551,1,0,93,12,6,157;6;133;637;470;495;550;822;430;432;981;286
1,300,381,1,0,85,10,1,12;186;35;162;666;502;524;579;851;581
0,305,368,1,0,0,11,0,7;181;30;157;661;470;519;574;846;576;456
1,352,413,1,1,131,12,1,134;110;569;450;472;527;799;430;373;958;263;900
1,353,415,1,0,122,12,2,133;109;569;434;471;526;798;430;373;957;262;899
1,330,414,1,0,107,12,1,156;5;132;636;470;494;549;821;430;373;980;285
1,334,406,1,0,82,12,1,152;1;128;632;464;490;545;817;430;373;976;281
1,1035,1119,1,0,52,15,4,116;267;92;141;421;69;209;386;211;443;187;178;592;626;165
1,1028,1098,1,0,52,15,4,123;267;92;148;428;76;216;393;218;450;187;185;592;633;165
1,1095,1303,1,0,55,16,7,56;215;92;81;361;9;149;326;151;383;187;118;537;566;165;868
1,1059,1137,1,0,49,16,2,92;251;92;117;397;45;185;362;187;419;187;154;573;602;165;904
1,1137,1351,1,1,42,15,7,14;173;92;25;319;107;284;109;341;167;76;495;524;144;688
1,1120,1208,1,0,36,15,3,31;190;92;56;336;124;301;126;358;184;93;512;541;161;688
1,1169,1222,1,1,45,14,2,141;83;7;287;75;252;77;309;135;44;463;492;112;688
0,1147,1210,1,0,0,15,0,4;163;92;25;309;97;274;99;331;151;66;485;514;134;688
1,944,1150,1,1,58,16,9,22;207;366;286;221;512;160;300;477;302;534;187;191;688;717;337
1,943,1013,1,1,53,16,3,22;208;367;286;233;513;161;301;478;303;535;187;191;689;718;338
1,949,1211,1,1,52,16,14,17;202;361;286;219;507;153;295;472;297;529;187;191;683;712;332
1,945,1212,1,0,64,16,7,21;206;365;286;221;511;153;299;476;301;533;187;191;687;716;336
1,966,1019,1,0,47,16,3,0;185;344;92;210;490;138;278;455;280;512;187;191;666;695;165
1,965,1219,1,1,63,16,8,1;186;345;286;211;491;139;279;456;281;513;187;191;667;696;165
1,1021,1073,1,0,52,15,2,130;267;92;155;435;83;223;400;225;457;187;191;611;640;165
1,1016,1092,1,0,46,15,2,135;294;92;160;440;88;228;405;230;462;187;191;616;645;165
1,858,1127,1,0,44,17,10,108;21;293;23;452;394;318;598;246;386;563;388;620;446;355;774;796
1,874,927,1,0,52,18,2,92;5;277;7;436;378;302;582;230;370;547;372;604;187;339;758;787;407
1,901,980,1,1,65,16,4,65;250;409;351;275;555;203;343;520;345;577;187;312;731;760;380
1,905,990,1,1,57,16,5,41;246;405;347;271;551;199;339;516;341;573;187;308;727;756;376
1,905,990,1,0,57,16,4,41;246;405;347;271;551;199;339;516;341;573;187;226;727;756;376
1,912,979,1,1,52,16,3,41;239;398;288;264;544;192;332;509;334;566;187;226;720;749;369
1,927,1007,1,0,39,16,4,39;224;383;286;249;529;177;317;494;319;551;187;226;705;734;354
1,934,1148,1,0,53,16,11,22;217;376;286;242;522;170;310;487;312;544;187;226;698;727;347
1,770,990,1,1,80,19,7,196;32;54;109;381;111;540;482;406;686;294;474;651;476;683;453;443;862;891
1,772,845,1,1,73,19,2,194;30;52;107;379;109;538;480;404;684;294;472;649;474;683;453;441;860;796
1,776,846,1,1,60,19,7,190;26;48;103;355;105;534;476;400;680;294;468;645;470;683;453;437;856;796
1,779,847,1,1,64,19,1,187;23;45;100;355;102;531;473;397;677;294;465;642;467;683;453;434;830;796
1,786,837,1,0,46,19,2,180;16;38;93;355;95;524;407;390;670;294;458;635;460;683;453;427;830;796
1,808,876,1,0,41,18,6,158;16;71;343;73;501;407;368;648;294;436;613;438;670;453;405;824;796
1,812,893,1,0,51,18,4,154;12;42;339;69;498;407;364;644;292;432;609;434;666;453;401;820;796
1,813,873,1,1,39,18,2,153;11;42;338;68;497;407;363;643;291;431;608;433;665;453;400;819;796
1,6692,6768,1,0,108,16,1,178;28;286;607;446;634;369;814;574;254;633;632;720;461;698;551
1,6706,6784,1,0,93,16,2,164;14;213;593;432;620;355;800;560;240;619;632;706;453;698;537
1,6724,6807,1,1,135,16,2,146;213;541;414;602;337;782;542;222;601;632;688;435;698;519;742
1,6742,6829,1,0,143,16,2,128;213;541;396;584;319;764;524;204;583;632;670;417;685;501;724
1,6653,6708,1,0,63,15,1,197;51;325;6;646;485;673;408;842;613;288;672;819;759;506
1,6666,6737,1,0,113,16,2,197;51;312;633;472;660;395;840;600;276;659;806;746;493;761;577
1,6677,6755,1,0,91,16,3,193;43;301;622;461;649;384;829;589;269;648;795;735;461;750;566
1,6682,6906,1,1,107,16,7,188;38;296;617;456;644;379;824;584;264;643;790;730;461;698;561
1,6611,6680,1,0,87,17,2,35;33;197;109;367;48;688;527;700;450;895;655;307;714;861;801;548
1,6624,6693,1,0,73,17,1,22;20;197;96;354;35;675;514;700;437;882;642;288;701;848;788;535
0,6631,6685,1,0,0,17,0,15;13;197;51;347;28;668;507;695;430;875;635;288;694;841;781;528
1,6646,6711,1,1,93,16,2,0;197;51;332;13;653;492;680;415;860;620;288;679;826;766;513
1,6580,6649,1,0,107,17,1,66;64;197;20;140;398;79;719;558;719;481;897;686;366;745;892;832
1,6587,6662,1,0,93,18,2,59;57;197;13;133;391;72;712;551;719;474;897;679;359;738;885;825;572
1,6592,6644,1,0,82,18,3,54;52;197;8;128;386;67;707;546;719;469;897;674;307;733;880;820;567
1,6593,6653,1,0,87,18,3,53;51;197;7;127;385;66;706;545;706;468;897;673;307;732;879;819;566
1,6521,6572,1,1,99,15,1,125;123;197;79;199;457;138;778;617;805;540;897;745;425;804
1,6491,6574,1,0,101,15,1,126;153;197;109;229;487;168;808;647;835;556;897;775;455;834
1,6541,6625,1,0,99,15,3,105;103;197;59;179;437;118;758;597;719;503;897;725;405;784
1,6530,6805,1,0,105,15,6,116;114;197;70;190;448;129;769;608;796;503;897;736;416;795
1,6440,6511,1,1,118,15,1,27;206;38;203;430;160;280;538;219;859;698;886;556;897;826
1,6435,6494,1,1,139,16,2,32;211;43;209;435;3;165;285;543;220;864;703;891;556;897;831
1,6484,6560,1,0,98,14,2,162;160;197;116;236;494;175;815;654;842;556;897;782;462
1,6449,6737,1,0,147,15,10,18;197;29;195;421;151;271;529;210;850;689;877;556;897;817
1,6395,6447,1,1,140,16,1,16;72;251;83;249;475;43;205;325;583;220;904;743;931;666;897
1,6391,6662,1,1,140,16,12,20;76;255;87;253;479;47;209;329;587;220;908;747;935;670;1115
1,6435,6495,1,0,116,16,1,32;211;43;203;435;3;165;285;543;220;864;703;891;556;897;831
1,6417,6506,1,0,141,16,2,50;229;61;227;453;21;183;303;561;220;882;721;909;644;897;849
1,6340,6402,1,1,91,15,3,71;7;127;5;306;138;304;488;98;260;380;638;319;959;798
1,6334,6387,1,0,84,15,4,77;22;133;11;312;144;310;488;104;266;386;644;325;965;804
1,6372,6450,1,0,99,15,3,39;95;274;103;272;488;66;228;348;606;287;927;766;954;689
1,6369,6421,1,0,93,15,1,42;98;277;109;275;488;69;231;351;609;290;930;769;957;692
1,6294,6548,1,0,107,15,8,117;62;173;51;352;162;350;488;144;266;396;672;365;1005;844
1,6306,6357,1,0,95,15,4,105;50;161;39;340;162;338;488;132;266;396;644;353;993;832
1,6262,6315,1,0,102,13,2,9;149;94;205;83;384;216;382;488;176;266;396;716
1,6280,6337,1,0,71,14,1,131;76;187;65;366;198;364;488;158;266;396;672;379;1019
0,6254,6311,1,0,0,13,0,14;157;102;213;91;392;224;390;488;184;346;396;724
1,6254,6337,1,0,91,13,3,14;157;102;213;91;392;224;390;488;184;346;396;724
1,6234,6297,1,0,105,12,4,32;177;122;233;111;412;241;410;488;204;366;486
1,6243,6535,1,0,111,13,8,14;168;113;224;102;403;235;401;488;195;357;477;735
1,6180,6239,1,0,79,12,1,32;231;176;287;159;466;298;464;488;258;420;540
1,6234,6320,1,0,93,12,2,32;177;122;233;111;412;241;401;488;204;366;486
1,6169,6252,1,1,74,12,1,82;242;187;298;176;477;309;475;488;269;431;551
1,6170,6224,1,1,87,12,4,32;241;186;297;175;476;308;474;488;268;430;550
1,6133,6215,1,0,72,11,1,135;278;223;334;196;508;345;495;683;305;467
1,6146,6403,1,0,91,11,9,82;265;210;321;196;500;332;495;683;292;454
1,6118,6206,1,0,65,12,4,14;153;293;230;349;196;527;360;495;683;320;482
1,6119,6170,1,1,58,12,1,13;152;292;230;348;196;508;359;495;683;319;481
1,6110,6164,1,0,56,13,4,2;22;161;301;230;357;213;527;367;495;683;328;490
1,6109,6174,1,1,55,13,1,3;23;162;302;247;358;213;527;367;495;683;329;491
0,6095,6162,1,0,0,13,0,17;37;176;316;261;372;213;527;367;495;683;343;505
1,6092,6162,1,1,70,12,3,18;40;179;319;264;375;241;527;367;495;683;346
1,6054,6107,1,1,93,13,2,18;78;36;217;357;302;413;241;527;367;495;683;384
1,6037,6124,1,0,97,13,3,18;95;53;234;374;319;430;241;527;416;495;683;401
1,6031,6237,1,0,99,14,5,18;0;101;59;240;380;325;436;241;527;416;613;683;407
1,6026,6113,1,1,87,14,2,18;5;106;64;245;385;330;439;319;527;452;618;683;412
1,6026,6115,1,1,82,14,3,18;5;106;64;245;385;330;439;241;527;452;618;683;412
1,6000,6234,1,1,82,16,8,18;22;14;132;90;271;411;3;349;439;345;527;478;644;870;438
1,5967,6056,1,1,76,14,4,18;22;47;165;123;298;444;36;389;439;378;527;511;677
1,5960,6182,1,0,70,14,7,152;22;51;172;130;298;451;43;396;439;385;527;518;684
1,5958,6024,1,0,69,14,2,154;73;51;174;132;298;453;45;398;439;387;527;520;686
1,5929,5987,1,0,58,12,2,183;102;51;203;161;298;482;74;427;439;412;527
1,5917,5999,1,0,64,13,4,2;195;114;51;215;173;318;494;86;439;439;412;527
1,5912,5975,1,0,71,13,1,7;200;119;102;220;178;318;499;91;444;439;412;527
1,5730,5781,1,0,119,17,2,189;133;180;76;382;301;178;227;402;360;1;541;681;239;626;737;412
1,5774,5863,1,0,112,16,3,145;89;136;32;338;257;134;227;358;316;497;637;229;582;693;412
1,5833,6119,1,0,101,16,8,86;30;77;279;198;75;181;299;257;438;578;170;512;634;412;813
1,5833,5915,1,0,99,16,2,86;30;77;279;198;75;181;299;257;438;578;170;512;528;412;813
1,5857,5922,1,0,65,16,1,62;6;53;255;174;18;157;275;233;414;554;146;499;528;412;789
1,5874,6151,1,0,79,15,8,45;36;238;157;18;112;258;216;397;537;129;482;528;412;772
1,5878,5950,1,0,79,15,4,41;32;234;153;18;112;254;212;393;533;125;478;528;412;527
1,5889,6152,1,1,93,15,8,30;21;223;142;18;112;243;201;382;522;114;467;439;412;527
1,5568,5643,1,0,96,17,1,103;351;61;295;342;16;238;544;463;331;446;519;522;163;703;746;239
1,5574,5660,1,0,100,17,3,99;345;55;289;336;10;232;538;457;331;440;519;516;157;661;746;239
1,5583,5666,1,0,109,17,4,90;336;46;280;327;1;223;529;448;325;431;484;507;148;661;746;239
1,5592,5863,1,1,93,16,9,81;327;37;271;318;214;520;439;316;422;484;498;94;661;746;239
1,5633,5697,1,0,70,15,3,40;286;230;277;173;479;398;275;227;484;457;94;638;746;239
1,5639,5694,1,1,85,15,4,34;280;224;271;167;473;392;269;227;484;417;92;632;746;239
1,5675,5739,1,0,93,14,4,244;188;235;131;437;356;233;227;457;415;56;596;736;239
1,5728,5962,1,1,155,17,8,191;135;182;78;384;303;180;227;404;362;3;543;683;239;628;739;617
1,5473,5550,1,0,93,15,2,184;446;156;390;437;111;333;614;558;435;541;519;617;258;798
1,5446,5496,1,0,84,15,1,13;213;473;183;417;464;138;360;614;585;462;568;519;644;285
1,5533,5611,1,0,97,16,2,140;386;96;330;377;51;273;579;498;375;481;519;557;198;738;878
0,5507,5577,1,0,0,15,0,166;412;122;356;403;61;299;605;524;401;507;519;583;224;764
1,5548,5607,1,1,86,16,2,125;371;81;315;362;36;258;546;483;331;466;519;542;183;723;863
1,5542,5600,1,0,101,16,1,131;377;87;321;368;42;264;546;489;366;472;519;548;189;729;869
1,5557,5764,1,0,107,17,5,103;362;72;306;353;27;249;546;474;331;457;519;533;174;714;854;239
1,5556,5786,1,0,109,17,8,103;363;73;307;354;28;250;546;475;331;458;519;534;175;715;855;447
1,5389,5668,1,0,104,16,10,0;70;284;530;240;474;521;195;417;614;642;519;607;550;701;342
1,5380,5638,1,1,75,16,13,9;79;293;539;249;483;530;204;426;614;651;528;607;752;710;351
1,5414,5498,1,1,92,15,5,45;243;505;215;449;496;170;392;614;617;494;600;519;676;317
1,5409,5493,1,0,92,15,1,50;264;510;220;454;501;175;397;614;622;499;605;519;681;322
1,5426,5511,1,0,79,15,5,33;216;493;203;437;484;158;380;614;605;482;575;519;664;305
1,5422,5485,1,0,91,15,1,37;243;497;207;441;488;162;384;614;609;486;575;519;668;309
1,5432,5505,1,1,93,15,1,27;216;483;197;431;478;152;374;614;586;476;575;519;658;299
1,5430,5494,1,0,84,15,4,29;216;489;199;433;480;154;376;614;586;478;575;519;660;301
0,5274,5353,1,0,0,15,0,51;81;115;185;397;645;355;589;570;310;532;744;757;548;740
1,5277,5351,1,1,86,15,2,48;78;112;182;396;642;352;586;570;307;529;744;754;548;737
1,5255,5457,1,1,86,15,2,70;100;134;204;418;664;374;608;570;317;551;744;776;653;759
1,5268,5346,1,0,86,15,3,57;87;121;191;405;651;361;595;570;316;538;744;763;548;746
0,5298,5360,1,0,0,15,0,27;57;91;161;375;621;331;565;570;286;508;744;733;548;607
1,5319,5530,1,1,91,15,6,6;36;70;140;354;600;310;544;570;265;487;744;712;548;607
0,5284,5338,1,0,0,15,0,41;71;105;175;389;635;336;579;570;300;522;744;747;548;730
1,5297,5558,1,0,92,15,10,28;58;92;162;376;622;332;566;570;287;509;744;734;548;717
1,5168,5403,1,0,84,12,6,157;118;221;249;505;751;461;695;742;317;638;944
1,5169,5249,1,1,81,12,2,156;118;220;249;504;750;460;694;741;317;637;744
1,5160,5242,1,0,68,12,2,4;165;183;229;249;513;759;469;703;750;424;646
1,5163,5446,1,1,81,12,8,1;162;118;226;249;510;756;466;700;747;421;643
1,5184,5261,1,1,76,12,2,141;118;205;249;489;709;445;679;570;317;622;744
1,5191,5268,1,1,75,12,2,134;118;198;249;482;698;438;672;570;317;615;744
1,5171,5450,1,1,80,12,6,154;118;218;249;502;709;458;692;739;317;635;744
1,5182,5256,1,1,75,12,3,143;118;207;249;491;709;447;681;570;317;624;744
1,5102,5185,1,0,93,14,2,10;15;62;223;253;287;249;571;799;527;761;808;482;704
1,4992,5243,1,0,58,13,7,30;49;120;125;172;333;363;397;89;467;681;799;637
1,4955,5206,1,0,49,12,8,67;86;157;162;209;368;400;434;126;504;718;956
1,4937,5170,1,0,49,13,6,85;14;104;165;180;227;382;418;452;144;522;736;956
1,5150,5212,1,0,72,12,3,14;175;205;239;249;523;765;479;713;760;434;652
1,5113,5178,1,1,85,13,1,4;51;186;242;276;249;560;799;485;750;797;471;652
1,5112,5201,1,0,92,14,2,0;5;52;186;243;277;249;561;799;517;751;798;472;652
1,5109,5160,1,0,78,14,3,3;8;55;216;246;280;249;564;799;520;754;801;475;652
1,4867,4926,1,0,55,11,2,155;84;174;245;250;297;382;488;479;214;592
1,4833,4907,1,0,61,12,2,189;118;5;208;279;284;331;382;522;479;248;626
1,4797,4999,1,0,71,12,4,213;121;7;41;244;315;320;367;528;558;479;281
1,4789,5011,1,0,60,13,5,2;213;162;15;49;252;323;328;375;536;566;479;281
1,4934,4995,1,0,45,13,3,88;17;107;165;183;230;382;421;455;147;525;739;985
1,4924,5007,1,0,50,13,4,98;27;117;165;193;240;382;431;465;157;535;749;995
1,4921,4987,1,0,45,13,1,101;30;120;191;196;243;382;434;468;160;538;752;998
1,4883,4957,1,0,53,11,4,139;68;158;229;234;281;382;472;479;198;576
1,8501,8579,1,0,69,13,1,92;116;280;221;143;449;81;191;433;226;280;663;1098
1,8486,8545,1,0,58,11,1,92;131;295;236;158;464;96;216;448;226;280
1,8539,8791,1,0,57,13,6,92;78;242;171;105;411;10;163;395;226;242;625;1060
1,8538,8595,1,1,62,13,3,92;79;243;184;106;412;10;164;396;226;243;626;1061
1,8427,8484,1,1,78,12,1,16;92;190;354;283;217;523;155;275;507;226;354
1,8415,8502,1,0,64,12,2,28;92;202;8;366;307;229;535;167;287;519;226
1,8475,8530,1,0,64,11,2,92;142;306;247;169;475;107;227;459;226;280
1,8445,8699,1,0,65,11,8,92;172;336;277;199;505;137;235;489;226;336
1,8574,8853,1,1,65,13,5,91;43;207;148;70;376;8;128;351;187;207;396;827
1,8570,8649,1,0,46,13,3,92;47;211;152;74;376;10;132;351;209;211;396;827
1,8628,8696,1,0,61,11,1,37;146;94;16;322;74;306;187;153;396;816
1,8627,8681,1,0,48,11,3,38;154;95;17;323;75;307;187;154;396;816
1,8547,8786,1,1,44,13,6,92;70;234;171;97;376;10;155;387;209;234;617;1052
1,8544,8602,1,0,61,13,3,92;73;237;171;100;406;10;158;390;209;237;620;1055
1,8567,8849,1,1,53,13,5,92;50;214;155;77;376;10;135;351;209;214;396;1032
1,8564,8649,1,1,51,13,4,92;53;217;158;80;376;10;138;370;209;217;396;1035
1,8249,8315,1,1,101,14,2,137;194;416;365;3;174;483;453;395;557;333;293;640;552
0,8252,8310,1,1,0,14,0,134;191;413;365;0;171;483;453;392;557;330;293;640;545
1,8262,8314,1,0,65,13,2,124;181;403;355;161;483;453;382;557;320;293;640;545
1,8296,8351,1,0,78,13,3,90;147;369;321;127;483;426;348;557;286;293;638;545
1,8238,8313,1,0,110,15,2,0;144;205;427;379;14;185;543;484;406;712;344;293;640;552
1,8240,8520,1,0,105,14,9,144;203;425;365;12;183;541;482;404;710;342;293;640;552
1,8242,8301,1,0,104,14,3,144;201;423;365;10;181;539;480;402;557;340;293;640;552
1,8246,8307,1,1,104,14,1,140;197;419;365;6;177;535;453;398;557;336;293;640;552
1,8375,8652,1,1,52,13,6,11;68;92;242;48;378;347;269;557;207;293;559;479
1,8381,8457,1,0,46,13,2,5;62;92;236;42;378;341;263;557;201;293;553;254
1,8383,8466,1,1,52,13,3,3;60;92;234;40;378;339;261;557;199;293;551;235
1,8387,8474,1,1,51,12,3,56;92;230;36;378;335;257;557;195;293;547;226
1,8315,8404,1,0,85,13,2,71;128;350;302;108;466;407;329;557;267;293;619;539
1,8325,8583,1,0,86,13,7,61;118;340;292;98;415;397;319;557;257;293;609;529
1,8351,8418,1,0,83,13,2,35;92;314;266;72;395;371;293;557;231;293;583;503
1,8363,8628,1,1,57,13,6,23;80;302;254;60;378;359;281;557;219;293;571;491
1,8123,8410,1,0,115,16,10,14;115;263;320;494;104;432;39;300;629;599;521;827;459;579;811
1,8113,8172,1,0,115,15,2,24;125;273;330;552;114;432;39;310;629;609;531;837;469;589
1,8060,8292,1,0,94,15,8,19;45;77;178;326;383;605;167;533;39;363;629;662;575;890
1,8045,8275,1,1,117,15,6,34;60;92;193;341;398;620;182;533;207;378;629;663;575;905
1,8031,8085,1,0,93,15,5,48;74;106;207;355;412;634;196;533;221;392;629;691;575;919
1,8025,8109,1,0,102,15,6,54;80;112;213;361;418;640;202;592;227;398;629;697;575;925
1,8004,8083,1,0,86,14,1,75;101;133;234;382;439;654;223;613;248;419;629;697;640
1,7994,8048,1,0,95,14,6,85;111;143;244;392;449;654;233;623;258;429;629;728;650
1,8237,8305,1,1,91,15,2,1;144;206;428;380;15;186;544;485;407;713;345;293;672;552
1,8229,8516,1,0,99,15,11,9;144;214;436;385;23;194;552;493;415;721;353;293;672;625
1,8217,8269,1,0,86,16,2,21;144;226;446;10;385;35;206;564;505;427;733;365;293;717;637
1,8195,8258,1,0,110,16,1,43;144;248;462;32;385;39;228;586;527;449;755;387;293;739;659
1,8194,8259,1,0,130,16,4,44;192;249;462;33;385;39;229;587;528;450;756;388;293;740;660
1,8160,8240,1,1,84,15,1,78;226;283;494;67;385;39;263;621;562;484;790;422;293;774
1,8148,8215,1,0,92,15,2,90;238;295;494;79;385;39;275;629;574;496;802;434;293;786
1,8132,8189,1,1,108,16,2,5;106;254;311;494;95;432;39;291;629;590;512;818;450;293;802
1,7777,8026,1,1,86,12,5,0;158;109;302;328;360;461;609;556;670;283;840
1,7806,7862,1,0,105,12,2,129;80;273;299;331;432;580;556;667;283;811;446
1,7772,7858,1,0,93,12,2,5;163;114;307;333;365;466;614;563;876;283;845
1,7775,8064,1,1,85,12,7,2;160;111;304;330;362;463;611;556;876;283;842
1,7752,7807,1,1,88,12,2,25;183;134;327;353;385;486;634;588;876;475;865
1,7757,7984,1,0,93,12,8,20;178;129;322;348;380;481;629;563;876;470;860
1,7699,7928,1,0,81,11,6,18;78;236;187;380;406;438;539;687;588;966
1,7719,7787,1,0,111,12,3,58;216;167;360;386;418;519;667;588;876;508;898
1,7904,8157,1,1,127,13,6,12;175;201;233;334;482;539;654;259;713;348;519;877
0,7963,8027,1,0,0,13,0,116;142;174;275;423;480;654;259;654;289;460;629;759
1,7888,7974,1,0,123,13,5,47;191;217;246;350;498;555;654;283;729;364;535;893
1,7900,7952,1,0,122,13,1,35;179;205;237;338;486;543;654;259;717;352;523;881
1,7867,7933,1,1,88,13,1,68;19;212;238;270;371;519;556;654;283;750;385;556
0,7867,7924,1,0,0,13,0,68;19;212;238;246;371;519;556;654;283;750;385;556
1,7811,7861,1,1,97,12,3,124;75;268;294;326;427;556;556;667;283;806;441
1,7824,7878,1,1,91,12,2,111;62;255;281;313;414;545;556;667;283;793;428
1,7415,7466,1,0,75,12,3,91;57;12;51;145;293;362;503;471;664;481;722
1,7402,7474,1,0,82,13,3,104;69;10;16;59;158;315;375;503;484;677;481;735
1,7464,7549,1,0,75,11,2,42;8;2;96;253;313;471;422;615;481;673
1,7420,7478,1,1,76,12,2,86;52;7;46;140;284;357;503;466;659;481;717
1,7477,7543,1,1,90,9,2,29;83;240;300;458;409;602;446;660
1,7476,7769,1,0,95,9,7,30;84;241;301;459;410;603;481;661
0,7542,7606,1,0,0,10,0,18;175;235;393;344;537;446;595;696;844
1,7488,7557,1,1,71,10,1,18;72;229;289;447;398;591;446;631;750
0,7574,7636,1,0,0,9,0,143;203;361;312;505;446;563;664;812
0,7561,7647,1,0,0,9,0,156;216;374;325;518;446;576;677;825
1,7596,7649,1,0,91,9,1,121;181;339;290;483;446;491;642;790
1,7586,7845,1,0,104,9,5,131;191;349;300;493;446;551;652;800
1,7617,7676,1,0,106,10,2,100;160;305;269;462;446;491;621;769;826
1,7598,7683,1,0,91,9,1,119;179;320;288;481;446;491;640;788
1,7688,7948,1,0,88,11,7,29;89;247;198;391;417;449;550;698;755;977
0,7632,7707,1,0,0,10,0,85;145;303;254;447;446;491;606;713;811
1,7234,7294,1,1,102,16,2,65;92;272;32;91;189;178;193;9;232;326;483;143;450;701;652
1,7252,7310,1,1,104,16,2,47;63;254;14;73;189;160;175;214;308;465;125;450;683;634;827
1,7255,7544,1,0,100,16,9,44;51;251;11;70;189;157;172;211;305;462;122;450;680;631;824
1,7271,7341,1,1,100,15,2,28;51;235;54;189;141;156;195;289;446;106;441;664;615;808
1,7272,7337,1,0,100,15,1,27;25;234;53;189;140;155;194;288;445;105;441;663;614;807
1,7283,7371,1,0,113,15,5,16;25;223;42;189;129;144;163;277;434;94;441;652;603;796
1,7291,7373,1,0,81,15,2,8;25;215;34;181;121;136;163;269;426;86;441;644;595;767
1,7296,7360,1,0,82,15,1,3;25;210;29;176;116;131;163;264;421;81;441;567;590;767
1,7364,7440,1,0,73,13,2,142;108;48;63;102;196;353;13;413;567;522;715;741
1,7365,7440,1,0,72,13,2,141;107;47;62;101;195;352;12;412;511;521;714;740
1,7366,7421,1,1,72,13,2,140;69;46;61;100;194;351;11;411;511;520;713;739
0,7378,7435,1,1,0,12,0,128;69;34;49;88;182;339;399;504;508;701;727
1,7380,7434,1,1,69,12,1,126;69;32;47;86;180;337;397;504;506;699;725
1,7389,7674,1,0,70,12,8,117;69;23;38;59;171;328;388;504;497;690;716
1,7392,7481,1,0,69,12,4,114;69;20;35;59;168;325;385;504;494;687;481
1,7400,7476,1,0,85,13,2,106;69;12;16;59;160;317;377;504;486;679;481;737
1,7024,7102,1,1,106,17,2,275;114;302;37;482;242;282;448;388;135;403;212;442;536;665;353;753
1,7021,7093,1,1,119,17,6,278;117;305;40;485;245;282;451;391;138;406;212;445;539;683;356;756
1,7003,7300,1,0,104,16,14,296;135;323;58;503;263;282;469;409;156;424;216;463;557;683;374
1,6959,7191,1,0,101,17,10,19;340;179;367;102;547;307;282;513;453;200;468;216;507;601;708;418
1,7056,7140,1,0,107,17,5,243;82;270;5;450;210;269;416;356;103;371;187;410;504;655;321;664
1,7042,7119,1,0,115,17,4,257;96;284;19;464;224;282;430;370;117;385;201;424;517;655;335;735
1,7028,7100,1,0,113,17,6,271;110;298;33;478;238;282;444;384;131;399;212;438;517;665;349;749
0,7026,7089,1,0,0,17,0,273;112;300;35;480;240;282;446;386;133;401;212;440;517;665;351;751
1,7080,7136,1,0,101,16,5,219;58;246;426;186;245;189;332;79;347;163;386;468;635;297;664
1,7077,7130,1,0,99,16,2,222;61;249;429;189;248;189;335;82;350;166;389;483;635;300;664
1,7075,7302,1,0,93,16,7,224;63;251;431;191;250;397;337;84;352;168;391;485;635;302;664
1,7059,7110,1,0,107,17,5,240;79;267;2;447;207;266;413;353;100;368;184;407;501;650;318;664
1,7234,7290,1,0,101,16,4,65;63;272;32;91;189;178;193;9;232;326;483;143;450;701;652
1,7181,7239,1,1,117,16,5,118;145;325;85;144;189;231;246;62;285;379;536;196;450;754;705
1,7137,7198,1,0,101,17,2,162;1;189;369;129;188;189;275;22;290;106;329;423;580;240;450;798
1,7086,7342,1,0,92,16,7,213;52;240;420;180;239;189;326;73;341;157;380;468;627;291;664
1,6772,6823,1,1,132,16,3,98;206;527;366;527;289;734;494;174;553;632;640;387;655;219;694
1,6774,6858,1,1,134,16,1,96;204;525;364;527;287;732;492;172;551;632;638;385;634;219;692
1,6749,7034,1,0,145,16,10,115;213;541;389;577;312;757;517;197;576;632;663;410;678;494;717
1,6769,6825,1,0,142,16,1,101;209;530;369;557;292;737;497;177;556;632;643;390;658;219;697
1,6838,6890,1,0,153,17,3,32;140;461;300;488;223;668;428;108;487;622;574;321;589;219;628;722
1,6856,6935,1,0,142,17,3,14;122;443;282;470;199;650;410;90;469;616;556;303;571;219;610;704
1,6777,6862,1,1,142,16,2,93;201;522;361;527;284;729;489;144;548;632;635;382;634;219;689
1,6832,6904,1,0,133,17,2,38;146;467;306;494;229;674;434;114;493;622;580;327;595;219;634;728
1,6889,6951,1,1,162,17,3,89;410;249;437;172;617;377;57;436;583;523;270;538;219;517;631;828
1,6891,7170,1,0,184,17,12,87;408;247;435;137;615;375;55;434;581;521;268;536;219;517;631;826
1,6876,6959,1,0,122,16,4,102;423;262;450;185;630;390;70;449;596;536;283;551;219;590;684
1,6886,6964,1,0,182,17,2,92;413;252;440;175;620;380;60;439;586;526;273;541;219;517;674;831
1,6938,7010,1,0,130,18,4,40;361;200;388;114;568;328;8;282;532;474;221;489;219;517;622;779;439
1,6951,7023,1,1,105,17,4,27;348;187;375;110;555;315;282;521;461;208;476;219;515;609;708;426
1,6912,6974,1,0,190,18,3,66;387;226;414;137;594;354;34;282;560;500;247;515;219;517;631;805;465
1,6928,6984,1,0,141,18,3,50;371;210;398;114;578;338;18;282;544;484;231;499;219;517;631;789;449
1,2754,2837,1,1,66,11,2,172;379;166;344;82;186;193;250;89;584;458
1,2721,2965,1,0,63,12,5,23;205;412;405;377;115;191;226;283;122;592;491
1,2719,2772,1,1,65,12,2,25;207;414;407;379;117;191;228;285;124;619;493
0,2696,2753,1,0,0,12,0,48;230;437;430;402;140;191;251;296;147;642;516
1,2682,2771,1,0,72,12,3,62;244;451;444;416;154;209;265;296;161;644;530
1,2679,2766,1,1,85,12,3,65;247;454;447;419;157;209;268;296;164;659;533
1,2666,2755,1,0,71,12,1,78;260;467;460;432;170;209;281;296;177;672;546
1,2636,2721,1,1,71,13,2,7;108;290;497;490;462;200;209;311;368;198;702;576
1,2620,2693,1,0,86,14,4,15;23;124;306;513;506;478;216;209;327;384;198;718;592
1,2598,2652,1,0,84,14,3,37;45;146;328;535;528;500;238;209;349;406;245;740;614
1,2594,2649,1,0,75,14,1,41;49;150;332;539;532;504;242;209;353;410;249;744;618
1,2572,2654,1,0,84,14,7,63;71;172;354;561;554;526;264;252;375;432;271;766;640
1,2526,2606,1,0,77,15,6,37;109;117;23;218;400;607;600;572;310;252;421;478;317;812
1,2501,2746,1,1,99,15,8,62;134;142;48;243;425;619;625;597;335;439;446;503;342;816
1,2463,2549,1,0,132,16,2,100;13;172;180;86;281;463;619;663;635;373;477;484;541;380;816
1,2462,2718,1,0,105,16,11,101;13;173;181;87;282;464;619;664;636;374;478;485;542;381;840
1,2893,3177,1,0,88,12,5,33;240;166;205;30;54;111;435;319;473;287;641
1,2952,3030,1,0,87,11,1,181;166;146;52;386;260;414;248;475;779;492
1,2870,2948,1,0,78,11,2,56;263;166;222;51;77;134;468;342;496;287
1,2892,2968,1,0,60,11,3,34;241;166;206;48;55;112;435;320;474;287
1,2851,2909,1,0,49,11,1,75;282;166;247;51;96;153;487;361;515;287
1,2869,2928,1,0,55,11,1,57;264;166;229;51;78;135;469;343;497;287
1,2804,2869,1,0,40,13,3,122;329;166;294;32;119;143;200;39;526;408;562;287
1,2849,2901,1,0,52,11,3,77;284;166;249;91;98;155;489;363;517;287
1,2792,3075,1,0,58,13,9,134;332;166;306;34;148;155;212;51;546;411;574;287
1,2801,2858,1,1,45,13,3,125;332;166;297;34;139;146;203;42;526;411;565;287
1,2783,2854,1,0,52,13,2,143;350;166;315;34;157;164;216;60;555;411;583;320
1,2785,2843,1,0,58,13,2,141;332;166;313;34;155;162;216;58;553;411;581;320
1,2770,2849,1,0,40,13,3,156;363;166;328;66;170;177;234;73;568;411;596;320
1,2778,2831,1,0,36,13,3,148;355;166;320;34;162;169;226;65;560;411;588;320
1,2768,3006,1,0,53,13,9,158;365;166;330;68;172;179;236;75;570;411;598;432
0,2768,2827,1,0,0,13,0,158;365;166;330;68;172;179;236;75;570;411;598;320
1,2229,2295,1,0,93,11,1,330;235;406;167;175;410;285;515;697;904;897
1,2223,2290,1,0,76,11,1,340;235;412;173;181;410;285;521;703;910;903
1,2232,2291,1,0,89,11,1,302;214;403;164;172;410;285;512;694;901;894
1,2231,2315,1,0,87,11,1,330;214;404;165;173;410;285;513;695;902;895
1,2191,2253,1,0,77,11,1,372;308;444;205;213;410;358;553;735;942;935
1,2183,2266,1,0,81,11,4,380;316;452;213;221;421;366;561;743;950;943
1,2220,2278,1,1,93,11,1,343;235;415;176;184;410;329;524;706;913;906
1,2216,2267,1,0,86,11,1,347;283;419;180;188;410;330;528;710;917;910
1,2122,2195,1,0,71,8,2,441;368;513;272;282;421;413;622
1,2114,2192,1,0,65,8,1,449;385;521;272;290;421;413;630
1,2149,2208,1,0,52,8,1,414;345;486;247;255;421;400;595
1,2142,2219,1,0,52,8,1,421;357;493;254;262;421;407;602
1,2069,2158,1,1,86,8,2,44;494;430;566;277;335;421;413
1,2046,2100,1,0,78,10,1,20;57;10;517;453;589;277;358;421;413
1,2077,2365,1,0,75,8,7,36;486;422;539;277;327;421;413
1,2073,2124,1,0,78,8,2,40;490;426;540;277;331;421;413
1,2414,2473,1,1,71,14,1,149;85;221;229;135;330;512;619;712;684;422;526;533;590
1,2442,2517,1,0,91,15,3,121;57;193;201;107;302;484;619;684;656;394;498;505;562;401
1,2447,2502,1,0,100,15,4,116;13;188;196;102;297;479;619;679;651;389;493;500;557;396
1,2451,2521,1,0,106,16,6,112;13;184;192;98;293;475;619;675;647;385;489;496;553;392;887
1,2334,2384,1,0,77,15,2,229;165;301;62;70;309;215;410;592;715;792;764;441;606;613
1,2352,2422,1,0,72,15,1,211;147;283;44;52;291;197;392;574;715;774;716;441;588;595
1,2367,2455,1,0,92,15,2,196;132;268;29;37;276;182;377;559;715;759;716;441;573;569
1,2368,2425,1,1,93,15,1,195;131;267;28;36;275;181;376;558;619;758;716;441;572;569
1,2282,2356,1,0,118,13,1,275;214;353;114;122;346;267;462;644;715;844;816;554
1,2292,2354,1,0,124,13,4,271;207;343;104;112;346;246;452;634;715;834;806;544
1,2299,2351,1,0,107,13,1,264;200;336;97;105;327;246;445;627;715;827;799;537
1,2302,2548,1,1,116,13,6,244;197;333;94;102;327;246;442;624;715;824;796;534
1,2240,2329,1,1,94,11,1,295;214;395;156;164;403;285;504;686;893;886
1,2272,2331,1,0,125,13,4,275;214;363;124;132;371;277;472;654;861;854;826;564
1,2274,2357,1,1,126,13,4,275;214;361;122;130;353;275;470;652;859;852;824;562
1,2275,2518,1,1,133,13,8,275;214;360;121;129;346;274;469;651;858;851;823;561
1,1693,1989,1,0,94,10,8,270;373;420;363;259;318;848;806;151;860
0,1692,1777,1,0,0,10,0,271;374;421;364;260;319;848;807;151;860
1,1686,1978,1,0,99,10,8,277;380;427;370;266;325;848;813;208;860
1,1685,1926,1,0,104,10,9,278;381;428;371;267;326;848;814;209;950
0,1756,1842,1,1,0,10,0,207;310;357;300;196;98;807;594;138;801
1,1719,1925,1,1,103,10,5,244;347;394;337;233;292;844;594;151;801
1,1715,1930,1,1,86,10,3,248;351;398;341;237;296;848;784;151;801
1,1713,2000,1,1,92,10,9,250;353;400;343;239;298;848;786;151;822
1,1591,1663,1,0,68,10,1,32;70;372;475;522;440;349;420;972;908
1,1583,1658,1,0,87,10,3,49;78;380;483;530;440;349;428;980;916
1,1572,1641,1,1,60,10,2,60;89;391;489;533;441;349;439;991;927
1,1537,1614,1,0,107,9,1,95;124;426;489;533;441;415;474;1026
1,1674,1742,1,0,80,10,2,289;392;439;382;278;337;859;825;220;961
0,1651,1721,1,0,0,10,0,10;312;415;462;405;301;360;859;848;243
1,1631,1717,1,1,98,11,2,1;30;332;435;482;410;321;380;932;868;263
1,1607,1665,1,0,96,11,2,25;54;356;459;506;410;345;404;956;892;287
1,1954,2036,1,0,50,11,1,7;112;159;102;57;609;545;681;313;450;689
1,1978,2220,1,1,75,11,5,88;135;78;33;585;521;657;277;426;665;571
1,1929,2138,1,0,61,12,7,34;137;169;127;23;82;634;570;706;467;475;705
1,1941,2027,1,0,69,12,3,22;125;169;115;11;70;622;558;694;313;463;702
1,2004,2055,1,0,65,11,2,62;88;52;7;559;495;631;277;400;421;413
1,2038,2091,1,0,79,10,2,28;75;18;525;461;597;277;366;421;413
1,1990,2287,1,0,80,11,7,76;123;66;21;573;509;645;277;414;653;413
1,1994,2049,1,0,78,11,2,72;119;62;17;569;505;641;277;410;421;413
0,1798,1867,1,0,0,12,0,165;268;315;258;154;98;765;593;96;778;598;606
0,1822,1878,1,0,0,12,0,141;244;291;234;130;98;741;593;72;778;574;582
1,1767,1835,1,2,109,12,3,196;299;346;289;185;98;796;594;127;801;629;637
1,1784,1871,1,1,79,12,1,179;282;329;272;168;98;779;594;110;778;612;620
1,1883,1952,1,1,66,13,2,80;183;230;173;69;98;680;593;11;752;513;521;705
1,1911,1988,1,1,72,12,3,52;155;202;145;41;98;652;588;724;485;493;705
1,1873,1940,1,0,58,13,2,90;193;240;183;79;98;690;593;21;762;523;531;770
1,1882,1942,1,0,65,13,2,81;184;231;174;70;98;681;593;12;753;514;522;705
1,1263,1331,1,0,49,10,5,47;193;152;215;41;369;398;18;688;768
1,1253,1341,1,1,53,10,2,57;203;152;225;51;379;408;28;688;813
1,1330,1622,1,0,63,9,7,126;91;148;302;310;633;736;783;726
1,1327,1382,1,0,63,9,1,129;94;151;305;334;636;739;786;729
1,1356,1421,1,0,61,10,2,100;65;122;276;305;607;710;757;454;596
1,1355,1590,1,1,66,10,3,101;66;123;277;306;608;711;758;527;597
1,1376,1458,1,1,71,10,4,80;45;102;251;285;587;690;737;441;576
1,1362,1427,1,1,67,10,4,94;59;116;270;299;601;704;751;441;590
1,1182,1246,1,0,39,13,5,128;70;274;62;239;64;296;122;31;450;479;70;688
1,1180,1239,1,1,33,13,4,130;72;276;64;241;66;298;124;33;452;479;101;688
1,1190,1243,1,0,40,13,3,120;62;266;54;231;56;288;114;23;442;471;70;688
1,1186,1245,1,0,40,13,3,124;66;270;58;235;60;292;115;27;446;475;70;688
1,1210,1276,1,1,41,13,1,100;42;246;34;174;36;268;94;3;422;451;70;688
1,1196,1252,1,0,41,13,2,114;53;260;48;225;50;282;108;17;436;465;70;688
1,1227,1297,1,0,35,12,1,83;25;229;17;155;19;251;77;405;434;54;688
1,1219,1308,1,1,41,12,1,91;33;237;25;156;27;259;85;413;442;62;688
1,1452,1707,1,3,82,11,3,4;26;180;209;511;556;661;441;500;559;1111
1,1462,1692,1,1,80,10,3,16;170;199;501;548;651;441;490;549;1101
1,1489,1559,1,0,92,9,1,143;172;474;548;624;441;463;522;1074
1,1494,1573,1,0,91,9,2,138;158;469;548;619;441;458;517;1069
0,1503,1582,1,0,0,9,0,129;158;454;548;610;441;449;508;1060
1,1511,1566,1,1,110,9,2,121;150;452;548;602;441;441;500;1052
1,1511,1592,1,0,128,9,3,121;150;430;548;602;441;441;500;1052
1,1532,1620,1,0,115,9,1,100;129;430;534;533;441;420;479;1031
1,1389,1619,1,0,60,10,2,67;32;89;232;272;574;677;724;441;563
1,1390,1451,1,0,60,10,4,66;31;88;232;271;573;640;723;441;562
1,1404,1625,1,1,59,10,2,52;17;64;228;257;559;640;709;441;548
1,1404,1459,1,1,49,10,1,52;17;64;228;257;559;600;709;441;548
1,1407,1637,1,1,61,10,2,49;14;64;225;254;556;595;706;441;545
1,1424,1480,1,1,53,9,1,32;54;208;237;539;565;689;441;528
1,1431,1517,1,0,64,10,1,25;47;201;220;532;565;682;441;521;580
1,1439,1508,1,3,75,11,1,17;39;193;220;524;557;674;441;513;572;1124
1,4358,4443,1,0,57,17,4,114;97;267;390;115;433;441;518;353;367;322;480;651;48;754;747;806
1,4363,4426,1,0,71,17,3,109;92;262;385;110;428;441;518;348;367;318;475;651;48;705;747;801
1,4352,4416,1,1,70,17,2,120;103;273;396;121;439;441;531;359;367;322;486;651;48;760;765;812
1,4353,4439,1,0,59,17,4,119;102;272;395;120;438;441;518;358;367;322;485;651;48;759;764;811
1,4319,4402,1,1,86,17,5,153;117;306;429;124;472;445;531;359;367;322;519;722;48;793;786;845
1,4320,4597,1,1,97,17,11,152;117;305;428;124;471;441;531;359;367;322;518;721;48;792;786;844
1,4312,4604,1,1,92,16,13,160;117;313;436;124;479;710;531;359;492;322;526;729;48;800;786
1,4315,4612,1,1,98,16,11,157;117;310;433;124;476;707;531;359;367;322;523;726;48;797;786
1,4463,4712,1,1,78,18,13,9;162;285;10;324;428;488;248;341;218;375;578;48;649;654;701;862;892
1,4486,4545,1,1,85,16,4,139;262;305;428;465;225;318;195;352;555;40;626;631;678;839;787
1,4406,4492,1,0,58,18,5,66;49;219;342;67;352;428;518;305;367;275;432;635;48;705;711;758;919
1,4429,4483,1,1,67,19,4,43;26;196;319;44;352;428;515;282;367;252;409;612;48;683;688;735;896;926
1,4390,4478,1,1,72,18,3,82;65;235;358;83;401;428;518;321;367;291;448;651;48;705;727;774;935
1,4394,4483,1,1,53,18,5,78;61;231;354;79;397;428;518;317;367;287;444;647;48;705;723;770;931
1,4366,4443,1,1,78,17,4,106;89;259;382;107;425;441;518;345;367;315;456;651;48;705;747;798
1,4381,4664,1,1,86,18,13,91;74;244;367;92;410;441;518;330;367;300;452;651;48;705;736;783;944
1,4674,4737,1,0,69,15,2,74;117;348;277;37;130;7;164;367;438;443;490;651;681;715
1,4601,4874,1,0,65,15,8,24;147;190;421;350;110;203;80;237;440;511;516;563;724;754
1,4561,4622,1,0,59,15,2,64;187;230;428;390;150;243;120;277;480;551;556;603;764;772
1,4534,4603,1,1,59,15,4,91;214;257;428;417;177;270;147;304;507;578;583;630;791;787
1,4534,4587,1,0,47,15,4,91;214;257;428;417;177;270;147;304;507;578;583;630;791;772
1,4505,4567,1,1,79,16,4,120;243;269;428;446;206;299;172;333;536;21;607;612;659;820;787
1,4499,4568,1,1,81,16,3,126;249;291;428;452;212;305;172;339;542;27;613;618;665;826;787
1,4498,4549,1,1,75,16,1,127;250;291;428;453;213;306;183;340;543;28;614;619;666;827;787
1,4780,4854,1,0,65,13,3,11;213;171;24;58;261;332;337;384;545;575;479;301
1,4775,4844,1,0,65,13,1,16;247;176;29;63;266;337;342;389;550;580;479;306
1,4769,4830,1,0,59,13,1,22;253;182;35;69;272;343;348;395;556;586;479;312
1,4762,4970,1,1,65,13,5,29;260;189;42;76;279;350;355;402;557;593;627;319
1,4757,4843,1,1,65,13,2,34;265;194;47;81;284;355;360;407;568;598;632;324
1,4700,4770,1,0,82,14,4,48;91;322;245;11;104;138;341;401;417;464;625;655;689
1,4690,4745,1,0,69,14,2,58;101;332;245;21;114;148;351;421;427;474;635;665;699
1,4687,4750,1,0,64,14,2,61;104;335;264;24;117;151;354;421;430;477;638;668;702
1,3946,4023,1,0,72,14,1,275;526;218;217;176;255;242;314;109;509;679;802;356;527
1,3946,4177,1,0,100,14,7,275;526;218;217;176;255;242;314;109;450;679;802;356;527
1,3946,4179,1,0,87,14,6,275;526;218;217;176;255;242;314;109;450;679;800;356;527
1,3959,4219,1,0,92,15,10,262;506;205;204;176;242;229;301;96;450;666;789;343;514;832
1,3851,3917,1,0,124,13,4,370;621;313;312;176;50;350;334;409;204;604;774;897
1,3863,3924,1,0,107,13,1,358;609;292;300;176;38;338;325;397;192;592;762;885
0,3883,3964,1,0,0,14,0,338;589;281;280;176;8;318;305;377;172;572;742;865;419
1,3935,3985,1,1,93,14,4,286;537;229;228;176;266;253;325;120;520;690;813;367;538
1,4037,4323,1,0,108,16,11,184;435;127;126;129;164;151;223;18;418;588;711;265;409;692;985
0,4045,4107,1,1,0,16,0,176;427;119;118;121;156;143;215;10;410;580;703;257;409;692;715
1,4094,4155,1,0,81,16,2,127;378;70;69;72;107;94;166;361;531;654;208;379;692;715;857
1,4098,4353,1,1,85,16,8,123;374;11;65;68;103;90;162;357;527;650;204;375;692;715;853
0,3980,4040,1,0,0,15,0,241;492;184;183;176;221;208;280;75;450;645;768;322;493;704
1,4000,4055,1,0,85,15,3,221;472;164;163;166;201;188;260;55;450;625;748;302;473;704
1,4014,4075,1,0,108,16,3,207;458;150;149;132;187;174;246;41;441;611;734;288;459;704;1008
1,4035,4258,1,0,122,16,10,186;437;129;128;131;166;153;225;20;420;590;713;267;409;704;987
1,4227,4300,1,1,122,15,1,245;33;228;398;521;75;166;564;715;552;359;577;454;611;814
1,4155,4447,1,1,78,17,8,66;317;9;8;11;46;33;105;300;470;593;147;166;636;715;796;359
1,4247,4300,1,1,134,16,1,225;13;208;378;501;55;166;544;715;531;359;557;434;591;794;279
1,4231,4303,1,0,115,15,1,241;29;224;394;508;71;166;560;715;552;359;573;450;607;810
1,4131,4371,1,0,66,17,4,90;341;11;32;35;70;57;129;318;494;617;171;247;660;715;820;580
1,4112,4163,1,0,72,17,1,109;360;11;51;54;89;76;148;343;513;636;190;247;679;715;839;599
1,4155,4386,1,0,83,17,5,66;317;9;8;11;46;33;105;300;470;593;147;166;636;715;552;359
1,4152,4230,1,0,72,17,5,69;320;11;11;14;49;36;108;303;473;596;150;247;639;715;799;359
1,4300,4562,1,1,84,17,10,172;155;325;445;2;124;491;715;531;359;504;322;536;741;226;812;817
1,4296,4370,1,1,78,17,2,176;159;329;445;6;124;495;715;531;359;508;385;536;745;230;816;821
1,4309,4519,1,0,98,16,9,163;117;316;439;124;482;713;531;359;495;322;529;732;217;803;786
1,4308,4374,1,0,89,16,1,164;147;317;440;124;483;714;531;359;496;322;530;733;218;804;786
1,4266,4325,1,0,109,16,1,206;189;359;482;36;166;525;715;531;359;538;415;536;775;260;846
1,4254,4307,1,0,148,17,3,218;6;201;371;485;48;166;537;715;531;359;550;427;584;787;272;858
1,4279,4499,1,0,109,16,8,188;176;346;445;23;166;512;715;531;359;525;402;536;762;247;833
1,4271,4338,1,0,102,16,2,201;184;354;445;31;166;520;715;531;359;533;410;536;770;255;841
0,3366,3424,1,0,0,7,0,0;160;179;78;145;855;824
1,3366,3451,1,0,70,7,3,0;160;179;78;145;855;824
1,3359,3655,1,1,48,7,2,7;175;179;85;152;862;1067
1,3362,3439,1,1,50,7,2,4;172;179;82;149;859;824
1,3411,3495,1,0,53,6,1,110;179;33;100;810;824
1,3411,3484,1,0,70,6,1,110;179;33;100;741;824
0,3392,3452,1,1,0,6,0,142;179;52;119;829;824
1,3408,3675,1,0,61,6,2,126;179;36;103;813;824
1,3586,3648,1,1,77,10,1,145;635;824;578;577;488;315;615;602;674
0,3594,3680,1,1,0,10,0,137;594;824;570;569;488;307;607;594;666
1,3504,3554,1,0,97,9,1,30;179;7;717;824;660;659;662;397
1,3514,3733,1,0,114,9,4,20;175;707;824;650;649;652;387;687
0,3640,3693,1,1,0,11,0,91;552;824;524;523;488;261;561;548;620;415
1,3645,3734,1,0,83,11,1,86;552;824;519;518;488;256;556;543;615;410
1,3611,3672,1,1,78,10,1,120;594;824;553;552;488;290;590;577;649
0,3629,3680,1,0,0,11,0,102;552;824;535;534;488;272;572;559;631;426
1,3677,3763,1,1,92,11,1,54;544;795;487;486;488;224;477;465;583;378
1,3671,3957,1,0,102,11,10,60;550;801;493;492;488;230;477;517;589;384
1,3665,3734,1,0,93,11,1,66;552;807;499;498;488;236;508;523;595;390
0,3657,3742,1,0,0,11,0,74;552;815;507;506;488;244;508;531;603;398
1,3724,3809,1,1,84,11,1,7;497;748;367;439;442;177;454;464;536;331
1,3723,3798,1,0,126,11,3,8;498;749;441;440;443;178;454;465;537;332
1,3706,3772,1,1,93,11,1,8;513;766;458;457;460;195;477;465;554;349
1,3683,3734,1,0,92,11,3,48;513;789;481;480;483;218;477;465;577;372
1,3806,3890,1,0,116,11,1,415;666;358;357;360;95;395;382;454;249;649
0,3778,3833,1,1,0,10,0,427;694;367;385;388;123;423;410;482;277
1,3777,4027,1,0,100,10,4,429;695;367;386;389;124;424;411;483;278
1,3739,3819,1,0,109,10,1,429;733;367;424;427;162;454;449;521;316
1,3838,3922,1,0,109,12,4,383;634;326;321;176;63;363;350;422;217;617;787
1,3824,3883,1,0,110,11,1,397;648;340;321;176;77;377;364;436;231;631
1,3816,4040,1,1,115,11,4,405;656;348;321;350;85;379;372;444;239;639
1,3814,3879,1,0,109,11,1,407;658;350;349;352;87;379;374;446;241;641
1,2959,3182,1,0,93,11,7,150;166;139;45;379;253;407;241;475;772;485
1,2962,3031,1,0,83,11,2,150;164;136;42;376;250;404;238;475;550;482
1,2962,3181,1,0,94,11,6,150;164;136;42;376;239;404;238;475;550;482
1,2968,3230,1,1,88,11,6,150;158;130;36;370;239;290;232;475;550;476
1,2976,3055,1,2,142,11,2,150;150;122;28;362;236;290;224;475;550;371
1,2992,3069,1,1,104,11,2,141;134;103;12;346;220;290;208;475;550;371
0,3033,3108,1,0,0,10,0,100;93;65;305;179;290;167;475;550;371
1,3046,3122,1,0,73,10,3,87;80;52;292;166;290;154;475;550;371
1,3048,3102,1,1,79,10,4,85;78;50;290;164;264;152;475;550;371
1,3057,3294,1,0,84,10,5,76;69;41;281;150;264;143;475;550;371
1,3070,3295,1,1,79,10,6,63;56;28;268;142;264;130;464;550;226
1,3091,3162,1,0,53,10,2,42;35;7;247;121;264;109;443;550;178
1,3091,3297,1,0,59,10,4,42;35;7;247;121;259;109;443;550;178
1,3095,3181,1,0,63,10,1,38;31;3;243;117;259;105;439;550;178
1,3105,3171,1,1,65,9,3,11;21;233;107;259;95;429;550;178
1,3108,3173,1,0,59,9,2,11;18;230;103;258;92;426;550;178
0,3114,3203,1,0,0,9,0,11;12;224;98;209;86;420;550;178
1,3111,3192,1,0,70,9,1,11;15;227;101;255;89;423;550;178
1,3152,3203,1,1,79,8,1,186;60;209;48;382;550;178;359
1,3125,3176,1,1,59,9,3,8;1;213;87;209;75;409;550;178
1,3175,3225,1,1,68,8,1,163;8;187;25;359;550;178;336
1,3164,3232,1,1,80,8,4,174;48;187;36;370;550;178;347
1,3208,3283,1,1,37,7,1,130;4;142;326;523;178;303
0,3175,3261,1,1,0,8,0,163;8;142;25;359;550;178;336
0,3226,3294,1,0,0,6,0,112;140;308;505;162;285
0,3218,3268,1,1,0,6,0,120;142;316;513;162;293
1,3283,3493,1,0,53,6,5,55;83;251;448;161;228
0,3272,3342,1,0,0,6,0,66;94;262;459;162;239
0,3305,3377,1,0,0,6,0,33;61;208;179;139;206
1,3302,3569,1,0,49,6,3,36;64;208;429;142;209
1,3353,3434,1,0,55,7,3,13;181;179;91;158;868;1077
1,3348,3408,1,0,54,7,2,18;186;179;96;163;873;1124
1,13684,13764,1,0,70,16,3,71;38;230;351;169;207;582;136;461;404;520;606;619;806;609;540
1,13687,13760,1,0,69,16,4,68;35;227;348;166;204;579;133;458;401;454;606;619;803;606;537
1,13656,13721,1,1,70,15,4,99;66;258;379;197;235;610;164;489;4;432;548;606;669;834
1,13668,13745,1,1,81,15,4,87;54;246;367;185;223;598;152;477;420;536;606;619;822;625
1,13704,13754,1,1,98,16,3,51;18;210;331;149;187;562;116;441;384;454;606;619;675;385;520
1,13705,13775,1,1,91,16,1,50;17;209;330;148;186;544;115;440;383;454;606;619;675;385;519
1,13698,13956,1,0,91,16,9,57;24;216;337;155;193;568;122;447;390;454;606;619;792;595;526
1,13703,13988,1,0,98,16,8,52;19;211;332;150;188;563;117;442;385;454;606;619;675;590;521
1,13512,13592,1,0,108,17,2,22;74;143;74;243;210;402;523;341;379;754;308;633;148;519;692;945
1,13526,13609,1,0,85,17,3,8;60;129;60;229;196;388;509;327;337;740;294;619;134;519;678;931
1,13464,13552,1,0,94,16,2,70;122;191;25;122;291;258;450;571;389;427;802;356;681;196;519
1,13488,13543,1,0,116,18,3,46;98;167;1;98;267;234;426;547;365;397;778;332;657;172;519;716;969
1,13564,13648,1,0,76,17,4,22;91;22;191;158;350;471;289;311;702;256;553;96;519;640;893;761
1,13610,13897,1,0,76,15,10,45;145;112;304;425;243;281;644;210;535;50;478;594;847;715
1,13548,13622,1,0,64,17,3,38;107;38;207;174;366;487;305;337;718;271;597;112;519;656;909;777
1,13563,13637,1,0,71,17,4,23;92;23;192;159;351;472;290;311;703;257;582;97;519;641;894;762
1,13289,13353,1,0,81,15,1,173;142;74;237;297;366;200;297;466;433;625;746;404;602;977
1,13289,13343,1,0,88,15,4,173;142;74;193;297;366;200;297;466;433;625;746;404;602;977
1,13254,13330,1,1,83,15,3,10;208;177;109;237;332;371;235;332;478;468;660;781;404;637
1,13253,13470,1,1,93,15,6,11;209;178;110;237;333;402;236;333;478;469;661;782;404;638
1,13414,13476,1,1,94,18,2,48;17;120;172;241;75;172;341;308;500;601;404;477;852;406;731;246;519
1,13370,13621,1,1,92,18,12,92;61;164;216;285;119;216;385;352;544;601;404;521;879;450;775;290;718
1,13344,13395,1,1,99,17,2,118;87;19;190;242;311;145;242;411;378;570;601;404;547;922;476;801
1,13295,13586,1,1,105,16,14,167;136;62;193;291;360;194;291;460;427;619;740;404;596;971;525
1,13230,13305,1,0,98,16,3,34;232;201;133;304;0;356;425;259;356;525;492;684;805;404;661
1,13219,13470,1,1,114,16,11,45;243;212;144;315;11;367;436;270;367;536;503;695;816;634;672
1,13184,13237,1,0,78,14,1,80;278;247;179;350;46;374;440;305;402;571;538;730;851
1,13146,13223,1,0,99,17,3,118;6;19;26;316;285;217;388;84;440;440;322;440;609;576;768;889
1,13247,13308,1,0,92,15,2,17;215;184;116;237;339;408;242;339;496;475;667;788;404;644
1,13243,13331,1,1,70,15,1,21;219;188;120;254;343;412;246;343;496;479;671;792;404;648
1,13238,13307,1,0,85,15,1,26;224;193;125;280;348;417;251;348;496;484;676;797;404;653
1,13235,13304,1,0,98,15,1,29;227;196;128;299;351;420;254;351;496;487;679;800;404;656
1,14176,14252,1,0,69,13,1,90;28;281;149;180;117;48;304;224;91;559;327;491
1,14188,14271,1,0,46,13,1,78;16;269;106;180;105;36;304;212;79;555;327;491
1,14198,14265,1,0,59,13,1,68;6;196;106;180;95;26;304;202;69;545;327;491
1,14229,14525,1,1,74,12,6,37;196;96;180;64;283;171;38;514;305;481;581
1,14230,14291,1,0,66,12,1,36;196;95;180;63;282;170;37;513;304;481;306
1,14233,14500,1,0,91,12,1,33;196;92;180;60;235;167;34;510;301;481;306
1,14249,14322,1,1,41,12,2,17;196;76;180;44;235;151;18;494;93;469;306
1,14254,14552,1,1,75,12,7,12;196;71;180;39;235;146;13;489;93;461;306
1,14080,14153,1,1,64,15,1,186;65;8;124;377;245;410;213;144;432;320;187;570;454;638
1,14082,14348,1,0,72,15,10,184;63;6;122;375;243;408;211;142;395;318;185;570;452;636
1,14112,14351,1,0,72,14,4,154;33;92;345;213;378;181;112;395;288;155;570;422;606
1,14131,14194,1,0,79,14,2,135;14;73;326;194;180;162;93;381;269;136;570;403;587
1,14133,14366,1,1,79,14,7,133;12;71;324;165;180;160;91;379;267;134;570;401;585
1,14141,14213,1,0,58,14,1,125;4;63;316;165;180;152;83;371;259;126;570;327;577
1,14158,14405,1,0,65,13,5,108;46;299;165;180;135;66;304;242;109;570;327;560
1,14173,14429,1,0,55,13,5,93;31;284;152;180;120;51;304;227;94;559;327;545
1,13863,13931,1,0,62,14,4,51;172;28;403;142;225;341;505;462;566;382;361;213;649
1,13832,13915,1,0,58,14,5,82;203;21;49;434;142;256;372;505;493;566;382;380;244
1,13896,13978,1,0,75,15,1,18;139;370;142;163;308;505;429;566;382;328;180;616;445;371
1,13870,14135,1,0,74,15,10,44;165;21;396;142;163;334;505;455;566;382;354;206;642;530
1,13920,13998,1,1,78,15,3,115;346;142;163;284;505;405;566;373;304;156;563;445;347;823
1,13898,14163,1,1,84,15,5,16;137;368;142;163;306;505;406;566;382;326;178;614;445;369
1,14026,14077,1,0,72,16,4,9;240;119;62;178;431;299;464;267;198;50;486;374;241;570;508
1,13924,14187,1,0,94,15,10,111;342;142;163;280;505;401;514;369;300;152;563;445;343;819
1,13735,13936,1,0,81,15,8,20;166;300;118;156;531;85;410;353;454;606;590;675;385;489
1,13732,13816,1,0,83,15,1,23;182;303;121;159;534;88;413;356;454;606;593;675;385;492
1,13775,13846,1,1,94,14,5,139;260;78;116;491;45;370;313;429;505;550;675;382;449
1,13742,14000,1,1,86,15,6,13;166;293;111;149;524;78;403;346;454;606;583;675;382;482
1,13804,13878,1,1,63,15,3,110;231;49;87;462;16;341;284;400;505;521;675;382;380;272
0,13785,13858,1,1,0,14,0,129;250;68;106;481;35;360;303;419;505;540;675;382;380
1,13829,13880,1,1,51,14,3,85;206;24;62;437;142;259;375;505;496;566;382;380;247
1,13824,14063,1,1,65,14,8,90;211;29;67;442;321;264;380;505;501;566;382;380;252
1,12634,12715,1,0,78,12,5,238;476;70;203;310;573;518;531;538;437;434;612
0,12645,12713,1,0,0,12,0,227;426;59;192;305;573;507;520;527;437;423;612
1,12631,12702,1,1,70,12,1,241;479;73;206;310;588;521;534;541;463;437;831
1,12633,12710,1,1,82,12,2,239;477;71;204;310;573;519;532;539;463;435;612
1,12627,12699,1,1,85,12,2,245;483;77;210;323;588;525;538;545;463;441;835
1,12631,12864,1,0,70,12,7,241;479;73;206;310;573;521;534;541;463;437;831
1,12607,12661,1,0,55,11,1,265;503;97;230;343;607;545;558;565;463;461
1,12623,12703,1,1,64,11,1,249;487;81;214;327;596;529;542;549;463;445
1,12603,12685,1,0,64,11,1,269;507;101;234;347;645;549;562;569;510;465
1,12605,12658,1,1,85,11,2,267;505;99;232;345;607;547;560;567;508;463
1,12506,12573,1,1,76,12,5,336;47;554;198;331;444;645;646;659;666;607;562
1,12536,12602,1,1,73,12,5,336;17;554;168;301;414;645;616;629;636;577;532
1,12449,12654,1,1,92,14,9,380;104;10;52;557;205;388;501;645;703;716;723;635;619
1,12464,12529,1,0,97,13,5,380;89;37;554;205;373;486;645;688;701;708;635;604
1,12427,12500,1,0,108,15,3,15;380;126;32;74;557;277;410;515;646;725;719;745;686;641
1,12446,12515,1,0,101,14,4,380;107;13;55;557;258;391;504;645;706;719;726;635;622
1,12427,12511,1,1,108,15,2,15;380;126;32;74;557;277;410;515;645;725;719;745;686;641
1,12413,12468,1,1,65,14,2,29;380;140;46;88;557;291;424;537;646;726;719;759;700
1,12411,12480,1,1,88,14,3,31;380;142;48;90;557;293;426;539;647;726;719;761;702
1,12400,12617,1,1,97,14,9,31;406;153;59;101;557;304;437;550;647;726;719;772;713
1,12392,12451,1,1,105,13,2,50;406;161;67;109;557;312;445;558;647;726;773;780
1,12392,12480,1,1,139,13,5,31;406;161;67;109;557;312;445;558;647;726;773;780
1,12385,12474,1,0,119,14,3,3;57;406;168;74;116;557;319;452;565;660;726;780;787
1,12367,12626,1,0,132,15,7,21;6;75;406;186;92;134;557;337;470;583;853;726;798;805
1,12364,12433,1,1,105,15,4,24;9;77;406;189;95;137;557;340;473;586;853;788;801;808
1,12359,12442,1,1,115,14,2,29;14;83;406;194;100;142;557;345;478;591;853;793;806
1,12358,12435,1,0,117,14,3,30;15;84;406;195;101;143;557;346;479;592;906;794;807
1,12318,12405,1,0,60,12,3,70;55;124;406;235;141;183;557;386;519;632;946
1,12302,12366,1,0,71,12,1,86;71;6;140;406;251;157;199;557;402;535;636
1,12298,12376,1,1,84,12,2,90;75;10;144;406;255;161;203;557;406;539;651
1,12289,12574,1,0,79,12,6,99;84;13;153;406;264;170;212;800;415;548;651
1,12281,12343,1,0,71,12,1,107;92;27;161;406;272;178;220;800;423;556;651
1,13093,13147,1,0,64,17,3,16;171;59;72;79;20;369;293;270;441;137;493;440;396;493;662;629
1,13100,13154,1,0,59,17,3,10;164;52;44;72;13;362;293;263;434;130;486;440;389;486;655;622
1,13102,13160,1,0,65,17,3,8;162;50;44;70;11;360;293;261;431;128;484;440;387;484;653;620
1,13132,13220,1,1,78,17,2,132;20;33;40;330;293;231;402;98;454;440;357;454;623;581;782;903
1,13026,13299,1,0,71,16,6,84;238;126;139;146;87;42;436;337;337;463;204;541;440;463;560
1,13048,13120,1,0,72,16,3,62;216;104;117;124;65;20;414;337;315;463;182;538;440;441;538
1,13049,13131,1,1,73,16,2,61;215;103;116;123;64;19;413;293;314;463;181;537;440;440;537
1,13050,13109,1,1,75,16,2,60;214;102;115;112;63;18;412;293;313;463;180;536;440;439;536
1,12961,13013,1,0,61,14,2,149;303;191;177;211;152;104;501;337;402;463;269;541;694
1,12964,13222,1,1,69,14,5,146;300;188;177;176;149;104;498;337;399;463;266;541;691
1,12998,13078,1,1,80,16,2,112;266;154;167;174;115;70;464;337;365;463;232;541;473;491;588
1,13001,13066,1,0,79,16,2,109;263;151;164;158;112;67;461;337;362;463;229;541;473;488;585
1,12920,13203,1,1,69,15,8,170;30;344;232;245;252;193;148;542;511;443;463;310;666;735
1,12929,13134,1,1,81,15,5,170;21;335;223;236;243;184;139;533;337;434;463;301;657;726
1,12941,13020,1,1,69,15,4,169;9;323;211;224;231;172;127;521;337;422;463;289;541;714
1,12954,13008,1,0,74,14,4,156;310;198;211;218;159;104;508;337;409;463;276;541;701
1,12885,12938,1,0,52,14,2,212;65;379;267;280;287;228;183;575;546;478;463;345;701
1,12884,12940,1,0,35,14,4,226;66;380;268;281;288;229;184;575;547;479;463;346;702
1,12917,12989,1,1,71,15,4,193;33;347;235;248;255;196;151;545;512;446;463;313;669;738
1,12901,12955,1,1,50,14,1,209;49;363;251;264;271;198;167;561;530;462;463;329;685
1,12851,12916,1,0,38,14,4,21;259;99;413;301;314;321;262;211;611;580;512;463;379
1,12830,12909,1,0,41,14,2,42;280;7;120;434;322;335;342;283;211;612;601;533;463
1,12872,12931,1,0,34,14,2,0;238;78;392;280;293;300;241;191;586;559;491;463;358
1,12869,12919,1,0,34,14,2,3;241;81;395;283;296;303;244;191;593;562;494;463;361
1,12779,13073,1,1,59,14,10,93;331;58;171;485;373;386;393;334;211;612;652;584;755
1,12715,12796,1,1,78,14,3,157;395;122;235;549;437;450;405;398;211;612;663;648;819
1,12809,12867,1,0,45,14,1,63;301;28;141;455;343;356;363;304;211;612;622;554;463
1,12786,12841,1,0,63,14,3,86;324;51;164;478;366;379;386;327;211;612;645;577;463
1,12655,12884,1,1,81,13,8,217;426;49;182;295;573;497;510;517;437;413;612;776
0,12653,12709,1,0,0,13,0,219;426;51;184;297;573;499;512;519;437;415;612;778
1,12705,12773,1,1,79,13,1,167;405;132;245;559;447;460;405;408;211;612;726;658
1,12691,12775,1,0,65,14,1,181;419;13;146;259;573;461;474;481;422;211;612;740;672
1,14560,14634,1,0,92,12,1,165;144;250;335;428;591;439;395;464;530;499;512
1,14559,14858,1,1,97,12,9,165;144;251;336;583;591;440;395;465;531;500;513
1,14554,14630,1,1,69,12,3,165;164;254;341;588;591;445;395;470;536;505;518
1,14549,14621,1,0,82,11,3,194;169;254;346;593;591;450;395;473;541;510
0,14540,14606,1,0,0,11,0,201;178;254;355;602;591;459;395;473;550;519
1,14537,14610,1,0,86,11,3,206;181;254;358;605;591;462;395;473;553;522
1,14525,14597,1,0,80,12,1,218;9;193;254;370;617;591;474;395;473;565;534
1,14516,14762,1,0,76,12,6,227;18;202;254;379;626;591;483;567;473;574;543
1,14579,14635,1,0,75,12,3,164;139;231;316;428;591;420;381;399;511;480;493
1,14570,14798,1,1,89,12,4,165;144;240;325;428;591;429;395;399;520;489;502
1,14368,14644,1,1,118,13,5,89;122;144;32;375;93;350;305;527;774;918;631;715
1,14378,14583,1,1,123,14,4,79;112;134;22;365;93;340;305;517;698;908;621;705;646
1,14346,14406,1,0,86,11,1,111;144;166;54;397;93;372;305;549;796;940
1,14347,14407,1,1,86,11,1,110;143;165;38;396;93;371;305;548;795;939
1,14311,14395,1,0,85,11,3,146;14;166;201;89;432;93;407;305;584;831
1,14322,14377,1,0,71,11,1,135;3;158;190;78;421;93;396;305;573;820
0,14283,14370,1,0,0,12,0,174;42;180;10;229;117;460;93;435;305;612;859
1,14294,14362,1,0,92,11,3,163;31;180;218;106;449;93;424;305;601;848
1,14502,14710,1,0,99,13,6,10;241;32;216;280;393;640;784;497;581;473;588;557
1,14503,14571,1,0,89,13,2,9;240;31;215;280;392;639;591;496;580;473;587;556
1,14466,14734,1,0,124,13,8,24;46;277;68;252;280;429;676;820;533;617;558;624
1,14479,14555,1,0,93,14,1,11;33;264;55;239;280;416;663;807;520;604;545;611;580
1,14435,14514,1,1,117,14,2,22;55;77;308;93;283;305;460;676;851;564;648;589;655
1,14465,14540,1,1,123,13,2,25;47;278;69;253;305;430;676;821;534;618;559;625
1,14383,14446,1,0,115,14,1,74;107;129;17;360;93;335;305;512;693;903;616;700;641
1,14398,14467,1,0,98,14,3,59;92;114;2;345;93;315;305;497;693;888;601;685;626
1,9853,9933,1,1,92,13,4,72;134;162;2;112;379;200;466;290;529;349;627;658
1,9839,10095,1,0,93,13,7,86;148;176;16;126;393;214;480;304;543;349;838;672
1,9883,9944,1,0,130,14,1,42;104;132;82;349;52;436;260;499;349;627;628;903;652
1,9876,10097,1,0,111,13,8,49;111;139;87;356;177;443;267;506;349;627;635;910
1,9888,9971,1,0,131,14,3,37;89;127;77;344;52;431;242;494;349;627;623;898;647
1,9887,9942,1,1,130,14,2,38;100;128;78;345;52;432;242;495;349;627;624;899;648
1,9957,10161,1,1,108,13,5,30;58;8;275;52;362;186;264;333;627;554;829;578
1,9923,10130,1,0,108,14,6,2;64;92;42;309;52;396;220;459;349;627;588;863;612
0,9727,9790,1,1,0,14,0,198;24;73;260;288;96;128;238;460;326;592;416;655;349
1,9702,9985,1,1,50,14,10,223;49;98;285;313;121;153;263;460;351;617;441;680;588
1,9737,9826,1,0,46,15,3,188;14;63;250;278;86;118;228;460;316;582;406;645;349;940
1,9730,9806,1,0,38,14,2,195;21;70;257;285;93;125;235;460;323;589;413;652;349
1,9772,9839,1,1,69,15,3,153;28;215;242;51;83;186;460;281;547;371;610;349;905;739
1,9760,9811,1,1,59,15,3,165;40;227;242;63;95;205;460;293;559;383;622;349;917;751
1,9776,9829,1,0,71,15,3,149;14;211;239;47;79;186;442;277;543;367;606;349;901;735
1,9774,9827,1,1,67,15,3,151;26;213;241;49;81;186;442;279;545;369;608;349;903;737
0,10044,10099,1,1,0,12,0,188;9;158;99;236;246;581;467;742;491;669;325
1,10080,10139,1,1,81,12,1,152;158;63;236;210;581;431;706;455;633;289;578
1,10080,10132,1,0,81,12,2,152;158;63;236;210;540;431;706;455;633;289;578
1,10085,10163,1,1,93,12,2,147;158;58;236;205;540;426;701;450;628;284;573
1,10098,10187,1,0,108,12,2,134;141;45;236;192;540;413;688;437;615;271;560
1,10132,10215,1,0,49,12,2,100;141;11;236;158;540;379;654;403;581;237;526
1,10134,10198,1,0,69,12,2,98;141;9;236;118;540;377;652;401;579;235;524
1,10153,10226,1,1,60,11,2,65;141;229;118;524;358;633;382;560;216;505
1,9958,10009,1,1,109,13,2,29;57;7;274;52;361;185;264;332;589;553;828;577
1,9970,10053,1,0,130,12,3,17;45;262;52;349;173;264;305;589;541;816;565
1,9970,10021,1,0,116,12,2,17;45;262;40;349;173;264;305;589;541;816;565
1,9976,10226,1,1,115,12,6,11;39;256;40;343;167;264;286;589;535;810;559
0,9980,10034,1,1,0,12,0,7;35;252;40;339;163;236;286;589;531;806;555
1,9987,10254,1,1,100,12,6,0;28;245;40;332;156;236;286;589;524;799;548
1,10011,10093,1,0,86,12,3,4;221;40;158;132;236;279;589;500;775;524;702
1,10012,10096,1,0,83,12,1,3;200;40;158;131;236;278;589;499;774;523;701
1,10314,10539,1,0,81,13,2,5;68;363;197;472;221;382;55;344;905;633;1011;797
0,10314,10370,1,0,0,13,0,5;68;363;197;472;221;382;55;344;905;494;1011;797
1,10307,10571,1,0,97,13,8,12;75;370;204;479;228;382;62;351;905;640;1063;804
1,10287,10569,1,1,80,14,7,32;95;3;390;224;499;248;382;82;371;1015;660;1083;824
1,10367,10585,1,1,116,15,6,15;310;144;419;168;346;2;291;883;494;1003;541;768;1024;733
1,10353,10435,1,0,97,14,2,29;324;158;433;182;360;16;305;905;494;1011;541;782;1038
1,10331,10603,1,0,104,13,9,51;346;180;455;204;382;38;327;905;494;1011;780;804
1,10319,10400,1,1,81,13,4,0;63;358;192;467;216;382;50;339;905;494;1011;792
1,10203,10292,1,1,71,13,4,29;116;179;87;474;308;536;332;510;166;455;1099;744
0,10196,10248,1,0,0,11,0,36;123;186;94;481;315;536;339;517;173;462
1,10158,10367,1,0,60,11,7,65;141;224;118;507;353;628;377;555;211;500
1,10153,10238,1,0,60,11,3,65;141;229;118;524;358;633;382;560;216;505
1,10277,10354,1,1,66,13,1,34;105;13;400;234;509;258;382;92;381;1025;670;1093
1,10265,10331,1,0,81,13,4,54;117;25;412;246;521;270;382;104;393;1037;682;1105
1,10231,10479,1,1,85,14,10,1;88;151;59;446;274;530;304;482;138;427;1071;716;1139
1,10225,10283,1,0,67,14,1,7;94;157;65;452;286;530;310;488;144;433;1077;722;1145
1,10424,10636,1,0,84,14,4,253;72;362;111;289;234;860;494;924;541;555;712;554;322
1,10439,10491,1,0,81,14,1,238;72;347;96;274;219;860;468;924;541;555;712;554;307
1,10417,10711,1,0,85,14,11,260;72;369;118;296;241;883;494;924;541;555;748;554;329
1,10420,10501,1,1,94,14,3,257;72;366;115;293;238;882;494;924;541;555;712;554;326
1,10476,10553,1,1,58,14,3,201;35;310;59;237;182;825;468;894;541;555;702;554;270
1,10476,10554,1,1,52,14,2,201;35;310;59;227;182;825;468;894;541;555;702;554;270
1,10452,10717,1,0,65,14,10,225;59;334;83;261;206;850;468;918;541;555;712;554;291
1,10467,10533,1,1,52,14,2,210;44;319;68;246;191;835;468;903;541;555;702;554;279
1,10377,10436,1,1,93,14,1,5;300;134;409;158;336;281;883;494;993;541;555;748;561
1,10388,10440,1,1,95,13,3,289;123;398;147;325;270;883;494;975;541;555;748;561
1,10368,10650,1,1,132,15,10,14;309;143;418;167;345;1;290;883;494;1002;541;555;1023;732
1,10376,10577,1,1,109,14,3,6;301;135;410;159;337;282;883;494;994;541;555;748;724
0,10404,10473,1,1,0,14,0,273;72;382;131;309;254;883;494;924;541;555;748;557;342
1,10404,10488,1,0,92,14,3,273;72;382;131;309;254;883;494;924;541;555;748;557;342
1,10390,10463,1,1,94,13,3,287;121;396;145;323;268;883;494;975;541;555;748;557
1,10400,10456,1,0,79,14,1,277;72;386;135;313;258;883;494;970;541;555;748;557;346
1,8826,8912,1,0,41,7,2,124;108;28;338;631;556;1099
0,8816,8867,1,0,0,6,0,134;118;38;348;631;556
1,8843,9105,1,1,38,7,3,107;91;11;321;631;549;1082
1,8841,8908,1,1,38,7,2,109;93;13;323;631;555;1084
1,8794,9008,1,0,38,6,2,148;140;60;370;805;630
1,8780,8838,1,0,45,8,2,1;170;154;74;1;384;816;644
1,8815,9111,1,0,42,6,3,135;119;39;349;784;556
1,8808,9074,1,0,46,6,4,142;126;46;356;791;616
1,8734,9008,1,1,42,7,2,47;216;200;98;47;389;816
1,8719,8784,1,0,52,8,1,62;3;231;215;98;62;389;816
0,8767,8828,1,1,0,8,0,14;183;167;87;14;389;816;657
0,8752,8805,1,1,0,8,0,29;198;175;98;29;389;816;672
1,8694,8985,1,0,66,9,5,87;28;256;8;240;160;87;396;816
1,8665,8730,1,1,63,10,3,0;116;57;285;37;269;160;116;396;816
1,8706,8787,1,1,70,8,3,75;12;244;228;98;75;396;816
1,8705,8776,1,0,45,8,1,76;12;245;229;149;76;396;816
1,9128,9178,1,0,87,12,1,36;471;296;782;400;338;508;538;149;507;672;859
1,9167,9219,1,1,86,12,1,432;252;758;361;338;469;499;110;507;633;820;848
1,9172,9261,1,0,92,13,1,427;252;753;356;338;464;494;105;505;628;815;843;651
1,9172,9261,1,1,106,13,2,427;252;753;356;338;464;494;68;505;628;815;843;651
1,9045,9263,1,0,94,11,8,119;554;379;880;483;521;591;621;224;706;755
1,9050,9281,1,1,97,11,6,114;549;374;875;478;516;586;616;224;701;716
1,9090,9153,1,0,92,12,1,74;509;334;835;438;338;546;576;187;661;710;897
1,9124,9382,1,0,69,12,6,40;475;300;782;404;338;512;542;153;627;676;863
1,8973,9055,1,0,95,7,3,191;626;451;952;555;593;663
1,9007,9060,1,0,91,8,1,157;592;417;918;521;559;629;659
0,9007,9077,1,0,0,8,0,157;592;417;899;521;559;629;659
1,9037,9089,1,0,104,10,1,127;562;387;888;491;529;599;629;240;714
1,8865,9115,1,0,37,6,2,85;69;203;631;549;1060
1,8878,9106,1,1,69,6,4,72;56;203;631;540;1047
1,8884,8940,1,0,54,6,2,66;50;203;631;540;985
0,8924,9006,1,0,0,9,0,26;10;203;631;500;985;604;642;712
1,9370,9434,1,0,84,14,2,229;54;555;158;196;266;296;381;430;617;645;290;315;581
1,9357,9422,1,1,83,14,3,242;67;568;171;209;279;309;382;443;620;658;290;315;581
1,9353,9616,1,1,84,14,9,246;71;572;175;213;283;313;382;447;620;662;290;502;581
1,9350,9637,1,1,83,14,13,249;74;575;178;216;286;316;382;450;620;665;473;505;581
1,9349,9407,1,0,90,14,2,250;75;576;179;217;287;317;402;451;620;666;474;506;581
1,9343,9410,1,0,91,14,2,256;81;582;185;223;293;323;408;457;644;672;480;512;581
1,9312,9396,1,0,100,14,4,287;111;613;216;254;324;354;439;488;645;703;511;543;653
1,9269,9345,1,0,108,14,2,317;111;656;259;297;367;397;8;482;528;718;746;554;586
1,9262,9343,1,0,113,14,3,337;111;663;266;304;374;404;15;489;528;725;753;561;593
1,9261,9316,1,1,133,14,2,338;122;664;267;305;375;405;16;490;528;726;754;562;594
1,9255,9330,1,0,126,14,2,344;142;670;273;311;381;411;22;496;528;732;760;568;600
1,9243,9301,1,0,111,14,2,356;181;682;285;323;393;423;34;498;528;744;772;580;612
1,9240,9479,1,1,127,14,8,359;184;685;288;326;396;426;37;498;560;747;775;583;615
1,9225,9298,1,1,133,14,1,374;199;700;303;338;411;441;52;498;575;762;790;598;630
1,9216,9266,1,0,104,14,1,383;208;709;312;338;420;450;61;504;584;771;799;607;639
0,9187,9272,1,0,0,14,0,412;237;738;341;338;449;479;68;504;613;800;828;636;668
1,9631,9690,1,0,93,14,2,294;5;35;120;169;356;384;192;224;334;601;386;688;512
1,9665,9898,1,0,70,14,6,260;1;86;135;322;350;158;190;300;567;386;654;455;717
1,9573,9657,1,1,85,14,2,26;352;63;93;178;227;414;442;250;254;392;659;480;746
1,9590,9677,1,0,109,15,1,9;335;46;76;161;200;397;425;233;254;375;642;463;729;553
1,9489,9546,1,1,85,16,2,110;436;39;67;147;177;262;311;498;526;290;254;463;743;564;830
1,9518,9606,1,0,75,16,3,81;407;10;48;118;148;233;282;469;497;272;254;447;714;535;801
1,9455,9526,1,0,71,15,3,144;470;73;67;181;200;296;345;532;560;290;254;510;777;598
1,9485,9547,1,0,71,15,3,114;440;43;67;151;181;266;315;502;530;290;254;480;747;568
1,9421,9483,1,0,69,15,3,178;3;504;107;67;215;200;330;379;566;594;290;315;544;811
1,9428,9501,1,1,64,14,1,164;497;100;67;208;200;323;372;559;587;290;315;537;804
1,9406,9489,1,0,70,14,1,193;18;519;122;160;230;200;345;394;581;609;290;315;559
1,9413,9501,1,1,78,14,1,186;11;512;115;88;223;200;338;387;574;602;290;315;552
1,9392,9452,1,0,116,14,2,207;32;533;136;174;244;217;359;408;595;611;290;315;573
1,9399,9479,1,1,98,14,3,200;25;526;129;167;237;217;352;401;583;611;290;315;566
1,9372,9618,1,0,92,14,5,227;52;541;156;194;264;294;379;428;615;643;290;315;581
1,9380,9432,1,0,99,14,3,219;44;541;148;186;256;217;371;420;607;635;290;315;581
1,11345,11642,1,0,100,15,5,25;46;220;12;92;16;296;158;286;120;179;389;118;529;347
0,11347,11417,1,1,0,15,0,23;44;218;10;90;14;294;156;284;120;177;388;116;445;347
1,11364,11423,1,0,82,13,5,6;27;201;73;277;139;267;107;160;371;99;445;347
1,11389,11475,1,1,74,12,1,2;176;48;252;114;242;82;135;346;74;445;347
1,11394,11595,1,0,104,12,4,171;43;247;109;210;77;130;341;69;445;347;699
1,11414,11658,1,1,99,12,5,151;23;227;89;210;57;110;321;49;445;343;679
1,11446,11519,1,0,86,11,4,119;195;57;185;25;78;289;17;436;343;647
1,11448,11654,1,1,70,11,3,112;193;55;183;23;76;287;15;436;343;645
1,11466,11525,1,0,72,14,3,99;175;37;165;5;58;269;436;343;461;922;813;580;490
0,11468,11535,1,0,0,14,0,76;173;35;163;3;56;267;436;343;461;920;811;578;488
1,11491,11697,1,1,73,13,6,74;150;12;140;33;244;436;343;461;897;788;555;465
1,11513,11755,1,0,74,12,6,52;128;118;11;222;427;328;461;875;736;533;443
1,11524,11593,1,1,69,13,4,41;117;107;0;211;416;317;461;815;736;522;432;849
1,11565,11627,1,1,69,12,5,0;76;66;170;375;276;461;815;714;481;391;808
1,11642,11937,1,0,97,13,9,93;298;199;451;746;637;404;314;731;666;405;800;424
1,11659,11732,1,0,92,13,5,76;281;182;434;729;349;387;297;714;649;388;783;407
1,11664,11732,1,0,100,13,4,71;276;177;429;724;349;382;292;538;644;328;778;402
1,11659,11930,1,0,99,13,9,76;281;182;434;729;349;387;297;714;649;328;783;407
1,11693,11763,1,0,85,13,1,42;247;148;346;695;349;353;263;538;615;325;749;373
1,11682,11761,1,0,85,13,2,53;258;159;411;706;349;364;274;538;626;325;760;384
1,11712,11795,1,1,93,13,4,23;214;129;346;676;349;334;244;538;596;325;730;332
1,11695,11761,1,0,86,13,1,40;245;146;346;693;349;351;261;538;613;325;747;332
0,11727,11793,1,0,0,14,0,8;213;114;346;661;349;319;229;538;546;294;715;332;1145
1,11723,11777,1,0,129,13,2,12;214;118;346;665;349;323;233;538;585;294;719;332
1,11728,11805,1,1,58,14,5,7;212;113;346;660;349;318;169;538;546;294;714;332;1144
1,11727,11795,1,0,65,14,5,8;213;114;346;661;349;319;229;538;546;294;715;332;1145
0,11762,11842,1,0,0,13,0,178;79;331;626;349;243;156;538;546;285;680;304;1110
1,11760,11836,1,1,65,13,2,180;81;333;628;349;286;156;538;546;287;682;306;1112
1,11807,11878,1,1,75,13,4,133;34;286;581;349;239;149;538;501;240;635;259;1035
1,11787,11870,1,1,71,13,5,153;54;306;601;349;243;156;538;521;260;655;279;1085
1,11815,11899,1,0,52,13,1,125;26;278;573;349;231;133;538;493;232;627;251;1035
1,11815,11884,1,0,64,13,2,125;26;278;573;349;231;133;523;493;232;627;251;1035
1,11860,11928,1,0,75,14,4,80;233;389;349;186;96;493;448;187;582;206;1012;693;599
1,11866,11942,1,0,85,14,2,74;227;389;349;180;86;493;442;181;576;200;1006;687;593
1,11818,12023,1,0,65,13,4,82;23;275;570;349;228;133;523;490;229;624;248;1035
1,11823,11883,1,0,64,13,1,82;18;270;389;349;223;133;523;485;224;619;243;1035
1,11933,12021,1,0,105,15,2,7;160;389;346;113;2;440;375;114;509;133;939;620;526;568
1,11939,12001,1,0,105,15,3,1;154;389;340;107;2;434;353;108;503;127;933;614;520;562
1,11872,11941,1,0,85,14,2,68;221;389;349;174;84;493;436;175;542;194;1000;681;587
1,11917,11980,1,0,105,15,4,23;176;389;349;129;39;456;391;130;525;149;955;636;542;584
1,11962,12042,1,0,99,13,3,131;195;317;84;411;335;85;480;104;883;591;497;539
1,11977,12204,1,0,103,13,7,116;195;302;69;396;331;70;465;89;852;576;482;524
1,11959,12031,1,0,104,13,2,134;389;320;87;414;349;88;483;107;883;594;500;542
1,11960,12213,1,0,105,13,7,133;389;319;86;413;335;87;482;106;883;593;499;541
1,11995,12078,1,0,63,13,1,98;195;284;41;378;313;52;447;71;852;492;464;325
1,12030,12103,1,0,77,14,2,63;195;249;16;343;278;17;412;36;842;492;429;325;1080
1,11977,12051,1,1,97,13,2,116;195;302;69;396;331;70;465;89;852;492;482;524
1,11990,12190,1,1,93,13,5,103;195;289;41;383;318;57;452;76;852;492;469;511
1,12060,12120,1,0,76,12,1,11;195;219;313;248;382;6;812;492;399;325;1050
1,12049,12125,1,0,83,12,2,30;195;230;324;259;393;17;823;492;410;325;1061
1,12037,12112,1,0,84,14,1,30;195;242;9;336;271;10;405;29;835;492;422;325;1073
1,12032,12110,1,1,70,14,3,61;195;247;14;341;272;15;410;34;840;492;427;325;1078
1,12142,12225,1,0,75,10,2,195;134;231;166;300;730;411;317;325;968
1,12137,12221,1,0,86,10,2,195;142;236;171;305;735;416;322;325;973
1,12111,12196,1,1,94,10,2,195;168;262;197;331;759;442;348;325;999
1,12102,12184,1,0,90,10,2,195;177;271;206;340;770;451;357;325;1008
1,12210,12499,1,0,71,10,6,176;69;163;98;232;662;343;249;291;800
1,12182,12440,1,0,73,10,7,176;97;191;126;260;690;369;277;295;928
1,12174,12255,1,1,69,10,2,176;105;199;134;268;698;379;285;295;936
1,12149,12221,1,0,87,10,2,176;130;224;159;293;723;404;310;325;961
1,12280,12365,1,0,95,12,3,108;93;28;162;406;273;179;221;800;424;557;670
1,12252,12471,1,0,58,11,6,136;27;121;56;190;406;301;207;232;800;452
1,12250,12306,1,0,67,11,2,138;29;123;58;192;406;303;209;251;800;454
1,12214,12267,1,0,53,10,2,174;65;159;94;228;441;339;245;287;800
1,10559,10637,1,1,64,13,2,118;227;154;99;743;388;811;541;554;701;541;187;530
1,10564,10652,1,1,72,13,2,113;222;149;66;738;383;806;541;554;701;536;182;525
1,10573,10623,1,1,65,13,3,104;213;140;66;729;374;797;483;554;701;527;173;516
1,10574,10624,1,0,65,13,3,103;212;112;66;728;373;796;483;554;701;526;172;515
1,10487,10548,1,0,89,14,4,190;24;299;48;226;171;813;460;883;541;555;702;554;259
1,10499,10582,1,2,84,14,3,178;12;287;36;214;159;803;448;871;541;555;701;554;247
1,10526,10615,1,2,68,14,3,151;260;9;187;132;776;421;844;541;555;701;554;220;563
1,10557,10632,1,0,73,13,3,120;229;156;101;745;390;813;541;555;701;543;189;532
1,10636,10699,1,0,60,14,4,41;150;77;22;666;311;734;475;499;701;464;54;453;509
1,10647,10725,1,1,86,15,3,30;139;66;11;655;300;723;464;488;701;453;54;442;449;691
1,10655,10919,1,0,115,16,6,22;131;58;3;647;292;715;456;480;695;445;54;434;449;683;910
1,10655,10869,1,1,92,16,8,22;131;58;3;647;292;715;456;480;695;445;54;434;449;538;910
1,10593,10663,1,1,84,13,3,84;193;105;65;709;354;777;483;542;701;507;153;496
1,10593,10657,1,0,85,13,1,84;193;105;65;709;354;777;483;523;701;507;153;496
1,10603,10855,1,0,95,13,8,74;183;105;55;693;344;767;483;523;701;497;143;486
1,10605,10660,1,1,78,13,1,72;181;105;53;693;342;765;483;523;701;495;54;484
1,10755,10830,1,0,71,12,1,20;547;192;615;356;380;636;345;334;390;538;810
1,10727,10812,1,1,96,13,2,48;575;220;638;384;408;664;373;19;362;418;538;838
1,10773,10838,1,0,72,13,1,13;529;174;593;338;362;618;327;316;372;538;792;584
1,10765,10851,1,0,92,13,6,20;537;174;605;346;370;626;335;324;380;538;800;592
1,10665,10732,1,0,80,15,1,12;121;48;637;282;705;446;470;687;435;47;424;449;538;900
1,10656,10718,1,2,90,16,2,21;130;57;2;646;291;714;455;479;687;444;54;433;449;538;909
1,10722,10798,1,1,120,13,2,64;580;225;638;389;413;669;378;24;367;423;538;843
1,10694,10775,1,1,82,14,3,92;19;608;253;676;417;441;687;406;47;395;449;538;871
1,10861,10913,1,0,75,14,1,441;86;509;250;274;451;239;228;284;477;704;496;576;500
1,10841,10911,1,0,100,14,2,461;102;529;270;294;451;259;248;304;497;724;516;596;520
1,10895,11125,1,0,130,15,9,407;52;475;216;240;451;205;194;250;443;477;462;542;466;746
1,10894,11142,1,0,132,15,9,408;53;476;217;241;451;206;195;251;444;671;463;543;467;747
1,10789,11041,1,0,86,12,8,513;158;581;322;326;602;311;300;356;538;776;568
1,10775,10848,1,0,87,13,3,11;527;172;593;336;360;616;325;314;370;538;790;582
1,10830,10887,1,0,83,13,1,472;117;540;281;305;451;270;259;315;508;735;527;607
1,10789,10863,1,0,86,12,2,513;158;581;322;326;451;311;300;356;538;776;568
1,10961,11012,1,0,86,15,3,341;409;150;174;430;139;128;184;377;477;342;473;400;552;542
1,10968,11215,1,1,86,15,6,334;402;143;167;423;132;121;177;370;477;342;469;393;552;535
1,10947,11016,1,0,133,16,4,355;0;423;164;188;444;153;142;198;391;477;410;473;414;552;556
0,10954,11042,1,1,0,15,0,348;416;157;181;437;146;135;191;384;477;342;473;407;552;549
1,10934,11005,1,0,126,16,2,368;4;433;177;201;451;166;155;211;404;477;423;503;427;552;569
0,10945,11002,1,0,0,16,0,357;2;425;166;190;446;155;144;200;393;477;412;473;416;552;558
1,10918,10980,1,0,107,15,3,384;29;452;193;217;451;182;171;227;420;477;439;519;443;552
1,10925,10996,1,1,115,16,1,377;22;433;186;210;451;175;164;220;413;477;432;512;436;552;578
1,11135,11212,1,0,101,18,1,167;235;0;256;10;203;430;204;302;226;506;368;496;336;389;389;328;805
1,11151,11212,1,0,98,16,1,151;219;240;187;414;204;286;178;490;352;480;320;373;389;312;789
0,11062,11117,1,1,0,18,0,240;308;49;73;329;38;27;83;276;476;204;375;299;552;368;569;409;462
1,11099,11380,1,0,116,18,11,203;271;12;36;292;1;46;239;466;204;338;262;542;368;532;372;425;636
1,10991,11055,1,0,108,17,2,311;379;120;144;400;109;98;135;347;477;204;446;370;552;368;640;480
1,11023,11098,1,0,134,18,4,279;347;88;112;368;77;66;122;315;477;204;414;338;552;368;608;448;501
1,10975,11219,1,0,108,16,10,327;395;136;160;416;125;114;170;363;477;342;462;386;552;368;656
1,10981,11042,1,0,117,16,2,321;389;130;154;410;119;108;164;357;477;204;456;380;552;368;650
1,11250,11309,1,0,104,17,4,52;120;141;88;315;107;187;111;391;240;381;221;274;389;213;529;591
1,11246,11320,1,0,101,17,3,56;124;145;92;319;111;191;115;395;257;383;225;278;389;217;529;595
1,11220,11283,1,1,100,16,4,82;150;171;118;345;137;217;141;421;283;383;251;304;389;243;529
1,11209,11447,1,1,116,16,9,93;161;182;129;356;148;228;152;432;294;383;262;315;389;254;731
1,11200,11289,1,0,97,16,1,102;170;191;138;365;157;237;161;441;303;402;271;324;389;263;740
0,11176,11227,1,0,0,16,0,126;194;215;162;384;181;261;178;465;327;402;295;348;389;287;764
1,11165,11253,1,0,100,16,1,137;198;226;173;384;192;272;178;476;338;466;306;359;389;298;775
1,11161,11240,1,0,91,16,5,141;198;230;177;404;196;276;178;480;342;470;310;363;389;302;779
1,11345,11603,1,0,99,15,5,25;46;220;12;92;16;296;158;286;120;179;389;118;450;347
1,11322,11589,1,1,91,16,3,48;69;16;243;35;115;39;319;181;309;120;202;389;141;529;347
1,11295,11358,1,0,100,17,1,7;75;96;39;270;45;142;66;346;208;336;120;229;389;168;529;347
1,11288,11363,1,1,105,17,4,14;82;103;39;277;69;149;73;353;215;343;120;236;389;175;529;347
1,11287,11370,1,0,105,17,6,15;83;104;39;278;70;150;74;354;216;344;184;237;389;176;529;347
1,11279,11337,1,0,94,17,3,23;91;112;59;286;78;158;82;362;224;352;192;245;389;184;529;347
1,11266,11529,1,0,104,17,9,36;104;120;72;299;91;171;95;375;227;365;205;258;389;197;529;575
1,11264,11333,1,0,100,17,3,38;106;120;74;301;93;173;97;377;239;367;207;260;389;199;529;577
283
11854,12553,105.25,11
11854,12459,0.00,8
11630,12066,41.49,11
11725,12872,471.11,9
12249,12704,92.22,8
12253,12837,16.40,10
11881,12501,236.09,8
12017,13110,506.70,9
11455,12279,389.46,9
11465,11956,138.86,8
11449,12388,462.58,9
11455,12046,71.52,9
11625,12047,94.20,11
11627,12442,60.14,11
11522,12373,255.85,10
11569,12308,98.94,8
12831,13230,0.00,8
12713,13534,412.94,11
12661,13363,66.10,10
12650,13431,300.87,10
12993,13489,35.25,10
12993,13586,17.49,11
12908,13655,283.66,9
12876,13586,182.91,9
12351,13165,117.98,9
12346,13152,62.37,11
12309,13264,333.21,9
12270,12950,94.23,9
12627,13462,254.55,10
12423,13068,245.50,10
12399,13113,153.10,10
12364,13172,160.97,8
10202,10947,218.07,10
10211,11370,227.06,9
10279,11111,297.90,11
10327,11135,268.02,10
10349,11391,509.58,10
10365,11100,170.07,8
10398,10746,112.67,11
10516,11089,0.00,10
9732,10677,315.89,11
9757,10511,115.14,9
9860,10786,176.69,8
9883,10535,0.00,11
9998,10713,158.90,10
10015,10369,0.00,10
10046,10658,33.75,11
10201,11302,221.74,8
10991,11471,64.03,8
10969,11631,147.22,9
11070,11735,247.27,8
11002,11524,0.00,10
11125,11940,391.14,11
11109,11463,0.00,10
11390,12093,299.34,11
11238,11841,259.45,10
10637,11338,179.66,10
10617,11145,92.42,9
10758,11357,249.63,9
10652,11565,287.66,8
10833,11361,48.88,11
10819,11437,30.82,10
10921,11503,197.72,10
10867,11641,194.41,8
8889,9528,0.00,11
8900,9566,272.30,9
8751,9424,214.44,11
8817,9925,150.51,8
8492,9164,346.94,10
8496,9599,441.52,10
8176,8854,451.20,10
8426,8781,56.24,8
8084,8702,352.92,11
8118,8934,122.59,10
8017,8950,218.71,10
8068,8582,71.97,10
7917,8722,178.53,10
7993,8644,65.65,9
7843,8423,0.00,9
7871,8781,398.21,11
9702,10290,327.19,11
9640,10382,233.15,11
9581,10143,75.79,10
9486,10319,212.55,9
9432,10053,215.12,9
9418,10232,180.12,11
9305,9965,185.53,9
9181,9855,248.28,10
9169,9823,201.61,11
9166,10015,78.39,11
9065,9987,121.39,10
9040,9800,112.58,10
9031,9751,150.14,10
9010,9277,60.03,10
8980,9666,94.28,11
8901,9636,0.00,11
6584,7159,32.07,10
6655,7427,93.09,11
6656,7243,282.42,10
6717,7466,132.03,11
6470,6946,111.89,8
6485,7325,152.48,9
6542,7472,428.24,10
6561,7412,0.00,9
6357,7326,238.72,8
6366,7061,217.97,8
6383,7506,236.82,11
6414,7266,0.00,11
6238,6978,145.25,10
6265,6659,67.62,11
6275,7299,52.70,10
6282,7138,0.00,10
7701,8227,211.86,11
7656,8665,629.93,9
7797,8252,168.65,11
7707,8617,243.13,8
7481,8238,11.96,8
7400,8137,114.57,11
7600,8443,199.51,10
7539,8386,140.49,10
7149,7886,0.00,11
7094,7935,213.96,10
7335,8105,270.72,9
7249,8079,96.54,9
6884,7717,203.15,11
6815,7560,104.00,10
7016,7777,294.69,11
6907,7377,0.00,10
14551,15072,0.00,11
14468,15059,0.00,10
13217,13891,112.31,9
13186,13853,230.65,8
13295,13820,23.12,9
13288,14266,184.39,10
13090,13722,39.34,9
13074,13755,47.02,8
13125,14035,142.40,8
13110,13914,40.78,10
13548,14325,146.71,10
13475,14457,416.11,8
13659,14293,208.24,11
13613,14490,499.82,9
13346,13660,0.00,10
13307,14145,220.80,11
13471,14204,66.82,8
13349,14088,261.43,10
13876,14267,0.00,9
13907,14743,297.23,11
14012,14534,283.75,9
14034,14718,172.32,9
13670,14224,84.39,11
13799,14076,0.00,9
13851,14512,203.22,10
13864,14400,111.29,11
14364,14999,0.00,10
14366,15083,186.04,9
14373,15024,137.90,8
14414,15090,0.00,9
14207,14810,327.16,8
14267,14895,0.00,8
14278,15142,254.72,8
14326,15286,193.08,10
4063,4951,362.54,8
4108,4711,221.51,9
3949,4791,250.00,8
4009,5022,584.02,11
3880,4302,0.00,9
3916,4473,301.64,9
3826,4625,54.33,8
3851,4748,70.39,10
4296,5117,51.92,10
4319,5164,0.00,10
4247,4526,174.04,8
4254,5112,119.96,10
4198,4838,125.42,8
4216,5041,92.57,9
4183,4804,125.76,8
4191,4681,88.27,9
3412,4164,156.26,8
3316,4472,335.15,9
3308,4221,255.26,8
3138,3511,0.00,8
2946,3444,314.16,11
2928,3731,517.97,8
2893,3534,285.93,9
2766,3200,145.89,11
3801,4455,116.07,10
3624,4055,0.00,8
3585,4260,0.00,11
3563,4188,74.46,8
3512,4201,144.92,9
3481,3901,30.17,11
3474,4166,372.73,8
3433,4163,28.54,11
5523,6411,126.43,10
5552,6003,208.47,8
5676,6356,143.10,9
5702,6467,195.30,9
5335,6132,269.00,9
5338,6090,40.96,9
5341,5731,54.98,10
5459,6271,265.91,10
5978,6870,647.17,10
5983,6438,0.00,9
6095,6600,112.80,9
6151,6720,130.75,8
5708,6345,345.88,10
5797,6646,301.24,9
5946,6478,207.66,10
5953,6644,172.18,9
4901,5673,161.38,9
4803,5459,218.48,11
4977,5629,48.87,10
4921,5919,287.65,9
4423,5355,233.72,11
4372,5325,203.47,9
4727,5081,28.34,8
4655,5389,148.94,9
5211,6031,87.93,10
5167,6112,498.03,8
5250,6014,428.37,11
5216,5908,198.63,10
5016,5910,169.41,9
5015,5863,0.00,11
5099,5806,88.09,10
5036,5584,154.99,10
210,879,232.91,11
239,1151,66.89,9
198,802,108.81,8
208,824,27.63,10
316,1310,233.41,11
324,615,0.00,9
290,881,133.68,10
303,761,121.06,11
431,1456,0.00,10
466,1104,231.18,9
351,1252,419.44,11
385,1176,116.21,11
580,1246,32.68,9
584,1478,164.50,9
498,1244,101.13,11
528,1421,73.37,8
0,312,45.69,3
0,138,0.00,2
0,486,197.82,5
0,98,39.91,1
0,335,159.51,3
132,966,163.58,9
0,189,0.00,4
0,462,74.69,7
0,174,0.00,2
1767,2404,0.00,8
1850,2643,367.23,9
1960,2549,271.97,10
2094,2744,0.00,10
2150,2926,0.00,9
2165,3133,324.28,11
2182,3126,239.48,10
2259,3098,82.13,8
2272,2836,157.97,9
2327,2940,328.77,11
2332,2947,37.88,9
2406,3004,83.24,10
2433,2843,47.78,11
2450,3338,169.16,11
2566,3212,131.39,10
2765,3366,261.75,8
615,1213,136.17,9
611,1304,415.15,11
761,1661,176.74,9
642,1632,181.97,11
1047,1963,233.89,8
868,1281,199.02,10
1282,2113,160.35,8
1233,2066,220.44,10
1350,1952,66.94,11
1321,2056,316.04,10
1436,2563,224.60,9
1428,2011,194.83,10
1595,1894,57.42,9
1554,2499,341.16,9
1764,2396,210.05,9
1671,2635,222.50,9
