1002
1,1783,1834,1,1,0,15,2,26;82;371;39;502;144;426;86;427;728;615;943;934;547;997
1,1805,2026,1,0,1,18,7,4;60;349;17;502;122;404;64;405;706;615;921;912;527;975;1006;886;848
1,1776,1842,1,1,0,15,5,33;89;378;46;502;151;433;93;429;735;638;950;941;575;1004
1,1782,1849,1,1,0,15,2,27;83;372;40;502;145;427;87;428;729;615;944;935;569;998
1,1750,1808,1,1,0,15,2,59;115;404;72;502;177;459;119;454;761;692;976;967;601;1030
1,1767,1841,1,0,0,15,5,42;98;387;55;502;160;442;102;429;744;675;959;950;584;1013
1,1703,1775,1,1,0,13,1,106;162;451;119;502;224;499;166;507;808;739;1023;1014
0,1738,1803,1,0,0,15,0,71;127;416;84;502;189;471;131;454;773;704;988;979;613;1042
1,2000,2073,1,0,1,18,3,154;331;209;210;511;442;726;717;351;780;776;591;653;543;605;1048;555;441
1,2018,2270,1,0,1,18,11,136;313;191;192;493;424;672;699;333;762;776;591;635;525;587;1030;537;423
1,1901,2179,1,1,1,16,10,253;430;26;308;309;536;541;825;816;450;809;910;591;752;642;704
1,1964,2043,1,0,1,18,4,190;367;245;246;536;478;762;753;387;809;847;591;689;569;641;1084;591;477
1,1866,2137,1,0,1,17,13,288;465;61;343;3;344;536;576;860;851;485;914;945;825;787;675;739
1,1869,2069,1,0,1,17,9,285;462;58;340;0;341;536;573;857;848;482;911;942;591;784;674;736
1,1818,1878,1,1,0,18,8,47;336;4;502;109;391;51;392;536;615;908;899;527;962;993;873;835;725
1,1845,1919,1,0,1,18,7,20;309;486;82;364;24;365;536;597;881;872;506;935;966;828;808;698;760
0,1554,1642,1,0,0,10,0,19;41;255;311;600;268;612;373;634;315
1,1553,1774,1,0,0,10,4,20;42;256;312;601;269;778;374;634;316
1,1500,1574,1,0,0,10,2,73;95;303;365;654;322;831;427;634;369
1,1497,1551,1,0,0,10,2,76;98;312;368;657;325;834;430;634;372
0,1483,1562,1,0,0,10,0,90;112;326;382;671;339;848;444;634;386
1,1445,1525,1,0,1,10,4,128;147;364;420;709;377;886;482;634;424
1,1431,1500,1,0,0,10,5,142;147;378;434;712;391;900;496;634;438
0,1425,1511,1,0,0,10,0,148;147;384;440;712;397;906;502;634;444
1,1684,1770,1,0,0,10,3,125;181;470;138;502;243;515;185;526;827
1,1667,1749,1,1,0,10,2,142;198;487;155;502;260;542;202;543;844
1,1644,1878,1,1,0,10,4,165;221;510;178;612;283;565;225;566;867
1,1611,1667,1,0,0,9,2,198;254;532;211;612;316;598;234;599
1,1594,1646,1,1,1,9,3,1;215;271;560;228;612;333;615;234
0,1582,1666,1,0,0,9,0,13;227;283;572;240;612;345;627;234
1,1577,1642,1,0,0,9,4,18;232;288;577;245;612;350;632;249
1,1567,1844,1,1,0,10,4,6;28;242;298;587;255;612;360;634;302
0,1233,1290,1,0,0,6,0,4;39;215;225;465;463
1,1283,1515,1,1,0,7,2,215;225;465;463;871;539;1048
1,1283,1357,1,1,0,7,2,215;225;465;463;871;539;958
0,1303,1357,1,0,0,7,0,215;225;465;463;851;519;952
1,1157,1231,1,0,0,7,3,21;80;115;3;215;225;466
1,1179,1384,1,0,1,6,1,1;58;93;215;225;465
1,1211,1416,1,0,0,6,2,26;61;215;225;465;654
0,1214,1300,1,0,0,6,0,23;58;215;225;465;463
1,1397,1666,1,0,0,9,4,176;198;412;463;712;425;934;530;812
1,1398,1449,1,0,1,9,4,175;197;411;463;712;424;933;529;634
1,1407,1491,1,0,0,10,2,166;173;402;458;712;415;924;520;634;462
1,1413,1489,1,1,0,10,5,160;173;390;452;712;409;918;514;634;456
1,1361,1416,1,1,0,8,3,212;225;448;463;793;461;952;566
1,1363,1447,1,0,1,8,4,210;202;446;463;791;459;952;564
1,1364,1442,1,1,1,8,4,209;202;445;463;716;458;952;563
1,1369,1454,1,1,0,8,2,204;202;440;463;712;453;952;558
1,1035,1096,1,1,1,9,5,119;49;12;190;221;35;521;533;774
0,1032,1103,1,1,0,9,0,122;49;15;190;221;35;521;533;777
0,1061,1323,1,0,0,8,0,93;49;176;205;35;512;528;748
1,1051,1106,1,1,1,8,5,103;49;186;205;35;521;533;758
1,1008,1066,1,1,1,8,5,146;49;15;190;264;35;521;587
1,987,1065,1,0,0,9,5,16;167;49;15;190;285;35;535;608
0,1025,1094,1,0,0,9,0,129;49;15;190;221;35;521;533;784
1,1018,1077,1,1,0,9,4,136;49;15;190;254;35;521;533;791
1,1130,1394,1,1,0,8,2,24;49;107;142;30;215;465;466
1,1124,1363,1,1,0,8,3,30;49;113;148;35;449;470;466
0,1135,1193,1,0,0,8,0,19;21;102;137;25;215;225;466
1,1134,1357,1,0,0,8,1,20;46;103;138;26;215;225;466
0,1095,1146,1,1,0,8,0,59;49;142;177;35;478;470;714
1,1090,1160,1,0,0,8,5,64;49;147;182;35;483;505;719
0,1123,1174,1,0,0,8,0,31;49;114;149;35;450;470;466
1,1103,1364,1,0,0,8,4,51;49;134;169;35;470;470;706
1,678,736,1,1,0,10,3,271;24;325;459;247;487;308;473;584;445
1,745,833,1,1,0,9,2,235;258;409;180;435;302;473;527;415
1,672,727,1,0,0,10,3,308;24;331;482;253;487;308;473;584;445
1,675,753,1,0,1,10,3,305;24;328;459;250;487;308;473;584;445
1,774,1067,1,0,1,9,7,206;229;380;151;406;246;447;487;386
0,801,856,1,1,0,9,0,179;202;353;124;379;246;190;471;359
1,766,994,1,0,1,9,4,214;237;388;159;414;281;447;506;394
1,769,830,1,0,0,9,4,211;234;385;156;411;246;447;503;391
1,856,1086,1,0,1,9,5,124;147;298;69;324;191;190;416;304
1,870,957,1,0,0,10,3,110;133;284;55;310;177;190;402;290;703
1,807,862,1,0,0,9,4,173;196;347;118;373;240;190;465;353
1,831,888,1,0,1,9,4,149;172;323;94;349;205;190;441;329
1,906,1164,1,0,1,10,4,74;97;248;19;274;15;190;366;254;535
1,925,1158,1,1,0,10,4,55;78;229;0;255;15;190;347;35;535
1,881,1150,1,0,0,10,7,99;122;273;44;299;166;190;391;279;692
1,901,1154,1,0,0,10,4,79;102;253;24;279;146;190;371;259;535
1,542,794,1,0,1,12,5,45;47;48;402;165;461;612;383;487;308;672;631
1,541,607,1,0,1,12,3,46;47;49;402;165;462;613;384;487;308;673;631
0,535,621,1,0,0,12,0,52;47;53;402;165;468;619;390;487;308;673;631
1,533,594,1,1,0,12,4,54;47;53;447;165;470;621;392;487;308;673;631
1,612,668,1,1,0,10,3,368;112;391;542;313;487;308;473;611;548
1,611,684,1,0,1,10,3,369;113;392;543;314;487;308;473;631;549
1,598,677,1,0,0,10,1,3;382;126;405;556;327;487;308;473;631
1,547,603,1,1,0,12,3,40;47;43;402;165;456;607;378;487;308;473;631
1,628,693,1,1,0,10,3,352;48;375;513;297;487;308;473;611;515
1,622,685,1,0,1,10,1,358;83;381;513;303;487;308;473;611;515
1,619,674,1,1,0,10,1,361;105;384;513;306;487;308;473;611;515
1,613,665,1,1,0,10,2,367;111;390;513;312;487;308;473;611;547
1,665,747,1,1,0,10,1,315;48;338;489;260;487;308;473;584;445
1,644,707,1,0,0,10,3,336;48;359;501;281;487;308;473;588;445
1,639,723,1,1,0,10,3,341;48;364;501;286;487;308;473;588;515
1,637,718,1,1,0,10,3,343;48;366;501;288;487;308;473;611;515
1,366,434,1,1,0,10,1,156;221;235;53;94;102;614;358;546;776
1,395,458,1,0,0,10,1,127;192;206;53;65;73;585;329;540;759
1,404,629,1,0,0,10,2,118;183;197;53;56;52;576;320;540;750
1,419,491,1,0,0,11,2,103;168;182;53;41;49;561;165;540;735;506
1,426,513,1,0,0,11,2,96;161;175;53;34;42;554;165;540;705;499
1,444,519,1,0,0,12,2,17;143;157;53;16;24;536;165;540;705;481;736
1,453,676,1,1,1,12,4,17;134;148;53;7;15;527;165;540;693;472;727
1,453,539,1,0,0,12,2,17;134;148;53;7;15;527;165;540;693;464;727
0,466,547,1,0,0,11,0,17;121;135;53;2;469;165;537;688;459;714
0,475,532,1,0,0,10,0,17;112;126;53;469;165;528;679;450;705
1,476,709,1,0,1,10,5,17;111;125;53;469;165;527;678;449;704
1,498,754,1,0,0,13,9,17;89;47;53;469;165;505;656;427;682;549;739;774
1,500,791,1,1,1,13,10,17;87;47;53;469;165;503;654;425;680;308;737;772
1,507,759,1,0,1,13,6,15;80;47;53;469;165;496;647;418;673;308;730;631
1,509,714,1,0,0,13,1,13;78;47;53;469;165;494;645;416;671;308;673;631
0,513,570,1,0,0,13,0,9;74;47;53;467;165;490;641;412;487;308;673;631
1,27,101,1,0,1,8,2,336;495;560;574;284;563;433;441
0,0,62,1,1,0,8,0,363;522;587;601;311;590;460;468
1,114,380,1,0,0,8,5,249;408;473;487;197;476;346;354
1,58,126,1,0,0,8,2,305;464;529;543;253;532;402;379
0,153,204,1,1,0,8,0,210;369;434;448;158;437;307;129
0,136,193,1,0,0,8,0,227;386;451;465;175;454;324;129
1,242,530,1,0,1,10,6,121;280;345;359;69;348;218;129;738;482
0,209,259,1,0,0,9,0,154;313;378;392;102;381;251;129;771
0,283,351,1,1,0,12,0,80;239;304;318;28;307;177;129;697;413;720;817
1,256,343,1,1,0,12,1,107;266;331;345;55;334;204;129;724;413;747;898
0,292,344,1,0,0,12,0,71;230;295;309;19;298;168;129;688;413;711;817
0,288,370,1,0,0,12,0,75;234;299;313;23;302;172;129;692;413;715;817
1,343,551,1,0,1,11,2,20;179;244;258;247;117;125;637;381;660;791
1,340,418,1,0,0,11,1,23;182;247;261;250;120;128;640;384;663;814
1,355,650,1,1,0,11,5,8;167;232;246;53;105;113;625;369;648;776
1,354,431,1,0,0,11,1,9;168;233;247;53;106;114;626;370;649;791
0,3583,3635,1,1,0,6,0,30;67;455;544;451;603
1,3588,3799,1,0,0,7,2,25;62;455;539;451;598;790
1,3592,3849,1,1,0,7,2,21;58;455;535;451;594;676
0,3611,3681,1,1,0,7,0,2;39;438;516;451;575;659
0,3542,3600,1,0,0,6,0,41;108;493;583;500;644
1,3548,3758,1,0,0,6,1,41;102;493;579;500;638
1,3558,3643,1,0,0,6,1,41;92;491;569;500;628
1,3567,3654,1,1,0,6,1,41;83;482;560;451;619
0,3506,3570,1,0,0,7,0,9;8;107;144;495;583;638
1,3526,3582,1,0,1,6,2,87;124;495;583;618;660
1,3527,3580,1,0,0,6,1,41;123;495;583;617;659
1,3541,3752,1,1,0,6,3,41;109;493;583;603;645
0,3475,3561,1,0,0,7,0,40;39;114;175;495;593;669
1,3477,3544,1,1,0,7,1,38;37;114;173;495;593;667
1,3486,3540,1,0,0,7,1,29;10;114;164;495;593;658
1,3493,3558,1,0,0,7,2,12;10;114;157;495;593;651
1,3831,4097,1,1,0,10,6,218;296;210;345;547;601;199;314;420;625
1,3828,3890,1,0,0,10,1,221;299;210;345;550;604;244;317;420;625
1,3841,4045,1,0,0,10,3,208;286;210;345;505;591;199;304;420;613
1,3836,3917,1,1,0,10,2,213;291;210;345;542;596;199;309;420;613
1,3809,4100,1,0,1,10,7,240;318;210;371;569;623;263;336;682;799
1,3801,3875,1,0,0,10,2,248;326;210;384;577;631;271;344;690;807
1,3819,3879,1,0,0,10,2,230;308;210;367;559;613;253;326;420;625
1,3811,4099,1,0,1,10,8,238;316;210;371;567;621;261;334;680;625
1,3721,3771,1,0,0,8,2,328;406;210;454;657;711;351;424
1,3701,3751,1,1,0,8,2,348;426;210;485;659;731;371;444
1,3784,3849,1,1,0,9,2,265;343;210;402;594;648;288;361;707
1,3724,3779,1,0,0,8,2,325;403;210;454;623;708;348;421
1,3666,3940,1,0,1,8,6,383;461;451;520;659;740;406;479
1,3635,3838,1,1,1,8,3,15;414;492;451;551;659;797;437
1,3687,3740,1,1,0,8,2,362;440;210;499;659;740;385;458
1,3666,3935,1,1,1,8,6,383;461;217;520;659;740;406;479
1,3306,3359,1,0,0,9,2,100;96;88;148;209;208;161;342;621
1,3308,3388,1,1,0,9,3,100;96;86;146;207;206;161;309;621
1,3296,3346,1,0,0,9,1,120;96;98;158;219;218;167;342;621
1,3297,3363,1,0,0,9,1,100;96;97;157;218;217;167;342;621
1,3277,3483,1,1,0,10,3,139;96;117;177;9;238;237;167;348;621
0,3296,3351,1,0,0,9,0,100;96;98;158;219;218;167;342;621
1,3264,3327,1,0,1,10,2,152;201;130;190;22;251;250;167;386;621
1,3272,3515,1,1,0,10,4,144;193;122;182;14;243;242;167;348;621
1,3234,3304,1,0,0,10,3,182;231;160;220;52;281;280;167;416;676
1,3251,3514,1,0,0,10,6,165;214;143;203;35;261;263;167;399;676
1,3208,3507,1,0,1,10,8,208;257;186;246;78;307;306;357;442;841
1,3216,3505,1,0,0,10,4,200;249;178;238;70;299;298;357;434;676
1,3177,3254,1,0,1,10,3,239;288;217;277;109;325;337;436;473;872
1,3197,3261,1,0,0,10,2,219;268;197;257;89;318;317;416;453;852
1,3108,3173,1,0,0,10,2,285;357;286;42;322;178;325;406;505;502
0,3160,3219,1,0,0,10,0,256;305;234;294;126;325;354;453;490;889
1,3473,3557,1,0,0,7,2,42;41;114;177;495;637;671
1,3445,3506,1,0,0,9,2,20;9;70;69;114;205;495;637;699
0,3439,3489,1,0,0,9,0,26;15;76;75;114;211;495;637;705
1,3432,3509,1,1,0,9,2,33;22;83;82;154;215;495;637;712
1,3403,3473,1,0,0,9,1,13;62;51;112;101;154;215;495;637
1,3402,3455,1,0,0,9,1,14;63;52;113;101;154;217;495;637
1,3394,3452,1,1,0,10,1,22;71;0;60;121;101;154;234;495;678
1,3394,3672,1,1,0,10,3,22;71;0;60;121;101;154;217;495;678
1,3385,3663,1,0,0,10,3,31;80;9;69;130;101;154;234;495;726
1,3365,3435,1,1,0,10,2,51;96;29;89;150;101;154;241;495;726
1,3363,3439,1,1,0,10,2,53;96;31;91;152;101;154;287;495;726
1,3352,3441,1,1,0,10,1,64;96;42;102;163;162;154;298;495;726
1,3346,3569,1,1,0,10,4,70;96;48;108;163;168;154;304;621;726
1,3338,3410,1,1,0,10,2,78;96;56;116;163;176;154;309;621;789
1,3332,3384,1,1,0,10,2,84;96;62;122;183;182;154;309;621;795
1,3309,3364,1,1,0,9,1,100;96;85;145;206;205;161;309;621
1,2669,2956,1,0,1,16,12,57;48;111;142;22;375;155;229;273;359;275;225;747;796;691;452
1,2690,2893,1,1,1,16,9,36;27;90;121;1;358;134;208;252;338;254;204;578;775;691;452
1,2708,2915,1,0,0,15,4,18;9;72;103;340;116;190;234;320;236;186;578;757;686;442
1,2726,2808,1,0,0,14,5,0;54;85;322;98;172;216;302;218;168;578;739;668;328
1,2760,2842,1,1,0,13,5,20;51;288;64;138;182;268;184;134;578;705;634;328
1,2795,2862,1,1,0,13,2,16;253;29;103;147;233;149;91;578;670;599;328;659
1,2826,2895,1,1,0,12,2,222;72;116;202;118;68;578;639;568;324;628;460
1,2874,3116,1,0,0,12,4,174;24;68;154;70;20;542;591;520;276;580;412
1,2533,2620,1,1,0,18,3,193;184;246;255;158;120;10;72;381;22;276;365;409;414;411;348;883;932
1,2569,2633,1,0,0,18,1,157;148;211;242;122;84;36;381;255;329;373;414;375;325;847;896;825;581
1,2577,2844,1,1,1,18,10,149;140;203;234;114;58;28;381;247;321;365;414;367;317;839;888;817;573
1,2620,2674,1,0,0,17,5,106;97;160;191;71;33;381;204;278;322;408;324;274;796;845;691;530
0,2628,2690,1,0,0,17,0,98;89;152;183;63;25;375;196;270;314;400;316;266;788;837;691;522
1,2629,2698,1,0,0,17,4,97;88;151;182;62;24;375;195;269;313;399;315;265;787;836;691;521
1,2632,2707,1,0,0,17,4,94;85;148;179;59;21;375;192;266;310;396;312;227;784;833;691;518
1,2657,2719,1,0,0,16,1,69;60;123;154;34;375;167;241;285;371;287;227;759;808;691;493
1,2992,3043,1,0,0,9,3,56;36;424;473;402;158;361;284;325
0,2984,3049,1,0,0,9,0,64;44;432;481;410;166;361;284;325
1,2997,3086,1,1,0,9,2,51;31;387;468;397;153;361;284;325
1,2997,3069,1,0,0,9,3,51;31;387;468;368;153;361;284;325
1,3095,3169,1,0,0,10,1,321;370;299;55;322;191;325;419;518;555
1,3021,3085,1,0,0,9,2,27;7;387;444;368;129;322;265;325
1,3104,3166,1,1,0,10,3,291;361;290;46;322;182;325;410;509;546
1,3104,3188,1,0,0,10,1,291;361;290;46;322;182;325;410;509;502
1,2900,2979,1,1,0,10,3,148;42;128;44;516;565;494;250;364;284
1,2891,3153,1,0,0,12,4,157;7;51;137;53;3;525;574;503;259;563;284
1,2940,3012,1,0,0,11,3,108;2;88;4;459;525;454;210;364;284;575
1,2939,3013,1,0,0,11,3,109;3;89;5;477;526;455;211;364;284;576
1,2943,3198,1,0,1,10,4,105;85;1;459;522;451;207;364;284;532
1,2943,2998,1,1,0,10,3,105;85;1;459;522;451;207;364;284;325
1,2955,3010,1,1,0,9,3,79;73;459;510;439;195;364;284;325
1,2944,3019,1,0,0,10,3,88;84;0;459;521;450;206;364;284;325
1,2257,2346,1,1,0,18,2,74;254;185;469;460;94;523;554;434;396;286;348;598;298;184;567;616;685
1,2273,2355,1,1,1,18,4,58;238;169;453;444;78;446;538;418;380;270;332;598;282;168;551;616;669
1,2211,2274,1,1,0,18,1,120;300;231;515;506;140;569;600;480;442;332;381;815;344;230;613;616;731
1,2213,2485,1,1,1,18,11,118;298;229;513;504;138;567;598;478;440;330;376;815;342;228;611;616;729
1,2320,2408,1,0,0,19,2,11;191;122;400;397;31;446;491;371;321;223;285;598;235;121;504;578;622;708
1,2321,2408,1,0,1,19,4,10;190;121;400;396;30;446;490;370;321;222;275;598;234;120;503;577;621;707
1,2287,2360,1,0,0,19,4,44;224;155;439;430;64;446;524;404;321;256;318;598;268;154;537;611;655;741
1,2293,2353,1,1,0,19,3,38;218;149;422;424;58;446;518;398;321;250;312;598;262;148;531;605;649;735
1,2084,2160,1,1,0,19,3,70;247;125;126;427;358;642;633;267;696;727;591;517;459;427;815;471;357;740
1,2108,2193,1,0,0,19,4,46;223;101;102;403;334;618;609;243;672;703;583;517;435;427;815;447;333;716
1,2044,2278,1,1,1,18,10,110;287;165;166;467;398;672;673;307;736;767;591;609;499;427;1004;511;397
1,2055,2142,1,0,0,19,3,99;276;154;155;456;387;671;662;296;725;756;591;598;488;427;815;500;386;769
1,2178,2254,1,0,0,20,3,153;31;32;333;264;548;539;173;602;633;513;475;365;427;815;377;263;646;616;764
1,2209,2266,1,0,0,20,1,122;0;1;302;233;517;508;142;571;602;482;444;334;396;815;346;232;615;616;733
1,2113,2197,1,0,1,20,4,41;218;96;97;398;320;613;604;238;667;698;578;517;430;427;815;442;328;711;785
1,2175,2460,1,0,1,20,15,156;34;35;336;267;551;542;176;605;636;516;478;365;427;815;380;266;649;723;767
1,2505,2572,1,0,0,16,3,6;221;212;275;306;186;148;38;100;381;50;319;393;437;414;439
1,2478,2538,1,0,0,16,2,33;248;239;302;333;213;174;65;127;381;77;346;404;464;414;466
1,2456,2536,1,0,0,16,4,55;270;261;324;355;235;174;87;149;381;99;368;442;486;414;488
1,2455,2524,1,0,0,16,2,56;271;262;325;356;236;198;88;150;381;100;369;443;487;414;489
1,2516,2600,1,1,0,16,4,210;201;246;255;175;137;27;89;381;39;276;382;426;414;428;378
1,2509,2567,1,0,0,16,2,2;217;208;246;298;182;144;34;96;381;46;276;389;433;414;435
1,2506,2575,1,0,0,16,2,5;220;211;274;305;185;147;37;99;381;49;276;392;436;414;438
1,2506,2585,1,1,0,16,3,5;220;211;246;305;185;147;37;99;381;49;276;392;436;414;438
1,2383,2664,1,0,1,18,12,128;59;341;334;397;428;308;270;160;222;598;172;58;424;515;559;633;561
1,2373,2610,1,0,0,18,10,138;69;353;344;407;438;318;280;170;232;598;182;68;424;525;569;633;571
1,2355,2420,1,1,0,17,4,156;87;371;362;425;456;336;298;188;250;598;200;86;469;543;587;633
1,2323,2388,1,1,0,19,4,8;188;119;400;394;28;446;488;368;321;220;275;598;232;118;501;575;619;633
1,2452,2504,1,0,0,16,2,59;274;265;328;359;239;201;91;153;381;103;372;446;490;414;492
1,2443,2686,1,0,1,16,9,68;283;274;337;368;248;210;100;162;598;112;381;455;499;414;501
1,2421,2482,1,1,0,18,2,90;21;305;296;345;390;270;232;122;184;598;134;20;403;477;521;414;523
1,2417,2493,1,0,1,18,2,94;25;309;300;363;394;274;236;126;188;598;138;24;407;481;525;414;527
1,5363,5419,1,1,0,11,2,384;128;241;407;343;265;197;488;421;494;615
1,5357,5430,1,0,0,11,2,386;134;247;438;343;271;203;494;421;500;621
1,5391,5477,1,0,0,11,1,356;100;213;404;310;237;169;460;421;466;587
1,5384,5451,1,0,1,11,3,363;107;220;407;327;244;176;467;421;473;594
1,5293,5361,1,0,0,13,2,1;57;407;54;198;311;502;418;335;267;558;421;564
0,5293,5365,1,0,0,13,0,1;57;407;54;198;311;502;418;335;267;558;421;502
1,5354,5422,1,0,0,11,3,386;137;250;441;357;274;206;497;421;502;624
1,5335,5415,1,0,0,13,2,15;407;12;156;269;460;376;293;225;516;421;502;643
1,5470,5696,1,0,0,13,6,277;21;134;325;241;158;90;381;351;387;375;894;706
1,5443,5519,1,0,0,11,2,301;48;161;352;268;170;117;408;378;414;375
1,5518,5587,1,1,0,16,3,229;86;277;193;110;42;333;303;339;373;846;658;391;886;831;811
1,5495,5570,1,1,0,14,2,252;109;300;216;133;65;356;326;362;373;869;681;414;909
1,5409,5617,1,0,0,11,5,338;82;195;386;302;170;151;442;395;448;569
1,5395,5453,1,0,0,11,2,352;96;209;400;310;170;165;456;421;462;583
1,5437,5687,1,0,0,11,6,301;54;167;358;274;170;123;414;384;420;400
1,5431,5503,1,0,0,11,2,316;60;173;364;280;170;129;420;390;426;400
1,5598,5676,1,0,1,17,4,149;6;197;113;30;253;223;259;373;567;578;311;806;751;731;632;528
1,5611,5900,1,0,1,17,9,136;184;100;17;240;210;246;367;567;565;298;755;738;718;619;528;1013
1,5628,5707,1,0,1,17,1,119;167;83;0;223;193;229;350;567;548;281;755;721;701;602;528;859
1,5631,5715,1,1,0,16,4,116;164;80;220;190;226;347;567;545;278;755;718;698;538;528;859
1,5530,5815,1,1,0,16,10,217;74;265;181;98;30;321;291;327;373;834;646;379;874;788;799
1,5556,5642,1,1,0,17,1,191;48;239;155;72;4;295;265;301;373;567;620;353;848;788;773;674
1,5563,5648,1,1,1,17,4,174;41;232;148;65;288;258;294;373;567;613;346;841;786;766;667;604
1,5564,5637,1,1,0,17,4,174;40;231;147;64;287;257;293;373;567;612;345;840;785;765;666;528
1,5680,5738,1,0,0,18,3,67;115;31;171;141;177;298;567;496;229;724;669;649;538;479;859;570;290
0,5687,5760,1,1,0,18,0,60;108;24;164;134;170;291;567;489;222;717;644;642;538;479;859;563;283
1,5706,6003,1,0,1,19,11,41;89;5;145;115;151;272;567;470;203;698;643;623;524;461;859;544;264;889
1,5730,5803,1,0,0,19,4,17;65;121;91;127;248;567;446;179;498;619;599;500;437;859;520;240;865;764
1,5632,5711,1,0,0,16,2,115;163;79;219;189;225;346;567;544;277;724;717;697;538;528;859
1,5641,5695,1,0,0,16,3,106;154;70;210;180;216;337;567;535;268;724;708;688;538;526;859
1,5655,5731,1,0,0,16,1,92;140;56;196;166;202;323;567;521;254;724;685;674;538;512;859
1,5675,5728,1,1,0,18,4,72;120;36;176;146;182;303;567;501;234;724;674;654;538;492;859;575;295
1,4930,4984,1,0,0,9,2,152;364;287;107;384;775;417;416;674
0,4923,4990,1,0,0,9,0,159;365;294;114;384;775;424;416;681
1,4921,4978,1,0,0,9,2,161;365;296;116;429;775;426;416;683
1,4906,4986,1,0,0,9,1,176;388;311;131;444;775;441;416;698
1,4891,5113,1,0,1,10,5,191;8;403;326;144;459;775;456;600;713
1,4870,4922,1,0,0,10,1,199;29;8;404;347;167;480;775;477;621
1,4846,4931,1,0,0,9,1,236;53;32;404;371;191;504;775;501
1,4845,5081,1,0,0,9,6,237;54;33;404;372;192;505;902;502
1,5010,5097,1,0,0,11,4,72;284;207;27;340;525;337;416;594;736;655
1,4996,5071,1,0,0,11,2,86;298;221;41;354;525;351;416;608;788;655
0,4995,5046,1,1,0,11,0,87;299;222;42;355;525;352;416;609;788;655
1,4991,5277,1,1,1,11,9,91;303;226;46;359;756;356;416;613;788;655
1,4977,5029,1,0,1,11,4,105;317;240;60;373;770;366;416;627;818;655
1,4977,5035,1,0,0,11,4,105;317;240;60;373;770;366;416;627;789;655
1,4971,5191,1,0,1,11,7,111;323;246;66;379;775;366;416;633;824;740
0,4933,5015,1,1,0,9,0,149;361;284;104;384;775;366;416;671
1,5141,5225,1,1,0,11,2,153;76;209;407;206;350;428;615;570;487;419
1,5159,5221,1,1,0,12,1,135;58;191;407;188;332;428;615;552;469;401;692
0,5133,5183,1,0,0,11,0,161;84;217;525;214;358;428;615;578;495;427
1,5136,5401,1,0,1,11,8,158;81;214;525;211;355;428;615;575;492;424
0,5059,5147,1,1,0,10,0,10;235;158;291;525;288;404;428;736;652
1,5126,5191,1,0,1,10,3,168;91;224;525;221;365;428;669;585;502
1,5019,5231,1,1,1,11,5,63;275;198;18;331;525;328;404;585;736;655
1,5056,5125,1,0,0,10,1,26;238;161;294;525;291;404;428;736;655
1,5265,5482,1,0,1,13,5,29;85;407;82;226;339;530;446;363;293;586;556;592
1,5269,5339,1,0,0,13,3,25;81;407;78;222;335;526;442;359;291;582;421;588
1,5229,5301,1,1,0,12,2,65;121;407;118;262;375;554;481;399;331;622;592
0,5237,5300,1,1,0,13,0,57;113;407;110;254;367;554;474;391;293;614;584;620
1,5201,5259,1,1,1,13,1,93;16;149;407;146;290;399;594;510;427;359;650;620
1,5228,5281,1,0,0,12,2,66;122;407;119;263;376;567;481;400;332;623;593
1,5169,5233,1,1,0,12,2,125;48;181;407;178;322;399;615;542;459;391;682
0,5189,5241,1,0,0,13,0,105;28;161;407;158;302;399;606;522;439;371;662;632
1,4319,4394,1,1,0,10,2,19;113;172;248;179;20;347;339;632;524
0,4318,4403,1,0,0,10,0,19;114;173;248;179;21;348;340;632;524
1,4324,4406,1,0,0,10,2,19;108;167;230;179;15;335;334;632;524
1,4322,4386,1,0,0,10,3,19;110;169;248;179;17;335;336;632;524
1,4333,4396,1,1,0,10,2,19;99;158;230;179;6;312;325;632;469
1,4330,4392,1,1,0,10,2,19;102;161;230;179;9;312;328;632;524
0,4368,4423,1,0,0,10,0,10;64;123;230;148;298;290;632;469;510
0,4339,4427,1,0,0,10,0,19;93;152;230;167;0;312;319;632;469
1,4421,4504,1,0,0,9,1,11;70;187;95;245;199;632;469;457
1,4391,4474,1,0,0,9,1,41;100;217;125;275;267;632;469;487
0,4458,4514,1,0,0,8,0,33;117;58;208;199;624;441;420
0,4435,4498,1,1,0,8,0,56;117;81;231;199;632;464;443
1,4483,4776,1,0,1,8,4,8;117;33;160;175;599;416;395
1,4479,4568,1,0,0,8,2,12;117;37;187;179;603;420;399
0,4506,4572,1,0,0,7,0,102;10;160;152;394;393;372
0,4485,4573,1,0,0,8,0,6;117;31;160;173;394;414;393
0,4511,4586,1,0,0,7,0,97;5;155;147;394;388;367
0,4545,4611,1,0,0,6,0,63;121;113;394;354;333
0,4555,4642,1,0,0,6,0,53;111;103;394;344;323
0,4563,4615,1,1,0,6,0,45;103;95;394;336;315
0,4566,4620,1,0,0,6,0,42;100;92;394;333;312
1,4598,4675,1,0,0,6,1,10;68;60;394;301;280
1,4613,4672,1,0,1,5,2,53;45;394;286;231
1,4618,4854,1,0,0,6,4,48;40;394;233;231;676
1,4678,4759,1,0,0,6,1,394;221;200;614;539;359
1,4704,4777,1,0,0,6,1,365;195;174;590;513;333
1,4705,4766,1,0,0,6,1,343;194;173;589;512;332
0,4736,4800,1,0,0,6,0,338;163;142;558;481;301
1,4746,5021,1,0,1,6,5,336;153;132;548;471;291
0,4751,4823,1,0,0,6,0,331;148;127;404;466;286
0,4759,4810,1,0,0,6,0,323;140;119;404;458;278
1,4787,4840,1,0,0,7,1,295;112;91;404;430;250;563
1,3944,4005,1,0,1,13,1,105;183;200;242;434;348;128;201;420;612;572;395;722
1,3939,4197,1,0,1,13,6,110;188;205;247;439;493;133;206;420;612;577;400;727
1,3923,3996,1,1,0,13,2,126;204;210;263;455;509;149;222;420;612;593;416;743
1,3908,3986,1,0,0,12,2,141;219;210;278;470;524;164;237;420;613;608;431
1,4020,4103,1,0,0,13,3,29;107;124;166;358;348;52;125;420;588;496;319;646
1,3988,4062,1,0,0,13,2,61;139;156;198;390;348;84;157;420;612;528;351;667
1,3986,4040,1,0,0,13,3,63;141;158;200;392;348;86;159;420;612;530;353;680
1,3950,4018,1,0,1,13,3,99;177;194;236;428;348;98;195;420;612;566;389;716
1,4077,4298,1,0,1,12,5,50;67;109;301;348;68;414;531;430;262;589;581
1,4036,4117,1,0,0,14,3,13;91;108;150;342;348;19;109;420;572;430;303;630;622
1,4032,4111,1,0,0,14,1,17;95;112;154;346;348;40;113;420;576;430;307;634;626
1,4029,4103,1,0,1,13,4,20;98;115;157;349;348;43;116;420;579;487;310;637
1,4136,4205,1,0,0,12,2,8;49;242;296;9;355;472;380;203;530;522;946
0,4134,4219,1,1,0,12,0,10;49;244;298;11;357;474;382;205;532;524;948
1,4102,4181,1,0,0,13,3,25;42;74;276;330;43;389;506;414;237;564;556;980
1,4087,4162,1,0,0,12,4,40;57;96;291;345;58;404;521;429;252;579;571
1,4182,4466,1,0,1,11,9,4;196;250;309;417;334;157;484;476;899;717
1,4189,4422,1,0,1,10,7,189;243;302;417;327;150;477;469;893;545
1,4161,4240,1,1,0,10,2,25;217;271;330;447;355;178;505;497;899
1,4163,4244,1,0,0,10,2,23;215;269;328;417;353;176;503;495;899
1,4206,4260,1,1,0,10,2,19;226;285;402;310;133;460;452;687;524
1,4208,4263,1,0,0,10,1,19;224;283;400;308;131;442;450;687;524
1,4199,4281,1,0,0,10,3,19;233;292;409;317;140;467;459;883;545
1,4202,4456,1,0,1,10,5,19;230;289;406;314;137;464;456;880;524
0,4276,4363,1,1,0,10,0,19;156;196;332;240;63;390;382;632;524
1,4285,4352,1,0,1,10,2,19;147;196;323;231;54;381;373;632;524
1,4219,4301,1,1,0,10,2,19;213;272;389;297;120;442;439;632;524
1,4267,4323,1,0,0,10,1,19;165;224;341;249;72;399;391;632;524
0,4307,4370,1,1,0,10,0,19;125;184;301;179;32;350;351;632;524
1,4309,4383,1,0,0,10,2,19;123;182;299;179;30;350;349;632;524
0,4299,4360,1,1,0,10,0,19;133;192;309;179;40;367;359;632;524
1,4305,4361,1,0,1,10,2,19;127;186;303;179;34;361;353;632;524
1,13160,13248,1,0,0,14,4,153;23;498;398;371;545;238;333;679;477;726;698;679;594
1,13154,13215,1,0,0,14,1,159;3;29;545;404;377;551;238;339;679;483;726;704;685
1,13216,13275,1,1,0,14,1,97;483;342;315;489;238;277;657;421;699;642;623;538;781
1,13208,13272,1,1,0,13,2,105;491;350;323;497;238;285;665;429;707;650;631;546
1,13111,13166,1,1,0,13,4,202;46;72;588;447;403;594;238;364;762;526;804;747
1,13102,13327,1,0,1,13,8,211;55;81;597;456;419;603;238;391;771;535;813;756
1,13149,13376,1,0,0,14,9,164;8;34;550;409;382;556;238;344;679;488;766;709;690
1,13117,13326,1,0,0,13,4,196;40;66;582;441;400;588;238;364;756;520;798;741
0,13068,13145,1,0,0,9,0,245;89;115;631;490;456;637;238;393
0,13059,13143,1,0,0,9,0,254;98;124;640;499;456;646;238;393
1,13102,13162,1,0,0,13,4,211;55;81;597;456;419;603;238;364;771;535;813;756
1,13096,13148,1,1,0,13,4,217;61;87;603;462;435;609;238;393;777;541;819;762
1,13006,13069,1,0,1,10,4,307;14;151;177;693;517;525;652;525;393
0,12982,13054,1,1,0,11,0,331;38;175;1;201;717;517;540;652;549;393
1,13052,13299,1,1,0,9,5,261;105;131;647;506;456;652;479;393
1,13043,13114,1,1,0,9,4,270;114;140;656;515;488;652;488;393
1,12899,12976,1,0,1,11,4,414;121;258;77;284;800;517;542;652;632;594
1,12931,13003,1,1,0,11,2,382;89;226;52;252;768;517;540;652;600;562
1,12940,13009,1,0,0,11,1,373;80;217;37;243;759;517;540;652;591;553
1,12948,13159,1,1,0,11,3,365;72;209;35;235;727;517;540;652;583;545
1,12861,12935,1,1,0,11,3,452;12;18;159;296;122;313;818;517;542;844
0,12882,12968,1,0,0,11,0,431;138;275;101;301;817;517;542;823;649;611
1,12885,13129,1,0,0,11,4,428;135;272;98;298;814;517;542;820;646;608
1,12896,13149,1,0,0,11,3,417;124;261;87;287;803;517;542;652;635;597
1,12805,12879,1,1,0,11,3,18;508;68;74;215;352;178;378;818;517;726
1,12839,13102,1,0,0,11,4,1;474;34;40;181;318;144;344;818;517;692
1,12844,12918,1,0,0,10,3,469;29;35;176;313;139;339;818;517;566
1,12848,13052,1,0,0,11,4,465;25;31;172;309;135;313;818;517;566;857
1,12764,12820,1,0,0,10,2,76;545;109;115;256;393;219;419;818;794
0,12782,12856,1,0,0,10,0,58;531;91;97;238;375;201;401;818;776
1,12785,13053,1,1,1,10,6,55;528;88;94;235;372;198;398;818;773
1,12797,12859,1,0,1,10,2,43;516;76;82;223;360;186;386;818;517
1,12757,12835,1,0,0,10,3,83;550;116;122;263;400;226;426;818;801
1,12743,12799,1,0,0,10,3,5;97;570;130;136;277;414;240;440;818
0,12737,12789,1,0,0,10,0,11;99;576;136;142;283;420;246;446;818
0,12733,12799,1,0,0,10,0,15;99;580;140;146;287;424;250;450;818
1,12725,12805,1,1,0,10,2,23;115;588;148;154;295;432;258;458;818
1,12701,12790,1,0,0,10,3,47;120;612;172;178;319;456;282;458;818
1,12688,12770,1,0,0,10,2,60;152;625;185;191;332;469;295;458;818
1,12660,12921,1,1,0,11,5,88;180;653;213;219;360;19;497;323;458;1039
1,12628,12704,1,0,1,11,2,120;212;685;245;248;392;51;529;355;458;1071
1,12614,12891,1,0,0,11,5,134;226;699;259;248;406;65;5;543;369;569
1,12611,12697,1,0,0,11,3,137;229;702;262;268;409;68;8;546;372;572
1,12602,12668,1,0,0,11,2,146;238;711;264;277;417;77;17;555;381;581
1,12579,12631,1,1,0,11,3,169;261;734;264;300;441;100;40;578;388;604
1,12576,12633,1,1,0,11,2,172;264;737;264;303;444;103;43;581;407;607
1,12509,12588,1,0,0,11,2,188;331;792;264;370;511;61;170;110;648;466
1,12505,12567,1,0,0,11,2,188;335;808;264;372;515;65;174;114;652;466
0,12481,12532,1,0,0,12,0,23;188;352;832;264;398;539;89;198;138;676;466
1,12499,12584,1,1,1,12,3,5;188;341;814;264;380;521;71;180;120;658;466
1,12447,12713,1,0,0,13,9,57;16;188;393;866;264;432;573;103;232;172;710;536
1,12466,12553,1,1,1,12,3,38;188;374;847;264;413;554;103;213;153;691;466
1,12417,12685,1,0,1,14,9,87;46;7;188;423;896;456;462;602;153;262;172;740;566
1,12421,12495,1,0,0,14,2,83;42;3;188;419;892;264;458;599;149;258;172;736;562
1,12389,12601,1,0,1,14,6,115;74;35;343;451;924;484;490;630;153;290;172;768;594
1,12401,12472,1,1,0,14,2,103;62;23;188;439;912;472;478;619;153;278;172;756;582
1,12342,12427,1,1,1,14,2,162;121;82;406;478;971;531;537;630;153;337;172;784;641
1,12386,12604,1,0,0,14,6,118;77;38;362;454;927;487;493;630;153;293;172;771;597
0,12314,12394,1,1,0,14,0,190;149;110;431;478;999;559;565;630;153;365;305;784;669
1,12339,12602,1,0,1,14,6,165;124;85;409;478;974;534;540;630;153;340;280;784;644
1,12305,12376,1,1,0,14,3,199;158;119;443;478;1008;568;574;630;153;374;314;852;678
1,12309,12563,1,0,1,14,9,195;154;115;431;478;1004;564;570;630;153;370;310;848;674
1,12234,12313,1,1,0,13,5,270;229;10;190;514;478;1079;639;645;630;153;445;385
1,12237,12311,1,4,0,13,5,267;226;10;187;511;478;1076;636;642;630;153;376;382
1,14077,14322,1,1,0,12,5,133;17;340;156;327;242;419;410;434;92;563;568
1,14074,14143,1,1,0,12,1,136;17;340;165;330;245;422;410;437;95;563;571
1,14103,14181,1,1,0,13,1,107;17;191;136;301;216;393;410;408;66;563;542;588
1,14089,14149,1,1,0,13,1,121;17;191;150;315;230;407;410;422;80;563;556;602
1,14148,14223,1,0,0,15,2,62;17;191;91;256;171;348;396;363;21;563;497;543;695;837
1,14108,14163,1,0,0,14,1,102;17;191;131;296;211;388;410;403;61;563;519;583;735
1,14211,14293,1,0,0,16,4,17;191;28;193;108;285;324;300;563;434;480;632;774;686;770;1045
1,14197,14252,1,0,0,15,1,13;17;191;42;207;122;290;347;314;563;448;494;646;788;700
1,14030,14099,1,0,0,13,2,180;17;0;209;13;450;209;374;289;466;460;481;139
1,14024,14107,1,0,0,13,1,186;28;6;215;19;456;215;380;295;472;460;487;145
1,14040,14108,1,0,0,13,1,170;12;199;3;365;199;364;279;456;451;471;129;792
1,14037,14266,1,1,1,13,7,173;15;202;6;443;202;367;282;459;451;474;132;795
1,14062,14142,1,0,0,12,2,148;177;365;177;342;257;434;451;449;107;563;583
1,14044,14273,1,1,1,12,5,166;8;195;365;188;360;275;452;451;467;125;788
1,14070,14364,1,0,1,12,10,140;169;340;169;334;249;426;410;441;99;563;575
1,14069,14138,1,1,0,12,2,141;170;340;170;335;250;427;451;442;100;563;576
1,13816,13896,1,1,0,19,3,57;99;42;23;181;109;148;394;236;214;423;227;664;423;588;503;519;598;695
1,13821,13901,1,1,0,19,3,52;94;37;18;176;104;143;379;231;209;418;222;659;418;583;498;519;598;690
1,13835,13904,1,0,0,19,3,38;80;23;4;162;90;129;375;205;195;404;208;645;404;569;484;519;598;676
1,13873,13937,1,1,0,17,3,0;42;124;52;91;337;179;157;366;170;607;366;531;446;519;598;638
1,13894,13972,1,1,0,17,2,21;103;31;70;316;154;136;345;149;586;345;510;425;519;598;617;275
1,14006,14056,1,0,0,13,1,204;46;24;233;37;474;233;398;313;490;538;505;163
1,14012,14095,1,0,0,13,2,198;40;18;227;31;468;222;392;307;484;532;499;157
1,14022,14097,1,1,0,13,2,188;30;8;217;21;458;217;382;297;474;497;489;147
1,13673,13748,1,0,0,18,2,26;32;200;242;185;166;81;324;252;235;537;379;276;566;370;807;566;731
1,13735,13813,1,1,0,18,3,138;180;123;104;19;262;190;229;475;317;276;504;308;745;504;669;584;761
1,13739,13825,1,0,1,18,4,134;176;119;100;15;258;186;225;471;313;276;500;304;741;500;621;580;757
1,13744,13833,1,0,0,18,4,129;171;114;95;10;236;181;220;466;308;276;495;299;736;495;621;575;752
1,13757,13809,1,0,0,17,4,116;158;101;82;236;168;207;453;295;259;482;286;723;482;621;562;739
1,13794,14059,1,0,1,18,13,79;121;64;45;203;131;170;416;258;236;445;249;686;445;610;525;702;750
1,13805,14062,1,0,1,18,9,68;110;53;34;192;120;159;405;247;225;434;238;675;434;599;514;691;598
1,13807,14066,1,0,1,18,9,66;108;51;32;190;118;157;403;245;223;432;236;673;432;597;512;538;598
1,13603,13683,1,1,0,17,4,96;102;270;34;312;255;236;140;394;322;361;607;418;276;636;375;877
1,13599,13685,1,0,0,17,3,100;106;274;38;316;259;240;140;398;326;365;611;418;276;640;444;881
1,13581,13660,1,1,0,16,4,118;124;290;56;334;277;258;140;416;344;383;629;471;276;658;462
1,13577,13649,1,1,0,16,1,122;128;296;60;338;281;262;140;420;348;387;633;475;276;662;466
1,13663,13733,1,0,0,17,4,36;42;210;252;195;176;91;334;262;301;547;389;276;576;375;817;576
1,13636,13720,1,0,1,17,2,63;69;235;1;279;222;203;104;361;289;328;574;393;276;603;375;844
1,13628,13690,1,1,0,17,1,71;77;245;9;287;230;211;104;369;297;336;582;393;276;611;375;852
1,13624,13691,1,0,0,17,4,75;81;249;13;291;234;215;104;373;301;340;586;418;276;615;375;856
1,13473,13531,1,0,0,19,2,209;85;58;232;58;20;400;164;442;385;366;150;524;452;491;713;579;276;766
1,13470,13761,1,1,1,19,13,229;88;61;235;61;23;403;167;445;388;369;150;527;455;494;713;582;276;769
1,13464,13763,1,1,1,19,12,235;94;67;241;67;29;409;173;451;394;375;150;533;461;500;713;588;541;775
1,13450,13501,1,1,1,18,7,249;108;81;255;81;43;423;187;465;408;384;150;533;475;514;713;602;580
1,13573,13662,1,0,0,16,3,126;132;300;64;342;285;266;150;424;352;391;637;479;276;666;470
1,13533,13622,1,0,0,17,1,166;25;172;340;104;382;325;306;150;464;385;431;677;519;276;706;510
1,13530,13582,1,0,0,19,3,169;28;1;175;1;343;107;385;328;309;150;467;395;434;680;522;276;709;513
1,13479,13543,1,0,1,19,2,209;79;52;226;52;14;394;158;436;379;360;150;495;446;485;713;573;276;760
1,13357,13443,1,0,0,15,1,342;201;174;348;174;136;495;280;558;501;482;397;533;531;607
1,13403,13470,1,0,0,18,2,296;155;128;302;128;90;470;234;512;455;409;351;533;522;561;807;649;627
1,13338,13396,1,0,0,15,1,361;220;193;367;193;155;508;299;577;520;501;416;533;531;626
0,13350,13408,1,0,0,15,0,349;208;181;355;181;143;495;287;565;508;489;404;533;531;614
1,13436,13519,1,1,0,18,2,263;122;95;269;95;57;437;201;479;422;384;150;533;489;528;774;616;582
1,13444,13684,1,0,1,18,10,255;114;87;261;87;49;429;193;471;414;384;150;533;481;520;731;608;582
1,13415,13709,1,0,1,18,14,284;143;116;290;116;78;458;222;500;443;384;339;533;510;549;795;637;615
1,13424,13480,1,1,1,18,9,275;134;107;281;107;69;449;213;491;434;384;150;533;501;540;786;628;606
1,13235,13308,1,0,0,14,1,74;464;323;296;470;238;258;622;402;680;623;604;519;762
1,13265,13518,1,1,0,15,4,48;434;293;266;440;238;228;608;372;650;593;536;489;732;660
1,13217,13279,1,0,0,14,1,96;466;341;314;488;238;276;656;420;698;641;622;537;780
1,13230,13296,1,0,0,14,1,83;466;328;301;475;238;263;622;407;685;628;609;524;767
1,13322,13407,1,0,1,14,7,377;236;209;383;209;171;551;315;593;536;517;432;533;603
1,13324,13410,1,0,0,15,1,375;234;207;381;207;169;549;313;591;534;515;430;533;531;640
0,13277,13356,1,0,0,15,0,36;422;281;254;428;238;216;596;360;638;581;536;477;533;648
1,13309,13361,1,0,0,15,5,4;390;249;222;396;222;184;564;328;606;549;530;445;533;616
1,10850,11055,1,1,1,13,3,105;303;133;291;126;316;557;179;623;358;642;383;897
1,10851,10908,1,0,0,13,1,104;302;132;291;125;315;556;178;622;358;642;382;896
1,10862,10915,1,0,0,13,3,93;291;121;264;114;304;545;167;611;358;637;371;885
1,10865,10929,1,0,0,13,3,90;288;118;264;78;301;542;164;608;358;634;368;882
1,10822,10874,1,0,0,13,3,133;331;161;328;154;344;585;207;651;555;677;411;925
1,10840,10906,1,0,0,13,1,115;313;143;310;136;326;567;189;633;537;642;393;907
1,10842,10919,1,0,0,13,1,113;303;141;308;134;324;565;187;631;535;642;391;905
1,10847,11064,1,0,0,13,4,108;303;136;291;129;319;560;182;626;530;642;386;900
1,11017,11101,1,0,0,13,2,136;133;149;390;12;456;358;450;216;730;1046;461;820
1,11084,11171,1,1,1,14,5,69;66;82;323;389;293;415;149;663;979;394;753;646;920
1,11113,11200,1,1,0,14,1,40;37;53;294;360;264;386;120;583;950;365;724;617;891
1,11120,11205,1,0,0,14,5,33;30;46;287;353;257;363;113;583;943;358;717;610;884
1,10875,10964,1,1,0,13,3,80;278;108;264;70;291;532;154;598;358;624;358;872
1,10886,10955,1,0,0,14,1,69;267;97;264;17;280;521;143;587;358;613;347;861;1177
1,10960,11049,1,1,0,14,1,193;23;190;16;206;447;69;513;358;539;273;787;1103;518
1,10994,11082,1,1,0,12,1,159;156;172;413;35;479;358;505;239;753;1069;484
1,10627,10873,1,1,0,15,11,84;163;175;129;328;521;117;356;71;73;523;349;539;780;351
1,10617,10706,1,0,0,15,5,94;173;185;139;338;536;127;366;81;83;527;359;549;790;412
1,10642,10729,1,0,0,15,2,69;13;160;114;313;511;102;341;56;58;487;334;524;765;351
1,10637,10693,1,1,0,15,2,74;13;165;119;318;516;107;346;61;63;513;339;529;770;351
1,10586,10671,1,0,1,15,2,125;204;216;170;369;567;158;397;112;114;564;390;580;804;443
1,10552,10609,1,0,0,14,4,159;238;250;204;403;600;190;431;146;148;598;408;608;804
1,10617,10695,1,0,0,15,1,94;173;185;139;338;536;127;366;81;83;527;359;549;790;351
1,10600,10657,1,0,0,15,4,111;190;202;156;355;553;144;383;98;100;527;376;566;804;429
1,10720,10781,1,0,0,13,5,13;82;36;235;424;24;259;430;256;446;687;309;753
1,10717,10791,1,1,0,13,3,13;85;38;238;424;27;266;433;259;449;690;312;756
1,10783,10859,1,0,0,14,1,7;19;172;370;200;367;193;383;624;246;690;594;716;450
1,10771,10834,1,0,0,14,1,13;31;184;382;212;379;205;395;636;258;702;606;728;462
1,10681,10751,1,0,0,15,5,30;13;121;75;274;472;63;302;13;19;469;295;485;726;348
1,10674,10741,1,1,0,15,2,37;13;128;82;281;479;70;309;24;26;476;302;492;733;351
1,10715,10782,1,0,0,13,1,13;87;38;240;438;29;268;435;261;451;692;314;758
1,10714,10772,1,0,0,13,5,13;88;42;241;439;30;269;436;262;452;693;315;759
1,10331,10417,1,0,0,17,4,168;21;21;128;380;423;469;425;624;605;413;501;367;359;819;645;835
1,10414,10467,1,1,0,15,2,85;45;297;376;388;342;541;605;330;501;284;286;736;562;752
1,10295,10347,1,1,0,17,3,33;32;204;57;64;164;416;495;469;461;660;605;449;501;403;359;855
1,10311,10381,1,1,0,17,2,17;16;188;41;21;148;400;479;469;445;644;605;433;501;387;359;839
1,10283,10352,1,1,0,18,3,45;44;4;216;69;76;176;419;507;469;473;672;616;461;501;415;398;867
1,10291,10367,1,1,0,17,4,37;36;208;61;68;168;419;499;469;465;664;605;453;501;407;398;859
1,10269,10554,1,1,1,18,11,59;58;18;230;83;90;190;419;521;469;487;686;832;475;714;429;398;881
1,10281,10543,1,1,0,18,9,47;46;6;218;71;78;178;419;509;469;475;674;616;463;702;417;398;869
1,10514,10602,1,0,0,14,1,197;276;270;242;441;605;230;469;165;174;636;408;608;804
1,10521,10603,1,0,0,14,1,190;269;270;235;434;605;190;462;165;174;629;408;608;804
1,10496,10573,1,0,1,15,4,3;215;294;270;260;459;605;248;487;165;204;654;480;608;804
1,10497,10549,1,0,0,15,2,2;214;293;270;259;458;605;247;486;165;203;653;408;608;804
1,10477,10690,1,0,1,15,10,22;234;313;325;279;478;605;267;501;165;223;673;499;608;930
1,10492,10546,1,0,1,15,3,7;219;298;310;264;463;605;252;491;165;208;658;484;608;804
1,10422,10679,1,0,1,15,9,77;37;289;357;380;334;533;605;322;501;276;278;728;554;744
1,10465,10540,1,0,0,14,2,34;246;325;337;291;490;605;279;501;233;235;685;511;608
1,10192,10263,1,1,1,12,4,134;135;95;307;160;143;267;419;598;480;564;763
1,10190,10263,1,1,0,12,4,134;136;97;309;162;169;269;419;600;480;566;765
1,10190,10264,1,1,0,12,4,134;136;97;309;162;150;269;419;600;480;566;765
1,10175,10264,1,1,0,12,1,134;152;112;324;177;184;284;419;615;480;581;780
1,10168,10235,1,0,0,11,4,160;159;119;331;184;191;291;419;622;480;588
0,10158,10225,1,0,0,11,0,170;169;129;341;194;201;301;419;632;480;598
1,10152,10357,1,0,1,12,8,176;175;135;347;0;200;207;307;419;638;509;604
1,10142,10207,1,1,0,12,1,186;185;145;357;10;210;217;317;419;648;509;614
1,10264,10329,1,1,0,18,4,59;63;23;235;88;95;195;419;526;469;492;691;889;480;719;434;398;886
1,10251,10311,1,0,0,17,1,59;76;36;248;101;108;208;419;539;469;505;702;902;493;732;447;398
1,10246,10301,1,1,0,17,5,82;81;41;253;106;113;213;419;544;469;510;702;907;498;737;452;398
1,10233,10291,1,0,0,17,1,95;94;54;266;119;126;226;419;557;469;523;722;920;511;750;465;398
1,10231,10309,1,0,0,17,6,97;96;56;268;121;128;228;419;559;480;525;724;922;513;752;467;469
1,10231,10316,1,1,1,17,7,97;96;56;268;121;128;228;419;559;469;525;724;922;513;752;467;469
1,10209,10277,1,1,0,14,4,119;118;78;290;143;143;250;419;565;480;526;746;944;535
1,10208,10260,1,0,0,14,2,120;119;79;291;144;143;251;419;582;480;526;747;945;536
1,11957,12218,1,0,0,10,4,106;47;218;488;302;294;61;132;394;791
1,11986,12049,1,0,0,11,3,77;18;189;488;302;265;61;103;394;683;854
1,12058,12119,1,0,0,11,1,5;117;446;302;193;52;31;366;683;782;1255
1,12091,12163,1,0,0,10,1,84;413;302;160;19;333;657;749;1222;782
1,12095,12154,1,0,0,12,1,80;409;302;156;15;329;653;745;1218;712;784;925
1,12136,12380,1,0,1,11,8,39;368;302;115;288;612;704;1177;712;743;884
1,12152,12382,1,0,0,12,5,23;352;302;99;272;596;478;1161;712;727;868;418
1,12154,12226,1,0,1,12,1,21;350;302;97;270;594;478;1159;712;725;866;196
1,12156,12209,1,0,0,12,3,19;348;302;68;268;592;478;1157;712;723;864;196
1,12163,12227,1,0,0,12,3,12;341;300;68;261;585;478;1150;710;716;836;196
1,12165,12430,1,0,0,12,9,10;339;298;68;259;580;478;1148;708;714;836;196
1,12203,12283,1,1,0,12,4,301;260;48;221;545;478;1110;670;676;817;153;476
1,12206,12455,1,0,0,13,7,298;257;45;218;542;478;1107;667;673;769;153;473;413
1,12213,12293,1,0,1,13,5,291;250;38;211;535;478;1100;660;666;633;153;466;406
1,12213,12288,1,1,0,13,1,291;250;38;211;535;478;1100;660;666;630;153;466;406
1,12234,12311,1,2,0,13,4,270;229;10;190;514;478;1079;639;645;630;153;445;385
1,11797,12020,1,1,0,10,7,266;40;207;378;707;647;450;61;292;627
0,11765,11819,1,1,0,9,0,298;72;239;410;713;647;450;61;324
1,11806,11879,1,1,0,10,3,257;31;198;369;488;618;445;61;283;618
1,11799,11873,1,0,0,10,3,264;38;205;376;488;647;450;61;290;625
1,11835,12080,1,1,1,10,4,228;2;169;340;488;564;416;61;254;589
0,11828,11879,1,1,0,10,0,235;9;176;347;488;564;423;61;261;596
1,11852,11934,1,1,0,9,2,211;130;323;488;564;399;61;237;394
1,11842,11898,1,0,0,9,1,221;162;333;488;564;409;61;247;394
1,11878,11928,1,0,0,9,1,185;126;297;488;564;364;61;211;394
1,11869,11943,1,0,1,9,2,194;130;306;488;564;377;61;220;394
1,11886,11973,1,1,0,9,1,177;102;269;488;564;364;61;203;394
1,11881,11959,1,0,0,9,1,182;123;269;488;564;364;61;208;394
1,11900,11965,1,1,0,9,2,163;102;253;488;563;351;61;189;394
0,11893,11951,1,0,0,9,0,170;102;253;488;564;358;61;196;394
1,11953,12030,1,0,0,10,2,110;51;222;488;302;298;61;136;394;795
1,11936,12164,1,0,1,9,2,127;68;239;488;527;315;61;153;394
1,11413,11479,1,1,0,10,3,60;86;334;638;65;259;317;591;137;735
0,11431,11509,1,0,0,10,0,42;68;316;632;34;259;299;573;137;735
1,11399,11470,1,1,0,11,2,8;74;100;348;638;79;259;331;605;137;775
0,11400,11474,1,0,0,11,0,7;73;99;347;638;78;259;330;604;137;735
1,11545,11634,1,0,0,9,2,202;518;259;185;459;27;630;959;918
0,11573,11626,1,0,0,9,0,174;490;259;157;431;602;931;890;678
0,11473,11559,1,0,0,10,0,0;26;274;590;5;259;257;531;99;702
1,11512,11583,1,0,0,7,1,235;551;259;218;492;60;663
1,11709,11788,1,0,0,11,2,38;354;128;21;295;466;795;647;542;401;380
1,11715,11794,1,0,0,11,2,32;348;122;15;289;460;767;647;536;395;374
1,11624,11692,1,0,1,11,3,123;439;213;106;380;551;880;839;627;486;465
1,11699,11944,1,0,1,11,8,48;364;138;31;305;476;805;764;552;411;390
1,11749,11810,1,1,0,9,2,314;88;255;426;734;647;450;361;340
1,11757,12055,1,0,0,9,4,306;80;247;418;713;647;450;353;332
1,11739,11955,1,0,0,10,4,8;324;98;265;436;765;647;512;371;350
1,11746,11828,1,0,0,10,2,1;317;91;258;429;758;647;450;364;343
1,11201,11286,1,1,0,11,1,91;272;176;298;32;546;862;277;636;529;803
1,11156,11450,1,1,1,12,9,10;251;317;221;343;77;583;884;322;681;574;848
0,11141,11209,1,1,0,14,0,12;9;25;266;332;236;358;92;583;884;337;696;589;863
0,11136,11188,1,1,0,14,0,17;14;30;271;337;241;363;97;583;884;342;701;594;868
1,11300,11350,1,0,0,12,3,91;173;77;199;447;763;178;537;430;704;272;875
1,11210,11274,1,0,0,11,1,91;263;167;248;23;537;853;268;627;520;794
0,11209,11281,1,0,0,11,0,91;264;168;248;24;538;854;269;628;521;795
1,11207,11268,1,0,0,11,1,91;266;170;254;26;540;856;271;630;523;797
1,11356,11426,1,0,0,12,4,51;117;21;134;391;707;122;259;374;648;137;819
1,11344,11396,1,1,0,12,2,63;129;33;155;403;719;134;259;386;660;137;831
1,11335,11591,1,0,1,12,6,72;138;42;164;412;728;143;502;395;669;137;840
1,11332,11546,1,0,0,12,5,75;141;45;167;415;731;146;505;398;672;240;843
1,11397,11453,1,0,0,11,2,10;76;102;350;666;81;259;333;607;137;775
1,11382,11434,1,0,0,11,2,25;91;117;365;681;96;259;348;607;137;792
1,11365,11451,1,0,0,12,2,42;108;12;134;382;691;113;259;365;607;137;810
1,11356,11619,1,0,1,12,5,51;117;21;134;391;707;122;259;374;607;137;819
1,8782,8870,1,0,1,12,2,63;97;106;238;131;317;269;393;745;802;795;840
1,8785,8857,1,0,0,12,1,60;97;103;235;128;314;266;390;735;799;792;837
1,8720,8801,1,1,0,13,1,54;125;97;168;43;300;193;360;331;438;746;864;857
1,8759,8816,1,0,0,14,2,15;86;97;129;4;261;154;340;292;416;746;825;818;863
1,8712,8794,1,0,1,12,2,62;133;97;176;51;308;201;387;339;463;746;872
1,8719,8788,1,0,0,12,1,55;126;97;169;44;301;194;380;332;438;746;865
1,8686,8928,1,0,0,11,6,88;159;301;202;77;334;227;413;363;489;746
1,8704,8787,1,0,0,12,1,70;141;97;184;59;316;209;395;347;471;746;880
1,8640,8726,1,0,0,13,4,134;0;16;205;347;41;248;123;380;245;434;411;500
1,8663,8943,1,1,1,12,8,111;182;324;18;225;100;357;245;434;363;500;886
1,8614,8669,1,0,0,13,4,160;26;42;208;373;67;274;149;406;245;460;437;500
1,8628,8686,1,0,0,13,1,146;12;28;208;359;46;260;135;392;245;460;423;500
1,8608,8689,1,0,1,13,2,166;29;48;208;379;73;280;155;412;305;491;443;500
1,8613,8687,1,1,0,13,1,161;27;43;208;374;68;275;150;407;245;486;438;500
1,8570,8855,1,0,1,14,7,204;26;29;86;208;417;111;318;193;448;343;510;475;605
1,8571,8621,1,0,0,14,1,203;25;29;85;208;416;110;317;192;448;342;510;475;500
0,9023,9092,1,0,0,12,0,76;28;152;526;406;444;599;583;613;819;605;580
1,9004,9241,1,0,1,13,8,16;95;47;171;545;406;444;618;583;613;838;606;806
1,8994,9194,1,0,0,12,7,23;105;57;181;555;406;583;628;583;613;848;606
0,8986,9047,1,0,0,13,0,1;23;113;65;189;563;406;591;636;583;613;856;606
1,8982,9064,1,0,0,13,1,5;38;117;66;193;567;406;595;640;583;613;860;606
1,8969,9021,1,0,0,13,2,18;51;130;82;206;580;406;608;653;583;613;873;606
1,8938,8996,1,0,0,13,2,49;82;161;113;237;611;406;639;684;583;613;904;606
1,8931,9135,1,0,0,13,2,56;89;168;120;244;618;406;646;691;701;613;911;606
1,8926,9207,1,1,1,13,10,61;94;173;125;249;623;658;651;696;706;613;916;606
1,8902,9107,1,0,1,14,7,85;118;11;197;144;273;647;682;675;720;730;641;940;726
1,8902,9182,1,0,1,14,9,85;118;11;197;144;273;647;682;675;720;730;641;940;606
1,8879,8929,1,0,0,15,2,97;9;141;34;220;172;296;670;705;698;743;753;641;963;749
1,8836,8907,1,0,0,14,1,9;97;52;184;77;263;215;339;713;748;741;786;796;641
1,8831,9067,1,1,1,14,10,14;97;57;189;82;268;215;344;718;753;746;791;801;822
1,8820,8893,1,1,0,14,3,25;97;68;200;93;279;231;355;729;764;757;802;812;833
1,8792,8847,1,1,0,13,2,53;97;96;228;121;307;259;358;735;792;785;830;840
1,8222,8298,1,1,0,13,3,42;27;10;199;118;552;325;374;418;434;463;765;459
1,8222,8275,1,1,0,13,1,42;27;10;199;118;552;325;374;418;434;457;765;459
1,8239,8324,1,1,0,14,3,25;10;10;182;118;535;308;346;401;417;457;748;442;649
1,8265,8352,1,1,0,13,1,156;118;509;279;331;375;391;457;722;416;623;498;755
1,8161,8381,1,1,1,12,6,103;23;88;97;260;118;613;386;435;479;495;684
1,8214,8439,1,1,1,13,8,50;35;44;207;118;560;333;382;426;442;463;773;467
1,8214,8292,1,1,1,13,3,50;35;12;207;118;560;333;382;426;442;463;773;467
1,8219,8285,1,1,0,13,3,45;30;11;202;118;555;328;377;421;437;463;768;462
1,8080,8299,1,3,0,14,3,184;104;23;57;140;178;341;7;327;647;460;446;560;576
1,8091,8145,1,0,0,13,2,173;93;12;57;140;167;330;123;647;456;446;549;565
1,8149,8350,1,1,0,12,3,115;35;100;109;272;123;625;398;446;491;507;696
1,8161,8399,1,0,0,12,6,103;23;88;97;260;118;613;386;435;479;495;555
1,8049,8128,1,1,0,12,1,215;135;54;57;140;209;372;38;327;647;498;477
1,8052,8113,1,0,1,12,3,212;132;51;57;140;206;369;35;327;647;495;476
1,8054,8271,1,1,0,12,2,210;130;49;57;140;204;367;33;327;647;460;476
1,8054,8131,1,1,0,12,1,210;130;49;57;140;204;367;33;327;647;460;454
1,8557,8629,1,0,0,14,4,217;39;29;99;288;428;124;331;206;448;356;530;494;618
1,8550,8628,1,1,0,14,3,224;46;90;106;295;428;131;338;213;448;363;530;501;625
1,8568,8631,1,0,0,14,1,206;28;29;88;208;419;113;320;195;448;345;530;475;607
1,8565,8638,1,0,0,14,4,209;31;29;91;280;422;116;323;198;448;348;530;475;610
1,8502,8581,1,1,1,13,2,272;45;94;138;154;343;485;179;386;261;518;411;530
1,8423,8484,1,0,0,13,1,351;124;173;217;233;422;506;258;465;340;527;490;530
1,8547,8606,1,0,0,15,3,227;0;49;93;109;298;428;134;341;216;473;366;530;504;628
1,8518,8582,1,1,0,14,2,256;29;78;122;138;327;455;163;370;245;502;395;530;533
1,8350,8418,1,1,0,14,2,71;51;424;197;246;290;301;457;637;331;538;413;527;563
1,8346,8424,1,0,0,14,2,75;68;428;201;250;294;301;457;641;335;542;417;527;567
1,8416,8678,1,1,0,14,8,5;358;131;180;224;240;429;506;265;472;347;527;497;683
1,8403,8486,1,0,0,15,2,18;11;371;144;193;237;253;442;584;278;485;360;527;510;696
1,8279,8350,1,1,0,13,2,142;118;495;268;317;361;377;457;708;402;609;461;527
1,8278,8498,1,0,1,13,4,143;118;496;269;318;362;378;457;709;403;610;461;742
1,8308,8361,1,0,1,14,1,113;106;466;238;288;332;348;457;679;373;580;455;527;605
1,8304,8362,1,0,0,14,2,117;110;470;238;292;336;352;457;683;377;584;459;527;609
1,9703,9765,1,0,0,14,1,139;107;16;13;120;246;262;593;389;602;584;778;449;398
1,9709,9766,1,0,0,14,2,133;101;10;7;114;240;256;593;383;602;578;778;403;392
1,9672,9725,1,1,0,13,2,170;138;44;44;151;277;293;593;420;655;615;778;480
1,9683,9759,1,0,0,13,3,159;127;36;33;140;266;279;593;409;644;604;778;469
1,9751,10048,1,0,1,14,12,64;59;72;198;214;577;341;575;417;748;401;350;601;608
1,9758,9820,1,0,0,14,4,64;52;65;191;207;570;334;569;417;741;394;343;594;339
1,9720,10003,1,1,1,12,10,122;90;103;229;245;593;372;575;567;778;403;381
1,9731,9817,1,0,1,13,4,111;79;92;218;234;593;361;575;417;768;403;370;621
1,9569,9774,1,0,1,17,8,15;8;53;35;84;273;59;241;77;150;120;254;380;396;759;523;758
1,9584,9643,1,0,0,16,2,0;38;35;69;258;44;226;62;135;120;239;365;381;596;508;743
0,9541,9629,1,0,0,16,0,8;43;36;81;35;112;301;63;269;104;178;175;282;408;424;787
1,9554,9615,1,0,0,17,2,30;23;68;35;99;288;63;256;92;165;162;269;395;411;774;538;773
0,9659,9715,1,0,0,12,0,183;151;44;57;164;290;306;593;433;668;628;840
1,9664,9743,1,0,1,12,5,178;146;44;52;159;285;301;593;428;663;623;835
1,9638,9726,1,1,0,13,4,15;204;172;8;81;78;185;311;327;596;454;689;649
1,9645,9718,1,0,0,13,3,8;197;165;1;74;71;178;304;320;593;447;682;642
1,9998,10206,1,0,1,13,8,330;94;329;289;501;154;103;354;339;461;713;792;804
1,9919,10189,1,0,0,13,7,25;46;409;173;408;368;580;233;182;433;339;466;792
1,9904,9967,1,0,0,13,3,45;61;424;188;423;383;589;248;197;448;339;466;807
1,9885,9942,1,1,0,13,4,64;80;443;207;442;402;614;259;216;467;339;466;826
1,10120,10398,1,0,1,12,9,208;207;167;379;32;232;239;339;420;670;509;636
1,10089,10306,1,0,0,13,7,239;3;238;198;410;41;12;263;270;370;420;701;713
1,10077,10144,1,1,0,13,2,251;15;250;210;422;75;24;275;282;382;420;713;725
1,10048,10329,1,0,0,13,9,280;44;279;239;451;104;53;304;311;411;663;742;754
1,9781,9844,1,0,0,14,1,61;29;42;165;184;520;311;546;417;718;371;320;525;339
1,9779,9857,1,0,0,14,4,63;31;44;170;186;520;313;548;417;720;373;322;525;339
1,9771,9832,1,1,0,14,4,64;39;52;178;194;520;321;556;417;728;381;330;581;339
1,9759,9817,1,1,0,14,3,64;51;64;190;206;525;333;568;417;740;393;342;593;339
1,9881,9962,1,0,0,12,1,68;84;447;211;446;406;618;271;220;471;339;466
1,9841,10117,1,1,0,13,6,1;108;124;487;251;486;417;658;311;260;511;339;466
1,9840,10074,1,0,0,13,3,2;109;125;488;252;487;417;659;312;261;512;339;619
1,9807,9874,1,1,0,15,3,35;3;16;142;158;520;285;520;417;692;345;294;525;339;652
1,9194,9254,1,1,1,13,1,355;390;226;428;438;459;648;434;580;409;394;522;629
1,9203,9446,1,0,0,13,8,346;381;226;419;387;450;639;425;580;409;394;513;620
1,9224,9501,1,1,1,13,9,325;360;226;398;387;429;618;391;580;409;394;492;599
1,9230,9299,1,1,0,13,3,319;354;226;392;387;423;612;391;580;409;394;486;487
1,9266,9344,1,0,0,13,5,283;318;226;356;366;387;568;362;544;380;394;450;487
1,9277,9344,1,1,1,13,3,272;307;226;345;355;376;541;351;533;369;394;439;487
1,9296,9367,1,0,0,13,4,253;288;226;326;336;357;541;332;514;350;394;420;487
1,9298,9364,1,1,0,13,4,251;286;226;324;334;355;541;330;451;348;394;418;487
1,9076,9137,1,0,1,13,5,23;99;473;406;444;546;556;577;766;552;580;570;643
1,9097,9159,1,0,0,13,3,2;78;452;406;444;525;535;556;745;531;580;549;622
1,9098,9152,1,0,0,13,3,1;77;451;406;444;480;534;555;744;530;580;548;621
1,9106,9164,1,0,0,12,4,53;443;406;444;480;526;547;736;522;580;540;613
1,9113,9354,1,0,1,12,8,53;436;406;444;480;519;540;717;515;580;533;606
1,9120,9187,1,1,0,12,1,53;429;406;226;480;512;533;717;508;580;526;599
1,9159,9409,1,0,1,12,9,16;390;406;226;463;473;494;683;469;580;487;560
1,9180,9269,1,0,0,12,2,369;404;226;442;452;473;662;448;580;466;394;536
0,9443,9501,1,0,0,15,0,106;141;134;179;46;210;399;185;367;203;276;193;380;501;502
1,9440,9493,1,1,0,15,5,109;144;137;182;46;213;402;188;370;206;279;193;383;509;502
1,9481,9534,1,0,0,15,3,68;103;96;141;46;172;361;147;329;165;238;193;342;468;484
1,9452,9524,1,1,1,15,5,97;132;125;170;46;201;390;176;358;194;267;193;371;497;502
1,9515,9579,1,1,0,16,2,34;69;62;107;46;138;327;113;295;131;204;193;308;434;450;813
1,9487,9548,1,0,1,15,5,62;97;90;135;46;166;355;141;323;146;232;193;336;462;478
1,9537,9594,1,0,1,16,5,12;47;40;85;35;116;305;91;273;104;182;179;286;412;428;791
1,9530,9581,1,0,0,16,3,19;54;47;92;35;123;312;98;280;116;189;186;293;419;435;798
1,9345,9589,1,0,0,14,4,204;239;226;277;46;308;497;283;451;301;371;371;478;604
1,9333,9608,1,0,1,14,7,216;251;226;289;299;320;509;295;451;313;371;383;487;616
1,9358,9411,1,0,0,14,4,191;226;219;264;46;295;484;270;451;278;361;193;465;591
1,9355,9422,1,0,0,14,2,194;229;222;267;46;298;487;273;451;291;364;193;468;594
0,9365,9433,1,1,0,14,0,184;219;212;257;46;279;477;263;445;278;354;193;458;519
1,9359,9435,1,0,1,14,5,190;225;218;263;46;279;483;269;451;278;360;193;464;590
1,9424,9499,1,0,0,15,5,125;160;153;198;46;229;418;204;386;222;295;193;399;519;541
1,9378,9436,1,0,1,14,4,171;206;199;244;46;275;464;250;432;268;341;193;445;519
1,6422,6672,1,0,0,10,5,202;173;72;113;166;630;111;385;568;694
1,6383,6444,1,0,0,12,2,21;241;212;111;152;205;13;669;118;385;607;733
1,6382,6451,1,0,0,12,2,22;242;213;112;153;206;14;670;149;385;608;734
1,6366,6603,1,0,1,11,3,38;258;229;128;169;222;30;686;167;385;624
1,6361,6446,1,0,0,12,3,3;43;263;234;133;174;227;35;691;172;385;629
1,6297,6348,1,0,1,14,4,67;107;52;32;327;298;197;238;291;99;737;236;385;693
1,6283,6367,1,1,0,13,4,81;121;66;46;341;312;211;252;305;113;769;250;385
0,6261,6338,1,0,0,13,0,103;143;88;68;363;334;222;274;327;135;791;272;385
1,6570,6620,1,0,0,8,1,54;25;18;482;293;263;497;536
1,6564,6646,1,1,2,8,3,60;31;24;488;299;263;497;609
1,6536,6741,1,1,0,8,3,88;32;44;516;327;272;497;637
1,6529,6582,1,0,1,10,1,95;32;6;59;523;4;334;272;497;644
1,6527,6770,1,0,0,10,4,97;32;8;61;525;6;336;421;497;646
1,6489,6565,1,0,0,11,1,135;106;5;46;99;563;44;374;421;497;684
1,6483,6763,1,0,0,11,3,141;112;11;52;105;569;50;380;507;497;690
1,6461,6524,1,0,0,10,2,163;134;33;74;127;591;72;385;529;497
1,6714,6786,1,0,0,6,2,270;149;263;402;459;694
0,6757,6819,1,0,0,6,0,270;106;233;359;416;629
0,6692,6753,1,0,0,6,0,270;171;263;424;481;716
1,6692,6747,1,0,0,6,2,270;171;263;424;481;716
1,6643,6711,1,0,0,6,2,400;220;263;473;530;765
1,6645,6850,1,0,1,6,3,400;218;263;467;528;763
1,6578,6642,1,1,0,8,1,46;17;10;474;271;263;497;536
1,6628,6716,1,0,0,6,1,424;235;263;488;536;780
1,6887,6967,1,0,0,7,2,165;23;229;272;521;558;818
0,6896,6955,1,0,0,7,0,156;23;220;255;512;558;809
0,6853,6911,1,0,0,7,0,199;10;23;250;320;555;558
1,6875,6927,1,0,0,6,2,177;23;241;298;533;558
1,6809,7046,1,0,0,7,2,243;54;181;298;364;599;558
1,6812,6881,1,0,0,7,2,240;51;23;298;361;596;558
1,6792,7033,1,0,1,7,4,260;71;198;324;381;616;804
1,6804,7045,1,1,0,7,3,248;59;186;298;369;604;792
1,5791,5842,1,1,0,19,2,4;60;30;66;187;567;385;118;498;558;538;371;376;833;459;130;804;703;744
1,5790,5864,1,0,1,19,7,5;61;31;67;188;567;386;119;498;559;539;371;377;834;460;180;805;704;745
1,5799,6061,1,1,1,18,10,52;22;58;179;565;377;110;498;550;530;369;344;825;451;130;796;695;736
1,5793,5877,1,1,0,19,7,2;58;28;64;185;567;383;116;498;556;536;371;344;831;457;130;802;701;742
1,5739,6007,1,1,0,19,7,8;56;112;82;118;239;567;437;170;498;610;590;491;428;859;511;231;856;713
0,5731,5818,1,1,0,19,0,16;64;120;90;126;247;567;445;178;498;618;598;499;436;859;519;239;864;713
1,5754,5816,1,1,0,18,3,41;97;67;103;224;567;422;155;498;595;575;371;401;859;496;216;841;713
1,5750,5816,1,0,0,18,1,45;101;71;107;228;567;426;159;498;599;579;371;417;859;500;220;845;713
1,5849,6065,1,1,1,17,5,2;8;129;515;327;60;498;500;480;360;318;761;353;101;650;440;686
1,5847,5901,1,0,0,17,5,4;10;131;517;329;62;498;502;482;360;320;761;353;123;650;440;688
1,5924,6185,1,0,1,16,8,54;440;252;480;425;405;306;243;593;326;46;650;440;611;664;472
1,5886,5941,1,1,0,17,5,92;478;290;23;498;463;443;344;281;646;353;84;650;440;649;702;510
1,5815,6099,1,0,0,18,10,36;6;42;163;549;361;94;498;534;514;369;344;809;353;130;650;679;720
1,5800,6005,1,1,0,18,6,51;21;57;178;564;376;109;498;549;529;369;344;824;450;130;650;694;735
1,5846,5914,1,1,0,17,6,5;11;132;518;330;63;498;503;483;360;321;778;353;124;650;440;689
1,5841,5910,1,1,0,17,6,10;16;137;523;335;68;498;508;488;369;326;783;353;129;650;440;694
1,6062,6127,1,0,0,16,2,302;114;342;287;267;168;105;562;188;533;432;473;412;334;990;471
1,6100,6175,1,1,1,16,2,264;76;304;249;229;130;67;524;150;495;394;435;412;296;952;433
1,6127,6185,1,0,0,16,5,237;49;277;222;202;103;40;497;123;455;367;408;412;269;925;406
1,6148,6204,1,1,0,16,3,216;28;256;201;181;82;19;476;102;447;342;387;412;248;904;385
1,5928,5988,1,0,0,16,2,50;436;248;476;421;401;302;239;593;322;42;650;440;607;412;468
1,5960,6023,1,0,1,17,3,18;404;216;444;389;369;270;207;593;290;10;635;440;575;412;436;1092
1,6001,6252,1,0,1,15,11,363;175;403;348;328;229;166;593;249;594;440;534;412;395;1030
1,6029,6103,1,0,1,16,3,335;147;375;320;300;201;138;593;221;566;440;506;412;367;1023;504
1,6202,6256,1,1,0,15,3,162;202;147;127;28;422;48;393;292;333;386;194;850;331;648
1,6218,6499,1,1,1,15,10,146;186;131;111;12;399;32;377;276;317;370;178;834;315;645
1,6240,6327,1,0,1,14,5,124;164;109;89;384;10;355;254;295;348;156;812;293;385
1,6258,6311,1,0,0,13,2,106;146;91;71;366;337;236;277;330;138;794;275;385
1,6167,6244,1,0,0,17,3,197;9;235;182;162;63;0;457;83;428;327;368;412;229;885;366;696
1,6171,6260,1,0,0,16,3,193;5;233;178;158;59;453;79;424;323;364;412;225;881;362;692
1,6174,6253,1,0,0,16,6,190;2;211;175;155;56;450;76;421;320;361;412;222;878;359;689
1,6175,6238,1,0,0,16,4,189;1;211;174;154;55;449;75;420;319;360;412;221;877;358;648
1,7603,7676,1,0,0,13,2,102;88;661;210;569;172;291;348;347;500;483;583;655
1,7593,7676,1,1,0,14,2,3;109;98;671;210;582;182;301;358;357;510;483;583;665
1,7589,7668,1,0,0,13,1,7;116;102;675;210;582;186;305;362;361;514;483;583
1,7584,7655,1,0,0,13,2,12;121;107;680;210;598;191;310;367;366;519;483;583
1,7657,7913,1,0,1,15,9,48;34;607;210;519;118;237;294;293;446;483;583;601;764;430
1,7642,7724,1,0,0,15,2,63;49;622;210;529;133;252;309;308;461;483;583;616;779;445
1,7622,7707,1,0,0,14,2,83;69;642;210;548;153;272;329;328;481;483;583;636;799
1,7615,7690,1,1,0,14,2,90;76;649;210;548;160;279;336;335;488;483;583;643;806
1,7704,7760,1,0,0,14,2,1;387;210;480;71;190;247;246;399;444;545;554;717;383
1,7683,7750,1,1,0,15,2,22;8;387;210;490;92;211;268;267;420;465;566;575;738;404
1,7667,7875,1,0,1,15,11,38;24;404;210;490;108;227;284;283;436;481;582;591;754;420
1,7664,7732,1,0,0,15,2,41;27;404;210;519;111;230;287;286;439;483;583;594;757;423
1,7739,7824,1,0,0,13,1,387;188;445;36;155;212;211;364;409;510;519;568;270
1,7736,7821,1,1,0,13,3,387;191;448;39;158;215;214;367;412;513;522;568;351
1,7714,7782,1,0,0,13,2,387;210;470;61;180;237;236;389;434;535;527;568;373
1,7712,7937,1,1,1,13,9,387;210;472;63;182;239;238;391;436;537;527;709;375
0,7829,7916,1,0,0,14,0,387;98;355;65;122;121;274;319;420;429;568;258;585;945
1,7832,7913,1,0,0,14,1,387;95;352;62;119;118;271;316;417;426;568;255;582;942
0,7745,7807,1,1,0,14,0,387;182;439;30;139;206;205;358;403;504;513;568;270;669
1,7758,7834,1,1,0,15,1,387;169;426;17;136;193;192;345;390;491;500;568;270;656;1016
1,7856,8130,1,1,1,14,7,387;41;328;38;95;94;247;292;393;402;549;196;558;918
1,7877,8158,1,0,1,14,7,387;41;307;17;74;73;226;271;372;381;544;196;537;666
1,7835,7920,1,1,0,14,2,387;41;349;59;116;115;268;313;414;423;568;252;579;939
1,7850,7919,1,0,0,14,3,387;41;334;44;101;100;253;298;399;408;549;237;564;924
1,7921,7979,1,1,0,14,2,343;6;263;30;29;182;57;328;337;500;166;327;647;626
1,7922,8143,1,0,1,14,5,342;5;262;29;28;181;57;327;336;499;165;327;647;620
1,7888,8089,1,0,1,14,6,376;39;296;6;63;62;215;260;361;370;533;196;327;666
1,7904,8152,1,0,0,13,5,360;23;280;47;46;199;244;345;354;517;183;327;647
0,8006,8084,1,0,0,12,0,258;178;97;57;140;252;415;81;327;647;541;477
1,8020,8088,1,1,0,12,2,244;164;83;57;140;238;401;67;327;647;527;477
0,7983,8052,1,0,0,11,0,281;201;120;57;140;275;438;104;327;647;564
1,8004,8284,1,0,0,12,4,260;180;99;57;140;254;417;83;327;647;543;592
1,6941,7209,1,0,1,7,4,111;23;175;222;467;558;764
1,6899,6967,1,0,1,7,2,153;23;217;255;509;558;806
0,6980,7034,1,0,0,7,0,66;10;136;193;428;558;506
1,6944,6997,1,0,0,7,1,108;23;172;222;464;558;506
1,6987,7192,1,0,1,7,2,65;3;129;183;421;558;506
1,6984,7059,1,0,1,7,2,66;6;132;189;424;558;506
0,7062,7142,1,0,0,5,0,54;95;346;444;506
1,7056,7120,1,1,0,5,2,60;117;352;444;506
0,7095,7159,1,1,0,5,0,21;78;313;444;506
0,7073,7160,1,0,0,5,0,43;95;335;444;506
1,7146,7346,1,1,0,6,2,27;247;444;506;545;1118
1,7132,7355,1,0,0,4,1,41;276;444;506
0,7210,7274,1,0,0,5,0,198;386;495;481;929
0,7210,7283,1,1,0,5,0,198;386;495;481;929
0,7228,7296,1,1,0,7,0,180;357;477;463;929;699;956
1,7214,7287,1,0,0,5,1,194;382;491;477;929
0,7239,7303,1,1,0,7,0,169;357;466;452;929;688;945
0,7261,7312,1,0,0,9,0,147;335;444;430;929;666;923;514;633
1,7283,7573,1,0,1,9,8,125;313;422;408;929;644;901;492;611
1,7345,7405,1,1,0,9,3,63;251;360;346;919;582;625;430;549
1,7353,7429,1,0,0,9,1,55;243;352;338;911;554;625;422;541
1,7357,7416,1,0,0,10,1,22;239;348;334;907;554;625;418;537;594
1,7365,7449,1,0,0,10,1,20;231;340;326;899;554;625;410;529;586
1,7367,7447,1,1,0,10,1,20;229;338;324;897;554;625;408;456;584
0,7387,7439,1,1,0,10,0,20;209;318;304;877;540;625;388;456;564
1,7437,7490,1,0,0,11,1,159;268;254;827;490;625;338;456;514;513;666
1,7479,7746,1,0,1,12,8,117;226;212;785;448;625;296;415;472;471;624;669
1,7508,7741,1,1,0,13,4,88;197;183;756;210;625;267;386;443;442;595;640;741
0,7534,7603,1,0,0,13,0,62;171;157;730;210;625;241;360;417;416;569;614;583
1,7540,7628,1,0,1,13,2,56;165;151;724;210;625;235;354;411;410;563;608;583
0,7561,7635,1,0,0,13,0,35;144;130;703;210;598;214;333;390;389;542;587;583
1,7583,7865,1,0,1,13,9,13;122;108;681;210;598;192;311;368;367;520;565;583
1,14222,14300,1,1,0,16,3,17;191;17;182;97;274;322;289;563;423;431;621;763;675;759;1034
0,14217,14273,1,1,0,16,0,17;191;22;187;102;279;324;294;563;428;431;626;768;680;764;1039
1,14230,14304,1,0,0,16,3,9;191;9;174;89;266;302;281;563;415;431;613;755;667;751;825
1,14226,14478,1,0,1,16,11,13;191;13;178;93;270;302;285;563;419;431;617;759;671;755;1030
1,14272,14332,1,1,0,15,2,191;132;47;224;272;239;560;373;419;571;713;625;709;825;490
0,14261,14323,1,0,0,15,0,191;143;58;235;283;250;563;384;430;582;724;636;720;825;501
1,14284,14525,1,0,1,16,10,191;120;35;212;257;227;548;361;407;559;701;613;697;825;478;588
1,14279,14335,1,0,0,15,2,191;125;40;217;265;232;553;366;412;564;706;618;702;825;483
1,14392,14464,1,0,0,16,5,88;12;104;152;119;440;253;299;451;593;505;589;825;370;480;585
1,14347,14421,1,0,1,16,3,133;57;149;197;164;485;298;344;496;638;550;634;825;415;525;630
1,14430,14501,1,1,0,16,3,50;66;114;81;211;215;261;413;555;467;551;825;332;442;517;851
1,14402,14622,1,1,1,16,8,78;2;94;142;109;430;243;289;441;583;495;579;825;360;470;517
0,14434,14500,1,0,0,16,0,46;62;110;77;211;211;257;409;551;463;547;822;328;438;517;785
0,14434,14516,1,0,0,16,0,46;62;110;77;211;211;257;409;551;463;547;822;328;438;517;785
1,14469,14545,1,1,0,16,3,11;27;75;42;211;176;222;374;516;428;512;787;293;403;339;785
1,14438,14658,1,0,1,16,9,42;58;106;73;211;207;253;405;547;459;543;818;324;434;517;785
1,14518,14788,1,0,1,14,6,26;211;127;173;325;467;379;463;738;244;354;339;763;897
0,14561,14624,1,1,0,14,0,211;84;130;282;424;336;420;552;201;311;339;720;854;645
1,14567,14783,1,0,1,14,6,211;78;124;276;418;330;414;552;195;305;339;714;848;639
1,14572,14643,1,1,0,14,2,211;73;119;271;413;325;409;552;190;300;339;709;843;501
1,14573,14631,1,0,0,14,1,211;72;118;270;365;324;408;552;189;299;339;708;842;501
1,14583,14645,1,0,0,14,2,211;51;108;260;365;314;398;552;179;289;339;698;832;501
1,14619,14823,1,1,0,14,2,211;26;72;224;348;278;362;552;143;253;339;662;796;501
0,14629,14689,1,0,0,14,0,203;16;62;214;280;268;352;552;133;243;339;652;786;501
0,14630,14690,1,1,0,14,0,202;15;61;213;280;267;351;552;132;242;339;651;785;501
1,14636,14709,1,1,0,14,3,196;9;55;207;280;261;345;552;126;236;339;645;779;501
1,14642,14697,1,0,0,14,2,190;3;49;201;280;255;339;552;120;230;335;623;773;501
1,14681,14760,1,0,0,14,4,151;10;162;264;216;300;552;81;191;296;600;734;501;590
1,14686,14952,1,0,1,14,9,146;5;157;264;211;295;552;76;186;291;595;663;501;585
1,14686,14739,1,1,0,14,3,146;5;157;264;211;295;552;76;186;291;595;623;501;585
1,14706,14774,1,0,0,13,3,126;137;264;191;275;550;56;166;271;575;623;500;565
1,14714,14925,1,0,1,13,5,118;129;264;183;267;542;48;158;263;567;623;473;557
1,14793,14860,1,0,0,12,3,39;50;192;104;188;463;79;184;488;622;413;381
1,14778,14864,1,0,0,12,2,54;65;207;119;203;478;94;199;495;623;428;381
1,14755,14837,1,0,0,13,3,77;88;230;142;226;501;7;117;222;495;623;451;381
1,14754,14824,1,1,0,13,3,78;89;231;143;227;502;8;118;223;527;623;452;381
1,14803,14891,1,1,0,12,5,29;40;182;94;178;453;69;174;478;547;403;381
1,14800,14888,1,0,0,12,3,32;43;185;97;181;456;72;175;481;566;406;381
1,14796,15030,1,1,0,12,5,36;47;189;101;185;460;76;175;485;591;410;381
1,14795,14862,1,0,1,12,3,37;48;190;102;186;461;77;182;486;591;411;381
1,14881,14967,1,0,1,12,4,104;16;100;375;96;400;326;325;381;829;391;707
1,14853,14931,1,1,1,11,3,132;44;128;403;19;124;428;326;353;381;870
1,14848,14934,1,0,0,11,3,137;49;133;408;24;129;433;326;358;381;890
1,14847,15138,1,1,0,10,5,138;50;134;409;25;130;434;545;359;381
1,14956,15044,1,1,0,13,1,29;25;300;21;325;326;250;315;782;264;395;585;854
1,14944,15030,1,0,0,12,1,41;37;312;33;337;326;262;327;794;328;395;597
1,14914,15202,1,1,1,12,8,71;67;342;51;367;326;292;357;824;358;674;627
1,14909,14990,1,0,0,12,1,76;72;347;68;372;326;297;362;826;363;679;632
0,15003,15078,1,0,0,10,0,253;278;323;203;268;735;264;395;538;643
0,15031,15114,1,0,0,10,0,225;250;323;175;240;707;241;395;510;643
0,14964,15047,1,1,0,13,0,21;17;292;13;317;323;242;307;774;264;395;577;846
1,14994,15195,1,0,1,10,4,262;287;323;212;277;744;264;395;547;816
1,15060,15139,1,0,1,10,5,195;221;323;146;211;678;212;395;481;643
1,15061,15126,1,1,0,10,4,195;220;323;145;210;643;211;395;480;643
1,15032,15085,1,0,0,10,2,224;249;323;174;239;706;240;395;509;643
0,15038,15098,1,0,0,10,0,195;243;323;168;233;700;234;395;503;643
1,15077,15154,1,1,0,10,5,179;204;323;129;194;622;195;395;464;643
1,15093,15380,1,1,1,10,6,163;188;322;113;178;622;179;395;448;643
1,15068,15143,1,1,0,10,5,188;213;323;138;203;628;204;395;473;643
0,15075,15161,1,1,0,10,0,181;206;323;131;196;622;197;395;466;643
0,15114,15317,1,0,0,10,0,142;167;301;92;157;622;158;395;427;535
1,15159,15229,1,0,0,11,3,97;122;256;47;112;579;113;395;382;535;929
1,15104,15167,1,1,0,10,2,152;177;311;102;167;622;168;395;437;535
0,15114,15189,1,0,0,10,0,142;167;301;92;157;622;158;395;427;535
1,15222,15273,1,0,0,11,2,34;59;193;33;516;50;366;286;535;834;449
1,15213,15264,1,0,0,11,2,43;68;202;58;525;59;375;286;535;834;449
1,15256,15320,1,0,0,11,3,0;25;159;15;482;16;332;285;535;794;449
1,15237,15295,1,1,0,11,1,19;44;162;33;501;35;351;286;535;834;449
1,15196,15417,1,0,0,12,4,60;85;219;10;75;529;74;392;345;535;892;631
1,15175,15237,1,0,0,11,3,81;106;240;31;96;529;97;395;366;535;913
1,15203,15427,1,0,0,12,3,53;78;212;3;68;529;69;385;286;535;885;449
1,15198,15259,1,0,1,12,3,58;83;217;8;73;529;74;390;343;535;890;449
1,15345,15566,1,0,1,8,4,70;393;241;196;465;743;447;945
1,15330,15410,1,1,0,8,1,85;408;258;211;480;758;447;960
1,15375,15626,1,0,1,9,6,40;363;213;166;435;713;447;800;761
1,15347,15400,1,0,0,8,1,68;391;241;194;463;741;447;800
1,15284,15352,1,0,0,7,3,131;454;304;250;526;794;449
1,15260,15330,1,1,0,10,1,21;155;11;478;12;328;250;535;794;449
1,15305,15392,1,0,0,7,1,110;433;283;236;505;783;447
0,15296,15354,1,0,0,7,0,119;442;292;245;514;792;447
1,15444,15502,1,0,0,9,3,294;144;97;366;644;383;800;585;936
1,15480,15554,1,0,1,11,3,258;108;61;330;608;347;800;585;900;798;761
1,15528,15605,1,0,0,11,3,210;60;13;282;560;299;762;585;852;750;713
1,15614,15694,1,0,0,9,2,124;196;474;213;676;522;766;664;627
1,15389,15652,1,1,0,9,6,26;349;199;152;421;699;438;800;650
0,15412,15481,1,0,0,10,0,3;326;176;129;398;676;415;800;644;968
1,15413,15487,1,1,0,10,2,2;325;175;128;397;675;414;800;644;967
1,15413,15491,1,0,0,10,1,2;325;175;128;397;675;414;800;585;967
0,15670,15753,1,0,0,10,0,68;140;418;148;430;438;710;608;571;533
1,15671,15943,1,0,0,10,7,67;139;417;148;430;438;709;607;570;532
1,15683,15886,1,0,1,10,5,55;127;405;144;430;438;697;345;558;520
1,15720,15784,1,0,0,11,2,18;90;368;107;430;416;660;345;423;483;619
1,15641,15936,1,0,1,10,8,97;169;447;186;649;495;739;637;600;562
1,15643,15710,1,0,0,10,2,95;167;445;184;430;493;737;635;598;560
1,15652,15711,1,0,0,10,2,86;158;436;148;430;484;728;626;589;551
1,15668,15750,1,0,0,10,2,70;142;420;148;430;468;712;610;573;535
1,15794,15871,1,1,0,10,2,16;294;26;430;342;586;345;423;409;422
0,15794,15861,1,1,0,10,0,16;294;8;430;342;586;345;423;409;422
1,15792,15845,1,0,0,10,2,18;296;35;430;344;588;345;423;411;422
1,15761,16025,1,0,0,10,5,49;315;66;430;375;619;345;423;442;578
1,15761,15834,1,1,0,10,1,49;315;66;430;375;619;345;423;442;422
0,15733,15794,1,1,0,11,0,5;77;315;85;430;403;647;345;423;470;606
1,15725,15800,1,0,0,11,1,13;85;363;85;430;411;655;345;423;478;614
1,15725,15790,1,1,0,11,1,13;85;341;85;430;411;655;345;423;478;614
1,15828,15909,1,0,0,9,1,260;430;308;552;345;413;375;422;770
1,15795,15860,1,0,0,10,1,15;293;8;430;341;585;345;423;408;422
276
12847,13705,168.62,11
12871,13531,248.98,10
12879,13493,179.25,9
13075,13873,212.62,11
12519,13183,158.33,10
12624,13699,340.18,10
12755,13558,256.01,11
12805,13531,247.50,9
12194,12679,69.46,10
12205,12619,108.99,8
12257,13157,64.07,9
12258,12983,116.74,9
12063,12873,263.05,10
12093,12879,47.50,9
12093,13020,273.70,8
12143,12570,312.10,8
11941,12748,301.34,8
11793,12424,195.60,10
12041,13313,135.48,10
11976,12840,381.22,10
11555,12251,156.99,10
11522,12463,445.80,11
11615,12089,0.00,11
11589,12110,292.66,8
11227,11572,103.44,8
11071,12004,131.87,11
11513,12504,336.24,9
11244,12175,124.53,9
10946,11478,31.19,11
10881,12063,126.43,10
11019,11730,0.00,10
11010,11837,243.43,10
10767,11233,0.00,10
10793,11747,103.44,8
10724,11377,172.65,8
10765,11499,210.60,9
10561,11029,61.16,11
10709,11473,0.00,8
10331,11166,136.77,10
10467,11407,286.95,8
10257,11150,135.44,9
10328,10976,170.07,11
10212,10698,79.46,10
10221,10700,140.11,9
10201,10744,40.46,10
10210,10983,208.66,9
10175,10955,20.66,8
10194,11153,365.74,11
10091,10756,63.62,10
9928,10790,296.09,10
9928,10802,321.81,8
9885,10711,244.43,10
9794,10459,158.19,10
9736,10359,339.88,8
9728,10352,56.74,10
9701,10101,0.00,8
9665,10152,102.71,9
9647,10499,82.77,8
9633,10287,150.31,11
9554,10327,90.47,10
9552,10092,0.00,8
9495,10328,322.79,8
9409,9965,53.24,8
9329,9949,108.30,10
8806,9653,259.79,10
8854,9842,138.78,11
8875,9628,235.28,9
8998,9810,290.56,8
9050,9646,102.76,9
9060,9719,245.24,9
9170,9716,232.62,8
9188,9823,112.24,10
8376,9099,253.38,10
8508,9051,156.91,9
8540,9175,249.91,9
8645,9549,155.62,8
8691,9584,252.02,11
8720,9577,357.86,11
8754,9622,45.70,10
8790,9632,434.19,11
8104,8845,299.27,10
8069,8656,47.33,10
8189,8681,21.80,9
8163,8987,341.29,10
8242,8763,37.75,8
8239,8888,0.00,10
8302,8913,60.18,11
8251,9020,256.80,8
7605,8421,160.73,9
7590,8258,71.26,10
7740,8414,444.39,10
7631,8087,123.24,11
7917,8547,102.23,11
7756,8774,283.06,9
8059,8640,61.10,9
7995,8596,212.35,9
7257,7894,109.75,11
7357,7951,0.00,10
7227,8184,435.90,10
7245,7775,0.00,11
7476,8148,269.77,11
7481,8249,345.84,11
7391,7950,0.00,9
7429,8103,0.00,8
6596,7408,130.23,10
6777,7596,374.02,8
6372,7116,299.46,10
6469,7173,179.22,10
7145,8264,410.21,8
7223,7927,339.80,9
6882,7705,272.18,11
7133,7691,0.00,8
5856,6396,0.00,8
5855,6588,267.74,10
5789,6535,0.00,9
5715,6494,358.31,9
6296,6990,403.37,9
6150,6863,324.10,8
6017,6533,100.74,9
5947,7052,313.28,10
5557,6167,179.82,10
5543,6230,195.66,9
5501,6329,0.00,10
5500,6349,116.60,10
5702,6595,276.10,11
5673,5970,72.27,11
5660,6250,118.41,10
5604,6624,390.12,9
15691,16339,156.62,10
15615,16203,0.00,8
15835,16552,0.00,11
15815,16598,0.00,8
14421,15281,128.82,11
14481,15415,441.89,10
14548,15206,166.08,11
14651,15271,214.69,10
14848,15738,172.29,8
14872,15272,88.19,10
14876,15588,378.05,10
14899,15541,93.09,9
14953,15810,281.17,8
15142,16088,142.31,10
15177,15827,303.38,9
15317,16290,364.29,11
15353,16136,240.08,8
15391,16380,72.41,10
15457,16278,262.82,10
15465,16241,135.69,10
13812,14511,0.00,9
13767,14544,328.56,11
13722,14496,231.23,9
13682,14319,0.00,8
14078,14691,49.42,8
14059,14645,64.40,8
14032,14832,472.55,9
13889,14169,0.00,8
14203,14981,0.00,8
14187,14897,0.00,9
14124,14985,149.18,10
14107,14843,0.00,8
14321,14977,271.17,9
14282,14872,26.99,8
14247,14762,0.00,11
14204,15256,438.27,9
13095,13858,26.92,8
13123,13839,203.36,9
13081,13637,0.00,10
13083,13915,40.72,8
13248,13925,83.40,9
13323,13964,66.67,10
13159,13754,235.26,8
13214,13997,251.75,9
13386,14030,350.08,11
13464,14239,152.84,11
13369,14210,93.13,9
13384,14052,154.70,10
13637,14239,62.24,8
13666,14404,48.47,8
13492,14043,69.75,8
13586,14480,252.88,9
3902,4339,0.00,10
3913,4666,169.28,9
3799,4608,365.37,8
3876,4516,121.68,11
3643,4145,0.00,8
3777,4491,289.33,8
3624,4432,223.36,9
3625,4072,97.99,10
4652,5037,23.24,11
4771,5350,45.70,11
4615,5294,229.16,9
4624,5217,0.00,9
4166,4899,301.69,9
4349,4878,49.73,9
4031,4658,68.06,8
4091,5082,631.08,10
5133,5560,38.17,11
5103,5628,67.46,9
4955,5711,149.83,10
4939,5795,201.88,11
4882,5604,210.43,11
4858,5491,206.42,8
4839,5347,51.61,8
4832,5747,532.36,8
5493,6404,336.27,10
5486,5909,0.00,10
5458,6176,0.00,9
5453,6364,267.90,11
5325,5978,215.63,10
5231,5857,62.80,9
5171,5821,172.25,9
5147,5851,0.00,8
1802,2691,279.83,8
1804,2653,194.39,9
1815,2543,162.02,10
1845,2605,191.44,10
1703,2717,0.00,8
1718,2351,42.08,8
1735,2780,254.45,9
1791,2811,175.32,9
2112,2898,179.99,9
2155,2942,0.00,11
2287,3028,293.05,8
2361,2944,0.00,8
1921,3048,656.06,10
1957,2555,0.00,8
1963,2441,0.00,11
2046,2824,89.22,11
2781,3454,275.94,10
2569,3150,156.41,10
2914,3515,316.64,8
2811,3286,128.55,10
2527,3416,310.22,10
2516,2894,112.82,9
2545,3394,229.48,11
2533,3465,97.02,9
3418,4144,393.04,9
3325,4127,206.52,10
3584,4378,396.82,8
3522,4186,157.25,10
3048,3613,349.84,10
3037,3514,96.09,10
3143,4049,376.20,9
3086,3650,194.17,8
0,363,0.00,5
0,522,79.11,5
0,587,0.00,7
0,601,78.43,6
0,311,54.70,4
0,590,194.42,8
0,460,0.00,5
0,468,309.63,9
247,1003,108.86,11
254,1154,287.67,11
161,980,138.44,8
228,724,309.04,10
481,1047,443.93,9
489,1237,540.68,8
413,925,8.27,10
429,1180,417.04,8
945,1595,409.04,9
865,1573,405.86,11
604,1160,328.09,9
493,1272,275.07,10
1248,1822,0.00,9
1246,2154,108.71,11
1200,1865,208.66,11
1018,1809,301.66,10
1400,1869,68.30,11
1395,2209,226.79,11
1350,1927,0.00,8
1253,2331,372.57,11
1701,2726,155.49,10
1697,2442,96.66,9
1616,2511,170.15,9
1597,2210,78.96,9
