1002
1,12832,13053,1,1,100,13,6,75;133;367;392;207;405;548;211;845;362;384;358;614
1,12820,13047,1,0,91,13,6,87;145;379;404;219;405;548;223;845;374;396;370;736
0,12780,12848,1,1,0,11,0,127;185;419;444;259;405;548;263;845;414;436
1,12751,13034,1,1,97,12,7,12;156;214;448;468;288;513;548;292;845;443;465
1,12744,12819,1,1,108,12,2,19;163;221;455;468;295;520;552;299;845;450;472
1,12738,12789,1,0,123,12,2,25;169;227;461;486;301;526;552;305;845;456;478
1,12728,13022,1,0,128,12,10,35;179;237;471;496;311;536;552;315;1061;466;488
1,12708,12978,1,0,119,12,9,55;199;16;257;491;498;331;556;553;335;1081;486
1,12918,13003,1,0,93,12,3,47;281;279;91;123;462;125;715;155;298;272;614
1,12917,12980,1,0,93,12,2,48;282;307;122;123;463;126;715;155;299;273;614
1,12917,12998,1,1,101,12,2,48;282;307;91;123;463;126;715;155;299;273;614
0,12905,12977,1,1,0,13,0,2;60;294;319;134;123;475;138;715;155;311;285;614
0,12897,12976,1,0,0,13,0,10;68;302;327;142;123;483;146;715;155;319;293;614
1,12858,12918,1,1,81,13,2,49;107;341;366;181;123;522;185;715;155;358;332;614
1,12856,13147,1,0,90,13,9,51;109;343;368;183;405;524;187;715;155;360;334;614
1,12840,13127,1,0,117,13,9,67;125;359;384;199;405;540;203;845;155;376;350;614
1,13032,13092,1,1,87,12,2,167;192;7;123;348;11;715;155;184;46;524;679
1,13034,13243,1,1,105,12,7,165;190;5;123;346;9;715;145;182;46;522;679
1,12982,13035,1,0,85,12,2,217;234;51;123;398;61;715;155;234;46;574;764
1,13004,13241,1,0,103,12,7,195;220;35;123;376;39;715;155;212;46;552;742
1,12947,13000,1,0,66,12,1,18;252;234;51;123;433;96;715;155;269;46;609
0,12963,13033,1,1,0,13,0,2;221;234;51;123;417;80;715;155;253;46;593;783
1,12921,12993,1,0,69,12,3,44;278;279;51;123;459;122;715;155;295;269;614
1,12927,13195,1,1,72,12,6,38;272;234;51;123;453;116;715;155;289;263;614
1,13165,13217,1,0,65,11,1,34;59;99;215;583;29;51;25;144;581;655
0,13167,13232,1,0,0,11,0,32;57;97;213;583;27;49;23;144;579;628
1,13123,13198,1,0,58,11,4,76;101;123;235;583;71;93;46;433;623;697
1,13149,13418,1,0,72,11,5,50;75;99;231;583;45;67;41;407;597;671
1,13068,13157,1,0,74,10,1,131;156;123;312;583;126;148;46;488;661
1,13122,13183,1,0,56,11,2,77;102;123;258;583;72;94;46;434;624;698
1,13049,13296,1,0,82,10,7,150;175;123;331;715;145;167;46;507;661
0,13059,13147,1,1,0,10,0,140;165;123;321;583;135;157;46;497;661
1,12356,12438,1,0,54,8,3,142;85;370;177;515;331;609;843
1,12350,12423,1,0,41,8,1,148;85;409;183;515;331;615;849
1,12387,12438,1,0,38,8,1,111;72;370;146;515;311;578;565
1,12369,12652,1,1,46,8,5,129;85;370;164;515;311;596;830
1,12307,12380,1,1,64,8,2,36;191;85;456;200;530;363;658
1,12303,12353,1,1,75,8,1,40;195;85;460;230;530;363;662
1,12319,12394,1,1,65,9,3,24;179;85;444;200;515;363;646;880
1,12319,12371,1,1,53,9,1,24;179;85;444;200;515;331;646;880
1,12490,12554,1,0,84,9,1,8;273;43;417;234;377;565;552;549
1,12470,12755,1,0,75,9,4,8;293;63;437;254;377;565;754;569
1,12521,12592,1,0,82,8,1,242;12;386;203;377;565;552;518
1,12491,12575,1,1,98,9,1,7;272;42;392;233;377;565;552;548
1,12412,12707,1,0,61,8,5,86;47;351;116;495;311;553;565
1,12400,12457,1,0,62,8,1,98;59;363;133;507;311;565;565
1,12458,12541,1,0,92,10,2,40;1;305;75;449;266;377;565;766;581
1,12413,12472,1,0,62,8,2,85;46;350;116;494;311;377;565
1,12591,12680,1,0,67,8,2,162;316;133;374;565;528;448;673
1,12596,12674,1,0,67,8,1,162;292;128;369;565;528;443;668
1,12604,12666,1,0,70,9,1,159;292;120;352;565;528;435;660;776
1,12632,12850,1,0,75,9,5,131;275;92;333;565;528;407;632;748
1,12530,12595,1,0,70,8,1,201;3;377;194;377;565;552;509
0,12535,12587,1,1,0,8,0,185;372;189;377;565;552;504;729
1,12548,12603,1,1,92,8,1,185;359;176;377;565;552;491;716
1,12582,12670,1,0,46,8,2,162;325;142;377;565;552;457;682
1,12654,12721,1,1,75,10,2,109;253;70;311;512;522;344;610;553;389
1,12657,12720,1,2,75,10,1,106;250;67;308;512;498;344;607;553;386
0,12684,12766,1,1,0,11,0,79;223;40;281;510;498;344;580;553;359;1105
1,12688,12766,1,1,93,11,1,75;219;36;277;510;498;344;576;553;355;1101
1,12635,12691,1,0,70,9,1,128;272;89;330;564;528;404;629;553
1,12640,12696,1,1,76,10,2,123;267;74;325;559;528;399;624;553;403
1,12649,12714,1,1,81,10,2,114;258;74;316;550;522;390;615;553;394
1,12653,12740,1,0,75,10,1,110;254;71;312;546;522;344;611;553;390
1,12007,12058,1,0,63,11,2,336;78;56;34;226;491;452;154;586;478;900
1,11999,12233,1,0,75,11,7,344;86;64;34;234;499;460;154;586;534;908
1,11992,12055,1,1,66,11,4,351;93;71;51;241;506;467;154;586;541;915
1,11986,12066,1,0,59,10,2,357;99;77;57;247;512;473;181;586;547
1,12071,12121,1,0,70,10,3,272;14;162;355;388;92;586;462;836;630
1,12063,12341,1,0,60,11,7,280;22;0;170;355;396;92;586;470;844;661
1,12043,12096,1,0,70,12,1,300;42;20;0;190;355;416;124;586;478;864;681
1,12019,12225,1,1,65,11,2,304;66;44;24;214;479;440;148;586;478;888
1,12094,12178,1,1,54,9,1,249;139;327;361;40;586;439;813;624
1,12085,12358,1,0,71,10,6,258;0;148;327;374;40;586;448;822;624
1,12084,12156,1,0,71,10,2,259;1;149;327;375;83;586;449;823;624
1,12081,12347,1,1,76,10,3,262;4;152;355;378;86;586;452;826;624
1,12121,12341,1,4,65,9,5,222;112;322;338;15;586;412;786;365
1,12115,12178,1,3,70,9,2,228;118;322;344;40;586;418;792;365
1,12113,12194,1,1,50,9,1,230;120;327;346;40;586;420;794;365
1,12105,12373,1,1,76,9,5,238;128;327;354;40;586;428;802;619
1,12154,12374,1,0,44,9,2,159;79;322;174;13;586;379;605;365
0,12163,12240,1,0,0,9,0,159;70;322;174;4;586;244;605;365
1,12141,12203,1,2,38,9,1,202;92;322;174;15;586;392;766;365
1,12149,12409,1,1,38,9,6,159;84;322;174;15;586;384;758;365
0,12183,12234,1,0,0,8,0,157;50;315;174;580;244;545;365
1,12198,12287,1,0,70,8,1,145;35;300;174;565;244;545;365
1,12167,12242,1,0,69,9,2,159;66;322;174;0;586;244;605;365
1,12175,12238,1,1,69,8,1,159;58;322;174;586;244;545;365
1,12240,12512,1,0,76,7,4,103;258;174;523;244;542;365
0,12250,12314,1,1,0,7,0,93;248;85;513;244;542;365
1,12200,12284,1,0,75,8,2,143;33;290;174;563;244;545;365
1,12202,12286,1,1,62,8,1,141;31;290;174;561;244;542;365
1,12298,12357,1,0,69,8,2,45;200;85;465;235;530;364;667
0,12302,12372,1,1,0,8,0,41;196;85;461;231;530;363;663
1,12253,12341,1,0,75,7,1,90;245;85;510;244;542;365
1,12283,12344,1,0,96,8,2,60;215;85;480;244;530;365;682
1,11511,11561,1,1,49,11,3,326;275;95;9;315;161;831;574;552;532;722
1,11508,11747,1,0,64,11,7,329;367;98;12;318;167;831;577;555;535;725
0,11512,11601,1,0,0,11,0,325;184;94;8;299;161;831;573;551;531;721
1,11511,11582,1,0,54,11,2,326;184;95;9;315;161;831;574;552;532;722
1,11541,11619,1,1,56,10,3,296;184;54;285;149;802;544;522;502;692
1,11538,11612,1,0,45,10,1,299;184;68;288;152;805;547;525;505;695
1,11605,11680,1,0,64,11,3,232;184;1;221;85;738;256;458;438;628;893
1,11573,11835,1,0,64,11,6,264;184;33;253;117;770;512;490;470;660;925
1,11683,11739,1,0,65,12,3,154;184;143;7;660;256;380;360;550;815;776;484
1,11644,11695,1,0,68,12,3,193;184;182;46;699;256;419;399;589;854;815;523
1,11719,11973,1,0,78,11,5,118;156;107;624;256;344;324;514;779;673;448
1,11683,11904,1,1,65,12,6,154;184;143;7;660;256;355;360;550;815;776;484
1,11726,11776,1,0,65,11,2,111;149;100;617;232;337;317;507;772;673;441
0,11720,11803,1,0,0,11,0,117;155;106;623;232;343;323;513;778;673;447
1,11737,11826,1,1,71,11,3,97;138;89;606;232;326;306;496;761;673;430
0,11726,11812,1,0,0,11,0,97;149;100;617;232;337;317;507;772;673;441
1,11748,11798,1,1,57,11,2,89;127;78;595;232;315;295;485;750;673;419
0,11759,11825,1,0,0,11,0,78;116;67;584;232;304;247;474;739;673;408
0,11760,11820,1,0,0,11,0,77;115;66;583;232;303;247;473;738;673;407
1,11767,11838,1,0,44,11,3,70;108;59;576;232;296;247;466;731;673;400
1,11806,11868,1,0,50,11,3,31;69;20;537;232;257;217;427;692;653;361
1,11831,12089,1,0,50,10,6,6;44;512;232;232;212;402;667;628;336
0,11840,11924,1,0,0,9,0,35;503;232;223;203;332;658;619;327
1,11842,11905,1,0,50,9,2,33;501;232;221;201;332;656;617;325
1,11848,11927,1,0,44,9,3,27;489;232;215;195;332;650;611;319
1,11855,11925,1,0,56,9,2,20;488;230;208;188;332;643;585;312
1,11873,11947,1,1,41,9,3,2;470;212;190;170;332;625;585;284
0,11891,11955,1,0,0,8,0,452;194;172;152;332;607;561;276
1,11945,11996,1,0,58,9,2,398;140;118;98;288;553;514;222;818
1,11953,12005,1,0,57,9,2,390;123;110;90;280;545;506;214;810
1,11968,12196,1,0,60,9,5,375;105;95;75;265;530;491;199;795
0,11977,12039,1,1,0,10,0,366;105;86;66;256;521;482;190;586;556
1,14667,14744,1,0,71,16,4,166;41;348;349;569;463;168;424;306;256;319;383;462;300;365;956
1,14672,14748,1,0,72,16,2,161;36;343;345;564;458;163;419;306;256;314;378;439;295;360;951
1,14654,14953,1,0,70,16,15,177;54;361;349;582;476;181;437;368;256;332;384;475;313;378;969
0,14663,14716,1,0,0,16,0,170;45;352;349;573;467;172;428;306;256;323;384;466;304;369;960
1,14639,14726,1,0,58,16,4,11;194;69;376;378;597;491;196;452;383;256;347;384;490;328;393
1,14640,14711,1,0,52,16,5,10;193;68;375;349;596;490;195;451;382;256;346;384;489;327;392
0,14609,14660,1,0,0,16,0,41;224;99;406;408;627;521;226;482;413;256;377;384;520;358;423
1,14609,14677,1,1,85,16,2,41;224;99;406;408;627;521;226;482;413;256;377;384;520;358;423
1,14579,14630,1,0,63,15,4,71;254;129;436;438;657;551;256;493;443;256;407;384;550;388
1,14586,14675,1,0,63,15,2,64;247;122;429;431;641;544;249;493;436;256;400;384;543;381
1,14557,14642,1,0,64,16,4,93;276;151;13;458;460;679;573;278;534;465;256;429;384;557;410
1,14573,14653,1,0,57,15,2,77;260;135;442;444;662;557;262;518;449;256;413;384;556;394
1,14527,14738,1,0,57,16,7,123;306;181;17;488;490;709;603;308;564;495;490;459;384;557;440
1,14556,14830,1,0,78,16,13,94;277;152;14;459;461;680;574;279;535;466;461;430;384;557;411
1,14511,14780,1,0,70,17,13,139;0;322;197;17;504;506;725;619;324;580;511;506;475;539;618;456
1,14513,14590,1,0,52,16,6,137;320;195;17;502;504;723;617;322;578;509;504;473;384;616;454
1,14807,14895,1,0,59,17,8,26;208;210;429;284;28;284;215;210;179;243;322;160;225;816;555;632
1,14800,14865,1,1,54,17,7,33;215;217;436;330;35;291;222;217;186;250;329;167;226;823;562;639
1,14767,14854,1,1,64,16,4,66;248;250;469;363;68;324;255;227;215;283;362;200;226;856;595
1,14759,14839,1,1,60,16,7,74;256;258;477;371;76;332;263;239;215;291;370;208;226;864;603
1,14757,14846,1,0,64,16,4,76;258;260;479;373;78;334;265;239;215;293;372;210;243;866;605
1,14747,14967,1,1,76,16,6,86;268;270;489;383;88;344;275;239;215;303;382;220;262;876;615
1,14740,14817,1,1,54,15,7,93;275;277;496;390;95;351;277;256;215;310;389;227;262;883
1,14737,14804,1,0,52,15,2,96;278;280;499;393;98;354;277;256;249;313;392;230;262;886
1,14708,14764,1,1,65,16,2,125;0;307;309;528;422;127;383;277;256;267;342;421;259;262;915
1,14694,14750,1,1,58,16,6,139;14;321;323;542;436;141;397;306;256;267;356;435;273;262;929
1,14688,14741,1,0,65,16,2,145;20;327;329;548;442;147;403;306;256;277;362;439;279;262;935
1,14683,14912,1,0,64,16,9,150;25;332;334;553;447;152;408;306;256;277;367;439;284;349;940
1,14277,14342,1,1,93,14,3,23;125;373;234;230;546;431;293;713;740;866;853;558;814
1,14281,14368,1,0,80,14,1,19;121;369;230;226;546;410;289;713;736;866;692;554;810
1,14290,14343,1,1,103,16,4,10;112;345;221;217;543;410;280;713;727;866;692;545;801;732;727
1,14295,14349,1,1,94,16,4,5;107;345;216;196;538;410;275;713;722;866;692;540;796;727;722
1,14212,14474,1,1,64,13,6,88;39;190;438;9;299;295;621;494;358;713;796;875
1,14259,14348,1,1,55,11,4,41;143;391;252;248;574;449;311;713;758;866
1,14277,14567,1,0,110,14,12,23;125;373;234;230;546;410;293;713;740;866;853;558;814
1,14277,14500,1,1,94,14,6,23;125;373;234;230;546;410;293;713;740;866;692;558;814
1,14144,14410,1,1,69,11,6,156;107;258;506;77;319;363;687;494;426;720
0,14172,14251,1,0,0,13,0,128;79;230;478;49;319;335;661;494;398;713;845;1064
1,14179,14466,1,1,73,13,9,121;72;223;471;42;319;328;654;494;391;713;838;1057
1,14201,14415,1,0,68,13,6,99;50;201;449;20;310;306;632;494;369;713;796;1035
1,14109,14383,1,1,93,12,6,191;8;142;293;532;112;319;398;724;519;461;906
1,14114,14192,1,1,87,12,3,186;3;137;288;532;107;319;393;719;519;456;721
1,14131,14186,1,1,52,11,1,169;120;271;519;90;319;376;687;519;439;721
1,14136,14194,1,0,75,11,1,164;115;266;514;85;319;371;687;519;434;720
1,14454,14531,1,0,58,18,1,193;57;53;379;254;116;561;563;782;647;381;637;568;525;532;596;675;513
1,14451,14516,1,0,58,18,1,199;60;56;382;257;119;564;566;785;647;384;638;571;525;535;599;678;516
1,14502,14564,1,1,68,18,5,148;9;5;331;206;17;513;515;734;628;333;589;520;515;484;548;627;465
1,14479,14558,1,0,64,18,1,169;32;28;354;229;91;536;538;757;647;356;612;543;525;507;571;650;488
1,14411,14488,1,0,86,16,3,239;100;96;422;266;159;604;606;825;647;424;680;611;606;566;639
1,14408,14492,1,0,78,16,3,242;103;99;425;300;162;607;609;828;647;427;683;614;609;566;642
1,14447,14528,1,1,71,18,2,203;64;60;386;261;123;568;570;789;647;388;644;575;525;539;603;682;520
1,14427,14513,1,1,98,17,6,223;84;80;406;266;143;580;590;809;647;408;664;595;590;559;623;702
1,14355,14437,1,1,100,17,2,47;276;156;152;478;353;198;660;662;866;647;480;684;667;662;631;695
1,14348,14429,1,1,117,17,5,54;294;163;159;485;360;222;667;669;866;647;487;684;674;669;638;702
1,14392,14472,1,1,72,17,1,10;258;119;115;441;316;178;623;625;844;647;443;684;630;625;566;658
1,14359,14437,1,0,101,17,3,43;276;152;148;474;349;198;656;658;866;647;476;684;663;658;566;691
1,14338,14544,1,1,131,17,10,64;312;173;169;495;370;232;677;679;866;692;497;684;684;679;648;712
1,14299,14537,1,0,96,16,8,1;103;345;212;196;534;409;251;713;718;866;692;536;792;723;718
1,14348,14399,1,0,109,17,1,54;294;163;159;485;360;198;667;669;866;647;487;684;674;669;638;702
1,14339,14394,1,0,99,17,1,63;311;172;168;494;369;231;676;678;866;647;496;684;683;678;647;711
1,13772,13838,1,0,54,7,1,17;48;77;528;345;126;479
1,13779,13847,1,0,80,8,1,10;41;77;521;301;119;472;623
1,13758,13823,1,0,67,7,1,31;62;77;542;359;140;493
0,13771,13831,1,0,0,7,0,18;49;77;529;346;127;480
1,13823,13879,1,0,74,6,1,64;477;294;75;428;579
1,13824,14048,1,0,80,6,1,63;476;262;74;427;578
0,13780,13832,1,0,0,8,0,9;40;77;520;301;118;471;622
0,13803,13888,1,0,0,7,0,17;77;497;301;95;448;599
1,13679,13751,1,0,65,8,2,110;67;141;208;621;438;219;572
1,13696,13773,1,0,70,8,2,88;50;124;191;604;421;202;555
1,13593,13680,1,0,62,8,1,196;153;227;281;707;524;305;658
0,13630,13710,1,0,0,8,0,159;116;190;257;670;487;268;621
1,13744,13814,1,0,64,8,1,45;2;76;143;556;373;154;507
0,13751,13817,1,0,0,7,0,38;69;77;549;366;147;500
1,13701,13760,1,0,66,8,2,57;45;119;186;599;416;197;550
1,13715,13795,1,1,58,8,2,57;31;105;172;585;385;183;536
1,14006,14235,1,0,62,10,3,294;111;245;396;644;215;505;501;827;519
1,13991,14215,1,0,49,10,5,309;126;260;411;659;230;520;501;842;717
1,13957,14028,1,0,52,10,1,343;160;294;445;679;264;554;501;876;751
1,13912,13978,1,0,69,9,2,388;202;339;490;738;276;560;501;921
1,14101,14177,1,0,85,12,3,199;16;150;301;549;120;319;406;732;519;469;914
1,14068,14156,1,0,63,11,1,232;49;183;334;582;153;319;435;765;519;502
1,14060,14305,1,0,76,10,5,240;57;191;342;590;161;451;435;773;519
1,14038,14093,1,0,57,10,2,262;79;213;364;612;183;473;469;795;519
1,13880,13939,1,0,81,9,1,7;420;237;18;356;522;770;341;631
0,13863,13939,1,0,0,8,0,24;437;254;35;356;539;787;358
0,13836,13912,1,0,0,6,0,51;464;262;62;356;566
0,13828,13901,1,0,0,6,0,59;472;262;70;356;574
1,13910,14201,1,0,75,8,6,390;202;341;492;740;276;560;597
1,13907,13977,1,0,75,8,1,393;202;344;495;743;314;560;600
1,13889,14171,1,1,85,8,3,411;202;9;356;513;761;332;622
1,13888,13955,1,0,75,8,1,412;214;10;356;514;762;333;623
1,13283,13369,1,0,76,6,3,97;506;144;362;496;604
0,13291,13370,1,1,0,6,0,89;498;144;362;496;557
1,13313,13581,1,1,95,7,4,67;476;144;362;496;557;987
1,13314,13539,1,1,49,7,1,66;475;144;362;496;557;937
1,13357,13426,1,1,53,7,3,23;432;144;326;463;530;937
1,13361,13429,1,1,49,7,1,19;421;144;326;459;526;937
0,13367,13423,1,1,0,7,0,13;421;144;326;429;520;933
1,13396,13657,1,0,45,6,2,393;144;326;424;491;904
1,13204,13455,1,1,66,8,2,20;60;176;583;12;144;542;616
1,13209,13465,1,0,65,8,3,15;55;171;580;7;144;362;611
1,13214,13299,1,1,50,8,2,10;50;166;575;2;144;362;606
1,13229,13316,1,1,49,6,1,35;131;560;144;362;591
1,13232,13481,1,0,67,6,4,12;131;557;144;362;588
1,13257,13538,1,1,58,6,2,7;123;532;144;362;563
1,13259,13326,1,0,75,7,1,5;121;530;144;362;532;628
1,13276,13364,1,1,97,6,1,104;513;144;362;500;611
1,13533,13791,1,0,62,9,3,256;23;213;287;354;757;563;365;718
1,13519,13606,1,0,46,8,2,270;37;227;301;368;757;598;379
0,13554,13618,1,0,0,9,0,205;2;192;266;333;720;563;344;697
1,13547,13620,1,0,65,9,2,242;9;199;273;340;720;563;351;704
1,13575,13640,1,0,57,8,2,205;171;245;303;720;542;323;676
1,13564,13639,1,1,57,8,2,205;182;256;323;720;553;334;687
1,13587,13667,1,0,73,8,2,202;159;233;281;713;530;311;664
1,13585,13644,1,0,63,8,2,204;161;235;299;715;532;313;666
1,13417,13491,1,0,40,6,1,372;108;326;389;470;883
1,13414,13496,1,0,44,6,3,375;142;326;389;473;886
1,13442,13513,1,0,40,6,3,347;108;304;378;445;819
1,13435,13488,1,0,40,6,1,354;108;311;385;452;865
1,13470,13532,1,0,40,6,3,319;86;276;350;417;775
1,13457,13661,1,1,40,6,3,332;95;289;363;430;819
1,13496,13557,1,0,38,8,1,293;47;250;324;391;775;621;402
1,13488,13542,1,1,45,7,3,301;65;258;332;399;775;629
1,669,952,1,1,50,15,11,157;274;307;285;248;39;284;348;528;327;500;682;485;576;764
1,687,751,1,0,45,15,1,139;256;289;267;233;21;266;330;515;309;482;664;467;353;746
1,687,767,1,1,46,15,4,139;256;289;267;233;21;266;330;493;309;482;664;467;353;746
1,697,750,1,0,45,15,4,129;246;279;257;223;11;256;314;493;299;472;654;457;353;736
1,701,751,1,1,37,15,4,125;242;275;253;219;7;252;314;493;295;468;650;453;353;732
1,726,788,1,0,50,14,4,100;217;250;228;194;227;291;476;270;443;625;428;353;707
1,728,795,1,0,58,14,4,98;210;248;226;192;225;289;474;268;441;623;426;353;705
1,732,936,1,0,57,14,8,94;203;244;222;188;221;285;470;264;437;619;422;353;701
1,583,661,1,0,59,16,5,243;360;78;393;371;337;125;370;434;528;413;586;768;571;688;850
0,589,643,1,1,0,16,0,237;354;72;387;365;331;119;364;410;528;407;580;762;565;682;844
1,598,677,1,0,80,16,5,228;345;63;378;356;322;110;355;410;528;398;571;753;556;673;835
1,602,670,1,0,79,16,4,224;341;59;374;352;318;106;351;393;528;394;567;749;552;669;831
1,627,678,1,0,75,16,5,199;316;34;349;327;293;81;326;390;528;369;542;724;527;644;806
1,629,679,1,1,79,16,4,197;314;32;347;325;291;79;324;380;528;367;540;722;525;642;804
1,635,709,1,0,72,16,4,191;308;26;341;319;285;73;318;380;528;361;534;716;509;636;798
1,642,712,1,1,70,16,3,184;301;19;334;312;248;66;311;375;528;354;527;709;509;629;791
1,460,675,1,1,79,15,8,366;16;483;201;69;516;494;460;248;493;557;742;536;685;891
0,374,455,1,0,0,15,0,452;102;73;569;234;155;602;580;546;334;579;604;828;622;685
1,481,543,1,1,71,14,2,345;462;180;48;495;473;439;227;456;536;528;515;685;870
1,466,546,1,0,72,15,3,360;10;477;195;63;510;488;454;242;487;551;528;530;685;885
1,522,601,1,0,85,16,4,304;421;139;7;454;432;398;186;419;495;528;474;647;829;632;749
1,513,569,1,1,91,16,4,313;430;148;16;463;441;407;195;440;504;528;483;656;837;641;758
0,560,631,1,1,0,15,0,266;383;101;416;394;360;148;381;457;528;436;594;791;594;711
1,559,858,1,0,70,15,13,267;384;102;417;395;361;149;381;458;528;437;610;792;595;712
1,214,264,1,1,71,11,1,612;262;233;590;447;250;697;740;706;479;739
1,212,282,1,0,78,11,3,614;264;235;590;449;317;697;742;708;479;741
1,256,337,1,0,86,13,4,570;220;191;590;405;250;697;698;664;444;697;761;946
1,255,314,1,0,100,13,3,571;221;192;590;406;250;697;699;665;453;698;762;947
1,263,557,1,1,92,13,11,563;213;184;588;398;250;697;691;646;444;690;754;939
1,257,333,1,0,86,13,3,569;219;190;588;404;250;697;697;663;444;696;760;945
1,351,595,1,0,98,15,11,475;125;96;588;234;178;625;603;569;357;602;604;851;645;818
1,349,433,1,0,98,15,5,477;127;98;588;312;180;627;605;571;359;604;604;853;647;820
1,130,213,1,0,97,10,1,696;40;24;346;317;813;531;399;702;824
1,155,452,1,0,98,9,8,664;15;321;292;788;506;374;702;799
1,112,164,1,0,94,9,1,714;58;42;364;335;831;549;417;702
1,115,199,1,0,112,10,1,711;55;39;361;322;828;546;414;702;839
0,194,280,1,0,0,10,0,632;282;253;590;467;335;697;760;726;514
1,209,265,1,0,84,11,2,617;267;238;590;452;320;697;745;711;499;744
1,168,376,1,1,113,9,4,658;2;308;279;775;493;361;697;786
1,177,252,1,0,111,8,1,649;299;270;590;484;352;697;777
1,26,95,1,0,66,7,1,800;144;128;450;30;69;421
0,41,94,1,0,0,10,0,785;129;113;435;15;54;354;902;620;488
0,67,153,1,0,0,9,0,759;90;87;409;28;342;876;594;462
1,110,325,1,1,98,9,5,716;60;44;366;337;833;551;419;866
1,45,97,1,0,118,10,1,781;125;109;431;11;50;354;898;616;484
1,48,112,1,0,117,10,1,778;90;106;428;8;47;354;895;613;481
1,1389,1443,1,1,91,17,2,17;260;247;78;94;456;30;416;299;441;861;461;794;670;514;534;787
1,1447,1505,1,1,107,16,4,202;189;41;36;398;358;299;383;822;430;794;612;456;476;729;481
1,1455,1529,1,0,85,16,4,194;181;33;28;390;350;299;375;814;422;794;604;448;468;721;473
1,1489,1777,1,0,78,14,12,160;147;356;316;299;341;780;388;794;570;414;434;687;439
1,1348,1413,1,0,75,16,5,3;85;301;288;140;135;497;71;457;299;482;875;461;797;711;555
1,1367,1619,1,0,100,17,9,66;282;269;121;116;478;52;438;299;463;861;461;797;692;536;556;809
1,1374,1452,1,1,75,17,4,59;275;262;114;109;471;45;431;299;456;861;461;794;685;529;549;802
1,1388,1463,1,0,92,17,5,45;261;248;78;95;457;31;417;299;442;861;461;794;671;515;535;788
1,1297,1347,1,1,88,14,3,54;136;352;339;182;186;548;122;508;299;533;875;461;1006
1,1318,1546,1,0,96,15,6,33;115;331;318;170;165;527;101;487;299;512;875;461;985;741
1,1322,1385,1,0,86,15,3,29;111;327;314;166;161;523;97;483;299;508;875;461;797;737
1,1331,1404,1,0,100,16,2,20;102;318;305;157;152;499;88;474;299;499;875;461;797;728;572
1,1253,1330,1,0,50,13,2,98;18;180;396;383;233;230;592;166;552;299;577;1016
1,1277,1519,1,0,80,13,7,74;156;372;359;211;206;568;142;528;299;553;992;600
1,1291,1378,1,0,99,14,2,60;142;358;345;197;192;554;128;514;299;539;875;586;1012
1,1291,1563,1,1,92,14,8,60;142;358;345;182;192;554;128;514;299;539;875;586;1012
1,1219,1305,1,0,45,12,3,132;52;214;430;417;269;264;626;200;586;570;588
1,1214,1297,1,1,47,12,2,137;53;219;435;422;274;269;631;205;591;575;616
1,1248,1327,1,1,46,13,2,103;23;185;401;388;240;235;597;171;557;299;582;1021
1,1228,1526,1,0,51,12,9,123;43;205;421;408;260;255;617;191;577;561;588
1,1154,1243,1,0,50,15,3,48;15;175;0;117;279;495;482;334;329;691;245;651;635;676
1,1152,1216,1,0,52,15,2,50;17;199;2;119;281;497;484;336;331;693;245;653;637;678
1,1208,1261,1,0,37,12,3,143;63;225;441;428;280;275;637;211;597;581;620
1,1194,1262,1,0,49,13,3,8;157;77;239;455;442;294;289;651;225;611;595;620
1,1106,1184,1,0,58,15,3,96;63;245;26;165;327;543;514;382;377;739;253;699;683;724
1,1093,1159,1,1,57,13,4,109;76;258;61;178;340;556;514;395;390;752;253;712
1,1138,1222,1,1,70,15,4,64;31;213;16;133;295;511;496;350;345;707;253;667;651;692
1,1108,1177,1,1,40,15,2,94;61;243;26;163;325;517;514;380;375;737;253;697;681;722
1,1054,1112,1,1,44,13,3,148;115;297;100;217;379;581;514;406;429;775;253;751
1,1051,1101,1,1,46,13,3,151;118;300;103;220;382;598;514;406;432;775;253;754
1,1059,1115,1,1,41,13,2,143;82;292;95;212;374;572;514;406;424;775;253;746
1,1057,1129,1,1,65,13,4,145;112;294;97;214;376;572;514;406;426;775;253;748
1,1041,1092,1,1,49,13,4,161;128;310;112;230;392;608;514;426;442;775;253;764
1,1045,1115,1,1,50,13,2,157;124;306;109;225;388;604;514;426;438;775;253;760
1,1035,1096,1,0,50,13,2,167;134;316;112;236;398;614;514;453;448;775;253;770
1,1038,1097,1,1,45,13,2,164;131;313;112;233;395;611;514;431;445;775;253;767
1,1017,1101,1,0,52,14,2,0;185;152;334;112;254;416;625;534;471;466;775;253;788
0,1030,1108,1,1,0,13,0,172;139;321;112;241;403;619;514;458;453;775;253;775
1,991,1076,1,0,50,14,2,26;211;5;178;360;112;280;442;625;539;497;492;775;253
1,1005,1087,1,0,62,13,2,12;192;164;346;112;266;428;625;539;483;478;775;253
1,974,1219,1,1,75,15,6,2;43;228;22;195;377;117;297;459;625;662;514;504;775;253
1,983,1044,1,1,78,14,5,34;219;13;186;368;117;288;450;625;539;505;500;775;253
1,951,1035,1,1,82,17,5,25;3;2;66;251;45;218;400;117;320;482;698;685;537;532;775;253
1,972,1037,1,0,63,15,2,4;45;230;24;197;379;117;299;461;677;664;516;504;775;253
1,933,1021,1,1,47,17,2,8;43;21;20;84;269;63;236;418;117;338;500;716;703;555;550;775
1,945,1240,1,0,85,17,12,31;9;8;72;257;51;224;406;117;326;488;704;691;543;538;775;474
1,891,973,1,1,70,18,2,52;85;38;29;62;126;311;105;278;460;117;352;542;758;745;595;592;775
1,899,953,1,1,67,18,3,44;77;38;21;54;118;300;97;270;452;117;352;534;750;737;589;584;775
1,881,1120,1,1,77,18,10,62;95;38;39;72;136;321;115;288;470;117;352;552;768;755;595;602;964
1,876,938,1,0,74,18,2,67;100;38;44;77;141;326;120;293;475;117;352;557;773;760;611;607;969
1,870,1082,1,1,76,18,9,73;106;38;45;83;147;332;126;299;481;118;352;559;779;766;611;613;975
1,860,941,1,1,74,18,5,83;116;38;45;93;157;342;136;309;491;118;352;573;789;776;611;623;985
1,852,921,1,1,66,18,5,91;124;38;68;101;165;350;144;317;499;118;352;581;797;784;611;631;993
1,848,900,1,0,74,18,2,95;128;38;72;105;169;354;148;321;503;118;352;583;801;788;628;635;997
1,827,916,1,1,71,16,4,116;149;38;93;126;190;375;169;342;524;118;353;583;822;809;628
1,827,878,1,1,68,16,1,116;149;38;93;126;190;375;169;342;524;118;352;583;822;809;628
1,825,888,1,1,69,17,2,1;118;151;38;95;128;192;377;171;344;526;118;353;583;824;811;663
1,800,864,1,1,85,17,2,26;143;169;38;120;153;217;402;196;369;551;118;353;583;849;836;688
1,797,869,1,1,85,17,3,29;146;179;38;123;156;220;405;199;372;554;118;353;583;852;839;691
1,794,872,1,0,59,15,5,32;149;182;38;126;159;223;408;202;375;557;118;353;594;855
1,792,1081,1,0,77,15,7,34;151;184;162;128;161;225;410;204;377;559;118;353;594;857
1,787,868,1,0,58,15,5,39;156;189;167;133;166;230;415;209;382;560;118;353;606;862
1,771,1043,1,0,77,15,7,55;172;205;183;149;182;246;431;225;398;560;383;353;606;878
1,761,1058,1,1,84,14,7,65;182;215;193;159;192;256;441;235;408;590;393;353;606
1,2215,2505,1,0,72,16,10,54;88;224;319;465;119;323;282;463;475;570;226;438;80;579;644
1,2171,2231,1,1,85,18,5,98;132;5;268;363;509;31;163;367;326;507;519;570;277;438;80;623;644
1,2220,2296,1,1,91,17,6,49;83;219;314;460;114;318;111;458;470;570;226;411;80;574;644;613
1,2218,2298,1,0,77,17,1,51;85;221;316;462;116;320;111;460;472;570;226;438;80;576;644;615
1,2229,2285,1,0,69,17,2,40;74;210;305;408;105;309;111;449;461;570;219;411;80;565;637;604
1,2222,2286,1,1,75,17,5,47;81;217;312;424;112;316;111;456;468;570;226;411;80;572;644;611
1,2256,2505,1,0,108,17,7,13;47;183;278;408;78;282;10;422;434;570;192;403;80;538;610;577
1,2233,2303,1,1,69,17,2,36;70;206;289;408;101;305;111;445;457;570;215;411;80;561;633;600
1,2297,2589,1,0,70,16,10,6;142;237;383;37;241;10;369;393;570;151;362;80;497;569;438
1,2268,2341,1,1,93,17,3,1;35;171;266;408;66;270;10;410;422;570;180;391;80;526;598;438
1,2315,2371,1,0,92,15,2,124;219;365;19;223;10;363;375;556;133;344;76;377;551;438
1,2312,2388,1,0,85,15,3,127;222;368;22;226;10;366;378;559;136;347;80;377;554;438
1,2361,2411,1,0,26,14,2,78;173;309;177;10;317;329;510;87;298;76;377;505;438
1,2327,2392,1,0,53,15,4,112;207;353;7;211;10;340;363;544;121;332;76;377;539;438
1,2394,2471,1,0,48,15,5,45;140;254;144;10;284;296;477;54;265;68;377;472;420;773
1,2387,2448,1,1,55,15,5,52;147;293;151;10;291;303;484;61;272;75;377;479;420;780
1,1968,2244,1,0,126,18,14,301;335;91;153;171;470;566;712;151;366;542;529;710;722;903;480;691;494
1,2021,2081,1,0,150,19,4,248;282;38;153;118;418;513;659;151;313;517;476;657;615;850;427;638;441;773
1,2026,2111,1,0,125,19,3,243;277;33;150;113;404;508;654;151;308;512;471;652;615;845;422;633;436;768
1,2043,2105,1,0,93,19,1,226;260;16;83;96;396;491;637;151;291;495;454;635;615;828;405;616;419;751
1,2050,2131,1,0,101,19,5,219;253;9;83;89;389;471;630;151;284;488;447;628;615;821;398;609;412;744
1,2082,2161,1,1,109,18,4,187;221;83;57;357;452;598;120;252;456;415;596;581;789;366;577;380;712
1,2097,2169,1,1,86,19,1,172;206;79;42;342;437;583;86;237;441;400;581;581;774;351;562;365;697;769
1,2109,2183,1,0,102,19,4,160;194;67;30;330;425;571;86;225;429;388;569;581;762;339;550;353;685;757
1,2113,2340,1,0,95,19,11,156;190;63;26;326;421;567;80;221;425;384;565;577;758;335;546;349;681;753
1,2125,2214,1,0,91,19,5,144;178;51;14;314;409;555;77;209;413;372;553;565;746;323;534;337;669;644
1,2145,2222,1,1,93,18,4,124;158;31;294;389;532;57;189;393;352;533;545;726;303;514;317;649;644
1,2148,2209,1,0,93,18,1,121;155;28;291;386;532;48;186;390;349;530;542;723;300;511;314;646;644
1,2162,2430,1,0,86,18,13,107;141;14;277;372;518;40;172;376;335;516;528;709;286;474;300;632;644
1,2163,2245,1,0,85,18,4,106;140;13;276;371;517;39;171;375;334;515;527;570;285;474;299;631;644
1,2164,2223,1,0,79,18,1,105;139;12;275;370;516;31;170;374;333;514;526;570;284;474;298;630;644
1,2168,2458,1,0,93,18,12,101;135;8;271;366;512;31;166;370;329;510;522;570;280;438;294;626;644
1,1773,1860,1,1,99,17,2,72;32;16;57;496;104;530;215;130;150;403;155;366;621;761;846;429
1,1767,1829,1,0,83,17,2,78;38;22;63;502;110;536;215;136;156;409;161;372;621;767;846;435
1,1746,1819,1,0,69,16,1,99;59;43;84;523;131;557;224;157;158;430;182;393;621;786;846
1,1738,1825,1,0,92,16,2,107;67;51;92;531;139;565;224;165;158;438;190;401;647;786;846
1,1820,2041,1,1,76,16,4,25;10;449;57;483;209;83;103;356;108;319;600;714;846;151;514
1,1818,2097,1,1,87,16,6,27;12;451;59;485;209;85;105;358;110;321;600;716;846;384;516
1,1803,1860,1,1,84,17,1,42;2;27;466;74;500;215;100;120;373;125;336;600;731;846;399;531
1,1796,1869,1,0,68,17,2,49;9;34;473;81;507;215;107;127;380;132;343;618;738;846;406;538
1,1887,1965,1,0,79,16,2,382;406;172;16;36;153;41;252;552;647;793;151;447;651;610;791
1,1875,1928,1,0,92,16,2,394;2;428;181;28;48;153;53;264;564;659;805;151;459;663;622
1,1857,1934,1,1,63,15,5,412;20;446;181;46;66;171;71;282;582;677;823;151;477;681
1,1832,1898,1,0,61,16,1,13;437;45;471;209;71;91;171;96;307;600;702;846;151;502;706
1,1939,2019,1,1,116,18,1,330;364;120;153;190;470;595;741;151;395;542;558;739;751;932;509;720;523
1,1931,2010,1,0,126,16,3,338;372;128;153;190;508;602;749;151;403;542;566;747;759;940;517
1,1916,1999,1,0,92,17,4,353;387;143;7;153;12;190;523;602;764;151;418;622;581;762;774;955
1,1913,1993,1,0,91,17,1,356;390;146;10;153;15;190;526;621;767;151;421;625;584;765;777;958
1,1509,1582,1,1,78,15,4,140;127;336;296;280;321;760;368;794;550;394;196;667;419;630
1,1516,1597,1,1,78,15,5,133;120;329;289;273;314;753;361;787;543;387;196;660;412;623
1,1497,1553,1,1,80,14,4,152;139;348;308;292;333;772;380;794;562;406;334;679;431
1,1502,1793,1,1,71,14,12,147;134;343;303;287;328;761;375;794;557;401;334;674;426
1,1533,1591,1,0,86,15,4,92;103;312;272;256;297;736;344;770;526;370;158;643;351;606
1,1540,1598,1,0,70,15,1,92;96;305;265;249;290;729;337;763;519;363;158;636;351;599
1,1520,1584,1,1,84,15,3,129;116;325;285;269;310;749;357;783;539;383;158;656;408;619
1,1529,1580,1,0,85,15,4,120;107;316;276;260;301;740;348;774;530;374;158;647;351;610
1,1602,1674,1,1,57,15,1,47;34;243;203;187;228;667;275;687;457;246;158;574;326;537
1,1688,1928,1,0,119,16,10,157;117;101;142;581;189;615;371;215;158;488;240;451;751;846;992
1,1554,1806,1,1,86,15,11,92;82;291;251;235;276;715;323;749;505;349;158;622;351;585
1,1564,1640,1,1,64,15,1,85;72;281;241;225;266;705;313;739;495;246;158;612;351;575
1,1705,1771,1,1,98,16,5,140;100;84;125;564;172;598;224;198;158;471;223;434;647;829;846
1,1723,1800,1,0,105,16,6,122;82;66;107;546;154;580;224;180;158;453;205;416;647;791;846
1,1693,1982,1,1,105,16,6,152;112;96;137;576;184;610;366;210;158;483;235;446;746;841;846
1,1701,1903,1,0,104,16,3,144;104;88;129;568;176;602;358;202;158;475;227;438;647;833;846
1,3119,3208,1,1,39,8,2,48;220;285;107;171;104;64;368
1,3072,3126,1,1,46,9,1,95;267;285;154;25;218;151;90;368
1,3135,3185,1,0,35,8,2,29;204;285;91;155;88;48;368
1,3127,3212,1,1,49,8,4,40;212;285;99;163;96;56;368
0,3043,3101,1,0,0,9,0,124;296;285;181;54;247;180;90;368
1,3027,3098,1,1,40,9,3,132;312;285;199;70;263;196;90;368
0,3063,3121,1,1,0,9,0,104;276;285;163;34;226;160;90;368
1,3049,3116,1,1,59,9,4,118;290;285;177;48;241;174;90;368
0,3220,3299,1,0,0,10,0,119;254;2;70;3;317;593;769;807;540
1,3209,3269,1,0,67,10,2,130;265;17;81;14;327;598;769;818;551
1,3256,3474,1,0,75,9,3,83;218;30;281;557;769;771;504;767
1,3226,3309,1,0,57,9,1,113;248;0;64;311;587;769;801;534
1,3189,3278,1,0,71,10,3,150;285;37;101;34;348;624;907;838;571
1,3171,3227,1,1,54,8,2,168;285;55;119;52;12;366;642
1,3207,3463,1,1,72,10,9,132;267;19;83;16;327;598;889;820;553
1,3190,3253,1,0,70,10,1,149;284;36;100;33;347;598;906;837;570
1,2898,2955,1,0,53,9,1,269;441;576;89;204;199;392;325;285
1,2905,3149,1,1,70,9,8,262;434;560;89;204;192;385;318;278
1,2909,3184,1,1,79,10,7,258;430;560;89;204;188;381;314;90;628
1,2940,2996,1,1,82,10,3,227;399;534;84;204;157;350;283;90;407
1,2841,3093,1,1,55,10,4,30;25;311;498;603;183;204;256;449;334
1,2868,2957,1,0,57,9,2,3;299;471;603;156;204;229;422;334
1,2869,2957,1,0,51,9,2,2;298;470;603;155;204;228;415;334
0,2880,2941,1,1,0,9,0,287;459;594;89;204;217;410;334;303
1,2973,3204,1,1,91,10,6,194;366;501;51;203;77;281;250;90;374
1,2991,3233,1,1,61,10,4,176;348;483;33;203;77;281;232;90;368
1,3021,3319,1,1,51,10,3,146;318;285;3;203;76;269;202;90;368
1,3026,3078,1,1,46,9,3,141;313;285;200;71;264;197;90;368
1,2945,3200,1,1,92,10,2,222;394;529;79;203;152;345;278;90;407
1,2964,3015,1,0,92,10,2,203;375;510;60;203;133;326;259;90;374
1,2966,3039,1,1,90,10,2,201;373;508;58;203;131;301;257;90;374
1,2969,3049,1,1,61,10,1,198;370;505;55;203;128;281;254;90;374
1,2726,2797,1,0,92,12,2,145;68;140;107;441;613;687;298;500;371;564;334
1,2705,2786,1,0,87,12,2,166;89;151;128;462;634;687;319;521;392;585;334
1,2699,2784,1,1,87,12,2,172;95;165;134;468;640;687;325;527;398;591;334
1,2694,2750,1,0,87,12,2,177;100;172;139;473;645;687;330;532;403;596;334
1,2691,2749,1,0,81,12,4,180;103;175;142;476;648;687;333;535;406;599;389
1,2663,2745,1,0,82,15,1,17;15;27;208;131;203;170;504;676;687;361;563;434;627;389
1,2635,2906,1,0,64,16,9,45;43;55;236;24;159;231;198;532;704;839;389;591;462;655;389
1,2623,2902,1,0,60,16,9,57;55;67;248;36;171;243;210;544;708;851;401;603;474;667;600
1,2833,2921,1,0,58,11,2,38;33;0;311;506;641;191;204;264;457;334
1,2817,3024,1,1,64,11,6,54;49;16;311;522;657;207;215;280;473;334
1,2808,3065,1,1,63,11,8,63;58;25;311;531;666;216;418;289;479;334
1,2799,2878,1,0,82,11,3,72;67;34;311;540;675;225;427;298;491;334
1,2783,2871,1,0,69,12,3,88;11;75;50;322;556;687;241;443;314;507;334
1,2782,2989,1,0,76,12,5,89;12;75;51;373;557;687;242;444;315;508;334
1,2776,2838,1,1,69,12,2,95;18;90;57;373;563;687;248;450;321;514;334
1,2738,2794,1,1,89,12,2,133;56;128;95;373;601;687;286;488;359;552;334
1,2513,2594,1,0,81,16,4,21;167;25;165;177;354;146;281;353;320;654;708;908;511;713;584
1,2522,2589,1,0,75,16,5,12;158;3;156;168;349;137;272;344;311;645;708;908;502;704;575
1,2491,2571,1,0,60,15,4,43;189;47;6;187;199;380;168;303;375;342;676;708;983;533
1,2511,2590,1,1,82,16,4,23;169;27;167;179;360;148;283;355;322;656;708;908;513;715;586
1,2436,2505,1,0,41,16,2,3;98;244;102;10;242;254;435;12;223;26;358;430;397;731;708
1,2453,2516,1,0,55,14,4,81;227;85;10;225;237;418;206;9;341;413;380;714;708
1,2412,2486,1,0,35,16,4,27;122;254;126;10;266;263;459;36;247;50;377;454;420;755;927
1,2418,2638,1,0,45,16,10,21;116;254;120;10;260;263;453;30;241;44;369;448;415;749;921
1,2594,2660,1,0,60,16,5,86;84;96;277;65;200;272;239;573;708;880;430;632;503;679;629
1,2606,2657,1,1,60,16,2,74;72;84;265;53;179;260;227;561;708;868;418;620;491;679;617
1,2550,2838,1,0,118,15,10,124;128;140;321;109;244;316;283;617;708;908;453;676;547;679
1,2559,2611,1,0,103,15,1,121;119;131;312;100;234;307;274;608;708;908;453;667;538;679
1,2541,2601,1,1,99,15,3,139;137;149;330;118;253;325;292;626;708;908;453;685;556;749
1,2545,2612,1,1,103,15,4,124;133;145;326;114;249;321;288;622;708;908;453;681;552;745
1,2522,2580,1,0,86,16,1,12;158;3;156;168;349;137;267;344;311;645;708;908;502;704;575
1,2536,2618,1,0,82,15,2,144;2;142;154;335;123;258;328;297;631;708;908;488;690;561
1,3573,3655,1,1,49,7,2,240;523;334;187;450;323;669
1,3551,3637,1,0,42,7,2,262;533;334;209;472;348;691
1,3614,3681,1,0,40,7,2,199;482;334;146;409;285;626
1,3602,3895,1,0,49,7,6,211;494;334;158;421;297;640
1,3477,3538,1,0,49,8,2,42;336;619;334;283;546;422;765
1,3457,3713,1,0,55,8,4,17;80;356;639;570;303;566;438
1,3550,3608,1,0,50,7,2,263;546;334;210;473;349;692
0,3514,3581,1,0,0,8,0,23;299;582;334;246;509;385;728
1,3402,3478,1,0,65,8,2,72;105;411;694;625;358;621;438
1,3396,3485,1,0,63,8,1,78;141;417;700;631;359;627;438
1,3457,3659,1,0,56,8,2,17;80;356;639;334;303;566;438
1,3410,3486,1,0,43,8,2,64;105;403;686;617;350;600;438
1,3294,3380,1,0,65,8,1,45;180;243;491;769;733;466;678
1,3290,3372,1,0,66,9,2,49;184;0;247;523;769;737;470;678
1,3352,3560,1,0,71,8,4,122;185;461;744;675;359;671;547
1,3307,3509,1,1,64,8,3,32;167;230;491;769;720;453;678
1,3724,3936,1,0,54,7,2,82;372;303;27;77;175;363
0,3729,3800,1,0,0,7,0,82;367;278;27;77;170;363
1,3745,3827,1,1,44,7,1,68;351;278;15;77;154;363
1,3755,3809,1,0,54,7,1,58;318;272;5;77;144;363
1,3690,3773,1,0,49,7,2,123;406;318;70;77;209;363
1,3709,3796,1,0,54,7,2,104;387;318;51;77;190;363
1,3715,3767,1,0,59,7,2,98;381;312;45;77;184;363
1,3717,4012,1,0,63,7,3,96;379;310;27;77;182;363
1,3663,3929,1,0,61,7,3,150;412;334;97;351;236;579
1,3665,3722,1,0,49,7,2,148;412;334;95;351;234;372
1,3679,3960,1,0,50,7,6,134;412;334;81;344;220;363
1,3687,3763,1,0,48,7,1,126;409;334;73;77;212;363
1,3614,3677,1,0,44,7,2,199;456;334;146;409;285;626
1,3643,3701,1,0,49,7,2,170;453;334;117;380;256;599
1,3644,3702,1,0,54,7,2,169;412;334;116;379;255;598
1,3658,3739,1,0,49,7,2,155;412;334;102;365;241;584
1,3952,4031,1,0,75,8,2,144;67;71;290;681;740;358;371
1,3934,4012,1,0,58,7,2,162;76;77;308;681;758;358
1,3923,3996,1,0,58,7,2,173;104;77;319;681;769;358
1,3909,4166,1,0,63,7,3,187;118;77;333;681;783;476
0,3903,3974,1,0,0,7,0,193;124;77;339;681;789;482
0,3902,3989,1,0,0,7,0,194;125;77;340;681;790;483
1,3875,4164,1,0,62,8,5,221;152;77;20;363;826;817;510
0,3865,3921,1,0,0,8,0,231;162;77;20;363;836;827;520
1,3856,3915,1,1,70,8,1,240;171;77;43;363;845;836;529
0,3828,3886,1,0,0,6,0,268;199;77;63;363;873
1,3827,3889,1,0,48,6,1,269;200;77;72;363;874
0,3802,3869,1,0,0,6,0,11;294;225;77;87;363
0,3796,3850,1,0,0,6,0,17;295;231;77;87;363
1,3787,3841,1,0,56,6,2,26;295;240;77;97;363
1,3783,3841,1,0,58,6,2,30;295;244;77;116;363
1,3771,3844,1,0,63,6,1,42;313;256;77;128;363
1,4209,4284,1,0,54,10,1,33;492;483;38;114;252;352;495;581;828
1,4232,4496,1,0,81,11,6,10;469;460;38;91;252;352;472;563;805;747
1,4182,4244,1,1,57,10,1,60;519;510;38;141;252;585;522;581;855
1,4200,4483,1,1,80,10,8,42;501;492;38;123;252;567;504;581;837
1,4156,4245,1,0,63,9,1,86;545;535;38;167;252;631;548;617
1,4168,4234,1,1,63,9,1,74;533;524;38;155;252;585;536;617
1,4140,4368,1,0,69,9,5,102;561;535;245;183;252;647;564;680
1,4141,4377,1,0,75,9,6,101;560;535;38;182;252;646;563;679
1,4058,4108,1,0,60,8,1,38;184;643;570;327;265;252;729
1,4127,4189,1,0,40,8,2,115;574;565;258;196;252;660;577
1,4032,4249,1,1,66,7,3,64;210;669;570;337;291;458
1,4043,4128,1,0,50,7,1,53;199;658;570;337;280;381
1,3964,4014,1,1,85,8,1,132;49;59;278;681;728;337;359
1,3993,4285,1,1,75,8,5,103;34;30;249;681;699;337;330
1,3955,4157,1,0,61,8,3,141;64;68;287;681;737;358;368
1,3962,4029,1,0,75,8,2,134;64;61;280;681;730;337;361
1,4327,4607,1,1,69,10,7,256;365;37;163;352;377;493;710;494;693
1,4298,4515,1,1,83,11,4,256;394;37;25;192;352;406;522;739;494;698
1,4343,4412,1,0,75,10,1,256;349;37;147;352;345;477;694;494;677
1,4336,4584,1,0,83,10,4,256;356;37;154;352;345;484;701;494;684
1,4412,4496,1,1,60,9,3,256;280;78;352;51;408;625;494;608
1,4402,4659,1,0,69,9,5,256;290;88;352;302;418;635;494;618
1,4431,4482,1,1,65,11,1,256;261;59;352;51;389;606;493;589;849;711
1,4427,4692,1,2,85,11,10,256;265;63;352;51;393;610;493;593;1041;715
1,4239,4488,1,1,70,11,4,3;462;453;38;84;251;352;465;563;798;534
1,4236,4440,1,0,71,11,2,6;465;456;38;87;252;352;468;563;801;538
1,4254,4482,1,0,84,10,4,256;438;38;69;236;352;450;563;783;494
1,4243,4497,1,1,100,10,5,458;449;38;80;247;352;461;563;794;494
1,4274,4361,1,0,99,11,2,256;418;38;49;216;352;430;546;763;494;698
1,4257,4344,1,0,91,11,2,256;420;38;66;233;352;447;563;780;494;763
1,4279,4357,1,1,90,11,2,256;413;37;44;211;352;425;541;758;494;698
1,4276,4543,1,0,115,11,5,256;416;38;47;213;352;428;544;761;494;698
1,4592,4660,1,0,52,15,3,109;100;195;51;228;445;371;428;849;550;631;847;690;635;869
1,4614,4680,1,0,45,16,3,87;78;173;51;206;423;365;406;825;528;609;825;690;613;847;878
1,4621,4674,1,0,35,17,5,80;71;166;51;199;416;358;399;825;509;602;818;690;606;840;871;507
1,4659,4710,1,0,63,18,5,42;33;128;45;161;378;320;361;809;483;564;780;675;568;802;833;469;996
1,4666,4922,1,0,59,18,14,35;26;121;38;154;371;313;354;793;476;557;773;668;561;795;826;462;989
1,4674,4760,1,1,78,19,4,27;18;113;30;146;363;305;346;793;468;549;765;660;553;787;818;269;981;770
1,4711,4777,1,1,92,18,4,76;109;292;268;309;757;431;512;728;623;516;750;781;269;944;733;918;982
1,4738,5005,1,0,79,18,11,49;82;292;241;282;730;404;485;701;596;489;723;754;269;917;706;891;941
1,4440,4712,1,0,98,11,7,256;252;50;347;51;380;597;493;580;849;674
1,4444,4711,1,1,78,11,6,256;248;46;343;51;376;593;493;576;849;664
1,4462,4536,1,0,86,12,3,239;230;28;325;51;358;575;492;558;849;664;761
1,4485,4536,1,0,45,13,2,216;207;5;302;51;335;552;492;535;849;657;703;954
1,4492,4577,1,0,63,12,3,209;185;295;51;328;545;487;528;849;650;703;947
1,4498,4550,1,0,39,12,3,174;185;289;51;322;539;481;522;849;644;703;941
1,4566,4651,1,0,35,13,2,135;126;221;51;254;471;413;454;849;576;657;873;768
1,4566,4647,1,1,51,13,3,135;126;221;51;254;471;413;454;849;576;657;873;690
1,4968,5189,1,0,150,21,13,67;5;52;500;174;255;368;341;168;493;524;160;687;476;661;725;738;432;459;581;681
1,4940,4995,1,1,81,20,3,97;5;80;524;202;283;368;341;168;521;552;188;715;504;689;753;766;460;487;609
1,4925,4977,1,1,43,19,3,112;5;95;543;217;298;368;341;168;536;567;203;730;519;704;768;781;475;502
1,4915,4973,1,0,46,19,3,122;5;105;553;227;308;368;341;168;546;577;213;740;529;714;778;791;485;512
1,5022,5103,1,1,83,19,3,15;446;120;201;368;312;168;439;470;106;633;422;560;671;684;378;291;435;627
1,5004,5086,1,1,111,20,5,33;16;457;138;219;368;330;168;457;488;124;651;440;625;689;702;396;291;435;645
1,5001,5209,1,0,130,20,10,36;19;457;141;222;368;333;168;460;491;127;654;443;628;692;705;399;291;548;648
1,4998,5060,1,1,151,20,4,39;22;470;144;225;368;336;168;463;494;130;657;446;631;695;708;402;291;551;651
1,4826,4909,1,0,65,18,4,211;113;194;642;316;397;613;508;401;596;666;269;818;618;803;867;821;574
1,4821,4894,1,0,65,18,5,216;113;199;647;321;402;618;513;406;596;671;269;818;623;808;872;885;579
1,4817,4890,1,1,65,19,4,3;220;162;203;651;325;406;622;517;410;596;675;269;818;627;812;876;889;583
1,4812,5014,1,0,72,18,7,8;225;167;208;656;330;411;627;522;415;649;680;269;818;632;817;881;894
1,4914,4982,1,0,44,19,6,123;65;106;554;228;309;368;341;168;547;578;214;741;530;715;779;792;486;513
1,4912,5165,1,0,67,19,15,125;67;108;556;230;311;368;341;315;549;580;216;743;532;717;781;794;488;515
1,4883,5123,1,0,65,19,12,154;96;137;585;259;340;556;341;344;578;609;245;772;561;746;810;821;517;544
1,4867,5129,1,0,50,18,10,170;112;153;601;275;356;572;467;360;594;625;261;788;564;762;826;821;533
1,5151,5201,1,1,52,18,4,317;72;283;183;76;310;341;504;293;478;542;555;249;276;389;378;628;752
1,5190,5240,1,0,51,20,3,278;33;249;144;37;271;302;465;254;439;503;516;210;237;359;378;628;713;788;630
1,5141,5227,1,1,52,19,6,327;1;82;283;193;86;320;351;514;303;488;552;565;259;286;408;378;630;762
1,5148,5231,1,0,52,18,2,320;75;283;186;79;313;344;507;296;481;545;558;252;279;401;378;628;755
1,5217,5288,1,0,50,20,4,251;6;222;117;10;244;275;438;227;375;476;480;183;210;332;378;628;686;723;603
1,5225,5292,1,1,49,19,5,243;214;94;2;236;267;430;219;375;468;480;175;202;324;378;628;678;723;595
1,5205,5256,1,1,52,20,2,263;18;234;129;22;256;287;450;239;424;488;480;195;222;344;378;628;698;773;615
1,5206,5284,1,1,46,20,5,262;17;233;128;21;255;286;449;238;375;487;480;194;221;343;378;628;697;772;614
1,5035,5309,1,1,116,20,13,2;433;107;188;360;299;168;426;457;93;620;409;554;658;671;303;291;435;614;822
1,5061,5136,1,1,78,19,3,407;81;162;360;273;166;400;431;67;594;383;554;632;645;303;291;435;378;796
1,5024,5112,1,0,84,19,5,13;444;118;199;360;310;168;437;468;104;631;420;560;669;682;376;291;435;625
1,5033,5122,1,1,92,20,3,4;435;109;190;360;301;168;428;459;95;622;411;554;660;673;367;291;435;616;824
1,5102,5172,1,1,52,19,3,366;40;121;337;232;125;359;390;26;553;342;527;591;604;298;291;416;378;630
1,5137,5200,1,0,52,19,3,331;5;86;302;197;90;324;355;518;307;492;556;569;263;290;412;378;630;766
1,5074,5282,1,1,72,19,7,394;68;149;345;260;153;387;418;54;581;370;554;619;632;303;291;435;378;783
1,5076,5295,1,0,66,19,10,392;66;147;345;258;151;385;416;52;579;368;553;617;630;303;291;416;378;781
1,5288,5360,1,0,86,20,6,180;151;46;173;204;367;156;301;405;418;112;139;261;252;569;615;690;532;439;820
1,5305,5380,1,1,71,20,6,163;134;10;156;187;350;139;301;388;401;95;122;244;252;552;598;673;515;422;803
1,5310,5570,1,0,77,20,7,149;129;10;151;182;345;134;301;383;396;90;117;239;252;547;593;668;510;417;798
1,5325,5397,1,0,37,20,4,143;114;9;136;167;330;119;301;368;381;75;102;224;252;532;578;653;495;402;689
1,5236,5310,1,0,91,19,5,232;203;94;225;256;419;208;375;457;470;164;191;313;378;621;667;692;584;491
1,5241,5330,1,1,90,19,5,227;198;93;220;251;414;203;375;452;465;159;186;308;378;616;662;692;579;455
1,5252,5454,1,0,79,20,9,216;187;82;209;240;403;192;375;441;454;148;175;297;378;605;651;692;568;441;856
1,5276,5347,1,0,79,20,6,192;163;58;185;216;379;168;353;417;430;124;151;273;252;581;627;692;544;441;832
1,5384,5435,1,0,29,19,3,84;55;77;108;271;60;245;309;322;16;43;165;252;473;519;583;433;343;689
1,5390,5442,1,0,35,19,4,78;49;71;102;265;44;239;303;316;10;37;159;252;467;513;583;430;337;689
1,5403,5614,1,1,41,18,6,65;36;58;89;252;41;226;290;303;24;138;246;454;500;575;417;324;689
1,5404,5637,1,1,40,18,6,64;35;57;88;251;40;225;289;302;23;138;245;453;499;557;416;323;689
1,5327,5416,1,0,55,20,5,141;112;7;134;165;328;117;301;366;379;73;100;208;252;530;576;651;493;400;689
1,5339,5609,1,0,61,19,12,129;100;122;133;316;105;290;354;367;61;88;208;252;518;564;639;481;388;689
0,5346,5408,1,0,0,19,0,122;93;115;133;309;98;283;347;360;54;81;203;252;511;557;632;433;381;689
1,5378,5582,1,1,42,19,6,90;61;83;114;277;66;251;315;328;22;49;171;252;479;525;600;433;349;689
1,5476,5528,1,0,64,16,3,16;179;153;217;230;73;173;381;427;502;145;251;607;556;717;771
1,5456,5709,1,0,52,16,9,12;2;36;199;173;237;250;93;193;401;447;522;364;271;607;576
1,5499,5552,1,0,64,15,3,156;130;194;207;50;150;358;404;479;145;228;607;533;694;748
0,5499,5569,1,1,0,15,0,156;130;194;207;50;150;358;404;458;145;228;607;533;694;748
1,5431,5486,1,1,34,17,1,37;8;30;61;224;13;198;262;275;118;218;426;472;547;389;296;677
1,5418,5470,1,0,56,18,5,50;21;43;74;237;26;211;275;288;9;131;231;439;485;557;402;309;689
1,5448,5529,1,0,50,16,1,20;12;44;207;181;245;258;101;201;409;455;530;372;279;607;584
1,5435,5700,1,1,50,18,9,33;4;12;57;220;9;194;258;271;114;214;422;468;543;385;292;673;597
1,5583,5644,1,0,87,14,2,72;46;110;85;66;274;320;395;145;144;525;449;610;528
1,5582,5668,1,0,88,14,5,73;47;111;124;67;275;321;396;145;145;526;450;611;528
1,5631,5719,1,0,115,16,4,24;62;75;18;226;272;347;145;96;477;401;562;528;791;499;703
1,5592,5670,1,1,91,14,3,63;37;101;85;57;265;311;386;145;135;508;440;601;528
1,5526,5598,1,0,81,15,5,129;103;167;180;23;123;331;377;452;145;201;582;506;667;721
0,5500,5577,1,1,0,15,0,155;129;193;206;49;149;357;403;458;145;227;607;532;693;747
1,5566,5642,1,1,82,14,3,89;63;127;140;83;291;337;412;145;161;542;466;618;528
1,5563,5801,1,0,77,14,7,92;66;130;143;86;294;340;415;145;164;545;469;618;684
1,5721,5798,1,0,80,14,5,136;182;257;97;6;387;264;472;526;701;400;613;913;1156
1,5748,5798,1,0,57,13,5,109;155;230;72;360;264;445;499;674;382;586;886;1129
1,5698,5764,1,0,81,15,5,8;159;205;280;122;29;410;264;495;528;724;400;636;936;1171
0,5699,5781,1,0,0,15,0,7;158;204;279;97;28;409;264;494;528;723;400;635;935;1171
0,5683,5757,1,1,0,16,0,10;23;174;220;295;137;44;425;349;510;528;739;400;651;951;1171
1,5687,5775,1,0,58,16,1,6;19;170;216;291;133;40;421;345;506;528;735;400;647;947;1171
1,5664,5720,1,0,100,16,3,29;42;193;239;314;145;63;444;368;529;528;758;466;670;970;1213
1,5676,5743,1,1,99,16,4,17;30;181;227;302;144;51;432;356;517;528;746;454;658;958;1171
1,5818,5888,1,1,59,13,2,39;85;82;2;290;54;375;429;604;312;412;667;1046
0,5839,5911,1,1,0,12,0,18;64;82;269;54;354;408;583;291;412;667;1038
1,5806,6006,1,0,69,13,3,51;97;82;14;302;54;387;441;616;324;528;667;1071
1,5808,5882,1,0,53,13,2,49;95;82;12;300;54;385;439;614;322;412;667;1069
1,5791,6007,1,0,48,13,3,66;112;82;29;317;241;402;456;631;339;543;667;1086
1,5792,5858,1,1,40,13,2,65;111;82;28;316;54;401;455;630;338;542;667;1085
1,5763,5992,1,0,61,13,8,94;140;215;57;345;264;430;484;659;367;571;871;1114
1,5764,6032,1,0,58,13,5,93;139;214;56;344;264;429;483;658;366;570;667;1113
1,5938,6004,1,0,59,11,3,40;170;48;255;309;484;192;370;667;939;695
1,5919,5979,1,0,76,11,3,59;189;54;274;328;496;211;370;667;958;714
1,5897,5967,1,1,82,12,1,6;81;211;54;296;332;525;233;370;667;980;736
1,5886,5970,1,0,98,12,3,17;82;222;54;307;332;536;244;412;667;991;747
1,5870,5927,1,0,100,11,1,33;82;238;54;323;332;552;260;412;667;1007
1,5855,5931,1,1,99,12,2,2;48;82;253;54;338;388;567;275;412;667;1022
1,5850,5925,1,1,79,12,2,7;53;82;258;54;343;397;572;277;412;667;1027
1,5846,5923,1,0,85,12,2,11;57;82;262;54;347;401;576;284;412;667;1031
0,6048,6130,1,1,0,14,0,60;145;199;374;82;286;586;829;537;577;606;329;996;734
1,6040,6117,1,0,86,13,1,68;153;204;382;90;294;594;837;537;602;614;337;1004
0,6021,6083,1,0,0,13,0,87;11;172;204;401;109;313;613;856;537;602;633;356
1,6020,6105,1,0,76,13,4,88;12;173;204;402;110;314;614;857;613;602;634;357
1,6007,6236,1,0,55,12,5,101;19;186;204;415;123;327;627;870;626;737;647
1,5993,6051,1,0,69,12,3,115;19;200;254;429;137;341;641;884;640;751;661
1,5989,6078,1,0,60,12,3,119;43;204;258;433;141;345;645;888;644;755;665
1,5968,6026,1,1,55,11,3,10;140;48;225;279;454;162;366;666;909;665
0,6049,6103,1,0,0,14,0,59;144;198;373;81;285;585;828;537;577;605;328;995;733
1,6081,6139,1,1,105,16,5,27;112;166;341;49;253;553;796;537;577;573;296;963;701;517;438
1,6099,6171,1,0,104,16,5,9;94;148;323;31;235;535;778;519;577;555;278;945;683;499;420
1,6141,6221,1,0,68,14,2,52;106;281;193;493;736;492;577;513;236;903;641;457;378
1,6199,6406,1,0,79,15,9,48;223;135;435;678;434;545;455;178;845;583;399;320;659;593
1,6204,6273,1,0,90,15,3,43;218;130;430;673;429;540;450;173;679;578;394;315;654;588
1,6220,6274,1,0,69,15,1,27;202;114;414;657;400;524;434;157;679;562;378;299;638;572
1,6222,6296,1,0,76,15,2,25;200;112;412;609;400;522;432;155;679;560;376;297;636;570
1,6246,6335,1,0,77,15,4,1;176;88;388;609;387;498;408;131;679;536;352;273;612;546
1,6281,6546,1,0,65,14,9,141;53;353;596;352;463;373;56;679;501;317;238;577;511
1,6285,6496,1,0,76,14,7,137;49;349;592;348;459;369;56;679;497;313;234;573;384
1,6287,6363,1,0,70,14,3,135;47;347;590;346;457;367;56;679;495;311;232;539;384
1,6327,6397,1,0,54,15,3,95;7;307;550;306;417;327;50;679;455;271;192;531;384;903
1,6331,6401,1,1,52,15,4,91;3;303;546;302;413;323;1;679;451;267;188;527;384;899
1,6364,6438,1,0,37,15,3,58;270;513;269;380;290;1;671;418;234;155;494;384;866;1001
1,6390,6453,1,0,39,14,3,32;244;487;243;354;264;654;392;208;129;468;384;840;975
1,6394,6461,1,0,41,14,3,28;240;483;239;350;260;650;388;204;125;464;377;836;971
1,6394,6477,1,0,48,14,3,28;240;483;239;350;260;650;358;204;125;464;377;836;971
1,6411,6492,1,0,73,16,3,11;223;466;222;333;243;633;358;187;108;447;359;819;954;535;652
1,6402,6472,1,1,49,14,4,20;232;475;231;342;252;642;358;196;117;456;359;828;963
1,6414,6472,1,1,58,16,2,8;220;463;219;330;240;630;358;184;79;444;343;816;951;532;649
1,6411,6461,1,0,64,16,3,11;223;466;222;333;243;633;358;187;79;447;359;819;954;535;652
1,6436,6683,1,1,73,15,10,198;441;197;302;218;608;346;162;79;422;317;794;929;510;627
1,6429,6497,1,0,75,15,3,205;448;204;302;225;615;353;169;79;429;343;801;936;517;634
1,6466,6536,1,0,59,16,2,168;411;167;278;188;578;316;132;53;392;317;764;715;282;597;749
1,6440,6733,1,1,83,15,10,194;437;193;302;214;604;342;158;79;418;317;790;715;506;623
1,6482,6543,1,0,105,17,2,152;395;144;262;172;562;300;116;37;376;310;748;715;282;581;733;822
1,6477,6536,1,0,74,16,3,157;400;156;267;177;567;305;121;42;381;315;753;715;282;586;738
1,6516,6722,1,1,125,19,7,118;361;117;228;138;528;266;82;3;323;276;678;715;282;547;699;788;620;755
1,6498,6564,1,0,81,17,2,136;379;135;246;156;546;284;100;21;323;294;732;715;282;565;717;806
1,6561,6625,1,1,130,19,2,73;316;72;183;93;483;221;37;297;231;669;715;282;502;654;572;575;710;931
1,6532,6771,1,0,126,18,10,102;345;101;212;122;512;250;66;323;260;678;715;282;531;683;592;604;739
1,6617,6700,1,0,123,19,3,17;259;16;127;37;427;165;241;175;613;715;282;446;598;572;519;654;875;620
1,6651,6714,1,1,177,18,1,226;93;3;393;131;207;141;579;695;282;412;564;572;485;620;841;586;403
1,6598,6658,1,0,141,20,2,36;279;35;146;56;446;184;0;260;194;632;715;282;465;617;572;538;673;894;639
1,6602,6658,1,1,116,19,2,32;275;31;142;52;441;180;256;190;628;715;282;461;613;572;534;669;890;635
1,6676,6748,1,0,153,17,4,201;68;368;106;182;116;525;689;270;387;539;572;460;595;641;561;378
1,6701,6771,1,1,117,17,2,176;43;343;81;157;91;524;664;245;362;514;572;435;570;641;536;353
1,6652,6855,1,1,178,18,8,225;92;2;377;130;206;140;578;695;282;411;563;572;484;619;840;585;402
1,6674,6740,1,1,150,17,4,203;70;370;108;184;118;556;691;272;389;541;572;462;597;641;563;380
1,6729,6784,1,0,114,17,1,146;15;315;53;129;63;501;636;217;334;486;572;407;542;641;472;264
1,6794,6866,1,0,83,16,1,83;250;64;436;571;152;269;421;510;342;477;641;443;260;883;349
1,6702,6790,1,0,115,17,3,146;42;342;80;156;90;524;663;244;361;513;572;434;569;641;535;352
1,6721,6953,1,1,152,17,10,146;23;323;61;137;71;509;644;225;342;494;572;415;550;641;472;333
1,6810,6883,1,1,89,16,3,67;234;48;420;555;136;253;355;458;326;461;641;427;244;867;333
1,6831,6911,1,1,69,16,2,46;213;27;399;534;115;232;355;458;305;440;615;406;223;846;312
1,6807,6884,1,0,91,16,3,70;237;51;423;558;139;256;355;497;329;464;641;430;247;870;336
0,6809,6862,1,0,0,16,0,68;235;49;421;556;137;254;355;458;327;462;641;428;245;868;334
1,6846,6917,1,0,91,16,2,31;198;12;222;507;100;217;355;458;241;425;615;391;180;831;297
1,6845,6898,1,0,78,16,1,32;199;13;222;507;101;218;355;458;291;426;615;392;180;832;298
1,6841,6915,1,0,56,16,3,36;203;17;222;507;105;222;355;458;295;430;615;396;213;836;302
1,6834,7058,1,1,92,16,12,43;210;24;396;507;112;229;355;458;302;437;615;403;220;843;309
0,6882,6940,1,0,0,14,0,162;190;483;64;181;267;422;241;389;610;355;172;795;261
1,6881,7174,1,1,84,14,9,163;190;484;65;182;334;423;241;390;611;356;173;796;262
1,6880,7170,1,0,66,14,10,164;222;485;66;183;335;424;241;391;612;357;174;797;263
1,6849,6921,1,1,75,16,2,28;195;9;222;507;93;214;355;455;241;422;615;388;180;828;294
1,6942,7012,1,0,91,17,4,102;190;423;4;121;267;362;194;280;550;295;112;721;201;618;778;586
1,6935,7020,1,1,95,17,3,109;190;430;11;128;267;369;201;280;557;302;119;742;208;625;785;593
1,6922,6999,1,0,84,16,3,122;190;443;24;141;267;382;214;280;570;315;132;755;221;638;798
1,6904,6992,1,0,91,16,4,140;190;461;42;159;267;400;232;367;588;333;150;773;239;656;816
1,7078,7157,1,0,91,17,3,152;287;137;226;58;193;414;159;599;65;482;642;450;366;540;755;368
1,7039,7103,1,1,122,20,4,5;190;326;24;176;265;97;232;453;198;15;638;104;512;681;489;405;603;794;407
1,7014,7067,1,0,107,18,3,30;190;333;49;201;290;122;257;478;223;40;663;129;546;706;514;430;12
1,7012,7074,1,0,99,18,1,32;190;353;51;203;292;124;259;480;225;42;665;131;548;708;516;432;14
1,7534,7598,1,0,65,11,2,143;7;186;108;264;671;156;562;380;938;495
1,7543,7625,1,0,57,12,3,134;7;177;99;264;653;147;562;380;929;495;667
1,7524,7603,1,0,60,12,2,153;7;196;4;118;309;681;166;562;399;948;495
1,7528,7598,1,0,49,12,2,149;7;192;0;114;305;677;162;562;380;944;495
1,7482,7534,1,0,57,13,2,10;195;7;238;46;160;323;723;208;562;441;990;495
0,7509,7561,1,0,0,12,0,168;7;211;19;119;323;696;181;562;414;963;495
0,7470,7522,1,0,0,13,0,22;207;90;250;58;172;323;735;220;562;441;1002;495
1,7471,7559,1,1,57,13,1,21;206;89;249;57;171;323;734;219;562;441;1001;495
1,7463,7536,1,0,64,13,2,29;214;97;257;65;179;335;742;227;562;460;1009;495
1,7465,7532,1,0,60,13,2,27;212;95;255;63;177;335;740;225;562;441;1007;495
1,7400,7469,1,1,80,15,2,92;277;160;320;128;44;242;335;46;805;290;719;487;1072;495
1,7456,7719,1,0,64,13,7,36;221;104;264;72;186;335;749;234;696;467;1016;495
0,7380,7442,1,1,0,15,0,112;297;180;340;148;64;247;335;66;825;310;772;487;1092;495
1,7395,7448,1,0,80,15,3,97;282;165;325;133;49;247;335;51;810;295;757;487;1077;495
1,7358,7446,1,1,85,16,3,7;134;319;201;362;161;86;284;335;66;847;332;794;487;1114;775
1,7372,7656,1,1,87,15,9,120;305;188;348;156;72;247;335;66;833;318;780;487;1100;761
1,7347,7432,1,1,78,16,3,18;145;330;201;373;161;97;295;335;66;857;343;801;501;1125;786
1,7345,7403,1,0,78,16,2,20;147;332;215;375;161;99;297;335;66;857;345;801;501;1127;788
1,7331,7394,1,1,79,16,2,34;161;346;229;389;161;113;311;335;98;857;359;801;501;1141;802
1,7317,7531,1,0,100,16,7,48;175;360;243;403;211;127;325;335;98;857;373;801;501;1155;816
1,7309,7569,1,1,118,16,8,56;183;368;251;411;219;135;333;524;98;857;381;801;501;1163;824
1,7303,7598,1,1,101,17,10,62;1;186;374;257;417;225;141;339;530;98;857;387;849;501;1169;830
1,7300,7373,1,1,92,16,2,65;4;186;377;260;420;228;144;342;533;146;857;390;852;501;1172
1,7287,7348,1,0,131,15,1,78;17;205;390;273;433;241;157;355;546;159;857;403;865;501
1,7272,7487,1,1,123,15,6,93;32;220;405;288;448;256;172;368;561;174;867;418;880;501
1,7265,7502,1,0,125,16,9,100;39;6;227;412;295;455;263;179;368;568;181;867;425;887;505
1,7259,7526,1,0,116,16,11,106;45;12;233;418;301;461;269;185;383;574;187;867;431;893;505
1,7226,7279,1,1,125,18,2,4;139;78;45;266;11;451;334;494;302;218;416;607;212;867;464;926;505
1,7220,7488,1,0,113,18,11,10;145;84;51;272;17;457;340;500;308;224;422;613;212;867;470;932;703
1,7213,7469,1,0,122,19,11,17;152;2;91;58;279;24;464;347;507;315;231;429;620;212;992;477;939;710
1,7188,7249,1,1,131,19,2,42;177;27;116;83;304;49;489;372;532;340;256;454;645;258;1017;502;964;735
1,7123,7174,1,0,117,18,3,107;242;92;181;13;148;369;114;551;20;437;597;405;321;519;710;323;1082
1,8088,8164,1,0,64,14,3,117;64;384;45;122;497;366;368;398;547;679;573;656;533
0,8112,8175,1,0,0,14,0,93;40;360;21;98;473;366;368;374;547;655;549;632;474
1,8145,8203,1,0,81,13,2,60;7;327;65;440;366;368;341;532;622;516;599;474
1,8164,8414,1,0,80,12,5,41;308;46;421;350;357;322;513;603;497;580;438
0,7992,8049,1,0,0,10,0,213;160;468;124;218;593;366;529;494;547
1,8041,8112,1,0,81,12,1,164;111;431;92;169;544;366;480;445;547;726;620
1,8050,8111,1,0,91,12,1,155;102;422;83;160;535;366;471;436;547;692;611
1,8082,8160,1,1,50,13,2,123;70;390;51;122;503;366;439;404;547;685;579;662
1,7929,8009,1,0,54,10,1,276;223;519;204;281;656;366;592;557;748
1,7945,8150,1,1,63,10,3,260;207;468;188;265;640;366;576;541;732
1,7958,8025,1,0,55,10,2,247;194;468;175;252;627;366;563;528;547
1,7979,8042,1,1,56,10,2,226;173;468;154;231;606;366;542;507;547
1,7867,7920,1,0,37,9,2,338;285;56;605;259;343;680;647;654
1,7886,7939,1,0,38,9,1,319;266;37;586;247;324;680;628;635
1,7913,7965,1,0,56,11,1,292;239;10;547;220;297;672;601;608;573;764
1,7922,8157,1,0,60,11,5,283;230;1;519;211;288;663;592;599;564;755
1,7730,7970,1,0,52,8,4,103;475;383;193;742;259;480;855
1,7722,7930,1,0,45,8,2,103;483;430;201;750;259;488;863
1,7778,7851,1,0,48,10,2,55;427;374;145;694;259;432;680;736;743
1,7735,7792,1,0,44,8,1,98;470;383;188;737;259;475;680
1,7668,7743,1,0,52,11,1,9;52;165;537;22;482;255;797;259;542;917
1,7659,7910,1,0,52,11,5,18;61;174;546;31;482;264;797;466;551;926
1,7707,7952,1,0,40,9,5,13;126;498;445;216;765;259;503;878
1,7679,7765,1,0,44,10,3,41;154;526;11;473;244;793;259;531;906
1,7619,7697,1,1,46,12,1,58;101;8;214;586;71;533;304;797;495;591;966
1,7618,7690,1,1,34,12,1,59;102;8;215;587;72;534;305;827;495;592;967
1,7654,7868,1,1,53,11,6,23;66;179;551;36;482;269;797;479;556;931
1,7623,7696,1,1,33,12,1,54;97;8;210;582;67;482;300;797;495;587;962
1,7587,7670,1,0,52,11,4,90;133;55;246;618;103;562;336;833;495;623
1,7577,7652,1,0,58,11,1,100;143;65;256;628;113;562;346;895;495;623
1,7606,7691,1,1,52,12,1,71;114;8;227;599;84;546;317;833;495;602;979
1,7596,7676,1,0,46,12,3,81;124;46;237;609;94;556;327;833;495;602;989
1,8588,8672,1,1,68,12,2,89;179;73;156;33;709;245;247;592;673;621;756
1,8691,8778,1,0,56,11,1,76;53;606;142;160;489;570;575;653;720;571
1,8574,8652,1,0,58,13,2,11;103;193;87;170;47;723;259;260;606;674;621;770
1,8578,8653,1,1,74,13,4,7;99;189;83;166;43;719;255;260;598;674;621;766
1,8708,8784,1,0,74,12,1,59;36;589;125;143;472;553;558;636;635;343;964
1,8732,8785,1,0,85,12,1,35;12;565;101;119;448;529;534;612;635;343;940
1,8692,8956,1,0,80,11,8,75;52;605;141;159;487;569;574;652;719;570
1,8700,8787,1,0,72,11,4,67;44;597;133;151;480;561;566;644;711;343
1,8493,8547,1,0,68,14,2,92;21;27;184;264;168;251;128;804;340;358;687;768;773
1,8504,8564,1,0,72,14,4,81;10;17;173;263;157;240;117;793;329;347;676;757;762
1,8458,8546,1,0,70,15,3,14;127;56;63;28;219;309;203;286;163;839;368;393;722;773
1,8482,8567,1,0,68,15,4,103;32;27;4;195;285;179;262;139;815;351;369;698;773;784
1,8555,8625,1,1,54,13,3,30;122;212;106;189;66;742;278;296;625;674;711;776
1,8569,8654,1,0,60,13,2,16;108;198;92;175;52;728;264;260;611;674;697;775
1,8548,8606,1,0,59,13,2,37;129;219;113;196;73;749;285;303;632;713;718;796
1,8552,8605,1,0,63,13,3,33;125;215;109;192;69;745;281;299;628;709;714;776
1,8354,8583,1,0,91,14,6,118;231;160;167;132;323;396;307;359;181;943;447;461;826
1,8350,8617,1,0,96,14,9,122;235;164;171;136;327;396;311;363;181;947;447;461;830
1,8343,8554,1,0,98,13,7,129;242;171;178;143;334;424;318;363;181;954;447;461
1,8341,8421,1,0,116,13,3,131;244;173;180;145;336;426;320;363;181;956;447;510
1,8457,8519,1,0,75,15,1,15;128;57;64;29;220;310;204;287;164;840;376;394;723;773
1,8452,8524,1,0,75,15,4,20;133;62;69;34;225;315;209;292;169;845;381;399;728;809
0,8411,8470,1,0,0,15,0,61;174;68;110;75;266;356;250;333;181;886;422;440;734;850
1,8403,8459,1,0,65,15,3,69;182;111;118;83;274;364;258;341;181;894;430;448;734;858
1,8195,8261,1,0,81,13,2,10;277;15;369;319;326;291;482;555;466;532;426;1102
1,8193,8245,1,0,71,12,3,12;279;17;369;321;328;293;484;574;468;532;428
1,8186,8386,1,0,70,12,6,19;286;24;399;328;335;300;491;581;475;532;435
1,8178,8260,1,0,70,12,3,27;294;32;407;336;343;308;499;589;483;554;438
1,8340,8409,1,0,96,13,1,132;245;174;181;146;337;427;321;363;181;957;493;511
1,8277,8354,1,0,90,12,1,195;308;237;244;209;400;490;384;363;181;1020;556
1,8243,8447,1,0,75,12,6,229;342;271;278;243;434;524;418;363;378;1054;590
1,8232,8521,1,0,75,12,10,240;353;282;289;254;445;535;429;512;387;1065;601
1,9220,9284,1,0,58,18,4,77;41;46;66;191;42;452;69;194;258;412;556;800;534;935;625;758;611
1,9230,9471,1,0,61,19,8,67;31;36;66;181;32;442;59;184;248;402;546;790;524;925;625;748;601;661
0,9235,9316,1,1,0,19,0,62;26;31;66;176;27;437;54;179;243;397;541;785;519;920;625;743;398;656
1,9334,9562,1,1,68,16,5,10;77;338;80;144;298;442;686;420;821;543;644;398;557;397;768
1,9349,9438,1,0,69,15,4,62;323;65;129;283;409;671;405;806;528;629;398;542;382;753
1,9363,9435,1,1,68,16,3,48;309;51;63;269;409;657;391;792;514;615;398;528;368;739;969
0,9371,9443,1,0,0,16,0,40;301;43;63;261;405;646;383;784;506;607;398;520;360;731;961
1,9380,9468,1,0,54,16,3,31;292;34;63;252;396;640;374;775;497;598;398;511;351;722;952
1,9098,9154,1,0,102,15,4,199;82;163;168;246;313;164;574;191;316;370;534;678;922;656
1,9099,9182,1,0,93,15,3,198;81;162;167;245;312;163;573;190;315;370;533;677;921;611
1,9111,9170,1,0,79,15,3,186;69;150;155;233;300;151;561;178;303;367;521;605;909;611
1,9114,9191,1,1,101,15,4,183;66;147;152;230;297;148;558;175;300;364;518;605;871;611
1,9143,9229,1,1,93,18,5,154;37;118;123;201;268;119;529;146;271;335;489;605;871;590;1012;734;835
1,9158,9221,1,0,83,18,4,139;22;103;108;186;253;104;514;131;256;320;474;605;862;583;997;719;820
1,9187,9265,1,0,108,18,4,110;74;79;157;224;75;485;102;227;291;445;589;833;567;935;690;791;644
1,9209,9284,1,0,75,18,2,88;52;57;135;202;53;463;80;205;269;423;567;811;545;935;625;769;622
1,8948,9001,1,1,84,12,1,299;232;294;318;396;463;314;724;341;466;530;684
1,8936,9021,1,1,86,12,3,303;244;294;330;408;475;316;736;353;478;542;696
1,8977,9181,1,0,104,12,7,299;203;284;289;367;432;285;695;312;437;501;655
1,8977,9059,1,0,75,12,2,299;203;284;275;367;432;285;695;312;437;501;655
1,8985,9069,1,1,69,12,2,299;195;274;275;359;426;277;687;304;429;493;647
1,8983,9230,1,0,87,12,9,299;197;274;275;361;428;279;689;306;431;495;649
1,9025,9114,1,0,92,13,3,272;155;236;241;319;386;237;647;264;389;453;587;751
1,8992,9079,1,0,84,12,1,299;188;269;274;352;419;270;680;297;422;486;587
1,8768,8833,1,0,53,10,3,529;49;83;412;493;498;576;635;343;904
1,8760,8818,1,1,58,11,2,7;537;73;91;419;501;506;584;635;343;912
1,8812,8870,1,0,63,10,2,303;21;39;368;449;454;532;599;316;860
1,8769,9054,1,0,67,10,5,528;49;82;411;492;497;575;635;316;903
1,8870,8942,1,0,63,9,1,303;310;391;396;474;541;316;802;419
1,8841,8893,1,0,52,10,1,303;10;339;420;425;503;570;316;831;448
1,8932,8986,1,0,88,11,2,303;248;329;333;412;479;316;740;357;482;546
1,8909,8986,1,0,64,10,1,303;271;352;357;435;502;316;763;380;505
0,9734,9814,1,0,0,18,0,25;286;20;421;143;244;97;157;326;386;320;103;198;571;764;640;512;744
1,9729,10024,1,0,61,19,11,47;291;25;426;148;249;102;162;2;326;386;320;108;198;576;764;645;625;749
1,9729,9781,1,1,61,19,4,47;291;25;426;148;249;102;162;2;326;386;320;108;198;576;764;645;512;749
1,9725,9811,1,0,54,19,4,51;295;29;430;152;253;106;166;6;326;386;320;112;198;580;770;649;629;753
1,9724,9782,1,1,53,19,2,52;296;30;431;153;254;107;167;7;326;386;320;113;219;581;770;650;630;754
1,9723,9800,1,1,63,19,4,53;297;31;432;154;255;108;168;8;326;386;320;114;220;582;838;651;631;755
1,9704,9782,1,0,87,18,5,72;316;50;451;173;274;127;187;27;398;386;320;133;239;601;857;670;650
1,9690,9977,1,1,96,17,8,86;330;58;457;187;288;141;197;41;412;609;320;147;253;615;871;684
1,9840,9896,1,0,61,18,4,180;315;37;138;51;262;386;235;103;465;721;534;512;638;681;650;780;768
1,9814,9903,1,0,77,19,5,206;341;63;164;17;77;288;386;261;23;129;491;747;541;512;664;681;683;806
1,9798,10073,1,0,95,19,11,222;342;79;180;33;93;304;386;277;39;145;507;763;541;512;680;681;725;822
1,9791,10076,1,0,80,18,7,229;342;86;187;40;100;311;386;284;46;152;514;764;583;512;687;681;732
1,9781,9866,1,0,85,18,4,239;342;92;197;50;110;321;386;294;56;162;524;764;593;512;697;765;742
1,9779,9843,1,0,85,18,3,241;376;92;199;52;112;323;386;296;58;164;526;764;595;512;699;767;744
1,9760,10025,1,1,93,18,9,16;260;395;117;218;71;131;326;386;315;77;183;545;764;614;512;703;786
1,9741,9829,1,0,86,19,5,25;279;13;414;136;237;90;150;326;386;320;96;198;564;764;633;512;737;805
1,9495,9736,1,1,81,17,11,177;137;281;519;259;660;382;483;336;396;236;607;837;323;342;448;810
1,9507,9804,1,0,109,17,11,165;125;269;513;247;648;370;471;324;384;224;595;825;323;330;294;798
1,9467,9525,1,0,74,18,4,205;11;165;309;553;287;688;410;511;364;424;264;635;865;608;370;476;838
1,9481,9764,1,1,90,17,11,191;151;295;519;273;674;396;497;350;410;250;621;851;594;356;462;824
1,9427,9511,1,0,68,17,1,245;51;205;349;593;327;728;450;551;398;464;304;675;905;648;410;516
1,9451,9511,1,0,91,17,3,215;27;181;325;569;303;704;426;527;380;440;280;651;881;624;386;492
1,9380,9612,1,1,69,16,5,31;292;34;63;252;396;640;368;775;497;598;398;511;351;722;952
0,9406,9459,1,0,0,19,0,5;266;8;63;226;370;614;348;749;471;572;398;485;325;696;926;669;431;537
1,9673,9749,1,0,93,17,3,103;347;81;482;204;305;158;197;58;429;609;320;164;270;632;888;701
1,9680,9747,1,1,80,17,3,96;340;74;457;197;298;151;197;51;422;609;320;157;263;625;881;694
0,9573,9632,1,0,0,17,0,99;59;203;447;176;582;304;405;258;318;158;529;609;320;264;294;732
1,9648,9707,1,0,68,17,3,24;128;372;106;507;229;330;183;243;83;454;609;320;189;294;657;913
0,9549,9607,1,0,0,17,0,123;83;227;471;205;602;328;429;282;342;182;553;609;320;288;294;756
1,9566,9617,1,1,82,17,3,106;66;210;454;188;589;311;412;265;325;165;536;609;320;271;294;739
1,9529,9579,1,0,65,17,2,143;103;247;491;225;626;348;449;302;362;202;573;803;320;308;294;776
1,9539,9756,1,0,91,17,9,133;93;237;481;215;602;338;439;292;352;192;563;793;320;298;294;766
1,10185,10256,1,1,57,16,2,79;120;376;189;169;62;361;338;435;423;627;552;228;393;922;637
1,10175,10231,1,0,75,14,5,79;130;386;199;179;81;371;348;445;433;637;562;228;393
1,10246,10451,1,0,51,16,8,79;59;315;128;108;62;300;277;374;362;566;491;225;393;811;576
1,10245,10327,1,0,46,16,2,79;60;316;129;109;62;301;278;375;363;567;492;226;393;862;577
1,10076,10138,1,0,46,16,4,79;26;79;223;485;298;278;402;469;447;509;532;736;661;228;687
1,10064,10144,1,0,36,16,6,91;31;79;11;223;497;310;290;414;482;459;509;544;748;673;228
1,10174,10447,1,1,75,14,10,79;131;387;200;180;304;372;349;446;434;638;563;228;393
1,10169,10462,1,0,62,14,10,79;136;392;205;185;309;377;354;451;439;643;568;228;594
1,10322,10378,1,0,62,17,4,10;239;52;32;62;29;201;298;286;490;415;149;357;781;500;136;537
1,10293,10366,1,0,57,18,4,39;12;268;81;61;62;29;230;327;315;519;444;178;357;781;529;165;566
1,10358,10588,1,0,64,15,6,203;16;62;29;165;262;250;454;379;113;357;749;308;100;501
1,10355,10612,1,1,70,15,10,206;19;62;29;168;265;253;457;382;116;357;752;467;103;504
1,10260,10343,1,0,52,17,7,72;45;301;114;94;62;286;263;337;348;552;477;211;393;811;562;198
1,10249,10304,1,1,51,16,6,79;56;312;125;105;62;297;274;356;359;563;488;222;393;811;573
1,10262,10536,1,0,63,17,9,70;43;299;112;92;62;29;261;337;346;550;475;209;357;811;560;196
1,10261,10538,1,0,53,17,9,71;44;300;113;93;62;285;262;337;347;551;476;210;357;811;561;197
1,9883,9962,1,0,46,17,6,137;272;95;8;219;386;192;60;422;678;375;455;595;663;640;628;725
1,9894,10146,1,1,70,17,10,126;261;76;208;386;181;49;411;667;375;455;584;652;629;628;714;918
1,9932,10003,1,0,81,18,5,88;223;46;170;386;143;11;373;629;375;422;546;614;591;509;676;880;805
1,9943,10167,1,0,93,19,10,77;212;35;159;386;132;0;362;618;365;411;535;603;580;509;665;869;794;528
1,9852,10089,1,0,69,18,9,168;303;25;126;39;250;386;223;91;453;709;522;502;626;681;650;768;756
1,9866,10087,1,0,47,18,7,154;289;11;112;25;236;386;209;77;439;695;508;488;612;680;650;628;742
0,9877,9960,1,1,0,18,0,143;278;0;101;14;225;386;198;66;428;684;375;477;601;669;646;628;731
1,9878,9937,1,0,49,17,6,142;277;100;13;224;386;197;65;427;683;375;476;600;668;645;628;730
1,10030,10256,1,0,58,16,7,125;72;79;45;275;531;344;324;448;516;493;509;578;782;707;441
1,10039,10102,1,0,46,16,4,116;63;79;36;266;522;335;315;439;507;484;509;569;773;698;228
1,10054,10142,1,0,45,16,2,101;31;79;21;251;507;320;300;424;492;469;509;554;758;683;228
1,10055,10141,1,0,40,16,2,100;31;79;20;250;506;319;299;423;491;468;509;544;757;682;228
1,9978,10051,1,0,78,18,5,42;177;0;124;354;97;327;583;365;376;500;568;545;509;618;834;759;493
1,9988,10045,1,0,58,17,3,32;167;114;344;87;317;573;365;366;490;558;535;509;618;801;749;483
1,9993,10289,1,0,65,17,13,27;162;109;339;82;312;568;365;361;485;553;530;509;615;801;724;478
1,10009,10064,1,0,52,17,4,11;146;93;79;66;296;552;365;345;469;537;514;509;599;801;724;462
0,10696,10763,1,0,0,11,0,116;41;67;411;126;163;473;720;682;545;651
0,10692,10750,1,0,0,11,0,120;45;71;415;130;167;477;724;686;545;651
1,10687,10911,1,0,93,11,4,125;50;76;420;135;172;482;728;691;635;651
1,10680,10766,1,0,81,11,2,132;57;83;427;142;179;489;728;698;635;713
1,10761,10822,1,0,45,10,3,51;2;340;61;98;408;655;474;545;632
1,10752,10839,1,0,44,10,2,60;11;355;70;107;417;664;474;545;641
1,10734,10963,1,1,64,11,6,78;3;21;373;88;125;435;682;644;545;651
1,10728,10797,1,0,63,11,2,84;9;35;379;94;131;441;688;650;545;651
0,10806,10886,1,0,0,10,0,6;301;16;53;310;610;474;545;587;677
1,10804,10883,1,0,39,10,2,8;303;18;55;353;612;474;545;589;679
1,10801,10857,1,0,42,10,3,11;306;21;58;368;615;474;545;592;682
1,10778,10844,1,0,46,9,1,34;329;42;81;391;638;474;545;615
1,10921,10973,1,0,85,10,1,186;248;495;457;488;342;562;916;954;395
1,10849,11110,1,0,64,8,2,258;10;310;567;474;545;544;634
0,10830,10886,1,0,0,8,0,277;29;310;586;474;545;563;653
0,10827,10885,1,0,0,8,0,280;32;310;589;474;545;566;656
1,10387,10464,1,1,58,14,2,174;62;29;136;233;221;425;350;84;208;720;308;71;314
1,10387,10437,1,0,65,14,4,174;62;29;136;233;199;425;350;84;208;720;308;71;314
1,10369,10660,1,1,65,15,9,192;5;62;29;154;251;239;443;368;102;238;738;308;89;490
1,10383,10444,1,0,53,14,2,178;62;29;140;237;225;429;354;88;238;724;308;75;314
1,10432,10715,1,0,52,14,5,129;46;29;91;188;176;380;305;39;208;664;308;26;314
1,10456,10741,1,1,70,17,8,105;22;29;67;164;152;356;281;15;198;651;308;2;314;713;116;960
1,10399,10468,1,0,61,14,3,162;55;29;124;221;199;413;338;72;208;708;308;59;314
1,10406,10475,1,1,48,14,1,155;55;29;117;214;199;406;331;65;208;701;308;51;314
1,10548,10809,1,1,61,14,10,13;72;49;264;189;198;559;274;311;589;24;868;830;861
1,10550,10827,1,1,58,14,5,11;70;49;262;187;198;557;272;309;589;22;866;828;635
1,10530,10591,1,0,65,15,3,31;16;90;78;282;207;198;577;292;314;607;42;886;848;879
1,10540,10609,1,1,45,15,3,21;6;80;49;272;197;198;567;282;314;607;32;876;838;869
1,10627,10706,1,0,65,11,2,185;110;136;480;195;232;542;789;751;635;766
1,10653,10712,1,0,75,11,2,137;84;110;454;169;206;516;763;725;635;740
1,10573,10629,1,0,49,12,2,47;35;239;164;190;534;249;286;589;843;805;635
1,10606,10667,1,0,54,12,2,14;2;206;131;157;501;216;253;563;810;772;635
1,11281,11482,1,1,104,15,5,116;97;128;112;198;502;594;35;325;239;545;247;1004;804;782
1,11278,11356,1,1,104,15,2,138;100;131;115;198;502;597;38;328;242;548;247;1004;807;785
1,11339,11412,1,1,103,14,2,77;39;70;54;144;498;536;267;181;487;247;1004;746;661
1,11293,11345,1,0,101,15,2,116;85;116;100;190;502;582;23;313;227;533;247;1004;792;661
1,11346,11552,1,1,108,14,5,70;32;63;47;137;447;529;260;174;480;247;997;739;645
1,11345,11430,1,1,81,14,3,71;33;64;48;138;447;530;261;175;481;247;998;740;661
1,11358,11575,1,1,64,15,5,58;20;51;35;125;447;441;248;162;468;247;985;727;645;685
1,11349,11598,1,0,85,15,6,67;29;60;44;134;447;457;257;171;477;247;994;736;645;694
1,11394,11472,1,1,50,13,2,22;15;71;443;422;212;126;432;247;949;691;645;649
1,11383,11451,1,1,50,14,2,33;26;10;100;447;422;223;137;443;247;960;702;645;660
1,11452,11744,1,1,60,11,6,31;385;422;154;68;374;238;891;633;611;591
1,11412,11476,1,1,45,12,1,4;71;425;422;163;108;414;247;931;673;645;631
1,11503,11592,1,0,51,11,3,334;372;103;17;323;187;840;582;560;540;730
1,11459,11513,1,0,35,11,1,24;378;416;147;61;367;231;878;626;604;584
1,11508,11582,1,0,49,11,1,329;275;98;12;318;167;831;577;555;535;725
1,11506,11737,1,0,63,11,5,331;369;100;14;320;184;831;579;557;537;727
1,10938,11195,1,0,79,11,8,169;231;478;440;471;342;545;899;937;378;668
1,10978,11050,1,0,105,12,3,129;191;438;400;431;342;505;856;897;338;628;542
1,11000,11079,1,0,87,12,3,107;169;416;378;409;342;483;837;875;316;606;520
1,11001,11073,1,0,86,12,3,106;168;415;377;408;342;482;836;874;315;567;519
1,11009,11065,1,0,65,13,2,98;160;407;369;400;335;474;828;866;307;567;511;817
1,11019,11101,1,0,72,13,3,88;150;397;359;390;335;464;814;856;297;567;501;807
1,11031,11115,1,1,99,14,3,76;138;385;347;341;335;452;806;844;285;567;489;795;659
1,11052,11105,1,0,101,14,3,55;117;364;326;341;335;431;785;823;264;554;468;774;638
1,11072,11361,1,0,115,14,11,35;97;344;306;337;321;411;765;803;244;534;448;754;618
1,11091,11164,1,0,99,14,2,16;78;325;287;318;302;392;502;784;225;515;429;735;599
1,11111,11162,1,0,99,13,2,58;305;267;298;282;372;502;764;205;495;409;707;579
1,11159,11429,1,1,98,14,9,10;257;219;250;234;324;502;716;157;447;361;667;531;1184
1,11220,11298,1,1,122,14,3,196;158;189;173;263;502;655;96;386;300;606;470;1004;865
1,11222,11289,1,1,110,14,2,194;156;187;171;261;502;653;94;384;298;563;468;1004;863
1,11225,11451,1,0,113,14,5,191;153;184;168;198;502;650;91;381;295;563;465;1004;860
1,11272,11344,1,1,104,15,2,144;106;137;121;198;502;603;44;334;248;554;247;1004;813;791
280
1311,2059,177.79,10
1286,2303,309.45,11
1358,1923,276.65,10
1330,1903,103.45,10
1106,1830,91.31,8
1096,1789,262.78,11
1255,1877,125.63,8
1243,2269,162.99,8
1681,2680,322.28,10
1621,2534,99.80,9
1781,2334,0.00,10
1760,2202,291.83,11
1430,1928,57.91,11
1361,2176,288.12,9
1610,2439,199.81,11
1506,2139,62.84,9
1907,2690,174.67,8
1919,2448,51.10,9
1933,2659,100.76,10
1935,2462,226.31,11
1823,2538,126.04,10
1873,2497,272.37,10
1884,2678,64.76,9
1907,2871,164.58,10
2397,3339,220.45,10
2472,3474,482.59,8
2477,3024,123.48,11
2510,3226,257.75,8
2018,2794,166.02,10
2097,2866,185.24,10
2218,2833,157.85,10
2380,3167,152.30,11
0,826,59.81,7
0,15,0.00,0
0,170,35.11,1
0,154,0.00,2
0,476,0.00,6
0,56,0.00,0
0,95,0.00,1
0,16,0.00,0
185,708,30.29,8
182,920,78.45,10
115,954,124.48,8
78,976,180.20,10
36,529,67.23,11
30,943,243.68,10
30,661,78.08,10
8,447,109.25,11
507,1154,368.65,9
512,1271,293.63,9
315,1169,180.99,9
385,1351,88.36,10
230,1202,306.47,8
279,996,0.00,11
195,953,91.12,10
215,1017,217.89,10
935,1419,244.15,11
1010,1805,0.00,10
836,1483,32.93,11
838,1845,221.55,11
796,1636,166.98,10
797,1488,175.13,9
579,1433,168.23,11
771,1649,133.77,9
4670,5444,71.00,8
4647,5655,127.72,11
4691,5693,41.15,11
4680,5629,213.34,11
4814,5400,64.96,10
4780,5706,140.22,11
4932,5549,183.51,10
4879,5427,168.62,9
5027,5857,153.17,11
4958,5649,362.38,8
5155,5978,279.93,10
5123,5903,0.00,10
5236,5727,50.35,10
5160,5820,293.32,11
5432,6032,299.48,10
5249,6108,201.35,11
5466,6193,49.78,10
5475,6247,283.76,9
5609,6422,96.13,8
5624,6130,73.33,11
5627,6334,158.61,8
5635,6634,233.55,10
5663,6877,168.37,10
5877,6633,157.06,8
5976,6744,204.23,10
5985,6654,0.00,10
6011,6377,124.81,10
6033,7044,236.26,11
6045,6782,96.18,11
6066,6598,0.00,10
6072,6519,29.82,9
6157,6858,88.69,9
2874,3183,188.30,11
2561,3223,295.52,9
2538,3290,187.26,8
2511,3097,72.24,11
3172,4096,266.58,8
3172,4027,334.02,8
3147,3813,100.06,11
2909,3537,361.10,11
3461,4242,268.75,9
3344,3899,208.33,10
3238,4023,426.31,8
3181,3760,119.25,10
3947,4323,0.00,8
3855,4385,358.20,10
3852,4692,231.00,11
3807,4701,383.81,10
4119,4704,284.55,10
4131,4820,116.54,10
4018,4490,236.49,10
4048,4787,279.98,10
4257,5020,65.78,9
4415,5468,288.43,8
4179,5037,101.55,8
4232,4979,408.10,11
4483,5439,256.28,8
4530,5334,284.56,9
4426,5142,67.86,8
4460,5223,58.09,10
4593,5492,32.26,9
4621,5128,193.17,9
4583,5227,147.22,10
4589,5461,82.09,10
9382,10075,285.07,11
9355,10332,667.64,9
9266,10102,104.59,9
9251,9731,0.00,11
9221,9891,56.14,9
9173,9831,203.89,9
9140,9978,19.75,10
9135,9877,90.97,11
9133,10155,163.89,9
9060,9754,109.55,10
9045,10020,84.54,11
9001,9776,128.87,11
8934,9632,60.09,8
8924,9478,149.83,11
8902,9414,0.00,11
8816,9289,0.00,10
8603,9262,254.67,10
8708,9672,33.87,9
8540,9344,100.11,8
8592,9411,108.31,8
8401,9261,131.25,11
8478,9266,143.36,8
8287,8851,99.21,10
8349,9180,134.59,9
8194,9297,229.53,11
8227,8833,101.21,8
8071,8744,201.81,10
8083,8621,340.41,10
8037,8767,104.17,11
8037,8661,0.00,11
7902,8486,0.00,10
7909,8677,185.00,10
7591,8585,205.68,11
7540,8210,134.10,11
7777,8521,108.49,11
7759,8514,270.14,11
7161,7923,255.82,11
7136,8152,320.56,9
7302,8133,518.05,11
7294,8472,245.38,10
7034,7446,126.70,10
7030,7833,266.20,11
7124,7690,0.00,9
7111,8205,163.63,9
6971,7444,0.00,11
6924,7528,69.10,8
7022,7642,211.77,10
6973,7026,0.00,10
6735,7677,70.22,8
6794,7143,0.00,11
6883,7560,130.84,8
6899,7720,0.00,9
6516,7271,87.70,8
6551,7492,273.15,8
6590,7237,93.09,8
6632,7054,103.06,9
6409,6946,231.63,8
6457,7215,134.43,8
6482,7304,255.68,8
6510,7136,50.83,8
6169,6792,194.46,8
6324,7230,293.52,8
6362,7365,287.53,10
6409,7063,0.00,10
13259,13887,165.10,10
13114,13820,161.29,11
12951,13746,297.77,8
12784,13556,518.98,10
13525,14251,71.89,11
13491,13898,0.00,8
13471,14117,212.05,10
13292,14300,225.49,8
12639,13043,0.00,8
12597,13380,258.90,8
12532,13264,437.79,10
12453,13039,117.99,10
12781,13190,217.99,9
12721,13216,0.00,8
12689,13194,217.65,8
12669,13789,600.57,11
11976,12533,251.79,8
11989,12907,337.07,8
11619,12167,191.94,10
11943,12763,370.62,9
12312,13199,345.50,8
12438,13224,368.66,10
12030,12724,385.96,9
12254,12965,193.89,9
11163,12085,316.20,11
11240,12063,190.93,9
11021,11690,253.60,8
11130,12343,301.36,8
11561,12498,200.43,11
11613,12459,420.27,8
11349,12043,97.80,11
11503,12233,74.01,9
10801,11483,92.15,11
10618,11393,272.35,8
10877,11875,291.03,10
10864,11837,439.63,8
10922,11606,130.76,10
10921,11316,0.00,11
11004,11826,95.19,8
10963,11520,0.00,9
10252,10458,8.99,8
10183,10822,195.11,11
10435,11169,182.47,11
10292,10859,176.72,10
10440,11416,92.60,10
10435,10572,0.00,8
10517,11409,366.15,11
10463,11378,186.78,8
9773,10523,82.29,9
9795,10620,297.11,9
9836,10608,121.10,10
9887,10812,123.75,10
9916,10737,57.01,11
9941,10471,213.01,11
10068,10763,410.37,8
10180,11107,134.51,8
9389,9837,0.00,10
9396,9943,176.25,8
9460,10305,27.81,9
9623,10561,74.68,9
9671,10374,185.98,8
9703,10354,186.35,8
9719,10478,283.61,10
9740,10546,355.61,11
14590,15032,123.49,11
14646,15623,67.54,10
14741,15362,0.00,8
14795,15439,0.00,11
14318,14986,164.18,10
14325,15050,155.26,9
14421,15129,82.82,8
14431,14967,0.00,11
13911,14833,77.80,11
13892,14507,152.45,9
14065,14570,123.65,10
13944,14708,297.93,8
13853,14650,189.82,9
13774,14402,0.00,10
13865,14511,194.93,10
13863,14221,66.17,10
14272,15091,157.03,11
14271,14835,0.00,9
14289,15017,300.32,11
14287,15022,91.50,9
14165,15017,76.87,10
14079,15015,242.59,10
14260,15130,262.59,9
14169,15236,203.48,10
