1003
1,1680,1738,1,0,0,14,2,494;131;316;254;292;559;551;156;561;579;520;688;534;579
1,1679,1754,1,0,0,14,1,495;132;317;255;293;560;551;157;562;580;521;688;568;580
1,1712,1777,1,0,0,15,2,462;99;284;222;260;527;541;124;525;547;488;671;534;547;713
1,1703,1789,1,1,0,15,1,471;108;293;231;269;536;541;133;538;556;497;680;534;556;722
1,1721,1780,1,0,0,15,3,453;90;275;213;251;518;517;115;520;538;479;662;526;538;704
1,1721,1782,1,0,1,15,2,453;90;275;200;251;518;517;115;520;538;479;662;526;538;704
1,1764,1839,1,0,0,18,1,410;47;232;170;208;475;499;72;477;495;436;619;483;495;661;796;1175;832
1,1736,1804,1,0,0,17,3,410;75;260;198;236;503;517;100;505;523;464;647;511;523;689;824;1203
1,1580,1642,1,1,0,15,2,50;578;231;416;354;392;659;551;256;650;679;603;759;667;679
1,1577,1662,1,0,0,15,3,53;597;234;419;357;395;662;551;259;650;682;603;759;670;682
1,1623,1690,1,1,0,15,1,7;551;188;373;311;349;616;551;213;618;636;552;759;624;636
1,1602,1674,1,1,0,15,3,28;562;209;394;332;370;637;551;234;639;657;598;759;645;657
1,1644,1881,1,0,1,14,11,530;167;352;290;328;589;551;192;597;615;552;739;603;615
1,1628,1688,1,1,0,15,1,2;546;183;368;306;344;589;551;208;613;631;552;755;619;631
1,1657,1731,1,1,0,14,4,517;154;339;277;315;582;551;179;584;602;543;688;590;602
1,1652,1734,1,0,0,14,2,522;159;344;282;320;587;551;184;589;607;544;731;595;607
1,1463,1522,1,0,0,15,2,18;44;167;711;348;533;471;509;776;800;373;765;796;737;920
1,1503,1567,1,0,0,15,1,4;127;671;308;493;431;469;736;760;333;738;756;697;880;744
1,1525,1798,1,0,1,14,11,105;649;286;471;409;447;704;738;311;716;734;675;858;722
1,1550,1626,1,0,0,15,3,80;624;261;446;384;422;689;713;286;691;709;603;833;697;709
1,1553,1770,1,1,0,15,9,77;621;258;443;381;419;686;690;283;688;706;603;830;694;706
1,1556,1816,1,0,1,15,12,74;618;255;440;378;416;683;552;280;685;703;603;827;691;703
1,1568,1635,1,0,0,15,2,62;606;243;428;366;404;671;551;268;673;691;603;815;679;691
1,1574,1655,1,0,0,15,3,56;600;237;422;360;398;665;551;262;650;685;603;809;673;685
0,1277,1363,1,0,0,8,0,0;204;100;230;338;875;534;719
1,1291,1362,1,0,0,8,3,190;86;216;338;875;520;705;643
1,1361,1413,1,0,0,9,2,120;16;146;269;813;450;635;573;611
1,1365,1425,1,0,0,11,4,116;12;131;265;809;446;631;569;607;874;898
1,1371,1427,1,0,0,12,3,110;6;131;259;803;440;625;563;601;868;892;465
1,1377,1433,1,0,0,12,3,104;0;130;253;797;434;619;557;595;834;886;459
1,1405,1483,1,0,0,13,3,76;102;225;769;406;591;529;567;816;858;431;836;854
1,1444,1514,1,0,1,15,4,37;63;186;730;367;552;490;528;795;819;392;765;815;756;939
0,1212,1269,1,0,0,7,0,27;269;165;265;418;907;599
0,1198,1258,1,0,0,6,0,27;283;179;265;432;907
1,1184,1245,1,1,0,6,3,27;297;193;323;446;907
0,1167,1379,1,0,0,8,0,27;314;3;9;210;340;463;907
1,1256,1326,1,0,0,7,1,21;225;121;251;338;886;555
1,1252,1313,1,0,0,7,1,25;229;125;255;338;907;559
1,1242,1331,1,0,0,7,1,27;239;135;265;388;907;569
0,1224,1294,1,1,0,7,0,27;257;153;265;406;907;587
0,1091,1170,1,1,0,9,0,27;32;390;67;85;286;416;539;934
1,1080,1143,1,1,0,9,2,27;43;401;90;96;297;427;550;934
0,1076,1131,1,0,0,9,0,27;47;405;94;100;301;431;554;934
0,1067,1286,1,1,0,9,0,27;56;414;103;109;310;440;563;934
0,1146,1205,1,0,0,8,0,27;335;24;30;231;361;475;907
1,1139,1385,1,0,0,8,5,27;342;31;31;238;368;475;934
1,1103,1192,1,0,0,9,1,27;20;378;67;73;274;404;475;934
1,1092,1168,1,0,1,9,2,27;31;389;67;84;285;415;538;934
1,943,1016,1,1,0,10,2,105;334;180;451;207;171;61;434;564;687
1,960,1010,1,1,0,10,3,88;317;163;451;206;171;44;417;547;670
1,924,1008,1,1,0,11,2,9;124;353;199;451;246;252;80;453;583;706
1,942,999,1,1,0,10,2,106;335;181;451;228;171;62;435;565;688
1,1032,1095,1,1,0,10,5,16;245;91;449;138;144;345;475;598;934
1,1058,1333,1,1,0,9,4,219;65;423;112;118;319;449;572;934
1,987,1277,1,0,1,11,8,61;290;136;451;183;171;17;390;520;643;1187
1,1024,1275,1,0,1,10,8,24;253;99;451;146;152;353;483;606;1064
1,776,845,1,1,0,12,2,82;94;42;157;272;501;347;495;394;400;228;526
0,777,828,1,1,0,12,0,81;93;41;156;259;500;346;495;393;399;227;526
1,764,1040,1,0,1,12,8,94;106;54;169;284;513;359;717;406;412;240;527
1,769,857,1,1,1,12,3,89;101;49;164;279;508;354;495;401;407;235;527
1,858,1146,1,0,0,12,8,0;12;75;190;419;265;495;312;318;146;519;649
1,885,964,1,0,0,11,1,48;163;392;238;451;285;291;119;492;622;745
1,799,868,1,0,0,12,3,59;71;19;134;249;478;324;495;371;377;205;526
1,799,852,1,1,0,12,1,59;71;19;134;249;478;324;495;371;377;205;523
1,2723,3011,1,0,1,13,6,216;6;200;68;125;83;505;647;662;454;659;863;440
1,2684,2918,1,0,0,14,5,255;22;36;239;107;164;83;544;686;701;454;698;901;479
1,2811,2888,1,0,1,12,4,128;112;37;12;417;559;406;454;571;775;325;768
1,2762,2971,1,1,0,12,5,177;161;29;86;61;466;608;406;454;620;824;401
1,2650,2864,1,0,0,14,4,289;79;70;273;141;180;83;578;705;735;631;732;901;513
1,2637,2688,1,0,0,13,2,302;92;83;286;154;211;83;591;705;748;644;745;901
1,2663,2738,1,0,0,14,1,276;66;57;260;128;180;83;565;705;722;454;719;901;500
1,2652,2721,1,0,0,14,1,287;77;68;271;139;180;83;576;705;733;454;730;901;511
1,2598,2685,1,1,0,12,2,341;131;122;318;193;250;83;630;713;787;674;784
1,2580,2648,1,1,0,14,2,359;16;5;149;140;343;211;268;83;648;713;805;674;802
1,2637,2703,1,0,0,13,2,302;92;83;286;154;188;83;591;705;748;644;745;901
1,2623,2919,1,1,1,13,7,316;106;97;300;168;225;83;605;705;762;658;759;963
1,2533,2606,1,0,0,14,2,27;406;63;52;196;187;353;258;297;83;695;713;852;748
1,2530,2585,1,1,0,13,1,30;409;66;55;199;190;353;261;315;83;698;713;855
1,2542,2616,1,0,1,14,3,18;397;54;43;187;178;353;249;297;83;672;713;843;739
0,2538,2600,1,0,0,14,0,22;401;58;47;191;182;353;253;297;83;672;713;847;743
1,2490,2714,1,1,0,13,6,70;425;106;95;19;239;230;353;301;358;333;704;880
1,2497,2747,1,0,0,13,7,63;425;99;88;12;232;223;353;294;351;326;704;717
1,2507,2748,1,0,0,13,5,53;425;89;78;2;222;213;353;284;341;316;704;713
1,2512,2579,1,0,0,12,2,48;425;84;73;217;208;353;279;336;83;704;713
1,2442,2520,1,1,0,12,2,118;497;154;143;67;287;278;353;349;370;381;786
1,2475,2556,1,1,0,13,2,85;464;121;110;34;254;245;353;316;370;348;753;895
1,2479,2541,1,0,0,13,2,81;460;117;106;30;250;241;353;312;369;344;704;891
1,2486,2564,1,0,0,13,2,74;453;110;99;23;243;234;353;305;362;337;704;884
1,2393,2451,1,0,0,13,1,32;167;546;203;192;116;336;327;353;398;401;430;835
1,2396,2448,1,0,0,13,4,29;164;534;200;189;113;333;324;353;395;401;427;832
1,2406,2488,1,1,0,13,4,19;154;533;190;179;103;323;314;353;385;401;384;822
1,2427,2484,1,1,0,12,2,133;512;169;158;82;302;293;353;364;401;381;801
1,2325,2576,1,0,1,13,7,58;100;235;614;271;260;184;404;395;598;431;441;498
1,2336,2419,1,1,0,13,4,47;89;224;603;260;249;173;393;384;353;431;441;487
1,2344,2401,1,1,0,13,1,39;81;216;595;252;241;165;385;376;353;431;401;479
1,2347,2401,1,1,0,13,1,36;78;213;592;249;223;162;382;373;353;431;401;476
1,2299,2375,1,0,0,13,3,84;126;261;640;297;286;210;430;421;624;492;441;524
1,2291,2507,1,0,1,13,6,92;134;269;641;305;294;218;438;429;632;500;557;532
1,2290,2378,1,1,0,13,1,93;135;270;649;306;295;219;439;430;633;501;558;533
1,2243,2307,1,0,1,17,2,20;16;140;4;16;182;317;696;353;342;266;486;477;680;548;605;580
1,2202,2269,1,0,1,17,3,37;61;39;57;181;45;57;223;358;737;394;383;307;527;518;721;589
1,2168,2221,1,0,0,19,4,6;71;95;73;91;32;215;79;91;257;392;771;404;417;341;561;552;755;623
1,2108,2195,1,0,0,16,3,66;131;129;133;151;92;275;139;151;317;452;822;404;445;401;590
1,2096,2155,1,0,0,16,3,78;143;167;145;163;104;287;151;163;329;464;822;404;445;413;590
1,2088,2148,1,0,1,16,4,86;151;175;153;171;112;292;159;171;337;472;822;404;497;421;590
1,2086,2162,1,0,0,16,1,88;153;177;155;173;114;297;161;173;339;474;822;404;499;423;590
1,2082,2137,1,0,0,16,3,92;157;181;159;177;118;301;165;177;343;478;857;404;503;427;590
1,2043,2103,1,0,0,16,3,131;196;220;198;216;157;340;204;216;382;517;896;404;542;466;590
1,2017,2231,1,0,1,16,8,157;222;246;224;242;183;366;230;242;408;543;922;404;559;489;712
1,2003,2076,1,0,0,16,4,171;236;260;238;256;197;380;244;256;422;557;936;404;582;489;726
1,2000,2082,1,0,0,16,2,174;239;263;241;259;200;383;247;259;425;560;939;404;585;492;729
1,1960,2037,1,0,0,17,2,214;36;12;279;303;281;299;240;423;287;299;465;600;960;404;625;549
1,1932,2202,1,0,1,18,10,242;64;2;40;307;331;309;327;268;451;315;327;493;628;982;664;650;577
1,1941,2023,1,0,0,17,3,233;55;31;298;322;300;318;259;442;306;318;484;619;982;404;644;568
1,1913,1980,1,0,0,18,3,261;83;21;59;326;350;328;346;287;462;334;346;512;647;991;683;650;596
1,1917,1977,1,1,0,18,5,257;79;17;55;322;346;324;342;283;462;330;342;508;643;982;679;650;592
1,1896,1956,1,1,0,18,5,278;100;38;76;343;367;345;363;304;462;351;358;529;664;1043;700;683;613
1,1905,1973,1,0,1,18,3,269;91;29;67;334;358;336;354;295;462;342;354;520;655;1034;691;650;604
1,1863,1916,1,0,0,18,3,311;133;71;109;376;400;378;396;337;507;384;358;562;697;1076;733;683;646
1,1892,1957,1,0,1,18,1,282;104;42;80;347;371;349;367;308;491;355;358;533;668;1047;704;683;617
1,1849,1938,1,0,1,18,5,325;147;85;123;390;414;392;410;351;534;398;358;576;711;1090;747;736;660
1,1857,1917,1,0,0,18,1,317;139;77;115;382;406;384;402;343;526;390;358;568;703;1082;739;683;652
1,1792,1852,1,1,0,18,1,382;19;204;142;180;447;471;44;449;467;384;591;455;358;633;768;1107;804
1,1815,2042,1,0,0,17,8,359;181;119;157;424;448;21;412;444;384;568;432;358;610;745;1107;781
1,1778,2064,1,0,1,18,13,396;33;218;156;194;461;485;58;453;481;422;605;469;425;647;782;1107;818
1,1785,1865,1,1,0,18,3,389;26;211;149;187;454;478;51;453;474;415;598;462;358;640;775;1107;811
1,1764,1848,1,0,0,18,3,410;47;232;170;208;475;499;72;453;495;436;619;483;495;661;796;1175;832
1,1775,1984,1,1,1,18,12,399;36;221;159;197;464;488;61;453;484;425;608;472;484;650;785;1107;821
1,3613,3664,1,1,0,22,6,95;52;50;21;179;78;144;210;40;23;30;176;92;268;274;130;453;166;250;547;475;630
1,3626,3714,1,0,0,22,6,82;52;37;8;164;65;131;197;27;10;17;163;79;255;261;117;440;153;250;547;475;617
1,3627,3711,1,1,0,22,5,81;52;36;7;164;64;130;196;26;9;16;162;55;254;260;116;439;152;250;547;475;616
1,3642,3938,1,1,0,21,9,66;52;21;150;49;115;181;11;1;147;34;239;245;101;424;137;250;547;475;601;423
1,3649,3896,1,0,1,20,6,59;52;14;143;42;108;174;4;140;34;232;238;94;417;130;250;374;475;594;416
1,3653,3719,1,0,0,20,1,55;52;10;139;38;104;170;0;136;34;228;234;90;413;126;250;332;475;590;412
1,3663,3728,1,0,0,19,4,45;52;0;129;28;94;160;126;34;218;224;80;401;116;250;332;475;580;402
1,3677,3759,1,0,0,18,1,31;42;115;14;80;146;112;28;204;210;66;389;102;250;332;475;528;388
1,3688,3773,1,0,1,18,3,20;31;104;3;69;135;101;17;193;199;55;378;91;250;332;468;528;377
1,3703,3781,1,0,1,18,3,5;16;89;54;120;86;2;178;184;40;363;76;250;332;453;488;362;512
1,3771,3846,1,0,0,13,2,21;52;18;110;116;295;8;250;332;385;472;294;444
0,3780,3844,1,0,0,12,0,12;43;9;101;107;286;250;332;376;463;285;389
1,3783,3871,1,0,1,12,1,9;40;6;98;104;283;250;332;373;460;282;389
1,3803,3889,1,1,0,10,4,20;78;84;263;250;319;353;440;262;389
1,3855,3941,1,1,0,9,2,26;32;211;204;319;301;388;181;360
1,3916,4000,1,0,0,7,3,150;143;298;240;327;149;299
1,3329,3595,1,1,1,19,13,41;48;53;105;250;379;390;334;305;463;362;428;494;324;291;314;437;376;552
1,3323,3407,1,0,0,19,3,47;62;59;105;256;385;396;340;311;469;368;434;500;330;291;320;437;382;558
1,3362,3426,1,0,0,20,5,8;23;20;105;217;346;357;301;272;430;329;395;461;291;274;281;404;343;308;525
1,3338,3389,1,1,0,19,2,32;47;44;105;241;370;381;325;296;454;353;419;485;315;291;305;437;367;308
1,3452,3714,1,0,1,18,13,105;127;256;267;211;182;340;239;305;371;201;184;191;337;253;293;435;291
1,3440,3675,1,1,1,18,13,105;139;268;279;223;194;352;251;317;383;213;196;203;349;265;308;447;303
1,3459,3511,1,0,1,20,2,105;120;249;52;204;175;333;232;298;364;194;177;184;330;246;293;428;284;561;320
1,3458,3544,1,1,0,20,2,105;121;250;52;205;176;334;233;299;365;195;178;185;331;247;293;429;285;608;321
1,3498,3550,1,1,0,20,1,88;81;210;52;165;136;294;193;259;325;155;138;145;291;207;293;389;245;561;281
1,3461,3732,1,1,1,20,11,105;118;247;52;202;139;331;230;296;362;192;175;182;328;244;293;426;282;561;318
1,3524,3612,1,0,1,21,5,62;55;184;52;137;110;235;167;233;299;129;112;119;265;181;293;363;219;542;255;535
1,3518,3603,1,0,0,21,4,68;61;190;52;137;116;274;173;239;305;135;118;125;271;187;293;369;225;548;261;541
1,3578,3857,1,1,1,22,14,8;1;130;52;85;34;214;113;179;245;48;58;65;211;127;293;309;165;488;201;481;636
1,3571,3630,1,0,0,22,1,15;8;137;52;92;34;221;120;186;252;82;65;72;218;134;293;316;172;495;208;488;643
1,3609,3681,1,1,0,22,4,99;52;54;25;183;82;148;214;44;27;34;180;96;272;278;134;457;170;250;605;475;634
1,3606,3686,1,0,0,22,1,102;52;57;28;186;85;151;217;47;30;37;183;99;275;281;137;460;173;250;608;550;637
1,3112,3181,1,0,0,20,2,116;258;273;169;270;474;51;467;596;607;551;522;680;538;645;711;541;524;531;677
1,3132,3218,1,1,1,21,7,96;238;253;149;250;454;31;447;576;587;531;502;660;538;625;691;521;504;511;657;573
1,3068,3150,1,1,0,19,5,160;302;317;213;314;518;95;511;640;651;595;566;724;538;689;755;585;568;575
1,3074,3135,1,0,0,19,5,154;296;311;207;308;512;89;485;634;645;589;560;718;538;683;749;579;562;569
1,3162,3388,1,0,1,22,13,66;208;223;119;220;424;1;417;546;557;501;472;630;512;595;661;491;474;481;627;525;719
1,3179,3266,1,0,0,21,6,49;191;206;102;203;407;400;529;540;484;455;613;512;578;644;474;457;464;438;525;702
1,3148,3227,1,1,0,21,6,80;222;237;133;234;438;15;431;560;571;515;486;644;512;609;675;505;488;495;641;557
1,3162,3237,1,1,0,22,2,66;208;223;119;220;424;1;417;546;557;501;472;630;512;595;661;491;474;481;438;525;719
1,3226,3295,1,1,0,21,2,2;144;159;55;156;360;353;482;493;437;408;566;465;531;597;427;410;417;437;479;655
1,3241,3310,1,0,0,20,1,129;144;40;141;345;338;467;478;422;392;551;450;516;582;412;395;402;437;464;640
1,3192,3275,1,0,0,21,1,36;178;193;89;190;394;387;516;527;471;442;600;480;565;631;461;444;451;438;513;689
1,3207,3439,1,0,1,21,14,21;163;178;74;175;379;372;501;512;456;427;585;480;550;616;446;429;427;438;498;674
1,3295,3355,1,1,0,19,5,75;90;87;105;284;413;424;368;339;497;396;462;528;358;341;347;437;410;586
1,3304,3380,1,1,0,19,1,66;81;78;105;275;404;415;359;330;488;387;453;519;349;332;339;437;401;577
1,3264,3514,1,0,1,20,11,106;121;17;118;322;315;444;455;399;370;528;427;493;559;389;372;347;437;441;617
1,3267,3352,1,1,0,20,2,103;118;14;115;105;312;441;452;396;367;525;424;490;556;386;369;347;437;438;614
1,2880,2959,1,0,0,11,1,59;43;348;490;406;401;416;706;258;699;828
1,2874,2925,1,1,0,11,2,65;49;354;496;406;407;416;712;289;701;834
1,2828,3079,1,0,1,11,6,111;95;20;400;542;406;453;491;758;325;701
1,2818,2905,1,0,0,12,3,121;105;30;5;410;552;406;454;564;768;325;701
0,2898,2973,1,0,0,13,0,41;25;330;472;406;383;416;688;250;681;810;704;765
1,2897,3151,1,1,1,13,11,42;26;331;473;406;384;416;689;250;682;811;722;766
1,2896,3107,1,1,0,13,7,43;27;332;474;406;385;416;690;250;683;812;823;767
1,2883,2952,1,1,0,13,2,56;40;345;487;406;390;416;703;258;696;825;836;780
1,2975,3184,1,0,0,13,8,253;395;406;306;407;611;188;604;733;704;688;659;817
1,2936,2995,1,1,0,13,5,3;292;434;406;345;415;650;227;643;772;704;727;698
1,2917,2985,1,1,0,13,2,22;6;311;453;406;364;416;669;246;662;791;704;746
0,2901,2964,1,0,0,13,0,38;22;327;469;406;380;416;685;250;678;807;704;762
1,3047,3274,1,1,1,19,12,181;323;338;234;335;539;116;532;661;672;616;586;745;644;710;776;606;589;596
0,3017,3070,1,0,0,16,0,211;353;368;264;365;569;146;562;691;702;646;586;775;674;715;806
0,3004,3076,1,0,0,16,0,224;366;381;277;378;582;159;575;704;704;659;586;788;687;715;819
1,2993,3082,1,1,0,16,2,235;377;392;288;389;593;170;586;715;704;670;586;799;698;764;830
0,4719,4784,1,0,0,4,0,2;32;329;618
0,4790,4845,1,0,0,6,0,32;266;618;1051;743;656
0,4797,4853,1,0,0,6,0,32;259;618;1044;736;649
0,4799,4877,1,0,0,6,0,31;257;618;1042;734;647
1,4703,4759,1,0,0,3,1,2;32;353
0,4708,4765,1,0,0,3,0,2;32;329
1,4714,4949,1,0,0,4,1,2;32;329;764
0,4717,4771,1,1,0,4,0,2;32;329;618
0,4875,4959,1,0,0,6,0,181;603;897;658;571;721
0,4883,4947,1,0,0,6,0,173;595;897;650;563;713
1,4923,4981,1,0,1,6,1,133;555;897;610;523;673
1,4941,5010,1,0,0,6,1,115;537;889;592;505;655
0,4799,4885,1,0,0,6,0,31;257;618;1042;734;647
0,4799,4852,1,0,0,6,0,31;257;618;1042;734;647
1,4835,5101,1,0,1,6,4,221;618;1006;698;611;761
1,4863,4922,1,0,0,6,1,193;615;897;670;583;733
1,4559,4642,1,0,0,4,1,170;12;32;441
1,4518,4799,1,0,1,4,2,211;12;242;441
1,4573,4631,1,0,1,4,1,156;12;32;385
0,4564,4637,1,1,0,4,0,165;12;32;385
0,4504,4591,1,0,0,4,0,225;12;242;448
0,4475,4535,1,1,0,4,0,251;12;242;448
1,4515,4756,1,0,0,4,1,214;12;242;448
0,4512,4597,1,1,0,4,0,217;12;242;448
1,4674,4743,1,0,0,3,1,55;32;378
0,4642,4938,1,0,0,3,0,85;32;378
1,4697,4778,1,0,0,3,1,2;32;359
1,4686,4743,1,0,0,3,1,43;32;370
0,4633,4694,1,0,0,3,0,96;32;385
0,4632,4898,1,1,0,3,0,97;32;385
1,4640,4849,1,1,0,3,1,89;32;378
1,4633,4691,1,1,0,3,1,96;32;385
0,4353,4424,1,0,0,3,0,280;254;468
1,4379,4431,1,0,0,4,2,280;228;451;677
0,4300,4359,1,1,0,3,0,280;307;507
1,4336,4396,1,0,0,3,2,280;271;494
1,4291,4349,1,0,0,3,1,438;316;507
1,4294,4535,1,0,0,3,3,426;313;507
0,4233,4314,1,0,0,4,0,10;496;374;597
1,4287,4339,1,0,0,3,2,442;320;543
1,4458,4726,1,0,1,4,3,271;129;242;448
1,4459,4752,1,0,1,4,3,270;12;242;448
0,4438,4499,1,0,0,4,0,280;169;242;448
1,4457,4523,1,0,0,4,2,272;150;242;448
1,4428,4673,1,0,0,4,3,280;179;391;448
1,4428,4631,1,0,0,4,3,280;179;391;448
1,4414,4620,1,0,0,4,1,280;193;416;642
1,4425,4495,1,0,0,4,3,280;182;405;448
1,4076,4161,1,0,0,6,2,138;80;167;127;653;523
1,4058,4127,1,0,1,9,2,8;1;156;98;185;7;127;668;549
0,4038,4106,1,0,0,9,0,28;21;176;118;204;27;127;668;569
1,4034,4089,1,0,0,9,2,32;25;180;122;204;31;181;668;573
1,4029,4079,1,0,0,9,2,37;30;185;127;214;36;186;668;578
1,3955,4184,1,0,0,8,1,104;104;259;201;288;110;260;668
1,3950,4245,1,0,1,8,4,104;109;264;206;293;115;265;779
1,3936,4009,1,1,0,7,1,130;123;278;220;307;129;279
0,4227,4284,1,0,0,4,0,16;502;380;601
0,4204,4271,1,0,0,6,0,10;39;11;525;403;601
1,4186,4430,1,1,0,6,4,28;57;29;543;421;631
1,4138,4189,1,0,0,7,1,76;18;105;77;584;469;631
0,4115,4172,1,0,0,7,0,99;41;128;100;614;492;631
1,4115,4203,1,0,0,7,1,99;41;128;100;614;492;631
1,4110,4336,1,1,0,7,4,104;46;133;105;619;497;720
1,4086,4147,1,0,0,6,2,128;70;157;127;632;521
1,5607,5838,1,0,0,10,4,234;23;281;31;390;575;640;517;577;745
1,5622,5672,1,0,1,10,1,219;8;266;16;375;575;640;502;471;730
1,5577,5791,1,0,0,11,4,264;19;53;311;61;420;591;828;547;607;775
1,5597,5660,1,0,1,10,1,244;33;291;41;400;591;640;527;587;755
1,5660,5728,1,1,0,8,1,181;228;304;537;640;464;471;657
1,5694,5755,1,0,0,8,2,147;194;293;503;640;430;471;657
1,5632,5716,1,0,0,9,1,209;256;6;336;565;640;492;471;720
1,5638,5713,1,0,0,9,1,203;250;0;336;559;640;486;471;657
1,5490,5559,1,0,0,10,1,323;25;106;140;398;148;505;591;915;634
0,5501,5569,1,0,0,10,0,323;25;95;129;387;132;496;591;904;623
1,5479,5538,1,0,0,10,1,362;25;117;151;409;159;505;591;926;645
1,5484,5565,1,1,0,10,1,346;25;112;146;404;154;505;591;921;640
0,5558,5641,1,0,0,10,0,283;38;72;330;80;425;591;847;566;626
0,5577,5627,1,0,0,11,0,264;19;53;311;61;420;591;640;547;607;775
1,5534,5603,1,0,0,9,3,307;62;96;354;104;463;591;871;590
0,5554,5636,1,0,0,9,0,287;42;76;334;84;425;591;851;570
0,5838,5917,1,0,0,10,0,3;50;159;338;567;172;327;514;276;661
0,5838,5902,1,1,0,10,0,3;50;159;338;567;172;327;514;276;661
1,5826,5892,1,0,0,10,1,15;62;171;338;568;172;358;526;288;661
1,5824,6098,1,0,0,10,7,17;64;173;338;568;172;360;528;290;758
1,5893,5962,1,0,0,9,2,104;304;511;172;289;459;221;661;658
1,5887,6148,1,1,0,10,8,1;110;310;511;172;289;465;227;661;786
1,5855,5912,1,0,0,10,1,33;142;338;550;172;289;497;259;661;818
1,5851,5915,1,1,0,10,1,37;146;338;554;172;327;501;263;661;822
1,5752,5833,1,0,0,9,1,89;136;244;338;640;372;432;600;362
1,5734,5799,1,0,0,9,1,107;154;261;338;640;390;450;618;380
1,5704,5790,1,1,0,8,1,137;184;293;338;640;420;471;648
1,5696,5921,1,0,0,8,4,145;192;293;488;640;428;471;656
1,5795,6019,1,0,0,9,3,46;93;202;338;568;329;371;557;319
1,5789,6023,1,0,1,9,3,52;99;207;338;616;335;371;563;325
1,5784,5872,1,0,0,9,1,57;104;207;338;621;340;400;568;330
1,5767,5818,1,0,0,9,1,74;121;225;338;638;357;417;585;347
1,5029,5114,1,1,0,9,1,21;449;664;504;417;567;549;859;583
0,5044,5127,1,1,0,9,0,12;434;664;489;375;552;549;844;583
1,5060,5119,1,0,0,8,1,418;664;473;375;536;549;828;578
1,5073,5151,1,0,0,8,1,405;664;460;345;523;549;815;565
1,5087,5153,1,1,0,8,1,391;664;446;345;509;537;801;551
0,5116,5189,1,0,0,8,0,362;664;417;330;480;514;772;517
1,5139,5228,1,0,0,8,2,339;664;394;307;457;491;749;499
1,5143,5193,1,0,0,8,2,335;652;390;303;453;487;745;495
1,4941,5230,1,0,0,6,4,115;537;870;592;505;655
1,4965,5051,1,0,1,7,1,91;513;664;568;481;631;665
1,4973,5039,1,0,0,7,1,46;505;664;560;473;623;657
0,4973,5042,1,0,0,7,0,21;505;664;560;473;623;657
1,4975,5177,1,0,0,8,4,21;503;664;558;471;621;655;913
1,5008,5076,1,0,0,9,1,21;470;664;525;438;588;588;880;630
1,5012,5084,1,0,0,9,1,21;466;664;521;434;584;588;876;583
1,5022,5108,1,0,0,9,1,21;456;664;511;424;574;561;866;583
1,5332,5392,1,0,0,9,2,146;509;201;114;218;206;556;306;665
0,5302,5510,1,0,0,8,0,176;539;231;144;218;206;586;333
0,5376,5447,1,0,0,9,0,102;465;157;70;218;206;512;262;505
1,5335,5599,1,0,1,9,7,143;500;198;111;218;206;553;303;662
1,5427,5478,1,0,0,11,1,51;414;106;19;169;203;461;211;505;591;978
1,5417,5625,1,0,0,11,1,61;424;116;29;179;206;471;221;505;780;988
1,5456,5508,1,0,0,10,1,22;385;25;140;174;432;182;505;591;949
1,5438,5519,1,1,0,11,4,40;403;95;8;158;192;450;182;505;591;967
1,5210,5294,1,0,0,8,2,268;631;323;236;218;420;678;428
1,5176,5424,1,1,1,8,6,302;645;357;270;420;454;712;462
1,5234,5315,1,0,1,8,1,244;607;299;212;218;396;654;404
1,5211,5298,1,0,0,8,2,267;630;322;235;218;419;677;409
0,5262,5324,1,0,0,8,0,209;579;271;184;218;368;626;366
1,5246,5300,1,1,1,8,1,209;595;287;200;218;384;642;392
1,5296,5540,1,0,0,8,5,182;545;237;150;218;334;592;333
1,5263,5338,1,0,0,8,1,209;578;270;183;218;367;625;366
1,6572,6821,1,0,1,11,7,10;101;99;245;115;444;449;712;573;427;493
0,6591,6651,1,1,0,10,0,82;80;226;105;425;430;712;555;408;347
1,6554,6616,1,1,0,10,3,28;119;103;263;115;462;458;812;573;445
1,6571,6790,1,0,1,11,6,11;102;100;246;115;445;450;795;573;428;494
1,6551,6613,1,0,0,10,2,31;122;103;266;145;465;458;815;573;448
0,6553,6613,1,1,0,10,0,29;120;103;264;115;463;458;813;573;446
1,6525,6581,1,0,0,10,3,57;148;103;292;171;474;470;841;621;474
1,6539,6592,1,1,0,10,3,43;134;103;278;157;474;458;827;607;460
1,6500,6559,1,0,1,10,2,82;173;103;317;196;516;470;866;626;499
0,6506,6583,1,0,0,10,0,76;167;103;311;190;474;470;860;626;493
1,6474,6552,1,0,0,9,2,108;199;103;343;222;542;470;892;672
0,6491,6542,1,0,0,10,0,91;182;103;326;205;525;470;875;626;508
1,6416,6635,1,1,0,8,3,108;257;255;382;280;596;470;950
0,6456,6509,1,0,0,8,0,108;217;103;361;240;560;470;910
1,6399,6463,1,0,1,9,2,6;108;274;272;389;297;596;470;967
1,6404,6483,1,0,0,9,2,1;108;269;267;389;292;596;470;962
1,6876,6951,1,0,0,9,2,140;145;490;270;123;189;472;452;785
1,6815,6900,1,0,0,9,1,2;201;206;551;331;184;250;533;513
1,6772,6833,1,1,0,9,2,45;244;249;586;374;227;293;576;556
1,6769,6819,1,0,0,9,1,48;247;252;597;377;230;296;579;559
1,6737,6815,1,1,0,9,1,80;279;256;598;409;262;328;611;591
1,6730,6794,1,0,1,9,2,87;286;291;598;416;269;335;613;598
0,6709,6770,1,0,0,9,0,108;307;312;598;437;290;347;613;619
1,6699,6785,1,0,0,8,1,118;317;322;598;447;300;347;649
0,6664,6727,1,1,0,10,0,9;7;153;32;352;357;598;480;335;347
0,6661,6715,1,1,0,10,0,12;10;156;35;355;360;598;480;338;347
1,6658,6743,1,1,0,10,2,15;13;159;38;358;363;659;480;341;347
1,6648,6727,1,1,0,10,4,25;23;169;48;368;373;659;498;351;347
1,6642,6700,1,0,0,10,3,31;29;174;54;374;373;679;504;357;347
1,6636,6693,1,1,0,10,2,37;35;181;60;380;373;679;510;363;347
1,6618,6680,1,0,0,10,2,55;53;199;78;398;403;679;528;381;347
1,6610,6664,1,0,0,10,3,63;61;207;86;406;411;712;536;389;347
1,6163,6231,1,0,0,9,1,34;242;21;189;419;510;508;654;437
0,6196,6277,1,0,0,8,0,1;209;156;386;477;475;621;437
1,6201,6277,1,0,0,7,1,204;151;381;472;470;616;437
1,6209,6476,1,0,0,7,4,196;127;373;464;462;608;437
1,6083,6159,1,1,0,11,1,34;322;41;101;269;31;499;590;588;734;613
1,6091,6144,1,0,0,11,4,34;298;33;93;261;23;491;582;580;726;605
1,6098,6162,1,1,0,11,3,34;298;10;86;254;16;484;575;573;719;598
1,6135,6424,1,1,1,9,7,34;270;49;217;447;538;536;682;561
1,6025,6083,1,0,0,11,2,91;374;99;159;327;89;557;648;591;792;671
1,6034,6123,1,0,0,11,1,91;371;90;150;304;80;548;639;591;783;662
1,6052,6120,1,0,0,11,1,34;353;72;132;300;62;530;621;591;765;644
1,6065,6152,1,0,0,11,1,34;326;59;119;287;49;517;608;591;752;631
1,5951,6248,1,0,1,10,8,46;246;454;172;233;401;163;631;658;720
1,5953,6200,1,0,0,10,3,44;244;452;171;231;399;161;629;658;591
1,6001,6060,1,0,0,9,2,91;404;123;183;351;113;581;658;591
1,6009,6083,1,0,0,10,1,91;396;115;175;331;105;573;658;591;808
0,6376,6426,1,1,0,9,0,29;108;297;295;403;320;596;470;990
0,6375,6446,1,0,0,9,0,30;108;298;296;403;321;596;470;991
0,6383,6466,1,1,0,9,0,22;108;290;288;389;313;596;470;983
1,6376,6453,1,1,0,9,1,29;108;297;295;403;320;596;470;990
1,6338,6424,1,0,0,8,1,67;14;108;335;333;414;358;596
1,6331,6531,1,1,1,8,4,74;18;108;342;340;414;365;685
1,6365,6415,1,0,0,8,1,40;108;308;306;414;331;596;470
1,6361,6611,1,1,1,8,5,44;108;312;310;414;335;596;660
1,6297,6367,1,0,0,8,1,108;46;108;376;374;414;399;719
1,6290,6349,1,0,0,8,1,115;62;108;383;381;414;406;726
0,6307,6393,1,0,0,8,0,98;18;108;366;364;414;389;709
0,6303,6364,1,0,0,8,0,102;18;108;370;368;414;393;713
1,6214,6279,1,0,0,7,1,191;127;368;459;457;414;437
0,6210,6286,1,1,0,7,0,195;127;372;463;461;414;437
0,6265,6350,1,0,0,8,0,140;87;108;408;406;414;431;751
1,6221,6517,1,1,0,7,4,184;94;361;452;450;414;437
1,7438,7693,1,0,1,5,4,223;307;239;230;394
1,7403,7481,1,0,0,5,1,258;342;239;347;394
1,7361,7632,1,0,0,6,3,5;300;384;239;453;394
1,7326,7540,1,0,0,8,3,40;22;2;335;419;393;488;394
1,7548,7820,1,1,1,8,6,113;74;171;230;171;622;630;523
0,7531,7774,1,0,0,7,0,130;74;188;230;171;639;647
1,7459,7534,1,1,0,5,2,202;74;239;230;173
1,7453,7739,1,1,0,5,1,208;74;239;230;394
1,7593,7649,1,0,0,8,1,68;74;119;213;171;577;409;478
1,7579,7636,1,0,0,8,1,82;74;140;213;171;591;409;492
0,7564,7780,1,0,0,8,0,97;74;155;230;171;606;409;507
1,7564,7647,1,0,0,8,2,97;74;155;230;171;606;409;507
1,7651,7727,1,0,0,8,3,10;70;68;163;171;519;409;420
1,7638,7697,1,1,0,8,2,23;74;81;176;171;532;409;433
0,7631,7844,1,1,0,8,0,30;74;88;183;171;539;409;440
0,7621,7674,1,0,0,8,0,40;74;98;193;171;549;409;450
1,7668,7756,1,0,1,7,3,70;51;146;164;460;409;185
1,7732,7954,1,0,0,6,1,13;82;164;438;409;185
1,7653,7889,1,1,0,8,1,8;70;66;161;171;460;409;418
1,7666,7885,1,1,0,7,1,70;53;148;171;460;409;185
1,7772,7853,1,0,0,7,1,42;125;398;406;185;781;675
1,7801,8099,1,1,0,7,5,13;96;369;377;185;781;646
1,7751,7818,1,0,0,6,2,63;146;419;409;185;906
1,7769,8000,1,0,0,7,4,45;128;401;409;185;888;678
1,7866,7955,1,0,0,7,1,31;304;312;185;653;581;679
1,7870,7953,1,1,0,7,1,27;300;308;178;653;577;675
1,7810,7879,1,1,0,7,3,4;87;360;368;185;653;637
1,7821,7880,1,1,0,6,1,76;349;357;185;653;597
1,7910,7995,1,0,1,7,3,260;268;155;653;537;635;643
1,7966,8232,1,1,1,8,6,204;212;105;653;481;579;587;560
0,7877,7957,1,0,0,7,0,5;293;301;178;653;570;668
1,7904,7969,1,0,0,7,1,266;274;167;653;543;641;649
1,6880,6939,1,1,0,9,3,136;141;486;248;119;185;468;389;781
1,6877,6948,1,0,1,9,4,139;144;489;269;122;188;471;389;784
1,6899,6949,1,0,0,10,3,117;122;467;247;100;166;449;375;762;846
1,6888,6975,1,0,0,10,2,128;133;478;248;111;177;460;389;773;857
1,6924,6975,1,0,0,10,4,92;97;442;222;75;141;424;375;689;821
1,6911,6978,1,1,0,10,2,105;110;455;230;88;154;437;375;750;834
1,6969,7035,1,0,0,11,1,47;52;397;177;30;96;379;359;689;771;232
0,6959,7044,1,0,0,11,0,57;62;407;187;40;106;389;369;689;771;242
1,7005,7069,1,0,0,10,5,11;16;361;137;60;343;323;656;740;196
1,6986,7048,1,0,0,11,3,30;35;380;160;13;79;362;342;675;759;215
1,7025,7113,1,0,0,8,3,341;121;40;323;303;636;720;176
1,7006,7072,1,0,0,10,3,10;15;360;137;59;342;322;655;720;195
1,7050,7137,1,0,0,8,1,316;96;15;298;278;611;695;151
1,7038,7096,1,0,0,8,2,328;108;27;310;290;623;695;163
1,7093,7165,1,0,0,9,2,273;53;255;235;487;652;108;626;721
1,7062,7296,1,1,0,8,2,304;84;3;283;266;599;683;139
1,7103,7187,1,0,0,9,2,263;43;245;225;487;642;98;567;711
1,7108,7170,1,0,0,9,2,258;38;240;220;487;637;93;567;631
1,7123,7177,1,0,0,9,1,243;23;225;205;487;622;78;567;631
1,7142,7218,1,0,0,10,1,224;4;206;186;487;603;59;567;631;755
1,7163,7368,1,0,0,9,6,203;185;165;487;582;38;556;631;734
1,7164,7233,1,0,0,9,3,202;184;164;487;581;37;555;631;587
1,7177,7450,1,0,0,9,2,189;171;151;375;568;24;542;631;587
1,7191,7278,1,0,0,9,1,175;157;137;375;554;10;528;623;587
1,7221,7299,1,0,0,8,2,145;127;107;375;524;498;573;587
1,7235,7289,1,0,1,8,1,131;113;93;375;510;484;573;587
1,7235,7288,1,0,0,8,1,131;113;93;375;494;484;573;587
1,7242,7533,1,1,0,8,4,124;106;86;375;468;477;572;587
1,7249,7327,1,1,0,8,1,117;99;79;375;468;470;565;394
1,7256,7342,1,0,1,8,1,110;92;72;375;468;463;519;394
1,7258,7345,1,0,0,8,2,108;90;70;375;468;461;515;394
1,7265,7354,1,1,1,8,2,101;83;63;375;468;421;515;394
1,8569,8623,1,1,0,8,3,88;211;278;151;273;439;549;948
1,8560,8631,1,1,1,8,3,97;220;287;160;282;439;558;949
1,8539,8779,1,1,0,10,7,118;6;14;233;308;181;303;439;579;972
1,8538,8777,1,0,1,10,6,119;7;15;233;309;182;304;439;580;1009
1,8509,8594,1,1,0,11,1,148;36;44;17;233;338;209;333;439;609;1038
1,8508,8587,1,1,0,11,1,149;37;45;18;258;339;209;334;439;610;1039
1,8498,8563,1,0,0,11,1,159;47;55;28;282;349;209;344;439;620;1049
1,8486,8569,1,0,0,11,4,171;59;67;40;288;349;234;356;439;632;1061
0,8707,8784,1,0,0,8,0,73;140;13;135;328;411;747;882
1,8701,8755,1,0,0,8,1,79;146;19;141;334;417;747;892
1,8690,8905,1,0,0,8,5,90;157;30;152;345;428;752;903
1,8647,8706,1,0,0,8,1,10;133;175;73;195;388;471;752
1,8640,8707,1,0,0,8,1,17;140;207;80;202;395;478;752
1,8598,8864,1,0,1,8,7,59;182;249;122;244;437;520;752
0,8593,8659,1,0,0,8,0,64;187;254;127;249;439;525;752
1,8581,8848,1,0,0,8,4,76;199;266;139;261;439;537;944
1,8802,8871,1,0,0,10,1,45;40;222;316;745;791;675;642;827;347
1,8802,8867,1,0,0,10,2,45;40;208;316;745;791;675;642;827;347
0,8784,8837,1,0,0,10,0,63;58;251;334;747;809;693;660;845;365
1,8791,8853,1,0,0,10,1,56;51;244;327;747;802;686;653;838;358
0,8742,8829,1,0,0,8,0,38;105;100;283;376;747;851;735
1,8751,8814,1,1,0,9,2,29;96;91;283;367;747;842;726;693
1,8714,8798,1,1,0,8,2,66;133;6;128;321;404;747;879
0,8732,8811,1,1,0,8,0,48;115;110;283;386;747;861;745
1,8842,9102,1,0,0,10,3,5;0;174;276;705;750;482;602;576;307
1,8862,9152,1,0,0,9,3,173;256;685;731;482;374;576;287;915
1,8831,8889,1,0,0,10,1,16;11;174;287;716;762;482;613;678;318
1,8838,9122,1,1,0,10,6,9;4;174;280;709;750;482;606;678;311
1,8819,9115,1,1,1,10,7,28;23;174;299;728;774;482;625;810;330
1,8830,9076,1,0,0,10,6,17;12;174;288;717;763;482;614;697;319
1,8804,9011,1,1,1,10,5,43;38;208;314;728;789;673;640;825;345
1,8810,8869,1,1,0,10,1,37;32;208;308;728;783;482;634;819;339
1,8014,8102,1,0,0,9,4,156;159;57;643;433;351;539;512;720
1,8008,8070,1,1,0,9,4,162;159;63;649;439;351;545;518;724
1,8043,8132,1,1,0,9,1,127;135;28;614;404;351;510;483;687
0,8030,8111,1,1,0,9,0,140;148;41;627;417;351;523;496;687
1,7984,8042,1,1,1,9,3,186;194;87;653;463;351;569;542;796
1,7968,8214,1,1,1,8,5,202;210;103;653;479;474;585;558
0,8002,8060,1,0,0,9,0,168;159;69;653;445;351;551;524;724
1,7998,8278,1,0,1,9,8,172;159;73;653;449;351;555;528;782
1,8146,8442,1,0,0,11,7,24;32;511;301;351;407;380;634;606;512;696
1,8144,8218,1,0,0,11,3,26;34;513;303;351;409;382;636;606;576;698
1,8177,8240,1,1,1,11,3,1;480;270;310;376;349;603;606;512;565;858
1,8169,8252,1,0,0,11,1,1;9;488;278;351;384;357;611;606;512;565
0,8086,8142,1,0,0,10,0,84;92;571;361;351;455;440;687;761;634
0,8056,8137,1,1,0,9,0,114;122;15;601;391;351;455;470;687
1,8134,8362,1,0,0,11,5,36;44;523;313;351;419;392;646;713;586;708
1,8109,8191,1,0,0,10,2,61;69;548;338;351;444;417;671;738;611
1,8299,8385,1,0,0,10,4,358;148;246;254;227;481;349;421;490;736
0,8301,8354,1,0,0,10,0,341;146;244;252;225;479;349;419;490;734
1,8320,8405,1,0,0,10,2,337;127;225;233;206;460;349;400;490;715
0,8359,8414,1,0,0,11,0,298;88;186;194;167;421;349;361;483;676;759
1,8254,8478,1,0,0,10,5,403;193;291;299;272;526;593;466;565;781
1,8263,8318,1,0,0,10,2,394;184;282;290;263;517;584;457;557;772
1,8280,8579,1,1,1,10,7,377;167;265;273;246;500;567;440;555;755
1,8294,8368,1,0,1,10,3,363;153;251;259;232;486;349;426;548;741
1,8421,8489,1,1,0,11,1,236;26;106;132;105;359;349;299;421;439;697
1,8423,8493,1,0,0,11,1,234;24;106;130;103;332;349;297;419;439;695
1,8471,8542,1,0,0,10,3,186;74;82;55;309;349;249;371;439;647
1,8481,8545,1,1,0,11,1,176;64;72;45;299;349;239;361;439;633;1066
1,8372,8431,1,0,0,11,1,285;75;173;181;154;408;349;348;470;663;746
0,8378,8452,1,1,0,11,0,279;69;151;175;148;402;349;342;464;657;740
1,8395,8671,1,0,0,11,7,262;52;150;158;131;385;349;325;447;640;723
1,8406,8479,1,0,0,11,1,251;41;139;147;120;374;349;314;436;439;712
1,15357,15431,1,1,0,16,2,79;176;60;362;156;462;623;56;177;764;372;416;520;437;593;473
1,15351,15650,1,1,1,16,8,85;182;66;368;156;662;629;62;183;770;378;416;526;443;593;479
1,15345,15430,1,1,1,16,3,91;188;72;374;171;668;635;68;189;776;384;416;532;449;593;485
0,15342,15431,1,0,0,16,0,94;191;75;377;174;671;638;71;192;779;387;416;535;452;593;488
1,15289,15580,1,0,1,18,8,147;26;43;244;128;430;227;17;724;691;124;245;832;440;416;588;505;767
1,15272,15529,1,0,1,17,13,164;43;60;261;145;447;244;34;729;708;141;262;849;457;664;605;522
1,15233,15313,1,0,0,16,4,203;82;99;300;184;486;283;73;729;730;180;301;888;496;704;613
1,15232,15292,1,0,0,16,5,204;83;100;301;185;487;284;74;729;748;181;302;889;497;705;613
1,15222,15298,1,1,1,16,5,214;93;110;303;195;497;294;84;729;758;191;312;899;507;715;655
1,15218,15307,1,1,0,16,2,218;97;114;303;199;501;298;88;740;762;195;316;903;511;719;659
0,15213,15302,1,0,0,16,0,219;102;119;303;204;506;303;93;740;767;200;321;908;516;724;664
1,15203,15269,1,1,0,16,5,233;112;129;303;214;516;313;103;740;777;210;331;918;526;734;674
1,15201,15251,1,0,0,15,1,235;114;131;332;216;518;315;105;740;779;212;333;920;528;736
1,15171,15244,1,0,0,16,5,2;23;265;144;161;362;246;548;345;135;740;809;242;363;950;558
1,15117,15186,1,0,1,16,5,56;77;319;198;215;416;300;602;380;189;740;858;296;417;1004;612
1,15104,15174,1,0,0,16,5,69;90;332;211;228;420;313;615;380;202;740;876;309;430;1017;625
0,15114,15185,1,0,0,16,0,59;80;322;201;218;419;303;605;380;192;740;858;299;420;1007;615
1,15099,15184,1,0,0,16,4,74;95;337;214;233;420;318;620;402;207;740;881;314;435;1022;630
0,15102,15186,1,0,0,16,0,71;92;334;213;230;420;315;617;380;204;740;878;311;432;1019;627
1,15079,15158,1,0,0,16,4,16;94;115;357;214;253;446;338;640;437;227;740;901;334;455;1042
1,15083,15170,1,0,0,16,2,12;90;111;353;214;249;446;334;636;402;223;740;897;330;451;1038
0,15047,15114,1,0,0,15,0,48;126;147;389;214;264;446;370;672;469;259;966;933;366;487
1,15048,15334,1,1,1,15,10,47;125;146;388;214;264;446;369;671;468;258;965;932;365;486
1,14913,15121,1,0,1,13,4,0;182;254;264;523;214;21;264;620;504;806;486;393
1,15035,15110,1,0,0,15,3,60;138;159;401;214;264;498;382;684;475;271;978;945;378;499
1,14886,15161,1,0,1,13,8,27;193;254;308;550;214;48;264;647;531;833;630;420
1,14904,14993,1,1,0,13,1,9;191;254;290;532;214;30;264;629;513;815;486;402
1,14851,15132,1,1,0,8,3,62;193;254;343;585;214;83;481
1,14856,15117,1,0,0,9,2,57;193;254;338;580;214;78;264;677
1,14825,14878,1,1,0,8,2,14;88;193;254;369;611;432;109
1,14836,15125,1,1,0,8,4,3;77;193;254;358;599;432;98
1,14781,14863,1,0,0,9,1,16;58;132;193;254;389;655;432;153
0,14774,14833,1,1,0,9,0,23;65;139;193;254;389;659;432;160
0,14808,14886,1,0,0,8,0,26;105;193;254;386;628;432;126
1,14783,14859,1,0,0,9,1,14;49;130;193;254;389;653;432;151
1,14704,14949,1,0,1,9,4,93;135;209;391;469;389;659;432;230
1,14693,14945,1,0,0,10,4,104;146;220;8;402;472;403;659;432;241
1,14752,14807,1,0,0,9,1,45;87;161;193;254;389;659;432;182
1,14730,14939,1,1,0,9,4,67;109;183;365;254;389;659;432;204
1,14689,14744,1,1,0,10,2,108;150;224;13;406;484;505;659;432;245
1,14676,14925,1,1,0,10,5,121;163;237;26;408;497;518;659;639;258
1,14692,14751,1,0,0,10,2,105;147;221;10;403;472;502;659;432;242
1,14692,14932,1,1,1,10,5,105;147;221;8;403;472;502;659;432;242
1,14620,14671,1,0,0,10,3,44;163;219;293;82;475;553;574;659;695
1,14619,14675,1,0,0,9,1,45;178;220;294;83;476;554;575;659
1,14668,14885,1,1,0,10,4,129;171;245;34;427;505;526;659;647;266
1,14639,14708,1,0,0,11,3,25;158;200;274;63;456;534;555;659;676;295
1,14552,14627,1,0,0,8,3,112;245;287;361;150;543;621;642
1,14556,14636,1,0,0,8,1,108;241;283;357;146;529;617;638
1,14584,14635,1,0,0,9,1,80;213;255;329;118;511;589;610;852
1,14615,14901,1,0,0,9,6,49;182;224;298;87;480;558;579;821
1,14425,14480,1,1,0,13,4,5;1;239;335;97;100;62;414;471;277;670;748;769
1,14429,14516,1,0,0,12,1,1;211;335;93;96;58;410;471;273;666;744;765
0,14459,14511,1,0,0,11,0,205;335;63;66;28;380;449;243;636;714;735
1,14482,14571,1,0,0,11,3,182;315;40;43;5;357;431;220;613;691;712
1,14351,14421,1,0,0,16,4,61;79;75;11;313;446;171;45;174;136;48;488;471;351;744;822
1,14353,14415,1,1,0,16,4,59;77;66;9;311;444;169;43;172;134;46;486;471;349;742;820
1,14393,14482,1,1,0,15,2,19;37;33;271;404;129;3;132;94;6;446;471;309;702;769
1,14398,14472,1,1,0,14,2,14;32;28;266;335;124;127;89;1;441;471;304;697;769
1,14297,14380,1,0,0,17,3,115;133;121;65;367;12;500;225;99;16;228;190;102;542;616;405;798
1,14327,14618,1,0,1,15,8,85;103;99;35;337;470;195;69;198;160;72;512;586;375;768
1,14330,14615,1,0,0,15,6,82;100;96;32;334;467;192;66;195;157;69;509;473;372;765
1,14337,14407,1,0,0,16,3,75;93;89;25;327;460;185;59;188;150;62;502;471;365;758;836
1,14060,14310,1,0,0,17,12,90;262;187;370;366;206;302;572;249;665;462;336;253;465;427;339;779
1,14082,14144,1,0,0,17,3,68;262;165;348;344;184;280;572;227;665;440;314;231;443;405;317;757
1,14009,14095,1,0,0,17,5,141;262;238;421;417;257;353;572;300;665;513;387;304;486;478;390;830
1,14011,14075,1,1,0,17,5,139;262;236;400;415;255;351;572;298;665;511;385;302;486;476;388;828
1,14123,14197,1,0,0,18,3,27;262;124;307;303;143;239;523;186;665;399;213;190;402;364;276;642;790
1,14125,14204,1,0,0,18,6,25;262;122;305;301;141;237;523;173;665;397;213;188;400;362;274;642;788
1,14095,14339,1,0,1,17,8,55;262;152;335;331;171;267;523;214;665;427;301;218;430;392;304;744
1,14121,14208,1,0,0,18,2,29;262;126;309;305;145;241;523;188;665;401;275;192;404;366;278;642;792
1,14165,14218,1,0,0,19,5,247;82;265;261;101;197;499;144;621;357;213;148;360;322;234;642;748;537;930
1,14172,14261,1,0,0,19,4,240;75;258;254;94;190;492;137;621;350;213;141;353;315;227;642;741;530;923
0,14127,14211,1,0,0,18,0,23;262;120;303;299;139;235;523;173;621;395;213;186;398;360;272;642;786
1,14144,14202,1,0,0,19,5,6;262;103;286;282;122;218;520;165;621;378;213;169;381;343;255;642;769;558
1,14241,14299,1,0,0,19,5,171;6;189;185;25;121;423;68;556;281;155;72;284;246;158;598;672;461;842
1,14290,14348,1,1,0,17,4,122;140;136;72;374;19;507;232;106;23;235;197;109;549;623;412;805
1,14179,14260,1,0,0,19,2,233;68;251;247;87;183;485;130;618;343;213;134;346;308;220;642;734;523;844
1,14216,14276,1,1,0,19,4,196;31;214;210;50;146;448;93;581;306;180;97;309;271;183;623;697;486;844
1,13798,13878,1,0,0,15,6,43;339;568;177;449;632;628;468;479;866;476;807;724;598;515
1,13797,13849,1,0,0,15,1,44;339;568;178;450;633;629;469;479;867;495;807;725;599;516
1,13775,14012,1,0,1,15,10,66;339;568;200;472;655;651;491;479;889;495;1022;747;621;538
0,13772,13822,1,1,0,16,0,69;1;339;568;203;475;658;654;494;479;892;495;1025;750;624;541
1,13865,13928,1,0,0,17,1,285;547;110;382;565;561;401;479;799;444;665;657;531;448;660;622;534
1,13841,14135,1,0,1,17,13,0;309;558;134;406;589;585;412;479;823;468;807;681;555;472;684;646
1,13833,13904,1,1,1,16,1,8;317;558;142;414;597;593;428;479;831;476;807;689;563;480;692
1,13826,13886,1,0,0,16,1,15;324;558;149;421;604;600;440;479;838;476;807;696;570;487;699
1,13912,13998,1,1,0,17,5,238;262;63;335;518;514;354;450;752;397;665;587;484;401;613;575;487
1,13912,13978,1,0,0,17,1,238;262;29;335;518;514;354;450;752;397;665;587;484;401;613;575;487
1,13905,14170,1,1,1,17,13,245;507;70;342;525;521;361;457;759;404;665;587;491;408;620;582;494
1,13883,13953,1,0,0,17,5,267;529;92;364;547;543;383;479;781;426;665;639;513;430;642;604;516
1,13992,14046,1,0,1,17,2,158;262;255;438;434;274;370;572;317;665;530;404;321;533;495;407;847
1,13972,14263,1,0,1,18,13,178;262;3;275;446;454;294;390;692;337;665;550;424;341;553;512;427;867
1,13952,14004,1,0,0,18,4,198;262;23;295;478;474;314;410;712;357;665;570;444;361;573;512;447;887
1,13942,13993,1,1,1,17,3,208;262;29;305;488;484;324;420;722;367;665;580;454;371;583;545;457
1,13484,13535,1,1,0,13,2,162;47;255;129;63;130;200;17;346;289;639;904;491
1,13532,13750,1,0,1,14,7,114;207;81;15;82;200;309;241;618;880;443;715;898;894
1,13540,13780,1,1,0,14,10,106;199;73;7;74;197;301;233;610;872;435;707;890;735
1,13570,13657,1,1,0,14,4,76;169;43;44;167;271;203;580;842;405;677;827;735;696
1,13572,13640,1,0,1,14,2,74;167;41;42;165;269;201;578;840;403;675;788;735;694
1,13582,13642,1,0,0,14,4,64;157;31;32;155;259;191;568;830;393;665;788;735;670
1,13602,13672,1,0,0,14,2,44;137;11;12;135;239;171;548;810;373;645;788;735;664
1,13635,13854,1,0,1,12,8,11;104;102;206;138;515;777;340;612;788;735;631
1,13644,13863,1,1,0,14,5,2;95;93;197;129;339;768;331;603;786;735;622;718;1020
1,13651,13898,1,1,0,13,6,88;86;190;122;339;568;324;596;779;735;615;711;1013
1,13668,13733,1,0,0,13,2,71;69;173;105;339;568;307;579;762;735;598;479;996
0,13679,13764,1,1,0,13,0,60;58;162;94;339;568;296;568;751;735;587;479;985
0,13683,13737,1,1,0,13,0,56;54;158;90;339;568;292;564;747;735;583;479;981
1,13728,13810,1,1,0,15,4,11;9;113;45;339;568;247;519;702;698;538;479;936;581;1069
0,13747,13799,1,1,0,16,0,94;26;339;568;228;500;683;679;519;479;917;562;1050;775;649;566
1,13769,13831,1,0,0,16,1,72;4;339;568;206;478;661;657;497;479;895;540;1028;753;627;544
1,13285,13362,1,0,0,14,4,59;16;88;361;246;454;328;240;299;412;244;354;488;865
1,13278,13516,1,0,1,14,6,66;23;95;368;253;461;335;240;299;412;251;563;495;872
1,13294,13357,1,0,0,14,2,50;7;60;331;237;445;319;240;299;412;235;354;479;856
1,13287,13359,1,0,0,14,3,57;14;60;359;244;452;326;240;299;412;242;354;486;863
1,13316,13394,1,1,1,13,3,28;57;330;215;423;297;188;298;412;213;354;435;834
1,13314,13394,1,0,0,13,3,30;59;331;217;425;299;233;299;412;215;354;435;836
1,13337,13408,1,0,1,13,1,7;36;309;194;402;276;188;277;400;192;354;435;774
1,13323,13405,1,0,0,13,1,21;50;323;208;416;290;188;291;412;206;354;435;774
1,13383,13451,1,1,0,12,2,256;148;356;230;164;231;354;146;354;390;639;1029
1,13378,13658,1,0,0,11,7,256;153;361;235;169;236;359;151;354;395;772
1,13401,13638,1,0,0,12,4,245;130;338;212;146;213;336;128;354;372;639;984
1,13394,13448,1,0,0,12,3,252;137;345;219;153;220;343;135;354;379;639;1018
1,13451,13533,1,0,0,12,2,195;80;288;162;96;163;200;78;354;322;639;961
1,13420,13500,1,0,0,12,1,226;111;319;193;127;194;200;109;354;353;639;984
1,13464,13547,1,0,0,12,4,182;67;275;149;83;150;200;17;346;309;639;948
1,13463,13529,1,1,0,12,1,183;68;276;150;84;151;200;66;346;310;639;949
1,13149,13215,1,0,0,10,4,195;152;20;213;497;382;590;464;398;465
1,13151,13227,1,0,0,11,1,193;150;18;191;495;380;588;462;396;463;586
1,13086,13136,1,1,0,12,3,29;258;215;22;83;273;560;445;624;527;461;528
1,13111,13383,1,1,0,11,7,4;233;190;58;240;535;420;624;502;436;503
1,13051,13120,1,1,0,11,1,64;293;250;57;118;273;595;461;688;562;496
1,13067,13139,1,0,1,12,4,48;277;234;41;102;273;579;458;672;546;480;547
1,13039,13098,1,0,0,11,1,76;295;262;69;127;273;607;492;700;574;508
1,13045,13130,1,0,0,11,1,70;295;256;63;124;273;601;482;694;568;502
1,13270,13333,1,0,0,12,1,74;31;103;376;261;469;343;240;344;412;259;571
1,13275,13350,1,0,0,13,1,69;26;98;371;256;464;338;240;301;412;254;566;498
0,13203,13287,1,0,0,11,0,141;98;170;443;328;536;410;240;411;412;326
1,13221,13276,1,1,0,11,2,123;80;152;425;310;518;392;240;393;412;308
1,13185,13250,1,0,1,11,2,159;116;188;461;346;554;428;240;429;552;344
1,13193,13432,1,0,1,11,8,151;108;180;452;338;546;420;240;421;544;336
1,13154,13205,1,0,1,11,1,190;147;15;191;492;373;585;459;393;460;583
1,13166,13401,1,0,0,11,4,178;135;3;191;480;347;573;447;381;448;571
1,12894,13174,1,0,1,13,2,85;71;221;101;450;407;214;275;407;673;526;800;719
1,12879,12954,1,0,0,12,2,100;86;236;116;465;410;229;290;407;673;526;860
1,12864,12944,1,0,0,11,1,115;101;246;131;480;418;244;305;407;673;526
0,12860,12935,1,0,0,11,0,119;105;246;135;484;418;248;309;407;673;526
1,12858,12928,1,0,0,11,1,121;107;246;137;486;428;250;311;407;673;526
1,12820,12878,1,0,0,12,4,26;159;145;295;175;524;428;274;344;407;673;526
1,12812,13041,1,0,1,12,3,34;167;153;303;183;532;428;274;344;407;673;719
1,12805,12868,1,0,0,12,3,41;174;160;310;190;539;428;274;364;407;673;726
1,13028,13114,1,0,1,11,3,87;295;273;78;141;273;618;503;711;585;519
1,13027,13101,1,0,0,11,4,88;295;274;78;142;346;619;504;712;586;520
1,12983,13037,1,0,1,11,2,132;12;295;318;115;186;390;663;520;756;622
1,12982,13043,1,0,0,11,3,133;13;295;319;126;187;391;664;520;757;622
1,12964,13039,1,0,0,13,2,15;1;151;31;295;337;144;205;407;673;526;759;622
1,12949,13017,1,0,0,13,3,30;16;166;46;295;352;159;220;407;673;526;790;622
1,12944,13161,1,1,0,13,7,35;21;171;51;400;357;164;225;407;673;526;795;622
1,12904,12990,1,0,0,13,1,75;61;211;91;440;397;204;265;407;673;526;800;622
1,12696,12773,1,0,0,12,4,98;150;80;283;97;269;419;299;648;605;274;473
1,12705,12778,1,0,0,12,1,89;141;71;274;88;260;410;290;639;596;274;408
1,12714,12797,1,0,0,12,1,80;132;62;265;79;243;401;281;630;587;274;408
1,12716,12941,1,0,1,12,6,78;130;60;263;77;223;399;279;628;585;274;408
1,12626,12842,1,1,0,14,7,58;168;220;129;16;313;105;336;18;456;369;718;675;482
1,12628,12716,1,1,0,14,1,56;166;218;129;14;313;105;336;16;456;367;716;673;274
1,12639,12710,1,0,0,15,1,45;155;207;129;3;313;105;309;5;456;356;705;662;274;530
1,12639,12714,1,1,0,15,1,45;155;207;129;3;313;105;291;5;456;356;705;662;274;530
1,12758,13057,1,1,1,14,6,36;88;18;221;35;207;357;237;586;438;274;392;407;888
1,12772,12990,1,1,1,14,7,22;74;4;207;21;193;343;223;572;438;274;392;407;673
0,12788,12854,1,0,0,13,0,6;58;191;5;177;327;207;556;438;274;376;407;673
1,12794,12863,1,0,0,12,1,0;52;185;171;321;201;550;438;274;375;407;673
1,12729,12811,1,0,0,12,1,65;117;47;250;64;223;386;266;615;438;274;408
0,12742,12825,1,0,0,12,0,52;104;34;237;51;222;373;253;602;438;274;408
1,12752,13037,1,1,0,13,8,42;94;24;227;41;213;363;243;592;438;274;408;621
1,12753,12826,1,0,0,13,3,41;93;23;226;40;212;362;242;591;438;274;408;407
1,12447,12695,1,0,0,13,5,237;347;342;149;195;82;480;265;518;197;668;548;897
1,12437,12504,1,0,0,13,3,247;357;342;149;205;92;509;265;528;207;678;558;907
1,12486,12746,1,1,1,13,6,198;308;342;149;156;43;313;265;479;158;456;509;858
1,12452,12697,1,0,1,13,8,232;342;342;149;190;77;313;265;513;192;663;543;892
1,12375,12439,1,1,0,13,1,309;404;25;342;149;267;154;509;265;590;269;740;620
1,12367,12436,1,1,0,12,2,317;404;33;342;167;275;162;509;265;598;277;748
1,12400,12456,1,0,0,13,1,284;394;0;342;149;242;129;509;265;563;244;715;595
1,12395,12450,1,1,0,13,1,289;399;5;342;149;247;134;509;265;570;249;720;600
1,12600,12675,1,1,0,13,3,84;194;246;129;42;313;193;365;44;456;382;744;701
1,12580,12669,1,0,0,12,2,104;214;266;149;62;313;213;385;64;456;382;747
1,12613,12690,1,0,0,14,1,71;181;233;129;29;313;180;336;31;456;382;731;688;495
1,12612,12684,1,0,0,14,1,72;182;234;129;30;313;181;353;32;456;382;732;689;496
1,12519,12607,1,0,1,13,3,165;275;327;149;123;10;313;265;446;125;456;476;747
0,12491,12559,1,0,0,13,0,193;303;342;149;151;38;313;265;474;153;456;504;747
1,12549,12631,1,0,0,12,1,135;245;297;149;93;313;244;416;95;456;446;747
1,12546,12627,1,1,0,12,2,138;248;300;149;96;313;247;419;98;456;449;747
1,12159,12230,1,0,0,12,4,118;66;54;525;635;241;687;494;433;370;734;634
1,12164,12234,1,0,0,12,4,113;61;49;520;630;236;674;494;433;365;734;629
1,12181,12236,1,0,0,12,4,96;44;32;503;613;219;638;494;433;348;734;612
0,12208,12278,1,0,0,12,0,69;17;5;476;586;192;619;494;433;321;734;585
1,12222,12302,1,0,0,12,4,55;3;462;572;178;619;494;420;307;734;571;743
1,12224,12486,1,1,0,12,5,53;1;460;570;176;587;494;418;305;734;569;741
1,12237,12288,1,0,0,11,1,40;447;557;163;573;494;405;292;734;556;728
0,12253,12333,1,0,0,11,0,24;431;538;147;573;494;389;276;726;540;712
1,12086,12297,1,0,0,13,6,31;191;139;50;127;598;708;314;760;690;556;443;893
1,12088,12324,1,0,1,13,6,29;189;137;48;125;596;706;312;758;688;433;441;891
1,12102,12370,1,0,1,13,9,15;175;123;34;111;582;692;298;727;674;433;427;877
0,12112,12167,1,1,0,13,0,5;165;113;24;101;572;682;288;727;664;433;417;734
1,12115,12315,1,1,0,13,6,2;162;110;21;98;569;679;285;727;661;433;414;734
1,12128,12185,1,0,0,13,3,149;97;8;85;556;666;272;718;494;433;401;734;665
0,12140,12217,1,0,0,12,0,137;85;73;544;654;260;706;494;433;389;734;653
1,12141,12213,1,0,1,12,4,136;84;72;543;653;259;705;494;433;388;734;652
1,12301,12362,1,0,0,10,1,361;485;99;342;475;341;228;509;492;664
1,12296,12362,1,1,0,10,2,383;485;104;342;480;346;233;509;497;669
1,12327,12599,1,0,1,11,9,357;448;73;342;449;315;202;509;466;619;317
1,12308,12370,1,0,0,11,1,361;448;92;342;468;334;221;509;485;657;336
1,12356,12639,1,0,0,11,7,328;420;44;342;420;286;173;509;265;609;288
1,12337,12423,1,1,1,11,1,347;448;63;342;439;305;192;509;265;619;307
1,12364,12417,1,1,0,12,1,320;407;36;342;167;278;165;509;265;601;280;751
1,12359,12441,1,1,0,11,1,325;420;41;342;167;283;170;509;265;606;285
1,12276,12542,1,0,1,11,9,1;408;518;124;570;494;366;253;524;517;689
1,12261,12476,1,0,0,11,5,16;423;533;139;573;494;381;268;718;532;704
1,12280,12359,1,0,0,10,2,404;514;120;342;494;362;249;524;513;685
0,12280,12367,1,1,0,10,0,404;514;120;342;494;355;249;524;513;685
0,12290,12341,1,0,0,10,0,394;485;110;342;486;352;239;524;503;675
1,12280,12357,1,0,0,10,1,404;514;120;342;494;355;249;524;513;685
1,12292,12359,1,0,0,10,3,383;485;108;342;484;350;237;524;501;673
1,12291,12367,1,1,0,10,2,393;485;109;342;485;351;238;524;502;674
0,11774,11857,1,0,0,8,0,114;343;121;485;338;197;334;724
1,11776,12046,1,1,0,8,2,113;341;119;485;338;197;334;724
1,11771,11986,1,0,0,8,2,114;346;124;506;339;197;334;724
1,11773,11852,1,1,0,8,2,114;344;122;504;338;197;334;724
1,11845,12049,1,0,0,10,2,44;272;50;432;338;197;334;724;786;555
1,11845,11898,1,1,0,10,2,44;272;50;432;338;145;334;724;786;555
1,11794,12009,1,0,0,9,3,95;308;101;483;338;197;334;724;1000
0,11828,11896,1,1,0,9,0,61;289;67;449;338;197;334;724;786
1,11718,11932,1,0,0,9,2,51;114;399;177;559;369;418;495;906
1,11719,12016,1,0,1,9,6,50;114;398;176;558;369;417;334;906
0,11702,11770,1,0,0,9,0,67;114;415;193;575;523;434;511;906
1,11706,11963,1,0,1,9,4,63;114;411;189;571;519;430;507;906
1,11743,12003,1,1,0,9,4,26;114;374;152;534;339;197;334;724
1,11749,11837,1,0,0,9,2,20;114;368;146;528;339;197;334;724
1,11720,11802,1,0,0,9,1,49;114;397;175;557;369;416;334;724
1,11735,11992,1,0,0,9,3,34;114;382;160;542;339;401;334;724
1,12015,12259,1,0,1,12,7,102;262;210;121;182;669;779;385;813;761;627;514
1,11988,12062,1,0,0,12,2,118;289;237;145;182;696;786;412;813;788;654;541
1,11978,12058,1,0,0,12,4,118;299;247;145;182;706;786;422;868;798;664;551
1,11956,12013,1,1,0,9,1,126;321;269;145;182;720;786;444;890
0,12086,12138,1,0,0,13,0,31;191;139;50;127;598;708;314;760;690;433;443;893
1,12058,12139,1,0,0,12,4,59;219;162;78;155;626;736;342;788;718;584;471
1,12037,12097,1,0,0,12,3,80;240;188;99;176;647;757;363;797;739;605;492
0,12021,12078,1,1,0,12,0,96;256;204;115;182;663;773;379;797;755;621;508
0,11886,11971,1,0,0,10,0,3;231;9;391;324;145;182;724;786;503
1,11877,11929,1,1,0,10,1,12;240;18;400;338;145;182;724;786;503
1,11869,11941,1,1,0,10,1,20;248;26;408;338;145;189;724;786;503
1,11863,12101,1,1,0,10,3,26;254;32;414;338;145;334;724;786;503
1,11946,12031,1,1,0,8,1,171;331;269;145;182;720;786;454
1,11939,12023,1,1,0,8,2,178;338;286;145;182;720;786;461
1,11925,12162,1,1,1,8,3,192;352;300;145;182;724;786;475
1,11890,12112,1,0,1,9,3,227;5;387;324;145;182;724;786;503
1,11457,11692,1,0,0,7,5,115;312;336;660;438;820;768
1,11463,11539,1,0,0,7,1,109;306;336;443;432;814;762
1,11466,11555,1,0,0,7,2,106;291;336;443;429;811;759
0,11486,11556,1,0,0,7,0,86;283;336;443;409;790;739
0,11391,11451,1,0,0,8,0,11;55;63;181;335;336;726;504
1,11404,11493,1,0,0,7,1,42;50;168;335;336;713;491
0,11435,11495,1,0,0,8,0,11;19;137;334;336;682;460;842
0,11454,11512,1,1,0,8,0,0;118;315;336;663;441;823;771
1,11294,11375,1,0,0,7,1,22;108;152;160;278;335;337
1,11313,11398,1,0,0,7,4,22;89;133;141;259;335;337
1,11353,11431,1,0,1,8,2,49;93;101;219;335;336;764;542
0,11388,11454,1,0,0,8,0,14;58;66;184;335;336;729;507
1,11261,11537,1,0,0,9,1,21;25;74;141;185;193;311;335;628
1,11275,11554,1,0,1,9,2,7;11;60;127;171;168;297;335;614
1,11275,11333,1,0,1,9,3,7;11;60;127;171;168;297;335;337
0,11288,11372,1,0,0,7,0,22;114;158;166;284;335;337
1,11689,11928,1,0,1,9,8,80;148;428;206;588;536;447;524;995
1,11660,11721,1,0,0,8,3,109;206;441;235;617;565;476;553
0,11692,11766,1,1,0,9,0,77;114;425;203;585;533;444;521;906
1,11690,11777,1,0,0,9,1,79;148;427;205;587;535;446;523;906
0,11651,11732,1,0,0,8,0,118;236;441;244;626;574;485;562
1,11622,11679,1,0,0,8,1,129;267;441;273;655;603;514;579
1,11660,11745,1,0,0,8,1,109;206;441;235;617;565;476;536
1,11654,11731,1,1,0,8,1,115;235;441;241;623;571;482;559
1,11555,11613,1,1,0,9,1,17;214;286;441;340;722;670;581;579
1,11550,11617,1,0,0,9,1,22;219;287;441;345;727;675;586;579
1,11612,11662,1,0,0,8,1,157;277;441;283;665;613;524;579
0,11576,11631,1,0,0,8,0,193;286;441;319;701;649;560;579
1,11539,11756,1,0,1,9,6,33;230;336;443;356;738;686;597;674
1,11493,11571,1,0,0,7,1,79;276;336;443;402;784;732
1,11549,11626,1,0,0,9,1,23;220;336;441;346;728;676;587;579
1,11543,11780,1,1,1,9,6,29;226;336;441;352;734;682;593;670
1,11000,11076,1,0,0,12,1,236;282;243;286;335;72;237;185;257;402;376;330
1,11003,11085,1,0,0,12,1,221;279;240;283;332;69;237;182;254;399;376;330
0,10957,11018,1,0,0,12,0,279;325;286;329;378;115;237;228;300;436;489;330
1,10990,11214,1,0,0,12,8,246;292;253;296;345;82;237;195;267;412;456;330
1,10946,11032,1,0,0,12,2,290;336;297;340;389;126;310;234;311;436;500;508
1,10954,11212,1,0,1,12,5,282;328;289;332;381;118;237;231;303;436;492;500
1,10904,10968,1,1,0,12,1,332;342;339;382;431;168;352;234;353;445;542;550
1,10925,10997,1,0,1,12,4,311;342;318;361;410;147;331;234;332;445;521;529
1,10822,11063,1,0,1,12,8,46;414;342;421;464;509;250;434;363;434;445;624
1,10864,10943,1,0,0,12,2,4;372;342;379;422;471;208;392;234;393;445;582
1,10803,11043,1,0,1,11,6,50;433;342;440;483;509;269;453;382;454;599
1,10816,10880,1,0,0,11,1,50;420;342;427;470;509;256;440;369;441;445
1,10792,10854,1,0,0,12,1,7;76;444;342;451;494;543;280;464;393;465;610
1,10798,10862,1,0,1,12,2,1;50;438;342;445;488;537;274;458;387;459;604
0,10753,10835,1,0,0,13,0,46;115;29;457;342;490;533;582;319;503;432;504;649
0,10774,10845,1,0,0,13,0,25;94;8;457;342;469;512;561;298;482;411;483;628
1,11248,11533,1,0,0,10,4,34;38;87;8;9;146;198;206;324;521
1,11236,11312,1,0,0,12,3,0;46;7;50;99;20;21;166;210;218;336;533
1,11208,11293,1,0,0,12,1,28;74;35;78;127;48;49;182;238;246;364;561
1,11177,11252,1,0,0,12,1,59;105;66;109;158;79;8;80;182;269;277;395
1,11166,11252,1,0,0,11,4,70;116;77;120;169;90;19;91;201;280;288
1,11152,11232,1,1,0,11,4,84;130;91;134;183;104;33;105;214;294;295
1,11143,11232,1,1,0,11,4,93;139;100;143;192;113;42;110;259;303;295
0,11121,11172,1,1,0,11,0,115;161;122;155;214;135;64;110;281;325;295
1,11109,11174,1,1,0,11,1,127;173;134;155;226;147;76;110;287;337;299
1,11108,11164,1,0,0,11,1,128;174;135;155;227;148;77;149;287;338;299
1,11106,11165,1,0,0,11,4,130;176;137;155;229;150;79;151;296;340;299
1,11097,11330,1,0,0,11,2,139;185;146;189;238;159;88;160;305;349;299
0,11053,11128,1,1,0,12,0,183;229;173;233;282;19;203;132;204;349;376;299
1,11050,11139,1,1,0,12,1,186;232;173;236;285;22;206;135;207;352;376;330
1,11033,11105,1,0,0,12,1,203;249;210;253;302;39;223;152;224;369;376;330
1,11011,11064,1,1,0,12,1,221;259;232;275;324;61;237;174;246;391;376;330
1,10263,10338,1,0,0,16,2,30;22;51;180;173;171;297;100;82;114;306;406;536;605;507;475
1,10252,10341,1,0,0,16,3,30;46;62;180;184;182;297;111;93;114;317;417;547;616;507;486
1,10279,10338,1,0,1,16,5,30;19;35;180;157;155;297;68;66;111;290;390;520;589;497;459
1,10273,10327,1,0,0,16,2,30;22;41;180;163;161;297;90;72;114;296;396;526;595;497;465
1,10284,10345,1,0,1,17,3,30;14;30;180;152;150;297;68;37;106;285;385;515;584;497;454;952
1,10281,10334,1,0,0,16,4,30;17;33;180;155;153;297;68;37;109;288;388;518;587;497;457
1,10295,10368,1,0,0,17,2,30;3;19;180;123;139;297;68;37;95;274;374;504;573;468;443;941
1,10292,10363,1,0,0,17,2,30;6;22;180;123;142;297;68;37;98;277;377;507;576;490;446;944
1,10299,10584,1,0,1,16,13,13;15;180;123;135;297;64;37;91;270;370;500;552;468;439;937
1,10296,10352,1,0,1,17,6,30;2;18;180;123;138;297;67;37;94;273;373;503;552;468;442;940
1,10313,10537,1,0,0,16,8,13;1;180;107;121;297;50;32;77;256;356;486;552;468;425;759
1,10301,10524,1,1,0,16,3,13;13;180;123;133;297;62;37;89;268;368;498;552;468;437;759
1,10385,10446,1,1,0,13,3,152;51;49;236;5;184;284;414;483;397;353;724;897
1,10338,10604,1,1,1,14,9,180;98;96;283;25;7;52;231;331;461;530;444;400;726
1,10425,10499,1,1,0,12,2,112;11;9;196;144;244;374;443;357;313;724;857
1,10397,10486,1,1,0,12,3,140;39;37;224;172;272;397;471;385;341;724;885
1,10511,10569,1,0,0,13,3,26;110;58;158;288;357;271;227;724;771;732;775;824
1,10524,10583,1,0,0,14,3,13;97;45;145;275;344;258;214;702;758;719;762;811;185
1,10541,10818,1,0,1,14,9,80;28;128;258;327;241;197;671;741;702;745;794;168;531
1,10558,10830,1,0,1,14,8,63;11;111;241;310;224;180;671;645;685;728;777;151;514
1,10577,10642,1,1,0,13,1,44;92;222;291;205;161;659;645;666;605;758;132;495
1,10577,10795,1,0,1,13,5,44;92;174;291;205;161;659;645;666;605;758;132;495
1,10590,10665,1,0,1,13,4,31;79;174;278;192;148;646;645;653;605;680;119;482
1,10613,10671,1,0,0,14,1,8;56;174;255;169;125;623;619;630;605;680;96;459;643
1,10634,10719,1,1,0,14,3,35;165;234;148;104;602;619;609;605;679;75;438;622;551
1,10655,10710,1,1,0,14,2,14;144;213;127;83;581;585;588;605;679;54;417;601;530
1,10663,10944,1,0,1,14,7,6;136;205;119;75;542;585;580;605;672;46;409;593;522
1,10665,10731,1,1,0,14,3,4;134;203;117;73;542;342;578;605;670;44;407;591;520
1,10674,10745,1,1,1,13,3,125;194;108;64;542;342;569;605;661;35;398;582;511
1,10678,10735,1,1,0,13,2,71;190;104;60;542;342;565;605;657;31;394;578;507
1,10729,10785,1,0,0,14,3,70;139;53;9;507;342;514;557;606;343;527;456;528;673
1,10751,10807,1,0,0,13,1,48;117;31;485;342;492;535;584;321;505;434;506;651
1,9896,9950,1,1,1,12,2,84;436;402;248;418;641;394;538;689;467;308;494
1,9869,9921,1,0,0,12,2,111;463;429;275;445;668;394;565;689;494;308;521
1,9851,9928,1,0,0,11,2,129;481;447;293;463;686;394;566;689;512;373
0,9832,9904,1,1,0,11,0,148;500;466;312;482;705;394;566;689;531;373
1,9928,10014,1,0,0,12,1,52;404;365;172;386;609;394;506;629;435;308;462
1,9922,9977,1,0,0,12,1,58;410;376;172;392;615;394;512;629;441;308;468
1,9908,9971,1,0,0,12,3,72;424;390;172;406;629;394;526;689;455;308;482
1,9907,9987,1,0,0,12,1,73;425;391;237;407;630;394;527;689;456;308;483
1,9986,10065,1,0,0,15,1,346;312;136;328;551;388;215;410;377;308;404;583;683;813;882
1,9977,10224,1,0,0,15,6,3;355;321;136;337;560;388;215;629;386;308;413;592;692;822
1,9975,10262,1,1,1,15,12,5;357;323;136;339;562;388;459;629;388;308;415;594;694;824
1,9949,10037,1,0,0,12,2,31;383;349;136;365;588;394;485;629;414;308;441
1,10032,10115,1,0,0,15,2,300;266;112;282;505;388;215;407;331;280;358;537;488;767;836
1,10019,10277,1,1,0,15,6,313;279;113;295;518;388;215;407;344;280;371;550;650;780;849
1,10014,10251,1,1,0,15,6,318;284;113;300;523;388;215;410;349;280;376;555;655;785;854
1,10006,10077,1,1,0,15,2,326;292;113;308;531;388;215;410;357;308;384;563;663;793;862
1,10055,10105,1,1,0,16,2,277;243;89;259;482;381;215;407;308;252;335;459;488;744;806;727
1,10067,10307,1,1,1,16,10,265;231;77;247;467;369;215;407;296;252;323;459;488;732;801;715
1,10039,10111,1,1,0,16,3,293;259;105;275;498;388;215;407;324;280;351;530;488;760;806;743
1,10042,10110,1,0,1,16,2,290;256;102;272;495;388;215;407;321;280;348;459;488;757;806;740
1,10130,10187,1,0,0,17,2,30;168;14;184;407;306;215;407;233;215;114;439;488;655;738;652;608
1,10130,10378,1,0,1,17,8,30;168;14;184;407;306;215;407;233;215;114;439;488;655;716;652;608
1,10097,10320,1,0,0,16,8,30;201;47;217;440;339;215;407;266;248;293;459;488;702;771;685
1,10105,10177,1,0,0,16,3,30;193;39;209;432;331;215;407;258;240;114;459;488;694;763;677
1,10166,10233,1,1,0,16,3,30;132;148;371;270;215;297;197;179;114;403;488;633;702;587;513
1,10173,10378,1,1,1,16,7,30;125;141;364;263;215;297;190;172;114;396;488;626;695;587;513
1,10152,10445,1,0,1,16,14,30;146;162;385;284;215;407;211;193;114;417;488;647;716;587;586
1,10152,10238,1,1,1,16,3,30;146;162;385;284;215;297;211;193;114;417;488;647;716;587;586
1,10233,10290,1,0,0,16,2,30;65;81;180;203;201;297;130;112;114;336;436;566;635;549;505
1,10249,10546,1,0,0,16,6,30;49;65;180;187;185;297;114;96;114;320;420;550;619;530;489
1,10198,10260,1,0,0,16,2,30;100;116;180;238;215;297;165;147;114;371;471;601;670;584;513
1,10209,10265,1,0,0,16,3,30;89;105;180;227;215;297;154;136;114;360;460;590;659;568;513
1,9385,9604,1,1,1,12,4,162;208;92;59;244;392;252;146;224;428;288;595
0,9372,9450,1,0,0,12,0,175;221;105;72;252;405;265;159;237;441;288;608
1,9397,9460,1,0,0,12,4,150;196;80;47;232;182;240;134;212;416;288;542
1,9388,9454,1,0,0,12,4,159;205;89;56;241;182;249;143;221;425;288;592
1,9323,9398,1,1,0,12,2,224;244;154;121;290;454;314;208;286;490;324;657
1,9299,9535,1,0,0,12,2,248;244;178;145;290;462;338;232;310;514;517;681
1,9337,9419,1,0,1,12,1,210;244;140;107;290;416;300;194;272;476;288;643
1,9331,9405,1,1,0,12,5,216;244;146;113;290;446;306;200;278;482;288;649
1,9461,9529,1,0,0,12,3,86;132;16;168;182;176;70;148;352;288;519;723
0,9453,9513,1,0,0,12,0,94;140;24;176;182;184;78;156;360;288;527;723
1,9493,9572,1,0,0,12,2,54;100;136;182;144;38;116;320;288;459;723;311
1,9469,9737,1,0,0,13,4,78;124;8;160;182;168;62;140;344;288;497;723;335
1,9409,9663,1,0,1,13,8,138;169;68;35;220;182;228;122;200;386;288;542;923
1,9404,9466,1,0,0,13,2,143;169;73;40;225;182;233;127;205;409;288;542;928
1,9435,9491,1,0,0,13,4,112;154;42;9;194;182;202;96;174;378;288;542;723
1,9413,9472,1,0,0,13,4,134;169;64;31;216;182;224;118;196;386;288;542;723
1,9594,9811,1,0,1,11,5,35;182;43;15;219;222;386;723;210;623;550
1,9671,9726,1,0,0,9,1,106;142;145;309;661;133;517;473;643
1,9697,9754,1,1,0,9,1,80;116;119;283;635;107;517;447;617
1,9721,9777,1,0,0,10,1,56;92;95;259;611;83;517;423;593;816
1,9518,9584,1,1,0,13,1,29;75;111;182;119;13;91;295;288;411;723;286;780
1,3,72,1,0,1,8,1,21;365;124;645;192;9;190;260
1,9522,9780,1,1,0,13,5,25;71;107;182;115;9;87;291;253;411;723;282;776
1,28,306,1,0,1,7,2,340;99;620;167;165;235;830
1,9539,9606,1,0,0,12,1,8;54;90;182;98;70;274;253;411;723;265;623
1,29,109,1,0,0,7,2,339;98;417;166;164;234;829
1,9559,9623,1,1,0,12,1,34;70;182;78;50;254;253;411;723;245;623;585
1,29,100,1,0,0,7,1,339;98;415;166;164;234;829
1,9803,9888,1,1,1,14,2,10;13;177;529;1;495;341;511;722;633;587;818;560;542
0,55,111,1,0,0,7,0,313;72;415;140;124;208;803
1,9807,10071,1,0,1,13,7,6;9;173;525;491;337;507;722;629;566;814;556;538
0,68,130,1,0,0,7,0,300;59;415;127;124;195;790
1,9821,10080,1,0,1,11,5,159;511;477;323;493;716;615;566;800;542;373
1,73,133,1,0,0,8,1,295;54;415;122;120;190;785;574
1,9826,10058,1,1,0,11,7,154;506;472;318;488;711;610;566;689;537;373
1,74,160,1,0,0,8,2,294;53;415;121;108;189;784;573
1,9734,9963,1,1,0,11,4,43;79;82;246;598;70;517;410;580;803;702
1,77,140,1,0,0,8,1,291;50;413;118;108;186;781;570
1,9742,9796,1,0,0,11,1,35;71;74;238;590;62;517;402;572;722;694
1,126,404,1,0,0,10,4,242;1;413;69;67;137;732;521;744;692
1,9781,9864,1,0,0,13,1,32;35;199;551;23;517;363;533;722;655;653;840;582
1,142,195,1,0,0,10,1,226;413;53;51;121;716;505;728;465;621
1,9797,9871,1,0,0,14,2,16;19;183;535;7;498;347;517;722;639;637;824;566;548
1,145,224,1,0,0,10,1,223;413;50;48;118;713;502;725;465;598
1,8971,9234,1,1,1,11,6,64;147;576;601;482;374;565;95;806;666;560
0,309,359,1,0,0,10,0,59;339;549;338;561;465;442;624;739;968
1,8956,9022,1,1,0,11,1,79;162;591;624;482;374;565;95;811;681;575
1,308,363,1,0,0,10,2,60;340;550;339;562;465;455;625;740;969
0,8954,9014,1,0,0,11,0,81;164;593;624;482;374;565;95;811;683;577
1,199,273,1,0,0,10,1,169;413;64;659;448;671;465;564;734;849
1,8953,9013,1,0,0,11,1,82;165;594;640;482;374;565;95;811;684;578
1,153,214,1,0,0,10,1,215;413;42;40;110;705;494;717;465;598
1,8943,9017,1,1,0,11,2,92;175;604;650;482;374;565;95;834;694;588
1,358,428,1,1,0,10,3,10;290;500;289;512;460;405;575;690;895
1,8915,8987,1,4,0,10,2,120;203;632;678;482;374;568;95;855;722
1,328,382,1,0,0,10,1,40;320;530;319;542;465;407;605;720;912
1,8903,8983,1,1,0,10,2,132;215;644;690;482;374;576;95;855;734
1,326,414,1,0,1,10,3,42;322;532;321;544;465;437;607;722;912
1,8864,8944,1,1,0,9,2,171;254;683;729;482;374;576;95;913
1,317,404,1,0,0,10,2,51;331;541;330;553;465;442;616;731;960
1,9056,9263,1,0,1,10,5,62;491;537;421;351;540;61;714;373;330
1,397,447,1,0,0,10,1,251;461;250;447;421;366;536;651;874;726
1,9043,9100,1,0,0,10,1,75;504;550;434;351;540;95;714;373;330
1,385,439,1,0,1,9,3,263;473;262;448;433;378;548;663;874
1,9034,9104,1,1,0,11,2,1;84;513;559;443;374;540;95;714;373;330
1,383,440,1,0,0,9,1,265;475;262;448;435;380;550;665;894
1,9033,9094,1,0,1,11,3,2;85;514;560;444;374;565;95;714;373;330
1,365,419,1,0,0,10,2,3;283;493;282;448;453;398;568;683;895
1,9012,9089,1,0,0,11,3,23;106;535;581;450;374;565;95;765;373;330
1,524,608,1,0,1,12,2,124;334;123;346;294;239;409;519;753;599;214;957
1,9010,9275,1,0,0,11,7,25;108;537;583;450;374;565;95;767;627;330
1,520,574,1,0,0,12,4,128;338;127;350;298;243;413;528;757;603;218;961
1,8980,9035,1,0,0,11,3,55;138;567;601;482;374;565;95;797;657;330
1,433,522,1,0,0,11,1,215;425;214;437;385;330;500;568;844;686;305
0,8977,9045,1,0,0,11,0,58;141;570;601;482;374;565;95;800;660;330
1,400,678,1,1,1,10,8,248;458;247;447;418;363;533;648;874;686
1,9151,9363,1,0,0,11,3,396;244;326;293;478;523;373;330;458;662;665
1,577,627,1,0,1,13,4,71;281;70;293;235;186;356;471;700;546;161;894;593
0,9156,9226,1,0,0,11,0,391;244;321;288;473;523;373;330;453;571;660
1,577,644,1,1,1,13,5,71;281;70;280;235;186;356;471;700;546;161;894;593
0,9110,9184,1,1,0,11,0,8;437;475;367;334;519;39;523;373;330;499
1,553,635,1,0,0,13,3,95;305;94;317;265;210;380;495;724;570;185;913;617
1,9135,9367,1,1,1,10,8,412;458;342;309;494;14;523;373;330;474
1,564,645,1,1,1,13,2,84;294;83;306;235;199;369;484;713;559;174;913;606
1,9097,9156,1,1,0,11,2,21;450;496;380;340;532;52;523;373;330;512
1,597,657,1,0,0,14,2,51;261;50;273;221;166;336;451;673;526;141;873;573;579
0,9104,9192,1,0,0,11,0,14;443;475;373;340;525;45;523;373;330;505
1,609,688,1,1,0,15,5,39;249;38;261;209;154;324;439;668;514;129;872;561;567;395
0,9073,9140,1,0,0,11,0,45;474;520;404;351;540;61;523;373;330;536
1,579,651,1,0,0,13,2,69;279;68;280;235;168;354;469;698;544;159;894;591
1,9077,9137,1,0,0,11,2,41;470;516;400;351;540;61;523;373;330;532
1,592,643,1,0,0,14,2,56;266;55;278;226;168;341;456;685;531;146;873;578;584
1,9289,9359,1,1,0,12,4,258;244;188;155;340;488;348;242;320;524;527;691
1,639,856,1,0,0,16,8,9;219;8;231;179;124;294;409;638;432;99;842;515;537;365;738
1,9291,9366,1,0,0,12,1,256;244;186;153;338;462;346;240;318;522;525;689
0,662,742,1,1,0,14,0,196;208;156;101;271;386;615;432;76;819;508;514;342;527
1,9256,9331,1,0,0,12,1,291;244;221;185;373;521;373;275;353;557;560;724
1,618,677,1,0,0,15,2,30;240;29;252;200;145;315;430;659;505;120;863;552;558;386
1,9258,9316,1,0,1,12,3,289;244;219;185;342;519;373;273;351;555;558;722
1,637,714,1,1,0,16,2,11;221;10;233;181;126;296;411;640;486;101;844;515;539;367;740
1,9201,9290,1,1,0,11,3,346;244;276;243;428;523;373;330;408;571;615
1,687,748,1,0,0,14,2,171;183;131;73;246;361;590;432;51;794;479;489;317;527
1,9230,9442,1,0,0,12,5,317;244;247;214;399;523;373;301;379;571;586;750
1,742,815,1,0,0,13,2,116;128;76;21;191;306;535;381;739;428;434;262;527
0,9176,9237,1,0,0,11,0,371;244;301;268;453;523;373;330;433;571;640
1,665,733,1,0,0,14,2,193;205;153;98;268;383;612;432;73;816;505;511;339;527
0,9183,9264,1,1,0,11,0,364;244;294;261;446;523;373;330;426;571;633
1,670,750,1,0,0,14,4,188;200;148;93;263;378;607;432;68;811;479;506;334;527
259
13859,14399,43.26,11
13946,14839,155.56,9
14105,14913,148.73,8
14128,14702,53.65,11
13739,14396,75.63,8
13742,14313,0.00,9
13808,14525,47.40,11
13841,14487,33.90,10
14620,15315,425.95,8
14622,14934,0.00,8
14849,15332,217.18,10
14853,15533,160.70,8
14156,15095,287.77,9
14337,15173,326.24,10
14419,15194,139.43,10
14570,15436,241.15,8
14962,15980,36.73,10
14945,16013,437.11,8
15030,15534,0.00,9
15021,15413,0.00,8
14861,15417,47.95,10
14861,15719,0.00,11
14876,15306,0.00,11
14872,15516,228.95,9
15280,16056,174.69,11
15260,15794,0.00,9
15331,15830,0.00,10
15092,15729,0.00,11
15079,16121,0.00,11
15202,15877,42.89,9
15182,15937,288.10,8
12597,13301,175.81,11
12605,13108,257.93,8
12369,12995,64.43,10
12406,13344,217.05,9
12304,12644,0.00,10
12360,13115,256.90,8
12123,12793,290.30,10
12217,12965,147.83,9
13014,13547,187.28,9
13067,13614,85.85,11
12870,13739,188.17,11
12884,13613,97.23,8
12758,13646,317.94,11
12803,13531,267.64,10
12639,13169,131.97,10
12748,13373,398.72,11
13486,14247,0.00,11
13467,13975,34.49,10
13381,14412,535.37,8
13277,14150,370.79,11
13271,13773,44.55,10
13259,13841,228.93,11
13175,13529,49.91,9
13150,13737,278.85,10
13729,14522,62.91,10
13708,14797,511.44,11
13707,14309,90.22,8
13638,14362,232.72,11
13638,14664,213.13,9
13541,14266,83.11,10
13529,14426,184.34,9
13488,14430,199.63,9
10038,10782,156.14,11
10117,10738,89.50,11
10284,11236,365.32,10
10347,11282,424.30,9
10458,11243,37.89,9
10472,11286,157.58,10
10476,11335,178.06,10
10524,10709,0.00,10
10533,11072,0.00,11
10592,11256,73.89,9
10634,11185,129.14,9
10687,11257,47.10,10
10715,11402,298.53,11
10821,11446,80.18,10
10876,11454,280.40,8
11168,11572,0.00,10
11254,11889,480.84,8
11188,11769,276.53,9
11353,11895,0.00,9
11328,12117,308.59,8
11439,12225,244.54,9
11432,12277,55.92,8
11498,12136,256.19,9
11498,12213,422.01,8
11781,12794,353.60,8
11672,12684,308.54,8
11955,12846,478.42,11
11839,12400,52.90,10
11967,12642,160.45,8
11964,12776,458.99,9
12085,12979,576.10,8
11967,12529,0.00,10
8332,9118,14.27,11
8475,9547,279.82,8
8114,8842,199.66,8
8173,9035,331.03,11
8748,9444,317.42,10
8766,9629,389.49,9
8689,9593,342.10,10
8720,9477,223.74,10
8866,9637,270.72,10
8923,9531,256.86,10
8767,9149,226.20,9
8845,9777,592.11,10
9143,9816,332.64,10
9227,9980,159.03,9
9062,9609,0.00,11
9136,9813,125.44,10
9555,10144,124.78,11
9511,10298,315.34,11
9468,9804,0.00,10
9404,10332,452.70,11
9749,10434,322.95,8
9723,10436,288.86,11
9709,10537,281.27,10
9608,10314,0.00,10
9861,10390,179.60,8
9785,10345,316.20,11
9771,10363,22.44,9
9756,10621,503.83,11
9985,10868,101.71,11
9967,10799,173.30,10
9958,10669,162.26,11
9957,10569,96.61,11
6676,7348,97.32,11
6564,7065,146.32,10
6864,7661,285.46,8
6702,7328,117.80,9
6374,7366,209.38,10
6352,7021,317.81,11
6487,6999,0.00,10
6467,7146,184.34,10
6007,6817,234.02,9
5910,6671,281.76,9
6241,7016,144.33,10
6022,6696,155.05,9
5718,6114,0.00,10
5567,6352,226.85,11
5841,6673,141.64,11
5805,6582,350.87,10
7937,8526,52.40,11
7969,8780,184.25,9
8059,8847,357.76,8
8074,8720,112.56,9
7733,8657,258.99,9
7752,8447,64.31,10
7853,8545,340.40,11
7902,8553,55.69,10
7124,7897,608.87,10
7497,8170,124.98,8
7520,8178,256.99,9
7541,8071,253.03,9
6887,7745,406.05,10
6925,7201,0.00,9
7072,7719,287.98,10
7087,7814,444.73,8
3947,4729,424.07,11
3690,4215,187.62,10
3637,4065,96.30,10
3597,4243,106.54,9
3588,4156,75.42,10
3570,4214,315.24,8
3505,4059,231.90,11
3455,3779,0.00,10
3453,4066,98.46,11
3379,3743,0.00,8
3359,3887,0.00,8
3158,3881,259.69,11
3122,3705,86.77,11
3098,3789,223.02,9
3043,3643,79.61,10
3037,3636,41.40,11
5470,6124,181.20,8
5555,6184,205.30,11
5397,6197,611.86,11
5403,6405,370.25,8
5005,5638,211.21,8
5328,5997,364.42,9
4952,5630,247.77,9
4975,5888,0.00,10
4782,5446,72.95,8
4803,5596,202.39,8
4745,5841,431.55,10
4753,5533,70.38,9
4359,5056,359.59,11
4711,5478,188.33,10
3965,4607,181.21,10
4097,4830,569.76,10
1969,2729,167.38,9
1833,2509,60.74,8
2135,2923,270.93,11
2128,2720,0.00,10
2215,2848,262.44,9
2142,2791,68.68,10
2381,3228,73.36,9
2232,2823,280.52,9
1497,2247,34.18,9
1432,2383,179.44,10
1683,2425,0.00,10
1547,2259,137.25,10
1730,2939,283.53,11
1727,2560,0.00,11
1817,2585,222.44,11
1763,2596,260.29,10
2881,3719,335.25,8
2882,3663,28.38,11
2933,3634,232.28,10
2962,3792,55.20,11
2976,3691,164.45,11
2993,3757,76.09,8
2993,3823,52.95,8
3027,3653,34.20,9
2458,3370,216.95,9
2520,3385,284.82,10
2531,3281,254.68,11
2554,3382,149.73,8
2617,3586,280.07,11
2646,3163,115.70,11
2807,3579,121.05,9
2842,3708,0.00,11
292,1277,295.50,11
195,1048,103.88,11
185,933,128.56,11
132,763,105.90,9
540,1170,133.94,10
443,1481,357.52,10
416,738,0.00,10
396,1123,95.23,11
0,24,0.00,0
0,368,0.00,8
0,127,22.57,1
0,648,214.65,7
120,870,86.54,10
120,818,258.30,10
70,647,46.29,10
13,858,35.09,9
1362,2239,112.85,8
1363,2263,272.72,8
1289,1934,45.92,11
1333,1972,0.00,10
1404,2259,0.00,9
1429,2200,193.11,8
1371,1836,0.00,9
1392,2241,183.14,10
628,1377,243.94,8
805,1507,74.00,9
586,1176,123.89,9
607,1004,0.00,11
1200,1811,0.00,8
1257,1996,0.00,11
871,1630,114.42,8
976,2174,390.52,8
0,195,0.00,3
0,12,0.00,0
0,193,53.10,3
0,263,0.00,3
