1002
1,263,557,1,1,0,13,12,563;192;160;398;680;266;713;691;657;445;690;754;939
1,257,333,1,0,0,13,3,569;192;172;404;686;272;719;697;663;451;696;760;945
1,351,595,1,1,0,15,11,475;125;96;234;592;178;625;603;569;357;602;666;851;645;818
1,349,433,1,1,0,15,2,477;127;98;312;594;180;627;605;571;359;604;668;853;647;820
1,214,264,1,1,0,11,1,612;219;233;447;729;315;762;740;706;494;739
1,212,282,1,0,0,11,3,614;241;235;449;731;317;764;742;708;496;741
1,256,337,1,1,0,13,3,570;192;191;405;687;273;720;698;664;452;697;761;946
1,255,314,1,0,0,13,2,571;219;192;406;688;274;721;699;665;453;698;762;947
1,177,252,1,0,0,8,1,649;243;264;484;766;352;799;777
1,168,376,1,0,0,9,4,2;658;243;279;493;775;361;808;786
1,209,265,1,0,0,11,2,617;243;238;452;734;320;767;745;711;499;744
0,194,280,1,0,0,10,0,632;243;253;467;749;335;782;760;726;514
1,115,199,1,0,0,10,1,39;55;711;264;322;546;828;414;861;839
1,112,164,1,0,0,9,1,42;58;714;264;335;549;831;417;864
1,155,452,1,0,0,9,8,15;664;264;292;506;788;374;821;799
1,130,213,1,0,0,10,2,24;40;696;264;317;531;813;399;846;824
1,45,97,1,0,0,10,1,109;125;781;50;11;431;354;616;898;484
1,48,112,1,0,0,10,1,106;90;778;47;8;428;354;613;895;481
0,67,153,1,0,0,9,0,87;90;759;28;409;342;594;876;462
1,110,325,1,1,0,9,5,44;60;716;366;337;551;833;419;866
1,26,95,1,0,0,7,1,128;144;800;69;30;450;421
0,41,94,1,0,0,10,0,113;129;785;54;15;435;354;620;902;488
1,687,767,1,0,0,15,1,139;256;159;267;230;21;266;330;515;309;482;664;467;584;746
1,697,750,1,1,0,15,3,129;239;159;257;223;11;256;320;505;299;472;654;457;574;736
1,669,952,1,1,0,15,10,157;274;307;285;230;39;284;348;533;327;500;678;485;602;764
1,687,751,1,0,0,15,1,139;256;159;267;230;13;266;330;515;309;482;664;467;584;746
1,728,795,1,1,0,14,3,98;215;159;226;171;225;289;474;268;441;623;426;543;705
1,732,936,1,0,0,14,8,94;211;159;222;164;221;285;470;264;437;619;422;539;701
1,701,751,1,0,0,15,3,125;239;159;253;203;7;252;316;501;295;468;650;453;570;732
1,726,788,1,0,0,14,3,100;217;159;228;185;227;291;476;270;443;625;428;545;707
1,787,868,1,1,0,15,3,39;67;122;62;133;166;230;415;209;382;564;367;484;646;862
1,792,1081,1,0,0,15,6,34;67;122;62;128;122;225;410;204;377;559;362;479;641;857
1,761,1058,1,0,0,14,5,65;67;159;193;159;192;256;441;235;408;590;393;510;672
1,771,1043,1,0,0,15,7,55;67;159;62;149;182;246;431;225;398;580;383;500;662;878
1,800,864,1,1,0,17,2,26;67;119;56;120;112;217;402;196;369;551;354;471;633;849;836;688
1,825,888,1,0,0,17,1,1;67;119;56;95;112;192;377;171;344;525;329;446;608;824;811;663
1,794,872,1,1,0,15,3,32;67;122;56;126;122;223;408;202;375;557;360;477;639;855
1,797,869,1,1,0,17,1,29;67;122;56;123;112;220;405;199;372;554;357;474;636;852;839;691
1,481,543,1,0,0,14,1,288;180;379;48;495;473;436;227;472;536;721;515;688;870
1,466,546,1,0,0,15,2,288;10;195;379;63;510;488;454;242;487;551;736;530;703;885
1,460,675,1,2,0,15,7,288;16;201;483;69;516;494;460;248;493;557;742;536;709;891
0,374,455,1,0,0,15,0,288;102;73;234;569;155;602;580;546;334;579;643;828;622;795
1,560,631,1,0,0,15,1,251;101;379;416;394;348;148;393;457;642;436;609;791;594;711
1,559,858,1,1,0,15,14,267;102;379;417;395;348;149;394;458;643;437;610;792;595;712
1,522,601,1,0,0,16,3,288;139;379;7;454;432;386;186;431;495;680;474;647;829;632;749
1,513,569,1,0,0,16,3,288;148;379;16;463;441;407;195;440;504;689;483;656;837;641;758
1,602,670,1,0,0,16,3,211;59;337;374;352;318;106;351;415;600;394;567;749;552;669;831
1,598,677,1,0,0,16,3,228;63;337;378;356;322;110;355;419;604;398;571;753;556;673;835
1,589,643,1,0,0,16,1,237;72;353;387;365;331;119;364;428;613;407;580;762;565;682;844
1,583,661,1,0,0,16,3,243;78;353;393;371;337;125;370;434;619;413;586;768;571;688;850
1,642,712,1,1,0,16,2,184;19;301;334;312;230;66;311;375;560;354;527;709;512;629;791
1,635,709,1,0,0,16,3,189;26;308;341;319;275;73;318;382;567;361;534;716;519;636;798
1,629,679,1,0,0,16,3,189;32;314;347;325;291;79;324;388;573;367;540;722;525;642;804
1,627,678,1,0,0,16,3,199;34;316;349;327;293;81;326;390;575;369;542;724;527;644;806
1,991,1076,1,0,0,14,2,26;211;5;178;348;163;280;442;658;645;497;467;854;428
1,1005,1087,1,0,0,13,3,12;197;164;346;149;266;428;644;631;478;467;840;414
1,1017,1101,1,0,0,14,2,0;185;152;307;137;254;416;632;619;471;466;828;402;788
1,1030,1108,1,0,0,13,2,172;139;284;124;241;403;619;606;458;453;815;389;775
1,1035,1096,1,0,0,13,1,167;105;284;119;236;398;614;601;453;448;810;384;770
1,1038,1097,1,0,0,13,1,164;105;284;116;233;395;611;598;420;445;807;381;767
1,1041,1092,1,1,0,13,1,161;105;284;113;230;392;608;595;420;442;804;378;764
1,1045,1115,1,1,0,13,1,157;105;284;109;226;388;604;591;420;420;800;374;760
1,1051,1101,1,1,0,13,2,151;105;284;103;220;382;598;585;399;420;794;368;754
1,1054,1112,1,0,0,13,2,148;105;284;86;217;379;595;582;399;420;791;365;751
1,1057,1129,1,0,0,13,1,145;105;284;77;214;376;592;579;399;420;788;362;748
0,1059,1115,1,1,0,13,0,143;105;284;77;212;374;590;577;399;394;786;360;746
1,1093,1159,1,0,0,13,1,109;76;258;61;178;340;556;543;395;390;752;326;712
1,1106,1184,1,0,0,15,1,96;63;245;48;165;327;543;530;382;361;739;313;699;683;724
1,1108,1177,1,0,0,15,2,94;61;243;22;163;325;541;528;380;361;737;311;697;681;722
1,1138,1222,1,0,0,15,1,64;31;213;16;133;295;511;498;350;345;707;281;667;651;692
1,827,916,1,1,0,16,1,67;119;56;93;112;190;375;169;342;524;327;444;606;822;809;628
0,827,878,1,0,0,16,0,67;87;56;93;112;190;375;169;342;524;327;444;606;822;809;628
1,852,921,1,0,0,18,4,67;87;56;68;101;165;350;144;317;499;302;419;581;797;784;611;631;993
1,848,900,1,1,0,18,1,67;87;56;72;105;169;354;148;321;503;306;423;585;801;788;628;635;997
1,870,1082,1,1,0,18,9,57;87;56;50;83;147;332;126;299;481;284;401;563;779;766;611;613;975
1,860,941,1,0,0,18,4,57;87;56;60;93;157;342;136;309;491;294;411;573;789;776;611;623;985
1,881,1120,1,1,0,18,12,57;41;56;39;72;136;321;115;288;470;273;390;552;768;755;595;602;964
1,876,938,1,1,0,18,1,57;41;56;44;77;141;326;120;293;475;278;395;557;773;760;611;607;969
1,899,953,1,0,0,18,2,37;41;55;21;54;118;303;97;270;452;255;372;534;750;737;562;584;946
1,891,973,1,1,0,18,1,37;41;56;29;62;126;311;105;278;460;263;380;542;758;745;595;592;954
1,945,1240,1,1,0,17,10,31;9;8;72;257;51;224;406;209;326;488;704;691;543;538;900;474
1,933,1021,1,0,0,17,1,10;41;21;20;84;269;63;236;418;221;338;500;716;703;555;550;912
1,972,1037,1,1,0,15,2,4;45;230;24;197;379;182;299;461;677;664;516;504;873;447
1,951,1035,1,0,0,17,1,25;3;2;66;251;45;218;400;203;320;482;698;685;537;532;894;468
1,983,1044,1,0,0,14,1,34;219;13;186;348;168;288;450;666;653;505;500;862;436
1,974,1219,1,1,0,15,7,2;43;228;22;195;377;168;297;459;675;662;514;504;871;445
0,1455,1529,1,0,0,16,0,38;181;33;28;390;350;334;375;814;422;848;604;448;468;721;473
1,1489,1777,1,0,0,14,11,38;147;356;316;300;341;780;388;814;570;414;434;687;439
1,1389,1443,1,0,0,17,1,7;38;185;99;94;456;9;416;400;441;880;488;914;670;514;534;787
0,1447,1505,1,0,0,16,0,38;185;41;36;398;358;342;383;822;430;856;612;456;476;729;481
1,1374,1452,1,1,0,17,4,7;38;185;114;109;471;45;431;415;456;895;503;929;685;529;549;802
0,1388,1463,1,1,0,17,0,7;38;185;100;95;457;9;417;401;442;881;489;915;671;515;535;788
1,1348,1413,1,1,0,16,2,3;7;301;185;140;128;497;71;457;441;482;921;529;955;711;555
1,1367,1619,1,1,0,17,13,7;282;185;121;116;478;52;438;422;463;902;510;936;692;536;556;809
0,1533,1591,1,1,0,15,0,38;103;147;34;256;297;736;344;770;526;370;390;641;395;606
1,1540,1598,1,0,0,15,1,38;96;147;34;249;290;729;337;763;519;363;383;636;388;599
1,1520,1584,1,0,0,15,2,38;116;147;34;269;310;749;357;783;539;383;403;656;408;619
0,1529,1580,1,0,0,15,0,38;107;147;34;260;301;740;348;774;530;374;394;641;399;610
0,1509,1582,1,1,0,15,0,38;127;147;34;280;321;760;368;794;550;394;414;667;419;630
0,1516,1597,1,1,0,15,0,38;120;147;34;273;314;753;361;787;543;387;407;660;412;623
0,1497,1553,1,0,0,14,0,38;139;348;34;292;333;772;380;806;562;406;426;679;431
1,1502,1793,1,0,0,14,11,38;134;343;34;287;328;767;375;801;557;401;421;674;426
1,1248,1327,1,0,0,13,1,103;23;185;401;388;240;233;597;165;557;541;582;1021
1,1228,1526,1,0,0,12,8,123;43;205;421;408;260;233;617;165;577;561;602
1,1219,1305,1,0,0,12,1,132;52;214;425;417;269;250;626;165;586;570;611
1,1214,1297,1,0,0,12,1,137;57;219;425;422;274;250;631;193;591;575;616
1,1208,1261,1,1,0,12,1,143;63;225;425;428;280;275;637;193;597;581;622
1,1194,1262,1,0,0,13,1,8;157;77;239;455;442;294;289;651;193;611;595;636
1,1154,1243,1,1,0,15,2,48;15;189;0;117;279;495;482;334;322;691;265;651;635;676
1,1152,1216,1,0,0,15,2,50;17;199;2;119;281;497;484;336;322;693;267;653;637;678
1,1331,1404,1,1,0,16,1,20;7;318;185;157;152;514;88;474;458;499;938;546;972;728;572
1,1322,1385,1,1,0,15,2,29;13;327;185;166;161;523;97;483;467;508;947;555;981;737
1,1318,1546,1,0,0,15,9,33;13;330;318;170;165;527;101;487;471;512;951;559;985;741
1,1297,1347,1,1,0,14,1,54;13;352;339;191;186;548;111;508;492;533;972;580;1006
1,1291,1563,1,0,0,14,9,60;40;358;345;197;192;554;126;514;498;539;978;586;1012
1,1291,1378,1,0,0,14,1,60;13;358;345;197;192;554;126;514;498;539;978;586;1012
1,1277,1519,1,0,0,13,9,74;156;372;359;211;206;568;126;528;512;553;992;600
1,1253,1330,1,0,0,13,1,98;18;180;396;383;235;230;592;131;552;536;577;1016
1,1913,1993,1,1,0,17,2,308;320;146;10;263;15;226;526;621;767;289;421;625;584;765;958;777
1,1916,1999,1,1,0,17,2,308;320;143;7;241;12;223;523;618;764;286;418;622;581;762;955;774
1,1931,2010,1,1,0,16,3,308;320;128;241;208;508;603;749;271;403;542;566;747;940;759;517
1,1939,2019,1,1,0,18,2,307;320;120;237;200;500;595;741;263;395;542;558;739;932;751;509;720;523
1,1832,1898,1,1,0,16,1,13;337;45;355;218;71;91;344;96;307;585;702;848;370;502;706
1,1857,1934,1,0,0,15,3,337;20;355;202;46;66;319;71;282;582;677;823;345;477;681
1,1875,1928,1,1,0,16,2,337;2;355;184;28;48;301;53;264;564;659;805;327;459;663;622
1,1887,1965,1,0,0,16,3,308;355;172;16;36;289;41;252;552;647;793;315;447;651;610;791
1,2050,2131,1,0,0,19,2,27;210;9;113;89;389;484;630;152;284;488;447;628;821;640;398;609;412;744
1,2082,2161,1,0,0,18,2,27;210;94;57;357;452;598;120;252;446;415;596;789;608;366;577;380;712
1,2097,2169,1,0,0,19,1,27;206;79;42;342;437;583;105;237;441;400;581;774;593;351;562;365;697;769
1,2109,2183,1,0,0,19,2,27;194;67;30;330;425;571;93;225;429;388;569;762;581;339;550;353;685;757
1,1968,2244,1,0,0,18,15,301;320;91;208;171;471;542;712;234;366;542;529;710;903;722;480;691;494
1,2021,2081,1,0,0,19,2,27;282;38;155;118;418;513;659;181;313;517;476;657;850;669;427;638;441;773
1,2026,2111,1,0,0,19,1,27;277;33;150;113;399;508;654;176;308;512;471;652;845;664;422;633;436;768
1,2043,2105,1,0,0,19,1,27;210;16;133;96;396;491;637;159;291;495;454;635;828;647;405;616;419;751
1,1701,1903,1,0,0,16,8,122;20;88;129;383;176;602;358;202;222;475;227;438;738;833;979
1,1693,1982,1,0,0,16,9,122;20;96;137;576;184;610;366;210;230;483;235;446;746;841;987
1,1723,1800,1,1,0,16,4,122;15;66;10;383;154;580;336;180;200;453;205;416;716;811;957
1,1705,1771,1,1,0,16,4,122;20;84;10;383;172;598;354;198;218;471;223;434;734;829;975
1,1564,1640,1,0,0,15,1,38;72;147;20;225;266;705;313;739;495;339;359;612;364;575
1,1554,1806,1,1,0,15,12,38;82;147;34;235;276;715;323;749;505;349;369;622;374;585
1,1688,1928,1,1,0,16,12,147;20;101;142;581;189;615;371;215;235;488;240;451;751;846;992
1,1602,1674,1,1,0,15,1,38;20;147;20;187;228;667;275;701;457;301;321;574;326;537
1,1803,1860,1,0,0,17,1,42;1;10;383;74;500;249;100;120;373;125;336;585;731;877;399;531
1,1796,1869,1,1,0,17,1,49;1;10;383;81;507;249;107;127;380;132;343;585;738;884;406;538
1,1820,2041,1,1,0,16,5,25;10;337;57;483;218;83;103;356;108;319;585;714;860;382;514
1,1818,2097,1,1,0,16,7,27;10;383;59;485;218;85;105;358;110;321;585;716;862;384;516
1,1746,1819,1,1,0,16,1,99;1;43;10;383;131;557;313;157;177;430;182;393;693;788;934
0,1738,1825,1,1,0,16,0,107;1;51;10;383;139;565;321;165;185;438;190;401;701;796;942
1,1773,1860,1,1,0,17,1,72;1;16;10;383;104;530;249;130;150;403;155;366;666;761;907;429
0,1767,1829,1,1,0,17,0,78;1;22;10;383;110;536;249;136;156;409;161;372;672;767;913;435
1,6674,6740,1,1,0,17,3,52;70;370;108;184;118;556;691;272;389;541;630;462;597;818;563;380
1,6652,6855,1,0,0,18,10,162;92;2;392;130;206;140;578;712;294;411;563;652;484;619;840;585;402
1,6701,6771,1,0,0,17,2,31;43;343;81;157;91;529;664;245;362;514;603;435;570;791;536;353
1,6676,6748,1,2,0,17,2,31;68;368;106;182;116;554;689;270;387;539;628;460;595;816;561;378
1,6602,6658,1,1,0,19,2,32;162;31;142;52;442;180;256;190;628;751;344;461;613;702;534;669;890;635
0,6598,6658,1,0,0,20,0,36;162;35;146;56;446;184;0;260;194;632;751;348;465;617;706;538;673;894;639
0,6651,6714,1,0,0,18,0,162;93;3;393;131;207;141;579;712;295;412;564;653;485;620;841;586;403
0,6617,6700,1,1,0,19,0,17;162;16;127;37;427;165;241;175;613;712;329;446;598;687;519;654;875;620
1,6516,6722,1,1,0,19,10,77;361;117;228;138;528;266;82;3;342;276;708;849;430;547;699;788;620;755
1,6498,6564,1,1,0,17,1,77;379;135;246;156;546;284;100;21;360;294;708;867;448;565;717;806
1,6561,6625,1,0,0,19,2,73;162;72;183;93;483;221;37;297;231;669;804;385;502;654;743;575;710;931
1,6532,6771,1,1,0,18,13,77;167;101;212;122;512;250;66;326;260;698;833;414;531;683;772;604;739
1,6466,6536,1,2,0,16,1,107;411;167;278;188;578;316;132;53;392;326;764;899;480;597;749
1,6440,6733,1,3,0,15,12,150;437;193;304;214;604;342;158;71;416;352;790;925;506;623
1,6482,6543,1,3,0,17,1,77;395;151;262;172;562;300;116;37;376;310;748;883;464;581;733;822
1,6477,6536,1,1,0,16,3,107;400;156;267;177;567;305;121;42;381;315;753;888;469;586;738
1,6411,6461,1,1,0,16,2,11;179;466;222;333;243;633;371;187;71;447;381;819;954;535;652
1,6414,6472,1,0,0,16,1,8;179;463;197;330;240;630;368;184;71;444;378;816;951;532;649
1,6429,6497,1,0,0,15,3,179;448;197;315;225;615;353;169;71;416;363;801;936;517;634
1,6436,6683,1,0,0,15,12,155;441;197;308;218;608;346;162;71;416;356;794;929;510;627
1,6394,6477,1,1,0,14,3,15;180;483;239;350;260;650;388;204;125;464;398;836;971
1,6394,6461,1,0,0,14,2,15;179;483;239;350;260;650;388;204;125;464;398;836;971
1,6402,6472,1,1,0,14,1,15;179;469;231;342;252;642;380;196;117;456;390;828;963
0,6411,6492,1,1,0,16,0,11;179;466;197;333;243;633;371;187;71;447;381;819;954;535;652
1,6327,6397,1,1,0,15,3,15;7;186;550;306;417;327;50;717;455;271;192;531;465;903
1,6331,6401,1,0,0,15,1,15;3;186;546;257;413;323;46;713;451;267;188;527;461;899
1,6364,6438,1,0,0,15,2,15;186;513;257;380;290;13;680;418;234;141;494;428;866;1001
1,6390,6453,1,0,0,14,3,15;186;487;243;354;264;654;392;208;129;468;402;840;975
1,6246,6335,1,0,0,15,4,1;176;88;388;630;365;498;408;131;798;536;352;273;612;546
1,6281,6546,1,0,0,14,10,141;53;353;596;334;463;373;96;763;501;317;238;577;511
1,6285,6496,1,0,0,14,7,137;49;186;592;334;459;369;92;759;497;313;234;573;507
1,6287,6363,1,1,0,14,1,15;47;186;590;334;457;367;90;757;495;311;232;571;505
1,6222,6296,1,0,0,15,1,25;200;112;412;655;365;522;432;155;822;560;376;297;636;570
0,6220,6274,1,0,0,15,0,27;202;114;414;657;365;524;434;157;824;562;378;299;638;572
1,6204,6273,1,0,0,15,2,43;203;130;430;673;429;540;450;173;840;578;394;315;654;588
1,6199,6406,1,0,0,15,9,48;223;135;435;678;434;545;455;178;845;583;399;320;659;593
1,6141,6221,1,1,0,14,2,52;106;281;193;493;736;492;603;513;236;903;641;457;378
1,6099,6171,1,0,0,16,3,9;94;148;323;31;235;535;778;534;645;555;278;945;683;499;420
1,6081,6139,1,0,0,16,3,27;112;166;341;49;253;553;796;552;663;573;296;963;701;517;438
1,6049,6103,1,0,0,14,1,59;144;198;373;81;285;585;828;584;695;605;328;995;733
0,6048,6130,1,0,0,14,0,60;145;199;374;82;286;586;829;585;696;606;329;996;734
0,6040,6117,1,0,0,13,0,68;153;207;382;90;294;594;837;593;704;614;337;1004
0,6021,6083,1,1,0,13,0,87;11;166;226;401;109;313;613;856;612;723;633;356
1,6020,6105,1,0,0,13,3,88;12;173;227;402;110;314;614;857;613;724;634;357
1,6007,6236,1,0,0,12,4,101;25;186;240;415;123;327;627;870;626;737;647
1,5993,6051,1,0,0,12,1,102;39;200;254;429;137;341;641;884;640;751;661
1,5989,6078,1,0,0,12,2,119;43;204;258;433;141;345;645;888;644;755;665
1,5968,6026,1,0,0,11,1,10;140;64;216;279;454;162;366;666;909;665
1,5919,5979,1,0,0,11,2,59;189;113;274;328;503;211;415;715;958;714
1,5938,6004,1,1,0,11,2,40;170;94;255;309;484;192;396;696;939;695
1,5886,5970,1,1,0,12,2,17;82;207;146;307;361;528;244;448;748;991;747
1,5897,5967,1,0,0,12,1,6;81;207;135;276;350;525;233;437;737;980;736
0,5855,5931,1,1,0,12,0,2;48;82;207;177;326;392;528;275;479;779;1022
0,5870,5927,1,0,0,11,0,33;82;207;162;323;377;528;260;464;764;1007
1,5846,5923,1,0,0,12,2,11;57;82;207;183;347;401;576;284;488;788;1031
1,5850,5925,1,1,0,12,1,7;53;82;207;182;326;397;572;280;484;784;1027
1,5818,5888,1,1,0,13,2,39;85;82;2;211;214;348;429;604;312;516;816;1059
1,5839,5911,1,1,0,12,1,18;64;82;207;193;348;408;583;291;495;795;1038
1,5806,6006,1,1,0,13,5,51;97;82;14;244;226;387;441;616;324;528;828;1071
1,5808,5882,1,1,0,13,2,49;95;82;12;244;224;348;439;614;322;526;826;1069
1,5791,6007,1,0,0,13,5,66;112;82;29;317;241;402;456;631;339;543;843;1086
1,5792,5858,1,0,0,13,2,65;111;82;28;245;240;401;455;630;338;542;842;1085
1,5763,5992,1,0,0,13,10,73;140;215;57;345;264;430;484;659;367;571;871;1114
1,5764,6032,1,0,0,13,5,70;139;214;56;344;264;429;483;658;366;570;870;1113
1,7587,7670,1,0,0,11,3,80;124;55;246;618;103;565;336;863;546;623
1,7577,7652,1,0,0,11,1,80;124;65;256;628;113;575;346;895;556;633
1,7606,7691,1,0,0,12,4,71;101;8;227;599;84;546;317;863;527;604;979
1,7596,7676,1,1,0,12,1,80;101;46;237;609;94;556;327;863;537;614;989
1,7619,7697,1,1,0,12,1,19;101;8;214;586;71;533;304;853;514;591;966
1,7618,7690,1,0,0,12,4,26;101;8;215;587;72;534;305;854;515;592;967
1,7654,7868,1,0,0,11,4,18;66;179;551;36;498;269;783;479;556;931
1,7623,7696,1,0,0,12,3,19;97;8;210;582;67;529;300;783;510;587;962
0,7471,7559,1,1,0,13,0,21;80;49;179;57;171;362;734;219;681;452;1001;662
0,7470,7522,1,1,0,13,0,22;80;49;179;58;172;363;735;220;682;453;1002;663
0,7509,7561,1,0,0,12,0,80;49;179;19;110;324;696;181;643;414;963;624
1,7482,7534,1,0,0,13,1,10;80;49;179;46;160;351;723;208;670;441;990;651
1,7528,7598,1,1,0,12,1,80;32;163;0;110;305;677;162;624;395;944;605
1,7524,7603,1,0,0,12,1,80;36;179;4;110;309;681;166;628;399;948;609
1,7543,7625,1,0,0,12,2,80;17;134;99;290;662;147;609;380;929;590;667
0,7534,7598,1,1,0,11,0,80;26;134;108;299;671;156;618;389;938;599
1,7358,7446,1,1,0,16,3,7;107;140;202;208;170;86;284;475;39;847;332;794;565;1114;775
1,7372,7656,1,1,0,15,9,107;80;188;208;156;72;270;461;39;833;318;780;551;1100;761
1,7380,7442,1,1,0,15,1,107;80;180;205;148;64;262;453;39;825;310;772;543;1092;753
1,7395,7448,1,1,0,15,1,97;80;165;205;133;49;247;438;39;810;295;757;528;1077;738
1,7400,7469,1,0,0,15,2,92;80;160;205;128;44;242;433;39;805;290;752;523;1037;733
1,7456,7719,1,1,0,13,7,36;80;104;205;72;186;377;749;234;696;467;1016;677
1,7463,7536,1,1,0,13,1,29;80;49;205;65;179;370;742;227;689;460;1009;670
0,7465,7532,1,1,0,13,0,27;80;49;179;63;177;368;740;225;687;458;1007;668
0,7287,7348,1,0,0,15,0,46;17;147;390;273;433;241;157;355;546;159;918;403;865;636
1,7300,7373,1,1,0,16,2,46;4;147;377;260;420;228;144;342;533;146;905;390;852;623;1172
1,7303,7598,1,1,0,17,11,10;1;147;374;257;417;225;141;339;530;143;902;387;849;620;1169;830
1,7309,7569,1,1,0,16,8,10;147;232;251;411;219;135;333;524;137;896;381;843;614;1163;824
1,7317,7531,1,0,0,16,6,10;147;232;243;208;211;127;325;516;129;888;373;835;606;1155;816
1,7331,7394,1,1,0,16,1,10;107;232;229;208;197;113;311;502;115;874;359;821;592;1141;802
1,7345,7403,1,1,0,16,2,10;107;232;215;208;183;99;297;488;81;860;345;807;578;1127;788
1,7347,7432,1,0,0,16,1,10;107;140;213;208;181;97;295;486;81;858;343;805;576;1125;786
1,7220,7488,1,1,0,18,10,10;145;84;51;169;17;457;340;500;308;224;422;613;212;985;470;932;703
1,7213,7469,1,0,0,19,11,17;152;2;91;58;279;24;464;347;507;315;231;429;620;212;992;477;939;710
1,7188,7249,1,0,0,19,1,42;177;27;116;83;304;49;489;372;532;340;256;454;645;258;1017;502;964;735
1,7123,7174,1,0,0,18,2,98;227;92;181;13;148;369;114;554;20;437;597;405;321;519;710;323;1082
1,7272,7487,1,1,0,15,7,46;32;169;403;288;448;256;172;370;561;174;933;418;880;651
1,7265,7502,1,1,0,16,10,47;39;6;169;403;295;455;263;179;377;568;181;940;425;887;658
1,7259,7526,1,0,0,16,10,47;45;12;169;418;301;461;269;185;383;574;187;946;431;893;664
1,7226,7279,1,1,0,18,1,4;47;78;45;169;11;451;334;494;302;218;416;607;212;979;464;926;697
1,6942,7012,1,1,0,17,3,27;273;227;4;121;273;362;194;280;550;295;112;735;191;618;778;586
1,6935,7020,1,1,0,17,3,27;295;227;11;128;280;369;201;280;557;302;119;742;191;625;785;593
1,6922,6999,1,1,0,16,1,27;295;227;24;141;293;382;214;280;570;315;132;755;221;638;798
1,6904,6992,1,0,0,16,2,27;295;227;42;159;311;400;220;367;588;333;150;773;239;656;816
1,7078,7157,1,0,0,17,4,147;227;137;226;58;193;414;159;599;65;482;642;450;366;564;755;368
1,7039,7103,1,0,0,20,4,5;176;227;24;176;265;97;232;453;198;15;638;104;521;681;489;405;603;794;407
1,7014,7067,1,0,0,18,2,10;216;227;49;201;290;114;257;478;223;40;663;129;546;706;514;430;12
1,7012,7074,1,1,0,18,1,10;218;227;51;203;292;124;259;480;225;42;665;131;548;708;516;432;14
1,6845,6898,1,0,0,16,2,5;27;13;385;520;101;218;355;459;291;426;647;392;209;832;298
1,6846,6917,1,1,0,16,1,5;27;12;384;519;100;217;355;440;290;425;646;391;208;831;297
1,6834,7058,1,1,0,16,14,5;155;24;396;531;112;229;355;470;302;437;658;403;220;843;309
1,6841,6915,1,0,0,16,4,5;103;17;389;524;105;222;355;463;295;430;651;396;213;836;302
1,6881,7174,1,0,0,14,9,27;295;484;65;182;334;423;220;390;611;356;173;796;262
0,6882,6940,1,0,0,14,0,27;295;227;64;181;333;422;220;389;610;355;172;795;261
0,6849,6921,1,0,0,16,0,5;27;9;381;516;97;214;355;440;220;422;643;388;205;828;294
1,6880,7170,1,1,0,14,10,27;350;485;66;183;335;424;220;391;612;357;174;797;263
0,6729,6784,1,0,0,17,0,31;15;155;53;129;63;501;634;217;334;486;575;407;542;763;508;325
1,6794,6866,1,1,0,16,1,31;155;64;436;571;152;269;421;510;342;477;698;443;260;883;349
1,6702,6790,1,1,0,17,3,31;42;342;80;156;90;528;634;244;361;513;602;434;569;790;535;352
1,6721,6953,1,0,0,17,11,31;23;323;61;137;71;509;634;225;342;494;583;415;550;771;516;333
1,6810,6883,1,1,0,16,2,31;155;26;420;555;136;253;355;494;326;461;667;427;244;867;333
0,6831,6911,1,0,0,16,0,5;155;26;399;534;115;232;355;473;305;440;661;406;223;846;312
1,6807,6884,1,1,0,16,3,31;155;51;423;558;139;256;355;497;329;464;685;430;247;870;336
1,6809,6862,1,1,0,16,2,31;155;26;421;556;137;254;355;495;327;462;683;428;245;868;334
1,8692,8956,1,1,0,11,7,75;52;605;141;159;488;569;574;652;719;570
1,8700,8787,1,0,0,11,4,67;44;406;133;151;480;561;566;644;711;562
0,8708,8784,1,2,0,12,0,59;36;406;125;143;472;553;558;636;703;554;964
0,8732,8785,1,1,0,12,0,35;12;406;101;119;448;529;534;612;679;530;940
1,8574,8652,1,0,0,13,1,7;103;87;190;170;32;723;259;277;606;687;692;770
1,8578,8653,1,0,0,13,4,7;42;83;189;166;32;719;255;273;602;683;688;766
1,8588,8672,1,0,0,12,2,42;73;141;156;32;709;245;263;592;673;678;756
0,8691,8778,1,0,0,11,0,76;53;606;142;160;489;570;575;653;720;571
1,8841,8893,1,0,0,10,1,273;10;339;420;425;503;570;421;831;448
0,8870,8942,1,0,0,9,0,273;310;391;396;474;541;392;802;419
1,8909,8986,1,0,0,10,1,273;271;352;357;435;502;353;763;380;505
1,8932,8986,1,0,0,11,1,273;248;329;300;412;479;330;740;357;482;546
1,8760,8818,1,0,0,11,1,7;406;73;91;420;501;506;584;651;502;912
1,8768,8833,1,0,0,10,2,406;43;83;412;493;498;576;643;494;904
1,8769,9054,1,0,0,10,5,406;33;82;411;492;497;575;642;493;903
1,8812,8870,1,1,0,10,1,273;21;39;368;449;454;532;599;450;860
0,8411,8470,1,1,0,15,0,61;33;55;110;75;266;250;356;333;210;886;422;440;769;850
1,8403,8459,1,1,0,15,1,69;34;55;118;83;274;258;364;341;218;894;430;448;777;858
1,8457,8519,1,1,0,15,2,15;33;55;64;29;220;204;250;287;164;840;376;394;723;804
1,8452,8524,1,1,0,15,4,20;33;55;69;34;225;209;315;292;169;845;381;399;728;809
1,8343,8554,1,0,0,13,6,124;169;74;178;143;334;318;378;401;231;954;490;508
1,8341,8421,1,0,0,13,3,124;169;74;180;145;336;320;426;403;231;956;492;510
1,8354,8583,1,1,0,14,8,118;34;74;167;132;323;307;378;390;231;943;479;497;826
1,8350,8617,1,1,0,14,9,122;37;74;171;136;327;311;378;394;231;947;483;501;830
1,8552,8605,1,0,0,13,3,24;125;109;215;192;69;745;281;299;628;709;714;776
1,8548,8606,1,0,0,13,1,24;129;113;219;196;73;749;285;303;632;713;718;796
1,8569,8654,1,0,0,13,3,7;108;92;190;175;52;728;264;282;611;692;697;775
1,8555,8625,1,1,0,13,4,24;122;106;190;189;66;742;278;296;625;706;711;776
1,8482,8567,1,0,0,15,4,33;23;39;4;195;179;250;262;139;815;351;369;698;779;784
1,8458,8546,1,0,0,15,3,14;33;55;63;28;219;203;250;286;156;839;375;393;722;803
1,8504,8564,1,0,0,14,5,33;10;17;173;157;250;240;117;793;329;347;676;757;762
0,8493,8547,1,0,0,14,0,33;21;28;184;168;250;251;128;804;340;358;687;768;773
1,8145,8203,1,0,0,13,2,60;7;327;65;440;369;376;341;532;516;622;599;476
1,8164,8414,1,0,0,12,6,41;308;46;421;334;357;322;513;497;603;580;457
1,8088,8164,1,0,0,14,2,62;35;384;45;122;497;426;433;398;589;573;679;656;533
0,8112,8175,1,0,0,14,0,62;35;360;21;98;473;390;409;374;565;549;655;632;509
1,8050,8111,1,0,0,12,2,62;102;389;83;160;535;464;471;436;627;611;717
1,8082,8160,1,0,0,13,4,62;70;389;51;128;503;432;439;404;595;579;685;662
1,7992,8049,1,1,0,10,2,62;160;429;141;218;593;487;529;494;685
1,8041,8112,1,0,0,12,3,62;111;405;92;169;544;473;480;445;636;620;726
1,8277,8354,1,1,0,12,1,124;169;74;244;209;400;384;490;467;344;1020;556
1,8340,8409,1,0,0,13,2,124;169;74;181;146;337;321;427;404;281;957;493;511
1,8232,8521,1,0,0,12,9,124;353;280;289;254;445;429;535;512;389;1065;601
1,8243,8447,1,1,0,12,8,124;169;271;278;243;434;418;524;501;378;1054;590
1,8193,8245,1,1,0,12,3,12;124;17;392;321;328;293;484;468;574;551;428
1,8195,8261,1,1,0,13,2,10;124;15;390;319;326;291;482;466;572;549;426;1102
1,8178,8260,1,1,0,12,3,27;288;32;407;334;343;308;499;483;589;566;443
1,8186,8386,1,0,0,12,6,19;266;24;399;328;335;300;491;475;581;558;435
1,7778,7851,1,0,0,10,2,55;404;216;1;694;355;432;807;736;743
1,7735,7792,1,1,0,8,2,95;404;216;1;737;398;475;850
1,7730,7970,1,1,0,8,4,95;404;216;1;742;403;480;855
1,7722,7930,1,0,0,8,3,95;404;216;201;750;411;488;863
1,7707,7952,1,1,0,9,3,13;95;404;445;216;765;426;503;878
1,7679,7765,1,0,0,10,2,41;95;404;11;473;244;783;454;531;906
1,7668,7743,1,0,0,11,3,9;52;165;404;22;484;255;783;465;542;917
1,7659,7910,1,0,0,11,2,18;61;174;546;31;493;264;783;474;551;926
1,7979,8042,1,1,0,10,1,62;173;429;154;231;606;526;542;507;698
1,7958,8025,1,1,0,10,1,62;194;429;171;252;627;556;563;528;719
1,7945,8150,1,0,0,10,4,62;207;527;171;265;640;569;576;541;732
1,7929,8009,1,0,0,10,1,62;216;543;204;281;656;585;592;557;748
1,7922,8157,1,0,0,11,5,283;216;1;550;211;288;663;592;599;564;755
0,7913,7965,1,0,0,11,0,292;216;1;559;220;297;672;601;608;573;764
0,7886,7939,1,0,0,9,0,319;216;1;586;247;324;699;628;635
1,7867,7920,1,0,0,9,2,338;216;1;605;266;343;718;647;654
1,9741,9829,1,1,0,19,5,22;64;13;414;136;234;90;150;361;591;334;96;196;564;820;633;613;737;805
1,9760,10025,1,0,0,18,9,10;64;395;117;218;71;131;342;572;315;77;183;545;801;614;594;718;786
1,9779,9843,1,1,0,18,3,64;376;61;199;52;112;323;553;296;58;164;526;782;595;575;699;767;744
1,9781,9866,1,0,0,18,4,64;316;61;197;50;110;321;551;294;56;162;524;780;593;573;697;765;742
1,9791,10076,1,0,0,18,7,64;316;61;187;40;100;311;541;284;46;152;514;770;583;563;687;755;732
1,9798,10073,1,1,0,19,10,64;184;61;180;33;93;304;534;277;39;145;507;763;576;556;680;748;725;822
1,9814,9903,1,1,0,19,4,57;184;61;164;17;77;288;518;261;23;129;491;747;560;540;664;732;709;806
1,9840,9896,1,1,0,18,1,57;184;37;138;51;262;492;235;103;465;721;534;514;638;706;683;780;768
1,9852,10089,1,1,0,18,9,57;184;25;126;39;250;480;223;91;416;709;522;502;626;694;671;768;756
1,9866,10087,1,1,0,18,6,57;132;11;112;25;236;466;209;77;416;695;508;488;612;680;657;754;742
0,9877,9960,1,1,0,18,0,57;132;0;101;14;225;455;198;66;271;684;497;477;601;669;646;743;731
1,9878,9937,1,0,0,17,3,57;132;100;13;224;454;197;65;271;683;496;476;600;668;645;742;730
1,9883,9962,1,1,0,17,5,57;132;83;8;219;449;192;60;271;678;491;471;595;663;640;737;725
1,9894,10146,1,2,0,17,10,51;132;83;208;438;181;49;271;667;480;460;584;652;629;726;714;918
1,9932,10003,1,0,0,18,2,51;68;46;170;400;143;11;271;629;442;422;546;614;591;688;676;880;805
1,9943,10167,1,0,0,19,10,51;68;35;159;389;132;0;271;618;431;411;517;603;580;677;665;869;794;528
1,9539,9756,1,0,0,17,10,115;93;237;481;215;616;338;439;292;352;192;563;793;536;298;404;766
0,9529,9579,1,0,0,17,0,115;103;247;491;225;626;348;449;302;362;202;573;803;546;308;414;776
1,9566,9617,1,0,0,17,3,106;66;210;454;188;589;311;412;265;325;165;536;766;509;271;377;739
0,9549,9607,1,0,0,17,0,115;72;227;471;205;606;328;429;282;342;182;553;783;526;288;394;756
1,9648,9707,1,0,0,17,3,24;128;372;106;507;229;330;183;243;83;454;684;427;189;295;657;913
0,9573,9632,1,1,0,17,0,99;59;203;447;176;582;304;405;258;318;158;529;759;502;264;370;732
1,9680,9747,1,0,0,17,3,47;340;74;475;197;298;151;211;51;422;652;395;157;263;625;881;694
1,9673,9749,1,0,0,17,3,83;347;81;482;204;305;158;218;58;429;659;402;164;270;632;888;701
1,9704,9782,1,0,0,18,5,47;65;50;451;173;274;127;187;27;398;628;371;133;239;601;857;670;650
1,9690,9977,1,0,0,17,10,47;330;58;465;187;288;141;201;41;412;642;385;147;253;615;871;684
1,9724,9782,1,0,0,19,1,47;65;21;431;153;236;107;167;7;378;608;351;113;219;581;837;650;630;754
1,9723,9800,1,0,0,19,4,47;65;21;432;154;255;108;168;8;379;609;352;114;220;582;838;651;631;755
1,9729,9781,1,0,0,19,4,47;65;21;426;148;234;102;162;2;373;603;346;108;214;565;832;645;625;749
1,9725,9811,1,0,0,19,4,47;65;21;430;152;236;106;166;6;377;607;350;112;218;565;836;649;629;753
1,9734,9814,1,0,0,18,1,22;64;20;421;143;234;97;157;368;598;341;103;209;565;827;640;620;744
1,9729,10024,1,1,0,19,10,22;65;21;426;148;234;102;162;2;373;603;346;108;214;565;832;645;625;749
1,9235,9316,1,0,0,19,1,62;21;31;109;176;27;437;54;179;42;397;541;785;519;920;642;743;596;656
1,9334,9562,1,1,0,16,5,10;77;338;80;42;298;442;686;420;821;543;644;497;557;397;768
1,9220,9284,1,0,0,18,2,77;21;46;124;191;42;452;69;194;258;412;556;800;534;935;657;758;611
1,9230,9471,1,0,0,19,7,67;21;36;114;181;32;442;59;184;248;402;546;790;524;925;647;748;601;661
0,9371,9443,1,1,0,16,0,40;301;43;42;234;405;649;383;784;506;607;460;520;326;731;961
1,9380,9468,1,1,0,16,3,31;292;34;42;234;396;640;374;775;497;598;451;511;326;722;952
1,9349,9438,1,0,0,15,2,49;323;65;42;283;427;671;405;806;528;629;482;542;382;753
1,9363,9435,1,0,0,16,3,48;309;51;42;269;413;657;391;792;514;615;468;528;326;739;969
1,9427,9511,1,1,0,17,2,245;42;205;349;593;325;728;450;551;404;464;304;675;905;648;410;516
1,9451,9511,1,0,0,17,2,214;27;181;325;569;303;704;426;527;380;440;280;651;881;624;386;492
1,9380,9612,1,0,0,16,5,31;292;34;42;234;396;640;325;775;497;598;451;511;326;722;952
0,9406,9459,1,0,0,19,0,5;266;8;42;226;370;614;325;749;471;572;425;485;325;696;926;669;431;537
1,9495,9736,1,1,0,17,9,177;131;281;525;259;656;382;483;336;396;236;607;837;580;342;448;810
1,9507,9804,1,0,0,17,10,118;125;269;513;247;648;370;471;324;384;224;595;825;568;330;436;798
1,9467,9525,1,0,0,18,2,205;11;165;309;553;287;656;410;511;364;424;264;635;865;608;370;476;838
1,9481,9764,1,0,0,17,9,191;131;295;539;273;656;396;497;350;410;250;621;851;594;356;462;824
1,8977,9181,1,0,0,12,7,273;203;284;289;367;434;285;695;312;437;474;655
1,8977,9059,1,0,0,12,1,273;81;284;289;367;434;285;695;312;437;474;655
0,8948,9001,1,0,0,12,0,273;232;294;300;396;463;314;724;341;466;474;684
1,8936,9021,1,0,0,12,1,273;244;294;300;408;475;326;736;353;478;542;696
1,9025,9114,1,1,0,13,2,272;81;150;241;319;386;237;647;264;389;453;580;751
1,8992,9079,1,0,0,12,1,273;81;150;242;352;419;270;680;297;422;474;640
1,8985,9069,1,0,0,12,2,273;81;150;281;359;426;277;687;304;429;474;647
1,8983,9230,1,0,0,12,9,273;81;274;283;361;428;279;689;306;431;474;649
1,9114,9191,1,0,0,15,3,179;42;147;152;230;247;148;558;175;300;364;518;662;906;640
1,9111,9170,1,1,0,15,4,179;69;150;155;233;247;151;561;178;303;367;521;665;909;643
1,9099,9182,1,0,0,15,2,179;81;150;167;245;312;163;573;190;315;379;533;677;921;655
1,9098,9154,1,0,0,15,3,199;81;150;168;246;313;164;574;191;316;380;534;678;922;656
1,9209,9284,1,0,0,18,3,88;52;54;135;202;53;463;80;205;269;423;567;811;545;946;668;769;622
1,9187,9265,1,0,0,18,4,110;74;79;157;224;75;485;102;227;291;445;589;833;567;968;690;791;644
1,9158,9221,1,1,0,18,2,136;22;103;108;186;247;104;514;131;256;320;474;618;862;596;997;719;820
1,9143,9229,1,0,0,18,4,154;37;118;123;201;247;119;529;146;271;335;489;633;877;611;1012;734;835
1,2705,2786,1,0,0,12,1,141;58;161;128;462;607;769;319;521;392;585;518
1,2726,2797,1,0,0,12,1,109;58;140;107;441;607;748;298;500;371;564;497
1,2694,2750,1,0,0,12,1,164;58;172;139;473;607;780;330;532;403;596;529
1,2699,2784,1,1,0,12,1,158;58;167;134;468;607;775;325;527;398;591;524
1,2663,2745,1,0,0,15,2,17;15;164;27;58;203;170;504;676;811;361;563;434;627;560
1,2691,2749,1,0,0,12,3,164;58;175;142;476;648;783;333;535;406;599;532
1,2623,2902,1,0,0,16,9,57;55;248;67;36;171;243;210;544;716;851;401;603;474;667;600
1,2635,2906,1,0,0,16,10,45;43;164;55;24;159;231;198;532;704;839;389;591;462;655;588
1,2594,2660,1,0,0,16,4,86;84;277;96;65;200;272;239;573;745;880;430;632;503;679;629
1,2606,2657,1,0,0,16,2,70;72;265;84;53;188;260;227;561;733;868;418;620;491;679;617
1,2550,2838,1,1,0,15,10,94;128;321;140;109;244;316;283;617;789;924;474;676;547;679
0,2559,2611,1,0,0,15,0,94;119;312;131;100;235;307;274;608;780;915;465;667;538;679
0,2541,2601,1,1,0,15,0,94;136;330;149;118;253;325;292;626;798;933;483;685;556;749
1,2545,2612,1,0,0,15,1,94;133;326;145;114;249;321;288;622;794;929;479;681;552;745
1,2522,2580,1,0,0,16,1,12;94;16;156;349;168;137;272;344;311;645;817;952;502;704;575
1,2536,2618,1,0,0,15,3,94;2;142;335;154;123;258;330;297;631;803;938;488;690;561
1,2940,2996,1,0,0,10,2,221;294;534;84;286;157;350;283;243;597
1,2909,3184,1,0,0,10,9,221;309;540;110;317;188;381;314;274;628
1,2905,3149,1,1,0,9,5,262;309;540;110;321;192;385;318;278
1,2898,2955,1,0,0,9,1,269;309;540;126;328;199;392;325;285
1,2880,2941,1,0,0,9,2,287;309;594;144;346;217;410;343;303
0,2869,2957,1,0,0,9,0,2;289;309;605;145;357;228;421;354
1,2868,2957,1,0,0,9,2,3;297;309;606;145;358;229;422;355
1,2841,3093,1,11,0,10,6,30;25;297;498;633;145;385;256;449;382
1,2833,2921,1,10,0,11,1,38;33;0;297;506;641;191;393;264;457;390
1,2817,3024,1,4,0,11,4,54;49;16;298;522;657;207;409;280;473;406
1,2808,3065,1,1,0,11,7,63;58;25;302;531;666;216;418;289;482;415
1,2799,2878,1,0,0,11,2,63;67;34;311;540;675;225;427;298;491;424
1,2783,2871,1,0,0,12,2,63;11;83;50;322;556;691;241;443;314;507;440
1,2782,2989,1,0,0,12,4,63;12;84;51;373;557;692;242;444;315;508;441
1,2776,2838,1,0,0,12,1,95;18;90;57;373;563;698;248;450;321;514;447
1,2738,2794,1,0,0,12,1,109;56;128;95;373;601;736;286;488;359;552;485
1,2222,2286,1,0,0,17,2,4;56;214;312;458;112;314;275;456;649;468;226;437;240;572;644;611
0,2229,2285,1,1,0,17,0,4;56;210;305;451;105;297;268;449;642;461;219;430;233;565;637;604
1,2233,2303,1,0,0,17,2,4;56;206;301;447;101;297;264;445;638;457;215;426;229;561;633;600
1,2256,2505,1,0,0,17,8,4;47;183;278;424;49;282;241;422;615;434;192;403;206;538;610;577
1,2171,2231,1,0,0,18,2,4;98;5;252;363;509;31;163;367;326;507;700;519;277;488;291;623;695
1,2215,2505,1,1,0,16,9,4;88;224;319;465;119;323;282;463;656;475;233;444;247;579;651
1,2218,2298,1,0,0,17,2,4;85;214;316;462;116;320;279;460;653;472;230;441;244;576;648;615
1,2220,2296,1,1,0,17,2,4;56;214;314;460;114;318;277;458;651;470;228;439;242;574;646;613
1,2162,2430,1,0,0,18,13,27;106;14;277;372;518;40;172;376;335;516;709;528;286;497;300;632;704
1,2163,2245,1,0,0,18,2,4;106;13;276;371;517;39;171;375;334;515;708;527;285;496;299;631;703
1,2164,2223,1,0,0,18,1,4;106;12;268;370;516;38;170;374;333;514;707;526;284;495;298;630;702
1,2168,2458,1,1,0,18,10,4;98;8;268;366;512;34;166;370;329;510;703;522;280;491;294;626;698
1,2113,2340,1,0,0,19,10,27;190;63;26;325;421;567;89;221;425;384;565;758;577;335;546;349;681;753
1,2125,2214,1,0,0,19,2,27;178;51;14;314;409;555;77;209;413;372;553;746;565;323;534;337;669;741
1,2145,2222,1,0,0,18,2,27;158;31;294;389;535;57;189;377;352;533;726;545;303;514;317;649;721
1,2148,2209,1,1,0,18,2,27;155;28;285;386;532;54;186;377;349;530;723;542;300;511;314;646;718
0,2511,2590,1,0,0,16,0,23;94;27;167;360;179;148;283;355;322;656;828;963;513;715;586
1,2491,2571,1,0,0,15,3,40;94;47;6;187;380;199;168;303;375;342;676;848;983;533
1,2522,2589,1,1,0,16,4,1;94;16;156;349;168;137;272;344;311;645;817;952;502;704;575
0,2513,2594,1,0,0,16,0,21;94;25;165;358;177;146;281;353;320;654;826;961;511;713;584
1,2418,2638,1,1,0,16,6,21;116;94;83;79;260;453;272;30;181;44;376;448;415;749;921
1,2412,2486,1,1,0,16,2,27;122;94;83;85;266;459;278;36;247;50;382;454;421;755;927
1,2453,2516,1,0,0,14,1,40;94;83;44;218;418;237;181;9;341;413;380;714;886
1,2436,2505,1,1,0,16,1,3;40;94;83;61;242;435;254;12;181;26;358;430;397;731;903
0,2361,2411,1,0,0,14,0,78;173;94;153;136;317;510;329;87;298;101;433;505;472
1,2327,2392,1,0,0,15,1,112;207;94;7;211;170;337;544;363;121;332;135;467;539;506
1,2394,2471,1,1,0,15,2,45;140;94;112;103;284;477;296;54;265;68;400;472;439;773
1,2387,2448,1,0,0,15,1,52;147;94;151;110;291;484;303;61;272;75;407;479;446;780
1,2297,2589,1,0,0,16,8,6;142;237;383;37;241;200;381;574;393;151;362;165;497;569;536
1,2268,2341,1,0,0,17,2,1;35;171;266;412;49;270;229;410;603;422;180;391;194;526;598;565
1,2315,2371,1,0,0,15,1,123;219;94;19;223;182;363;556;375;133;344;147;479;551;518
1,2312,2388,1,0,0,15,2,127;222;94;22;226;185;366;559;378;136;347;150;482;554;521
0,3644,3702,1,0,0,7,0,149;383;452;116;223;255;595
1,3658,3739,1,0,0,7,1,149;369;438;102;223;241;584
1,3614,3677,1,0,0,7,1,149;413;482;146;223;285;628
0,3643,3701,1,0,0,7,0,149;384;453;117;223;256;595
1,3679,3960,1,1,0,7,3,134;348;417;81;223;220;535
1,3687,3763,1,0,0,7,1,126;141;409;73;223;212;535
1,3663,3929,1,0,0,7,3,149;364;433;97;223;236;553
1,3665,3722,1,0,0,7,1,136;362;431;95;223;234;553
0,3514,3581,1,0,0,8,0,23;149;513;582;246;509;385;728
0,3550,3608,1,1,0,7,0,149;477;546;210;473;349;692
1,3457,3713,1,0,0,8,4,17;80;337;570;639;303;546;442
0,3477,3538,1,1,0,8,0,60;149;550;619;283;546;422;765
1,3602,3895,1,0,0,7,3,149;425;494;158;416;297;640
0,3614,3681,1,0,0,7,0,149;413;482;146;223;285;595
1,3551,3637,1,0,0,7,1,149;476;545;209;472;348;691
1,3573,3655,1,0,0,7,1,149;454;523;187;447;326;669
1,3796,3850,1,0,0,6,1,17;141;115;223;103;446
0,3787,3841,1,0,0,6,0,26;141;115;223;112;447
0,3783,3841,1,0,0,6,0,30;141;115;223;116;447
0,3771,3844,1,0,0,6,0,42;141;115;223;128;447
0,3856,3915,1,1,0,8,0,139;115;167;43;386;845;836;529
1,3828,3886,1,0,0,6,2,141;115;187;71;414;873
0,3827,3889,1,0,0,6,0,141;115;187;72;415;874
1,3802,3869,1,0,0,6,2,11;141;115;212;97;440
1,3717,4012,1,0,0,7,4,96;141;379;43;223;182;525
0,3715,3767,1,0,0,7,0,98;141;381;45;223;184;527
0,3709,3796,1,0,0,7,0,104;141;387;51;223;190;533
0,3690,3773,1,0,0,7,0,122;141;406;70;223;209;535
0,3755,3809,1,0,0,7,0,58;141;115;5;223;144;447
0,3745,3827,1,0,0,7,0,64;141;115;15;223;154;447
1,3729,3800,1,0,0,7,1,64;141;115;31;223;170;513
1,3724,3936,1,0,0,7,2,89;141;115;36;223;175;518
1,3027,3098,1,7,0,9,1,119;150;447;199;70;263;196;156;510
1,3043,3101,1,3,0,9,1,119;150;431;183;54;247;180;140;494
1,3049,3116,1,5,0,9,1,118;146;425;177;48;241;174;134;488
0,3063,3121,1,3,0,9,0,104;146;411;163;34;227;160;120;474
1,3072,3126,1,2,0,9,2,95;146;402;154;25;218;151;111;465
0,3119,3208,1,0,0,8,0,48;146;355;107;171;104;64;418
1,3127,3212,1,0,0,8,1,40;146;347;99;163;96;56;410
0,3135,3185,1,0,0,8,0,32;146;339;91;151;88;48;402
1,2945,3200,1,0,0,10,7,181;294;529;79;281;152;345;278;238;592
1,2964,3015,1,0,0,10,1,181;267;510;60;262;133;326;259;219;573
1,2966,3039,1,1,0,10,2,181;267;508;58;260;131;290;257;217;571
1,2969,3049,1,0,0,10,3,153;267;505;55;257;128;290;254;214;568
1,2973,3204,1,1,0,10,5,153;267;482;51;253;124;290;250;210;564
1,2991,3233,1,2,0,10,3,153;150;482;33;235;106;290;232;192;546
1,3021,3319,1,3,0,10,6,146;150;453;3;205;76;269;202;162;516
1,3026,3078,1,8,0,9,2,141;150;448;200;71;264;197;157;511
0,3294,3380,1,1,0,8,0,45;36;243;379;733;802;466;729
0,3290,3372,1,0,0,9,0,49;36;0;247;379;737;806;470;733
1,3352,3560,1,1,0,8,2,19;185;379;675;744;408;671;547
1,3307,3509,1,0,0,8,4,32;36;230;379;720;789;453;716
1,3402,3478,1,0,0,8,1,19;135;379;625;694;358;546;497
0,3396,3485,1,0,0,8,0,19;141;379;631;700;364;546;503
0,3457,3659,1,0,0,8,0,17;80;149;570;639;303;546;442
1,3410,3486,1,0,0,8,1,19;127;358;617;686;350;546;489
1,3189,3278,1,0,0,10,1,146;285;37;101;34;348;624;838;907;571
1,3171,3227,1,0,0,8,1,146;303;55;119;52;12;366;642
1,3207,3463,1,0,0,10,7,132;267;19;83;16;330;598;820;889;553
0,3190,3253,1,0,0,10,0,146;284;36;100;33;347;598;837;906;570
0,3220,3299,1,0,0,10,0,119;36;6;66;3;317;593;807;876;540
1,3209,3269,1,0,0,10,1,130;36;17;81;14;328;598;818;887;551
1,3256,3474,1,0,0,9,2,83;36;34;281;557;771;840;504;767
0,3226,3309,1,0,0,9,0,113;36;0;64;311;587;801;870;534
1,4431,4482,1,6,0,11,1,193;170;59;356;273;389;606;548;589;1037;711
1,4427,4692,1,3,0,11,8,208;170;63;360;277;393;610;552;593;1041;715
1,4412,4496,1,2,0,9,2,208;208;78;375;292;408;625;567;608
1,4402,4659,1,1,0,9,6,214;208;88;385;302;418;635;577;618
1,4343,4412,1,1,0,10,3,235;208;2;147;444;361;477;694;636;677
1,4336,4584,1,1,0,10,7,238;208;2;154;451;368;484;701;643;684
1,4327,4607,1,1,0,10,5,238;208;2;163;460;377;493;710;652;693
1,4298,4515,1,1,0,11,5,244;208;2;25;192;489;404;522;739;681;722
1,4566,4647,1,0,0,13,2,135;126;198;138;254;471;413;454;902;576;657;873;768
1,4566,4651,1,1,0,13,2,135;101;198;138;254;471;413;454;902;576;657;873;768
1,4498,4550,1,1,0,12,2,185;160;198;206;322;539;481;522;970;644;725;941
1,4492,4577,1,1,0,12,3,185;160;198;212;328;545;487;528;976;650;731;947
0,4485,4536,1,1,0,13,0,185;160;5;198;219;335;552;494;535;983;657;738;954
1,4462,4536,1,13,0,12,2,193;160;28;198;242;358;575;517;558;1006;674;761
1,4444,4711,1,6,0,11,7,193;170;46;198;260;376;593;535;576;1024;674
1,4440,4712,1,6,0,11,7,193;170;50;347;264;380;597;539;580;1028;674
1,4711,4777,1,1,0,18,4,76;109;326;268;309;757;431;512;728;623;516;750;781;417;944;733;918;982
1,4738,5005,1,0,0,18,13,49;82;299;241;282;730;404;485;701;596;489;723;754;390;917;706;891;955
1,4666,4922,1,0,0,18,12,35;26;121;38;154;371;313;354;802;476;548;773;668;561;795;826;462;989
1,4674,4760,1,0,0,19,4,27;18;113;30;146;363;305;346;794;468;548;765;660;553;787;818;454;981;770
1,4621,4674,1,0,0,17,2,80;71;154;83;199;403;358;399;847;521;568;818;713;606;840;871;507
1,4659,4710,1,1,0,18,2,42;33;128;45;161;378;320;361;809;483;564;780;675;568;802;833;469;996
1,4592,4660,1,0,0,15,1,109;100;195;112;228;403;387;428;876;550;631;847;742;635;869
1,4614,4680,1,0,0,16,4,87;78;173;90;206;403;365;406;854;528;568;825;720;613;847;878
1,4912,5165,1,0,0,19,16,36;7;108;394;230;311;527;422;315;549;580;216;743;532;717;781;794;488;515
1,4914,4982,1,1,0,19,4,36;7;106;346;228;309;525;420;313;547;578;214;741;530;715;779;792;486;513
1,4867,5129,1,0,0,18,10,170;7;127;601;275;356;572;467;360;594;625;261;788;577;762;826;839;533
1,4883,5123,1,1,0,19,11,36;7;127;585;259;340;556;451;344;578;609;245;772;561;746;810;823;517;544
1,4821,4894,1,1,0,18,3,203;7;168;647;321;402;618;513;406;640;671;307;834;623;808;872;885;579
1,4826,4909,1,1,0,18,3,203;7;127;642;316;397;613;508;401;635;666;302;829;618;803;867;880;574
1,4812,5014,1,0,0,18,7,8;225;7;208;656;330;411;627;522;415;649;680;316;843;632;817;881;894
1,4817,4890,1,0,0,19,3,3;203;7;203;651;325;406;622;517;410;644;675;311;838;627;812;876;889;583
0,3923,3996,1,0,0,7,0,104;105;100;255;778;769;462
1,3909,4166,1,0,0,7,4,116;105;102;333;792;783;476
0,3952,4031,1,0,0,8,0,75;105;71;255;749;740;433;371
0,3934,4012,1,0,0,7,0,93;105;89;255;767;758;451
1,3875,4164,1,0,0,8,4,139;115;142;24;367;826;817;510
1,3865,3921,1,0,0,8,1,139;115;158;34;377;836;827;520
1,3903,3974,1,0,0,7,1,116;115;102;339;798;789;482
1,3902,3989,1,0,0,7,2,116;115;121;340;799;790;483
1,4043,4128,1,0,0,7,2,53;199;516;649;342;280;447
1,4032,4249,1,0,0,7,3,64;210;669;660;353;291;458
0,4127,4189,1,0,0,8,0,115;516;565;258;196;363;660;577
0,4058,4108,1,0,0,8,0,38;184;516;634;327;265;432;729
0,3962,4029,1,0,0,8,0,65;105;61;251;739;730;423;361
1,3955,4157,1,0,0,8,4,72;105;68;255;746;737;430;368
1,3993,4285,1,0,0,8,6,34;103;30;249;708;699;392;330
1,3964,4014,1,0,0,8,1,63;105;59;251;737;728;421;359
1,4182,4244,1,0,0,10,2,32;379;510;203;141;278;605;522;638;855
1,4200,4483,1,1,0,10,8,32;379;492;185;123;278;587;504;620;837
1,4209,4284,1,0,0,10,2,32;379;372;176;114;278;578;495;611;828
1,4232,4496,1,0,0,11,5,10;379;372;153;91;258;555;472;588;805;747
1,4140,4368,1,0,0,9,5,102;516;552;245;183;350;647;564;680
1,4141,4377,1,1,0,9,8,101;379;551;244;182;349;646;563;679
1,4156,4245,1,0,0,9,2,70;379;536;229;167;334;631;548;664
1,4168,4234,1,1,0,9,2,70;379;524;217;155;278;619;536;652
1,4257,4344,1,1,0,11,2,244;208;2;66;233;530;423;563;780;722;763
0,4274,4361,1,1,0,11,0,244;208;2;49;216;513;404;546;763;705;746
1,4276,4543,1,1,0,11,5,244;208;2;47;214;511;404;544;761;703;744
1,4279,4357,1,1,0,11,3,244;208;2;44;211;508;404;541;758;700;741
1,4236,4440,1,1,0,11,2,6;379;233;149;87;254;551;468;584;801;743
1,4239,4488,1,0,0,11,5,3;379;233;146;84;251;548;423;581;798;740
1,4243,4497,1,1,0,10,4,379;208;142;80;247;544;423;577;794;736
1,4254,4482,1,1,0,10,6,379;208;2;69;236;533;423;566;783;725
1,5378,5582,1,0,0,19,7,90;3;83;114;277;66;251;315;328;22;49;171;271;479;525;600;442;349;730
0,5346,5408,1,1,0,19,0,122;3;115;141;309;98;283;347;360;54;81;203;303;511;557;632;474;381;762
1,5339,5609,1,1,0,19,11,129;34;122;141;316;105;290;354;367;61;88;210;310;518;564;639;481;388;769
1,5327,5416,1,0,0,20,3,132;34;7;134;164;319;117;302;366;379;73;100;222;322;530;576;651;493;400;781
1,5404,5637,1,1,0,18,9,64;3;36;71;251;40;225;274;302;23;145;245;453;499;574;416;323;704
1,5403,5614,1,1,0,18,8,65;3;36;89;252;41;226;274;303;24;146;246;454;500;575;417;324;705
1,5390,5442,1,0,0,19,1,78;3;36;102;265;54;239;303;316;10;37;159;259;467;513;588;430;337;718
1,5384,5435,1,0,0,19,1,84;3;77;108;271;60;245;309;322;16;43;165;265;473;519;594;436;343;724
1,5448,5529,1,1,0,16,1,20;12;43;11;181;245;258;101;201;409;455;530;372;279;660;584
1,5435,5700,1,0,0,18,8,33;3;12;43;220;9;194;258;271;114;214;422;468;543;385;292;673;597
1,5431,5486,1,1,0,17,1,37;3;30;43;224;13;198;262;275;118;218;426;472;547;389;296;677
1,5418,5470,1,0,0,18,2,50;3;36;49;237;26;211;274;288;9;131;231;439;485;560;402;309;690
0,5499,5552,1,0,0,15,0,11;130;194;207;50;150;358;404;479;321;228;609;533;694;748
0,5499,5569,1,0,0,15,0,11;130;194;207;50;150;358;404;479;321;228;609;533;694;748
0,5476,5528,1,1,0,16,0,8;11;153;217;230;73;173;381;427;502;344;251;632;556;717;771
1,5456,5709,1,0,0,16,10,12;2;36;11;173;237;250;93;193;401;447;522;364;271;652;576
1,5563,5801,1,1,0,14,8,11;66;130;143;86;294;340;415;257;164;545;469;630;684
1,5566,5642,1,0,0,14,1,11;63;127;140;83;142;337;412;254;161;542;466;627;681
0,5500,5577,1,0,0,15,0,11;129;193;206;49;149;357;403;478;320;227;608;532;693;747
1,5526,5598,1,0,0,15,3,11;103;167;180;23;123;331;377;452;294;201;582;506;667;721
1,5592,5670,1,1,0,14,1,11;37;91;109;57;142;311;340;228;135;516;440;601;655
1,5631,5719,1,1,0,16,3,11;62;75;18;142;272;327;189;96;477;401;562;616;791;499;703
1,5582,5668,1,1,0,14,3,11;47;111;124;67;142;321;340;238;145;526;450;611;665
1,5583,5644,1,0,0,14,3,11;46;110;109;66;142;320;340;237;144;525;449;610;664
0,5683,5757,1,0,0,16,0,10;10;130;220;295;137;44;425;349;510;564;739;447;651;951;1194
1,5687,5775,1,0,0,16,1,6;10;130;216;291;133;40;421;345;506;560;735;443;647;947;1190
1,5664,5720,1,0,0,16,4,29;42;130;239;314;156;63;444;368;529;583;758;466;670;970;1213
1,5676,5743,1,0,0,16,4,17;30;130;227;302;144;51;432;356;517;571;746;454;658;958;1201
1,5721,5798,1,1,0,14,3,118;182;257;99;6;387;264;472;526;701;409;613;913;1156
1,5748,5798,1,0,0,13,3,100;155;230;72;360;264;445;499;674;382;586;886;1129
1,5698,5764,1,1,0,15,3,8;130;205;280;122;29;410;264;495;549;724;432;636;936;1179
0,5699,5781,1,1,0,15,0,7;118;204;279;121;28;409;264;494;548;723;431;635;935;1178
1,4925,4977,1,1,0,19,2,36;5;95;346;207;298;514;409;302;536;567;203;730;519;704;768;781;475;502
1,4915,4973,1,0,0,19,3,36;5;105;346;227;308;524;419;312;546;577;213;740;529;714;778;791;485;512
1,4968,5189,1,0,0,21,17,36;5;52;346;174;255;471;366;259;493;524;160;687;476;661;725;738;432;459;581;681
1,4940,4995,1,0,0,20,2,36;5;80;346;202;279;499;394;287;521;552;188;715;504;689;753;766;460;487;609
1,5001,5209,1,1,0,20,9,15;11;346;141;222;438;333;226;460;491;127;654;443;628;692;705;399;426;548;648
1,4998,5060,1,0,0,20,3,36;11;346;144;225;441;336;229;463;494;130;657;446;631;695;708;402;429;551;651
1,5022,5103,1,1,0,19,2,13;346;120;201;417;312;205;439;470;106;633;422;607;671;684;378;405;527;627
1,5004,5086,1,0,0,20,4,15;11;346;138;219;435;330;223;457;488;124;651;440;625;689;702;396;423;545;645
1,5033,5122,1,0,0,20,5,1;346;109;190;406;301;194;400;459;95;622;411;596;660;673;367;394;516;616;824
1,5024,5112,1,0,0,19,4,13;346;118;199;415;310;203;400;468;104;631;420;605;669;682;376;403;525;625
1,5061,5136,1,1,0,19,2,346;9;162;378;273;166;400;431;67;594;383;568;632;645;339;366;488;588;796
1,5035,5309,1,0,0,20,12,1;346;107;188;404;299;170;400;457;93;620;409;594;658;671;365;392;514;614;822
1,5076,5295,1,0,0,19,12,346;9;147;351;258;151;376;416;52;579;368;553;617;630;324;351;473;573;781
1,5074,5282,1,0,0,19,6,346;9;149;365;260;153;376;418;54;581;370;555;619;632;326;353;475;575;783
1,5137,5200,1,1,0,19,3,198;5;86;302;197;90;324;355;518;307;492;556;569;263;290;412;512;720;766
1,5102,5172,1,0,0,19,2,198;9;121;337;232;125;359;390;26;553;342;527;591;604;298;325;447;547;755
1,5141,5227,1,0,0,19,3,196;1;82;298;193;86;320;351;514;303;488;552;565;259;286;408;508;716;762
1,5148,5231,1,1,0,18,2,196;52;291;186;79;313;344;507;296;481;545;558;252;279;401;501;709;755
1,5151,5201,1,1,0,18,1,196;52;279;183;76;310;341;504;293;478;542;555;249;276;398;498;706;752
0,5190,5240,1,0,0,20,0,196;33;249;144;37;271;302;465;254;439;503;516;210;237;359;459;667;713;788;630
1,5205,5256,1,0,0,20,1,196;18;234;129;22;256;287;450;239;424;488;501;195;222;344;444;652;698;773;615
1,5206,5284,1,0,0,20,4,189;17;233;128;21;255;286;449;238;423;487;500;194;221;343;443;651;697;772;614
1,5217,5288,1,1,0,20,2,189;6;222;117;10;244;275;438;227;412;476;489;183;210;332;432;640;686;761;603
1,5225,5292,1,1,0,19,3,175;214;109;2;236;267;430;219;404;468;481;175;202;324;424;632;678;753;595
1,5236,5310,1,0,0,19,2,175;203;98;225;233;419;208;393;457;470;164;191;313;413;621;667;742;584;491
1,5241,5330,1,0,0,19,4,175;198;93;220;233;414;203;388;452;465;103;186;308;408;616;662;737;579;486
1,5252,5454,1,0,0,20,10,175;187;82;209;233;403;192;377;441;388;103;175;297;397;605;651;726;568;475;856
1,5276,5347,1,1,0,20,4,175;163;58;185;216;319;168;353;417;388;103;151;273;373;581;627;702;544;451;832
1,5288,5360,1,0,0,20,4,161;151;46;173;204;319;156;341;405;388;103;139;261;361;569;615;690;532;439;820
1,5305,5380,1,0,0,20,3,132;134;29;156;187;319;139;324;388;388;95;122;244;344;552;598;673;515;422;803
1,5310,5570,1,1,0,20,7,132;129;24;151;164;319;134;319;383;388;90;117;239;339;547;593;668;510;417;798
1,5325,5397,1,0,0,20,4,132;87;9;136;164;319;119;304;368;381;75;102;224;324;532;578;653;495;402;783
1,14807,14895,1,0,0,17,4,26;208;210;429;323;28;284;193;210;179;243;322;118;225;816;555;632
1,14800,14865,1,0,0,17,1,33;215;217;436;330;35;291;193;217;186;250;329;167;232;823;562;639
1,14767,14854,1,1,0,16,3,66;243;250;469;363;68;324;193;250;219;283;362;200;265;856;595
1,14759,14839,1,0,0,16,2,74;243;258;477;371;76;332;208;258;227;291;370;208;273;864;603
1,14667,14744,1,0,0,16,3,141;41;309;330;569;463;168;424;355;350;319;383;462;300;365;956
1,14672,14748,1,0,0,16,1,141;36;309;330;564;458;163;419;350;345;314;378;457;295;360;951
1,14654,14953,1,0,0,16,15,165;54;309;330;582;476;181;437;368;363;332;396;475;313;378;969
0,14663,14716,1,0,0,16,0,141;45;309;330;573;467;172;428;359;354;323;387;466;304;369;960
1,14639,14726,1,0,0,16,2,11;191;69;309;378;597;491;196;452;383;378;347;411;490;328;393
1,14640,14711,1,0,0,16,2,10;191;68;309;330;596;490;195;451;382;377;346;410;489;327;392
1,14609,14660,1,0,0,16,1,41;191;99;309;408;627;521;226;482;413;408;377;441;520;357;423
1,14609,14677,1,0,0,16,1,41;191;78;309;408;627;521;226;482;413;408;377;441;520;357;423
1,14747,14967,1,0,0,16,11,86;268;270;489;383;88;344;208;270;234;303;382;220;285;876;615
1,14757,14846,1,0,0,16,3,76;257;260;479;373;78;334;208;260;229;293;372;210;275;866;605
1,14737,14804,1,0,0,15,1,96;278;280;499;393;98;354;285;280;249;313;392;230;295;886
1,14740,14817,1,0,0,15,2,93;275;277;496;390;95;351;282;277;234;310;389;227;292;883
1,14694,14750,1,0,0,16,1,139;14;301;323;542;436;141;397;328;323;265;356;435;273;338;929
1,14708,14764,1,0,0,16,1,125;0;301;309;528;422;127;383;314;309;265;342;421;237;324;915
1,14683,14912,1,0,0,16,12,141;25;309;330;553;447;152;408;339;334;289;367;446;284;349;940
1,14688,14741,1,0,0,16,1,141;20;301;329;548;442;147;403;334;329;289;362;441;279;344;935
1,14006,14235,1,1,0,10,4,98;111;64;281;644;215;505;501;827;702
1,13991,14215,1,0,0,10,7,309;126;64;281;659;230;520;516;842;717
1,13957,14028,1,0,0,10,1,310;160;64;281;679;264;554;550;876;751
1,13912,13978,1,0,0,9,1,310;202;64;281;738;276;599;595;921
1,14101,14177,1,1,0,12,3,98;16;36;281;549;120;410;406;732;607;469;914
1,14068,14156,1,0,0,11,1,98;49;36;281;582;153;443;439;758;640;502
1,14060,14305,1,0,0,10,7,98;57;64;281;590;161;451;447;758;648
1,14038,14093,1,0,0,10,1,98;79;64;281;612;183;473;469;795;670
0,14136,14194,1,0,0,11,0,91;36;266;514;85;375;371;697;526;434;879
1,14131,14186,1,1,0,11,2,91;36;271;519;90;380;376;702;577;439;884
1,14114,14192,1,0,0,12,2,91;3;36;281;532;107;397;393;719;594;456;901
1,14109,14383,1,1,0,12,9,98;8;36;281;532;112;402;398;724;599;461;906
1,14201,14415,1,0,0,13,8,86;36;201;279;20;310;306;632;507;369;814;816;1035
1,14179,14466,1,0,0,13,9,86;36;223;471;42;332;328;654;526;391;836;838;1057
0,14172,14251,1,1,0,13,0,86;36;230;478;49;339;335;661;526;398;843;845;1064
1,14144,14410,1,0,0,11,9,91;36;258;506;77;367;363;689;526;426;871
1,13772,13838,1,0,0,7,2,17;48;115;512;345;126;479
1,13779,13847,1,0,0,8,1,10;3;108;512;338;119;472;623
1,13758,13823,1,0,0,7,1,31;62;129;542;359;140;493
1,13771,13831,1,0,0,7,1,18;49;116;529;346;127;480
1,13823,13879,1,0,0,6,1,64;477;294;75;428;579
1,13824,14048,1,0,0,6,3,63;476;289;74;427;578
0,13780,13832,1,0,0,8,0,9;3;107;512;294;118;471;622
0,13803,13888,1,0,0,7,0,3;84;497;294;95;448;599
0,13863,13939,1,0,0,8,0,24;310;254;35;388;539;787;358
1,13880,13939,1,0,0,9,1,7;310;237;18;371;522;770;341;631
0,13828,13901,1,0,0,6,0,59;310;289;70;423;574
0,13836,13912,1,0,0,6,0,51;310;281;62;415;566
1,13907,13977,1,0,0,8,1,310;202;344;281;743;314;604;600
1,13910,14201,1,0,0,8,6,310;202;341;281;740;276;601;597
1,13888,13955,1,1,0,8,1,310;214;10;363;514;762;333;623
1,13889,14171,1,0,0,8,3,310;202;9;362;513;761;332;622
1,14411,14488,1,0,0,16,2,208;13;38;422;297;159;604;606;825;719;424;680;611;606;566;639
1,14408,14492,1,0,0,16,2,242;13;38;425;300;162;607;609;828;722;427;683;614;609;566;642
1,14447,14528,1,0,0,18,2,169;13;38;386;261;123;568;570;789;683;388;644;575;570;539;603;682;520
1,14427,14513,1,1,0,17,7,194;13;38;406;281;143;588;590;809;703;408;664;595;590;559;623;702
1,14454,14531,1,0,0,18,2,169;13;36;379;251;116;561;563;782;676;381;637;568;563;532;596;675;513
1,14451,14516,1,1,0,18,2,169;13;36;382;257;119;564;566;785;679;384;640;571;566;535;599;678;516
1,14502,14564,1,0,0,18,2,148;9;5;280;206;68;513;515;734;628;333;589;520;515;484;548;627;465
1,14479,14558,1,0,0,18,2,169;13;28;354;227;91;536;538;757;651;356;612;543;538;507;571;650;488
1,14513,14590,1,1,0,16,3,137;191;195;42;502;504;723;617;322;578;509;504;473;537;616;454
1,14511,14780,1,1,0,17,14,139;0;280;197;42;504;506;725;619;324;580;511;506;475;539;618;456
1,14556,14830,1,0,0,16,12,94;191;152;14;309;461;680;574;279;535;466;461;430;494;573;411
1,14527,14738,1,0,0,16,10,123;191;181;42;488;463;709;603;308;564;495;490;459;523;602;440
1,14573,14653,1,0,0,15,1,77;191;135;309;444;663;557;262;518;449;444;413;477;556;374
1,14557,14642,1,0,0,16,1,93;191;151;13;309;460;679;573;278;534;465;460;429;493;572;410
1,14586,14675,1,0,0,15,1,64;191;122;309;431;650;544;249;505;436;431;400;464;543;357
1,14579,14630,1,0,0,15,1,71;191;129;309;438;657;551;256;512;443;438;401;471;550;374
1,14212,14474,1,0,0,13,10,86;14;190;279;9;299;295;621;496;358;803;805;1024
1,14259,14348,1,0,0,11,2,41;143;279;252;248;574;449;311;756;758;977
1,14277,14567,1,0,0,14,12,23;125;279;234;230;546;431;293;738;740;959;853;558;814
1,14277,14500,1,0,0,14,10,23;23;279;234;230;546;431;293;738;740;959;853;558;814
1,14277,14342,1,1,0,14,1,23;23;279;234;230;546;431;293;738;740;959;853;558;814
1,14281,14368,1,0,0,14,2,19;23;279;230;226;546;427;289;734;676;955;849;554;810
1,14290,14343,1,1,0,16,2,10;23;279;221;217;543;352;280;725;676;946;840;545;801;732;727
1,14295,14349,1,1,0,16,2,5;23;279;216;212;538;352;275;720;676;941;835;540;796;727;722
1,14299,14537,1,1,0,16,9,1;23;279;212;208;534;352;271;716;676;937;831;536;792;723;718
1,14338,14544,1,0,0,17,11,23;279;173;38;495;352;232;677;676;898;792;497;753;684;679;648;712
1,14339,14394,1,0,0,17,1,23;279;13;38;494;352;231;676;676;897;791;496;752;683;678;647;711
1,14348,14399,1,1,0,17,1,23;279;13;38;485;335;222;667;669;888;782;487;743;674;669;638;702
1,14348,14429,1,1,0,17,2,23;279;13;38;485;329;222;667;669;888;782;487;743;674;669;638;702
1,14355,14437,1,1,0,17,1,23;279;13;38;461;329;215;660;662;881;775;480;736;667;662;631;695
1,14359,14437,1,1,0,17,2,23;279;13;38;461;329;211;656;658;877;771;476;732;663;658;566;691
1,14392,14472,1,0,0,17,2,10;249;13;38;441;316;178;623;625;844;738;443;699;630;625;566;658
1,11220,11298,1,0,0,14,3,196;27;189;173;263;617;655;96;386;300;606;470;1123;865
1,11222,11289,1,0,0,14,5,194;27;146;171;261;615;653;94;384;298;604;468;1121;863
1,11225,11451,1,0,0,14,6,191;27;146;142;258;612;650;91;381;295;601;465;1118;860
1,11272,11344,1,0,0,15,3,73;27;137;121;211;565;603;44;334;248;554;418;1071;813;791
1,11072,11361,1,1,0,14,11,35;26;344;306;337;321;411;765;803;244;534;448;754;618
1,11091,11164,1,0,0,14,3,16;26;248;287;318;302;392;746;784;225;515;429;735;599
0,11111,11162,1,0,0,13,0,26;248;267;249;282;372;726;764;205;495;409;715;579
1,11159,11429,1,0,0,14,12,10;248;219;249;234;324;678;716;157;447;361;667;531;1184
0,11345,11430,1,0,0,14,0,71;27;64;48;138;492;530;261;84;481;345;998;740;718
1,11346,11552,1,0,0,14,7,70;27;63;47;137;491;529;260;84;480;344;997;739;717
1,11349,11598,1,0,0,15,6,67;11;60;44;134;488;526;257;84;477;341;994;736;714;694
1,11358,11575,1,1,0,15,6,58;11;51;35;125;479;517;248;84;468;332;985;727;705;685
1,11278,11356,1,0,0,15,1,73;27;131;115;205;559;597;38;328;242;548;412;1065;807;785
1,11281,11482,1,0,0,15,4,72;27;128;112;202;556;594;35;325;239;545;409;1062;804;782
1,11293,11345,1,0,0,15,3,72;27;116;100;190;544;582;23;313;84;533;397;1050;792;770
0,11339,11412,1,0,0,14,0,72;27;70;54;144;498;536;267;84;487;351;1004;746;724
1,11503,11592,1,0,0,11,3,159;372;103;17;323;187;840;582;560;540;730
0,11459,11513,1,0,0,11,0,15;159;416;147;61;367;231;884;626;604;584
0,11508,11582,1,0,0,11,0,159;361;98;12;318;182;634;577;555;535;725
1,11506,11737,1,0,0,11,4,159;361;100;14;320;184;837;579;557;537;727
1,11394,11472,1,0,0,13,4,22;15;40;443;481;212;84;432;296;949;691;669;649
1,11383,11451,1,1,0,14,4,33;26;10;100;454;492;223;84;443;307;960;702;680;660
1,11452,11744,1,0,0,11,7,15;385;423;154;68;374;238;891;633;611;591
0,11412,11476,1,1,0,12,0,4;15;425;463;194;84;414;278;931;673;651;631
1,11541,11619,1,1,0,10,1,159;203;49;285;114;634;544;522;502;692
1,11538,11612,1,1,0,10,1,159;203;68;288;114;634;547;525;505;695
1,11605,11680,1,0,0,11,1,159;203;1;5;85;634;480;458;438;628;893
1,11573,11835,1,1,0,11,6,159;203;33;253;114;634;512;490;446;660;925
1,11511,11561,1,0,0,11,1,159;248;95;9;315;179;634;574;552;532;722
1,11508,11747,1,1,0,11,5,159;361;98;12;318;182;634;577;555;535;725
1,11512,11601,1,2,0,11,2,159;203;94;8;314;178;634;573;551;531;721
1,11511,11582,1,0,0,11,2,159;210;95;9;315;179;634;574;552;532;722
1,11726,11812,1,0,0,11,1,111;39;5;603;359;337;317;507;772;733;441
1,11737,11826,1,0,0,11,2,100;39;5;603;348;252;286;496;761;722;430
0,11720,11803,1,0,0,11,0,117;39;5;603;365;343;323;513;778;739;447
1,11726,11776,1,1,0,11,1,111;39;5;603;359;252;317;507;772;733;441
1,11683,11904,1,0,0,12,6,118;192;5;7;634;402;380;360;550;815;776;484
1,11719,11973,1,0,0,11,6,118;39;5;624;366;344;324;514;779;740;448
1,11644,11695,1,0,0,12,2,159;203;5;46;634;441;419;399;589;854;815;523
1,11683,11739,1,1,0,12,1,118;39;5;7;634;402;380;360;550;815;776;484
1,11840,11924,1,0,0,9,1,10;502;245;223;203;393;658;619;327
1,11842,11905,1,1,0,9,1,10;501;243;164;201;391;656;617;325
1,11806,11868,1,1,0,11,2,31;39;5;537;279;252;217;427;692;653;361
1,11831,12089,1,0,0,10,7,6;10;512;254;232;212;402;667;628;336
1,11760,11820,1,0,0,11,1,77;39;5;583;325;252;248;473;738;699;407
1,11767,11838,1,0,0,11,1,70;39;5;564;318;252;248;466;731;692;400
1,11748,11798,1,1,0,11,1,89;39;5;595;337;252;286;485;750;711;419
0,11759,11825,1,0,0,11,0,78;39;5;584;326;252;248;474;739;700;408
1,11977,12039,1,0,0,10,1,217;108;86;66;256;521;482;190;786;556
1,11968,12196,1,1,0,9,5,357;117;95;75;265;530;491;199;795
1,11953,12005,1,1,0,9,2,375;132;110;90;280;545;506;214;810
1,11945,11996,1,0,0,9,2,398;140;118;98;288;553;514;222;818
1,11891,11955,1,0,0,8,1,452;194;164;144;342;607;568;271
1,11873,11947,1,0,0,9,1,2;470;212;164;148;360;625;586;271
1,11855,11925,1,1,0,9,1,10;488;230;164;148;378;643;604;298
1,11848,11927,1,0,0,9,1,10;495;237;164;195;385;650;611;298
1,12071,12121,1,0,0,10,2,173;14;16;427;388;96;692;462;836;653
1,12063,12341,1,0,0,11,7,217;22;0;16;435;396;104;700;470;844;661
0,12043,12096,1,0,0,12,0,217;42;20;0;16;455;416;124;720;490;864;681
1,12019,12225,1,0,0,11,4,217;66;44;22;16;479;440;127;744;514;888
1,12007,12058,1,1,0,11,1,217;78;56;22;16;491;452;154;756;526;900
1,11999,12233,1,1,0,11,7,217;86;64;22;234;499;460;154;764;534;908
1,11992,12055,1,0,0,11,2,217;93;71;51;241;506;467;154;771;541;915
1,11986,12066,1,0,0,10,1,217;99;77;57;247;512;473;181;777;547
1,9978,10051,1,0,0,18,3,42;68;0;124;191;97;271;583;396;376;500;568;545;642;630;834;759;493
1,9988,10045,1,0,0,17,2,32;68;114;191;87;269;573;386;366;490;558;535;632;620;824;749;483
1,9993,10289,1,1,0,17,11,27;68;109;191;35;269;568;381;361;485;553;530;627;615;819;744;478
1,10009,10064,1,1,0,17,1,11;68;93;191;35;265;552;365;345;469;537;514;611;599;803;728;462
1,10030,10256,1,1,0,16,8,68;43;191;35;265;531;344;324;448;516;493;590;578;782;707;441
1,10039,10102,1,1,0,16,2,68;32;191;35;265;522;335;315;439;507;484;581;569;773;698;432
1,10054,10142,1,1,0,16,3,68;26;191;21;251;507;320;300;424;492;469;566;554;758;683;417
1,10055,10141,1,1,0,16,2,68;26;191;20;250;506;319;299;423;491;468;565;497;757;682;416
1,10064,10144,1,0,0,16,3,67;26;191;11;241;497;310;290;414;482;459;556;497;748;673;407
1,10076,10138,1,0,0,16,2,67;26;191;220;485;298;278;402;470;447;544;497;736;661;395;687
1,10169,10462,1,0,0,14,11,163;136;392;205;185;309;377;354;451;439;643;568;302;594
1,10174,10447,1,0,0,14,10,158;16;387;200;180;304;372;349;446;434;638;563;297;589
1,10175,10231,1,0,0,14,3,157;16;333;199;179;303;371;348;445;433;637;562;296;588
1,10185,10256,1,0,0,16,3,147;2;333;189;169;293;361;338;435;423;627;552;286;578;922;637
1,10245,10327,1,1,0,16,1,87;2;316;129;109;233;301;278;375;363;567;492;226;518;862;577
1,10246,10451,1,0,0,16,7,86;2;315;128;108;232;300;277;374;362;566;491;225;517;811;576
1,10260,10343,1,0,0,17,4,72;2;301;114;94;202;286;263;360;348;552;477;211;503;811;562;198
1,10249,10304,1,0,0,16,2,83;2;312;125;105;205;297;274;371;359;563;488;222;514;811;573
1,10262,10536,1,1,0,17,12,69;2;299;112;92;200;284;261;358;346;550;475;209;501;811;560;196
1,10261,10538,1,1,0,17,11,71;2;300;113;93;200;285;262;359;347;551;476;210;502;811;561;197
1,10322,10378,1,1,0,17,1,10;239;51;32;156;224;201;298;286;490;415;149;441;785;500;136;537
1,10293,10366,1,1,0,18,1,39;2;268;51;61;185;253;230;327;315;519;444;178;470;811;529;165;566
1,10358,10588,1,0,0,15,8,203;16;120;188;165;262;250;454;379;113;405;749;464;100;501
1,10355,10612,1,0,0,15,9,206;19;123;191;168;265;253;457;382;116;408;752;467;103;504
1,10383,10444,1,1,0,14,1,173;95;163;140;237;225;429;354;88;380;724;439;75;476
1,10369,10660,1,0,0,15,9,192;5;105;177;154;251;239;443;368;102;394;738;453;89;490
1,10387,10437,1,0,0,14,1,173;91;159;136;233;221;425;350;84;376;687;435;71;472
1,10387,10464,1,0,0,14,3,140;91;159;136;233;221;425;350;84;376;687;435;71;472
1,10406,10475,1,0,0,14,1,140;69;140;117;214;202;406;331;65;357;687;416;52;453
1,10399,10468,1,0,0,14,3,140;79;147;124;221;207;413;338;72;364;687;423;59;460
1,10456,10741,1,0,0,17,7,105;22;90;67;164;152;356;281;15;307;639;366;2;403;713;116;960
1,10432,10715,1,0,0,14,8,129;46;114;91;188;176;380;305;39;331;639;390;26;427
1,10548,10809,1,0,0,14,8,4;72;49;264;189;215;559;274;311;621;24;868;830;861
1,10550,10827,1,0,0,14,7,4;70;49;229;187;213;557;272;309;619;22;866;828;859
1,10530,10591,1,0,0,15,2,31;16;90;78;282;207;233;577;292;329;639;42;886;848;879
1,10540,10609,1,0,0,15,1,21;6;80;49;272;197;223;567;282;319;629;32;876;838;869
0,10627,10706,1,0,0,11,0,9;110;136;480;195;232;542;789;751;782;766
1,10653,10712,1,0,0,11,2,9;84;110;454;169;206;516;763;725;756;740
1,10573,10629,1,1,0,12,2,47;35;9;164;190;534;249;286;596;843;805;836
0,10606,10667,1,0,0,12,0,14;2;9;131;157;501;216;253;563;810;772;803
1,10692,10750,1,0,0,11,1,9;16;71;359;130;167;477;724;686;717;701
0,10696,10763,1,0,0,11,0,9;16;67;359;126;163;446;720;682;713;697
1,10680,10766,1,0,0,11,2,9;57;83;418;142;179;489;736;698;729;713
1,10687,10911,1,0,0,11,5,9;16;76;418;135;172;482;729;691;722;706
1,10752,10839,1,1,0,10,2,9;11;259;70;107;417;664;626;657;641
0,10761,10822,1,1,0,10,0,9;2;174;61;98;408;655;617;648;632
0,10728,10797,1,0,0,11,0,9;9;35;359;94;131;441;688;650;681;665
1,10734,10963,1,1,0,11,6,9;3;29;359;88;125;435;682;644;675;659
0,10806,10886,1,0,0,10,0,3;174;16;53;363;610;572;603;587;677
0,10804,10883,1,0,0,10,0,3;174;18;55;365;612;574;605;589;679
1,10801,10857,1,0,0,10,1,9;174;21;58;368;615;577;608;592;682
0,10778,10844,1,0,0,9,0,9;174;44;81;391;638;600;631;615
1,10921,10973,1,0,0,10,1,174;244;495;457;488;472;562;916;954;395
1,10849,11110,1,0,0,8,4,174;10;320;567;529;560;544;634
0,10830,10886,1,1,0,8,0,174;29;339;586;548;579;563;653
0,10827,10885,1,0,0,8,0,174;32;342;589;551;582;566;656
1,11001,11073,1,0,0,12,1,106;26;415;377;408;350;482;836;874;315;605;519
1,11000,11079,1,1,0,12,4,107;26;416;378;409;351;483;837;875;316;606;520
1,10978,11050,1,0,0,12,4,129;26;438;400;431;415;505;859;897;338;628;542
1,10938,11195,1,0,0,11,8,158;231;478;440;471;455;545;899;937;378;668
1,11052,11105,1,0,0,14,1,55;26;350;326;357;339;431;785;819;264;554;468;774;638
1,11031,11115,1,0,0,14,4,76;26;350;347;378;350;452;806;819;285;575;489;795;659
1,11019,11101,1,1,0,13,1,88;26;397;359;390;350;464;818;819;297;587;501;807
1,11009,11065,1,0,0,13,3,98;26;407;369;400;350;474;828;819;307;597;511;817
1,13004,13241,1,0,0,12,6,149;198;35;260;331;39;785;190;212;186;552;742
1,12982,13035,1,0,0,12,3,161;198;57;282;331;61;807;212;234;208;574;764
1,13034,13243,1,0,0,12,3,149;190;5;230;319;9;755;160;182;156;522;712
1,13032,13092,1,0,0,12,1,149;192;7;232;328;11;757;162;184;158;524;714
1,12927,13195,1,1,0,12,9,20;184;198;98;337;331;116;862;267;289;263;629
0,12921,12993,1,0,0,12,0,20;184;198;98;343;331;122;868;273;295;269;635
0,12963,13033,1,1,0,13,0,2;161;198;76;301;331;80;826;231;253;227;593;783
0,12947,13000,1,1,0,12,0,18;161;198;92;317;331;96;842;247;269;243;609
1,12917,12998,1,0,0,12,1,48;184;241;122;347;331;126;872;277;299;273;639
0,12905,12977,1,1,0,13,0,2;60;184;241;134;359;331;138;884;289;311;285;651
1,12918,13003,1,1,0,12,1,20;184;198;121;346;331;125;871;276;298;272;638
1,12917,12980,1,1,0,12,2,20;184;241;122;347;331;126;872;277;299;273;639
1,12856,13147,1,0,0,13,7,51;109;184;241;183;408;335;187;933;338;360;334;700
1,12840,13127,1,0,0,13,7,67;125;184;241;199;424;336;203;949;354;376;350;716
0,12897,12976,1,1,0,13,0,10;68;184;241;142;367;331;146;892;297;319;293;659
1,12858,12918,1,1,0,13,1,49;107;184;241;181;406;331;185;931;336;358;332;698
1,13232,13481,1,0,0,6,2,32;97;462;324;435;588
1,13257,13538,1,0,0,6,2,7;97;462;163;435;563
1,13259,13326,1,1,0,7,1,5;97;267;163;435;561;628
1,13276,13364,1,1,0,6,1,97;267;163;435;529;611
1,13204,13455,1,0,0,8,4,14;60;97;585;12;352;542;616
1,13209,13465,1,0,0,8,4,14;55;97;477;7;347;537;611
0,13214,13299,1,0,0,8,0,10;50;97;462;2;342;532;606
1,13229,13316,1,0,0,6,1,35;97;462;327;517;591
0,13123,13198,1,0,0,11,0,76;101;141;111;666;71;93;67;433;623;697
1,13149,13418,1,0,0,11,4,50;75;115;111;640;45;67;41;407;597;671
1,13165,13217,1,0,0,11,2,34;59;99;97;624;29;51;25;391;581;655
1,13167,13232,1,0,0,11,3,32;57;97;97;622;27;49;23;389;579;653
1,13049,13296,1,0,0,10,5,149;175;215;262;740;145;167;141;507;697
0,13059,13147,1,1,0,10,0,140;165;205;111;730;135;157;131;497;687
1,13068,13157,1,0,0,10,2,131;156;196;111;721;126;148;122;488;678
0,13122,13183,1,1,0,11,0,77;102;142;111;667;72;94;68;434;624;698
1,13496,13557,1,0,0,8,2,257;24;229;324;378;804;621;402
1,13488,13542,1,0,0,7,1,257;24;229;332;396;812;629
1,13470,13532,1,0,0,6,1,257;24;229;350;417;830
1,13457,13661,1,0,0,6,3,257;24;229;363;430;843
1,13442,13513,1,0,0,6,1,257;24;229;378;445;846
0,13435,13488,1,0,0,6,0,257;24;229;385;448;846
1,13417,13491,1,0,0,6,1,257;24;229;403;448;883
1,13414,13496,1,1,0,6,1,257;24;229;406;473;886
1,13396,13657,1,1,0,6,2,267;24;229;424;491;904
0,13367,13423,1,0,0,7,0,13;267;24;229;443;520;933
1,13361,13429,1,0,0,7,1,19;267;24;229;459;526;939
1,13357,13426,1,0,0,7,2,23;267;24;229;463;530;943
1,13314,13539,1,1,0,7,2,66;267;24;432;505;557;986
1,13313,13581,1,0,0,7,4,67;267;163;433;505;557;987
0,13291,13370,1,1,0,6,0,89;267;163;435;505;557
1,13283,13369,1,1,0,6,1,97;267;163;435;505;604
0,13744,13814,1,0,0,8,0,45;2;76;143;556;373;154;507
0,13751,13817,1,1,0,7,0,38;69;136;549;366;147;500
1,13701,13760,1,0,0,8,3,88;45;119;143;599;416;197;550
0,13715,13795,1,0,0,8,0,57;31;105;143;585;402;183;536
0,13679,13751,1,0,0,8,0,110;67;141;143;621;438;219;572
0,13696,13773,1,0,0,8,0,93;50;124;143;604;421;202;555
1,13593,13680,1,0,0,8,1,196;153;227;143;707;524;305;658
0,13630,13710,1,0,0,8,0,159;116;190;143;670;487;268;621
1,13585,13644,1,1,0,8,1,197;161;235;147;715;532;313;666
0,13587,13667,1,0,0,8,0,197;159;233;143;713;530;311;664
1,13564,13639,1,0,0,8,1,197;182;256;172;736;553;334;687
1,13575,13640,1,1,0,8,1,197;171;245;147;725;542;323;676
1,13547,13620,1,0,0,9,1,197;9;199;273;205;753;570;351;704
0,13554,13618,1,0,0,9,0,197;2;192;266;172;746;563;344;697
1,13519,13606,1,1,0,8,3,257;12;227;301;368;781;598;379
1,13533,13791,1,0,0,9,2,197;12;213;287;354;767;584;365;718
1,12149,12409,1,0,0,9,6,173;16;162;272;18;578;384;758;575
0,12141,12203,1,1,0,9,0,173;16;162;272;26;578;392;766;583
0,12163,12240,1,1,0,9,0,173;16;106;272;4;578;296;744;561
1,12154,12374,1,2,0,9,1,173;16;106;272;13;578;379;753;570
0,12175,12238,1,1,0,8,0,168;16;106;249;578;296;732;549
1,12167,12242,1,1,0,9,3,173;16;106;272;0;578;296;740;557
1,12198,12287,1,1,0,8,1,145;16;106;249;565;296;709;526
0,12183,12234,1,1,0,8,0,160;16;106;249;578;296;724;541
1,12084,12156,1,1,0,10,1,173;1;16;298;375;83;679;449;817;640
1,12081,12347,1,0,0,10,4,173;4;16;417;378;86;682;452;817;643
1,12094,12178,1,1,0,9,1,173;16;298;272;69;669;439;813;630
1,12085,12358,1,1,0,10,5,173;0;16;298;374;69;678;448;817;639
1,12113,12194,1,0,0,9,1,173;16;297;272;54;586;420;794;611
1,12105,12373,1,0,0,9,5,173;16;298;272;62;586;428;802;619
1,12121,12341,1,0,0,9,5,173;16;297;272;28;578;412;786;603
1,12115,12178,1,0,0,9,1,173;16;297;272;52;578;418;792;609
1,12303,12353,1,1,0,8,1,40;70;156;426;230;604;421;662
0,12307,12380,1,1,0,8,0,36;70;152;426;208;600;417;658
1,12319,12371,1,1,0,9,3,24;70;140;426;208;588;405;646;880
1,12319,12394,1,0,0,9,2,24;70;136;426;208;588;405;646;880
1,12350,12423,1,0,0,8,3,70;109;409;183;557;374;615;849
1,12356,12438,1,0,0,8,2,70;71;407;177;551;368;609;843
1,12369,12652,1,0,0,8,6,70;71;394;164;538;355;596;830
1,12387,12438,1,1,0,8,1,37;71;376;146;520;337;578;812
1,12200,12284,1,0,0,8,3,143;16;106;249;559;296;707;524
0,12202,12286,1,1,0,8,0,141;16;106;247;559;296;705;522
1,12240,12512,1,0,0,7,5,103;106;219;523;293;667;484
1,12250,12314,1,0,0,7,1,93;70;209;513;283;657;474
0,12253,12341,1,1,0,7,0,90;70;206;510;231;654;471
1,12283,12344,1,0,0,8,1,60;70;176;480;231;624;441;682
1,12298,12357,1,0,0,8,1,45;70;161;461;231;609;426;667
0,12302,12372,1,0,0,8,0,41;70;157;426;231;605;422;663
1,12582,12670,1,0,0,8,2,167;325;142;383;617;642;457;682
1,12548,12603,1,0,0,8,2,167;343;176;417;636;676;491;716
0,12535,12587,1,0,0,8,0,167;343;189;430;636;689;504;729
1,12530,12595,1,1,0,8,2,167;3;369;194;435;636;694;509
1,12632,12850,1,0,0,9,6,131;266;92;333;567;592;407;632;748
1,12604,12666,1,1,0,9,2,150;292;120;361;595;620;435;660;776
1,12596,12674,1,0,0,8,1,167;292;128;369;603;628;443;668
0,12591,12680,1,1,0,8,0,167;292;133;374;608;633;448;673
1,12458,12541,1,0,0,10,1,37;1;167;75;449;266;507;741;766;581
1,12413,12472,1,0,0,8,1,37;46;167;116;494;311;552;786
1,12412,12707,1,0,0,8,6,37;47;351;116;495;312;553;787
1,12400,12457,1,0,0,8,1,37;59;363;133;507;324;565;799
1,12521,12592,1,0,0,8,2,167;12;386;203;444;636;703;518
1,12491,12575,1,1,0,9,1,7;167;42;405;233;474;668;733;548
0,12490,12554,1,1,0,9,0,8;167;43;405;234;475;668;734;549
1,12470,12755,1,1,0,9,5,28;167;63;437;254;495;668;754;569
0,12738,12789,1,0,0,12,0,25;169;156;461;486;301;526;642;305;1051;456;478
1,12744,12819,1,0,0,12,1,19;163;156;455;480;295;520;636;299;1045;450;472
1,12708,12978,1,0,0,12,8,55;199;16;257;487;516;331;556;672;335;1081;486
1,12728,13022,1,0,0,12,9,35;179;176;471;496;311;536;652;315;1061;466;488
1,12820,13047,1,0,0,13,8,87;125;184;404;219;444;560;223;969;374;396;370;736
1,12832,13053,1,0,0,13,4,75;125;184;241;207;432;548;211;957;362;384;358;724
1,12751,13034,1,1,0,12,9,12;156;125;448;473;288;513;629;292;1038;443;465
1,12780,12848,1,1,0,11,1,127;125;236;444;259;484;600;263;1009;414;436
1,12649,12714,1,0,0,10,1,114;257;64;316;549;575;390;615;731;394
0,12653,12740,1,0,0,10,0,110;254;64;312;546;571;344;611;727;390
1,12635,12691,1,0,0,9,1,128;257;89;330;564;589;404;629;745
1,12640,12696,1,0,0,10,1,123;257;84;325;549;584;399;624;740;403
1,12684,12766,1,0,0,11,1,79;223;40;281;515;540;344;580;696;359;1105
0,12688,12766,1,1,0,11,0,75;219;36;277;487;536;344;576;692;355;1101
1,12654,12721,1,0,0,10,1,109;253;64;311;545;570;344;610;726;389
0,12657,12720,1,0,0,10,0,106;250;47;308;542;567;344;607;723;386
280
2511,3097,0.00,11
2538,3290,175.16,8
2561,3223,0.00,9
2874,3183,0.00,11
2909,3537,0.00,11
3147,3813,478.51,11
3172,4027,265.41,8
3172,4096,285.31,8
3181,3760,0.00,10
3238,4023,446.78,8
3344,3899,0.00,10
3461,4242,319.43,9
3807,4701,484.33,10
3852,4692,358.28,11
3855,4385,140.99,10
3947,4323,0.00,8
4048,4787,194.05,10
4018,4490,68.96,10
4131,4820,0.00,10
4119,4704,64.08,10
4232,4979,236.55,11
4179,5037,282.68,8
4415,5468,453.69,8
4257,5020,117.95,9
4460,5223,159.33,10
4426,5142,166.37,8
4530,5334,0.00,9
4483,5439,153.03,8
4589,5461,150.87,10
4583,5227,57.70,10
4621,5128,0.00,9
4593,5492,158.23,9
1243,2269,567.21,8
1255,1877,0.00,8
1096,1789,0.00,11
1106,1830,119.99,8
1330,1903,0.00,10
1358,1923,0.00,10
1286,2303,331.87,11
1311,2059,108.05,10
1506,2139,0.00,9
1610,2439,174.40,11
1361,2176,94.30,9
1430,1928,0.00,11
1760,2202,0.00,11
1781,2334,52.71,10
1621,2534,141.85,9
1681,2680,306.87,10
1907,2871,171.16,10
1884,2678,78.57,9
1873,2497,0.00,10
1823,2538,364.10,10
1935,2462,0.00,11
1933,2659,96.92,10
1919,2448,0.00,9
1907,2690,0.00,8
2380,3167,283.75,11
2218,2833,0.00,10
2097,2866,0.00,10
2018,2794,101.69,10
2510,3226,0.00,8
2477,3024,63.61,11
2472,3474,370.97,8
2397,3339,393.61,10
0,154,0.00,2
0,170,35.11,1
0,15,0.00,0
0,826,287.08,7
0,16,0.00,0
0,95,0.00,1
0,56,0.00,0
0,476,187.84,6
78,976,271.07,10
115,954,137.28,8
182,920,219.15,10
185,708,8.35,8
8,447,148.72,11
30,661,78.08,10
30,943,338.90,10
36,529,0.00,11
385,1351,218.77,10
315,1169,34.47,9
512,1271,0.00,9
507,1154,67.50,9
215,1017,0.00,10
195,953,79.05,10
279,996,0.00,11
230,1202,0.00,8
838,1845,221.26,11
836,1483,230.36,11
1010,1805,315.22,10
935,1419,191.70,11
771,1649,321.70,9
579,1433,149.35,11
797,1488,186.00,9
796,1636,192.23,10
9795,10620,0.00,9
9773,10523,0.00,9
9887,10812,261.28,10
9836,10608,115.19,10
9941,10471,0.00,11
9916,10737,41.47,11
10180,11107,433.30,8
10068,10763,0.00,8
9396,9943,13.68,8
9389,9837,0.00,10
9623,10561,186.87,9
9460,10305,372.60,9
9703,10354,0.00,8
9671,10374,61.66,8
9740,10546,0.00,11
9719,10478,103.13,10
10618,11393,111.12,8
10801,11483,85.22,11
10864,11837,277.66,8
10877,11875,407.05,10
10921,11316,0.00,11
10922,11606,20.00,10
10963,11520,155.41,9
11004,11826,248.36,8
10183,10822,0.00,11
10252,10458,0.00,8
10292,10859,0.00,10
10435,11169,313.31,11
10435,10572,0.00,8
10440,11416,266.06,10
10463,11378,208.20,8
10517,11409,148.55,11
8478,9266,122.29,8
8401,9261,201.98,11
8349,9180,149.69,9
8287,8851,0.00,10
8708,9672,103.91,9
8603,9262,0.00,10
8592,9411,124.07,8
8540,9344,30.83,8
8037,8661,0.00,11
8037,8767,195.81,11
7909,8677,61.61,10
7902,8486,0.00,10
8227,8833,58.18,8
8194,9297,425.89,11
8083,8621,89.60,10
8071,8744,0.00,10
9173,9831,45.02,9
9221,9891,0.00,9
9135,9877,56.47,11
9140,9978,51.95,10
9355,10332,212.59,9
9382,10075,52.13,11
9251,9731,56.99,11
9266,10102,79.92,9
8924,9478,275.16,11
8934,9632,151.78,8
8816,9289,0.00,10
8902,9414,0.00,11
9060,9754,107.83,10
9133,10155,357.81,9
9001,9776,118.19,11
9045,10020,279.31,11
6794,7143,30.43,11
6735,7677,408.68,8
6899,7720,338.95,9
6883,7560,55.07,8
6551,7492,219.49,8
6516,7271,103.04,8
6632,7054,0.00,9
6590,7237,0.00,8
6457,7215,66.47,8
6409,6946,0.00,8
6510,7136,80.92,8
6482,7304,19.34,8
6324,7230,237.13,8
6169,6792,0.00,8
6409,7063,0.00,10
6362,7365,515.96,10
7540,8210,0.00,11
7591,8585,346.31,11
7759,8514,429.49,11
7777,8521,0.00,11
7136,8152,283.78,9
7161,7923,200.71,11
7294,8472,466.81,10
7302,8133,33.54,11
7030,7833,95.44,11
7034,7446,123.19,10
7111,8205,379.59,9
7124,7690,0.00,9
6924,7528,0.00,8
6971,7444,0.00,11
6973,7026,0.00,10
7022,7642,88.51,10
5432,6032,95.50,10
5249,6108,135.13,11
5236,5727,0.00,10
5160,5820,0.00,11
5155,5978,218.25,10
5123,5903,0.00,10
5027,5857,224.91,11
4958,5649,0.00,8
4932,5549,0.00,10
4879,5427,0.00,9
4814,5400,61.75,10
4780,5706,118.81,11
4691,5693,56.32,11
4680,5629,0.00,11
4670,5444,0.00,8
4647,5655,294.11,11
6072,6519,117.38,9
6157,6858,98.62,9
6045,6782,0.00,11
6066,6598,0.00,10
6011,6377,0.00,10
6033,7044,313.68,11
5976,6744,0.00,10
5985,6654,0.00,10
5663,6877,432.59,10
5877,6633,194.27,8
5627,6334,0.00,8
5635,6634,276.46,10
5609,6422,224.30,8
5624,6130,0.00,11
5466,6193,179.15,10
5475,6247,0.00,9
14795,15439,0.00,11
14741,15362,0.00,8
14646,15623,0.00,10
14590,15032,0.00,11
14431,14967,139.44,11
14421,15129,0.00,8
14325,15050,0.00,9
14318,14986,196.50,10
13944,14708,216.76,8
14065,14570,26.03,10
13892,14507,172.63,9
13911,14833,319.08,11
13863,14221,66.17,10
13865,14511,160.54,10
13774,14402,334.28,10
13853,14650,381.84,9
14287,15022,89.05,9
14289,15017,0.00,11
14271,14835,0.00,9
14272,15091,54.79,11
14169,15236,0.00,10
14260,15130,0.00,9
14079,15015,214.34,10
14165,15017,153.87,10
12689,13194,0.00,8
12669,13789,420.53,11
12781,13190,0.00,9
12721,13216,0.00,8
12532,13264,0.00,10
12453,13039,70.14,10
12639,13043,0.00,8
12597,13380,451.48,8
13471,14117,117.99,10
13292,14300,472.02,8
13525,14251,336.39,11
13491,13898,0.00,8
12951,13746,285.82,8
12784,13556,312.21,10
13259,13887,335.82,10
13114,13820,118.56,11
11349,12043,287.12,11
11503,12233,218.42,9
11561,12498,380.80,11
11613,12459,170.67,8
11021,11690,64.28,8
11130,12343,479.78,8
11163,12085,0.00,11
11240,12063,194.19,9
12030,12724,37.21,9
12254,12965,181.68,9
12312,13199,449.12,8
12438,13224,278.40,10
11619,12167,149.25,10
11943,12763,377.84,9
11976,12533,187.95,8
11989,12907,182.14,8
