1002
1,256,337,1,4,0,13,4,220;570;191;405;590;273;635;698;664;452;697;761;946
1,255,314,1,3,0,13,2,221;571;192;406;590;274;652;699;665;453;698;762;947
1,214,264,1,1,0,11,1,262;612;233;447;590;315;652;740;706;494;739
1,212,282,1,1,0,11,3,264;614;235;449;590;317;685;742;708;496;741
1,209,265,1,1,0,11,2,267;617;238;452;590;320;697;745;711;499;744
0,194,280,1,0,0,10,0,282;632;253;467;590;335;697;760;726;514
1,177,252,1,0,0,8,1,299;649;270;484;590;352;697;777
1,168,376,1,1,0,9,4,308;2;658;279;493;775;361;697;786
1,481,543,1,0,0,14,1,345;180;462;48;495;473;439;227;472;536;721;515;688;747
1,466,546,1,1,0,15,3,10;360;195;477;63;510;488;454;242;487;551;736;530;703;747
1,460,675,1,0,0,15,7,16;366;201;483;69;516;494;460;248;493;557;742;536;709;891
0,374,455,1,1,0,15,0,102;452;73;287;569;155;602;580;546;334;579;643;756;622;795
1,351,595,1,0,0,15,11,125;475;96;310;590;178;625;603;569;357;602;666;758;645;818
1,349,433,1,0,0,15,4,127;477;98;312;590;180;627;605;571;359;604;668;759;647;820
1,263,557,1,4,0,13,11,213;563;184;398;590;266;635;691;657;445;663;754;939
1,257,333,1,6,0,13,3,219;569;190;404;590;272;635;697;663;451;675;760;945
1,26,95,1,0,0,7,1,69;30;450;128;144;800;421
0,41,94,1,0,0,10,0,54;15;435;113;129;785;354;620;902;488
1,130,213,1,0,0,10,1,346;24;40;696;317;531;813;399;702;824
1,155,452,1,0,0,9,8,321;15;664;292;506;788;374;702;799
1,112,164,1,0,0,9,1,364;42;58;714;335;549;831;417;702
1,115,199,1,0,0,10,1,361;39;55;711;322;546;828;414;702;839
0,67,153,1,1,0,9,0,28;409;87;90;759;342;594;876;462
1,110,325,1,0,0,9,5,366;44;60;716;337;551;833;419;866
1,45,97,1,0,0,10,1,50;11;431;109;125;781;354;616;898;484
1,48,112,1,1,0,10,1,47;8;428;106;90;778;354;613;895;481
1,2550,2838,1,0,0,15,8,130;128;129;321;109;244;316;283;617;703;908;453;676;547;679
1,2559,2611,1,1,0,15,1,121;119;129;312;100;235;307;274;608;703;907;453;667;538;679
1,2594,2660,1,0,0,16,4,86;84;96;277;65;200;272;239;573;703;880;430;632;503;679;629
1,2606,2657,1,0,0,16,2,74;72;84;265;53;188;260;227;561;703;856;418;620;491;679;617
1,2623,2902,1,0,0,16,8,57;55;67;248;36;171;243;210;544;703;851;401;603;474;667;600
1,2635,2906,1,0,0,16,9,45;43;55;236;24;159;231;198;532;683;839;389;591;462;655;588
1,2663,2745,1,1,0,15,2,17;15;27;208;131;203;170;504;676;670;361;563;434;627;560
1,2691,2749,1,0,0,12,4,180;103;175;142;476;648;670;333;535;406;599;532
1,2694,2750,1,1,0,12,2,177;100;172;139;473;645;578;330;532;403;596;529
1,2699,2784,1,1,0,12,2,172;95;167;134;468;636;578;325;527;398;591;524
1,2705,2786,1,1,0,12,2,166;89;161;128;462;622;578;319;521;392;585;518
1,2726,2797,1,0,0,12,1,145;68;140;107;441;588;578;298;500;371;564;497
1,2738,2794,1,0,0,12,1,133;56;128;95;373;588;578;286;488;359;552;485
1,2776,2838,1,0,0,12,2,95;18;90;57;373;563;578;248;450;321;514;447
1,2782,2989,1,0,0,12,4,89;12;84;51;373;531;578;242;444;315;508;441
1,2783,2871,1,1,0,12,2,88;11;83;50;373;531;578;241;443;314;476;440
1,2808,3065,1,0,0,11,5,63;58;25;359;531;578;216;418;289;467;415
1,2799,2878,1,1,0,11,2,72;67;34;368;531;578;225;427;298;476;424
1,2833,2921,1,0,0,11,1,38;33;0;334;506;578;191;393;264;456;390
1,2817,3024,1,1,0,11,4,54;49;16;350;522;578;207;409;280;461;406
1,2868,2957,1,0,0,9,2,3;299;471;543;156;358;229;422;355
1,2841,3093,1,0,0,10,7,30;25;326;498;578;178;385;256;449;382
1,2880,2941,1,0,0,9,1,287;459;543;76;346;217;395;343;303
1,2869,2957,1,1,0,9,1,2;298;470;543;155;357;228;395;354
1,2905,3149,1,0,0,9,6,262;434;530;76;321;192;385;309;278
1,2898,2955,1,0,0,9,1,269;441;543;76;328;199;392;309;285
0,2940,2996,1,1,0,10,0,227;327;530;76;286;157;350;283;243;407
1,2909,3184,1,0,0,10,7,258;327;530;76;317;188;381;309;274;628
0,2964,3015,1,0,0,10,0,203;327;510;60;262;133;326;259;219;374
1,2945,3200,1,0,1,10,4,222;327;529;76;281;152;345;278;238;407
1,2969,3049,1,0,0,10,2,198;327;505;55;257;128;321;254;214;374
0,2966,3039,1,1,0,10,0,201;327;508;58;260;131;324;257;217;374
1,2164,2223,1,0,0,18,2,105;139;12;275;370;516;38;170;374;333;507;526;680;284;474;298;630;644
1,2168,2458,1,0,0,18,11,101;135;8;271;366;512;34;166;370;329;507;522;680;280;438;294;626;644
1,2162,2430,1,0,0,18,12,107;141;14;277;372;518;40;172;376;335;516;528;709;286;474;300;632;644
1,2163,2245,1,0,0,18,3,106;140;13;276;371;517;39;171;375;334;515;527;680;285;474;299;631;644
1,2218,2298,1,1,0,17,2,51;85;221;316;462;116;320;279;453;472;653;230;438;244;576;644;615
1,2220,2296,1,1,0,17,4,49;83;219;314;460;114;318;277;453;470;651;228;411;242;574;644;613
1,2171,2231,1,0,0,18,4,98;132;5;268;363;509;31;163;367;326;491;519;680;277;438;291;623;644
1,2215,2505,1,0,0,16,10,54;88;224;319;465;119;323;282;463;475;656;233;438;247;579;644
1,2233,2303,1,0,0,17,2,36;70;206;301;447;101;305;264;445;457;630;215;411;229;561;615;600
1,2256,2505,1,0,0,17,10,13;47;183;278;424;78;282;220;422;434;615;192;403;206;538;610;577
1,2222,2286,1,0,0,17,3,47;81;217;312;458;112;316;275;453;468;647;226;411;240;572;644;611
1,2229,2285,1,0,0,17,2,40;74;210;305;451;105;309;268;449;461;630;219;411;233;565;637;604
1,2312,2388,1,0,0,15,2,127;222;368;22;226;185;366;378;559;136;347;150;482;554;434
1,2315,2371,1,0,0,15,2,124;219;328;19;223;182;363;375;556;133;344;147;479;551;434
1,2268,2341,1,0,0,17,3,1;35;171;266;412;66;270;220;410;422;603;180;391;194;526;598;438
1,2297,2589,1,0,0,16,9,6;142;237;383;37;241;200;381;393;574;151;362;165;497;569;438
1,2394,2471,1,1,0,15,3,45;140;286;144;103;284;296;445;54;265;68;400;472;420;773
1,2387,2448,1,0,0,15,2,52;147;293;151;110;291;303;484;61;272;75;407;479;420;780
1,2361,2411,1,0,0,14,3,78;173;307;177;136;317;329;486;87;298;101;433;505;434
1,2327,2392,1,0,0,15,2,112;207;307;7;211;170;351;363;544;121;332;135;467;539;434
1,2453,2516,1,0,0,14,2,81;227;85;44;225;237;418;206;9;341;413;380;714;703
1,2436,2505,1,0,0,16,1,3;98;244;102;61;242;254;435;12;223;26;358;430;397;731;703
1,2418,2638,1,0,0,16,7,21;116;262;120;79;260;272;445;30;241;44;376;448;415;749;908
1,2412,2486,1,0,0,16,4,27;122;268;126;85;266;278;445;36;247;50;382;454;420;755;927
1,2522,2589,1,0,0,16,4,12;158;16;156;138;349;137;272;344;311;645;703;908;502;704;575
1,2513,2594,1,0,0,16,1,21;167;25;165;170;358;146;281;353;320;654;703;908;511;713;584
1,2511,2590,1,1,0,16,1,23;169;27;167;179;360;148;283;355;322;656;703;908;513;715;586
1,2491,2571,1,0,0,15,4,43;189;47;6;187;199;380;168;303;375;342;676;703;983;533
1,2545,2612,1,1,0,15,2,135;133;129;326;114;249;321;288;622;703;908;453;681;552;745
1,2541,2601,1,1,0,15,1,139;137;138;330;118;253;325;292;626;703;908;453;685;556;749
1,2536,2618,1,0,0,15,2,144;2;142;138;335;123;258;328;297;631;703;908;488;690;561
1,2522,2580,1,1,0,16,1,12;158;16;156;138;349;137;272;344;311;645;703;908;502;704;575
1,3614,3677,1,0,0,7,1,199;413;482;146;379;285;626
0,3643,3701,1,0,0,7,0,170;384;453;117;379;256;599
1,3644,3702,1,0,0,7,2,169;383;452;116;379;255;598
1,3658,3739,1,0,0,7,1,155;369;423;102;365;241;584
1,3551,3637,1,0,0,7,2,262;476;545;209;379;348;691
1,3573,3655,1,0,0,7,2,240;454;520;187;379;326;669
1,3602,3895,1,0,0,7,5,211;425;489;158;379;297;640
0,3614,3681,1,0,0,7,0,199;413;482;146;379;285;607
1,3690,3773,1,0,0,7,2,123;337;301;70;320;209;334
0,3709,3796,1,0,0,7,0,104;318;260;51;314;190;334
0,3715,3767,1,0,0,7,0,98;312;260;45;308;184;334
1,3717,4012,1,1,0,7,2,96;310;260;43;306;182;334
1,3663,3929,1,0,0,7,3,150;364;423;97;360;236;553
1,3665,3722,1,0,0,7,1,148;362;423;95;358;234;351
1,3679,3960,1,0,0,7,5,134;348;417;81;344;220;334
1,3687,3763,1,0,0,7,1,126;340;301;73;336;212;334
1,3783,3841,1,0,0,6,1,30;244;260;240;116;332
0,3771,3844,1,0,0,6,0,42;256;260;252;128;332
0,3796,3850,1,0,0,6,0,5;231;260;227;103;332
0,3787,3841,1,1,0,6,0,5;240;260;236;112;332
0,3729,3800,1,1,0,7,0,81;298;260;31;294;170;332
1,3724,3936,1,0,0,7,2,81;303;260;36;299;175;334
0,3755,3809,1,0,0,7,0,58;272;260;5;268;144;332
0,3745,3827,1,0,0,7,0,68;282;260;15;278;154;332
1,3875,4164,1,1,0,8,4,152;221;148;24;332;826;817;510
0,3865,3921,1,0,0,8,0,162;231;158;34;332;836;827;520
0,3903,3974,1,1,0,7,0,124;193;120;332;798;686;482
0,3902,3989,1,0,0,7,0,125;194;121;332;799;686;483
0,3827,3889,1,0,0,6,0,200;260;196;72;332;874
0,3802,3869,1,1,0,6,0,5;225;260;221;97;332
0,3856,3915,1,0,0,8,0,171;240;167;43;332;845;836;529
0,3828,3886,1,0,0,6,0,199;260;195;71;332;873
1,3049,3116,1,0,0,9,1,118;279;425;177;48;241;174;134;368
0,3063,3121,1,1,0,9,0,52;276;411;163;34;227;160;120;368
1,3027,3098,1,2,0,9,2,140;283;447;199;70;263;196;156;368
0,3043,3101,1,1,0,9,0,124;279;431;183;54;247;180;140;368
1,3021,3319,1,1,0,10,4,146;318;453;3;205;76;269;202;162;368
1,3026,3078,1,1,0,9,1,141;313;448;200;71;264;197;157;368
1,2973,3204,1,1,0,10,6,194;327;501;51;253;124;317;231;210;374
1,2991,3233,1,0,0,10,2,176;327;483;33;235;106;299;231;192;368
1,3190,3253,1,0,0,10,1,149;284;36;100;33;347;598;837;906;570
1,3207,3463,1,0,0,10,5,132;267;19;83;16;327;598;820;889;553
0,3171,3227,1,0,0,8,0,168;303;55;119;52;12;366;642
1,3189,3278,1,0,0,10,1,150;285;37;101;34;348;624;838;907;571
1,3127,3212,1,0,0,8,1,40;212;347;99;163;96;56;368
0,3135,3185,1,1,0,8,0,28;204;339;91;155;88;48;368
1,3072,3126,1,0,0,9,1,52;267;402;154;25;218;151;111;368
0,3119,3208,1,1,0,8,0,48;220;355;107;171;104;64;368
1,3352,3560,1,0,0,8,3,122;185;461;675;744;408;671;547
1,3307,3509,1,0,0,8,3,32;167;230;491;720;769;453;678
1,3294,3380,1,0,0,8,1,45;180;243;491;733;769;466;678
1,3290,3372,1,0,0,9,1,49;184;0;247;523;737;769;470;678
1,3256,3474,1,0,0,9,2,83;218;34;281;557;771;769;504;767
0,3226,3309,1,0,0,9,0,113;248;0;64;311;587;801;769;534
0,3220,3299,1,0,0,10,0,119;254;6;70;3;317;593;807;769;540
0,3209,3269,1,0,0,10,0,130;265;17;81;14;327;598;818;769;551
0,3550,3608,1,0,0,7,0,263;477;546;210;379;349;692
0,3514,3581,1,1,0,8,0,23;299;513;582;246;379;385;728
0,3477,3538,1,0,0,8,0,60;336;550;618;283;379;422;765
1,3457,3713,1,0,0,8,5,17;80;356;570;618;303;566;442
1,3457,3659,1,0,0,8,2,17;80;356;570;618;303;379;442
1,3410,3486,1,0,0,8,1,64;105;403;617;618;350;600;489
1,3402,3478,1,1,0,8,1,72;105;411;625;618;358;621;497
1,3396,3485,1,0,0,8,1,78;141;417;631;618;364;627;503
1,972,1037,1,0,0,15,1,4;45;230;24;197;379;182;299;461;642;603;516;511;830;447
1,951,1035,1,1,0,17,3,25;3;2;66;251;45;218;400;203;320;482;643;603;537;532;830;468
1,983,1044,1,0,0,14,2,34;219;13;186;368;171;288;432;642;603;505;500;830;330
1,974,1219,1,0,0,15,5,2;43;228;22;195;377;180;297;432;642;603;514;509;830;445
1,1005,1087,1,1,0,13,2,12;197;164;346;149;266;428;642;603;478;478;821;330
1,991,1076,1,1,0,14,2,26;211;5;178;360;163;280;432;642;603;497;492;821;330
1,1030,1108,1,0,0,13,1,172;139;321;124;241;403;619;603;458;453;815;303;775
1,1017,1101,1,0,0,14,2,0;185;152;334;137;254;416;632;603;471;466;821;326;788
1,870,1082,1,0,0,18,7,73;106;84;50;83;147;332;126;299;481;284;401;563;643;766;611;613;975
1,860,941,1,0,0,18,4,83;116;94;60;93;157;342;136;309;491;294;411;570;643;776;611;623;985
1,881,1120,1,1,0,18,9,62;95;73;39;72;136;321;115;288;470;273;390;552;643;755;595;602;835
1,876,938,1,0,0,18,2,67;100;78;44;77;141;326;120;293;475;278;395;557;643;760;611;607;835
1,899,953,1,1,0,18,3,44;77;55;21;54;118;303;97;270;452;255;372;534;643;603;562;584;835
1,891,973,1,0,0,18,2,52;85;63;29;62;126;311;105;278;460;263;380;542;643;603;595;592;835
1,945,1240,1,0,0,17,9,31;9;8;72;257;51;224;406;209;326;488;643;603;543;538;835;474
1,933,1021,1,0,0,17,2,10;43;21;20;84;269;63;236;418;221;338;500;643;603;555;550;835
1,1093,1159,1,0,0,13,3,109;76;258;61;178;340;556;543;395;390;752;303;712
1,1106,1184,1,0,0,15,2,96;63;245;48;165;327;543;530;382;377;723;303;699;683;724
1,1108,1177,1,0,0,15,2,94;61;243;46;163;325;541;504;380;375;723;303;697;681;722
1,1138,1222,1,0,0,15,3,64;31;213;16;133;295;511;498;350;345;707;281;667;651;692
1,1152,1216,1,0,1,15,2,50;17;199;2;119;281;497;484;336;331;684;267;653;637;678
1,1154,1243,1,0,0,15,2,48;15;197;0;117;279;495;482;334;329;684;257;651;635;676
1,1194,1262,1,1,0,13,2,8;157;77;239;455;442;294;289;651;225;611;595;620
1,1208,1261,1,0,0,12,3,143;63;225;441;388;280;275;637;211;597;581;620
1,1035,1096,1,0,0,13,2,167;105;316;119;236;398;614;601;453;448;810;303;770
1,1038,1097,1,1,0,13,2,164;105;313;116;233;395;611;598;420;445;807;303;767
1,1041,1092,1,0,0,13,3,161;105;310;113;230;392;608;595;420;442;804;303;764
1,1045,1115,1,1,0,13,2,157;105;306;109;226;388;604;591;420;438;786;303;760
1,1051,1101,1,0,0,13,2,151;105;300;103;220;382;598;585;399;432;786;303;754
1,1054,1112,1,1,0,13,2,148;105;297;100;217;379;595;569;399;429;786;303;751
1,1057,1129,1,0,0,13,3,145;105;294;97;214;376;592;560;399;426;786;303;748
1,1059,1115,1,0,0,13,1,143;105;292;95;212;374;590;560;399;424;760;303;746
1,642,712,1,1,0,16,2,184;19;301;334;312;278;66;311;375;560;354;527;709;464;629;791
1,635,709,1,0,0,16,4,191;26;308;341;319;285;73;318;382;565;361;534;716;509;636;798
1,629,679,1,0,0,16,4,197;32;314;347;325;291;79;324;388;565;367;540;721;525;642;804
1,627,678,1,0,0,16,3,199;34;316;349;327;293;81;326;390;575;369;542;721;527;644;806
1,697,750,1,0,0,15,4,129;246;275;257;223;11;256;320;505;299;472;631;457;574;736
1,687,767,1,0,0,15,2,139;256;289;267;233;21;266;330;515;309;482;664;464;576;746
1,687,751,1,0,0,15,1,139;256;275;267;233;21;266;330;515;309;482;664;464;576;746
1,669,952,1,0,0,15,10,157;274;307;285;251;39;284;348;533;327;500;682;464;576;764
1,560,631,1,1,0,15,1,266;101;383;416;394;360;148;393;457;614;436;609;747;567;711
1,559,858,1,1,0,15,13,267;102;384;417;395;361;149;394;458;643;437;610;747;567;712
1,522,601,1,1,0,16,4,304;139;421;7;454;432;398;186;431;495;680;474;647;747;605;749
1,513,569,1,0,0,16,4,313;148;430;16;463;441;407;195;440;504;689;483;656;747;641;758
1,602,670,1,0,0,16,4,224;59;341;374;352;318;106;351;415;582;394;567;721;552;669;831
1,598,677,1,0,0,16,3,228;63;345;378;356;322;110;355;419;604;398;571;721;556;673;835
0,589,643,1,0,0,16,0,237;72;354;387;365;331;119;364;428;611;407;580;721;565;682;844
1,583,661,1,1,0,16,4,243;78;360;393;371;337;125;370;434;614;413;586;721;567;688;850
1,800,864,1,1,0,17,2,26;143;174;154;120;153;217;402;196;369;551;354;467;583;643;836;688
1,825,888,1,1,0,17,2,1;118;151;129;95;128;192;377;171;344;526;329;446;583;643;811;663
1,794,872,1,0,0,15,4,32;149;182;160;126;159;223;408;202;375;557;360;467;594;643
1,797,869,1,1,0,17,1,29;146;179;157;123;156;220;405;199;372;554;357;467;583;643;839;691
1,848,900,1,0,0,18,2,95;128;106;72;105;169;354;148;321;503;306;423;583;643;788;628;635;997
1,852,921,1,0,0,18,4,91;124;102;68;101;165;350;144;317;499;302;419;581;643;784;611;631;993
1,827,878,1,1,0,16,1,116;149;127;93;126;190;375;169;342;524;327;444;583;643;809;628
1,827,916,1,0,0,16,1,116;149;127;93;126;190;375;169;342;518;327;444;583;643;809;628
1,728,795,1,0,0,14,4,98;215;248;226;192;225;289;474;268;441;623;405;543;705
1,732,936,1,0,1,14,8,94;211;244;222;188;221;285;470;264;437;619;398;539;701
1,701,751,1,0,0,15,4,125;242;275;253;219;7;252;316;501;295;468;631;437;570;732
1,726,788,1,0,0,14,4,100;217;250;228;194;227;291;476;270;443;625;419;545;707
1,787,868,1,0,0,15,4,39;156;189;167;133;166;230;415;209;382;564;367;481;606;643
1,792,1081,1,0,0,15,4,34;151;184;162;128;161;225;410;204;377;559;362;479;594;643
1,761,1058,1,0,0,14,4,65;182;215;193;159;192;256;441;235;408;590;393;510;606
1,771,1043,1,0,0,15,5,55;172;205;183;149;182;246;431;225;398;580;383;481;606;878
1,1857,1934,1,1,0,15,3,412;20;446;202;46;66;319;71;282;582;559;587;345;477;681
1,1832,1898,1,0,0,16,1,13;437;45;471;227;71;91;344;96;293;600;559;587;370;502;706
1,1887,1965,1,0,0,16,1,382;416;172;16;36;289;41;252;537;559;587;315;447;651;610;791
1,1875,1928,1,0,0,16,2,394;2;428;184;28;48;301;53;264;564;559;587;327;459;663;622
1,1803,1860,1,1,0,17,1,42;2;27;466;74;500;256;100;120;373;125;336;600;731;846;399;531
1,1796,1869,1,1,0,17,3,49;5;34;473;81;507;263;107;127;380;132;343;618;738;846;406;538
1,1820,2041,1,0,0,16,4,25;10;449;57;483;239;83;103;356;108;293;600;714;587;382;514
1,1818,2097,1,0,0,16,5,27;12;451;59;485;241;85;105;358;110;293;600;716;846;384;516
1,1746,1819,1,0,0,16,1,99;59;43;84;523;131;557;313;157;177;430;182;359;621;786;846
1,1738,1825,1,1,0,16,3,107;67;51;92;531;139;565;321;165;185;438;190;359;647;786;846
1,1773,1860,1,1,0,17,3,72;5;16;57;496;104;530;286;130;150;403;155;359;621;761;846;429
1,1767,1829,1,1,0,17,3,78;5;22;63;502;110;536;292;136;156;409;161;359;621;767;846;435
1,1701,1903,1,1,0,16,6,144;104;88;129;568;176;602;358;202;222;475;227;438;647;833;846
1,1693,1982,1,0,0,16,8,152;112;96;137;576;184;610;366;210;230;483;235;446;746;841;846
1,1723,1800,1,0,0,16,5,122;82;66;107;546;154;580;336;180;200;453;205;359;647;791;846
1,1705,1771,1,0,0,16,5,140;100;84;125;564;172;598;354;198;218;471;223;359;647;829;846
1,2113,2340,1,1,0,19,11,156;190;63;26;326;421;567;89;221;425;384;564;577;743;335;546;349;681;753
1,2125,2214,1,1,1,19,4,144;178;51;14;314;409;555;77;209;413;372;553;565;743;323;534;337;669;644
1,2145,2222,1,0,0,18,3,124;158;31;294;389;535;57;189;393;352;533;545;726;303;514;317;649;644
1,2148,2209,1,0,0,18,2,121;155;28;291;386;532;54;186;390;349;524;542;723;300;511;314;646;644
1,2050,2131,1,1,0,19,4,219;240;9;126;89;389;441;587;152;284;488;447;628;640;743;398;609;412;744
1,2082,2161,1,0,0,18,3,187;221;94;57;357;441;587;120;252;456;415;596;608;743;366;577;380;712
1,2097,2169,1,0,0,19,1,172;206;79;42;342;437;583;105;237;441;400;581;593;743;351;562;365;697;769
1,2109,2183,1,0,0,19,3,160;194;67;30;330;425;571;93;225;429;388;569;581;743;339;550;353;685;757
1,1968,2244,1,1,0,18,14,301;335;91;208;171;471;559;587;234;366;570;529;710;692;903;480;691;494
1,2021,2081,1,0,0,19,3,248;282;38;155;118;418;513;587;181;313;517;476;657;669;743;427;638;441;773
1,2026,2111,1,0,0,19,2,243;277;33;150;113;413;508;587;176;308;512;471;643;664;743;422;633;436;768
1,2043,2105,1,0,0,19,2,226;260;16;133;96;396;441;587;159;291;495;454;635;647;743;405;616;419;751
1,1913,1993,1,0,0,17,2,356;390;146;10;263;15;226;526;559;587;289;421;625;584;765;777;958
1,1916,1999,1,0,0,17,2,353;368;143;7;260;12;223;523;559;587;286;418;622;581;762;774;955
1,1931,2010,1,0,0,16,3,338;368;128;245;208;508;559;587;271;403;607;566;747;692;940;517
1,1939,2019,1,0,0,18,2,330;364;120;237;200;500;559;587;263;395;599;558;725;692;932;509;720;523
1,1388,1463,1,1,0,17,4,45;261;248;100;95;457;31;417;401;442;861;489;874;564;515;535;746
1,1374,1452,1,0,0,17,3,59;275;262;114;109;471;45;431;415;456;861;503;874;564;529;549;802
1,1367,1619,1,0,0,17,10,66;282;269;121;116;478;52;438;422;463;861;510;874;566;536;556;809
1,1348,1413,1,0,0,16,3,3;85;301;288;140;135;490;71;457;441;482;875;529;874;566;555
1,1331,1404,1,1,0,16,3,20;102;318;305;157;152;514;88;474;458;499;875;546;874;566;572
1,1322,1385,1,0,0,15,2,29;111;327;314;166;161;523;97;474;467;508;875;555;874;566
1,1318,1546,1,0,0,15,7,33;115;331;317;170;165;527;101;474;471;512;875;559;874;741
1,1297,1347,1,1,0,14,2,54;136;352;339;191;186;548;122;474;492;523;875;580;874
1,1291,1563,1,0,0,14,8,60;142;358;345;197;192;554;128;474;498;538;875;586;1012
1,1291,1378,1,0,0,14,2,60;142;358;345;197;192;554;128;474;498;538;875;586;874
1,1277,1519,1,0,1,13,7,74;156;372;359;211;206;568;142;474;512;538;992;600
1,1253,1330,1,1,0,13,2,98;18;180;396;383;235;230;592;166;474;536;549;1016
1,1248,1327,1,0,0,13,2,103;23;185;401;388;240;235;595;171;474;541;582;1021
1,1228,1526,1,0,0,12,9,123;43;205;421;388;260;255;595;191;577;561;588
1,1219,1305,1,0,0,12,3,132;52;214;430;388;269;264;612;200;586;570;588
1,1214,1297,1,0,0,12,2,137;57;219;435;388;274;269;612;205;591;575;616
1,1602,1674,1,0,0,15,3,47;34;243;203;187;228;667;275;675;443;301;321;574;326;537
1,1688,1928,1,0,0,16,10,157;117;101;142;581;189;615;371;215;235;488;240;451;751;846;992
1,1554,1806,1,0,0,15,10,95;82;291;251;235;276;702;323;688;505;349;369;622;374;585
1,1564,1640,1,1,0,15,3,85;72;281;241;225;266;702;313;675;495;339;359;612;364;575
1,1533,1591,1,1,0,15,3,116;103;312;272;256;297;703;344;688;526;370;390;627;395;606
1,1540,1598,1,1,0,15,3,109;96;305;265;249;290;702;337;688;519;363;383;627;388;599
1,1520,1584,1,1,1,15,3,129;116;325;285;269;310;703;357;688;539;383;403;656;408;619
1,1529,1580,1,1,1,15,3,120;107;316;276;260;301;703;348;688;530;374;394;627;399;610
1,1509,1582,1,1,0,15,3,140;127;336;296;280;321;735;368;688;550;394;414;667;419;630
1,1516,1597,1,1,0,15,3,133;120;329;289;273;314;732;361;688;543;387;407;660;412;623
1,1497,1553,1,1,0,14,3,152;139;348;308;292;333;772;380;688;562;406;426;679;431
1,1502,1793,1,0,0,14,13,147;134;343;303;287;328;759;375;688;557;401;421;674;426
1,1455,1529,1,0,0,16,3,194;181;33;28;390;350;334;375;814;422;824;564;448;468;721;473
1,1489,1777,1,1,0,14,11,160;147;356;316;300;341;780;388;814;564;414;434;687;439
1,1389,1443,1,1,0,17,2,44;260;247;99;94;456;30;416;400;441;861;488;867;564;514;534;746
1,1447,1505,1,0,0,16,3,202;189;41;36;398;358;342;383;822;430;856;564;456;476;729;481
1,6081,6139,1,1,1,16,3,27;95;166;341;49;253;553;773;537;663;573;296;963;701;517;438
1,6049,6103,1,0,0,14,1,59;144;198;373;81;285;585;773;537;695;605;328;995;733
1,6141,6221,1,0,0,14,1,52;106;281;193;493;736;492;603;513;236;903;641;457;378
1,6099,6171,1,1,0,16,4,9;94;148;323;31;235;535;773;519;645;555;278;945;683;499;420
0,6021,6083,1,1,0,13,0,87;11;172;226;401;109;313;613;773;537;723;633;356
1,6020,6105,1,0,0,13,4,88;12;173;227;402;110;314;614;773;613;724;634;357
1,6048,6130,1,1,0,14,1,60;145;199;374;82;286;586;773;537;696;606;329;996;734
0,6040,6117,1,0,0,13,0,68;153;207;382;90;294;594;773;537;704;614;337;1004
1,6281,6546,1,0,1,14,9,141;53;353;596;352;463;373;96;679;501;317;238;577;511
1,6246,6335,1,0,0,15,4,1;176;88;388;631;387;498;408;131;679;535;352;273;612;546
1,6287,6363,1,0,0,14,3,135;47;347;579;346;457;367;90;679;495;311;232;571;384
1,6285,6496,1,0,0,14,7,137;49;349;592;348;459;369;92;679;497;313;234;573;384
1,6204,6273,1,0,1,15,3,43;218;130;430;673;429;540;450;173;679;578;394;315;654;588
1,6199,6406,1,0,0,15,10,48;223;135;435;678;434;545;455;178;845;583;399;320;659;593
1,6222,6296,1,0,0,15,1,25;200;112;412;655;400;522;432;155;679;560;376;297;636;570
0,6220,6274,1,1,0,15,0,27;202;114;414;657;400;524;434;157;679;562;378;299;638;572
1,5846,5923,1,0,0,12,2,11;57;132;262;159;347;401;576;284;412;667;850
1,5850,5925,1,0,0,12,3,7;53;128;258;159;340;397;572;280;412;667;850
1,5855,5931,1,0,0,12,3,2;48;123;253;159;338;392;563;275;412;667;850
1,5870,5927,1,0,0,11,2,33;108;238;159;323;377;507;260;412;667;850
1,5806,6006,1,1,0,13,3,51;97;172;14;302;202;387;441;616;324;528;667;850
1,5808,5882,1,0,0,13,2,49;95;170;12;300;202;385;439;614;322;412;667;850
1,5818,5888,1,0,0,13,2,39;85;160;2;290;162;375;429;604;312;412;667;850
0,5839,5911,1,1,0,12,0,18;64;139;269;159;354;408;583;291;412;667;850
1,5968,6026,1,0,0,11,4,10;140;64;225;279;454;162;331;666;850;665
1,5989,6078,1,1,0,12,1,119;43;204;258;433;141;331;645;850;644;755;665
1,5993,6051,1,0,0,12,4,115;26;200;254;429;137;331;641;850;640;751;661
1,6007,6236,1,0,0,12,5,101;25;186;240;415;123;327;627;850;626;737;647
1,5886,5970,1,0,0,12,3,17;92;222;146;307;355;507;244;412;667;850;747
1,5897,5967,1,0,0,12,2,6;81;211;135;296;350;507;233;370;667;850;736
1,5919,5979,1,1,0,11,1,59;189;113;274;321;503;211;370;667;850;714
1,5938,6004,1,0,0,11,3,40;170;79;255;309;484;192;370;667;850;695
0,6651,6714,1,0,0,18,0,226;93;3;393;131;207;141;579;664;412;295;564;653;485;620;841;586;403
1,6617,6700,1,0,0,19,2,17;260;16;127;37;427;165;241;175;613;689;446;306;598;687;519;654;875;620
1,6602,6658,1,0,0,19,2,31;275;31;142;52;442;180;256;190;628;689;461;344;613;702;534;669;890;635
1,6598,6658,1,1,0,20,1,36;279;35;146;56;446;184;0;260;194;632;689;465;348;617;706;538;673;894;639
1,6561,6625,1,1,0,19,2,73;316;72;183;93;483;221;37;297;231;669;689;502;385;654;743;575;710;931
1,6532,6771,1,0,0,18,11,102;342;101;212;122;512;250;66;326;260;696;689;531;414;683;772;604;739
1,6516,6722,1,0,0,19,9,118;342;117;228;138;528;266;82;3;342;276;714;689;547;430;699;788;620;755
1,6498,6564,1,1,0,17,2,136;342;135;246;156;546;284;100;21;360;294;732;689;565;448;717;806
1,6794,6866,1,0,0,16,1,83;250;64;436;571;269;152;421;453;342;477;641;443;260;883;349
1,6729,6784,1,1,0,17,1,148;15;315;53;129;63;501;636;334;215;486;453;407;542;641;472;325
1,6721,6953,1,1,0,17,10,156;23;323;61;137;71;509;644;342;215;494;583;415;550;641;472;333
1,6702,6790,1,1,0,17,3,175;42;342;80;156;90;520;663;361;215;513;602;434;569;641;535;352
1,6701,6771,1,0,0,17,2,176;43;343;81;157;91;520;664;362;245;514;603;435;570;641;536;353
1,6676,6748,1,0,0,17,3,201;68;368;106;182;116;521;664;387;270;539;628;460;595;641;561;378
1,6674,6740,1,0,0,17,3,203;70;370;108;184;118;556;664;389;272;541;630;462;597;641;563;380
1,6652,6855,1,0,0,18,10,225;92;2;392;130;206;140;578;664;411;294;563;652;484;619;840;585;402
1,6402,6472,1,1,0,14,3,20;232;475;231;342;252;642;380;196;117;456;359;811;912
1,6411,6492,1,0,0,16,3,11;223;466;222;333;243;626;371;187;108;447;359;811;912;652;535
1,6394,6477,1,0,0,14,3,28;240;483;239;350;260;650;388;204;125;464;377;811;971
1,6394,6461,1,1,0,14,2,28;240;483;239;350;260;650;388;204;125;464;359;811;971
1,6364,6438,1,0,0,15,3,58;270;513;257;380;290;13;671;418;234;155;494;384;866;1001
1,6390,6453,1,0,0,14,3,32;244;487;243;354;264;654;392;208;129;468;384;811;975
1,6327,6397,1,0,0,15,2,95;7;307;550;306;417;327;50;679;455;271;192;531;384;903
1,6331,6401,1,1,0,15,3,91;3;303;546;257;413;323;46;679;451;267;188;527;384;899
1,6477,6536,1,0,0,16,3,150;400;156;267;177;567;305;121;42;381;315;753;689;586;469;738
1,6482,6543,1,0,0,17,2,150;395;151;262;172;562;300;116;37;376;306;748;689;581;464;733;822
1,6440,6733,1,1,0,15,11,194;437;193;304;214;569;342;158;79;418;317;783;722;623;506
1,6466,6536,1,0,0,16,2,168;411;167;278;188;569;316;132;53;392;317;764;689;597;480;749
1,6429,6497,1,0,0,15,3,205;448;204;315;225;569;353;169;90;429;343;783;912;634;517
1,6436,6683,1,0,0,15,9,198;441;197;308;218;569;346;162;83;422;317;783;912;627;510
1,6411,6461,1,1,0,16,3,11;223;466;222;333;243;569;371;187;108;447;359;811;912;652;535
1,6414,6472,1,1,0,16,3,8;220;463;219;330;240;569;368;184;105;444;343;811;912;649;532
1,7014,7067,1,0,0,18,2,30;216;333;49;201;290;122;257;391;223;40;630;129;546;706;514;430;12
1,7012,7074,1,0,0,18,1,32;218;353;51;203;292;124;259;391;225;42;630;131;548;708;516;432;14
1,7078,7157,1,0,0,17,3,152;287;137;226;58;193;391;159;599;65;482;642;450;366;540;755;368
1,7039,7103,1,0,0,20,3,5;191;326;24;176;265;97;232;391;198;15;630;104;506;681;489;405;603;794;407
1,7188,7249,1,0,0,19,2,42;177;27;116;83;304;49;489;372;532;340;256;454;645;258;1017;502;964;735
1,7123,7174,1,0,0,18,2,107;242;92;181;13;148;369;114;554;20;437;597;405;321;491;710;323;1082
1,7220,7488,1,0,0,18,12,10;145;84;51;272;17;457;340;500;308;224;422;613;212;867;470;932;703
1,7213,7469,1,1,0,19,12,17;152;2;91;58;279;24;464;347;507;315;231;429;620;212;992;477;939;710
1,7259,7526,1,0,0,16,9,106;45;12;233;418;301;461;269;185;383;574;187;867;431;730;664
0,7226,7279,1,0,0,18,0,4;139;78;45;266;11;451;334;494;302;218;416;607;212;867;464;730;697
1,7272,7487,1,1,0,15,8,93;32;220;405;288;448;256;172;370;561;174;867;418;726;491
1,7265,7502,1,1,0,16,10,100;39;6;227;412;295;455;263;179;377;568;181;867;425;730;491
1,7300,7373,1,0,0,16,2,65;4;192;377;260;420;228;144;342;533;146;857;390;726;486;1172
1,7287,7348,1,1,0,15,1,78;17;205;390;273;433;241;157;355;546;159;857;403;726;491
1,7309,7569,1,1,0,16,10,56;183;368;251;411;219;135;333;524;98;857;381;726;486;1100;824
1,7303,7598,1,1,0,17,10,62;1;189;374;257;417;225;141;339;530;98;857;387;726;486;1169;830
1,6807,6884,1,0,0,16,4,70;237;51;423;558;256;139;355;453;329;464;641;430;247;870;336
1,6809,6862,1,0,0,16,1,68;235;49;421;556;254;137;355;453;327;462;641;428;245;809;334
1,6810,6883,1,0,0,16,3,67;234;48;420;555;253;136;355;453;326;461;641;427;221;809;333
1,6831,6911,1,1,0,16,1,46;213;27;399;534;232;115;355;453;305;440;615;406;221;809;312
1,6834,7058,1,1,1,16,13,43;210;24;396;506;229;112;355;453;302;437;615;403;220;809;309
1,6841,6915,1,1,0,16,3,36;203;17;389;506;222;105;355;453;295;430;615;396;213;632;302
1,6845,6898,1,0,0,16,1,32;199;13;385;506;218;101;355;419;291;426;615;392;209;632;298
1,6846,6917,1,1,0,16,1,31;198;12;384;506;217;100;355;419;241;425;615;391;208;632;297
1,6849,6921,1,0,0,16,1,28;195;9;381;482;214;97;355;419;241;422;615;388;205;632;294
1,6880,7170,1,0,0,14,11,164;350;476;183;66;335;419;241;391;612;357;174;632;263
1,6881,7174,1,0,0,14,9,163;349;476;182;65;334;419;241;390;611;356;173;630;262
0,6882,6940,1,0,0,14,0,162;348;476;181;64;333;419;241;389;431;355;172;630;261
1,6904,6992,1,0,0,16,4,140;326;461;159;42;311;400;232;367;431;333;150;630;239;656;816
1,6922,6999,1,0,0,16,3,122;308;443;141;24;293;382;214;349;400;315;132;630;221;638;798
1,6935,7020,1,1,0,17,2,109;295;430;128;11;280;369;201;336;391;302;119;630;208;625;785;593
1,6942,7012,1,0,0,17,4,102;288;423;121;4;273;362;194;329;391;295;112;630;201;551;778;586
1,7543,7625,1,1,0,12,3,134;17;171;99;290;532;147;608;380;861;590;667
1,7534,7598,1,0,0,11,1,143;26;186;108;299;532;156;608;383;861;599
1,7528,7598,1,0,0,12,2,146;32;192;0;114;305;532;162;608;383;861;605
1,7524,7603,1,0,0,12,1,146;36;196;4;118;309;532;166;628;383;861;609
1,7606,7691,1,0,0,12,1,71;114;36;227;530;84;546;317;832;527;604;979
1,7596,7676,1,1,0,12,2,81;124;46;237;532;94;556;327;832;537;614;989
1,7587,7670,1,1,0,11,3,90;133;55;246;532;103;565;336;843;546;623
0,7577,7652,1,1,0,11,0,100;143;65;256;532;113;575;346;843;556;633
1,7654,7868,1,0,0,11,4,23;66;179;530;36;498;262;818;446;556;931
1,7623,7696,1,1,0,12,1,54;97;19;210;530;67;529;262;832;447;587;962
1,7619,7697,1,1,0,12,1,58;101;23;214;530;71;533;304;832;447;591;966
1,7618,7690,1,1,0,12,1,59;102;24;215;530;72;534;305;832;462;592;967
1,7707,7952,1,1,0,9,3,13;126;498;445;216;765;422;503;702
1,7679,7765,1,1,0,10,3,41;154;526;11;473;244;793;422;531;702
1,7668,7743,1,1,0,11,2,9;52;165;530;22;484;255;804;446;542;702
1,7659,7910,1,1,0,11,6,18;61;174;530;31;493;262;813;446;551;926
1,7345,7403,1,0,0,16,1,20;147;332;215;375;183;99;297;488;66;830;345;688;486;1100;788
1,7347,7432,1,1,0,16,3,18;145;330;203;373;181;97;295;486;66;830;343;688;486;1100;786
1,7317,7531,1,0,0,16,8,48;175;360;243;403;211;127;325;516;98;857;373;688;486;1100;816
1,7331,7394,1,0,0,16,2,34;161;346;229;389;197;113;311;502;98;830;359;688;486;1100;802
0,7380,7442,1,2,0,15,0,112;297;180;340;148;64;229;453;66;825;310;676;486;861;753
0,7395,7448,1,2,0,15,0,97;282;165;325;133;49;229;438;51;810;295;676;486;861;738
1,7358,7446,1,2,0,16,2,7;134;319;202;362;170;86;284;475;66;830;332;676;486;1100;775
1,7372,7656,1,4,0,15,10,120;305;188;348;156;72;229;461;66;830;318;676;486;1100;761
1,7463,7536,1,0,0,13,1,29;214;97;257;65;179;370;532;227;676;460;861;670
1,7465,7532,1,0,0,13,1,27;212;95;255;63;177;368;532;225;656;458;861;668
1,7400,7469,1,1,0,15,3,92;277;160;320;128;44;229;433;46;805;290;676;486;861;733
1,7456,7719,1,0,0,13,8,36;221;104;264;72;186;377;749;234;676;467;861;677
1,7482,7534,1,0,0,13,2,10;195;78;238;46;160;351;532;208;644;383;861;651
1,7509,7561,1,0,0,12,1,168;51;211;19;119;324;532;181;643;383;861;624
0,7470,7522,1,1,0,13,0,22;207;90;250;58;172;363;532;220;644;453;861;663
1,7471,7559,1,1,0,13,2,21;206;89;249;57;171;362;532;219;644;452;861;662
1,4298,4515,1,1,0,11,4,403;394;87;25;192;458;405;522;633;494;698
1,4327,4607,1,0,1,10,7,374;365;58;163;458;377;493;633;494;693
1,4336,4584,1,1,0,10,5,365;356;49;154;451;368;484;633;494;684
1,4343,4412,1,1,0,10,2,358;349;42;147;444;361;477;633;494;677
1,4257,4344,1,1,0,11,2,444;420;128;66;233;530;405;563;633;494;763
1,4274,4361,1,0,0,11,1,427;418;111;49;216;513;405;546;633;494;698
1,4276,4543,1,1,0,11,5,425;398;109;47;214;511;405;544;633;494;698
1,4279,4357,1,1,0,11,2,422;398;106;44;211;486;405;541;633;494;698
1,4236,4440,1,1,0,11,2,6;465;456;149;87;254;551;468;563;633;538
1,4239,4488,1,0,0,11,5,3;462;453;146;84;251;548;465;563;633;534
1,4243,4497,1,1,0,10,5,458;449;142;80;247;544;461;563;633;494
1,4254,4482,1,0,0,10,4,447;438;131;69;236;533;405;563;633;494
1,4182,4244,1,0,0,10,2,60;519;510;203;141;308;584;522;581;855
1,4200,4483,1,0,0,10,9,42;501;492;185;123;290;557;504;581;837
1,4209,4284,1,1,0,10,2,33;492;483;176;114;281;557;495;581;633
1,4232,4496,1,0,0,11,6,10;469;460;153;91;258;555;472;563;633;747
1,4141,4377,1,0,0,9,7,101;558;535;244;182;349;590;563;679
1,4140,4368,1,0,0,9,5,102;558;535;245;183;350;647;564;680
1,4168,4234,1,0,0,9,2,74;533;524;217;155;322;584;536;617
1,4156,4245,1,0,0,9,2,86;545;535;229;167;334;590;548;617
1,4043,4128,1,0,0,7,1,53;199;558;649;342;280;447
1,4032,4249,1,0,0,7,2,64;210;558;660;353;291;458
1,4127,4189,1,0,0,8,1,115;558;565;258;196;363;660;577
0,4058,4108,1,0,0,8,0,38;184;558;634;327;265;393;729
1,3962,4029,1,1,0,8,1,65;134;61;280;558;686;423;361
1,3955,4157,1,0,0,8,3,72;141;68;287;579;686;430;368
1,3993,4285,1,1,0,8,3,34;103;30;249;558;686;392;330
0,3964,4014,1,0,0,8,0,63;132;46;278;558;686;421;359
1,3923,3996,1,0,0,7,2,104;173;100;319;579;686;462
1,3909,4166,1,0,0,7,3,118;187;114;332;792;686;476
1,3952,4031,1,0,0,8,2,75;144;71;290;579;686;433;371
1,3934,4012,1,0,0,7,2,93;162;89;294;579;686;451
1,4940,4995,1,0,0,20,3,97;39;80;528;202;283;499;394;287;521;552;188;681;504;671;607;660;460;487;609
1,4968,5189,1,1,0,21,15,69;11;52;500;174;255;471;366;259;488;524;160;681;476;661;607;660;432;459;581;681
1,4915,4973,1,0,0,19,2,122;64;105;553;227;308;524;419;312;546;577;213;681;529;687;607;660;485;512
1,4925,4977,1,0,0,19,5,112;54;95;543;217;298;514;409;302;536;567;203;681;519;687;607;660;475;502
1,4912,5165,1,0,1,19,15,125;67;108;556;230;311;527;422;315;549;580;216;743;532;687;607;794;488;515
1,4914,4982,1,1,0,19,6,123;65;106;554;228;309;525;420;313;547;578;214;741;530;687;607;660;486;513
1,4867,5129,1,0,0,18,9,170;112;153;601;275;356;572;467;360;594;625;261;788;577;762;826;821;533
1,4883,5123,1,0,0,19,11,154;96;137;585;259;340;556;451;344;578;609;245;772;561;687;810;821;517;544
1,4821,4894,1,0,0,18,4,216;158;199;647;321;402;618;513;406;627;671;307;788;623;808;872;885;579
1,4826,4909,1,0,0,18,3,211;153;194;642;316;397;613;508;401;627;666;302;788;618;803;867;821;574
1,4812,5014,1,0,0,18,7,8;225;167;208;656;330;411;627;522;415;649;680;316;818;632;817;881;894
1,4817,4890,1,1,0,19,5,3;220;162;203;651;325;406;622;517;410;627;675;311;818;627;812;876;889;583
1,4711,4777,1,0,0,18,4,76;109;326;268;309;757;431;512;728;623;516;747;781;417;944;733;918;982
1,4738,5005,1,0,0,18,13,49;82;299;241;282;730;404;485;701;596;489;723;754;390;917;706;891;941
1,4666,4922,1,0,0,18,14,35;26;121;38;154;371;313;354;802;476;557;773;668;561;795;811;462;989
1,4674,4760,1,0,0,19,4,27;18;113;30;146;363;305;346;794;468;549;765;660;553;787;811;454;981;770
1,4659,4710,1,1,0,18,5,42;33;128;45;161;378;320;361;809;483;564;780;675;568;802;830;469;996
1,4621,4674,1,0,0,17,5,80;71;166;83;199;392;358;399;825;521;602;805;690;606;840;871;507
1,4614,4680,1,0,0,16,4,87;78;173;90;206;392;365;406;825;528;609;825;690;613;847;878
1,4592,4660,1,0,0,15,4,109;100;195;112;228;392;387;428;849;550;631;847;690;635;869
1,4566,4647,1,1,0,13,3,135;126;221;138;254;392;413;454;849;576;657;873;768
1,4566,4651,1,1,0,13,2,135;126;221;138;254;392;413;430;849;576;657;873;768
1,4498,4550,1,0,0,12,4,203;194;289;206;322;392;481;522;849;644;691;941
1,4492,4577,1,0,0,12,3,209;200;295;212;328;392;487;528;849;650;691;947
1,4485,4536,1,0,0,13,2,216;207;5;302;219;335;392;494;535;849;657;703;954
1,4462,4536,1,1,0,12,2,239;230;28;325;242;358;392;494;543;849;664;761
1,4444,4711,1,1,0,11,6,257;248;46;343;260;376;392;494;576;849;664
1,4440,4712,1,0,0,11,7,261;252;50;347;264;380;392;494;580;849;674
1,4431,4482,1,0,0,11,2,270;261;59;356;273;389;392;494;582;849;711
1,4427,4692,1,0,0,11,9,274;265;63;360;277;393;392;494;582;1041;715
1,4412,4496,1,1,0,9,3,289;280;78;375;292;408;392;494;608
1,4402,4659,1,0,0,9,6,299;290;88;385;302;418;633;494;618
1,5288,5360,1,0,0,20,5,180;151;46;173;204;367;156;341;405;418;112;139;261;361;569;615;655;532;439;698
1,5305,5380,1,0,0,20,5,163;134;29;156;187;350;139;324;388;401;95;122;244;344;552;598;654;515;422;698
1,5310,5570,1,1,0,20,8,158;129;24;151;182;345;134;319;383;396;90;117;239;339;547;593;651;510;417;698
1,5325,5397,1,0,0,20,3,143;114;9;136;167;330;119;304;368;381;75;102;224;324;532;578;651;424;402;698
1,5327,5416,1,0,0,20,5,141;112;7;134;165;328;117;302;366;379;73;100;222;322;530;576;651;395;400;698
1,5339,5609,1,0,0,19,11,129;100;122;153;316;105;290;354;367;61;88;210;310;518;564;620;395;388;698
0,5346,5408,1,1,0,19,0,122;93;115;146;309;98;283;347;360;54;81;203;303;511;419;620;395;381;698
1,5378,5582,1,0,0,19,6,90;61;83;114;277;66;251;315;328;22;49;171;271;479;419;600;395;349;698
1,5205,5256,1,0,0,20,2,263;18;234;129;22;256;287;417;239;424;488;501;195;222;344;444;628;698;773;615
1,5206,5284,1,1,0,20,4,262;17;233;128;21;255;246;417;238;423;487;500;194;221;343;443;628;697;772;614
1,5217,5288,1,1,0,20,4,251;6;222;117;10;244;246;417;227;412;476;489;183;210;332;432;628;686;723;603
1,5225,5292,1,0,0,19,4,243;214;109;2;236;246;417;219;404;468;481;175;202;324;424;611;678;723;595
1,5236,5310,1,0,0,19,3,232;203;98;225;246;417;208;393;457;470;164;191;313;413;611;667;692;584;491
1,5241,5330,1,1,0,19,3,227;198;93;220;246;414;203;388;452;465;159;186;308;408;611;662;692;579;455
1,5252,5454,1,0,0,20,8,216;187;82;209;240;403;192;377;441;454;148;175;297;397;605;651;692;568;441;856
1,5276,5347,1,0,0,20,5,192;163;58;185;216;379;168;353;417;430;124;151;273;373;581;627;692;544;441;698
1,5076,5295,1,0,0,19,11,392;66;147;363;258;151;385;416;52;567;368;553;595;513;324;351;452;573;781
1,5074,5282,1,0,0,19,7,394;68;149;365;260;153;387;418;54;567;370;555;595;533;326;353;452;575;783
1,5137,5200,1,1,0,19,4,331;5;86;302;197;90;324;355;518;307;492;556;513;263;290;412;512;630;766
1,5102,5172,1,0,0,19,3,366;40;121;337;232;125;359;390;26;553;342;527;591;513;298;325;447;547;630
1,5148,5231,1,0,0,18,2,320;75;291;186;79;313;344;507;296;481;537;513;252;279;401;501;628;755
1,5141,5227,1,1,0,19,5,327;1;82;298;193;86;320;351;514;303;488;537;513;259;286;408;508;630;762
1,5190,5240,1,0,0,20,2,278;33;249;144;37;271;302;465;254;439;503;501;210;237;359;459;628;713;788;630
1,5151,5201,1,0,0,18,4,317;72;288;183;76;310;341;504;293;478;537;501;249;276;398;498;628;752
1,5001,5209,1,1,0,20,9,36;19;467;141;222;438;333;226;460;491;127;631;443;618;607;660;399;426;548;648
1,4998,5060,1,0,0,20,5,39;22;470;144;225;441;336;229;463;494;130;631;446;631;607;660;402;429;551;651
1,5022,5103,1,0,0,19,4,15;446;120;201;417;312;205;439;470;106;631;422;607;607;533;378;405;527;627
1,5004,5086,1,0,0,20,5,33;16;464;138;219;435;330;223;457;488;124;631;440;618;607;533;396;423;545;645
1,5033,5122,1,1,0,20,5,4;435;109;190;406;301;194;428;459;95;622;411;592;599;533;367;394;516;616;824
1,5024,5112,1,0,0,19,4,13;444;118;199;415;310;203;437;468;104;631;420;605;599;533;376;403;525;625
1,5061,5136,1,0,0,19,4,407;81;162;378;273;166;400;431;67;567;383;568;599;533;339;366;452;588;796
1,5035,5309,1,1,0,20,13,2;433;107;188;404;299;192;426;457;93;567;409;592;599;533;365;392;514;614;822
1,5721,5798,1,0,0,14,4,136;182;257;99;6;387;311;472;526;701;409;613;913;1156
1,5748,5798,1,0,0,13,4,109;155;230;72;360;284;445;499;674;382;586;886;1129
1,5698,5764,1,0,0,15,4,8;159;205;280;122;29;410;334;495;528;724;432;636;936;1171
0,5699,5781,1,0,0,15,0,7;158;204;279;121;28;409;333;494;528;704;431;635;935;1171
1,5791,6007,1,1,0,13,3,66;112;187;29;317;241;402;456;631;339;543;667;850
1,5792,5858,1,0,0,13,2,65;111;186;28;316;220;401;455;630;338;542;667;850
1,5763,5992,1,0,0,13,6,94;140;215;57;345;269;430;484;648;367;571;871;1114
1,5764,6032,1,0,0,13,4,93;139;214;56;344;268;429;483;648;366;570;667;1113
1,5592,5670,1,0,0,14,2,63;37;101;114;57;265;311;386;228;135;416;432;596;528
1,5631,5719,1,1,0,16,2,24;62;75;18;226;272;347;189;96;416;401;562;528;791;499;703
1,5582,5668,1,0,0,14,3,73;47;111;124;67;275;321;396;238;145;416;450;611;528
1,5583,5644,1,0,0,14,3,72;46;110;123;66;274;320;395;237;144;416;449;596;528
0,5683,5757,1,0,0,16,0,10;23;174;220;295;137;44;416;349;497;528;739;447;651;951;1171
0,5687,5775,1,1,0,16,0,6;19;170;216;291;133;40;416;345;497;528;735;443;647;947;1171
1,5664,5720,1,1,0,16,4,29;42;193;239;314;156;63;416;368;529;528;758;466;670;970;1213
1,5676,5743,1,1,0,16,3,17;30;181;227;302;144;51;416;356;517;528;746;454;658;958;1171
1,5499,5552,1,0,0,15,2,156;130;194;207;50;150;354;404;479;321;228;416;475;694;748
1,5499,5569,1,0,0,15,1,156;130;194;207;50;150;333;404;479;321;228;416;475;694;748
1,5476,5528,1,0,0,16,2,16;179;153;217;230;73;173;381;419;502;328;251;416;475;717;771
1,5456,5709,1,0,0,16,7,12;5;36;199;173;234;250;93;193;401;419;522;328;271;652;475
1,5566,5642,1,0,0,14,2,89;63;127;140;83;291;337;412;254;161;416;466;618;528
1,5563,5801,1,0,0,14,4,92;66;130;143;86;294;340;415;257;164;416;469;618;684
1,5526,5598,1,1,0,15,3,129;103;152;180;23;123;331;377;452;294;201;416;475;667;721
1,5500,5577,1,1,0,15,1,155;129;155;206;49;149;333;403;478;320;227;416;475;693;747
1,5404,5637,1,0,0,18,7,64;35;57;88;251;40;225;289;302;23;145;245;453;419;557;328;323;698
1,5403,5614,1,1,0,18,7,65;36;58;89;252;41;226;290;303;24;146;246;454;419;575;328;324;698
1,5390,5442,1,0,0,19,3,78;49;71;102;265;54;239;299;316;10;37;159;259;467;419;588;395;337;698
1,5384,5435,1,1,0,19,2,84;55;77;108;271;60;245;309;322;16;43;165;265;473;419;594;395;343;698
1,5448,5529,1,1,0,16,1,20;13;44;207;181;244;258;101;201;409;419;529;328;279;660;475
1,5435,5700,1,0,0,18,9,33;4;26;57;220;9;194;244;271;114;214;422;419;529;328;292;673;597
1,5431,5486,1,1,0,17,1,37;8;30;61;224;13;198;262;275;118;218;426;419;529;328;296;677
1,5418,5470,1,1,0,18,4,50;21;43;74;237;26;211;275;288;9;131;231;439;419;535;328;309;690
1,10169,10462,1,0,0,14,10,163;136;392;205;185;309;377;354;451;439;643;498;302;594
1,10174,10447,1,0,0,14,8,158;131;387;200;180;304;372;349;446;434;523;498;297;589
1,10064,10144,1,0,0,16,3,91;38;268;11;241;497;310;290;414;482;422;556;497;748;498;407
1,10076,10138,1,0,0,16,2,79;26;256;229;485;298;278;402;470;422;544;497;736;498;395;687
1,10054,10142,1,1,0,16,3,101;48;278;21;251;507;320;300;424;492;422;566;554;758;498;417
1,10055,10141,1,0,0,16,4,100;47;277;20;250;506;319;299;423;491;422;565;497;757;498;416
1,10030,10256,1,0,0,16,7,125;72;302;45;275;531;344;324;448;516;493;590;578;782;697;441
1,10039,10102,1,0,0,16,2,116;63;293;36;266;522;335;315;439;507;484;581;569;773;498;432
1,10261,10538,1,1,0,17,9,71;44;300;113;93;202;285;262;359;347;509;473;210;423;685;561;197
1,10262,10536,1,1,1,17,10,70;43;299;112;92;202;284;261;358;346;509;473;209;423;685;380;196
1,10249,10304,1,0,0,16,1,83;56;312;125;105;229;297;274;371;359;509;473;222;514;685;573
1,10260,10343,1,0,0,17,3,72;45;301;114;94;202;286;263;360;348;509;473;211;503;685;562;198
1,10245,10327,1,1,0,16,5,87;60;316;129;109;233;301;278;375;363;509;473;226;518;862;577
1,10246,10451,1,0,0,16,8,86;59;315;128;108;232;300;277;374;362;509;473;225;517;811;576
1,10175,10231,1,0,0,14,2,157;130;386;199;179;303;371;348;445;433;523;473;296;588
1,10185,10256,1,0,0,16,2,147;120;376;189;169;293;361;338;435;423;509;473;286;578;922;637
1,10387,10437,1,0,0,14,2,174;91;159;136;233;221;419;349;84;376;676;380;71;472
1,10387,10464,1,0,0,14,3,174;91;159;136;233;221;419;316;84;376;676;380;71;472
1,10383,10444,1,0,0,14,3,178;95;163;140;237;225;429;349;88;380;676;380;75;476
1,10369,10660,1,1,0,15,6,192;5;109;177;154;251;239;443;368;102;394;676;380;89;490
1,10358,10588,1,1,0,15,8,203;16;120;188;165;262;250;454;379;113;405;685;380;100;501
1,10355,10612,1,1,0,15,5,206;19;123;191;168;265;253;457;382;116;408;685;380;103;504
1,10322,10378,1,0,0,17,2,10;239;52;32;156;224;201;298;286;490;415;149;423;685;380;136;537
1,10293,10366,1,0,0,18,2,39;12;268;81;61;185;253;230;327;315;493;444;178;423;685;380;165;566
1,10550,10827,1,0,0,14,7,11;70;58;262;187;213;557;272;309;589;22;711;828;859
1,10548,10809,1,0,0,14,8,13;72;60;264;189;215;559;274;311;589;24;868;830;861
1,10540,10609,1,0,0,15,2,21;6;80;68;272;197;223;567;280;319;607;32;876;838;869
1,10530,10591,1,0,0,15,2,31;16;90;78;282;207;233;577;292;329;607;42;886;848;879
1,10456,10741,1,1,0,17,7,105;22;90;67;164;152;356;281;15;307;651;366;2;403;713;116;960
1,10432,10715,1,1,0,14,9,129;46;114;91;188;176;358;305;39;331;673;374;26;427
1,10406,10475,1,1,0,14,3,155;72;140;117;214;202;406;316;65;357;673;374;52;453
1,10399,10468,1,1,0,14,4,162;79;147;124;221;209;413;316;72;364;676;374;59;460
1,10680,10766,1,0,0,11,2,132;57;83;409;142;179;489;711;698;729;713
1,10687,10911,1,0,0,11,3,125;50;76;409;135;172;482;711;691;722;651
0,10692,10750,1,0,0,11,0,120;45;71;409;130;167;477;621;686;717;651
1,10696,10763,1,0,0,11,1,116;41;67;409;126;163;473;621;682;713;651
1,10573,10629,1,0,0,12,2,47;35;239;164;190;534;249;286;589;711;805;775
1,10606,10667,1,0,0,12,2,14;2;206;131;157;501;216;253;563;711;772;775
1,10627,10706,1,0,0,11,2,185;110;136;457;195;232;542;711;751;775;766
0,10653,10712,1,1,0,11,0,159;84;110;409;169;206;516;711;725;756;740
1,10778,10844,1,0,0,9,1,34;329;44;81;391;522;600;629;615
1,10801,10857,1,0,0,10,2,11;306;21;58;368;522;577;608;592;682
1,10804,10883,1,0,0,10,2,8;303;18;55;365;522;574;593;589;679
0,10806,10886,1,0,0,10,0,6;301;16;53;363;522;572;550;587;677
1,10728,10797,1,1,0,11,3,84;9;35;379;79;131;441;621;650;681;651
1,10734,10963,1,0,0,11,5,78;3;29;373;79;125;435;522;644;675;651
0,10752,10839,1,1,0,10,0,60;11;355;70;107;417;522;626;657;641
1,10761,10822,1,0,0,10,2,51;2;346;61;98;408;522;617;648;632
1,10978,11050,1,1,0,12,4,129;191;438;400;431;415;505;856;897;338;628;542
1,10938,11195,1,0,0,11,9,169;231;478;440;471;455;545;899;937;378;668
1,11001,11073,1,0,0,12,3,106;168;415;377;408;392;482;836;874;315;605;519
1,11000,11079,1,0,0,12,4,107;169;416;378;409;393;483;837;875;316;606;520
0,10830,10886,1,1,0,8,0,277;29;339;522;548;550;563;653
0,10827,10885,1,0,0,8,0,280;32;342;522;551;550;566;656
0,10921,10973,1,0,0,10,0,186;248;495;457;488;472;562;916;954;395
1,10849,11110,1,0,0,8,4,258;10;320;522;529;550;544;634
1,11091,11164,1,1,0,14,3,16;78;325;287;318;302;392;746;784;225;515;429;526;599
1,11072,11361,1,0,0,14,11,35;97;344;306;337;321;411;765;803;244;534;448;754;618
1,11159,11429,1,0,0,14,12,10;257;219;250;234;324;678;716;157;447;361;526;531;1184
1,11111,11162,1,0,0,13,1,58;305;267;298;282;372;726;738;205;495;409;526;579
1,11019,11101,1,0,0,13,1,88;150;397;359;390;374;464;813;819;297;587;501;807
1,11009,11065,1,0,1,13,3,98;160;407;369;400;384;474;828;819;307;597;511;817
1,11052,11105,1,0,0,14,1,55;117;348;326;357;341;431;785;819;264;554;468;774;638
1,11031,11115,1,1,0,14,4,76;138;348;347;378;362;452;806;819;285;575;489;795;659
1,11225,11451,1,1,0,14,6,191;153;184;168;258;586;612;91;381;295;526;465;1004;860
1,11272,11344,1,0,0,15,2,144;106;137;121;211;417;603;44;334;248;526;418;1004;813;791
1,11220,11298,1,0,0,14,2,196;158;189;173;263;617;655;96;386;300;526;470;1004;865
1,11222,11289,1,0,1,14,4,194;156;187;171;261;615;612;94;384;298;526;468;1004;863
1,11293,11345,1,0,0,15,2,116;85;116;100;190;417;582;23;313;227;526;397;1004;792;661
1,11339,11412,1,0,0,14,1,77;39;70;54;144;417;536;267;181;487;351;1004;746;661
1,11278,11356,1,0,0,15,1,138;100;131;115;205;417;597;38;328;242;526;412;1004;807;785
1,11281,11482,1,1,0,15,4,116;97;128;112;202;417;594;35;325;239;526;409;1004;804;782
1,11349,11598,1,0,0,15,6,67;29;60;44;134;417;526;257;171;436;341;981;736;645;694
1,11358,11575,1,1,0,15,6,58;20;51;35;125;417;517;248;162;436;332;968;727;645;685
1,11345,11430,1,0,0,14,2,71;33;64;48;138;417;530;261;175;436;345;998;740;661
1,11346,11552,1,1,0,14,5,70;32;63;47;137;417;529;260;174;436;344;997;739;645
1,11412,11476,1,0,0,12,1,4;71;417;463;174;108;414;278;931;673;645;631
1,11452,11744,1,0,0,11,6,31;385;423;154;68;374;238;891;633;611;591
1,11383,11451,1,0,0,14,3,33;26;10;100;417;492;223;137;436;307;936;702;645;660
1,11394,11472,1,1,0,13,2,22;15;89;417;481;198;126;432;296;936;691;645;649
0,11508,11582,1,0,0,11,0,329;367;98;12;318;182;831;577;555;535;664
1,11506,11737,1,0,0,11,4,331;369;100;14;320;184;831;579;557;537;727
1,11503,11592,1,0,0,11,3,334;372;103;17;323;187;840;582;560;540;730
0,11459,11513,1,0,0,11,0,24;378;416;147;61;367;231;872;626;604;584
1,11512,11601,1,0,0,11,1,325;338;94;8;314;178;712;573;551;531;664
1,11511,11582,1,1,0,11,2,326;364;95;9;315;179;719;574;552;532;664
1,11511,11561,1,0,0,11,1,326;364;95;9;315;179;712;574;552;532;664
1,11508,11747,1,0,0,11,7,329;367;98;12;318;182;831;577;555;535;664
1,11605,11680,1,0,0,11,3,232;270;1;221;85;712;480;458;438;628;893
1,11573,11835,1,0,0,11,5,264;302;33;253;114;712;512;490;470;660;925
1,11541,11619,1,0,1,10,3,296;334;54;285;114;712;544;522;502;664
1,11538,11612,1,0,0,10,1,299;337;68;288;114;712;547;525;505;664
1,11719,11973,1,1,0,11,5,118;156;107;624;366;344;324;514;779;673;448
1,11683,11904,1,0,0,12,5,154;192;143;7;660;402;380;360;550;815;776;484
1,11683,11739,1,0,0,12,3,154;192;143;7;660;402;380;360;550;815;673;484
1,11644,11695,1,0,0,12,2,193;231;182;46;699;441;419;399;589;854;815;523
0,11720,11803,1,0,0,11,0,117;155;106;623;365;343;323;513;778;535;447
1,11726,11776,1,0,0,11,2,111;149;100;617;359;337;317;507;772;535;441
0,11726,11812,1,0,0,11,0,111;149;100;617;359;306;317;507;772;535;441
1,11737,11826,1,0,0,11,2,100;138;89;606;348;306;306;496;761;535;430
1,11748,11798,1,1,0,11,3,89;127;78;595;337;306;295;485;750;535;407
0,11759,11825,1,0,0,11,0,78;116;67;584;326;268;284;474;739;535;407
1,11760,11820,1,0,0,11,1,77;115;66;583;325;268;283;473;738;535;407
1,11767,11838,1,0,0,11,4,70;108;59;576;318;268;276;451;731;535;400
1,11806,11868,1,0,0,11,3,31;69;20;537;279;257;237;427;692;499;361
1,11831,12089,1,0,0,10,6,6;44;512;254;232;212;402;667;499;336
0,11840,11924,1,1,0,9,0,35;503;245;223;203;393;658;472;327
1,11842,11905,1,0,0,9,2,33;501;243;221;201;391;656;472;325
1,11848,11927,1,0,0,9,1,27;495;237;215;195;385;650;472;313
1,11855,11925,1,0,0,9,1,20;488;230;161;188;378;643;472;312
1,11873,11947,1,0,0,9,1,2;470;212;161;170;360;625;472;285
0,11891,11955,1,0,0,8,0,452;194;161;102;342;607;472;276
1,11953,12005,1,0,0,9,2,390;132;110;90;280;545;466;214;810
1,11945,11996,1,0,0,9,2,398;140;118;98;288;553;472;222;818
0,11977,12039,1,0,0,10,0,366;108;86;66;256;521;463;190;586;556
1,11968,12196,1,0,0,9,4,375;117;95;75;265;530;463;199;795
1,11992,12055,1,0,0,11,2,351;93;71;51;241;506;463;154;586;541;915
1,11986,12066,1,0,0,10,1,357;99;77;57;247;512;463;181;586;547
1,12007,12058,1,1,0,11,1,336;78;56;36;226;491;452;154;586;526;811
1,11999,12233,1,0,0,11,6,344;86;64;44;234;499;460;154;586;534;907
0,12043,12096,1,0,0,12,0,300;42;20;0;190;355;416;124;586;490;811;681
1,12019,12225,1,0,0,11,4,324;66;44;24;214;479;440;127;586;514;811
1,12071,12121,1,0,0,10,1,272;14;162;355;388;96;586;462;724;653
1,12063,12341,1,0,0,11,6,280;22;0;170;355;396;104;586;470;811;661
1,12084,12156,1,1,0,10,1,259;1;149;327;375;83;586;449;724;632
1,12081,12347,1,1,0,10,3,262;4;152;355;378;86;586;452;724;632
1,12094,12178,1,0,0,9,1,249;139;327;365;69;586;439;716;630
1,12085,12358,1,1,1,10,6,258;0;148;327;374;69;586;448;724;632
1,8082,8160,1,0,0,13,3,123;70;384;51;128;442;432;439;404;547;579;685;662
1,8050,8111,1,0,0,12,3,155;102;422;83;160;442;464;471;436;547;611;692
1,8041,8112,1,0,0,12,2,164;111;431;92;169;442;473;480;445;547;620;726
1,7992,8049,1,0,0,10,1,213;160;480;129;218;442;487;529;494;547
1,7979,8042,1,1,0,10,1,226;173;493;129;231;442;526;542;507;547
1,7958,8025,1,1,0,10,1,247;194;514;129;252;442;556;563;528;547
1,7945,8150,1,0,0,10,3,260;207;527;129;265;442;569;576;541;732
1,7929,8009,1,0,0,10,1,276;223;543;180;281;442;585;592;557;748
1,7922,8157,1,1,0,11,4,283;230;1;550;180;288;663;592;599;564;755
1,7913,7965,1,0,0,11,1,292;239;10;559;208;297;672;601;608;573;764
1,7886,7939,1,0,0,9,1,319;266;37;582;247;324;699;628;635
1,7867,7920,1,0,0,9,3,338;285;56;605;266;343;702;647;654
1,7778,7851,1,0,0,10,2,55;427;374;145;694;355;432;702;736;743
1,7735,7792,1,1,0,8,1,98;431;417;188;737;398;475;702
1,7730,7970,1,1,0,8,3,103;472;422;193;742;403;480;702
1,7722,7930,1,0,0,8,3,111;483;430;201;747;411;488;702
1,8350,8617,1,0,0,14,8,122;235;164;171;136;327;311;417;394;235;823;390;461;830
1,8354,8583,1,0,0,14,5,118;231;160;167;132;323;307;413;390;235;809;390;461;826
1,8341,8421,1,0,0,13,3,131;244;173;180;145;336;320;419;403;235;956;390;510
1,8343,8554,1,0,0,13,6,129;242;171;178;143;334;318;419;401;235;954;390;461
1,8277,8354,1,0,0,12,2,195;308;237;244;209;400;384;419;467;344;990;390
1,8340,8409,1,0,0,13,2,132;245;174;181;146;337;321;419;404;281;957;390;511
1,8232,8521,1,1,0,12,10,240;353;282;289;254;445;429;419;512;387;1065;601
1,8243,8447,1,0,0,12,5,229;342;271;278;243;434;418;419;501;378;990;590
1,8193,8245,1,0,0,12,3,12;279;17;392;321;328;293;484;468;419;551;428
1,8195,8261,1,0,0,13,2,10;277;15;390;319;326;291;482;466;419;522;426;1102
1,8178,8260,1,1,0,12,3,27;294;32;407;336;343;308;499;483;583;566;438
1,8186,8386,1,1,0,12,5,19;286;24;399;328;335;300;491;475;561;558;435
1,8145,8203,1,0,0,13,1,60;7;327;65;440;369;368;341;532;516;622;599;474
1,8164,8414,1,1,0,12,4,41;308;46;421;350;357;322;513;497;603;580;438
1,8088,8164,1,0,0,14,2,117;64;384;45;122;442;426;368;398;547;573;679;656;533
0,8112,8175,1,1,0,14,0,93;40;360;21;98;442;402;368;374;547;549;655;632;474
1,8578,8653,1,1,0,13,5,7;99;83;189;166;43;696;255;273;591;671;621;766
1,8574,8652,1,0,0,13,2,11;103;87;193;170;47;696;259;277;606;671;621;770
1,8691,8778,1,0,0,11,2,76;53;606;142;160;489;570;575;653;720;571
1,8588,8672,1,1,0,12,2,89;73;179;156;33;696;245;263;591;658;621;756
1,8552,8605,1,1,0,13,3,33;125;109;215;192;69;745;281;299;628;709;714;776
1,8548,8606,1,0,0,13,2,37;129;113;219;196;73;749;285;303;632;713;718;796
1,8569,8654,1,0,0,13,2,16;108;92;198;175;52;696;264;282;611;671;697;775
1,8555,8625,1,0,0,13,4,30;122;106;212;189;66;696;278;296;625;706;711;776
1,8482,8567,1,0,0,15,5,103;32;39;4;195;179;285;262;139;797;351;369;690;779;784
1,8458,8546,1,0,0,15,3,14;127;56;63;28;219;203;309;286;156;797;375;393;722;803
1,8504,8564,1,0,0,14,5,81;10;17;173;157;263;240;117;768;329;347;657;757;762
1,8493,8547,1,0,0,14,3,92;21;28;184;168;274;251;128;768;340;358;687;768;773
0,8411,8470,1,0,0,15,0,61;174;103;110;75;266;250;339;333;210;809;390;440;734;850
1,8403,8459,1,0,0,15,2,69;182;111;118;83;274;258;364;341;218;809;390;448;734;858
1,8457,8519,1,0,1,15,2,15;128;57;64;29;220;204;310;287;164;797;376;394;723;804
1,8452,8524,1,0,0,15,5,20;133;62;69;34;225;209;315;292;169;809;381;399;728;809
1,8936,9021,1,0,0,12,2,361;244;325;330;408;469;326;736;353;478;542;696
1,8948,9001,1,0,0,12,2,349;232;313;318;396;463;314;724;341;466;474;684
1,8977,9059,1,0,0,12,2,316;203;284;289;367;434;285;695;312;437;474;655
1,8977,9181,1,0,0,12,6,280;203;284;289;367;434;285;695;312;437;474;655
1,8841,8893,1,0,0,10,1,456;10;339;420;425;503;469;421;831;448
1,8870,8942,1,0,0,9,1,427;310;391;396;474;469;392;802;419
1,8909,8986,1,0,0,10,1,388;271;352;357;435;469;353;763;380;505
1,8932,8986,1,0,0,11,2,365;248;329;333;412;469;330;740;357;482;546
1,8760,8818,1,1,0,11,1,7;537;73;91;419;501;506;584;469;502;912
1,8768,8833,1,1,0,10,1,529;65;83;412;493;479;576;469;494;904
1,8769,9054,1,1,0,10,5,528;64;82;411;492;471;575;469;493;903
1,8812,8870,1,0,0,10,1,485;21;39;368;449;454;532;469;450;860
1,8692,8956,1,0,0,11,7,75;52;605;141;159;487;569;574;652;719;570
1,8700,8787,1,1,0,11,4,67;44;597;133;151;480;561;566;644;469;562
1,8708,8784,1,0,0,12,2,59;36;558;125;143;472;553;558;636;469;554;964
1,8732,8785,1,0,0,12,2,35;12;558;101;119;448;529;534;612;469;530;940
1,9209,9284,1,0,0,18,2,88;52;57;135;202;53;463;80;205;269;423;567;808;545;935;668;769;622
1,9187,9265,1,0,0,18,3,110;74;79;157;224;75;485;102;227;291;445;589;833;567;935;690;791;644
1,9158,9221,1,0,0,18,3,139;22;103;108;186;253;104;514;131;256;320;474;605;862;590;997;719;820
1,9143,9229,1,0,0,18,4,154;37;118;123;201;268;119;529;146;271;335;489;605;871;590;1012;734;835
1,9334,9562,1,0,0,16,4,10;77;338;80;144;298;442;686;420;821;543;644;497;557;397;768
1,9235,9316,1,0,0,19,1,62;26;31;109;176;27;432;54;179;243;397;541;746;519;920;642;743;596;656
1,9230,9471,1,0,0,19,8,67;31;36;114;181;32;432;59;184;248;402;546;790;524;925;647;748;601;661
1,9220,9284,1,0,0,18,3,77;41;46;124;191;42;432;69;194;258;412;556;800;534;935;657;758;611
1,9025,9114,1,1,0,13,2,272;155;236;241;319;386;237;647;264;389;453;538;751
1,8992,9079,1,0,0,12,1,280;188;269;274;352;419;270;680;297;422;474;538
1,8985,9069,1,1,0,12,2,280;195;276;281;359;426;277;687;304;429;474;587
1,8983,9230,1,1,0,12,7,280;197;278;283;361;428;279;689;306;431;474;587
1,9114,9191,1,0,0,15,3,183;66;147;152;230;297;148;558;175;300;364;518;605;871;611
1,9111,9170,1,0,0,15,2,186;69;150;155;233;300;151;561;178;303;367;521;605;909;611
1,9099,9182,1,0,0,15,2,198;81;162;167;245;312;163;573;190;315;379;533;677;921;611
1,9098,9154,1,1,0,15,3,199;82;163;168;246;313;164;574;191;316;380;534;678;922;656
1,9495,9736,1,0,0,17,10,177;137;281;519;259;660;382;483;336;396;236;607;837;580;342;448;772
1,9507,9804,1,1,0,17,10,165;125;269;513;247;648;370;471;324;384;224;595;825;568;330;436;729
1,9467,9525,1,0,0,18,2,205;11;165;309;553;287;672;410;511;364;424;264;635;865;608;370;476;838
1,9481,9764,1,1,0,17,10,191;151;295;519;273;672;396;497;350;410;250;621;851;594;356;462;824
0,9549,9607,1,0,0,17,0,123;83;227;471;205;606;328;429;282;342;182;553;609;526;288;394;728
1,9566,9617,1,0,0,17,4,106;66;210;454;188;589;311;412;265;325;165;536;609;509;271;377;728
1,9529,9579,1,0,0,17,1,143;103;247;491;225;626;348;449;302;362;202;573;803;546;308;414;728
1,9539,9756,1,1,0,17,10,133;93;235;481;215;616;338;439;292;352;192;563;793;536;298;404;728
0,9371,9443,1,0,0,16,0,40;301;43;107;261;405;625;383;784;506;607;460;520;360;723;961
1,9380,9468,1,0,0,16,4,31;292;34;98;252;396;625;374;775;497;598;451;511;351;722;952
1,9349,9438,1,0,0,15,6,62;323;65;129;283;427;671;405;793;528;629;482;542;382;753
1,9363,9435,1,0,0,16,3,48;309;51;115;269;413;657;391;792;514;615;468;528;368;723;969
1,9427,9511,1,0,0,17,1,245;51;205;349;593;327;728;450;551;404;464;304;648;905;648;410;516
1,9451,9511,1,0,0,17,3,206;27;181;325;569;303;704;426;527;380;440;280;648;881;624;386;492
1,9380,9612,1,0,0,16,4,31;292;34;98;252;396;625;374;775;497;598;451;511;351;648;952
0,9406,9459,1,1,0,19,0,5;266;8;72;226;370;614;348;749;471;572;425;485;325;648;926;669;431;537
1,9729,9781,1,1,0,19,4,47;291;25;426;148;249;102;162;2;373;603;346;108;214;526;757;645;625;749
1,9725,9811,1,1,0,19,5,51;295;29;426;152;253;106;166;6;377;607;350;112;218;526;763;649;629;753
1,9734,9814,1,7,0,18,1,42;286;20;421;143;244;97;157;368;598;341;103;209;526;757;640;620;715
1,9729,10024,1,4,0,19,10,47;291;25;426;148;249;102;162;2;373;603;346;108;214;526;757;645;625;715
1,9760,10025,1,3,1,18,11,16;260;395;117;218;71;131;342;572;315;77;183;526;757;614;594;715;728
1,9741,9829,1,6,0,19,5,35;279;13;414;136;237;90;150;361;591;334;96;196;526;757;633;613;715;805
1,9781,9866,1,0,0,18,4,239;374;96;197;50;110;321;551;294;56;162;524;757;593;573;697;708;742
1,9779,9843,1,0,0,18,4,241;376;98;199;52;112;323;552;296;58;164;526;757;595;575;699;728;744
1,9648,9707,1,0,0,17,3,24;128;372;106;507;229;330;183;243;83;454;609;427;189;295;657;913
0,9573,9632,1,1,0,17,0,99;59;203;447;181;582;304;405;258;318;158;524;609;502;264;370;728
1,9680,9747,1,0,0,17,4,96;340;74;426;197;298;151;211;51;422;609;395;157;263;625;881;694
1,9673,9749,1,0,0,17,3,103;347;81;461;204;305;158;218;58;429;609;402;164;270;632;888;701
1,9704,9782,1,0,0,18,5,72;316;50;426;173;274;127;187;27;398;609;371;133;239;601;794;670;650
1,9690,9977,1,1,0,17,10,86;330;64;426;187;288;141;201;41;406;609;385;147;253;615;871;684
1,9724,9782,1,1,0,19,1,52;296;30;426;153;254;107;167;7;378;608;351;113;219;581;763;650;630;754
1,9723,9800,1,1,0,19,5,53;297;31;426;154;255;108;168;8;379;609;352;114;220;582;787;651;631;755
1,9883,9962,1,0,0,17,4,137;272;95;8;219;449;192;60;416;657;491;471;587;576;640;628;725
1,9894,10146,1,0,1,17,9,126;261;84;208;438;181;49;411;636;480;460;584;576;629;628;714;918
1,9932,10003,1,0,0,18,3,88;223;46;170;400;143;11;373;629;442;422;546;576;591;628;676;880;805
1,9943,10167,1,0,0,19,10,77;212;35;159;389;132;0;362;618;431;411;535;576;580;628;665;869;794;528
1,9978,10051,1,1,0,18,3,42;177;0;124;354;97;327;583;396;376;500;568;545;628;630;834;740;493
1,9988,10045,1,0,0,17,4,32;167;114;344;87;317;573;386;366;490;558;535;628;620;824;740;483
1,9993,10289,1,1,0,17,11,27;162;109;339;82;312;568;381;361;485;553;530;627;615;819;697;478
1,10009,10064,1,0,0,17,1,11;146;93;323;66;296;552;365;345;469;537;514;611;599;803;697;462
1,9791,10076,1,0,0,18,7,229;364;86;187;40;100;311;541;284;46;152;514;757;583;563;687;708;732
1,9798,10073,1,0,1,19,11,222;357;79;180;33;93;304;534;277;39;145;507;757;576;556;680;576;725;822
1,9814,9903,1,0,0,19,4,206;341;63;164;17;77;288;518;261;23;129;491;725;560;540;664;576;709;806
1,9840,9896,1,0,0,18,1,180;315;37;138;51;262;492;235;103;465;697;534;514;638;576;683;780;768
1,9852,10089,1,0,1,18,9,168;303;25;126;39;250;480;223;91;416;697;522;502;626;576;671;768;756
1,9866,10087,1,1,0,18,6,154;289;11;112;25;236;466;209;77;416;695;508;488;612;576;657;628;742
0,9877,9960,1,0,0,18,0,143;278;0;101;14;225;455;198;66;416;684;497;477;587;576;646;628;731
1,9878,9937,1,1,0,17,4,142;277;100;13;224;454;197;65;416;683;496;476;587;576;645;628;730
1,14759,14839,1,0,0,16,4,74;256;258;477;371;76;332;263;258;227;291;350;208;273;851;436
1,14767,14854,1,1,0,16,3,66;248;250;469;363;68;324;255;250;219;283;350;200;265;844;436
1,14800,14865,1,0,0,17,3,33;215;217;436;330;35;291;222;217;186;250;329;167;232;823;436;639
1,14807,14895,1,0,0,17,2,26;208;210;429;323;28;284;215;210;179;243;322;160;225;788;436;632
1,14737,14804,1,0,0,15,2,96;278;280;494;393;98;354;285;280;249;313;392;230;295;863
1,14740,14817,1,0,0,15,3,93;275;277;494;390;95;351;270;277;246;310;389;227;292;863
1,14747,14967,1,1,0,16,9,86;268;270;489;383;88;344;270;270;239;303;382;220;285;851;615
1,14757,14846,1,0,0,16,3,76;258;260;479;373;78;334;265;260;229;293;372;210;275;851;436
1,14683,14912,1,1,0,16,10,150;25;332;334;514;447;152;408;325;334;303;367;430;284;349;863
1,14688,14741,1,0,0,16,2,145;20;327;329;514;442;147;403;325;329;298;362;416;279;344;863
1,14694,14750,1,1,0,16,3,139;14;321;323;514;436;141;397;301;323;292;356;416;273;338;863
1,14708,14764,1,0,0,16,2,125;0;307;309;494;422;127;383;301;309;278;342;416;259;324;863
1,14654,14953,1,0,0,16,14,179;54;361;346;514;476;181;437;368;363;332;396;464;313;378;969
0,14663,14716,1,0,0,16,0,170;45;352;346;514;467;172;428;359;354;323;387;464;304;369;863
1,14667,14744,1,0,0,16,3,166;41;348;346;514;463;168;424;355;350;319;383;462;300;365;863
1,14672,14748,1,1,0,16,2,161;36;343;345;514;458;163;419;350;345;314;378;430;295;360;863
1,14586,14675,1,0,0,15,2,64;247;122;429;417;514;544;249;505;424;431;400;464;532;381
1,14579,14630,1,0,0,15,2,71;254;129;436;434;514;551;256;512;424;438;407;471;532;388
1,14573,14653,1,1,0,15,2,77;260;135;442;434;514;557;262;518;449;444;413;477;532;394
1,14557,14642,1,0,0,16,3,93;276;151;13;458;460;514;573;278;534;465;460;429;493;532;410
1,14640,14711,1,1,0,16,2,10;193;68;375;377;514;490;195;451;382;377;346;410;464;327;392
1,14639,14726,1,0,0,16,3,11;194;69;376;378;514;491;196;452;383;378;347;411;490;328;393
1,14609,14677,1,1,0,16,2,41;224;99;406;408;514;521;226;482;406;408;377;441;520;358;423
1,14609,14660,1,0,0,16,2,41;224;99;406;408;514;521;226;482;385;408;377;441;520;358;423
1,14502,14564,1,0,0,18,3,148;9;5;331;206;68;513;515;734;628;333;557;520;515;484;548;627;465
1,14479,14558,1,0,0,18,1,171;32;28;354;227;91;536;538;755;651;356;612;543;538;507;571;650;488
1,14454,14531,1,0,0,18,2,196;57;53;379;251;116;561;563;755;676;381;637;568;563;532;596;675;513
1,14451,14516,1,1,0,18,2,199;60;56;382;257;119;564;566;755;679;384;640;569;566;535;599;678;516
1,14556,14830,1,0,1,16,12,94;277;152;14;459;461;516;574;279;535;466;461;430;494;532;411
1,14527,14738,1,0,0,16,8,123;306;181;43;488;481;516;603;308;557;495;490;459;523;557;440
1,14513,14590,1,0,0,16,5,137;320;195;57;502;481;516;617;322;557;509;504;473;537;616;454
1,14511,14780,1,0,0,17,14,139;0;322;197;59;504;481;725;619;324;557;511;506;475;539;618;456
1,14359,14437,1,1,0,17,3,43;291;152;148;474;334;211;656;595;877;771;476;640;577;658;566;691
1,14392,14472,1,0,0,17,2,10;258;119;115;441;316;178;623;595;844;738;443;640;577;625;566;658
1,14348,14429,1,0,0,17,4,54;302;163;159;485;352;222;656;595;888;782;487;657;577;669;638;702
1,14355,14437,1,1,0,17,1,47;295;156;152;478;334;215;656;595;881;775;480;640;577;662;631;695
1,14427,14513,1,0,0,17,7,223;84;80;406;281;143;588;590;780;703;408;640;577;590;559;623;702
1,14447,14528,1,0,0,18,2,203;64;60;386;261;123;568;570;755;683;388;640;575;570;539;603;682;520
1,14408,14492,1,1,0,16,3,242;103;99;425;300;162;607;595;828;722;427;640;577;609;566;642
1,14411,14488,1,0,0,16,3,239;100;96;422;297;159;604;595;794;719;424;640;577;606;566;639
1,14290,14343,1,0,0,16,2,10;112;360;221;217;543;414;280;656;595;931;840;545;700;732;727
1,14295,14349,1,0,0,16,2,5;107;355;216;212;538;413;275;656;595;931;835;540;700;727;722
1,14277,14342,1,1,0,14,2,23;125;373;234;230;556;431;283;656;595;957;853;558;814
1,14281,14368,1,1,0,14,2,19;121;369;230;226;552;427;283;656;595;931;849;554;700
1,14339,14394,1,0,0,17,2,63;311;172;168;494;369;231;656;595;897;791;496;657;577;678;647;711
1,14348,14399,1,1,0,17,2,54;302;163;159;485;352;222;656;595;888;782;487;640;577;669;638;702
1,14299,14537,1,1,0,16,6,1;103;351;212;208;534;409;271;656;595;931;831;536;700;723;718
1,14338,14544,1,1,0,17,9,64;312;173;169;495;370;232;656;595;898;792;497;700;577;679;648;712
0,14172,14251,1,1,0,13,0,128;79;230;478;49;339;335;623;536;398;656;845;1064
1,14144,14410,1,0,0,11,7,156;107;258;506;77;367;363;623;564;426;666
1,14201,14415,1,0,0,13,5,99;50;201;449;20;310;306;623;507;369;656;816;957
1,14179,14466,1,1,0,13,9,121;72;223;471;42;332;328;623;529;391;656;838;1057
1,14259,14348,1,0,0,11,2,41;143;391;252;248;574;449;311;656;595;957
1,14212,14474,1,1,0,13,5,88;39;190;438;9;299;295;621;496;358;656;604;957
1,14277,14500,1,1,0,14,8,23;125;373;234;230;556;431;283;656;595;934;853;558;814
1,14277,14567,1,1,0,14,11,23;125;373;234;230;556;431;283;656;595;931;853;558;814
1,14060,14305,1,0,0,10,4,240;57;191;342;590;161;451;435;623;648
1,14038,14093,1,0,0,10,1,262;79;213;364;612;183;473;469;623;658
1,14101,14177,1,1,0,12,4,199;16;150;301;549;120;410;406;623;607;469;914
1,14068,14156,1,0,0,11,1,232;49;183;334;582;153;443;435;623;640;502
1,14114,14192,1,0,0,12,2,186;3;137;288;536;107;397;393;623;594;456;666
1,14109,14383,1,0,0,12,7,191;8;142;293;541;112;402;398;623;599;461;859
0,14136,14194,1,1,0,11,0,164;115;266;514;85;375;371;623;572;434;666
0,14131,14186,1,1,0,11,0,169;120;271;519;90;380;376;623;577;436;666
1,13888,13955,1,0,0,8,1,412;214;10;356;514;762;333;623
1,13889,14171,1,0,0,8,3,411;202;9;356;513;761;332;622
1,13907,13977,1,0,0,8,1,393;202;344;495;743;314;560;600
1,13910,14201,1,0,0,8,6,390;202;341;492;740;276;560;597
1,13912,13978,1,0,0,9,2,388;202;339;490;738;276;560;501;921
1,13957,14028,1,0,0,10,1,343;160;294;445;679;264;554;501;876;751
1,13991,14215,1,1,0,10,5,309;126;260;411;659;230;520;501;842;717
1,14006,14235,1,0,0,10,4,294;111;245;396;644;215;505;501;623;702
0,13780,13832,1,0,0,8,0,9;20;107;520;301;118;471;622
0,13803,13888,1,1,0,7,0,17;84;497;301;95;448;599
1,13823,13879,1,0,1,6,1,64;477;294;75;428;579
1,13824,14048,1,0,0,6,1,63;476;262;74;427;578
0,13828,13901,1,0,0,6,0,59;472;262;70;356;574
0,13836,13912,1,0,0,6,0,51;464;262;62;356;566
0,13863,13939,1,0,0,8,0,24;437;254;35;356;539;787;358
1,13880,13939,1,0,0,9,1,7;420;237;18;356;522;770;341;631
1,13679,13751,1,0,0,8,1,110;67;141;208;621;438;219;572
1,13696,13773,1,0,0,8,1,93;45;124;191;604;421;202;555
1,13593,13680,1,0,0,8,2,196;128;227;288;707;524;305;658
0,13630,13710,1,0,0,8,0,159;116;190;257;670;487;268;621
1,13585,13644,1,1,0,8,2,204;161;235;293;715;532;313;666
1,13587,13667,1,0,0,8,1,202;159;233;288;713;530;311;664
1,13564,13639,1,1,0,8,2,225;182;256;310;720;553;334;687
1,13575,13640,1,1,0,8,2,214;171;245;293;720;542;323;676
1,13772,13838,1,0,0,7,1,9;20;115;528;345;126;479
1,13779,13847,1,0,0,8,1,9;20;108;521;301;119;472;623
1,13758,13823,1,0,0,7,2,31;20;129;542;359;140;493
1,13771,13831,1,0,0,7,1,18;20;116;529;346;127;480
0,13744,13814,1,0,0,8,0,45;2;76;143;556;373;154;507
1,13751,13817,1,0,0,7,1,38;69;136;549;366;147;500
1,13701,13760,1,1,0,8,1,88;14;119;186;599;416;197;550
0,13715,13795,1,1,0,8,0,74;14;105;172;585;385;183;536
1,13442,13513,1,1,0,6,2,347;114;304;358;445;819
1,13435,13488,1,0,0,6,2,354;121;311;358;452;865
1,13417,13491,1,0,0,6,2,372;139;329;358;460;883
1,13414,13496,1,0,0,6,2,375;142;332;358;473;886
0,13396,13657,1,0,0,6,0,393;160;350;358;491;904
0,13367,13423,1,1,0,7,0,13;422;189;379;358;511;933
0,13361,13429,1,1,0,7,0,19;428;195;385;358;511;937
1,13357,13426,1,0,0,7,2,23;432;199;389;358;530;937
0,13554,13618,1,0,0,9,0,235;2;192;266;310;720;563;344;697
1,13547,13620,1,0,0,9,2,242;9;199;273;340;720;563;351;704
1,13533,13791,1,0,0,9,5,256;23;213;287;354;757;563;365;718
1,13519,13606,1,0,0,8,1,270;37;227;301;368;757;598;379
1,13496,13557,1,0,0,8,2,293;60;250;324;378;775;621;402
1,13488,13542,1,0,0,7,2,301;68;258;332;396;775;629
1,13470,13532,1,0,0,6,2,319;86;276;350;417;775
1,13457,13661,1,0,1,6,4,332;99;289;358;430;819
1,13204,13455,1,0,0,8,3,20;60;176;585;12;346;542;616
1,13209,13465,1,1,0,8,4,15;55;171;580;7;346;537;412
1,13214,13299,1,1,0,8,1,10;50;166;575;2;342;532;396
1,13229,13316,1,0,0,6,2,35;151;560;327;517;396
1,13123,13198,1,0,0,11,3,76;76;141;257;666;71;93;67;433;565;697
1,13149,13418,1,1,0,11,5,50;75;115;231;640;45;67;41;407;565;671
1,13165,13217,1,0,0,11,3,34;59;99;215;624;29;51;25;391;547;655
1,13167,13232,1,0,0,11,2,32;57;97;213;622;27;49;23;389;547;628
1,13283,13369,1,0,0,6,2,97;506;236;463;396;604
0,13291,13370,1,0,0,6,0,89;498;236;455;396;557
1,13313,13581,1,0,0,7,5,67;476;236;433;396;557;987
1,13314,13539,1,1,0,7,2,66;475;236;432;396;557;937
1,13232,13481,1,0,0,6,3,32;148;537;324;514;396
1,13257,13538,1,0,0,6,2,7;123;532;299;489;396
1,13259,13326,1,0,0,7,1,5;121;530;286;487;396;628
1,13276,13364,1,0,0,6,1,104;513;241;470;396;611
1,12927,13195,1,2,0,12,8,38;272;281;112;337;368;116;694;267;289;263;539
1,12921,12993,1,3,0,12,2,44;278;281;118;343;368;122;694;273;295;269;539
0,12963,13033,1,0,0,13,0,2;236;261;76;301;363;80;694;231;253;227;487;783
1,12947,13000,1,0,0,12,2,18;252;277;92;317;368;96;694;247;269;243;487
1,12917,12998,1,2,0,12,1,48;282;307;122;347;368;126;694;277;299;273;614
0,12905,12977,1,1,0,13,0,2;60;294;319;134;359;368;138;694;289;311;285;614
1,12918,13003,1,1,0,12,4,47;281;281;121;346;368;125;694;276;298;272;555
1,12917,12980,1,3,0,12,3,48;282;281;122;347;368;126;694;277;299;273;614
0,13059,13147,1,1,0,10,0,140;165;205;321;670;135;157;131;484;565
1,13049,13296,1,3,0,10,5,150;175;215;331;670;145;167;141;484;697
1,13122,13183,1,0,0,11,1,77;102;142;258;667;72;94;68;434;565;698
1,13068,13157,1,0,0,10,2,131;156;196;312;670;126;148;122;484;565
1,13004,13241,1,0,0,12,7,195;220;35;260;363;39;694;190;212;186;484;742
1,12982,13035,1,0,0,12,3,217;242;57;282;363;61;694;212;234;208;487;764
1,13034,13243,1,1,0,12,6,165;190;5;230;339;9;693;160;182;156;484;712
1,13032,13092,1,1,0,12,2,167;192;7;232;348;11;693;162;184;158;484;714
1,12684,12766,1,1,0,11,1,79;223;40;281;510;498;344;580;553;359;1105
1,12688,12766,1,1,0,11,1,75;219;12;277;510;498;344;576;553;355;1101
1,12654,12721,1,1,0,10,2,109;253;70;311;512;522;344;610;553;389
1,12657,12720,1,1,0,10,1,106;250;67;308;512;498;344;607;553;386
1,12738,12789,1,0,0,12,2,25;169;227;461;486;301;526;553;305;856;456;478
1,12744,12819,1,1,0,12,2,19;163;221;455;468;295;520;553;299;856;450;472
1,12708,12978,1,0,0,12,9,55;199;12;257;491;498;331;556;553;335;1081;486
1,12728,13022,1,0,0,12,10,35;179;237;471;496;311;536;553;315;877;466;488
1,12820,13047,1,1,0,13,6,87;145;379;404;219;405;548;223;856;374;396;370;736
1,12832,13053,1,0,0,13,6,75;133;367;392;207;405;548;211;856;362;384;358;614
1,12751,13034,1,0,0,12,7,12;156;214;448;468;288;513;548;292;856;443;465
0,12780,12848,1,0,0,11,0,127;185;419;444;259;405;548;263;856;414;436
1,12858,12918,1,2,0,13,2,49;107;341;366;181;405;404;185;694;336;358;332;614
0,12897,12976,1,2,0,13,0,10;68;302;327;142;367;368;146;694;297;319;293;614
1,12840,13127,1,0,0,13,9,67;125;359;384;199;405;404;203;856;354;376;350;614
1,12856,13147,1,1,0,13,9,51;109;343;368;183;405;404;187;733;338;360;334;614
1,12521,12592,1,0,0,8,1,242;12;386;201;377;550;552;518
1,12491,12575,1,1,0,9,1,7;272;42;416;233;377;550;552;548
0,12490,12554,1,0,0,9,0,8;273;43;417;234;377;550;552;549
1,12470,12755,1,0,0,9,3,28;293;63;437;254;377;550;754;569
1,12582,12670,1,0,0,8,2,162;325;142;377;550;552;457;682
1,12548,12603,1,1,0,8,1,185;359;176;377;550;552;491;716
0,12535,12587,1,0,0,8,0,185;372;189;377;550;552;504;729
1,12530,12595,1,0,0,8,1,201;3;377;194;377;550;552;509
1,12632,12850,1,1,0,9,5,131;275;92;333;550;528;407;632;748
1,12604,12666,1,0,0,9,1,159;303;120;352;550;528;435;660;776
1,12596,12674,1,0,1,8,1,162;311;128;369;550;528;443;668
1,12591,12680,1,0,0,8,1,162;316;133;374;550;528;448;673
1,12653,12740,1,1,0,10,1,110;254;71;312;546;522;344;611;553;390
1,12649,12714,1,0,0,10,2,114;258;74;316;550;522;390;615;553;394
1,12640,12696,1,0,0,10,2,123;267;74;325;550;528;399;624;553;403
1,12635,12691,1,0,0,9,1,128;272;89;330;550;528;404;629;553
0,12253,12341,1,1,0,7,0,90;245;206;510;231;521;369
1,12283,12344,1,1,0,8,2,60;215;176;480;231;521;369;682
1,12298,12357,1,0,0,8,2,45;200;161;465;231;521;369;667
0,12302,12372,1,0,0,8,0,41;196;157;461;231;521;368;663
1,12303,12353,1,0,0,8,1,40;195;156;460;230;521;368;662
0,12307,12380,1,0,0,8,0,36;191;152;456;208;521;368;658
1,12319,12371,1,0,0,9,1,24;179;140;444;208;521;368;646;880
1,12319,12394,1,1,0,9,3,24;179;140;409;208;521;368;646;880
1,12350,12423,1,0,0,8,1,148;109;409;183;521;368;615;810
1,12356,12438,1,0,0,8,3,142;103;370;177;521;368;609;810
1,12369,12652,1,0,0,8,4,129;90;370;164;521;355;596;790
1,12387,12438,1,1,0,8,1,111;72;370;146;520;337;578;550
1,12400,12457,1,1,0,8,1,98;59;363;133;507;324;565;550
1,12412,12707,1,1,0,8,4,86;47;351;116;495;312;553;550
0,12413,12472,1,0,0,8,0,85;46;350;116;494;311;377;550
1,12458,12541,1,0,0,10,2,40;1;305;75;449;266;377;550;766;581
1,12113,12194,1,1,0,9,1,230;120;327;346;54;586;420;716;369
1,12105,12373,1,1,0,9,4,238;128;327;354;62;586;428;716;619
1,12121,12341,1,4,0,9,4,222;112;322;338;28;586;412;716;369
1,12115,12178,1,2,0,9,1,228;118;322;344;52;586;418;716;369
1,12149,12409,1,1,0,9,6,194;84;322;256;18;586;384;716;369
0,12141,12203,1,2,0,9,0,202;92;322;256;26;586;392;716;369
0,12163,12240,1,0,0,9,0,180;70;322;256;4;586;296;574;369
1,12154,12374,1,1,0,9,1,189;79;322;256;13;586;379;574;369
0,12175,12238,1,2,0,8,0,168;58;322;256;586;296;552;369
1,12167,12242,1,1,0,9,2,176;66;322;256;0;586;296;574;369
1,12198,12287,1,1,0,8,1,145;35;300;256;565;296;552;369
0,12183,12234,1,1,0,8,0,160;50;315;256;580;296;552;369
1,12202,12286,1,2,0,8,1,141;31;290;256;561;296;534;369
1,12200,12284,1,2,0,8,2,143;33;290;256;563;296;552;369
1,12250,12314,1,0,0,7,1,93;248;209;513;283;521;369
1,12240,12512,1,0,0,7,4,103;258;219;523;293;534;369
280
1760,2202,0.00,11
1781,2334,0.00,10
1621,2534,268.47,9
1681,2680,473.73,10
1506,2139,148.79,9
1610,2439,173.80,11
1361,2176,93.58,9
1430,1928,0.00,11
1330,1903,0.00,10
1358,1923,0.00,10
1286,2303,380.79,11
1311,2059,273.75,10
1243,2269,201.49,8
1255,1877,0.00,8
1096,1789,0.00,11
1106,1830,144.42,8
1010,1805,157.93,10
935,1419,173.89,11
838,1845,319.09,11
836,1483,0.00,11
797,1488,186.00,9
796,1636,287.76,10
771,1649,236.54,9
579,1433,192.94,11
512,1271,112.12,9
507,1154,215.77,9
385,1351,226.52,10
315,1169,34.47,9
279,996,0.00,11
230,1202,255.45,8
215,1017,0.00,10
195,953,35.50,10
3807,4701,234.91,10
3852,4692,261.83,11
3855,4385,0.00,10
3947,4323,0.00,8
3181,3760,0.00,10
3238,4023,351.44,8
3344,3899,0.00,10
3461,4242,314.29,9
2909,3537,322.52,11
3147,3813,99.84,11
3172,4027,0.00,8
3172,4096,507.58,8
2511,3097,0.00,11
2538,3290,152.37,8
2561,3223,101.94,9
2874,3183,0.00,11
2472,3474,409.73,8
2397,3339,474.84,10
2510,3226,0.00,8
2477,3024,149.31,11
2097,2866,170.69,10
2018,2794,0.00,10
2380,3167,147.57,11
2218,2833,157.89,10
1919,2448,0.00,9
1907,2690,158.15,8
1935,2462,0.00,11
1933,2659,100.76,10
1873,2497,44.74,10
1823,2538,0.00,10
1907,2871,348.89,10
1884,2678,105.68,9
8,447,109.25,11
30,661,0.00,10
30,943,185.36,10
36,529,0.00,11
78,976,271.49,10
115,954,0.00,8
182,920,0.00,10
185,708,0.00,8
0,16,0.00,0
0,95,0.00,1
0,56,0.00,0
0,476,0.00,6
0,154,0.00,2
0,170,35.11,1
0,15,0.00,0
0,826,58.81,7
14646,15623,161.72,10
14590,15032,0.00,11
14795,15439,0.00,11
14741,15362,179.07,8
14325,15050,0.00,9
14318,14986,65.02,10
14431,14967,0.00,11
14421,15129,184.88,8
10801,11483,0.00,11
10618,11393,62.78,8
10877,11875,178.48,10
10864,11837,310.74,8
10922,11606,109.97,10
10921,11316,0.00,11
11004,11826,279.51,8
10963,11520,0.00,9
10252,10458,0.00,8
10183,10822,261.67,11
10435,11169,124.06,11
10292,10859,0.00,10
10440,11416,439.64,10
10435,10572,0.00,8
10517,11409,185.00,11
10463,11378,0.00,8
11619,12167,190.86,10
11943,12763,370.62,9
11976,12533,187.95,8
11989,12907,394.89,8
12030,12724,359.10,9
12254,12965,193.89,9
12312,13199,379.00,8
12438,13224,328.57,10
11021,11690,64.28,8
11130,12343,389.88,8
11163,12085,0.00,11
11240,12063,334.50,9
11349,12043,68.89,11
11503,12233,113.35,9
11561,12498,168.22,11
11613,12459,395.53,8
13259,13887,184.43,10
13114,13820,335.21,11
12951,13746,268.30,8
12784,13556,386.60,10
13525,14251,71.89,11
13491,13898,0.00,8
13471,14117,212.05,10
13292,14300,225.49,8
12639,13043,0.00,8
12597,13380,395.64,8
12532,13264,108.89,10
12453,13039,46.97,10
12781,13190,0.00,9
12721,13216,0.00,8
12689,13194,0.00,8
12669,13789,468.36,11
14169,15236,450.51,10
14260,15130,0.00,9
14079,15015,258.10,10
14165,15017,389.59,10
14287,15022,296.21,9
14289,15017,0.00,11
14271,14835,0.00,9
14272,15091,230.65,11
13863,14221,66.17,10
13865,14511,62.06,10
13774,14402,0.00,10
13853,14650,59.08,9
13944,14708,159.80,8
14065,14570,58.37,10
13892,14507,130.57,9
13911,14833,219.89,11
7030,7833,0.00,11
7034,7446,126.70,10
7111,8205,453.63,9
7124,7690,0.00,9
6924,7528,0.00,8
6971,7444,0.00,11
6973,7026,0.00,10
7022,7642,208.55,10
7540,8210,0.00,11
7591,8585,446.28,11
7759,8514,69.42,11
7777,8521,71.56,11
7136,8152,309.01,9
7161,7923,290.58,11
7294,8472,446.99,10
7302,8133,278.67,11
8083,8621,242.00,10
8071,8744,29.47,10
8227,8833,200.97,8
8194,9297,423.85,11
7909,8677,185.00,10
7902,8486,0.00,10
8037,8661,0.00,11
8037,8767,244.77,11
8592,9411,250.92,8
8540,9344,30.83,8
8708,9672,74.23,9
8603,9262,0.00,10
8349,9180,218.18,9
8287,8851,49.31,10
8478,9266,193.41,8
8401,9261,48.20,11
9060,9754,66.52,10
9133,10155,226.95,9
9001,9776,84.56,11
9045,10020,175.81,11
8924,9478,109.62,11
8934,9632,117.22,8
8816,9289,0.00,10
8902,9414,0.00,11
9355,10332,204.56,9
9382,10075,0.00,11
9251,9731,0.00,11
9266,10102,154.07,9
9173,9831,45.02,9
9221,9891,0.00,9
9135,9877,0.00,11
9140,9978,14.60,10
9740,10546,229.63,11
9719,10478,95.66,10
9703,10354,0.00,8
9671,10374,0.00,8
9623,10561,222.21,9
9460,10305,201.73,9
9396,9943,13.68,8
9389,9837,0.00,10
10180,11107,321.58,8
10068,10763,80.96,8
9941,10471,0.00,11
9916,10737,401.78,11
9887,10812,274.62,10
9836,10608,69.62,10
9795,10620,145.99,9
9773,10523,78.62,9
4018,4490,54.02,10
4048,4787,170.70,10
4119,4704,56.29,10
4131,4820,116.54,10
4179,5037,445.11,8
4232,4979,253.34,11
4257,5020,160.13,9
4415,5468,216.40,8
4426,5142,47.24,8
4460,5223,70.91,10
4483,5439,59.61,8
4530,5334,78.77,9
4583,5227,0.00,10
4589,5461,111.83,10
4593,5492,102.76,9
4621,5128,0.00,9
4670,5444,0.00,8
4647,5655,377.66,11
4691,5693,357.39,11
4680,5629,148.60,11
4814,5400,0.00,10
4780,5706,357.81,11
4932,5549,62.93,10
4879,5427,0.00,9
5027,5857,240.55,11
4958,5649,0.00,8
5155,5978,201.31,10
5123,5903,145.67,10
5236,5727,50.35,10
5160,5820,182.19,11
5432,6032,275.73,10
5249,6108,395.55,11
5609,6422,154.57,8
5624,6130,0.00,11
5466,6193,142.48,10
5475,6247,208.90,9
5663,6877,450.43,10
5877,6633,224.61,8
5627,6334,197.61,8
5635,6634,265.14,10
6011,6377,0.00,10
6033,7044,298.40,11
5976,6744,0.00,10
5985,6654,0.00,10
6072,6519,0.00,9
6157,6858,0.00,9
6045,6782,80.79,11
6066,6598,0.00,10
6409,7063,0.00,10
6362,7365,386.16,10
6324,7230,173.41,8
6169,6792,203.56,8
6510,7136,50.83,8
6482,7304,164.57,8
6457,7215,66.47,8
6409,6946,76.12,8
6632,7054,24.75,9
6590,7237,63.92,8
6551,7492,446.03,8
6516,7271,0.00,8
6899,7720,73.11,9
6883,7560,143.05,8
6794,7143,0.00,11
6735,7677,262.54,8
