1004
1,14789,14872,1,1,0,14,4,169;68;211;302;122;412;123;635;115;276;631;440;71;626
1,14798,14872,1,1,1,14,6,160;59;202;301;113;403;114;626;113;267;631;431;62;624
1,14813,14885,1,1,0,14,1,145;44;187;286;98;388;99;611;113;252;631;393;47;609
1,14816,14877,1,1,0,14,4,142;41;184;283;95;385;96;608;113;249;631;393;44;606
1,14682,14750,1,0,0,15,1,276;175;318;417;25;229;519;230;742;482;383;947;547;178;740
0,14635,14719,1,0,0,14,0,323;3;222;365;464;72;276;566;277;788;529;430;994;594
1,14704,14956,1,0,1,15,13,254;153;296;395;3;207;497;208;720;460;361;762;525;156;718
1,14700,14956,1,1,1,15,13,258;157;300;399;7;211;501;212;724;464;365;929;529;160;722
1,14588,14665,1,0,0,12,4,370;50;269;412;511;119;323;613;324;788;576;477
1,14560,14623,1,0,0,13,3,398;9;78;297;440;539;147;351;641;352;788;604;505
1,14603,14658,1,0,0,12,1,355;35;254;397;496;104;308;596;309;788;561;462
0,14593,14655,1,0,0,12,0,365;45;264;407;506;114;318;596;319;788;571;472
1,14766,14838,1,1,1,14,4,192;91;234;302;145;435;146;658;398;299;631;463;94;648
1,14759,14815,1,1,0,14,5,199;98;241;340;152;442;153;665;405;306;631;470;101;648
1,14780,14841,1,1,0,14,5,178;77;220;302;131;421;132;644;115;285;631;449;80;642
1,14776,15064,1,1,0,14,6,182;81;224;302;135;425;136;648;346;289;631;453;84;646
1,14715,14786,1,1,0,14,5,243;142;285;384;196;486;197;709;449;350;631;514;145;707
1,14711,15010,1,0,1,14,11,247;146;289;388;200;490;201;713;453;354;762;518;149;711
1,14733,14810,1,0,0,14,4,225;124;267;366;178;468;179;691;431;332;631;496;127;648
0,14721,14776,1,0,0,14,0,237;136;279;378;190;480;191;703;443;344;631;508;139;648
0,11910,11975,1,0,0,12,0,294;29;15;62;285;205;331;21;417;526;426;355
1,11905,11988,1,0,1,12,4,299;34;15;67;290;210;336;26;422;574;426;355
1,11900,11980,1,0,0,12,1,304;39;27;72;295;215;341;31;427;579;426;355
1,11878,12102,1,0,0,12,5,326;61;45;94;317;237;363;53;449;601;426;519
1,12010,12073,1,1,0,12,2,194;185;105;231;317;469;426;355;462;562;1119;418
1,11963,12171,1,1,1,13,6,241;9;232;152;278;364;516;426;355;509;609;1166;599
0,11953,12021,1,0,0,12,0,251;19;242;162;288;374;526;426;355;519;619;1176
0,11920,11997,1,0,0,13,0,284;19;7;52;275;195;321;11;407;526;426;355;552
1,12038,12255,1,1,1,13,7,166;157;77;203;289;441;426;355;434;534;862;418;470
1,12029,12267,1,0,0,13,6,175;166;86;210;295;450;426;355;443;543;862;418;706
1,12020,12286,1,1,1,13,10,184;175;95;210;295;459;426;355;452;552;1109;418;715
1,12010,12064,1,0,0,12,2,194;185;105;231;295;469;426;355;462;562;1119;418
1,12074,12129,1,0,1,13,2,130;121;41;167;253;405;388;323;398;388;862;277;470
1,12062,12308,1,0,1,13,5,142;133;53;179;265;417;388;335;410;388;862;418;470
1,12052,12116,1,0,0,13,2,152;143;63;189;275;427;426;345;420;388;862;418;470
0,12046,12105,1,1,0,13,0,158;149;69;195;281;433;426;351;426;388;862;418;470
1,12132,12193,1,0,0,13,4,72;63;109;195;347;350;265;340;388;802;277;470;749
1,12141,12211,1,0,1,14,3,63;54;100;186;338;341;256;331;387;802;277;470;740;1193
1,12089,12353,1,0,0,13,7,115;106;26;152;238;390;356;308;383;388;862;277;470
1,12110,12177,1,0,0,13,3,94;85;5;131;217;369;356;287;362;388;802;277;470
1,12181,12270,1,1,0,15,2,23;14;60;146;298;301;216;291;387;802;277;470;700;1060;740
1,12197,12250,1,0,0,15,3,7;44;130;282;285;200;275;375;802;277;470;684;1060;724;720
1,12153,12432,1,1,1,14,11,51;42;88;174;326;329;244;293;387;802;277;470;728;1181
1,12156,12211,1,1,0,14,2,48;39;85;171;323;326;241;293;387;802;277;470;725;1060
1,12223,12427,1,0,1,15,6,18;104;256;259;174;249;349;802;272;470;658;1060;698;694;671
1,12243,12293,1,1,0,15,3,84;236;239;154;229;329;802;272;470;638;1060;593;674;651;529
1,12199,12263,1,0,1,15,2,5;42;114;280;283;198;273;373;802;277;470;682;1060;722;718
1,12220,12297,1,0,0,15,3,21;107;259;262;177;250;352;802;277;470;661;1060;701;697;674
1,12287,12339,1,1,1,16,3,40;192;195;110;185;285;783;272;446;577;1047;593;630;607;485;416
1,12308,12393,1,1,0,17,2,19;171;174;89;164;264;783;254;427;573;1026;593;609;586;464;395;471
1,12268,12332,1,0,1,16,4,59;211;214;129;204;304;802;272;446;613;1060;593;649;626;504;435
1,12282,12334,1,1,0,16,2,45;197;200;115;190;290;783;272;446;599;1052;593;635;612;490;421
1,12321,12406,1,0,0,19,5,6;158;161;59;151;239;783;241;414;560;1013;593;596;573;451;382;458;734;859
1,12317,12371,1,1,1,17,3,10;162;165;80;155;239;783;245;418;564;1017;593;600;577;455;386;462
1,12337,12581,1,0,1,18,15,142;145;59;135;217;783;225;398;544;997;584;580;557;435;366;442;659;843
1,12323,12394,1,0,0,19,2,4;156;159;59;149;239;783;239;412;558;1011;593;594;571;449;380;456;659;857
1,12409,12661,1,0,1,18,10,70;73;63;163;720;153;326;472;925;512;404;485;363;294;370;646;771;576
1,12347,12401,1,0,0,18,3,132;135;50;125;217;782;215;388;534;987;574;404;547;425;356;432;659;833
1,12471,12538,1,0,0,19,2,8;11;1;101;658;91;264;410;693;450;404;423;301;232;308;584;709;465;502
1,12470,12524,1,0,0,19,2,9;12;2;102;659;92;265;411;693;451;404;424;302;233;309;585;710;515;503
1,12498,12554,1,0,1,16,2,74;631;64;237;383;693;423;404;396;274;205;281;557;682;465;475
1,12482,12545,1,1,0,17,4,0;90;647;80;253;399;693;439;404;412;290;221;297;573;698;465;491
1,12510,12598,1,0,0,16,4,62;587;52;225;371;693;411;404;384;262;193;269;524;670;465;463
1,12503,12562,1,1,0,16,3,69;626;59;232;378;693;418;404;391;269;200;276;524;677;465;470
1,12545,12833,1,0,1,16,9,27;584;17;190;336;693;376;372;349;227;158;234;510;590;436;428
1,12535,12587,1,1,0,16,2,37;587;27;200;346;693;386;382;359;237;168;244;520;590;450;438
1,12568,12835,1,0,1,15,9,4;543;167;313;693;353;349;326;204;135;211;487;590;417;337
1,12555,12624,1,0,0,16,2,17;574;7;180;326;693;366;362;339;217;148;224;500;590;430;337
1,12573,12798,1,0,1,14,5,543;162;55;693;348;344;321;199;130;206;482;590;412;337
1,12588,12648,1,0,0,14,3,541;147;55;693;273;329;306;184;115;191;467;590;397;337
1,12614,12669,1,1,1,14,3,515;121;55;677;273;303;280;158;89;165;441;566;371;337
1,12618,12707,1,1,0,14,4,511;117;55;677;273;299;276;154;85;161;396;562;367;337
1,12692,12763,1,0,0,14,2,437;43;55;642;229;225;202;80;11;87;363;488;293;281
1,12699,12927,1,1,0,14,6,424;36;55;635;222;218;195;73;4;80;356;481;286;274
1,12715,12930,1,0,0,13,6,414;20;55;619;206;202;179;57;64;340;343;270;258
1,12730,12955,1,0,0,13,8,399;5;55;604;191;187;164;42;49;217;343;255;243
1,12733,12790,1,1,0,13,2,396;2;55;385;188;184;161;39;46;217;343;252;240
1,12740,12791,1,1,0,12,2,357;55;385;181;177;154;32;39;217;343;245;233
1,12753,12808,1,0,0,13,3,356;55;385;168;164;141;19;26;217;343;232;220;806
1,12781,12849,1,0,1,11,3,348;55;385;140;136;113;217;343;204;192;778
1,12788,12870,1,1,0,11,1,341;55;385;133;129;106;217;343;197;185;719
1,12791,12879,1,0,0,11,4,338;55;385;130;126;103;217;343;172;182;719
1,12796,12858,1,1,0,11,4,333;55;385;125;121;98;194;343;172;177;719
1,12817,13111,1,0,0,11,6,312;55;385;104;100;77;194;330;168;156;719
0,11076,11140,1,0,0,8,0,121;351;146;385;533;300;471;409
1,11050,11119,1,1,0,9,3,0;147;377;172;411;559;301;471;409
0,11046,11099,1,0,0,9,0,4;151;381;176;415;563;301;471;409
0,11038,11100,1,1,0,9,0,12;159;389;184;423;571;301;471;409
0,11015,11073,1,1,0,9,0,35;182;412;207;446;586;301;471;409
0,11012,11081,1,1,0,9,0,38;185;415;210;449;586;301;471;409
0,11001,11067,1,0,0,9,0,49;196;426;221;460;586;301;471;409
1,10990,11274,1,1,0,9,4,50;207;437;232;471;586;301;501;409
1,11203,11264,1,0,0,10,3,224;19;258;406;173;383;210;280;540;1001
0,11184,11248,1,0,0,10,0,13;241;38;277;425;192;402;210;299;540
1,11178,11424,1,1,0,10,5,19;241;44;283;431;198;408;214;305;540
1,11176,11397,1,0,0,10,3,21;251;46;285;433;200;410;214;307;540
1,11171,11398,1,0,0,10,7,26;256;51;290;438;205;415;326;312;696
1,11171,11416,1,0,1,10,5,26;256;51;290;438;205;415;326;312;540
0,11118,11205,1,0,0,9,0,79;309;104;343;491;258;468;379;365
0,11100,11178,1,1,0,9,0,97;327;122;361;509;276;471;397;383
1,11263,11348,1,0,0,11,1,76;198;346;113;323;210;220;512;925;676;664
1,11266,11535,1,0,1,11,5,76;116;343;110;320;210;217;512;925;673;661
1,11257,11334,1,0,0,11,3,76;204;352;119;329;210;226;512;947;682;670
1,11259,11323,1,1,0,11,3,76;202;350;117;327;210;224;512;931;680;668
1,11228,11440,1,1,1,11,4,199;233;381;148;358;210;255;540;960;711;699
1,11249,11321,1,1,0,11,1,76;212;360;127;337;210;234;540;955;690;678
0,11219,11277,1,0,0,11,0,208;3;242;390;157;367;210;264;540;960;720
0,11219,11275,1,1,0,11,0,208;3;242;390;157;367;210;264;540;960;720
1,11347,11587,1,0,0,12,4,76;114;262;29;239;150;136;511;685;592;580;425
1,11362,11430,1,0,0,13,2,65;99;247;14;224;135;121;505;685;482;565;425;833
1,11324,11383,1,1,0,12,3,76;116;285;52;262;173;159;511;753;615;603;648
1,11328,11595,1,1,1,12,7,76;116;281;48;258;169;155;511;685;611;599;644
1,11315,11522,1,1,0,12,6,76;116;294;61;271;182;168;511;790;624;612;657
0,11317,11367,1,1,0,12,0,76;116;292;59;269;180;166;511;753;622;610;655
0,11266,11322,1,1,0,11,0,76;116;343;110;320;210;217;512;790;673;661
1,11304,11356,1,0,0,12,1,76;116;305;72;282;193;179;512;790;635;623;668
1,11420,11502,1,1,1,13,4,7;41;189;166;77;4;447;685;482;491;425;728;603
1,11415,11653,1,1,0,13,7,12;46;194;171;82;68;452;685;482;491;425;728;603
1,11449,11513,1,0,0,13,1,12;160;137;48;4;418;685;482;466;425;728;599;792
1,11435,11485,1,1,0,12,2,26;174;151;62;4;432;685;482;491;425;728;599
1,11400,11652,1,0,0,13,6,27;61;209;186;97;83;467;685;482;527;425;728;715
1,11363,11615,1,1,1,13,8,64;98;246;13;223;134;120;504;685;482;527;425;832
1,11413,11471,1,1,0,13,2,14;48;196;173;84;70;454;685;482;514;425;728;603
1,11407,11496,1,1,1,13,4,20;54;202;179;90;76;460;685;482;520;425;728;617
1,11571,11656,1,0,0,14,1,38;15;296;633;368;356;401;624;544;643;360;756;908;911
1,11557,11625,1,0,0,13,2,52;29;310;636;382;370;415;633;558;684;374;770;922
1,11615,11686,1,0,0,12,2,252;589;324;312;357;580;500;626;316;674;864;867
1,11592,11677,1,0,0,13,4,17;275;612;347;335;380;603;523;643;339;674;887;890
1,11494,11579,1,1,1,12,4,115;92;3;373;671;445;433;425;701;599;747;437
1,11466,11535,1,1,0,12,1,143;120;31;4;401;683;473;461;425;728;599;775
1,11544,11614,1,1,0,13,4,65;42;323;636;395;383;425;651;571;697;387;783;935
1,11520,11588,1,0,0,12,1,89;66;347;671;419;407;425;675;595;721;411;807
1,11648,11722,1,1,0,12,1,219;556;291;279;324;547;467;567;283;674;685;834
1,11649,11936,1,1,1,12,10,218;555;290;278;323;546;466;567;282;657;685;833
1,11700,11764,1,0,0,12,3,167;504;239;227;272;495;415;541;231;627;685;639
1,11701,11767,1,1,0,12,1,164;503;238;226;271;494;414;540;230;626;685;639
1,11616,11694,1,1,0,12,3,251;588;323;311;356;579;499;574;315;674;863;866
1,11625,11713,1,0,0,12,2,242;579;314;302;337;570;490;574;306;674;854;857
1,11643,11880,1,1,1,12,7,224;561;296;284;329;552;472;567;288;674;836;839
1,11647,11889,1,1,0,12,8,220;557;292;280;325;548;468;567;284;674;704;835
1,11821,11907,1,1,0,13,4,46;383;118;106;151;374;294;390;110;506;658;633;576
1,11823,11883,1,0,0,13,1,44;381;116;104;149;372;292;390;108;504;603;633;574
1,11824,12091,1,0,1,13,6,43;380;115;85;148;371;291;390;107;503;603;633;573
1,11870,11958,1,0,0,12,1,334;69;57;102;325;245;371;61;457;603;426;527
1,11716,11768,1,1,0,12,2,151;488;223;211;256;479;399;525;215;605;685;639
1,11731,11975,1,1,0,12,3,128;473;208;196;241;464;384;510;200;596;685;639
1,11781,11869,1,0,0,13,4,86;423;158;146;191;414;334;390;150;546;685;639;616
0,11813,11867,1,0,0,13,0,54;391;126;114;159;382;302;390;118;514;666;633;584
1,13805,13876,1,0,0,13,3,7;297;79;311;516;293;327;697;644;1153;589;833;624
1,13813,14051,1,0,0,13,4,289;71;303;508;285;294;689;636;1145;589;825;616;673
1,13778,13851,1,0,0,11,3,34;324;106;338;543;320;327;724;671;1180;589
1,13790,13865,1,0,0,11,3,22;312;94;326;528;308;327;712;659;1168;589
1,13852,14088,1,0,1,14,5,250;32;264;469;246;294;650;597;1106;589;786;577;506;652
0,13857,13910,1,0,0,14,0,245;27;259;464;241;294;428;592;1101;589;781;572;506;647
1,13834,14048,1,0,1,13,8,268;50;282;487;264;294;668;615;1124;589;804;579;652
0,13848,13909,1,0,0,14,0,254;36;268;473;250;294;654;601;1110;589;790;579;506;656
0,13630,13717,1,1,0,9,0,16;182;472;254;486;691;420;417;872
1,13653,13720,1,1,0,8,2,159;449;231;463;668;420;417;849
1,13583,13799,1,0,0,9,6,63;229;519;301;533;738;420;577;919
1,13585,13670,1,0,0,9,3,61;227;517;299;531;736;420;417;917
1,13768,14042,1,1,1,11,7,35;334;116;348;553;330;392;734;681;1190;801
1,13768,13834,1,0,0,11,3,35;334;116;348;553;330;392;734;681;1190;589
1,13720,13797,1,0,1,8,2,92;382;164;396;601;378;417;782
1,13761,13836,1,0,1,11,4,51;341;123;355;560;337;399;741;688;1197;808
1,14029,14094,1,0,0,14,2,73;87;292;69;131;428;186;929;540;609;400;457;362;428
1,14006,14299,1,1,1,14,7,96;110;315;81;154;428;443;952;563;632;423;478;362;451
1,13989,14057,1,0,0,14,2,113;127;332;81;171;428;460;969;580;649;440;478;426;468
1,13978,14063,1,0,0,14,3,124;138;343;109;182;428;471;980;589;660;451;478;426;479
1,14068,14293,1,0,1,14,6,34;14;253;30;92;428;186;878;501;357;361;418;362;389
1,14060,14359,1,1,1,14,9,42;14;261;38;100;428;186;878;509;578;369;426;362;397
1,14054,14124,1,0,0,14,2,48;62;267;44;106;428;186;878;515;584;375;432;362;403
1,14035,14086,1,1,0,14,3,67;81;286;53;125;428;186;923;534;603;394;451;362;422
1,13938,14012,1,0,0,14,2,164;178;383;160;222;428;511;1020;589;700;491;506;566;519
1,13925,13981,1,0,0,14,2,177;191;396;173;235;428;524;1033;589;713;504;506;579;532
1,13918,13984,1,0,0,14,2,184;198;403;180;242;428;531;1040;589;720;511;506;586;539
1,13883,13951,1,1,0,14,4,219;1;233;438;215;277;428;566;1075;589;755;546;506;621
1,13976,14028,1,0,0,14,2,126;140;345;122;184;428;473;982;589;662;453;478;426;481
1,13948,14011,1,0,0,14,2,154;168;366;150;194;428;501;1010;589;690;481;506;556;509
1,13948,14157,1,0,1,14,5,154;168;366;150;194;428;501;1010;589;690;481;478;556;509
1,13942,14013,1,0,0,14,1,160;174;366;156;218;428;507;1016;589;696;487;506;562;515
1,14231,14299,1,0,0,14,2,90;262;186;698;338;357;198;255;273;226;531;769;868;476
1,14246,14325,1,1,0,15,2,75;233;186;698;323;357;183;240;258;211;531;754;853;461;665
1,14247,14310,1,1,0,15,5,74;232;186;698;322;357;182;239;257;210;531;753;852;460;664
1,14253,14342,1,0,0,15,3,68;232;186;698;316;357;176;233;241;204;531;747;846;454;658
1,14263,14545,1,0,1,16,12,58;232;186;659;306;357;166;223;241;194;531;737;836;444;648;938
1,14266,14334,1,1,0,16,2,55;232;183;659;303;357;163;220;238;191;531;734;833;441;645;865
1,14271,14332,1,0,0,16,5,50;231;178;659;298;357;158;215;233;186;529;729;828;436;640;865
1,14281,14332,1,1,0,16,4,40;221;168;659;288;357;148;205;223;176;529;719;772;426;630;865
1,14080,14133,1,1,1,15,2,22;14;241;18;80;262;186;878;489;357;349;406;362;377;777
1,14104,14169,1,1,0,14,1,12;217;56;262;186;854;465;357;325;382;362;353;753;896
0,14142,14221,1,1,0,13,0,179;18;262;186;816;427;357;287;344;362;315;715;858
1,14150,14227,1,0,0,13,2,171;10;262;186;808;419;357;279;336;354;307;707;850
1,14161,14243,1,1,1,12,2,160;262;186;797;408;357;268;325;327;296;696;839
0,14186,14275,1,0,0,12,0,135;262;186;770;383;357;243;300;318;271;671;814
1,14189,14406,1,0,0,12,5,132;262;186;769;380;357;240;297;315;268;668;811
1,14226,14310,1,0,0,14,3,95;262;186;732;343;357;203;260;278;231;531;774;873;481
1,14458,14524,1,0,1,13,3,44;500;110;180;28;46;399;542;602;249;453;743;454
1,14443,14524,1,0,1,15,5,59;6;515;110;195;43;61;14;414;557;656;264;468;758;469
1,14479,14562,1,1,0,14,3,23;479;90;159;7;25;377;488;602;228;432;722;433;945
1,14474,14526,1,0,0,14,2,28;484;95;164;12;30;383;488;602;233;437;727;438;950
1,14504,14555,1,0,0,12,1,454;65;134;0;353;461;595;176;407;697;408;920
1,14487,14568,1,0,0,13,1,15;471;82;151;17;370;461;602;220;424;714;425;937
1,14543,14604,1,0,0,13,4,415;26;95;314;457;556;164;368;658;369;881;621;522
1,14543,14830,1,0,0,13,9,415;26;80;314;457;556;164;368;658;369;881;621;522
1,14296,14511,1,1,1,16,8,25;194;153;659;273;342;133;190;208;161;529;704;772;411;615;857
1,14291,14369,1,1,0,16,2,30;211;158;659;278;347;138;195;213;166;529;709;772;416;620;857
1,14345,14611,1,0,1,16,9,157;104;613;224;293;84;141;159;112;512;618;754;362;562;856;567
1,14333,14402,1,0,0,16,6,169;116;625;236;305;96;153;171;124;524;618;766;374;578;857;579
1,14368,14456,1,1,1,16,6,134;81;590;201;270;27;118;136;89;489;618;731;339;543;827;544
1,14352,14407,1,0,0,16,4,150;97;606;217;286;27;134;152;105;505;618;747;355;559;849;560
1,14439,14521,1,0,1,15,2,63;10;519;130;199;47;65;18;418;561;660;268;472;762;473
1,14432,14497,1,1,0,15,4,70;17;526;137;206;54;72;25;425;568;667;275;479;769;480
1,12947,13033,1,0,0,8,3,182;385;108;190;18;13;467;699
1,12977,13047,1,1,0,8,1,152;357;78;153;8;467;669;592
1,12936,12996,1,1,0,7,1,193;385;119;244;18;37;467
1,12941,12991,1,0,0,7,1,188;385;114;190;18;32;467
1,12916,12988,1,0,0,9,1,213;385;5;1;119;264;68;54;467
0,12928,12993,1,0,0,7,0,201;385;119;252;18;45;467
1,12904,12969,1,0,0,9,2,225;385;17;13;151;276;68;54;467
1,12912,12989,1,0,0,9,3,217;385;9;5;143;268;68;54;467
1,12861,13063,1,0,0,11,2,268;20;385;60;56;33;194;315;90;112;467
1,12872,12938,1,1,0,11,1,257;9;385;49;45;22;183;308;90;54;467
1,12847,13080,1,0,0,11,1,282;34;385;74;70;47;194;315;103;126;467
0,12859,12927,1,0,0,11,0,270;22;385;62;58;35;194;315;90;114;467
1,12831,12911,1,0,0,11,3,298;47;385;90;86;63;194;330;154;142;469
1,12841,12930,1,0,0,11,1,288;40;385;80;76;53;194;315;144;132;467
1,12820,12883,1,0,0,11,3,309;55;385;101;97;74;194;330;165;153;469
1,12831,12903,1,1,0,11,4,298;47;385;90;86;63;194;330;154;142;467
1,13207,13436,1,0,0,7,3,72;352;439;322;451;862;677
1,13194,13268,1,1,0,7,2,72;365;452;322;451;908;690
1,13164,13398,1,0,0,7,3,76;16;395;482;322;460;938
1,13164,13246,1,0,0,7,3,72;16;395;482;322;460;938
1,13163,13218,1,0,0,7,3,76;17;396;483;322;484;939
0,13150,13227,1,0,0,6,0,76;30;409;496;322;484
0,13144,13231,1,0,0,6,0,76;36;415;502;322;484
0,13132,13195,1,0,0,6,0,76;48;427;506;322;680
1,13132,13430,1,1,0,6,4,76;48;427;506;322;680
1,13131,13218,1,1,0,6,1,76;49;428;515;322;681
0,13089,13150,1,0,0,7,0,40;76;91;467;557;322;723
1,13063,13327,1,0,0,6,2,66;76;117;467;583;322
0,13022,13090,1,0,0,7,0,107;76;33;153;467;624;322
1,13021,13287,1,1,0,7,1,108;313;34;153;467;625;322
1,12985,13273,1,1,1,8,6,144;349;70;153;0;467;643;584
0,12980,13047,1,0,0,8,0,149;354;75;153;5;467;643;589
1,13357,13415,1,0,0,8,2,202;289;87;451;741;527;214;759
1,13371,13428,1,0,0,8,2,188;275;87;441;731;504;200;745
0,13388,13459,1,1,0,8,0,171;258;87;424;714;479;183;728
1,13403,13483,1,0,0,10,3,156;243;87;409;699;479;168;713;918;695
1,13301,13358,1,1,0,9,2,33;258;345;162;451;801;556;270;815
1,13301,13381,1,1,0,9,2,33;258;345;87;451;801;556;270;815
1,13319,13583,1,1,1,9,4,15;240;327;87;451;783;556;252;797
1,13349,13416,1,0,0,8,1,210;297;87;451;753;535;222;767
1,13272,13342,1,1,0,8,2,62;287;374;162;451;830;612;299
1,13274,13494,1,1,0,8,3,53;285;372;162;451;828;610;297
1,13275,13338,1,1,0,8,3,33;284;371;162;451;827;609;296
1,13300,13351,1,0,1,9,2,33;259;346;162;451;802;566;271;816
1,13223,13307,1,1,0,7,2,72;336;423;322;451;862;661
1,13226,13524,1,1,0,7,5,72;333;420;322;451;851;658
1,13257,13328,1,0,1,8,2,72;302;389;163;451;845;627;314
1,13268,13526,1,0,1,8,5,66;291;378;163;451;833;616;303
0,13548,13769,1,0,0,10,0,11;98;21;264;554;336;23;568;773;529
0,13542,13627,1,0,0,10,0,17;104;27;270;560;336;29;574;779;529
1,13571,13821,1,0,0,10,7,75;241;531;313;0;545;750;527;589;931
0,13561,13647,1,0,0,10,0,85;8;251;541;323;10;555;760;529;599
0,13538,13611,1,0,0,10,0,21;108;31;274;564;346;33;578;783;560
0,13528,13614,1,0,0,10,0,31;109;41;284;571;356;43;588;793;570
1,13538,13623,1,0,0,10,4,21;108;31;274;564;346;33;578;783;560
1,13538,13612,1,1,0,10,3,21;108;31;274;564;336;33;578;783;560
1,13498,13551,1,1,0,10,1,61;148;71;314;604;386;73;618;797;600
0,13472,13549,1,0,0,10,0,87;174;87;340;630;412;99;644;797;626
0,13520,13599,1,0,0,10,0,39;109;49;292;571;364;51;596;797;578
1,13517,13578,1,0,0,10,4,42;129;52;295;571;367;54;599;797;581
0,13423,13510,1,0,0,10,0,136;223;87;389;670;461;148;693;898;638
1,13418,13494,1,0,1,10,1,141;228;87;394;684;466;153;698;903;638
1,13451,13672,1,0,0,10,7,108;195;87;361;651;433;120;665;870;638
1,13434,13513,1,1,0,10,1,125;212;87;378;668;450;137;682;887;638
1,8678,8741,1,0,0,13,2,45;161;265;429;353;82;588;432;518;521;725;428;1061
1,8679,8737,1,1,0,13,3,44;160;264;419;353;81;587;431;517;521;724;427;1060
1,8634,8717,1,0,0,10,1,89;205;309;451;353;126;632;476;562;580
1,8640,8711,1,0,0,10,3,83;199;303;451;353;120;626;470;556;521
1,8621,8708,1,0,1,10,2,102;218;322;486;353;139;638;489;575;593
0,8624,8689,1,1,0,10,0,99;215;319;451;353;136;638;486;572;590
1,8575,8644,1,0,0,10,2,148;264;368;532;353;185;638;535;621;639
1,8593,8680,1,0,0,10,3,130;246;343;514;353;167;638;517;603;621
1,8855,8934,1,0,0,11,2,88;252;194;411;255;306;359;548;251;798;768
1,8858,9105,1,0,0,11,6,85;249;191;408;228;306;356;545;248;798;765
1,8840,9071,1,0,1,11,9,103;267;209;426;270;356;374;555;266;899;783
1,8846,8924,1,0,0,11,2,97;261;203;420;264;350;368;555;260;798;777
1,8812,8868,1,1,0,11,2,27;131;295;237;454;298;384;402;591;294;927
1,8812,8892,1,0,0,11,2,27;131;295;237;454;298;384;402;555;294;927
1,8694,8759,1,0,0,13,3,29;145;249;413;353;66;572;416;470;520;709;412;1045
1,8749,8814,1,0,0,12,3,90;194;358;300;11;517;361;447;465;654;357;990
1,8433,8725,1,0,1,9,7,133;290;406;510;657;616;327;640;628
1,8417,8487,1,0,1,9,3,149;306;422;522;657;632;343;640;649
1,8410,8636,1,0,0,9,3,156;313;429;522;657;639;350;856;649
1,8398,8669,1,1,1,9,8,168;325;441;522;657;651;362;868;712
0,8346,8412,1,0,0,9,0,198;44;377;486;522;657;703;414;884
0,8346,8405,1,0,0,9,0,198;44;377;486;522;657;703;414;884
1,8344,8401,1,0,0,9,2,198;46;379;486;522;657;705;416;922
1,8336,8419,1,1,0,9,1,222;54;387;486;522;657;713;424;930
0,8528,8592,1,0,0,10,0,38;195;311;415;579;353;232;638;582;643
0,8514,8764,1,0,0,10,0,52;209;325;429;593;353;246;638;593;643
1,8507,8596,1,1,0,10,2,59;216;332;436;600;353;253;638;603;643
1,8503,8783,1,1,0,10,5,63;220;336;440;604;353;257;638;607;693
1,8501,8583,1,0,0,10,2,65;222;338;442;606;353;259;640;609;695
0,8490,8567,1,0,0,10,0,76;233;349;453;617;353;270;640;620;706
0,8476,8540,1,0,0,10,0,90;247;363;467;631;353;284;640;628;720
0,8436,8502,1,1,0,9,0,130;287;403;507;657;353;324;640;628
1,8191,8424,1,0,1,6,4,375;199;532;627;752;916
0,8201,8257,1,0,0,6,0,365;189;522;627;524;906
1,8220,8497,1,0,1,6,5,346;170;503;619;524;887
1,8231,8314,1,0,0,6,1,335;159;492;608;522;876
0,8137,8192,1,0,0,7,0,429;1;1;36;253;586;648
0,8150,8217,1,0,0,6,0,416;1;23;240;573;648
1,8168,8256,1,0,0,7,1,398;1;5;222;555;648;775
1,8185,8261,1,0,0,6,1,376;205;538;648;758;922
1,8326,8397,1,0,0,8,1,240;64;395;513;522;657;723;434
1,8329,8387,1,1,0,8,1,237;61;394;486;522;657;720;431
0,8333,8398,1,1,0,8,0,227;57;390;486;522;657;716;427
1,8335,8388,1,0,0,8,1,227;55;388;486;522;657;714;425
1,8260,8318,1,1,0,6,1,293;130;463;579;522;847
1,8280,8481,1,0,1,6,4,286;110;443;555;522;827
1,8307,8378,1,0,0,8,2,259;83;416;532;522;657;742;453
0,8323,8395,1,1,0,8,0,243;67;395;516;522;657;726;437
1,7870,8079,1,1,1,12,7,553;268;31;276;259;86;223;303;520;100;150;648
1,7861,7947,1,0,0,12,4,591;277;40;276;268;86;232;312;529;170;159;648
1,7875,8109,1,1,1,12,4,549;263;26;276;254;86;218;298;515;100;145;648
0,7870,7942,1,1,0,12,0,549;268;31;276;259;86;223;303;520;100;150;648
1,7852,7907,1,0,0,12,1,591;286;49;276;277;86;241;321;538;179;168;648
1,7841,7920,1,0,0,12,1,591;297;60;311;288;86;252;332;549;190;179;648
1,7861,8092,1,0,0,12,7,591;277;40;276;268;86;232;312;529;100;159;648
0,7857,7912,1,1,0,12,0,591;281;44;276;272;86;236;316;533;174;163;648
1,8115,8181,1,0,0,8,1,451;23;52;14;58;275;608;724
0,8081,8139,1,0,0,9,0,485;57;52;48;12;92;292;642;758
1,8127,8182,1,0,0,8,1,439;11;52;2;46;263;596;648
1,8125,8207,1,0,0,8,1,441;13;52;4;48;265;598;704
1,7937,8161,1,0,1,12,6,549;201;245;192;56;156;236;292;94;83;648;902
1,7877,8123,1,1,1,12,5,549;261;24;276;252;86;216;296;295;100;143;648
1,8080,8135,1,0,0,9,1,486;58;102;49;13;93;292;643;759
0,7959,8016,1,0,0,12,0,549;179;223;170;34;134;214;292;72;61;648;837
0,7595,7651,1,0,0,15,0,29;91;40;971;543;306;587;157;533;398;498;578;768;436;425
1,7605,7891,1,0,1,15,7,19;81;30;961;533;296;577;147;524;388;488;568;768;426;415
0,7513,7564,1,0,0,13,0,111;173;122;1053;625;388;669;239;533;480;580;660;877
1,7588,7671,1,0,1,15,3,36;98;47;978;550;313;594;164;533;405;505;585;802;443;432
1,7641,7713,1,0,0,13,2,45;925;497;260;334;111;488;352;452;532;749;390;379
0,7680,7758,1,0,0,13,0,6;886;458;221;334;72;449;313;413;493;710;351;340
0,7614,7681,1,0,0,15,0,10;72;21;952;524;287;334;138;515;379;479;559;768;417;406
1,7614,7698,1,0,0,15,3,10;72;21;952;524;287;334;138;515;379;479;559;768;417;406
1,7746,7985,1,0,0,12,9,820;377;155;334;6;383;247;347;427;644;285;274
0,7766,7838,1,0,0,12,0,800;372;135;334;363;86;327;407;624;265;254;957
1,7710,7767,1,1,0,12,3,856;428;191;334;42;419;283;383;463;680;321;310
0,7745,7822,1,0,0,12,0,821;377;156;334;7;384;248;348;428;645;286;275
1,7832,8032,1,0,1,12,8,734;306;69;311;297;86;261;341;558;199;188;648
0,7836,7892,1,0,0,12,0,591;302;65;311;293;86;257;337;554;195;184;648
1,7796,7877,1,0,0,12,1,770;342;105;334;333;86;297;377;594;235;224;927
1,7809,8098,1,0,1,12,8,757;329;92;311;320;86;284;364;581;222;211;914
0,7220,7281,1,0,0,6,0,33;404;422;395;1271;849
1,7197,7273,1,0,0,7,2,19;33;427;422;438;1271;849
1,7188,7266,1,0,0,7,1,28;108;436;422;447;1271;849
1,7184,7415,1,0,0,7,5,32;112;440;422;451;1271;954
0,7279,7343,1,1,0,9,0,17;345;407;356;1271;714;612;903;473
1,7258,7500,1,1,1,9,8,33;366;422;377;1271;714;643;924;494
0,7242,7312,1,0,0,9,0,33;382;422;393;1271;714;659;940;510
1,7240,7537,1,1,1,9,7,33;384;422;395;1271;849;661;942;512
1,7417,7651,1,1,1,11,10,207;269;218;1149;714;484;765;335;712;576;676
0,7372,7434,1,0,0,8,0,252;314;263;1194;714;529;810;380
0,7345,7400,1,0,0,8,0,279;341;290;1221;714;556;837;407
1,7304,7379,1,0,1,8,3,320;382;331;1262;714;597;878;448
1,7475,7536,1,1,0,12,1,149;211;160;1091;663;426;707;277;533;518;618;698
0,7469,7536,1,1,0,12,0,155;217;166;1097;669;432;713;283;533;524;624;704
1,7439,7701,1,0,1,12,11,185;247;196;1127;699;462;743;313;549;554;654;734
1,7418,7634,1,0,1,11,10,206;268;217;1148;714;483;764;334;562;575;675
1,6888,7129,1,0,0,8,3,34;96;20;112;77;328;50;375
1,6909,7194,1,1,0,7,3,13;75;91;56;307;50;360
0,6933,6988,1,0,0,6,0,51;67;32;189;50;360
1,6941,7025,1,0,0,6,1,43;59;24;189;50;355
1,6948,7029,1,0,0,6,1,36;30;17;189;50;348
1,6949,7030,1,0,0,6,1,35;27;16;189;50;347
0,6993,7049,1,0,0,6,0,7;189;28;303;631;693
1,7022,7111,1,0,0,5,1,189;12;274;602;664
0,7034,7113,1,0,0,6,0,182;0;262;590;652;601
1,7038,7124,1,0,0,5,1,178;258;586;648;597
1,7041,7292,1,0,0,5,2,175;236;583;645;594
1,7065,7272,1,0,0,5,2,151;231;559;422;570
1,7066,7128,1,0,0,5,1,150;178;558;422;569
1,7121,7200,1,0,1,5,1,95;175;503;422;514
0,7129,7211,1,0,0,5,0,68;167;495;422;506
1,7163,7459,1,0,1,6,4,53;133;461;422;472;1403
1,6728,6993,1,0,0,8,1,194;256;180;272;205;488;301;568
1,6713,6765,1,0,0,8,1,209;271;195;287;252;503;301;583
1,6756,6828,1,1,0,8,3,166;228;152;244;190;460;278;438
1,6740,6961,1,0,1,8,5,182;244;168;260;190;476;294;556
0,6777,6829,1,1,0,8,0,145;207;131;223;188;439;50;383
1,6759,7022,1,0,0,8,3,163;225;149;241;190;457;275;383
1,6799,7009,1,1,0,8,2,123;185;92;201;166;417;50;383
1,6793,6865,1,0,1,8,1,129;191;115;207;172;423;50;383
1,6822,6897,1,1,0,8,2,100;162;86;178;129;394;50;383
1,6819,6895,1,0,0,8,1,103;165;89;179;146;397;50;383
1,6832,6892,1,0,0,8,1,90;152;76;150;129;384;50;383
1,6831,6901,1,0,0,8,1,91;153;77;169;129;385;50;383
1,6870,6943,1,1,0,8,1,52;114;38;130;93;346;50;383
0,6850,6916,1,1,0,8,0,72;134;58;150;93;366;50;383
1,6879,6963,1,0,0,8,3,43;105;29;121;86;337;50;383
0,6877,7176,1,0,0,8,0,45;107;31;122;88;339;50;383
1,10981,11050,1,0,0,9,2,50;216;439;241;480;628;301;501;409
1,10978,11262,1,0,1,9,6,50;219;439;244;483;631;301;501;519
1,10974,11026,1,1,0,9,2,50;223;453;248;487;635;301;501;523
1,10971,11040,1,1,0,9,1,79;226;456;251;490;638;301;501;526
1,10971,11057,1,1,0,9,1,55;226;456;251;490;638;301;501;526
1,10959,11175,1,0,0,9,4,91;238;468;263;502;650;417;501;538
1,10926,11182,1,0,0,9,4,124;271;501;296;535;667;450;514;571
1,10892,10948,1,0,0,9,1,158;305;535;330;569;709;484;514;605
1,10867,11116,1,0,0,9,4,160;330;560;338;586;709;509;686;630
1,10865,10916,1,0,0,9,1,160;332;562;338;586;744;511;721;632
1,10865,11154,1,0,1,9,4,160;332;562;338;586;709;511;721;632
0,10864,10928,1,0,0,9,0,160;333;563;338;586;745;512;722;633
1,10854,10921,1,1,0,8,1,160;343;573;338;607;755;522;732
1,10821,10873,1,0,0,8,1,160;376;606;338;611;788;555;765
0,10813,10873,1,0,0,8,0,160;384;614;338;611;796;563;773
1,10797,11051,1,0,1,8,2,5;160;400;621;425;611;807;579
1,10747,10824,1,1,0,7,1,55;160;450;621;435;714;862
1,10783,10855,1,0,1,8,1,19;160;414;621;435;678;807;593
0,10735,10790,1,0,0,7,0,67;160;462;621;435;726;874
0,10737,10788,1,1,0,7,0,65;160;460;621;435;724;872
0,10704,10763,1,0,0,7,0,98;160;493;621;435;757;905
0,10733,10804,1,1,0,7,0,69;160;464;621;435;728;876
1,10686,10891,1,0,0,7,1,116;364;511;621;517;775;923
1,10687,10906,1,0,0,7,2,115;363;510;621;435;774;922
0,10672,10751,1,0,0,7,0,130;378;525;621;517;789;937
0,10676,10747,1,0,0,7,0,126;374;521;621;517;785;933
1,10604,10680,1,0,0,7,2,198;446;593;66;621;525;857
0,10614,10679,1,0,0,7,0,188;436;583;56;621;517;847
1,10578,10870,1,0,0,7,4,224;472;619;92;840;525;883
0,10593,10662,1,0,0,7,0,209;457;604;77;621;525;868
1,10542,10593,1,0,0,8,1,260;508;655;128;14;885;525;919
1,10547,10613,1,1,0,8,1,255;503;650;100;9;840;525;914
1,10462,10545,1,1,0,7,1,340;588;679;172;94;965;525
1,10448,10533,1,0,0,7,1,354;598;714;172;108;979;525
1,10542,10621,1,0,0,8,1,260;508;655;100;14;885;525;919
1,10479,10556,1,1,0,8,1,323;571;679;172;77;935;525;982
1,10440,10492,1,0,0,7,1,362;598;756;172;116;987;782
1,10424,10508,1,0,0,6,1,378;626;756;172;132;1003
1,10442,10708,1,1,1,7,3,360;598;714;172;114;985;780
1,10441,10517,1,1,0,7,1,361;598;715;172;115;986;781
0,10410,10475,1,0,0,7,0,9;392;627;787;172;146;1017
1,10401,10485,1,0,0,7,1,18;401;649;796;172;155;1026
0,10418,10475,1,0,0,7,0,1;384;627;756;172;138;1009
1,10413,10490,1,0,0,7,1,6;389;627;784;172;143;1014
1,10349,10399,1,1,0,7,2,70;453;700;814;172;206;1078
1,10328,10409,1,1,0,7,1,91;474;14;700;814;172;206
1,10377,10433,1,1,0,7,2,42;425;671;814;172;179;1050
1,10360,10424,1,1,0,7,1,59;442;690;814;172;196;1067
1,10290,10367,1,2,0,8,2,1;129;492;52;719;814;172;206
0,10297,10497,1,2,0,7,0,122;492;45;713;814;172;206
1,10310,10576,1,2,1,7,2,109;492;32;713;814;172;206
1,10328,10403,1,2,1,7,2,91;474;5;700;814;172;206
1,10255,10503,1,1,0,8,2,36;153;547;87;727;835;190;206
1,10266,10323,1,1,0,8,2,25;153;536;76;727;814;172;206
1,10279,10342,1,2,0,8,2,12;140;506;63;727;814;172;206
1,10283,10339,1,2,1,8,2,8;136;506;59;719;814;172;206
1,10229,10501,1,1,1,9,4,13;62;153;573;113;740;835;441;327
1,10236,10322,1,0,0,9,2,6;55;153;566;106;740;835;190;320
1,10236,10479,1,1,0,9,1,6;55;153;566;106;727;835;190;320
1,10255,10504,1,1,1,8,2,36;153;547;87;727;835;172;206
1,10142,10412,1,0,1,9,6,80;149;0;153;660;200;908;864;528
1,10176,10228,1,0,0,9,1,66;115;153;626;166;874;856;494;380
1,10199,10452,1,0,1,9,4,43;92;153;603;143;851;856;471;357
1,10224,10492,1,0,0,9,4,18;67;153;578;118;740;856;446;332
0,10074,10129,1,0,0,8,0,14;168;217;68;303;728;227;976
1,10048,10122,1,0,0,8,2,11;40;194;229;94;303;742;294
1,10017,10071,1,0,0,10,1,42;0;71;225;274;125;0;303;742;325
1,9974,10185,1,0,0,10,2,85;43;114;267;317;168;43;303;762;368
1,10139,10221,1,0,0,9,1,103;152;3;153;663;203;911;864;531
1,10119,10336,1,0,0,9,5,123;172;23;153;683;223;931;1078;551
1,10091,10154,1,0,0,7,1,151;200;51;153;711;227;959
1,10076,10277,1,0,1,8,4,12;166;215;66;303;726;227;974
1,9889,9939,1,0,0,12,1,170;121;2;199;353;402;253;17;128;530;855;453
1,9888,10130,1,0,0,12,5,171;121;3;200;354;403;254;60;129;531;855;454
1,9852,9940,1,0,1,11,1,207;165;39;236;390;439;290;96;165;567;855
1,9848,10110,1,0,0,11,8,211;169;43;240;394;443;294;100;169;571;954
1,9958,10235,1,1,0,10,2,101;59;130;267;333;184;59;303;844;384
1,9955,10240,1,0,1,10,7,104;62;133;267;336;187;62;464;847;387
1,9953,10013,1,0,0,10,5,106;64;135;289;338;189;64;466;849;389
0,9942,9992,1,1,0,11,0,117;75;146;300;349;200;6;75;477;849;400
1,9668,9924,1,0,1,12,9,71;154;391;349;223;114;420;574;623;450;235;308
1,9677,9746,1,0,0,12,2,62;145;382;340;214;105;411;427;614;450;235;308
1,9648,9732,1,0,0,12,5,91;174;411;369;243;134;440;585;643;450;235;369
0,9650,9716,1,0,0,12,0,89;172;409;367;241;132;438;585;641;450;235;308
1,9755,9840,1,0,0,11,3,67;304;235;136;27;333;427;536;387;193;262
1,9803,9862,1,0,0,11,4,19;256;214;88;285;427;488;339;145;214;616
1,9689,9754,1,0,1,12,5,50;133;370;328;202;93;399;427;602;450;235;308
1,9754,9834,1,0,0,11,1,68;305;263;137;28;334;427;537;388;194;263
1,9542,9622,1,0,0,13,3,197;81;280;50;517;475;349;240;546;700;749;600;235
1,9575,9644,1,1,1,13,2,164;48;247;17;442;442;316;207;513;667;716;567;235
1,9485,9752,1,0,1,13,7,254;138;337;107;574;514;396;297;581;757;764;657;463
1,9487,9548,1,0,0,13,2,252;136;335;105;572;514;396;295;581;755;764;655;235
1,9591,9660,1,1,0,13,2,148;32;231;1;442;426;300;191;497;585;700;450;235
1,9595,9649,1,0,1,13,2,144;28;227;442;422;250;187;493;585;696;450;235;422
1,9582,9847,1,0,1,13,7,157;41;240;10;442;427;309;200;506;660;709;560;235
1,9585,9847,1,0,1,13,9,154;38;237;7;442;427;306;197;503;585;706;557;235
1,9388,9460,1,0,0,13,2,15;348;235;35;64;434;204;599;514;503;394;669;854
1,9374,9445,1,1,0,13,2,29;348;249;49;78;448;218;599;514;517;408;714;868
1,9426,9515,1,1,0,13,2,313;197;26;396;166;599;514;465;356;637;816;865;716
1,9389,9455,1,0,0,13,2,14;348;234;34;63;433;203;599;514;502;382;669;853
1,9479,9557,1,1,0,13,2,260;144;343;113;580;514;412;303;581;763;812;663;469
1,9441,9521,1,0,0,14,2,298;182;11;381;151;599;514;450;341;613;801;850;701;507
1,9481,9547,1,1,0,13,1,258;142;341;111;578;514;396;301;581;761;810;661;467
0,9481,9559,1,0,0,13,0,258;142;341;111;578;514;396;301;581;761;764;661;467
1,9186,9257,1,0,1,13,1,80;10;28;217;553;437;124;266;636;406;873;831;590
1,9155,9385,1,0,0,13,4,111;41;59;248;584;468;124;297;667;437;904;862;736
1,9247,9332,1,0,0,12,3,19;156;492;376;124;205;575;345;812;770;590;535
1,9189,9267,1,0,0,13,1,77;7;25;214;526;434;124;263;633;403;870;828;590
1,9289,9576,1,0,0,11,7,114;450;334;124;163;533;303;599;728;578;493
1,9264,9464,1,0,0,12,5,2;139;475;359;124;188;558;328;795;753;578;518
1,9347,9403,1,0,0,11,1,56;392;276;76;105;475;245;599;514;544;435
1,9322,9379,1,0,0,11,1,81;417;301;101;130;500;270;599;514;569;460
1,8953,9028,1,1,0,12,4,154;96;313;157;243;261;449;153;777;587;470;499
1,9026,9101,1,0,0,14,2,81;23;240;84;170;188;377;80;713;587;397;426;796;566
1,9039,9305,1,0,0,14,7,68;10;227;71;144;175;364;67;700;584;384;413;783;553
1,9044,9130,1,0,0,14,2,63;5;222;66;144;170;359;62;695;579;124;408;778;548
1,9073,9156,1,1,0,14,2,34;193;37;123;141;330;33;666;550;124;379;749;519;986
1,9074,9134,1,0,0,14,2,33;192;36;122;140;329;32;632;549;124;378;748;518;985
1,9085,9171,1,0,0,14,2,22;181;25;111;129;318;21;632;538;124;367;737;507;974
0,9147,9207,1,0,0,13,0,119;49;67;256;592;476;124;305;675;445;912;870;744
1,8862,9099,1,1,0,11,8,81;245;187;404;228;306;352;541;244;798;591
1,8871,8931,1,1,0,11,3,72;236;178;395;228;306;343;532;235;777;591
1,8873,8934,1,0,0,11,2,70;234;176;393;228;306;341;530;233;777;587
1,8874,8944,1,1,0,11,2,69;233;175;392;228;306;340;525;232;777;587
1,8893,8981,1,0,0,11,2,50;214;156;373;207;303;321;510;213;777;587
0,8912,8991,1,1,0,11,0,31;195;137;354;192;284;302;491;194;777;587
1,8919,8977,1,0,0,12,2,24;188;130;347;191;277;295;484;187;777;587;504
1,8939,9002,1,1,0,12,2,4;168;110;327;171;257;275;464;167;777;587;484
1,4656,4738,1,0,0,10,2,21;67;220;252;458;482;81;411;226;580
1,4624,4689,1,0,0,10,2,53;99;252;284;490;514;81;443;260;612
1,4707,4771,1,1,0,9,1,16;169;201;407;431;81;360;177;529
1,4666,4753,1,0,0,10,1,11;57;210;242;448;468;81;401;218;570
0,4582,4649,1,1,0,10,0,95;141;294;326;532;556;244;485;302;630
1,4565,4641,1,0,0,11,1,112;158;311;343;2;549;573;286;502;319;630
1,4612,4832,1,0,0,10,4,65;111;264;296;502;526;239;455;267;624
1,4592,4646,1,0,0,10,2,85;131;284;316;522;546;244;475;292;630
1,4778,5018,1,0,0,8,3,98;130;334;348;73;289;95;271
1,4773,4840,1,0,0,8,3,103;135;334;365;78;294;95;271
1,4819,5023,1,0,1,9,5,57;89;295;319;32;248;65;271;819
1,4795,4874,1,0,0,8,3,81;113;319;340;56;272;89;271
1,4753,5004,1,0,0,8,5,123;155;361;385;81;314;131;483
1,4717,4805,1,0,0,9,3,6;159;191;397;421;81;350;164;519
1,4772,4850,1,1,0,8,1,104;136;334;366;79;295;112;271
1,4760,4814,1,0,0,8,3,116;148;354;378;81;307;124;271
1,4890,5175,1,1,0,8,7,18;224;248;177;271;583;441;424
1,4902,4982,1,0,0,8,5,6;212;236;165;271;583;441;322
1,4927,5015,1,0,0,9,1,187;211;140;271;583;441;322;705;825
1,4937,5148,1,0,0,10,1,177;195;130;271;583;441;322;695;815;479
1,4822,5111,1,0,0,9,5,54;86;292;316;29;245;62;271;800
0,4829,4917,1,1,0,9,0,47;79;285;309;22;238;55;271;583
0,4875,4962,1,0,0,8,0,1;33;239;263;192;9;271;583
1,4885,5116,1,1,0,7,5,23;229;253;182;271;583;543
1,5006,5079,1,0,1,12,1,108;65;61;230;583;399;308;626;746;242;635;409
0,5009,5076,1,0,0,13,0,105;65;58;227;568;399;305;623;743;242;632;406;903
1,5016,5258,1,1,0,13,5,98;65;51;220;568;399;298;616;736;242;625;399;896
1,5019,5311,1,0,1,13,9,95;65;48;217;568;399;295;613;504;242;622;396;893
0,4940,5020,1,0,0,10,0,174;65;127;271;583;441;322;692;812;476
1,4974,5200,1,0,1,12,4,140;65;93;262;583;441;322;658;778;442;667;441
1,4980,5064,1,0,1,12,3,134;65;87;256;583;441;322;652;772;320;661;435
1,5005,5091,1,0,0,12,5,109;65;62;231;583;423;309;627;747;242;636;410
1,4190,4276,1,0,1,15,5,142;161;229;33;487;327;366;161;134;533;676;708;377;912;948
1,4171,4234,1,0,0,15,5,142;180;248;52;506;346;385;161;134;547;676;737;396;912;967
1,4150,4239,1,1,1,15,5,142;201;269;73;527;367;406;161;134;547;676;758;417;944;988
1,4120,4195,1,0,1,17,1,142;0;25;231;11;299;103;547;397;435;161;204;547;676;764;447;944
1,4104,4189,1,0,0,17,1,142;16;41;247;18;315;119;573;402;435;161;220;547;676;764;463;944
1,4096,4184,1,1,0,17,6,142;24;49;255;18;323;127;581;402;435;161;228;547;676;764;471;1018
1,4090,4158,1,0,0,16,2,142;30;55;261;41;329;133;587;402;435;161;234;547;676;764;477
1,4083,4154,1,1,1,16,3,142;37;62;268;48;336;140;594;429;435;161;241;547;676;764;484
1,4344,4412,1,0,0,15,3,2;7;75;333;173;76;51;379;532;564;223;770;794;507;723
1,4316,4368,1,0,0,16,4,30;35;103;361;201;76;79;8;407;560;592;251;798;822;535;751
1,4286,4338,1,0,0,15,4,60;65;133;391;231;76;109;38;437;590;616;281;828;852;565
1,4279,4350,1,0,0,14,5,67;72;140;398;238;76;116;45;444;597;629;288;835;859
1,4253,4549,1,0,1,14,10,93;98;166;418;264;303;142;71;470;623;655;314;861;865
1,4246,4311,1,0,0,14,2,100;105;173;431;271;310;149;78;477;630;662;321;868;865
1,4237,4325,1,0,0,14,4,109;114;182;440;280;319;158;87;486;639;671;330;872;901
1,4213,4295,1,0,0,15,5,133;138;206;10;464;304;343;161;111;507;663;695;354;901;925
0,4455,4531,1,1,0,13,0,222;62;60;268;421;453;112;659;683;396;503;429;781
1,4458,4514,1,1,0,13,4,219;59;60;265;418;450;109;656;680;393;503;426;778
1,4391,4679,1,0,0,14,9,28;286;98;60;4;332;485;517;176;723;747;460;676;493
1,4446,4531,1,0,0,12,3,231;71;60;277;430;462;121;668;692;405;503;438
1,4373,4438,1,0,0,13,4,46;295;144;60;22;350;503;535;194;741;765;478;694
1,4388,4441,1,0,0,13,3,31;289;129;60;7;335;488;520;179;726;750;463;679
1,4358,4425,1,0,0,13,1,61;319;159;76;37;365;511;550;209;756;780;493;709
1,4369,4445,1,0,0,13,1,50;308;148;60;26;354;507;539;198;745;769;482;698
1,4546,4597,1,0,0,12,3,131;10;177;330;362;21;568;592;305;503;324;690
1,4548,4621,1,1,0,12,1,129;4;175;328;360;19;566;590;303;503;324;688
0,4514,4565,1,1,0,13,0,163;3;42;209;362;394;53;600;624;337;503;328;722
1,4542,4618,1,1,0,12,2,135;14;181;334;366;25;572;596;309;503;328;694
1,4477,4555,1,0,0,13,2,200;40;45;246;399;431;90;626;661;374;503;407;759
1,4512,4594,1,1,0,13,2,165;5;44;211;364;396;55;602;626;339;503;372;724
0,4464,4520,1,1,0,13,0,213;53;45;259;412;444;103;650;674;387;503;420;772
1,4470,4559,1,1,0,13,4,207;47;45;253;406;438;97;644;668;381;503;414;766
1,3566,3814,1,0,1,11,7,152;305;211;119;780;554;306;460;579;785;565
1,3530,3588,1,1,0,10,3,182;341;240;155;816;580;306;496;615;793
1,3602,3685,1,1,0,12,2,116;269;175;83;744;518;306;424;543;749;420;817
1,3570,3645,1,0,0,11,3,148;301;207;115;776;550;306;456;575;781;420
1,3686,3755,1,0,0,13,2,32;185;91;660;434;249;340;459;665;420;609;537;355
1,3657,3944,1,0,1,14,10,61;214;120;28;689;463;278;369;488;694;420;762;566;384
0,3776,3838,1,0,0,14,0,95;1;570;344;159;250;369;575;339;609;447;265;901;741
1,3771,3839,1,0,0,14,2,100;6;575;349;164;255;374;580;360;609;452;270;906;746
1,3811,3900,1,0,0,13,4,60;535;309;124;215;334;540;312;608;412;230;866;706
1,3784,3852,1,1,0,13,2,87;562;336;151;242;361;567;339;609;439;257;893;733
1,3842,3916,1,0,0,13,2,29;471;278;93;184;303;509;289;577;381;199;835;625
1,3840,4116,1,0,0,13,7,31;506;280;95;186;305;511;291;579;383;201;837;625
1,3878,3928,1,0,0,12,1,468;242;57;148;267;473;253;541;345;163;690;625
1,3866,4068,1,0,1,13,7,5;471;254;69;160;279;485;265;553;357;175;811;625
1,3910,4206,1,1,0,13,7,436;210;25;116;235;441;214;509;313;131;690;607;646
1,3901,3979,1,0,1,13,1,445;219;34;125;244;450;230;518;322;140;690;616;655
1,3935,4146,1,0,0,14,5,411;185;0;91;210;416;196;484;288;106;690;582;435;460
1,3949,4038,1,0,0,14,3,376;171;77;196;402;182;470;274;92;690;568;435;446;375
1,3954,4161,1,1,0,14,7,376;166;72;191;397;177;465;269;87;690;521;435;441;370
1,3974,4035,1,0,0,14,1,372;146;52;171;377;157;445;249;67;690;521;435;313;350
1,3993,4074,1,0,1,15,3,353;127;33;152;358;138;426;230;38;684;521;435;313;331;730
1,4000,4075,1,0,0,15,2,346;104;26;145;351;131;419;223;38;677;517;435;313;324;723
1,4000,4226,1,1,0,15,5,346;104;26;145;351;114;419;223;38;677;517;435;313;324;723
1,4002,4084,1,0,0,16,2,142;104;24;143;349;114;417;221;38;675;515;435;313;322;721;874
1,4004,4211,1,0,0,17,8,142;104;22;141;347;98;415;219;37;673;513;435;313;320;719;872;904
1,4013,4277,1,0,0,17,9,142;104;13;132;338;98;406;210;28;664;504;435;313;311;710;863;764
1,4015,4068,1,0,0,17,2,142;104;11;130;336;98;404;208;26;662;502;435;313;309;708;676;764
1,4020,4259,1,1,0,17,6,142;100;6;123;331;98;399;203;21;657;497;435;313;304;703;676;764
1,4025,4324,1,1,1,17,9,142;95;1;120;326;98;394;198;16;652;492;435;161;299;698;676;764
0,4051,4118,1,1,0,15,0,142;69;94;300;80;368;172;626;466;435;161;273;547;676;764
1,4057,4295,1,1,0,16,6,142;63;88;294;74;362;166;620;460;435;161;267;547;676;764;510
1,4072,4145,1,1,0,16,4,142;48;73;279;59;347;151;595;445;435;161;252;547;676;764;495
1,3123,3344,1,1,0,12,5,61;135;201;107;333;358;330;533;748;496;514;398
1,3114,3173,1,0,1,12,5,70;144;210;116;342;358;339;533;757;496;516;407
1,3104,3189,1,0,0,12,5,80;154;218;126;352;358;343;533;764;496;581;417
1,3074,3145,1,0,0,10,3,110;184;218;156;382;358;343;533;765;496
1,3205,3283,1,0,0,11,1,53;119;25;251;296;183;494;666;496;480;316
1,3192,3261,1,0,0,11,2,66;132;38;256;309;183;524;679;496;493;329
1,3187,3257,1,0,0,11,1,71;137;43;269;314;183;524;684;496;498;334
1,3176,3244,1,0,0,12,2,8;82;148;54;280;325;183;533;695;496;509;345
1,3331,3407,1,0,0,12,1,125;170;122;387;540;446;354;190;866;789;604;695
1,3244,3501,1,0,0,11,4,14;80;212;257;183;464;627;496;439;277;1102
1,3218,3298,1,0,0,11,2,40;106;12;231;283;183;494;653;496;439;303
1,3217,3303,1,0,0,11,3,41;107;13;231;284;183;494;654;496;468;304
1,3384,3454,1,0,1,13,5,72;117;66;334;487;393;301;137;866;580;551;642;761
1,3376,3462,1,0,0,13,1,80;125;77;342;495;401;309;145;866;580;559;650;769
1,3368,3647,1,0,1,13,9,88;133;85;350;503;409;317;153;866;596;567;658;777
1,3343,3589,1,0,1,12,7,113;158;110;375;528;434;342;178;866;777;592;683
1,3404,3474,1,0,0,13,1,52;97;49;314;467;373;281;117;866;580;523;622;741
1,3413,3493,1,0,1,13,5,43;88;40;305;458;364;272;108;866;580;522;566;732
1,3392,3443,1,1,0,13,5,64;109;61;326;479;385;293;129;866;580;531;634;753
0,3403,3471,1,0,0,13,0,53;98;50;315;468;374;282;118;866;580;523;623;742
1,3426,3506,1,1,0,13,3,30;75;27;292;445;351;259;95;866;580;306;566;719
1,3438,3498,1,1,0,13,4,18;63;15;280;433;339;247;83;861;580;306;566;707
0,3422,3480,1,1,0,13,0,34;79;31;296;449;355;263;99;866;580;513;566;723
1,3422,3659,1,1,1,13,7,34;79;31;296;449;355;263;99;866;580;513;566;723
1,3475,3563,1,1,0,11,3,26;243;396;302;210;46;859;580;306;528;670
0,3479,3537,1,1,0,11,0,22;239;392;298;206;42;859;580;306;528;647
1,3454,3509,1,1,0,12,1,2;47;264;417;308;231;67;861;580;306;566;691
1,3462,3669,1,1,0,11,3,39;256;409;308;223;59;861;580;306;528;683
1,3516,3602,1,0,0,11,2,182;355;261;169;5;830;580;306;510;629;835
1,3517,3584,1,0,0,11,3,182;354;260;168;4;829;580;306;509;628;793
0,3482,3565,1,1,0,11,0,19;236;389;295;203;39;859;580;306;528;647
1,3512,3562,1,1,0,11,3,206;359;265;173;9;834;580;306;514;633;839
1,6483,6557,1,0,0,9,1,72;103;15;439;78;106;395;425;418
0,6487,6546,1,0,0,9,0,68;99;11;435;74;102;395;421;418
0,6506,6563,1,0,0,9,0,49;80;416;55;83;395;402;418;459
1,6510,6587,1,0,0,10,1,45;76;412;51;79;395;398;418;455;706
1,6425,6639,1,0,0,9,4,130;161;73;495;136;164;477;465;575
1,6459,6521,1,0,1,9,1,96;127;39;463;102;130;477;449;471
1,6460,6660,1,1,0,9,3,95;126;38;462;101;129;424;448;471
1,6479,6712,1,1,0,9,1,76;107;19;443;82;110;424;429;418
1,6387,6459,1,1,0,10,2,168;199;34;111;499;174;202;482;521;613
1,6389,6445,1,3,0,10,2,166;197;32;109;495;172;200;482;519;611
0,6393,6444,1,8,0,10,0,162;193;28;105;495;168;196;477;515;607
1,6400,6457,1,2,0,10,2,155;186;21;98;495;161;189;477;508;600
1,6352,6423,1,1,0,10,2,2;199;234;69;146;570;209;237;492;556
1,6365,6451,1,0,0,9,2,190;221;56;133;515;196;224;492;543
1,6367,6433,1,0,1,9,2,188;219;54;131;499;194;222;492;541
1,6386,6473,1,1,0,10,2,169;200;35;112;499;175;203;484;522;614
1,6663,6732,1,1,0,7,2,259;321;245;337;297;513;371
1,6660,6739,1,0,0,7,2,262;324;248;340;297;518;374
1,6701,6760,1,0,0,8,3,221;283;207;299;264;513;303;595
1,6672,6760,1,0,0,7,2,250;312;236;328;293;513;316
1,6627,6690,1,0,0,7,1,295;357;281;373;338;518;407
1,6578,6650,1,1,0,8,1,8;344;11;395;289;415;350;518
0,6658,6723,1,0,0,7,0,264;326;250;342;297;518;376
1,6630,6862,1,0,0,7,2,292;354;278;370;297;518;404
1,6562,6651,1,1,0,8,1,24;360;27;395;346;415;365;634
1,6555,6791,1,0,0,10,3,0;31;367;6;34;395;353;415;365;643
1,6577,6800,1,1,0,8,2,9;345;12;395;331;415;350;518
1,6574,6805,1,1,0,8,5,12;348;15;395;334;415;350;634
1,6522,6606,1,0,0,10,2,33;64;400;39;67;395;386;418;379;694
0,6515,6593,1,0,0,10,0,40;71;407;46;74;395;393;418;379;701
1,6554,6607,1,0,0,10,2,1;32;368;7;35;395;354;418;365;643
1,6553,6640,1,0,0,10,1,2;33;369;8;36;395;355;418;379;643
1,6045,6262,1,0,1,12,6,86;139;144;309;259;139;281;510;541;376;453;669
0,6062,6142,1,0,0,13,0,69;122;144;292;242;122;135;493;524;359;436;669;499
1,6025,6091,1,1,0,12,4,106;159;144;329;279;159;301;530;561;384;473;669
0,6039,6105,1,0,0,12,0,92;145;144;315;265;145;287;516;547;382;459;669
1,6021,6083,1,0,0,12,2,110;163;144;333;283;163;305;534;565;400;477;669
0,6021,6076,1,0,0,12,0,110;163;144;333;283;163;305;534;565;384;477;669
1,5980,6050,1,0,0,11,1,151;204;144;374;324;191;346;575;606;408;518
1,6018,6300,1,0,1,12,8,113;166;144;336;286;166;308;537;568;403;480;904
1,5936,6006,1,0,1,11,1,195;230;144;418;368;210;389;619;621;408;562
1,5937,6013,1,1,0,11,1,194;230;144;417;367;191;389;618;621;408;561
1,5925,5995,1,0,0,11,1,206;259;144;429;379;228;389;630;621;408;573
1,5931,6017,1,0,1,11,1,200;230;144;423;373;228;389;624;621;408;567
1,5911,6131,1,0,0,12,4,1;220;273;144;431;393;228;389;644;621;510;587
0,5913,5968,1,1,0,11,0,218;271;144;431;391;228;389;642;621;408;585
0,5898,5949,1,1,0,13,0,14;1;233;275;144;431;406;228;428;644;621;523;600
1,5911,5996,1,1,0,12,2,1;220;273;144;431;393;228;389;644;621;413;587
1,6339,6424,1,1,0,10,1,15;216;247;82;159;583;222;250;492;569
1,6320,6400,1,1,0,11,2,34;6;235;266;101;178;596;241;269;508;588
1,6314,6389,1,1,0,11,2,40;12;241;272;107;184;596;247;275;508;594
1,6310,6386,1,0,0,10,2,44;16;245;276;111;188;596;251;279;674
1,6310,6594,1,0,0,10,7,44;16;245;276;111;188;596;251;279;601
1,6284,6364,1,0,1,11,4,70;20;42;271;302;135;214;634;277;305;700
1,6264,6317,1,1,0,9,1,90;40;62;271;311;145;234;634;297
1,6260,6316,1,0,0,9,1,94;44;66;271;311;161;238;634;301
1,6252,6550,1,0,0,10,6,2;102;52;72;271;334;169;246;634;309
1,6245,6323,1,0,0,10,1,9;109;59;72;310;341;176;253;634;316
1,6242,6300,1,0,0,10,1,12;112;62;84;313;344;179;256;634;319
1,6214,6271,1,0,1,10,3,40;140;90;112;341;372;207;284;669;347
1,6146,6218,1,0,0,12,2,38;108;207;158;38;135;409;440;275;352;669;415
1,6128,6217,1,0,0,13,2,3;56;126;207;176;56;135;427;458;293;370;669;433
1,6125,6195,1,0,1,13,2,6;59;128;229;179;59;135;430;461;296;373;669;436
1,6097,6165,1,1,0,13,1,34;87;144;257;207;87;135;458;489;324;401;669;464
0,5614,5687,1,1,0,10,0,24;10;138;27;282;285;478;570;640;740
0,5621,5699,1,1,0,10,0,17;10;131;20;282;278;478;563;633;733
1,5667,5731,1,0,0,9,1,85;245;232;464;517;587;687;637;517
1,5668,5748,1,0,0,9,1,84;244;231;463;502;586;686;636;516
0,5678,5729,1,0,0,11,0,74;218;221;453;502;576;676;626;506;648;877
1,5681,5734,1,0,0,11,1,71;218;218;450;502;573;673;623;503;645;874
1,5684,5766,1,1,0,12,1,68;218;215;447;482;570;670;620;500;642;871;902
1,5697,5756,1,0,0,12,1,55;185;202;434;482;557;657;607;487;629;858;889
1,5527,5593,1,0,0,10,2,111;28;225;114;291;363;604;657;727;827
0,5542,5608,1,0,0,10,0,96;28;210;99;291;332;589;642;712;812
1,5557,5646,1,0,0,10,2,81;28;195;84;291;332;574;627;697;797
1,5568,5634,1,0,1,10,2,69;28;184;73;291;331;563;616;686;786
1,5590,5662,1,1,0,10,2,48;28;162;51;291;309;541;594;664;764
1,5602,5684,1,1,0,10,1,36;10;150;39;291;297;529;582;652;752
1,5609,5672,1,0,0,10,1,29;10;143;32;282;290;522;575;645;745
1,5613,5698,1,1,0,10,1,25;10;139;28;282;286;501;571;641;741
1,5846,5922,1,1,0,11,1,66;20;285;338;408;431;458;228;480;709;740
1,5834,5894,1,0,0,11,1,78;53;297;350;420;431;470;228;492;711;752
1,5873,6165,1,1,0,12,9,39;20;258;306;381;431;431;228;453;682;713;548
0,5856,5915,1,0,0,12,0,56;20;275;306;398;431;448;228;470;699;730;565
1,5888,5944,1,0,0,12,1,24;11;243;296;366;431;416;228;438;644;621;533
1,5884,5967,1,0,0,12,4,28;15;247;300;370;431;420;228;442;644;702;537
1,5898,5953,1,0,0,13,2,14;1;233;275;144;431;406;228;428;644;621;523;600
1,5897,6136,1,0,1,13,9,15;2;234;275;357;431;407;228;429;644;621;524;601
1,5727,5977,1,0,1,12,7,25;185;158;404;457;527;627;577;457;535;828;859
1,5705,5990,1,0,0,12,6,47;185;158;426;479;549;649;599;479;621;850;881
1,5762,6041,1,0,1,11,7,150;137;369;418;492;592;542;228;535;793;824
1,5741,5814,1,0,0,12,1,11;171;158;390;443;513;613;563;228;535;814;845
1,5777,5866,1,1,0,11,2,135;122;354;407;477;577;527;228;502;711;809
1,5767,5817,1,0,0,11,2,145;132;364;417;487;587;537;228;535;711;819
1,5813,6045,1,1,1,11,6,99;53;318;371;441;541;491;228;502;711;773
1,5811,5876,1,0,0,11,1,101;88;320;373;443;543;493;228;502;711;775
1,5236,5473,1,0,1,11,5,0;394;188;78;369;503;180;405;179;485;663
1,5242,5310,1,0,0,10,1,394;186;72;369;503;174;399;173;485;609
1,5223,5278,1,1,0,11,2,13;415;205;91;369;503;193;418;192;485;676
1,5226,5283,1,1,0,11,1,10;412;188;88;369;503;190;415;189;485;673
1,5279,5348,1,1,0,10,2,359;149;35;353;473;137;362;136;483;589
1,5296,5352,1,1,0,11,1,342;132;18;336;456;120;345;119;483;589;835
1,5251,5457,1,0,0,10,6,382;177;63;369;501;165;390;164;485;609
1,5273,5338,1,1,0,10,3,365;155;41;359;479;143;368;142;483;609
1,5044,5132,1,1,0,13,1,70;65;23;192;558;384;270;588;504;242;597;371;671
1,5050,5267,1,4,1,13,4,64;65;17;186;558;378;264;582;504;242;591;365;671
1,5034,5105,1,0,0,13,5,80;65;33;202;568;394;280;598;504;242;607;381;671
1,5037,5123,1,0,0,13,1,77;65;30;196;568;391;277;595;504;242;604;378;671
1,5222,5300,1,0,1,11,2,14;416;206;92;369;504;194;419;193;671;677
1,5222,5457,1,1,1,11,5,14;416;206;92;369;503;194;419;193;671;677
1,5114,5192,1,0,0,13,1,0;24;122;524;314;200;369;504;242;527;301;671;785
1,5187,5245,1,0,0,11,1,49;451;241;127;369;504;229;454;228;671;712
1,5457,5529,1,1,0,9,1,181;28;295;184;291;442;674;714;797
1,5425,5629,1,0,0,10,2,213;3;28;320;216;483;474;695;714;829
1,5420,5499,1,1,0,10,2,218;8;28;320;221;483;479;695;730;834
1,5419,5496,1,0,0,10,3,219;9;28;321;222;483;480;695;730;835
1,5485,5553,1,0,0,9,1,153;28;267;156;291;363;646;699;769
1,5474,5548,1,0,1,9,1,164;28;278;167;291;425;651;710;780
0,5472,5553,1,0,0,9,0,166;28;280;169;291;427;651;712;782
1,5459,5525,1,0,0,9,1,179;28;293;182;291;440;651;714;795
1,5349,5413,1,0,0,10,1,289;79;28;403;67;292;66;483;550;695
1,5331,5408,1,1,0,10,1,307;97;28;421;85;310;84;483;568;695
1,5323,5614,1,1,0,10,5,315;105;309;429;93;318;92;483;576;695
1,5308,5588,1,1,0,11,6,330;120;6;324;444;108;333;107;483;589;823
1,5417,5490,1,0,0,10,2,221;11;28;321;224;483;482;695;766;837
1,5407,5469,1,0,0,12,3,231;21;28;345;9;234;8;483;492;695;766;847
1,5364,5437,1,1,0,11,2,274;64;28;348;52;277;51;483;535;695;820
1,5354,5414,1,0,0,11,1,284;74;28;377;62;287;61;483;545;695;830
1,1918,2161,1,0,0,8,2,161;183;239;302;203;880;544;533
1,1911,2139,1,0,1,9,4,4;168;190;246;309;203;887;544;540
1,1874,2076,1,0,0,9,2,41;11;205;227;256;309;203;924;544
1,1867,1956,1,0,0,9,1,48;18;212;234;256;309;274;931;544
0,1865,1929,1,0,0,9,0,50;20;214;236;256;309;276;933;544
0,1864,1940,1,0,0,9,0,51;21;215;237;256;309;277;934;544
1,1856,1937,1,0,0,9,2,59;29;223;245;256;309;285;942;553
1,1831,1906,1,0,0,9,1,84;54;246;270;326;309;310;947;553
1,1976,2032,1,1,0,9,2,103;125;181;302;165;673;319;453;500
1,1975,2040,1,0,0,9,1,103;126;182;302;166;673;319;471;501
1,1971,2028,1,1,0,9,2,108;130;186;302;170;673;319;471;505
1,1939,2211,1,1,0,8,5,136;162;218;302;191;673;538;471
1,1934,1985,1,0,0,8,1,136;167;219;302;203;673;543;471
1,1931,2006,1,0,1,8,2,136;170;219;302;203;673;544;520
1,1930,2013,1,0,0,8,1,136;171;227;302;203;673;544;521
1,1927,1993,1,0,0,8,2,152;174;230;302;203;673;544;524
0,2066,2144,1,0,0,9,0,13;35;61;250;75;673;319;385;239
1,2070,2342,1,0,0,9,4,9;31;61;246;71;673;319;381;239
1,2064,2291,1,0,1,9,2,15;37;93;252;75;673;319;387;412
1,2065,2121,1,0,0,9,1,14;36;92;251;75;673;319;386;239
0,2039,2089,1,0,0,9,0,40;62;118;271;102;673;319;412;437
1,2055,2125,1,0,0,9,2,24;46;102;261;86;673;319;396;421
1,1988,2065,1,1,0,9,1,91;98;169;302;153;673;319;453;488
1,2027,2102,1,0,1,9,2,52;74;130;289;114;673;319;424;449
1,2154,2224,1,0,0,6,1,3;162;434;319;292;239
0,2156,2238,1,0,0,6,0,1;160;434;319;278;239
1,2137,2221,1,0,0,7,2,20;179;4;471;319;292;239
1,2145,2209,1,1,0,6,2,12;165;471;319;292;239
1,2115,2366,1,0,1,7,3,42;201;26;673;319;336;239
1,2131,2220,1,0,0,7,1,26;185;10;471;319;320;239
1,2079,2138,1,0,0,9,2,0;22;61;237;62;673;319;372;239
1,2081,2163,1,1,0,8,1,20;61;235;43;673;319;370;239
1,1417,1471,1,0,0,13,4,14;276;126;498;205;397;253;420;98;267;306;385;662
1,1410,1474,1,1,0,13,4,21;283;133;505;212;404;260;420;105;308;313;392;669
1,1530,1587,1,0,0,11,3,163;13;385;92;284;140;355;188;193;264;549
1,1481,1567,1,0,1,12,3,212;62;434;141;333;189;404;34;237;242;321;598
1,1317,1375,1,0,0,15,1,82;28;40;114;376;226;522;305;474;347;568;198;401;406;485
0,1309,1390,1,1,0,16,0,90;36;0;48;122;384;234;522;311;474;347;576;206;409;414;493
1,1353,1419,1,1,0,15,4,46;4;78;340;190;522;269;461;317;420;162;365;370;449;726
1,1334,1613,1,1,1,15,8,63;11;23;97;359;209;522;288;474;336;551;181;384;389;468
0,1587,1676,1,0,0,11,0,106;162;35;223;83;290;131;136;215;421;514
1,1574,1659,1,1,0,10,1,119;162;48;223;96;311;144;149;228;421
1,1593,1645,1,0,0,11,1,100;162;29;221;77;290;125;130;209;421;508
1,1593,1660,1,0,0,11,1,100;162;29;221;77;266;125;130;209;421;508
1,1558,1778,1,0,0,10,4,135;357;64;256;112;327;160;165;244;421
1,1532,1737,1,1,0,11,5,161;11;376;90;282;138;353;186;191;264;547
1,1569,1651,1,0,0,10,3,124;162;53;245;101;316;149;154;233;421
1,1568,1637,1,0,0,10,4,125;162;54;246;102;317;150;155;234;421
1,1653,1885,1,1,0,10,3,40;162;161;17;232;65;70;149;396;448
1,1656,1881,1,1,1,10,3,37;162;158;14;229;62;67;146;396;296
1,1666,1721,1,1,0,10,1,27;162;148;4;219;52;57;136;246;296
0,1681,1735,1,1,0,9,0,12;162;133;204;37;42;110;246;296
1,1602,1690,1,0,0,11,3,91;162;20;212;68;252;116;121;200;421;499
0,1618,1668,1,0,0,11,0,75;162;4;196;52;252;100;105;184;396;483
1,1622,1707,1,1,1,11,3,71;162;0;192;48;252;96;101;180;396;479
1,1646,1698,1,0,0,10,2,47;162;168;24;239;72;77;156;396;455
1,1788,1868,1,0,0,11,3,127;26;97;14;246;296;369;309;353;973;689
1,1792,1846,1,0,0,11,2,123;22;93;10;246;296;365;309;349;970;685
1,1797,1855,1,1,0,11,1,118;17;88;5;246;296;360;309;344;960;680
1,1816,2062,1,3,0,9,4,99;69;246;285;341;309;325;947;661
0,1706,1756,1,0,0,9,0,162;108;179;12;17;96;246;296;451
1,1721,1802,1,1,0,9,2,162;93;164;2;81;246;296;436;595
1,1754,1840,1,0,0,10,2,161;60;131;48;246;296;403;547;387;1044
1,1772,2057,1,0,0,10,5,143;42;113;30;246;296;385;544;369;973
1,2757,3046,1,0,1,10,3,41;23;427;42;5;499;553;380;517;744
1,2752,2840,1,0,0,10,1,46;28;432;47;10;506;553;380;517;749
1,2750,2831,1,0,0,10,2,48;30;434;47;12;508;574;380;517;751
1,2721,3005,1,1,0,10,5,77;59;459;47;41;537;603;380;711;780
1,2778,2861,1,0,0,10,1,20;2;406;21;463;546;380;505;598;629
1,2773,3037,1,1,1,10,5,25;7;411;26;463;551;380;505;728;629
1,2763,2984,1,1,0,10,3,35;17;421;36;463;553;380;505;738;690
1,2758,2823,1,1,0,10,1,40;22;426;41;4;499;553;380;505;743
0,2836,2911,1,0,0,7,0,335;422;465;380;505;598;617
1,2792,2867,1,1,0,9,1,6;392;7;431;465;380;505;598;627
1,2786,2839,1,0,0,9,1,12;398;13;463;465;380;505;598;627
1,2781,2846,1,0,1,9,1,17;403;18;463;465;380;505;598;629
1,2880,2941,1,1,0,7,2,237;378;444;350;505;589;573
1,2877,2940,1,0,0,7,3,237;381;447;353;505;598;576
1,2865,3079,1,0,1,7,5,255;393;459;365;505;598;588
1,2861,2933,1,0,0,7,3,323;397;463;369;505;598;592
1,2902,3173,1,1,1,7,5,237;356;422;328;481;529;551
1,2904,3132,1,2,1,7,5,237;354;420;326;481;401;549
1,2884,2973,1,1,0,7,3,237;374;440;346;505;535;569
1,2901,3111,1,0,0,7,3,237;357;423;329;505;529;552
1,2941,3225,1,0,0,8,4,216;317;383;289;481;401;344;777
0,2942,3011,1,1,0,8,0,216;316;382;288;481;401;344;533
1,2908,2959,1,1,0,7,1,237;350;416;322;481;401;344
1,2939,2998,1,1,0,8,3,237;319;385;291;481;401;344;779
0,2988,3047,1,0,0,8,0,196;270;336;242;468;358;343;533
0,3036,3120,1,1,0,9,0,148;222;288;194;420;358;343;533;835
1,2948,3028,1,1,0,8,2,216;310;376;282;481;401;344;533
1,2977,3191,1,1,1,8,4,207;281;347;253;479;358;344;533
1,3063,3141,1,1,0,10,2,121;195;218;167;393;358;343;533;808;714
1,3064,3331,1,0,1,10,7,120;194;218;166;392;358;343;533;765;713
1,3046,3121,1,0,0,9,1,138;212;278;184;410;358;343;533;825
1,3055,3118,1,0,0,9,1,129;203;218;175;401;358;343;533;816
1,2173,2242,1,1,0,7,2,143;434;304;278;239;562;439
1,2165,2398,1,0,1,6,3,151;434;312;278;239;615
1,2235,2502,1,0,0,8,3,81;434;242;216;220;545;212;949
1,2198,2487,1,1,0,7,3,118;434;279;253;220;562;414
0,2273,2349,1,0,0,9,0,43;434;204;178;203;507;212;757;526
1,2250,2464,1,0,1,9,5,66;434;227;201;220;521;212;934;549
1,2339,2393,1,0,0,8,2,434;138;112;137;441;212;757;460
1,2329,2400,1,1,0,8,1,434;148;122;147;451;212;757;470
0,2352,2428,1,0,0,9,0,434;125;99;121;428;212;757;447;191
1,2348,2621,1,0,0,9,4,434;129;103;121;432;212;757;451;414
1,2358,2426,1,1,0,9,1,434;119;93;118;396;212;757;441;191
1,2354,2424,1,0,1,9,2,434;123;97;121;426;212;757;445;191
1,2375,2460,1,0,0,9,1,423;102;76;101;396;212;757;405;191
1,2360,2448,1,0,0,9,3,434;112;91;116;396;212;757;439;191
1,2395,2452,1,1,0,9,1,403;19;56;81;376;212;757;404;191
1,2381,2449,1,0,0,9,2,417;19;70;95;396;212;757;405;191
1,2411,2481,1,0,0,9,1,387;19;40;65;369;201;739;388;191
1,2418,2480,1,1,0,9,1,380;19;33;58;362;141;739;381;191
0,2420,2480,1,1,0,9,0,378;19;31;56;360;141;710;379;191
1,2425,2514,1,0,1,9,3,373;19;26;51;355;141;710;374;191
1,2443,2522,1,0,0,9,1,355;19;8;33;337;141;710;356;191
1,2525,2592,1,0,1,8,2,273;255;87;659;274;191;733;799
1,2540,2775,1,0,1,9,4,258;240;72;610;259;191;718;784;690
1,2565,2651,1,1,0,10,1,233;215;47;610;47;191;693;759;665;891
1,2567,2863,1,0,1,10,6,231;213;45;610;47;191;691;757;593;889
1,2589,2843,1,0,0,10,4,209;191;23;595;47;173;669;735;593;793
1,2595,2662,1,0,1,10,2,203;185;17;589;47;167;556;729;593;793
1,2611,2906,1,0,1,10,4,187;169;1;573;47;151;556;696;593;793
0,2630,2687,1,0,0,9,0,168;150;554;47;132;556;694;380;793
1,2645,2733,1,0,0,9,2,153;135;539;47;117;556;679;380;793
1,2712,2773,1,1,0,10,3,86;68;459;47;50;546;612;380;744;789
1,2714,2776,1,0,1,10,3,84;66;459;47;48;544;610;380;722;787
1,135,185,1,1,0,9,1,306;214;114;193;673;211;762;437;661
1,142,398,1,0,1,9,5,294;207;107;186;666;204;755;437;654
1,118,379,1,0,1,9,7,319;231;131;14;210;690;228;779;582
0,129,213,1,0,0,10,0,312;220;120;3;199;679;217;768;437;667
1,51,115,1,0,0,11,1,390;47;298;198;81;28;277;757;295;846;649
1,103,158,1,0,0,9,1,334;246;146;29;225;705;243;794;597
1,3,79,1,0,0,8,1,438;96;346;246;129;76;325;805
0,42,102,1,0,0,11,0,399;47;307;207;90;37;286;766;304;855;658
0,313,399,1,1,0,11,0,128;36;11;495;33;546;387;409;538;747;1086
1,304,521,1,0,0,10,4,137;45;11;504;42;546;396;409;538;752
1,298,500,1,0,1,10,3,143;51;11;510;48;546;402;409;538;873
1,290,340,1,1,0,10,2,151;59;35;518;56;546;410;409;538;881
1,269,339,1,1,0,10,2,152;80;45;539;77;546;431;409;538;902
1,263,334,1,1,0,10,1,178;86;45;545;83;546;437;409;538;908
1,261,312,1,0,0,9,1,180;88;45;547;85;546;437;409;538
0,258,313,1,0,0,9,0,183;91;45;550;88;546;437;409;538
0,235,299,1,0,0,10,0,206;114;14;45;573;111;546;437;409;538
1,221,520,1,0,0,10,4,220;128;28;45;587;125;546;437;434;538
1,215,289,1,0,0,10,2,226;134;34;113;593;131;546;437;434;538
1,209,298,1,0,0,10,1,232;140;40;119;599;137;616;437;434;538
1,191,404,1,0,0,10,2,250;158;58;137;617;155;616;437;434;739
0,152,224,1,0,0,9,0,264;197;97;176;656;194;616;437;434
1,149,356,1,0,0,9,2,264;200;100;179;659;197;748;437;434
1,143,205,1,0,1,9,1,294;206;106;185;665;203;754;437;434
0,1033,1093,1,0,0,17,0,137;366;83;312;276;83;324;12;156;398;546;510;820;589;781;637;802
1,1045,1134,1,0,0,17,4,126;354;71;300;264;71;312;0;144;386;546;498;820;577;769;625;802
1,1005,1074,1,0,0,16,3,166;394;111;339;25;304;111;352;40;184;426;546;538;820;617;809
1,1028,1095,1,0,0,18,4,137;371;88;317;2;281;88;329;17;161;403;546;515;820;594;786;642;857
1,1064,1138,1,0,0,19,4,107;333;52;281;245;52;293;125;367;546;479;814;558;750;606;802;451;654;659
1,1081,1343,1,0,1,19,13,90;318;35;264;228;35;276;108;350;546;462;801;541;733;589;802;434;637;642
1,1048,1117,1,1,0,17,2,123;351;68;297;261;68;309;141;383;546;495;814;574;766;622;802;467
0,1055,1126,1,0,0,18,0,116;333;61;290;254;61;302;134;376;546;488;814;567;759;615;802;460;663
1,886,975,1,0,0,15,3,11;44;285;513;230;459;144;423;230;459;159;303;545;807;657
1,923,1005,1,0,0,14,2,7;248;476;193;422;107;386;193;434;122;266;508;770;620
0,850,907,1,0,0,15,0,47;80;321;549;266;495;180;459;266;459;195;339;579;843;693
1,856,919,1,0,0,15,2,41;74;315;543;260;489;174;453;260;459;189;333;575;837;687
1,963,1013,1,0,0,15,1,208;436;153;382;67;346;153;394;82;226;468;546;580;952;659
1,988,1196,1,0,0,16,8,183;411;128;339;42;321;128;369;57;201;443;546;555;907;634;826
1,939,1193,1,0,1,14,10,232;454;177;406;91;370;177;418;106;250;492;754;604;976
1,963,1028,1,0,0,15,3,208;436;153;382;67;346;153;394;82;226;468;546;580;907;659
1,1240,1296,1,1,0,15,3,159;105;69;117;191;453;303;535;311;476;430;645;275;478;483
1,1235,1435,1,0,0,15,7,164;110;74;122;196;458;308;535;311;579;435;650;276;483;488
1,1214,1283,1,0,0,15,3,185;131;95;143;217;479;329;535;311;600;456;671;276;504;509
1,1203,1257,1,0,0,15,1,196;142;106;154;228;490;340;535;311;611;467;682;312;515;520
1,1305,1526,1,1,0,16,7,94;40;4;52;126;388;238;535;311;474;347;580;210;413;418;497
1,1281,1334,1,0,1,16,4,118;64;9;76;150;412;262;535;311;476;347;604;234;437;442;521
1,1274,1334,1,1,0,16,1,125;71;9;83;157;419;269;535;311;476;396;611;241;444;449;528
1,1264,1325,1,1,1,15,4,135;81;45;93;167;429;279;535;311;476;406;621;251;454;459
0,1133,1212,1,1,0,17,0,38;266;212;176;224;56;298;546;410;535;489;681;537;752;382;585;590
1,1125,1403,1,0,0,17,11,46;274;220;184;232;64;306;546;418;790;497;689;545;760;390;593;598
1,1102,1153,1,1,0,19,2,69;297;14;243;204;14;255;87;329;546;441;795;520;712;568;783;413;616;621
1,1088,1155,1,1,0,19,5,83;311;28;257;221;28;269;101;343;546;455;795;534;726;582;797;427;630;635
1,1177,1254,1,1,0,16,3,218;168;132;180;12;254;516;366;535;311;637;493;705;338;541;546
1,1173,1472,1,0,1,16,11,218;172;136;184;16;258;520;370;535;311;641;497;712;342;545;550
1,1172,1381,1,1,0,16,7,218;173;137;185;17;259;521;371;535;450;642;498;713;343;546;551
1,1163,1242,1,0,0,17,2,8;236;182;146;194;26;268;530;380;535;459;651;507;722;352;555;560
0,537,593,1,0,0,13,0,271;360;163;259;393;634;793;579;767;493;772;107;579
1,540,592,1,0,0,13,1,268;357;160;256;390;631;793;576;767;490;769;104;576
1,547,604,1,0,0,13,1,261;350;153;212;383;624;793;569;767;483;762;97;569
1,558,815,1,0,1,13,7,250;339;142;212;327;613;793;558;767;472;751;86;558
1,567,618,1,1,0,14,3,241;330;133;212;327;604;793;549;767;463;738;77;549;790
1,583,854,1,0,1,15,11,225;314;117;212;327;568;793;533;762;447;726;61;533;774;462
1,616,672,1,0,0,15,2,192;281;84;180;314;555;783;500;729;414;488;28;500;741;429
1,644,921,1,0,1,15,10,164;253;56;152;286;527;755;472;701;386;488;0;472;713;401
1,325,402,1,0,0,12,1,116;24;3;483;21;546;375;409;538;747;1074;791
1,412,463,1,0,0,10,1,29;396;485;288;384;518;747;987;704;933
1,438,508,1,0,0,12,1,3;370;459;262;358;477;733;961;678;907;592;871
1,444,528,1,0,0,11,2,364;453;256;352;477;727;955;654;901;586;865
1,466,519,1,0,0,11,1,342;431;234;330;464;705;933;650;879;564;818
1,480,704,1,0,0,12,6,328;417;220;290;450;691;919;636;865;550;818;164
1,506,571,1,0,0,13,1,302;391;194;290;424;665;893;610;767;524;803;138;610
1,520,608,1,0,0,13,2,288;377;180;276;410;651;879;596;767;510;789;124;596
1,757,810,1,0,0,15,2,51;140;39;173;414;642;359;588;273;469;299;600;288;406;636
1,742,823,1,0,0,15,3,66;151;54;188;429;657;374;603;288;469;299;615;303;406;689
1,776,859,1,0,0,15,3,32;121;20;154;395;611;340;569;254;469;299;581;269;406;636
1,765,831,1,0,0,15,3,35;132;31;165;406;634;351;580;265;469;299;592;280;406;636
1,815,879,1,0,0,14,3,82;115;356;584;301;505;215;469;299;459;230;374;616;878
1,810,899,1,0,0,14,2,87;120;361;589;306;505;220;469;299;547;235;379;621;883
1,843,917,1,0,0,15,1,49;87;328;556;273;502;187;466;273;459;202;346;588;850;700
1,817,894,1,0,0,14,4,80;113;354;557;299;505;213;469;299;459;228;372;614;876
1,657,720,1,0,0,14,2,151;151;43;139;273;514;742;459;653;373;488;459;700;388
1,649,871,1,0,1,14,11,159;248;51;147;281;522;750;467;653;381;488;467;708;396
1,711,762,1,0,1,14,2,89;151;85;219;460;684;405;634;319;488;405;646;334;478
1,691,762,1,1,0,15,3,89;151;9;105;239;480;708;425;653;339;488;425;666;354;498
1,724,1010,1,0,0,14,5,84;151;55;206;447;675;392;621;306;488;392;633;321;406
1,713,800,1,0,0,14,3,89;151;55;217;458;684;403;632;317;488;403;644;332;476
1,741,829,1,0,0,15,4,67;151;55;189;430;658;375;604;289;488;299;616;304;406;690
0,728,779,1,0,0,14,0,80;151;55;202;443;671;388;617;302;488;299;629;317;406
239
3327,4026,94.37,11
3356,4145,30.66,11
3492,4351,79.40,9
3544,4131,291.13,8
3102,3521,0.00,10
3241,4346,577.21,11
3282,4120,220.52,8
3294,3935,235.99,9
3722,4517,214.32,10
3888,4556,475.95,11
3933,4395,280.50,8
3939,4324,70.27,8
3592,4419,153.31,10
3611,4223,0.00,11
3619,4041,29.13,8
3721,4677,227.72,11
2344,2762,223.97,10
2248,2799,305.12,8
2520,3324,196.40,8
2481,3258,188.34,8
2162,2780,128.13,11
1970,2476,208.94,8
2223,3184,519.09,9
2172,2612,263.54,11
3015,3871,44.35,8
2920,3718,350.10,8
3085,3685,97.27,9
3063,3777,286.34,11
2561,3456,396.15,9
2529,3230,307.14,9
2759,3453,428.75,11
2693,3501,370.63,11
5394,6254,229.64,8
5527,6354,137.18,8
5286,6131,195.80,11
5354,6184,279.37,11
5009,5912,671.11,9
5053,5899,290.49,9
4941,5641,0.00,8
4949,5415,0.00,8
5897,6498,0.00,10
6004,6922,384.31,8
5682,6586,105.17,10
5850,6421,168.72,8
5675,6326,318.55,8
5677,6555,178.85,9
5637,6304,0.00,11
5641,6184,266.89,11
4308,5067,173.60,10
4283,4851,201.08,9
4143,5138,251.48,11
4096,5114,197.53,10
4057,4567,0.00,8
4003,4908,183.35,11
4001,4876,208.83,9
3980,4723,183.15,11
4928,5416,200.72,10
4920,5752,322.97,8
4911,5632,513.08,8
4888,5314,102.24,11
4882,5428,144.55,8
4799,5638,328.34,11
4455,5236,278.58,8
4391,4884,163.56,9
14657,15422,75.61,9
14643,14860,0.00,11
14622,15229,38.88,8
0,441,140.17,5
0,99,49.29,1
0,349,0.00,6
0,249,0.00,2
0,132,0.00,1
0,79,0.00,1
0,328,102.08,4
0,808,78.74,9
5,346,0.00,11
8,897,331.47,10
39,700,196.84,9
127,796,360.54,10
1008,1670,49.31,8
1008,1885,289.28,8
958,1622,139.33,10
977,1814,168.98,8
1062,1723,0.00,10
1272,1802,83.86,10
1048,1515,36.24,9
1055,1718,76.68,8
1689,2157,110.82,9
1713,2316,324.47,10
1344,2079,323.08,9
1580,2101,179.88,8
1785,2477,433.10,9
1896,2451,158.14,8
1739,2141,114.38,8
1747,2798,566.95,8
318,1116,24.50,9
306,1399,251.44,11
262,1171,193.05,8
180,930,308.52,11
475,644,0.00,11
427,1309,387.61,10
423,1030,0.00,11
373,1345,279.88,8
669,1189,70.35,9
583,1045,0.00,8
562,1357,88.01,10
498,1116,93.30,11
925,1915,630.15,9
823,1543,0.00,11
784,1693,208.99,9
738,1431,77.66,8
11559,12482,477.59,8
11749,12397,191.47,11
11500,12327,177.29,9
11522,12479,255.39,10
11449,12241,244.14,11
11469,11931,0.00,8
11350,12195,131.46,8
11383,12115,116.90,9
11221,11927,131.53,11
11287,11972,239.11,11
11203,12204,353.20,9
11205,11939,110.80,9
11096,11483,64.32,8
11168,11867,213.15,8
10800,11586,250.75,8
10855,11497,226.79,11
12355,12985,217.83,8
12320,13180,337.84,11
12318,13055,330.79,9
12299,12779,0.00,10
12261,12703,62.75,8
12232,12772,2.60,11
12200,12894,0.00,8
12187,12917,176.08,10
12177,12921,180.91,8
12139,13334,878.44,11
12123,12881,303.04,8
12012,12735,274.69,10
11961,12562,327.14,9
11945,13129,460.24,9
11926,12572,195.59,11
11915,12472,73.87,9
13564,14502,436.16,10
13738,14449,257.33,8
13751,14958,147.07,11
13758,14569,239.21,9
13288,14116,48.89,9
13395,14321,162.40,8
13401,14098,274.72,8
13561,14160,283.75,9
13065,13812,246.17,10
13152,14102,159.45,8
13174,13884,118.89,11
13231,13571,0.00,9
12428,12973,169.53,11
12744,13559,311.71,9
12943,13646,65.43,8
12968,13569,497.87,9
14526,15164,285.46,11
14472,15424,93.52,11
14611,15629,298.62,8
14538,15065,0.00,9
14235,14911,16.23,8
14216,14707,44.65,10
14304,14912,42.04,11
14257,15201,158.42,11
14069,14857,177.64,11
13899,14457,0.00,8
14215,15099,149.86,10
14100,15000,183.72,9
13802,14638,236.74,11
13802,14429,94.74,11
13847,14504,239.06,10
13808,14486,192.29,9
6986,7686,223.88,10
7027,7635,43.44,10
6701,7296,347.32,11
6961,7624,0.00,8
7224,7901,31.21,11
7228,8182,403.61,9
7137,8566,437.70,10
7181,8138,342.58,8
6284,6984,279.64,10
6312,6908,125.95,8
6046,6561,0.00,8
6279,6589,0.00,9
6508,7216,340.60,9
6627,7034,318.51,10
6370,7000,242.42,10
6496,6965,270.50,9
8184,9107,224.64,8
8156,8943,256.74,9
7908,8839,284.90,10
7748,8723,288.77,11
8352,9110,166.11,11
8336,9266,275.84,9
8306,8760,0.00,9
8298,9049,263.25,9
7412,8093,0.00,10
7403,7993,161.12,11
7389,8129,179.22,8
7232,7752,0.00,8
7586,8020,0.00,9
7585,8031,70.67,10
7503,8390,258.61,11
7439,8173,0.00,10
8978,9822,0.00,8
8985,9592,0.00,8
9071,10059,271.53,11
9111,10017,330.30,9
9145,9891,225.64,8
9238,9782,12.10,9
9355,10088,201.25,11
9367,10242,289.37,10
8450,9196,179.33,10
8567,9214,59.18,9
8644,9403,129.76,11
8659,9106,0.00,10
8660,9739,232.44,8
8839,9623,178.97,9
8914,9423,284.26,11
8940,9452,59.90,10
10117,10670,332.74,9
10105,11197,407.21,11
10347,11427,462.42,9
10171,10556,114.46,10
10466,11461,171.46,10
10434,11222,449.29,11
10754,11376,116.14,11
10667,11609,179.85,11
9398,10291,91.99,11
9398,10142,107.57,8
9592,10017,96.78,11
9432,9948,291.80,10
9845,10802,281.65,8
9788,10419,311.18,11
10058,11050,454.97,11
9878,10342,76.75,10
