1004
0,235,299,1,1,0,10,0,500;45;14;27;71;111;546;465;561;695
1,221,520,1,0,0,10,4,587;45;28;27;71;125;546;479;575;709
1,215,289,1,0,0,10,3,593;113;34;27;71;131;546;485;581;715
1,209,298,1,0,0,10,1,599;119;40;27;71;137;616;491;587;721
1,269,339,1,0,0,10,3,497;45;27;71;77;546;431;527;661;902
1,263,334,1,0,0,10,1,500;45;27;71;83;546;437;533;667;908
1,261,312,1,0,0,9,1,500;45;27;71;85;546;439;535;669
0,258,313,1,1,0,9,0,500;45;27;71;88;546;442;538;672
0,313,399,1,0,0,11,0,495;11;27;71;19;546;387;479;617;858;1086
1,304,521,1,1,0,10,4,497;11;27;71;42;546;396;479;626;867
1,298,500,1,1,0,10,3,497;11;27;71;48;546;402;498;632;873
1,290,340,1,1,0,10,3,497;35;27;71;56;546;410;506;640;881
1,444,528,1,0,0,11,2,364;453;256;352;486;727;955;654;901;586;865
1,438,508,1,0,0,12,1,370;3;459;262;358;492;733;961;678;907;592;871
0,412,463,1,0,0,10,0,396;29;485;288;384;518;759;987;704;933
0,325,402,1,0,0,12,0,483;3;24;71;19;546;375;471;605;846;1074;791
1,51,115,1,0,0,11,1,757;277;28;81;198;298;47;390;295;846;649
1,103,158,1,0,0,9,1,705;225;29;146;246;334;243;794;597
1,3,79,1,0,0,8,1,805;325;76;129;246;346;96;438
0,42,102,1,0,0,11,0,766;286;37;90;207;307;47;399;304;855;658
1,135,185,1,0,0,9,1,673;193;114;214;160;211;762;565;661
1,142,398,1,1,0,9,6,666;186;107;207;119;204;755;558;654
1,118,379,1,0,0,9,7,690;210;14;131;231;319;228;779;582
0,129,213,1,0,0,10,0,679;199;3;120;220;160;217;768;571;667
0,152,224,1,0,0,9,0,656;176;97;197;71;194;616;548;644
1,191,404,1,0,0,10,2,617;137;58;158;71;155;616;509;605;739
0,143,205,1,0,0,9,0,665;185;106;206;71;203;754;557;653
1,149,356,1,0,0,9,2,659;179;100;200;71;197;748;551;647
1,2154,2224,1,0,0,6,1,3;27;534;323;297;322
0,2156,2238,1,0,0,6,0,1;27;534;321;238;320
0,2137,2221,1,0,0,7,0,20;27;4;534;340;314;339
1,2145,2209,1,0,0,6,2,12;27;534;332;306;331
1,2198,2487,1,1,0,7,3,27;534;279;218;90;582;414
1,2235,2502,1,1,0,8,3,27;534;242;216;64;545;377;949
1,2165,2398,1,0,0,6,2,27;534;312;238;311;615
1,2173,2242,1,0,0,7,1,27;534;304;238;90;607;439
0,2066,2144,1,1,0,9,0,13;35;61;27;75;732;406;385;410
1,2070,2342,1,0,0,9,6,9;31;61;27;71;728;406;381;406
1,2064,2291,1,0,0,9,5,15;36;93;252;77;734;406;387;412
1,2065,2121,1,0,0,9,2,14;36;92;27;76;733;406;386;411
1,2115,2366,1,0,0,7,4,42;27;26;683;362;336;361
1,2131,2220,1,0,0,7,2,26;27;10;623;346;320;345
1,2079,2138,1,1,0,9,2,0;22;61;27;62;719;398;372;397
1,2081,2163,1,1,0,8,2,3;61;27;60;717;396;370;395
0,1976,2032,1,1,0,9,0,80;82;181;340;165;822;501;475;500
1,1975,2040,1,1,0,9,3,82;82;182;341;166;823;502;476;501
0,1971,2028,1,1,0,9,0,82;82;186;345;170;827;506;480;505
1,1939,2211,1,1,0,8,6,82;88;218;377;191;859;538;512
1,2055,2125,1,0,0,9,2,24;46;102;261;86;743;406;396;421
1,2039,2089,1,0,0,9,1,40;49;118;277;102;759;438;412;437
1,2027,2102,1,0,0,9,2,52;74;130;289;114;771;450;424;449
1,1988,2065,1,1,0,9,3,80;82;169;328;153;810;489;463;488
1,1918,2161,1,1,0,8,4,107;88;239;398;203;880;559;533
1,1911,2139,1,0,0,9,3,4;107;190;246;405;203;887;566;540
1,1874,2076,1,0,0,9,4,33;11;132;227;256;442;203;908;603
1,1867,1956,1,0,0,9,1,33;12;132;234;256;449;274;908;610
1,1934,1985,1,1,0,8,1,82;88;222;382;203;864;543;517
1,1931,2006,1,0,0,8,3,107;88;222;385;203;867;546;520
1,1930,2013,1,0,0,8,2,107;88;227;386;203;868;547;521
0,1927,1993,1,0,0,8,0,107;88;230;389;203;871;550;524
1,1788,1868,1,0,0,11,2,33;26;12;14;291;313;369;528;353;973;689
1,1792,1846,1,0,0,11,1,33;22;12;10;287;309;365;524;349;970;685
1,1797,1855,1,1,0,11,1,33;17;12;5;282;304;360;519;344;960;680
1,1816,2062,1,3,0,9,7,33;12;263;285;341;500;325;947;661
1,1831,1906,1,0,0,9,2,33;12;132;270;326;485;310;947;646
1,1856,1937,1,0,0,9,1,33;12;132;245;256;460;285;942;621
0,1864,1940,1,1,0,9,0,33;12;132;237;256;452;277;908;613
0,1865,1929,1,0,0,9,0,33;12;132;236;256;451;276;908;612
1,1653,1885,1,1,0,10,4,6;262;70;17;215;65;70;146;426;448
1,1656,1881,1,0,0,10,4,6;101;70;14;215;62;67;146;423;445
1,1666,1721,1,0,0,10,1,6;90;70;4;215;52;57;136;413;435
0,1681,1735,1,0,0,9,0,6;33;70;204;37;42;121;398;420
1,1706,1756,1,0,0,9,1,33;70;179;12;17;96;373;395;451
1,1721,1802,1,0,0,9,3,33;70;164;2;66;358;380;436;595
1,1754,1840,1,0,0,10,1,33;45;131;48;325;347;403;562;387;1044
1,1772,2057,1,0,0,10,6,33;42;113;30;307;329;385;544;369;973
1,1587,1676,1,0,0,11,1,32;283;35;70;83;298;131;136;148;492;514
1,1574,1659,1,0,0,10,1,32;283;48;70;96;311;135;149;228;505
0,1593,1645,1,1,0,11,0,32;283;29;70;77;215;125;130;148;486;508
1,1593,1660,1,0,0,11,1,32;283;29;70;77;215;125;130;148;486;508
0,1618,1668,1,1,0,11,0,6;283;4;70;52;215;100;105;146;461;483
1,1602,1690,1,1,0,11,1,32;283;20;70;68;215;116;121;146;477;499
1,1646,1698,1,1,0,10,1,6;269;70;24;215;72;77;146;433;455
1,1622,1707,1,0,0,11,2,6;283;0;70;48;215;96;101;146;457;479
1,1417,1471,1,0,0,13,1,14;162;126;498;205;397;253;468;98;284;306;385;662
1,1410,1474,1,0,0,13,1,21;162;133;505;212;404;260;475;105;308;313;392;669
1,1530,1587,1,0,0,11,1,162;13;385;92;284;140;355;188;193;272;549
1,1481,1567,1,0,0,12,3,162;62;434;141;333;189;404;34;237;242;321;598
1,1558,1778,1,0,0,10,4,32;357;64;256;112;327;160;165;244;521
1,1532,1737,1,1,0,11,5,161;11;383;90;282;138;353;172;191;270;547
1,1569,1651,1,0,0,10,2,32;283;53;70;101;316;149;154;233;510
1,1568,1637,1,0,0,10,3,32;347;54;70;102;317;150;155;234;511
1,1334,1613,1,0,0,15,8,65;11;23;97;294;209;581;288;480;336;551;181;384;389;468
1,1353,1419,1,0,0,15,1,46;4;78;162;190;562;269;461;317;532;162;365;370;449;726
0,1309,1390,1,0,0,16,0,90;36;0;39;122;294;234;606;313;505;361;576;206;409;414;493
0,1317,1375,1,0,0,15,0,82;28;39;114;294;226;598;305;497;353;568;198;401;406;485
1,1281,1334,1,0,0,16,2,118;40;28;76;150;294;262;626;341;533;389;604;234;437;442;521
1,1305,1526,1,0,0,16,8,94;40;4;41;126;294;238;610;317;509;365;580;210;413;418;497
1,1264,1325,1,0,0,15,2,135;81;45;78;167;294;279;646;358;550;406;621;251;454;459
1,1274,1334,1,0,0,16,2,125;71;35;78;157;294;269;626;348;540;396;611;241;444;449;528
1,1235,1435,1,0,0,15,8,164;110;74;122;196;294;308;646;387;579;435;650;280;483;488
1,1240,1296,1,1,0,15,2,159;105;69;115;191;294;303;646;382;574;430;645;275;478;483
1,1203,1257,1,0,0,15,2,196;142;106;154;226;312;340;662;419;611;467;682;312;515;520
1,1214,1283,1,0,0,15,2,185;131;95;143;217;294;329;662;408;600;456;671;301;504;509
1,1173,1472,1,1,0,16,9,226;172;136;184;8;226;331;370;742;449;641;497;712;342;545;550
1,1177,1254,1,0,0,16,2,222;168;132;180;8;226;312;366;738;445;637;493;708;338;541;546
1,1163,1242,1,0,0,17,1,8;236;182;146;194;26;226;530;380;752;459;651;507;722;352;555;560
1,1172,1381,1,0,0,16,6,227;173;137;185;8;226;521;371;743;450;642;498;713;343;546;551
1,1133,1212,1,0,0,17,1,38;266;212;176;224;56;298;560;410;782;489;681;537;752;382;585;590
1,1125,1403,1,0,0,17,10,46;274;220;184;232;64;306;568;418;790;497;689;545;760;390;593;598
1,1102,1153,1,1,0,19,1,69;284;14;243;207;14;255;87;329;591;441;813;520;712;568;783;413;616;621
0,1088,1155,1,0,0,19,0,83;284;16;257;221;28;269;91;343;605;455;827;534;726;582;797;427;630;635
1,1081,1343,1,0,0,19,13,90;284;35;264;228;35;276;91;350;612;462;834;541;733;589;804;434;637;642
1,1064,1138,1,1,0,19,4,107;320;52;281;245;52;293;91;367;629;479;851;558;750;606;821;451;654;659
0,1055,1126,1,3,0,18,0,116;320;61;290;254;61;302;91;376;638;488;860;567;759;615;830;460;663
1,1048,1117,1,4,0,17,1,123;320;68;297;254;68;309;141;383;645;495;867;574;766;622;837;467
1,1045,1134,1,1,0,17,4,126;327;71;300;254;71;312;0;144;386;648;498;870;577;769;625;840
0,1033,1093,1,1,0,17,0,138;327;83;312;254;83;324;12;156;398;660;510;882;589;781;637;852
1,1028,1095,1,0,0,18,3,143;332;88;317;2;254;88;329;17;161;403;665;515;887;594;786;642;857
1,1005,1074,1,1,0,16,1,166;332;111;340;25;303;111;352;40;184;426;688;538;907;617;809
1,988,1196,1,0,0,16,7,183;332;128;357;42;303;128;369;57;201;443;705;555;907;634;826
1,963,1013,1,0,0,15,1,208;332;153;382;67;346;153;394;82;226;468;730;580;952;659
1,963,1028,1,0,0,15,1,208;332;153;382;67;346;153;394;82;226;468;730;580;907;659
1,939,1193,1,0,0,14,9,232;454;177;406;91;370;177;418;106;250;492;754;604;976
1,850,907,1,0,0,15,1,47;80;321;549;266;495;180;459;266;459;195;339;579;843;693
1,856,919,1,1,0,15,2,41;74;315;543;260;489;174;453;225;459;189;333;575;837;687
1,886,975,1,0,0,15,2,11;44;285;513;230;459;144;423;225;447;159;303;545;807;657
1,923,1005,1,0,0,14,2,7;248;476;193;422;107;386;193;434;122;266;508;770;620
1,810,899,1,0,0,14,2,87;120;361;589;306;535;220;499;306;547;235;379;621;883
1,815,879,1,0,0,14,2,82;115;356;584;301;530;215;494;301;459;230;374;616;878
1,817,894,1,0,0,14,3,80;113;354;557;299;528;213;492;299;459;228;372;614;876
1,843,917,1,1,0,15,1,52;87;328;556;273;502;187;466;273;459;202;346;588;850;700
1,742,823,1,0,0,15,1,38;94;32;188;429;657;374;603;288;567;374;615;303;447;689
0,757,810,1,0,0,15,0,38;94;32;173;414;642;359;588;273;552;359;600;288;432;636
1,765,831,1,0,0,15,2,38;94;31;165;406;634;351;580;265;544;351;592;280;424;636
1,776,859,1,1,0,15,2,32;94;20;154;395;606;340;569;254;533;340;581;269;413;636
1,713,800,1,0,0,14,2,38;145;83;217;458;684;403;632;317;596;403;644;332;476
1,724,1010,1,0,0,14,8,38;145;72;206;447;663;392;621;306;585;392;633;321;465
0,728,779,1,0,0,14,0,38;145;32;202;443;663;388;617;302;581;388;629;317;461
1,741,829,1,1,0,15,3,38;145;32;189;430;658;375;604;289;568;375;616;304;448;690
0,657,720,1,1,0,14,0,38;145;43;139;273;514;742;459;688;373;652;459;700;388
1,649,871,1,1,0,14,9,38;214;51;147;281;522;750;467;696;381;660;467;708;396
0,711,762,1,0,0,14,0,38;145;85;219;460;684;405;634;319;598;405;646;334;478
1,691,762,1,0,0,15,2,38;145;9;105;239;480;708;425;654;339;618;425;666;354;498
1,583,854,1,0,0,15,9,80;314;117;213;347;588;793;533;762;447;726;61;533;774;462
1,567,618,1,0,0,14,2,80;330;133;229;363;604;793;549;778;463;742;77;549;790
1,644,921,1,1,0,15,11,80;214;56;152;286;527;755;472;701;386;665;0;472;713;401
1,616,672,1,0,0,15,2,80;214;84;180;314;555;783;500;729;414;693;28;500;741;429
0,540,592,1,0,0,13,0,112;357;160;256;390;631;793;576;805;490;769;104;576
0,537,593,1,0,0,13,0,112;360;163;259;393;634;793;579;808;493;772;107;579
1,558,815,1,0,0,13,7,112;339;142;238;372;613;793;558;787;472;751;86;558
0,547,604,1,0,0,13,0,112;350;153;249;383;624;793;569;798;483;762;97;569
1,480,704,1,0,0,12,6,328;417;220;316;450;691;919;636;865;550;829;164
1,466,519,1,0,0,11,1,342;431;234;328;464;705;933;650;879;564;843
1,520,608,1,1,0,13,1,112;377;180;276;410;651;879;596;825;510;789;124;596
0,506,571,1,0,0,13,0,112;391;194;290;424;665;893;610;839;524;803;138;610
1,10797,11051,1,0,0,8,3,5;253;400;630;425;611;807;579
0,10813,10873,1,0,0,8,0,166;384;614;409;611;796;563;773
0,10821,10873,1,0,0,8,0,166;376;606;401;611;788;555;765
1,10854,10921,1,0,0,8,1,166;343;573;368;607;755;522;732
0,10735,10790,1,0,0,7,0,67;283;454;692;487;726;874
1,10737,10788,1,0,0,7,1,65;283;454;690;485;724;872
1,10747,10824,1,0,0,7,1,55;283;431;680;475;714;862
1,10783,10855,1,0,0,8,1,19;267;414;644;439;678;807;593
1,10686,10891,1,1,0,7,1,116;364;511;741;536;775;923
1,10687,10906,1,0,0,7,4,115;283;510;740;535;774;922
0,10704,10763,1,0,0,7,0,98;283;454;723;518;757;905
0,10733,10804,1,0,0,7,0,69;283;454;694;489;728;876
1,10604,10680,1,0,0,7,1,198;366;593;66;823;618;857
0,10614,10679,1,0,0,7,0,188;366;583;56;813;608;847
0,10672,10751,1,0,0,7,0,130;366;525;755;550;789;937
0,10676,10747,1,0,0,7,0,126;366;521;751;546;785;933
1,11001,11067,1,0,0,9,1,31;8;347;221;434;608;375;535;496
1,10990,11274,1,0,0,9,2,51;8;347;232;434;619;386;535;507
0,11015,11073,1,1,0,9,0,31;8;347;207;434;594;361;520;482
1,11012,11081,1,1,0,9,1,31;8;347;210;434;597;364;523;485
1,10974,11026,1,0,0,9,1,76;223;347;248;487;635;402;535;523
0,10971,11040,1,0,0,9,0,79;226;347;251;490;638;405;615;526
1,10981,11050,1,0,0,9,2,51;8;347;241;480;628;395;535;516
1,10978,11262,1,1,0,9,8,51;219;347;244;483;631;398;535;519
1,10926,11182,1,0,0,9,5,124;245;501;296;535;667;450;660;571
1,10892,10948,1,0,0,9,1,133;245;535;330;569;709;484;694;605
1,10971,11057,1,0,0,9,1,79;226;347;251;490;638;405;615;526
1,10959,11175,1,0,0,9,6,91;238;468;263;502;650;417;627;538
1,10865,11154,1,0,0,9,4,166;332;562;357;586;744;511;721;632
0,10864,10928,1,0,0,9,0,166;333;563;358;586;745;512;722;633
1,10867,11116,1,1,0,9,5,166;245;560;355;586;709;509;719;630
1,10865,10916,1,0,0,9,1,166;245;562;357;586;744;511;721;632
1,10360,10424,1,0,0,7,1,8;442;601;837;261;196;1067
0,10377,10433,1,0,0,7,0,8;425;601;820;261;179;1050
1,10328,10409,1,0,0,7,1,8;474;14;601;869;261;228
0,10349,10399,1,0,0,7,0,8;447;601;848;261;207;1078
1,10310,10576,1,1,0,7,3,8;487;32;601;887;261;246
1,10328,10403,1,1,0,7,1,8;474;5;601;869;261;228
1,10290,10367,1,1,0,8,1,1;8;492;52;760;907;261;266
1,10297,10497,1,0,0,7,2,8;487;45;753;900;261;259
1,10279,10342,1,0,0,8,1,6;8;523;63;771;918;261;277
1,10283,10339,1,0,0,8,1,6;8;511;59;767;914;261;273
1,10255,10503,1,0,0,8,4,30;36;547;87;795;942;261;301
1,10266,10323,1,0,0,8,2,25;8;536;76;784;931;261;290
1,10236,10479,1,1,0,9,2,6;55;36;566;106;814;961;434;320
1,10255,10504,1,0,0,8,3,30;18;547;87;795;942;261;301
1,10229,10501,1,0,0,9,5,13;62;179;573;113;821;968;441;327
1,10236,10322,1,1,0,9,2,6;55;36;566;106;814;961;261;320
0,10593,10662,1,0,0,7,0,209;366;604;77;834;629;868
1,10578,10870,1,0,0,7,5,224;371;619;92;840;644;883
0,10547,10613,1,0,0,8,0,255;371;650;123;9;840;675;914
0,10542,10593,1,0,0,8,0,260;371;655;128;14;885;680;919
1,10542,10621,1,1,0,8,2,260;371;655;128;14;885;680;919
0,10479,10556,1,0,0,8,0,323;371;718;191;77;935;743;982
1,10462,10545,1,0,0,7,2,340;371;735;208;94;965;760
0,10448,10533,1,0,0,7,0,354;371;749;222;108;979;774
1,10442,10708,1,0,0,7,3,360;601;755;228;114;985;780
0,10441,10517,1,0,0,7,0,361;601;756;229;115;986;781
0,10440,10492,1,0,0,7,0,362;601;757;230;116;987;782
0,10424,10508,1,0,0,6,0,378;601;773;246;132;1003
0,10418,10475,1,0,0,7,0,1;379;601;779;252;138;1009
0,10413,10490,1,0,0,7,0,6;379;601;784;257;143;1014
0,10410,10475,1,1,0,7,0,8;379;601;787;260;146;1017
1,10401,10485,1,0,0,7,1,8;401;601;796;261;155;1026
1,11557,11625,1,0,0,13,3,47;29;310;647;382;370;415;638;558;684;374;770;922
1,11571,11656,1,1,0,14,2,38;15;296;599;368;356;401;624;544;670;360;756;908;911
1,11592,11677,1,0,0,13,2,17;275;599;347;335;317;603;523;649;339;735;887;890
1,11615,11686,1,0,0,12,3,252;589;324;312;317;580;500;626;316;712;864;867
0,11616,11694,1,0,0,12,0,251;537;323;311;317;579;499;625;315;711;863;866
1,11625,11713,1,0,0,12,3,242;537;314;302;317;570;490;616;306;702;854;857
1,11643,11880,1,1,0,12,6,224;530;296;284;317;552;472;598;288;684;836;839
1,11647,11889,1,0,0,12,7,63;530;292;280;317;548;468;594;284;680;832;835
1,11415,11653,1,0,0,13,6,12;46;166;65;82;68;452;768;524;512;557;780;700
1,11420,11502,1,1,0,13,1,7;41;147;65;77;63;447;768;519;507;552;775;695
1,11435,11485,1,1,0,12,2,26;143;65;62;48;432;768;504;492;537;760;680
1,11449,11513,1,1,0,13,1,12;143;65;48;34;418;743;490;478;523;746;666;792
1,11466,11535,1,0,0,12,2,143;65;8;17;401;738;473;461;506;729;649;775
1,11494,11579,1,0,0,12,1,115;53;3;373;710;445;433;478;701;621;747;437
0,11520,11588,1,0,0,12,0,88;53;347;684;419;407;452;675;595;721;411;807
1,11544,11614,1,0,0,13,1,65;42;323;660;395;383;428;651;571;697;387;783;935
1,11823,11883,1,0,0,13,1,44;381;116;33;149;324;292;418;108;504;656;659;574
1,11821,11907,1,0,0,13,2,46;383;118;33;151;374;294;420;110;506;658;661;576
1,11870,11958,1,0,0,12,1,334;69;33;59;324;245;371;61;457;609;612;527
1,11824,12091,1,0,0,13,6,43;380;115;33;148;324;291;374;107;503;655;658;573
1,11900,11980,1,1,0,12,2,304;39;27;22;295;215;341;31;427;579;582;497
1,11878,12102,1,1,0,12,5,326;61;33;59;317;237;359;53;449;601;604;519
1,11910,11975,1,1,0,12,1,294;29;17;19;242;205;331;21;417;569;572;487
1,11905,11988,1,0,0,12,1,299;34;22;19;290;210;336;26;422;574;577;492
1,11649,11936,1,0,0,12,10,57;530;290;278;300;546;466;592;282;678;830;833
1,11648,11722,1,1,0,12,1,57;530;291;279;317;547;467;593;283;679;831;834
1,11701,11767,1,1,0,12,1,57;503;194;226;271;494;414;540;230;626;778;781
1,11700,11764,1,1,0,12,2,57;504;194;227;272;495;415;541;231;627;779;782
1,11731,11975,1,1,0,12,5,57;473;175;196;241;464;384;510;200;596;748;751
1,11716,11768,1,0,0,12,1,57;488;194;211;250;479;399;525;215;611;763;766
0,11813,11867,1,0,0,13,0,54;391;126;33;159;382;302;428;118;514;666;669;584
1,11781,11869,1,0,0,13,2,57;423;158;33;191;414;334;460;150;546;698;701;616
0,11184,11248,1,0,0,10,0,8;231;38;74;425;192;225;313;299;683
1,11203,11264,1,1,0,10,1,224;19;74;406;173;225;294;280;664;1001
1,11176,11397,1,0,0,10,3,8;243;46;74;433;200;410;321;307;691
1,11178,11424,1,0,0,10,6,8;243;44;74;431;198;225;319;305;689
1,11228,11440,1,1,0,11,4,199;74;381;148;225;269;255;639;960;711;699
1,11249,11321,1,1,0,11,1,178;74;360;127;225;151;234;618;955;690;678
0,11219,11277,1,1,0,11,0,208;3;74;390;157;225;278;264;648;960;720
0,11219,11275,1,0,0,11,0,208;3;74;390;157;225;278;264;648;960;720
0,11050,11119,1,0,0,9,0,0;8;347;172;411;559;326;520;447
0,11076,11140,1,1,0,8,0,8;347;146;385;533;300;510;421
0,11038,11100,1,1,0,9,0,12;8;347;184;423;571;338;520;459
0,11046,11099,1,1,0,9,0,4;8;347;176;415;563;330;520;451
1,11171,11416,1,0,0,10,8,8;256;51;290;438;205;415;326;312;696
1,11171,11398,1,0,0,10,4,8;243;51;290;438;205;415;326;312;696
0,11100,11178,1,0,0,9,0,8;327;122;361;509;276;486;397;383
0,11118,11205,1,0,0,9,0,8;309;104;343;491;258;468;379;365
1,11362,11430,1,1,0,13,2,65;49;247;14;65;135;121;505;842;577;565;610;833
1,11347,11587,1,2,0,12,6,80;74;262;29;65;150;136;520;857;592;580;625
1,11328,11595,1,1,0,12,5,99;74;281;48;65;151;155;539;876;611;599;644
1,11324,11383,1,1,0,12,3,103;74;285;52;74;151;159;543;880;615;603;648
1,11413,11471,1,0,0,13,2,14;48;166;65;84;70;454;791;526;514;559;782;702
1,11407,11496,1,0,0,13,2,18;49;202;65;90;76;460;797;532;520;565;788;708
1,11400,11652,1,0,0,13,7,27;49;209;65;97;83;467;804;539;527;572;795;715
1,11363,11615,1,1,0,13,6,64;49;246;13;65;134;120;504;825;576;564;609;832
1,11266,11535,1,1,0,11,6,161;74;343;110;225;151;217;553;925;673;661
0,11263,11348,1,0,0,11,0,164;74;346;113;225;151;220;553;925;676;664
1,11259,11323,1,0,0,11,2,168;74;350;117;225;151;224;553;931;680;668
1,11257,11334,1,0,0,11,2,170;74;352;119;225;151;226;553;947;682;670
0,11317,11367,1,1,0,12,0,110;74;292;59;74;151;166;550;887;622;610;655
1,11315,11522,1,1,0,12,7,112;74;294;61;111;151;168;552;889;624;612;657
0,11304,11356,1,1,0,12,0,123;74;305;72;111;151;179;553;900;635;623;668
0,11266,11322,1,0,0,11,0,161;74;343;110;111;151;217;553;925;673;661
1,12498,12554,1,0,0,16,2,74;631;39;237;383;836;423;419;396;274;205;281;557;682;487;475
1,12482,12545,1,0,0,17,3,0;90;647;39;253;399;852;439;435;412;290;221;297;573;698;503;491
1,12510,12598,1,0,0,16,4,62;619;39;204;371;824;411;407;384;262;193;269;545;670;475;463
0,12503,12562,1,0,0,16,0,69;626;39;204;378;831;418;414;391;269;200;276;552;677;482;470
1,12409,12661,1,1,0,18,12,70;73;63;163;720;153;326;472;925;512;508;485;363;294;370;646;771;576
1,12347,12401,1,0,0,18,1,132;88;50;125;225;782;215;387;534;987;574;570;547;425;356;432;708;833
0,12471,12538,1,0,0,19,0,8;11;1;101;658;39;264;410;863;450;446;423;301;232;308;584;709;514;502
1,12470,12524,1,0,0,19,2,9;12;2;102;659;92;265;411;864;451;447;424;302;233;309;585;710;515;503
0,12588,12648,1,0,0,14,0,444;19;293;746;333;329;306;184;115;191;467;592;397;385
1,12573,12798,1,0,0,14,10,472;19;308;761;348;344;321;199;130;206;482;607;412;400
1,12618,12707,1,1,0,14,2,444;19;263;716;303;299;234;154;85;161;437;562;367;355
1,12614,12669,1,0,0,14,1,444;19;267;720;307;303;280;158;89;165;441;566;371;359
1,12545,12833,1,0,0,16,10,27;584;13;163;336;789;376;372;349;227;158;234;510;635;440;428
1,12535,12587,1,0,0,16,1,37;594;27;163;346;799;386;382;359;237;168;244;520;645;450;438
1,12568,12835,1,1,0,15,10,4;472;163;313;766;353;349;326;204;135;211;487;612;417;405
0,12555,12624,1,0,0,16,0,17;472;7;163;326;779;366;362;339;217;148;224;500;625;430;418
0,12733,12790,1,0,0,13,0,396;2;148;458;188;184;161;39;46;322;447;252;240
0,12740,12791,1,1,0,12,0,389;141;458;181;177;154;32;39;315;440;245;233
1,12753,12808,1,0,0,13,4,376;128;458;168;164;141;19;26;302;427;232;220;806
1,12781,12849,1,0,0,11,4,343;100;458;140;136;113;274;399;204;192;778
1,12692,12763,1,1,0,14,1,437;19;189;642;229;225;202;80;11;87;363;488;293;281
1,12699,12927,1,1,0,14,7,430;9;182;635;222;218;195;73;4;80;356;481;286;274
1,12715,12930,1,0,0,13,5,414;8;166;619;206;202;179;57;64;340;465;270;258
1,12730,12955,1,0,0,13,7,399;5;151;495;191;187;164;42;49;325;450;255;243
1,12820,12883,1,3,0,11,1,71;61;454;101;97;74;235;360;165;153;739
1,12831,12903,1,3,0,11,1,71;50;420;90;86;63;224;349;154;142;728
1,12831,12911,1,6,0,11,4,71;50;419;90;86;63;224;349;154;142;728
1,12841,12930,1,5,0,11,1,71;32;419;80;76;53;214;339;144;132;718
0,12788,12870,1,1,0,11,0,336;93;458;133;129;106;267;392;197;185;771
1,12791,12879,1,1,0,11,1,336;90;458;130;126;103;264;389;194;182;768
1,12796,12858,1,1,0,11,1,333;85;455;125;121;98;259;384;189;177;763
1,12817,13111,1,5,0,11,5,312;64;454;104;100;77;238;363;168;156;742
1,12038,12255,1,0,0,13,8,166;147;77;115;289;441;444;359;434;534;1091;524;697
1,12029,12267,1,1,0,13,10,175;166;86;115;298;450;453;368;443;543;1100;533;706
1,12020,12286,1,0,0,13,10,184;175;95;140;307;459;462;377;452;552;1109;542;715
0,12010,12064,1,0,0,12,0,194;185;105;140;317;469;472;387;462;562;1119;552
0,12010,12073,1,0,0,12,0,194;185;105;140;317;469;472;387;462;562;1119;552
1,11963,12171,1,1,0,13,6,241;9;232;152;278;364;516;519;434;509;609;1166;599
0,11953,12021,1,0,0,12,0,251;19;242;162;288;374;526;529;444;519;619;1176
1,11920,11997,1,1,0,13,1,284;19;7;19;242;195;312;11;407;559;562;477;552
1,12141,12211,1,0,0,14,3,63;54;55;48;338;341;256;331;431;988;421;594;740;1193
1,12132,12193,1,4,0,13,2,72;63;60;48;347;350;265;340;440;997;430;603;749
1,12110,12177,1,3,0,13,2,94;85;5;62;48;369;372;287;362;462;1019;452;608
1,12089,12353,1,1,0,13,7,115;106;26;115;48;390;393;308;383;483;1040;473;608
1,12074,12129,1,1,0,13,1,130;121;41;115;48;405;408;323;398;498;1055;488;640
1,12062,12308,1,1,0,13,5,142;133;53;115;265;417;420;335;410;510;1067;500;640
1,12052,12116,1,1,0,13,1,152;143;63;115;275;427;430;345;420;520;1077;510;683
0,12046,12105,1,0,0,13,0,158;147;69;115;281;433;436;351;426;526;1083;516;689
1,12223,12427,1,0,0,15,9,18;38;256;259;174;239;349;906;339;512;658;1111;698;694;671
1,12243,12293,1,0,0,15,1,38;218;239;154;229;329;886;319;492;638;1091;678;674;651;529
1,12199,12263,1,0,0,15,1,5;42;48;280;283;198;273;373;930;363;536;682;1135;722;718
1,12220,12297,1,0,0,15,2,21;48;259;262;177;239;352;909;342;515;661;1114;701;697;674
1,12181,12270,1,0,0,15,3,23;14;47;48;298;301;216;291;391;948;381;552;700;1153;740
0,12197,12250,1,1,0,15,0,7;44;48;282;285;200;275;375;932;365;538;684;1137;724;720
1,12153,12432,1,0,0,14,10,51;42;55;48;326;329;244;319;419;976;409;582;728;1181
1,12156,12211,1,0,0,14,1,48;39;47;48;323;326;241;316;416;973;406;579;725;1178
0,12323,12394,1,0,0,19,0,4;156;106;74;149;249;806;239;387;558;1011;598;594;571;449;380;456;732;857
1,12337,12581,1,1,0,18,13,142;106;60;135;235;792;225;387;544;997;584;580;557;435;366;442;718;843
1,12317,12371,1,1,0,17,1,10;162;106;80;155;255;812;245;418;564;1017;604;600;577;455;386;462
1,12321,12406,1,0,0,19,3,6;158;106;76;151;251;808;241;397;560;1013;600;596;573;451;382;458;734;859
0,12287,12339,1,0,0,16,0,38;192;195;110;185;285;842;275;448;577;1047;634;630;607;485;416
1,12308,12393,1,0,0,17,1,19;171;174;89;164;264;821;254;427;573;1026;613;609;586;464;395;471
0,12268,12332,1,0,0,16,0,38;211;214;129;204;304;861;294;467;613;1066;653;649;626;504;435
1,12282,12334,1,0,0,16,2,38;197;200;115;190;290;847;280;453;599;1052;639;635;612;490;421
1,13274,13494,1,0,0,8,5,53;130;354;295;538;818;610;297
1,13272,13342,1,0,0,8,1,53;130;354;297;540;830;612;299
1,13300,13351,1,0,0,9,1,34;122;346;269;506;802;584;271;816
1,13275,13338,1,1,0,8,2,53;122;354;294;537;818;609;296
1,13301,13381,1,0,0,9,1,33;122;345;268;496;801;583;270;815
0,13301,13358,1,0,0,9,0,33;122;345;268;496;784;583;270;815
1,13349,13416,1,0,0,8,1,116;297;220;463;753;535;222;767
1,13319,13583,1,0,0,9,5,15;122;327;250;493;783;565;252;797
1,13371,13428,1,1,0,8,2,116;275;198;432;731;513;200;745
1,13357,13415,1,0,0,8,1,116;289;212;455;745;527;214;759
1,13403,13483,1,1,0,10,3,116;243;166;407;699;481;168;713;918;695
0,13388,13459,1,1,0,8,0,116;258;181;407;714;496;183;728
1,13423,13510,1,1,0,10,1,90;223;146;378;679;461;148;693;898;675
1,13418,13494,1,1,0,10,2,116;228;151;378;684;466;153;698;903;680
1,13451,13672,1,0,0,10,6,84;195;92;361;651;433;120;665;870;647
1,13434,13513,1,1,0,10,2,90;212;92;378;668;450;137;682;887;664
0,13472,13549,1,0,0,10,0,84;68;92;340;630;412;99;644;849;626
1,13498,13551,1,0,0,10,2,61;68;71;314;604;386;73;618;823;600
1,13517,13578,1,0,0,10,1,24;68;52;295;585;367;54;599;804;581
1,13520,13599,1,0,0,10,1,24;68;49;292;582;364;51;574;801;578
1,13528,13614,1,0,0,10,1,24;68;41;284;574;356;43;574;793;570
1,13538,13611,1,1,0,10,1,21;68;2;274;564;346;33;574;783;560
1,13538,13612,1,0,0,10,4,21;68;2;274;549;346;33;574;783;560
1,13538,13623,1,0,0,10,5,21;42;2;274;549;346;33;574;783;560
1,13542,13627,1,0,0,10,2,17;38;2;270;549;342;29;574;779;556
1,13548,13769,1,1,0,10,2,8;38;2;264;549;336;23;568;773;550
0,13561,13647,1,0,0,10,0,38;2;251;536;323;10;555;760;537;599
1,13571,13821,1,1,0,10,6,38;241;531;313;0;545;750;527;589;931
1,13583,13799,1,0,0,9,7,38;108;519;301;533;738;515;577;919
1,13585,13670,1,1,0,9,3,38;6;517;299;531;736;513;575;917
0,13630,13717,1,0,0,9,0,16;6;472;254;486;691;468;530;872
1,13653,13720,1,0,0,8,2,6;449;231;463;668;445;507;849
1,12872,12938,1,1,0,11,1,71;3;419;28;45;22;183;308;63;101;687
1,12861,13063,1,1,0,11,5,71;20;419;28;56;33;194;319;63;112;698
1,12859,12927,1,1,0,11,1,71;22;419;62;58;35;196;321;63;114;700
1,12847,13080,1,1,0,11,1,71;32;419;74;70;47;208;333;91;126;712
1,12928,12993,1,1,0,7,1,71;381;127;252;19;45;631
1,12916,12988,1,1,0,9,1,71;381;5;1;139;264;28;57;643
1,12912,12989,1,0,0,9,1,71;384;9;5;143;268;28;61;647
1,12904,12969,1,0,0,9,1,71;419;17;13;151;276;28;69;655
1,12977,13047,1,0,0,8,3,71;357;78;203;8;582;669;592
1,12947,13033,1,1,0,8,1,71;381;78;233;19;26;612;699
0,12941,12991,1,0,0,7,0,71;381;78;239;19;32;618
0,12936,12996,1,1,0,7,0,71;381;78;244;19;37;623
0,13022,13090,1,0,0,7,0,38;55;33;158;537;624;547
1,13021,13287,1,1,0,7,2,38;313;34;159;538;625;548
1,12985,13273,1,0,0,8,6,71;349;56;195;0;574;661;584
0,12980,13047,1,0,0,8,0,71;354;56;200;5;579;666;589
1,13131,13218,1,0,0,6,2,55;49;428;515;438;681
1,13132,13430,1,0,0,6,5,55;40;427;514;437;680
1,13063,13327,1,1,0,6,4,38;55;117;496;583;506
0,13089,13150,1,0,0,7,0,38;55;62;470;557;480;723
1,13150,13227,1,1,0,6,2,55;25;341;496;419;662
0,13163,13218,1,1,0,7,0,55;17;337;483;406;649;939
0,13132,13195,1,0,0,6,0,55;25;427;514;437;680
1,13144,13231,1,0,0,6,2,55;25;415;502;425;668
1,13194,13268,1,0,0,7,1,53;337;452;375;570;908;690
1,13207,13436,1,0,0,7,3,53;337;439;362;570;862;677
1,13164,13246,1,1,0,7,1,55;16;337;482;405;648;938
1,13164,13398,1,1,0,7,3,55;16;337;482;405;570;938
1,13257,13328,1,0,0,8,1,53;130;389;312;555;845;627;314
1,13268,13526,1,1,0,8,4,53;130;378;301;544;833;616;303
1,13223,13307,1,0,0,7,1,53;130;423;346;570;862;661
1,13226,13524,1,0,0,7,4,53;130;420;343;570;851;658
0,14603,14658,1,1,0,12,0,355;16;254;172;496;104;308;598;309;821;561;462
0,14593,14655,1,0,0,12,0,365;16;264;172;506;114;318;608;319;831;571;472
1,14588,14665,1,0,0,12,3,370;50;269;172;511;119;323;613;324;836;576;477
0,14560,14623,1,0,0,13,0,398;9;78;297;172;535;147;351;641;352;864;604;505
1,14543,14604,1,0,0,13,2,405;26;95;314;457;556;164;368;658;369;881;621;522
1,14543,14830,1,0,0,13,8,405;26;95;314;457;535;164;368;658;369;881;621;522
1,14504,14555,1,0,0,12,1,405;65;134;0;353;496;582;176;407;697;408;920
1,14487,14568,1,1,0,13,1,15;405;82;151;17;370;513;582;220;424;714;425;937
1,14479,14562,1,0,0,14,4,23;411;90;159;7;25;378;521;582;228;432;722;433;945
0,14474,14526,1,1,0,14,0,28;411;95;164;12;30;383;526;582;233;437;727;438;950
1,14458,14524,1,0,0,13,4,44;469;111;180;16;46;399;542;582;249;453;743;454
1,14443,14524,1,0,0,15,2,59;6;469;126;195;16;61;14;414;557;656;264;468;758;469
1,14439,14521,1,0,0,15,1,63;10;469;130;199;47;65;18;418;561;660;268;472;762;473
1,14432,14497,1,0,0,15,3,70;17;481;137;206;54;72;25;425;568;667;275;479;769;480
1,14368,14456,1,1,0,16,3,134;81;481;201;270;61;115;136;89;489;632;729;339;543;833;544
1,14352,14407,1,0,0,16,3,150;97;491;217;286;77;115;152;105;505;648;729;355;559;849;560
1,14333,14402,1,0,0,16,3,169;116;572;236;305;96;115;171;124;524;667;766;374;578;868;579
1,14345,14611,1,0,0,16,9,157;104;572;224;293;84;115;159;112;512;655;729;362;566;856;567
1,14291,14369,1,0,0,16,2,30;177;158;627;278;347;138;115;213;166;566;709;783;416;620;910
1,14296,14511,1,1,0,16,8,25;177;153;627;273;342;133;115;184;161;561;704;783;411;615;905
1,14271,14332,1,1,0,16,2,50;177;178;644;298;367;158;115;214;186;586;729;806;436;640;930
1,14281,14332,1,0,0,16,5,40;177;168;644;288;357;148;115;214;176;576;719;783;426;630;920
1,14263,14545,1,1,0,16,10,58;177;186;659;306;375;166;115;214;194;594;737;806;444;648;938
0,14266,14334,1,1,0,16,0,55;177;183;644;303;372;163;115;214;191;591;734;806;441;645;935
1,14247,14310,1,0,0,15,2,74;177;202;698;322;391;182;115;214;210;610;753;852;460;664
1,14253,14342,1,1,0,15,4,68;177;196;698;316;385;176;115;214;204;604;747;806;454;658
1,14231,14299,1,0,0,14,2,90;177;218;698;338;407;198;115;273;226;626;769;868;476
1,14246,14325,1,0,0,15,2,75;177;203;698;323;392;183;115;226;211;611;754;853;461;665
1,14189,14406,1,0,0,12,4,91;177;260;767;380;449;240;297;315;268;668;811
1,14226,14310,1,1,0,14,4,91;177;223;732;343;412;203;115;278;231;631;774;873;481
1,14161,14243,1,0,0,12,4,91;194;288;797;408;477;268;325;343;296;696;839
1,14186,14275,1,0,0,12,3,91;194;263;767;383;452;243;300;318;271;671;814
0,14104,14169,1,0,0,14,0,12;91;56;246;345;854;465;534;325;382;400;353;753;896
0,14080,14133,1,1,0,15,0,22;36;91;18;80;246;369;878;489;558;349;406;424;377;777
0,14150,14227,1,0,0,13,0,91;10;194;299;808;419;488;279;336;354;307;707;850
1,14142,14221,1,0,0,13,3,91;18;246;307;816;427;496;287;344;362;315;715;858
1,14054,14124,1,0,0,14,3,48;62;91;42;106;448;395;904;515;584;375;432;450;403
1,14035,14086,1,0,0,14,5,67;81;91;63;125;457;414;923;534;603;394;451;469;422
1,14068,14293,1,1,0,14,4,34;48;91;30;92;290;381;890;501;570;361;418;436;389
1,14060,14359,1,0,0,14,9,42;56;91;38;100;420;389;898;509;578;369;426;444;397
1,13989,14057,1,0,0,14,3,113;127;327;98;171;485;460;969;580;649;440;497;515;468
1,13978,14063,1,0,0,14,3,124;129;327;98;182;513;471;980;591;660;451;508;526;479
1,14029,14094,1,0,0,14,2,73;87;91;69;131;473;420;929;540;609;400;457;475;428
1,14006,14299,1,1,0,14,8,96;110;315;92;154;482;443;952;563;632;423;480;498;451
1,13948,14157,1,2,0,14,5,154;129;330;98;212;554;501;1010;621;690;481;538;556;509
1,13942,14013,1,1,0,14,1,160;129;348;98;218;560;507;1016;627;696;487;544;562;515
1,13976,14028,1,0,0,14,2,126;129;327;98;184;526;473;982;593;662;453;510;528;481
1,13948,14011,1,5,0,14,1,154;129;330;98;212;554;501;1010;621;690;481;538;556;509
1,13883,13951,1,1,0,14,3,219;1;129;407;98;277;619;566;1075;686;755;546;603;621
1,13918,13984,1,1,0,14,1,184;129;403;98;242;584;531;1040;651;720;511;568;586;539
1,13925,13981,1,0,0,14,1,177;129;374;98;235;577;524;1033;644;713;504;561;579;532
1,13938,14012,1,1,0,14,1,164;129;365;98;222;564;511;1020;631;700;491;548;566;519
1,13834,14048,1,1,0,13,5,268;41;152;487;98;326;668;615;1124;735;804;595;652
0,13848,13909,1,1,0,14,0,254;36;152;407;98;312;654;601;1110;721;790;581;638;656
1,13852,14088,1,1,0,14,4,250;32;152;407;98;308;650;597;1106;717;786;577;634;652
0,13857,13910,1,1,0,14,0,245;27;129;407;98;303;645;592;1101;712;781;572;629;647
1,13778,13851,1,1,0,11,2,6;324;106;152;543;320;382;724;671;1180;791
1,13790,13865,1,1,0,11,2,6;312;90;152;531;308;370;712;659;1168;779
1,13805,13876,1,0,0,13,2,6;297;79;152;516;293;355;697;644;1153;764;833;624
1,13813,14051,1,0,0,13,6,289;41;152;508;285;347;689;636;1145;756;825;616;673
1,13720,13797,1,0,0,8,3,6;382;164;396;601;378;440;782
1,13761,13836,1,0,0,11,2,6;341;123;355;560;337;399;741;688;1197;808
1,13768,14042,1,0,0,11,6,6;334;116;335;553;330;392;734;681;1190;801
1,13768,13834,1,0,0,11,1,6;334;116;152;553;330;392;734;681;1190;801
1,14759,14815,1,0,0,14,2,199;98;172;187;152;422;153;665;405;306;870;470;101;663
1,14766,14838,1,0,0,14,2,192;91;172;187;114;422;146;658;398;299;863;463;94;656
1,14776,15064,1,1,0,14,5,182;81;172;187;114;401;136;648;388;289;853;453;84;646
1,14780,14841,1,0,0,14,2,178;77;172;187;114;170;132;644;384;285;849;449;80;642
1,14789,14872,1,0,0,14,2,169;68;172;187;101;170;123;635;375;276;840;440;71;633
1,14798,14872,1,1,0,14,3,160;59;172;187;101;168;114;626;366;267;831;431;62;624
0,14813,14885,1,1,0,14,0,145;44;172;187;98;168;99;611;351;252;816;416;47;609
1,14816,14877,1,0,0,14,2,142;41;172;187;95;168;96;608;348;249;813;413;44;606
1,14635,14719,1,0,0,14,1,323;3;222;172;464;72;276;566;277;789;529;430;994;594
0,14682,14750,1,1,0,15,0,276;175;172;417;25;229;519;213;742;482;383;947;547;178;740
1,14700,14956,1,0,0,15,11,258;157;172;399;7;211;501;212;724;464;365;929;529;160;722
1,14704,14956,1,0,0,15,11,254;153;172;374;3;207;497;208;720;460;361;925;525;156;718
1,14711,15010,1,0,0,14,10,247;146;172;361;200;490;201;713;453;354;918;518;149;711
1,14715,14786,1,1,0,14,4,243;142;172;228;196;486;197;709;449;350;914;514;145;707
0,14721,14776,1,0,0,14,0,237;136;172;187;190;480;191;703;443;344;908;508;139;701
1,14733,14810,1,0,0,14,2,225;124;172;187;178;468;179;691;431;332;896;496;127;689
1,2381,2449,1,1,0,9,1,417;96;59;63;322;231;803;418;381
0,2395,2452,1,0,0,9,0,403;82;56;49;322;217;789;404;367
1,2360,2448,1,1,0,9,2,438;117;88;63;415;252;824;439;402
1,2375,2460,1,1,0,9,1,423;102;59;63;405;237;809;424;387
0,2420,2480,1,0,0,9,0,378;57;31;49;322;192;764;379;342
1,2425,2514,1,0,0,9,1,373;52;26;49;322;187;759;374;337
0,2411,2481,1,0,0,9,0,387;66;40;49;322;201;773;388;351
0,2418,2480,1,0,0,9,0,380;59;33;49;322;194;766;381;344
1,2329,2400,1,1,0,8,1,469;148;122;63;451;283;855;470
1,2339,2393,1,1,0,8,1,459;138;112;63;426;273;845;460
1,2250,2464,1,1,0,9,3,27;534;227;201;63;530;362;934;549
0,2273,2349,1,1,0,9,0,27;525;204;178;63;454;339;911;526
0,2354,2424,1,1,0,9,0,444;123;88;63;426;258;830;445;408
1,2358,2426,1,1,0,9,1,440;119;88;63;422;254;826;441;404
1,2348,2621,1,0,0,9,6,450;129;96;63;426;264;836;451;414
0,2352,2428,1,1,0,9,0,446;125;88;63;426;260;832;447;410
1,2714,2776,1,0,0,10,3,84;66;450;85;32;440;610;516;742;787
1,2712,2773,1,0,0,10,3,86;68;472;87;32;440;612;518;744;789
0,2645,2733,1,1,0,9,0,153;84;519;154;32;440;679;585;811
0,2630,2687,1,1,0,9,0,168;84;519;161;32;440;694;593;826
1,2757,3046,1,0,0,10,5,41;23;407;42;3;440;567;473;699;744
1,2752,2840,1,1,0,10,1,46;28;407;47;10;440;572;478;704;749
1,2750,2831,1,0,0,10,3,48;30;434;49;12;440;574;480;706;751
1,2721,3005,1,0,0,10,5,77;59;439;78;32;440;603;509;735;780
1,2565,2651,1,0,0,10,1,233;84;47;619;234;197;693;759;665;891
1,2540,2775,1,1,0,9,4,258;240;72;644;259;222;718;784;690
0,2525,2592,1,0,0,8,0,273;255;87;659;274;237;733;799
1,2443,2522,1,0,0,9,1,355;34;8;33;322;169;741;314;319
1,2611,2906,1,0,0,10,4,187;84;1;519;161;32;647;713;593;845
1,2595,2662,1,1,0,10,2,203;84;17;519;204;32;663;729;593;861
1,2589,2843,1,0,0,10,4,209;84;23;519;210;173;669;735;593;867
1,2567,2863,1,0,0,10,6,231;84;45;617;232;195;691;757;593;889
0,2861,2933,1,0,0,7,0,323;280;345;331;595;640;592
1,2865,3079,1,1,0,7,3,319;280;345;331;591;636;588
0,2877,2940,1,0,0,7,0,307;253;345;331;579;624;576
0,2880,2941,1,0,0,7,0,304;253;345;331;576;621;573
0,2884,2973,1,0,0,7,0,300;253;345;331;572;617;569
1,2901,3111,1,1,0,7,4,283;253;345;329;555;600;552
1,2902,3173,1,0,0,7,3,74;253;345;328;554;599;551
1,2904,3132,1,0,0,7,1,74;116;345;326;552;597;549
0,2758,2823,1,0,0,10,0,40;22;395;41;3;440;566;472;698;743
1,2763,2984,1,0,0,10,3,35;17;395;36;440;561;467;693;738;690
1,2773,3037,1,0,0,10,5,25;7;395;26;440;345;457;683;728;680
1,2778,2861,1,0,0,10,1,20;2;395;21;326;345;452;678;723;675
1,2781,2846,1,0,0,9,2,17;395;18;326;345;449;609;720;672
0,2786,2839,1,0,0,9,0,12;395;13;326;345;423;609;715;667
1,2792,2867,1,0,0,9,1,6;392;7;326;345;423;609;709;661
1,2836,2911,1,0,0,7,2,348;280;345;394;609;665;617
1,3055,3118,1,1,0,9,2,74;116;121;175;350;446;398;663;816
1,3046,3121,1,0,0,9,1,74;116;121;184;410;455;407;672;825
1,3064,3331,1,0,0,10,6,72;116;121;166;350;412;389;654;807;713
1,3063,3141,1,0,0,10,2,72;116;121;167;350;438;390;655;808;714
1,3104,3189,1,1,0,12,4,72;94;121;126;350;392;349;614;767;673;581;417
1,3074,3145,1,1,0,10,2,72;94;121;156;350;412;379;644;797;703
1,3123,3344,1,0,0,12,4,61;51;121;107;333;378;330;595;748;654;562;398
1,3114,3173,1,1,0,12,4,70;51;121;116;342;387;339;604;757;663;571;407
0,2939,2998,1,0,0,8,0,74;116;345;291;517;517;514;779
0,2908,2959,1,0,0,7,0,74;116;345;322;548;517;545
0,2942,3011,1,1,0,8,0,74;116;121;288;514;517;511;776
1,2941,3225,1,0,0,8,5,74;116;345;289;515;517;512;777
1,2977,3191,1,1,0,8,3,74;116;121;253;479;517;476;741
0,2948,3028,1,1,0,8,0,74;116;121;282;508;517;505;770
0,3036,3120,1,0,0,9,0,74;116;121;194;420;465;417;682;835
0,2988,3047,1,0,0,8,0,74;116;121;242;468;478;465;730
1,3404,3474,1,1,0,13,3,52;97;49;297;454;373;281;117;942;716;531;622;741
1,3413,3493,1,0,0,13,4,43;88;40;297;454;364;272;108;933;707;522;613;732
1,3392,3443,1,0,0,13,2,64;102;61;326;457;385;293;129;954;728;543;634;753
1,3403,3471,1,0,0,13,1,53;98;50;315;454;374;282;118;943;717;532;623;742
1,3376,3462,1,1,0,13,2,80;118;77;342;495;401;309;145;970;744;559;650;769
1,3384,3454,1,0,0,13,3,72;102;69;334;487;393;301;137;962;736;551;642;761
1,3343,3589,1,0,0,12,7,113;158;110;375;528;434;342;178;1003;777;592;683
1,3368,3647,1,0,0,13,9,88;133;85;350;503;409;317;153;978;752;567;658;777
1,3244,3501,1,0,0,11,7,14;55;212;246;191;474;620;533;441;277;1102
1,3331,3407,1,0,0,12,1,125;170;122;387;540;446;354;190;1015;789;604;695
1,3217,3303,1,1,0,11,2,41;84;13;239;246;191;501;654;560;468;304
1,3218,3298,1,0,0,11,2,40;84;12;238;246;191;500;620;559;467;303
1,3192,3261,1,1,0,11,2,51;112;38;264;246;211;526;679;585;493;329
1,3205,3283,1,0,0,11,3,51;84;25;251;246;211;513;666;572;480;316
1,3176,3244,1,0,0,12,2,8;51;121;54;280;246;277;542;695;601;509;345
1,3187,3257,1,0,0,11,2,51;112;43;269;246;266;531;684;590;498;334
1,3602,3685,1,0,0,12,1,11;269;175;83;744;518;333;424;543;749;529;817
1,3570,3645,1,1,0,11,4,11;301;207;115;776;543;365;456;575;781;561
1,3566,3814,1,0,0,11,9,152;305;211;119;780;543;369;460;579;785;565
1,3530,3588,1,1,0,10,2,188;334;247;155;816;569;405;496;615;793
1,3517,3584,1,0,0,11,4,201;354;247;168;4;829;569;418;509;619;793
1,3516,3602,1,1,0,11,1,202;355;247;169;5;830;569;419;510;619;835
1,3512,3562,1,0,0,11,1,206;359;247;173;9;834;569;423;514;633;839
0,3482,3565,1,0,0,11,0,19;236;389;247;203;39;864;569;453;544;663
1,3479,3537,1,0,0,11,1,22;237;392;298;206;42;867;569;456;547;666
1,3475,3563,1,0,0,11,2,26;237;396;302;210;46;871;573;460;551;670
1,3462,3669,1,0,0,11,2,39;237;402;315;223;59;884;658;473;564;683
1,3454,3509,1,0,0,12,1,2;43;264;402;323;231;67;892;666;481;572;691
1,3438,3498,1,0,0,13,3,9;43;6;280;433;339;247;83;908;682;497;588;707
1,3426,3506,1,0,0,13,3,30;43;6;292;444;351;259;95;920;694;509;600;719
1,3422,3659,1,0,0,13,9,34;79;31;296;444;355;263;99;924;698;513;604;723
1,3422,3480,1,0,0,13,1,34;79;6;296;444;355;263;99;924;698;513;604;723
1,3935,4146,1,1,0,14,7,391;185;0;91;210;416;196;484;288;106;742;582;621;460
1,3949,4038,1,1,0,14,1,363;171;77;196;402;182;470;274;92;728;568;607;446;375
1,3954,4161,1,1,0,14,7,363;166;72;191;355;177;465;269;87;723;563;602;441;370
1,3974,4035,1,0,0,14,2,363;146;52;171;354;157;445;249;67;703;543;582;421;350
1,3866,4068,1,1,0,13,6,5;428;254;69;160;279;476;265;553;357;175;811;651
1,3878,3928,1,1,0,12,1,428;242;57;148;267;473;253;541;345;163;799;639
1,3901,3979,1,0,0,13,1,428;219;34;125;244;450;230;518;322;140;776;616;655
1,3910,4206,1,1,0,13,8,428;210;18;116;235;441;221;509;313;131;767;607;646
1,3784,3852,1,1,0,13,1,87;428;336;151;242;361;567;347;635;439;257;893;733
1,3811,3900,1,0,0,13,3,60;428;309;124;215;334;540;320;608;412;230;866;706
1,3840,4116,1,0,0,13,7,31;428;280;95;186;305;476;291;579;383;201;837;677
0,3842,3916,1,1,0,13,0,29;428;278;93;184;303;476;289;577;381;199;835;675
1,3657,3944,1,0,0,14,7,11;214;120;28;689;463;278;369;488;694;474;762;566;384
1,3686,3755,1,0,0,13,2,11;185;91;428;434;249;340;459;665;445;733;537;355
1,3771,3839,1,0,0,14,2,100;6;428;349;164;255;374;580;360;648;452;270;906;746
0,3776,3838,1,0,0,14,0,87;1;428;344;159;250;369;575;355;643;447;265;901;741
0,4090,4158,1,0,0,16,0,125;30;55;153;41;329;133;587;427;466;305;234;633;786;818;477
0,4083,4154,1,1,0,16,0,125;37;62;153;48;336;140;594;434;473;312;241;640;793;825;484
0,4104,4189,1,0,0,17,0,125;2;41;153;27;315;119;573;413;452;291;220;619;772;804;463;1010
1,4096,4184,1,0,0,17,3,125;24;49;153;35;323;127;581;421;460;299;228;627;780;812;471;1018
0,4051,4118,1,0,0,15,0,125;66;94;162;80;368;172;626;466;505;344;273;672;825;857
1,4025,4324,1,1,0,17,11,125;95;1;120;162;106;394;198;16;652;492;531;370;299;698;851;883
0,4072,4145,1,1,0,16,0,125;48;73;153;59;347;151;605;445;484;323;252;651;804;836;495
1,4057,4295,1,0,0,16,6,125;63;88;162;74;362;166;620;460;499;338;267;666;819;851;510
1,4013,4277,1,1,0,17,10,125;107;13;132;325;118;406;210;28;664;504;543;382;311;710;863;895
1,4004,4211,1,0,0,17,10,142;116;22;141;325;127;415;219;37;673;513;552;391;320;719;872;904
1,4020,4259,1,0,0,17,5,125;97;6;125;306;111;399;203;21;657;497;536;375;304;703;856;888
1,4015,4068,1,0,0,17,2,125;105;11;130;306;116;404;208;26;662;502;541;380;309;708;861;893
0,4000,4075,1,0,0,15,0,346;120;24;145;325;131;419;223;41;677;517;556;395;324;723
1,3993,4074,1,1,0,15,2,353;127;24;152;354;138;426;230;48;684;524;563;402;331;730
0,4002,4084,1,0,0,16,0,142;118;24;143;325;129;417;221;39;675;515;554;393;322;721;874
1,4000,4226,1,0,0,15,6,346;120;24;145;325;131;419;223;41;677;517;556;395;324;723
1,4190,4276,1,0,0,15,1,125;153;229;33;487;327;366;205;134;533;686;718;377;897;948
1,4171,4234,1,1,0,15,1,125;153;248;52;506;346;385;224;134;552;705;737;396;919;967
1,4150,4239,1,0,0,15,1,125;153;269;73;527;367;406;245;134;573;726;758;417;964;988
1,4120,4195,1,0,0,17,1,125;0;25;153;11;299;103;557;397;436;275;204;603;756;788;447;994
1,4253,4549,1,0,0,14,11,93;98;166;424;264;303;142;71;470;623;655;314;861;865
0,4246,4311,1,0,0,14,0,100;105;173;431;271;310;149;78;477;630;662;321;868;865
1,4237,4325,1,0,0,14,1,109;114;182;440;280;319;158;87;486;639;671;330;877;901
1,4213,4295,1,1,0,15,1,125;138;206;10;464;304;343;182;111;510;663;695;354;892;925
1,4344,4412,1,0,0,15,1,2;7;2;333;173;212;51;379;532;564;223;770;794;507;723
1,4316,4368,1,0,0,16,1,30;35;2;361;201;240;79;8;407;560;592;251;798;822;535;751
1,4286,4338,1,0,0,15,1,60;65;2;391;231;270;109;38;437;590;622;281;827;852;565
1,4279,4350,1,0,0,14,1,67;72;2;398;238;277;116;45;444;597;629;288;835;859
1,4388,4441,1,0,0,13,1,2;289;129;168;7;335;488;520;179;726;750;463;679
1,4373,4438,1,0,0,13,1,2;304;144;183;22;350;503;535;194;741;765;478;694
0,4369,4445,1,0,0,13,0,2;308;148;187;24;354;507;539;198;745;769;482;698
1,4358,4425,1,0,0,13,1,2;319;159;198;37;365;518;550;209;756;776;493;709
1,4455,4531,1,0,0,13,1,222;62;101;186;421;453;112;659;683;396;612;429;781
1,4458,4514,1,0,0,13,1,219;59;98;186;418;385;109;656;680;393;609;426;778
1,4391,4679,1,0,0,14,7,2;286;126;165;4;332;485;517;176;723;732;460;676;493
1,4446,4531,1,0,0,12,1,231;71;110;186;430;462;121;668;692;405;621;438
1,4477,4555,1,1,0,13,1,200;40;79;184;399;385;90;637;650;374;590;407;759
1,4512,4594,1,0,0,13,1,165;5;44;184;364;385;55;602;626;339;555;359;724
0,4464,4520,1,1,0,13,0,213;53;92;186;412;385;103;650;650;387;603;420;772
1,4470,4559,1,0,0,13,2,207;47;86;186;406;385;97;644;650;381;597;414;766
1,4546,4597,1,0,0,12,1,131;10;177;330;362;21;568;592;305;521;328;690
1,4548,4621,1,1,0,12,2,129;8;175;328;360;19;566;586;303;519;328;688
0,4514,4565,1,1,0,13,0,163;3;42;184;362;385;53;600;624;337;553;351;722
1,4542,4618,1,0,0,12,1,135;14;181;334;366;25;572;596;309;525;342;694
1,4592,4646,1,1,0,10,1,85;131;238;316;522;546;259;475;292;644
1,4612,4832,1,0,0,10,5,65;111;238;296;502;526;239;455;272;624
1,4565,4641,1,0,0,11,3,112;158;311;332;2;549;573;286;502;319;671
1,4582,4649,1,0,0,10,3,95;141;293;326;532;556;269;485;302;654
1,4656,4738,1,0,0,10,1,21;67;82;252;458;482;195;411;226;580
1,4624,4689,1,1,0,10,1,53;99;82;284;490;514;227;443;260;612
1,4707,4771,1,1,0,9,1,16;82;201;407;431;144;360;177;529
1,4666,4753,1,0,0,10,1,11;57;82;242;448;462;185;401;218;570
1,4753,5004,1,0,0,8,3,56;155;361;385;98;314;131;483
1,4717,4805,1,0,0,9,2,6;82;191;397;421;134;350;164;519
1,4772,4850,1,1,0,8,1,56;136;342;366;79;295;112;464
1,4760,4814,1,0,0,8,1,56;148;342;378;91;307;124;476
1,4778,5018,1,0,0,8,4,56;130;336;338;73;289;95;458
1,4773,4840,1,0,0,8,1,56;135;341;365;78;294;95;463
1,4819,5023,1,0,0,9,4,22;89;295;319;32;248;65;417;819
0,4795,4874,1,1,0,8,0,22;113;319;338;56;272;89;441
1,4829,4917,1,0,0,9,3,21;79;285;129;22;238;55;407;809
1,4822,5111,1,0,0,9,4,22;86;292;129;29;245;62;414;816
1,4885,5116,1,0,0,7,3,23;229;129;182;284;753;543
1,4875,4962,1,0,0,8,1,1;33;239;129;192;9;361;763
1,4890,5175,1,1,0,8,6,18;224;129;35;284;748;538;424
1,4902,4982,1,0,0,8,1,6;212;43;35;284;736;526;412
0,4927,5015,1,0,0,9,0,187;43;35;284;711;452;387;705;825
1,4937,5148,1,1,0,10,1,177;43;35;284;701;452;377;695;815;479
1,4940,5020,1,1,0,10,1,174;43;35;284;496;452;374;692;812;476
1,4974,5200,1,0,0,12,5,140;43;35;247;496;452;340;658;778;442;667;441
1,4980,5064,1,0,0,12,3,134;43;35;219;496;448;334;652;772;436;661;435
1,5005,5091,1,0,0,12,3,109;43;35;219;496;423;262;627;747;411;636;410
0,5006,5079,1,1,0,12,0,108;43;10;219;496;422;262;626;746;410;635;409
1,5009,5076,1,0,0,13,1,105;43;10;219;496;419;262;623;743;407;632;406;903
1,5016,5258,1,1,0,13,5,98;43;10;204;496;412;262;616;736;400;625;399;896
1,5019,5311,1,0,0,13,8,95;43;10;13;496;409;262;613;733;397;622;396;893
1,5034,5105,1,1,0,13,2,80;43;10;13;496;230;262;598;718;382;607;381;878
0,5037,5123,1,1,0,13,0,77;43;10;13;496;230;262;595;715;379;604;378;875
0,5044,5132,1,1,0,13,0,70;43;10;13;496;230;262;588;708;372;597;371;868
1,5050,5267,1,1,0,13,3,64;43;10;13;496;230;262;582;702;366;591;365;862
0,5242,5310,1,0,0,10,0,396;17;72;390;510;174;399;173;670;657
1,5236,5473,1,0,0,11,8,0;402;192;78;396;516;180;405;179;676;663
0,5226,5283,1,0,0,11,0,5;412;202;88;406;526;190;415;189;686;673
0,5223,5278,1,1,0,11,0,5;412;205;91;409;529;193;418;192;689;676
1,5222,5457,1,0,0,11,6,13;416;206;92;410;530;194;419;193;690;677
1,5222,5300,1,0,0,11,2,13;412;206;92;410;530;194;419;193;690;677
1,5187,5245,1,0,0,11,1,13;451;230;127;445;565;229;454;228;725;712
1,5114,5192,1,1,0,13,1,0;24;13;481;230;200;518;638;302;527;301;798;785
1,5349,5413,1,0,0,10,1,254;17;120;403;67;292;66;563;550;782
0,5331,5408,1,0,0,10,0,254;17;120;421;85;310;84;581;568;800
1,5323,5614,1,0,0,10,6,254;17;309;429;93;318;92;589;576;808
1,5308,5588,1,0,0,11,7,257;17;6;324;444;108;333;107;604;591;823
0,5296,5352,1,0,0,11,0,257;17;18;336;456;120;345;119;616;603;835
1,5279,5348,1,0,0,10,1,341;17;35;353;473;137;362;136;633;620
0,5273,5338,1,0,0,10,0,341;17;41;359;479;143;368;142;639;626
1,5251,5457,1,0,0,10,5,387;17;63;381;501;165;390;164;661;648
1,5425,5629,1,0,0,10,3,152;3;120;327;216;487;474;706;714;829
0,5457,5529,1,0,0,9,0,152;120;295;110;455;442;674;714;797
1,5419,5496,1,1,0,10,1,207;9;120;333;222;493;480;712;730;835
1,5420,5499,1,0,0,10,1,152;8;120;332;221;492;479;711;730;834
0,5407,5469,1,0,0,12,0,207;17;120;345;9;234;8;505;492;724;766;847
1,5417,5490,1,0,0,10,1,207;11;120;335;224;495;482;714;766;837
1,5354,5414,1,1,0,11,1,250;17;120;398;62;287;61;558;545;777;830
1,5364,5437,1,0,0,11,1,207;17;120;388;52;277;51;548;535;767;820
1,5557,5646,1,1,0,10,1,81;75;195;65;355;342;574;627;697;797
1,5568,5634,1,0,0,10,1,70;64;184;65;344;331;563;600;686;786
1,5527,5593,1,1,0,10,2,111;105;225;104;385;372;604;657;727;827
1,5542,5608,1,0,0,10,1,96;80;210;99;370;357;589;642;712;812
1,5474,5548,1,0,0,9,1,152;120;278;104;438;378;657;710;780
1,5485,5553,1,0,0,9,2,152;119;267;104;427;378;646;699;769
1,5459,5525,1,0,0,9,1,152;120;293;110;453;440;672;714;795
1,5472,5553,1,0,0,9,1,152;120;280;110;440;378;659;712;782
1,5621,5699,1,0,0,10,1,17;11;93;14;291;278;510;563;633;733
1,5614,5687,1,0,0,10,2,24;18;138;14;298;285;517;570;640;740
0,5668,5748,1,0,0,9,0,84;244;231;455;488;586;686;636;516
1,5667,5731,1,0,0,9,1,85;245;232;455;517;587;687;637;517
1,5602,5684,1,0,0,10,1,36;18;150;39;310;297;529;582;652;752
1,5590,5662,1,0,0,10,2,48;42;162;51;322;309;541;588;664;764
0,5613,5698,1,0,0,10,0,25;18;139;14;299;286;518;571;641;741
0,5609,5672,1,1,0,10,0,29;18;143;14;303;290;522;575;645;745
1,5727,5977,1,1,0,12,9,25;185;172;170;457;527;627;577;457;599;828;859
1,5705,5990,1,0,0,12,6,47;207;194;375;477;549;649;599;479;621;850;881
1,5762,6041,1,0,0,11,6,81;137;170;419;492;592;542;422;564;793;824
1,5741,5814,1,1,0,12,1,11;81;158;170;443;513;613;563;443;585;814;845
1,5681,5734,1,0,0,11,1,71;231;218;450;488;573;673;623;503;645;874
0,5678,5729,1,0,0,11,0,74;234;221;453;488;576;676;626;506;648;877
1,5697,5756,1,0,0,12,1,55;215;202;375;477;557;657;607;487;629;858;889
1,5684,5766,1,1,0,12,1,68;228;215;447;477;570;670;620;500;642;871;902
1,5834,5894,1,0,0,11,2,78;65;156;350;420;520;470;350;492;721;752
1,5846,5922,1,1,0,11,1,46;53;156;338;408;508;458;338;480;709;740
1,5856,5915,1,0,0,12,2,46;43;156;306;398;498;448;328;470;699;730;565
1,5873,6165,1,1,0,12,6,39;26;156;306;381;481;431;311;426;682;713;548
0,5767,5817,1,1,0,11,0,81;132;169;417;487;587;537;417;559;788;819
1,5777,5866,1,0,0,11,2,81;122;169;407;477;577;527;407;549;778;809
1,5811,5876,1,0,0,11,2,81;88;167;373;443;543;493;373;515;744;775
1,5813,6045,1,0,0,11,6,78;86;167;371;441;541;491;371;513;742;773
0,5898,5949,1,1,0,13,0,14;1;50;49;356;456;406;286;426;657;688;523;600
1,5911,5996,1,5,0,12,1,1;50;49;343;443;393;273;415;644;675;510;587
1,5911,6131,1,3,0,12,4,1;50;49;343;443;393;273;415;644;675;432;587
0,5913,5968,1,3,0,11,0,50;49;341;441;391;271;206;642;673;432;585
1,5884,5967,1,0,0,12,2,28;15;156;49;370;470;420;300;426;671;702;537
0,5888,5944,1,1,0,12,0,24;11;156;49;366;466;416;296;426;667;698;533
1,5897,6136,1,1,0,13,10,15;2;156;49;357;457;407;287;426;658;689;524;601
1,5898,5953,1,2,0,13,1,14;1;50;49;356;456;406;286;426;657;688;523;600
1,6314,6389,1,0,0,11,2,40;1;88;223;107;184;608;247;275;670;594
1,6310,6386,1,0,0,10,3,44;16;245;223;111;188;612;251;279;674
0,6339,6424,1,0,0,10,0,15;88;223;46;159;583;222;250;645;569
1,6320,6400,1,1,0,11,2,34;1;88;223;79;178;602;241;269;664;588
1,6365,6451,1,1,0,9,1,88;167;46;133;557;196;224;619;543
1,6352,6423,1,0,0,10,1,2;88;223;46;146;570;209;237;632;556
1,6386,6473,1,1,0,10,3,88;151;34;112;536;175;203;598;522;614
1,6367,6433,1,0,0,9,2,88;151;46;131;555;194;222;617;541
0,6242,6300,1,1,0,10,0,12;92;62;84;313;344;179;256;680;319
1,6214,6271,1,1,0,10,1,40;140;90;112;341;372;207;284;708;347
1,6252,6550,1,1,0,10,6,2;92;52;74;303;334;169;246;670;309
0,6245,6323,1,0,0,10,0,9;92;59;81;310;341;176;253;677;316
1,6264,6317,1,0,0,9,2,48;40;50;291;322;157;234;658;297
1,6260,6316,1,0,0,9,2,48;44;66;295;326;161;238;662;301
1,6310,6594,1,1,0,10,7,44;1;245;223;111;188;612;251;279;674
1,6284,6364,1,1,0,11,2,48;20;40;271;302;137;214;638;277;305;700
0,6025,6091,1,0,0,12,0,50;49;229;212;279;159;206;530;561;360;473;897
1,6039,6105,1,1,0,12,1,50;49;215;212;265;145;206;516;547;360;459;883
1,6045,6262,1,0,0,12,6,50;49;209;212;259;139;206;510;541;360;453;859
0,6062,6142,1,0,0,13,0,25;49;192;212;242;122;206;493;524;359;436;859;499
1,6097,6165,1,1,0,13,1,25;49;157;212;207;87;206;458;489;324;401;825;464
1,6125,6195,1,0,0,13,1,6;49;129;212;179;59;201;430;461;296;373;797;436
1,6128,6217,1,0,0,13,2,3;49;126;201;176;56;198;427;458;293;370;794;433
1,6146,6218,1,0,0,12,2,38;108;201;158;38;180;409;440;275;352;776;415
0,5925,5995,1,3,0,11,0,50;49;329;429;379;259;206;630;661;432;573
0,5931,6017,1,2,0,11,0,50;49;323;423;373;253;206;624;655;432;567
0,5936,6006,1,1,0,11,0,50;49;318;418;368;248;206;619;650;432;562
0,5937,6013,1,1,0,11,0,50;49;317;417;367;247;206;618;649;432;561
0,5980,6050,1,0,0,11,0,50;49;274;374;324;204;206;575;606;432;518
1,6018,6300,1,1,0,12,5,50;49;236;336;286;166;206;537;568;403;480;904
1,6021,6083,1,1,0,12,1,50;49;233;212;283;163;206;534;565;400;477;901
0,6021,6076,1,0,0,12,0,50;49;233;212;283;163;206;534;565;360;477;901
1,6701,6760,1,0,0,8,4,221;188;165;299;264;515;333;595
1,6672,6760,1,0,0,7,3,234;188;165;318;285;544;362
1,6663,6732,1,0,0,7,3,234;188;165;330;285;553;371
0,6660,6739,1,0,0,7,0,234;188;165;330;285;556;374
1,6756,6828,1,0,0,8,4,166;188;152;244;190;460;278;540
1,6740,6961,1,1,0,8,5,182;188;165;260;190;476;294;556
1,6728,6993,1,0,0,8,3,194;188;165;272;205;488;306;568
1,6713,6765,1,0,0,8,1,209;188;165;287;252;503;321;583
1,6577,6800,1,0,0,8,2,9;293;12;407;165;330;388;639
1,6574,6805,1,1,0,8,3,12;293;15;410;334;330;391;642
1,6562,6651,1,1,0,8,2,13;294;27;422;346;330;403;642
1,6555,6791,1,1,0,10,2,0;13;294;3;34;429;353;445;410;642
1,6658,6723,1,0,0,7,1,264;188;165;330;285;558;376
1,6630,6862,1,1,0,7,1,284;205;165;330;285;586;404
1,6627,6690,1,0,0,7,1,284;205;165;330;338;589;407
1,6578,6650,1,1,0,8,1,8;293;11;205;165;330;387;638
1,6506,6563,1,0,0,9,1,49;13;326;3;83;473;402;494;459
1,6510,6587,1,1,0,10,3,45;13;326;3;79;473;398;469;455;706
1,6483,6557,1,1,0,9,1,72;13;15;326;37;106;474;425;517
1,6487,6546,1,1,0,9,1,68;13;11;326;37;102;473;421;513
1,6553,6640,1,0,0,10,3,2;13;310;3;36;431;355;447;412;643
1,6554,6607,1,2,0,10,1,1;13;294;3;35;430;354;446;411;643
1,6515,6593,1,1,0,10,2,40;13;310;3;74;469;393;469;450;701
1,6522,6606,1,0,0,10,1,33;13;310;3;67;462;386;469;443;694
0,6393,6444,1,0,0,10,0,88;149;13;105;529;168;196;591;515;607
1,6400,6457,1,1,0,10,1,88;149;13;98;522;161;189;584;508;600
1,6387,6459,1,0,0,10,1,88;151;13;111;535;174;202;597;521;613
0,6389,6445,1,1,0,10,0,88;149;13;109;533;172;200;595;519;611
1,6460,6660,1,1,0,9,2,88;13;38;462;101;129;474;448;540
1,6479,6712,1,1,0,9,3,76;13;19;443;37;110;474;429;521
1,6425,6639,1,0,0,9,4,88;149;73;497;136;164;559;465;575
1,6459,6521,1,0,0,9,1,88;13;39;463;102;130;525;449;541
0,7188,7266,1,0,0,7,0,2;108;407;251;232;1378;950
1,7184,7415,1,0,0,7,3,2;112;407;251;451;1382;954
1,7220,7281,1,0,0,6,1,76;404;251;232;1346;918
1,7197,7273,1,0,0,7,1,2;99;407;251;232;1369;941
1,7121,7200,1,0,0,5,1,2;175;407;565;514
1,7066,7128,1,0,0,5,2,22;230;407;620;569
1,7163,7459,1,1,0,6,3,2;133;407;523;472;1403
0,7129,7211,1,0,0,5,0,2;137;407;557;506
0,7038,7124,1,1,0,5,0,172;258;586;648;597
0,7034,7113,1,0,0,6,0,172;0;262;590;652;601
1,7065,7272,1,0,0,5,2,151;231;407;621;570
1,7041,7292,1,0,0,5,2,172;255;583;645;594
1,6949,7030,1,0,0,6,1,21;51;16;239;85;347
1,6948,7029,1,0,0,6,3,21;52;16;257;86;348
1,7022,7111,1,0,0,5,2,194;12;274;602;664
0,6993,7049,1,0,0,6,0,7;223;41;303;631;693
1,6888,7129,1,0,0,8,3,34;96;20;112;16;328;146;408
1,6909,7194,1,1,0,7,4,13;75;91;16;307;125;387
1,6933,6988,1,0,0,6,1,51;67;16;283;101;363
1,6941,7025,1,0,0,6,3,21;59;16;275;93;355
1,6850,6916,1,0,0,8,1,72;134;58;150;93;366;184;446
1,6870,6943,1,1,0,8,4,52;114;38;130;55;346;164;426
1,6877,7176,1,0,0,8,3,45;107;31;122;55;339;157;419
1,6879,6963,1,0,0,8,1,43;105;29;121;16;337;155;417
1,6819,6895,1,0,0,8,1,103;151;89;176;146;397;215;477
1,6822,6897,1,0,0,8,1,100;151;86;176;129;394;212;474
1,6831,6901,1,0,0,8,4,91;151;77;169;129;385;203;465
1,6832,6892,1,1,0,8,1,90;151;76;150;129;384;202;464
1,6759,7022,1,1,0,8,5,163;188;149;236;190;457;275;537
0,6777,6829,1,0,0,8,0,145;156;131;223;188;439;257;519
1,6793,6865,1,1,0,8,1,129;156;115;207;172;423;241;503
1,6799,7009,1,0,0,8,4,123;151;109;201;166;417;235;497
1,7861,8092,1,1,0,12,8,482;238;40;321;268;132;232;312;529;170;159;862
0,7857,7912,1,1,0,12,0,482;238;44;325;272;136;236;316;533;174;163;866
1,7852,7907,1,0,0,12,1,482;238;49;330;277;141;241;321;538;179;168;871
1,7841,7920,1,0,0,12,1,535;238;60;341;288;152;252;332;549;190;179;882
0,7836,7892,1,1,0,12,0,535;238;65;346;293;157;257;337;554;195;184;887
1,7832,8032,1,0,0,12,9,535;244;69;350;297;161;261;341;558;199;188;891
1,7809,8098,1,0,0,12,6,747;244;92;373;320;184;284;364;581;222;211;914
1,7796,7877,1,0,0,12,1,770;244;105;386;333;197;297;377;594;235;224;927
0,7766,7838,1,0,0,12,0,777;244;135;416;363;227;327;407;624;265;254;957
1,7746,7985,1,1,0,12,9,777;392;155;436;6;383;247;347;427;644;277;274
0,7745,7822,1,1,0,12,0,777;393;156;437;7;384;248;348;428;645;277;275
1,7710,7767,1,0,0,12,1,777;428;191;472;42;419;283;383;463;680;321;310
0,7680,7758,1,0,0,13,0,6;777;458;221;502;72;449;313;413;493;710;351;340
1,7641,7713,1,0,0,13,1,45;777;497;260;541;111;488;352;452;532;749;390;379
1,7614,7698,1,1,0,15,2,10;72;20;777;524;287;568;138;515;379;479;559;776;417;406
0,7614,7681,1,0,0,15,0,10;45;20;777;524;287;568;138;515;379;479;559;776;417;406
0,7595,7651,1,1,0,15,0,29;80;20;971;543;306;587;157;534;398;498;578;795;436;425
1,7605,7891,1,1,0,15,8,19;80;20;961;533;296;577;147;524;388;488;568;785;426;415
0,7513,7564,1,1,0,13,0,111;80;122;1053;625;388;669;239;616;480;580;660;877
1,7588,7671,1,1,0,15,3,36;80;47;978;550;313;594;164;541;405;505;585;802;443;432
0,7469,7536,1,1,0,12,0,155;80;166;1097;669;432;713;283;660;524;624;704
0,7475,7536,1,0,0,12,0,149;80;160;1091;663;426;707;277;654;518;618;698
1,7418,7634,1,1,0,11,10,206;92;217;1148;720;483;764;334;711;575;675
1,7439,7701,1,1,0,12,11,185;90;196;1127;699;462;743;313;690;554;654;734
0,7372,7434,1,0,0,8,0,252;241;232;1194;766;529;810;380
1,7417,7651,1,0,0,11,10,207;241;218;1149;721;484;765;335;712;576;676
1,7304,7379,1,0,0,8,1,320;241;232;1262;834;597;878;448
0,7345,7400,1,0,0,8,0,279;241;232;1221;793;547;837;407
1,7258,7500,1,0,0,9,7,38;366;251;232;1308;880;643;924;494
0,7279,7343,1,0,0,9,0,17;345;241;232;1287;859;622;903;473
1,7240,7537,1,0,0,9,6,56;384;251;232;1326;898;661;942;512
0,7242,7312,1,0,0,9,0,54;382;251;232;1324;896;659;940;510
1,8191,8424,1,0,0,6,5,375;147;532;648;752;916
0,8201,8257,1,0,0,6,0,365;14;522;638;742;906
1,8220,8497,1,0,0,6,6,346;14;503;619;723;887
0,8231,8314,1,0,0,6,0,96;14;492;608;712;876
1,8260,8318,1,1,0,6,1,96;14;463;579;683;847
1,8280,8481,1,0,0,6,4,96;14;443;535;663;827
1,8307,8378,1,0,0,8,1,96;5;416;532;636;800;742;453
0,8323,8395,1,0,0,8,0,96;5;400;516;589;784;726;437
1,8326,8397,1,1,0,8,1,96;5;397;513;589;781;723;434
0,8329,8387,1,0,0,8,0,96;5;394;486;589;778;720;431
1,8333,8398,1,0,0,8,1,96;5;390;486;589;774;716;427
0,8335,8388,1,0,0,8,0,96;5;388;486;589;718;714;425
0,8336,8419,1,0,0,9,0,96;5;387;486;589;718;713;424;930
1,8344,8401,1,1,0,9,2,96;5;379;486;589;718;705;416;922
0,8346,8405,1,0,0,9,0,96;5;377;442;589;718;703;414;920
0,8346,8412,1,0,0,9,0,96;5;377;442;589;718;703;414;920
1,7870,8079,1,1,0,12,6,482;65;31;312;259;123;223;303;520;161;150;853
1,7861,7947,1,1,0,12,3,482;109;40;321;268;132;232;312;529;170;159;862
1,7875,8109,1,1,0,12,3,482;50;26;307;254;118;218;298;515;156;145;848
0,7870,7942,1,2,0,12,0,482;50;31;312;259;123;223;303;520;161;150;853
1,7937,8161,1,2,0,12,5,482;19;245;35;56;156;236;453;94;83;786;902
1,7877,8123,1,2,0,12,6,482;50;24;305;35;116;216;296;513;154;143;846
0,8080,8135,1,0,0,9,0,482;2;102;35;13;93;310;643;759
0,7959,8016,1,1,0,12,0,482;2;223;35;34;134;214;431;72;61;764;880
1,8115,8181,1,1,0,8,1,451;2;67;14;58;275;608;724
0,8081,8139,1,0,0,9,0,482;2;101;35;12;92;309;642;758
0,8127,8182,1,1,0,8,0,439;2;55;2;46;212;596;650
1,8125,8207,1,0,0,8,1,441;2;57;4;48;212;598;714
1,8150,8217,1,0,0,6,1,416;32;23;212;554;650
1,8137,8192,1,0,0,7,1,429;1;45;36;212;586;650
1,8185,8261,1,0,0,6,2,381;174;538;650;758;922
0,8168,8256,1,0,0,7,0,398;14;5;174;554;650;775
1,8678,8741,1,0,0,13,1,45;161;209;429;371;82;588;432;518;521;725;428;1061
1,8679,8737,1,0,0,13,1,44;160;209;428;370;81;587;422;517;521;724;427;1060
1,8634,8717,1,0,0,10,1,70;203;209;473;415;126;632;442;562;580
1,8640,8711,1,0,0,10,2,70;199;209;467;409;120;626;442;556;521
1,8812,8868,1,0,0,11,3,27;131;295;237;454;298;384;402;591;294;927
1,8812,8892,1,0,0,11,1,27;107;295;237;454;298;384;402;591;294;927
1,8694,8759,1,1,0,13,2,29;113;209;413;355;66;572;416;502;520;709;412;1045
1,8749,8814,1,0,0,12,2,90;194;358;300;11;517;361;447;465;654;357;990
1,8855,8934,1,0,0,11,2,88;170;194;411;255;305;359;548;251;884;768
1,8858,9105,1,0,0,11,6,85;96;191;408;252;305;356;545;248;881;765
1,8840,9071,1,0,0,11,8,103;267;209;426;270;314;374;563;266;899;783
1,8846,8924,1,0,0,11,1,97;170;203;420;264;314;368;557;260;893;777
1,8873,8934,1,0,0,11,3,70;53;176;393;217;305;341;530;233;866;750
1,8874,8944,1,0,0,11,1,65;53;175;392;217;305;340;529;232;865;749
1,8862,9099,1,1,0,11,8,81;83;187;404;248;305;352;541;244;877;761
1,8871,8931,1,0,0,11,2,72;53;178;395;239;305;343;532;235;868;752
1,8433,8725,1,0,0,9,7,96;96;213;510;674;616;327;833;677
1,8417,8487,1,0,0,9,4,96;96;213;526;690;632;343;849;693
1,8410,8636,1,0,0,9,5,96;96;429;533;697;639;350;856;700
1,8398,8669,1,0,0,9,8,96;325;441;545;709;651;362;868;712
1,8501,8583,1,0,0,10,2,65;70;213;442;606;548;259;765;609;695
0,8490,8567,1,0,0,10,0,76;70;213;453;617;559;270;776;620;706
0,8476,8540,1,0,0,10,0,90;70;213;467;631;573;284;790;634;720
0,8436,8502,1,0,0,9,0,96;70;213;507;671;613;324;830;674
0,8528,8592,1,0,0,10,0,38;70;203;209;570;521;232;738;582;668
1,8514,8764,1,1,0,10,3,52;70;203;429;570;535;246;752;596;682
1,8507,8596,1,1,0,10,3,59;70;203;436;600;542;253;759;603;689
1,8503,8783,1,0,0,10,6,63;70;210;440;604;546;257;763;607;693
0,8624,8689,1,0,0,10,0,70;203;209;483;425;136;642;442;572;590
1,8621,8708,1,0,0,10,1,70;203;209;486;428;139;645;468;575;593
1,8593,8680,1,1,0,10,3,70;203;209;514;456;167;673;468;603;621
1,8575,8644,1,0,0,10,1,70;203;209;532;474;185;691;535;621;639
1,9374,9445,1,0,0,13,3,29;271;249;49;78;448;218;685;643;517;408;714;868
1,9388,9460,1,0,0,13,1,15;271;202;35;64;434;204;671;629;503;394;700;854
1,9389,9455,1,0,0,13,3,14;271;202;34;63;433;203;670;628;502;382;699;853
1,9426,9515,1,0,0,13,3,271;192;26;396;166;633;591;465;356;662;816;716;865
1,9264,9464,1,0,0,12,7,2;123;475;359;159;188;558;328;795;753;627;518
1,9289,9576,1,1,0,11,9,114;303;334;134;163;533;303;770;728;602;493
1,9322,9379,1,0,0,11,1,81;271;301;101;130;500;270;737;695;569;460
1,9347,9403,1,0,0,11,2,56;271;276;76;105;475;245;690;670;544;435
1,9485,9752,1,1,0,13,9,254;138;337;107;510;532;406;284;603;757;657;806;463
1,9487,9548,1,0,0,13,2,252;136;335;105;314;530;404;284;601;755;655;804;461
1,9542,9622,1,0,0,13,2,197;81;280;50;314;475;349;240;546;700;600;749;406
1,9575,9644,1,0,0,13,1,164;48;247;17;314;442;316;207;513;667;567;716;373
1,9441,9521,1,0,0,14,3,271;170;11;381;151;618;576;450;341;647;801;701;850;507
1,9479,9557,1,0,0,13,1,260;139;343;113;580;538;412;303;609;763;663;812;469
1,9481,9559,1,1,0,13,3,258;139;341;111;578;536;410;284;607;761;661;810;467
1,9481,9547,1,0,0,13,2,258;139;341;111;549;536;410;284;607;761;661;810;467
1,9026,9101,1,0,0,14,1,53;23;240;84;170;188;377;80;713;597;397;426;796;566
1,8953,9028,1,0,0,12,3,53;96;313;157;243;249;450;153;786;670;470;499
1,9044,9130,1,0,0,14,2,53;5;2;66;148;170;359;62;695;579;379;408;778;548
1,9039,9305,1,0,0,14,6,53;10;227;71;148;175;364;67;700;584;384;413;783;553
0,8912,8991,1,0,0,11,0,31;53;137;326;198;284;302;491;194;827;711
1,8893,8981,1,1,0,11,1,50;53;156;340;217;303;321;510;213;846;730
1,8939,9002,1,0,0,12,2,4;53;110;326;171;257;275;464;167;800;684;484
1,8919,8977,1,0,0,12,3,24;53;130;326;191;277;295;484;187;820;704;504
1,9186,9257,1,1,0,13,1,2;10;28;217;553;437;237;266;636;406;873;831;705
1,9155,9385,1,0,0,13,6,2;41;59;248;584;468;268;297;667;437;904;862;736
1,9247,9332,1,0,0,12,2,2;156;492;364;176;205;575;345;812;770;644;535
1,9189,9267,1,0,0,13,2,2;7;25;214;550;434;234;217;633;403;870;828;702
1,9074,9134,1,1,0,14,2,33;2;29;122;140;329;32;665;549;349;378;748;518;985
1,9073,9156,1,0,0,14,3,34;2;37;123;141;330;33;666;550;350;379;749;519;986
0,9147,9207,1,0,0,13,0,2;49;67;256;592;476;276;305;675;445;912;870;744
1,9085,9171,1,1,0,14,2,22;2;16;111;129;318;21;654;538;338;367;737;507;974
1,10048,10122,1,0,0,8,1,11;40;43;94;103;371;754;294
0,10074,10129,1,0,0,8,0,14;43;68;103;345;728;227;976
1,9974,10185,1,0,0,10,3,24;43;100;43;168;103;43;445;828;368
0,10017,10071,1,0,0,10,0,12;0;71;43;125;103;0;402;785;325
1,9955,10240,1,0,0,10,4,24;62;100;287;187;336;62;464;847;387
1,9958,10235,1,1,0,10,3,24;59;100;43;184;333;59;461;844;384
1,9942,9992,1,0,0,11,2,64;75;146;300;200;349;6;75;477;860;400
1,9953,10013,1,0,0,10,1,24;64;135;289;189;338;64;466;849;389
1,10199,10452,1,2,0,9,6,43;92;186;603;143;851;998;471;357
1,10224,10492,1,0,0,9,4,18;67;186;578;118;826;973;446;332
1,10142,10412,1,0,0,9,5,43;0;103;194;660;200;908;1055;528
1,10176,10228,1,1,0,9,1,43;103;188;626;166;874;1021;494;380
1,10119,10336,1,0,0,9,4,43;23;103;194;683;223;931;1078;551
0,10139,10221,1,1,0,9,0,43;3;103;194;663;203;911;1058;531
1,10076,10277,1,0,0,8,2,12;43;66;103;343;726;227;974
1,10091,10154,1,0,0,7,1,43;51;103;194;711;227;959
0,9677,9746,1,0,0,12,0,22;6;314;333;101;105;401;565;465;614;271;340
1,9668,9924,1,0,0,12,7,22;6;314;333;223;114;401;574;474;623;280;349
1,9650,9716,1,0,0,12,2,22;6;314;367;241;132;401;592;492;641;298;367
1,9648,9732,1,0,0,12,2,22;6;314;369;243;134;440;594;494;643;300;369
0,9595,9649,1,0,0,13,0,22;28;6;314;422;296;141;493;647;547;696;353;422
1,9591,9660,1,0,0,13,1,22;32;6;1;314;426;300;191;497;651;551;700;357
1,9585,9847,1,0,0,13,8,149;38;6;7;314;432;306;197;503;657;557;706;363
1,9582,9847,1,0,0,13,6,149;41;240;10;314;435;309;200;506;660;560;709;366
1,9889,9939,1,0,0,12,1,67;128;2;199;353;253;402;59;128;530;913;453
1,9888,10130,1,1,0,12,6,125;129;3;200;354;254;403;60;129;531;914;454
0,9852,9940,1,0,0,11,0,125;165;39;236;390;290;439;96;165;567;950
1,9848,10110,1,0,0,11,8,211;169;43;240;394;294;443;100;169;571;954
1,9803,9862,1,0,0,11,2,6;256;214;88;285;439;339;488;145;214;616
1,9755,9840,1,0,0,11,2,6;304;262;101;27;333;487;387;536;193;262
0,9754,9834,1,0,0,11,0,6;305;263;101;28;334;488;388;537;194;263
1,9689,9754,1,0,0,12,1,22;6;314;328;101;93;399;553;453;602;259;328
239
14643,14860,0.00,11
14657,15422,0.00,9
14611,15629,0.00,8
14622,15229,0.00,8
14526,15164,0.00,11
14538,15065,0.00,9
14472,15424,0.00,11
14304,14912,64.63,11
14257,15201,302.62,11
14235,14911,51.33,8
14216,14707,44.65,10
14215,15099,438.06,10
14100,15000,285.83,9
14069,14857,0.00,11
13899,14457,0.00,8
13847,14504,89.37,10
13808,14486,214.32,9
13802,14638,34.74,11
13802,14429,0.00,11
13758,14569,0.00,9
13751,14958,357.69,11
13738,14449,0.00,8
13395,14321,381.70,8
13401,14098,209.55,8
13561,14160,0.00,9
13564,14502,360.56,10
13152,14102,134.52,8
13174,13884,141.37,11
13231,13571,0.00,9
13288,14116,251.79,9
12744,13559,378.46,9
12943,13646,210.14,8
12968,13569,98.94,9
13065,13812,433.35,10
12318,13055,71.21,9
12320,13180,80.14,11
12355,12985,125.62,8
12428,12973,0.00,11
12232,12772,0.00,11
12200,12894,46.52,8
12299,12779,0.00,10
12261,12703,62.75,8
12139,13334,509.18,11
12123,12881,73.13,8
12187,12917,0.00,10
12177,12921,34.19,8
11945,13129,455.35,9
11926,12572,0.00,11
12012,12735,364.44,10
11961,12562,68.80,9
11559,12482,87.00,8
11522,12479,38.61,10
11915,12472,88.14,9
11749,12397,0.00,11
5,346,23.10,11
0,808,387.36,9
0,328,102.08,4
0,79,0.00,1
0,132,0.00,1
0,249,0.00,2
0,349,131.61,6
0,99,49.29,1
0,441,319.83,5
669,1189,80.08,9
738,1431,135.03,8
562,1357,188.32,10
583,1045,0.00,8
475,644,0.00,11
498,1116,41.40,11
423,1030,0.00,11
427,1309,123.29,10
318,1116,76.43,9
373,1345,31.39,8
262,1171,0.00,8
306,1399,380.28,11
127,796,115.99,10
180,930,0.00,11
8,897,450.83,10
39,700,0.00,9
1689,2157,118.88,9
1580,2101,163.54,8
1739,2141,83.94,8
1713,2316,225.59,10
1062,1723,0.00,10
1055,1718,101.87,8
1344,2079,198.39,9
1272,1802,112.98,10
1008,1670,0.00,8
977,1814,211.70,8
1048,1515,0.00,9
1008,1885,184.66,8
823,1543,0.00,11
784,1693,514.93,9
958,1622,0.00,10
925,1915,483.30,9
2561,3456,152.90,9
2693,3501,389.01,11
2759,3453,108.55,11
2920,3718,187.25,8
2344,2762,149.15,10
2481,3258,596.43,8
2520,3324,522.00,8
2529,3230,162.19,9
2162,2780,374.25,11
2172,2612,0.00,11
2223,3184,382.77,9
2248,2799,139.27,8
1747,2798,307.52,8
1785,2477,32.91,9
1896,2451,132.80,8
1970,2476,262.69,8
6370,7000,251.90,10
6312,6908,257.42,8
6284,6984,343.68,10
6279,6589,0.00,9
6046,6561,98.06,8
6004,6922,214.30,8
5897,6498,0.00,10
5850,6421,213.19,8
7137,8566,723.44,10
7027,7635,246.29,10
6986,7686,505.45,10
6961,7624,176.23,8
6701,7296,54.03,11
6627,7034,0.00,10
6508,7216,261.44,9
6496,6965,245.79,9
5053,5899,68.86,9
5286,6131,484.66,11
4949,5415,0.00,8
5009,5912,139.85,9
4928,5416,0.00,10
4941,5641,172.44,8
4911,5632,252.53,8
4920,5752,45.91,8
5677,6555,157.23,9
5682,6586,289.18,10
5641,6184,0.00,11
5675,6326,320.09,8
5527,6354,228.18,8
5637,6304,0.00,11
5354,6184,499.81,11
5394,6254,0.00,8
4003,4908,111.19,11
4001,4876,290.00,9
4096,5114,138.55,10
4057,4567,0.00,8
3933,4395,13.71,8
3888,4556,0.00,11
3980,4723,148.80,11
3939,4324,70.27,8
4799,5638,497.22,11
4455,5236,356.06,8
4888,5314,72.76,11
4882,5428,428.48,8
4283,4851,0.00,9
4143,5138,444.02,11
4391,4884,173.88,9
4308,5067,172.98,10
3241,4346,547.65,11
3282,4120,210.89,8
3294,3935,50.25,9
3327,4026,28.99,11
3015,3871,151.72,8
3063,3777,51.42,11
3085,3685,0.00,9
3102,3521,0.00,10
3611,4223,0.00,11
3619,4041,0.00,8
3721,4677,0.00,11
3722,4517,0.00,10
3356,4145,14.77,11
3492,4351,389.42,9
3544,4131,0.00,8
3592,4419,164.56,10
10800,11586,452.93,8
10754,11376,0.00,11
10667,11609,244.66,11
10466,11461,377.54,10
11203,12204,239.08,9
11168,11867,232.97,8
11096,11483,0.00,8
10855,11497,159.09,11
11350,12195,142.93,8
11287,11972,252.58,11
11221,11927,163.48,11
11205,11939,121.68,9
11500,12327,227.79,9
11469,11931,0.00,8
11449,12241,310.89,11
11383,12115,0.00,9
9367,10242,244.26,10
9398,10142,0.00,8
9238,9782,82.83,9
9355,10088,109.83,11
9592,10017,0.00,11
9788,10419,335.36,11
9398,10291,291.74,11
9432,9948,0.00,10
10058,11050,648.08,11
10105,11197,379.16,11
9845,10802,126.85,8
9878,10342,76.75,10
10347,11427,270.44,9
10434,11222,0.00,11
10117,10670,173.51,9
10171,10556,0.00,10
8336,9266,319.02,9
8306,8760,0.00,9
8450,9196,101.58,10
8352,9110,147.22,11
8644,9403,33.10,11
8567,9214,160.96,9
8660,9739,346.90,8
8659,9106,0.00,10
8914,9423,0.00,11
8839,9623,265.03,9
8978,9822,234.55,8
8940,9452,49.65,10
9071,10059,531.70,11
8985,9592,0.00,8
9145,9891,149.26,8
9111,10017,34.70,9
7181,8138,390.24,8
7224,7901,50.46,11
7228,8182,0.00,9
7232,7752,0.00,8
7389,8129,219.52,8
7403,7993,0.00,11
7412,8093,0.00,10
7439,8173,0.00,10
7503,8390,270.41,11
7585,8031,44.52,10
7586,8020,0.00,9
7748,8723,288.20,11
7908,8839,465.00,10
8156,8943,318.23,9
8184,9107,341.00,8
8298,9049,0.00,9
