1004
1,3176,3244,1,0,0,12,2,8;82;148;54;280;325;277;533;579;601;509;345
1,3187,3257,1,0,0,11,4,71;137;43;269;314;266;524;579;590;498;334
1,3192,3261,1,0,0,11,1,66;132;38;264;309;261;524;579;552;493;329
1,3205,3283,1,1,0,11,4,53;119;25;251;296;248;494;579;552;480;316
1,3217,3303,1,0,0,11,2,41;107;13;239;284;236;494;579;536;468;304
1,3218,3298,1,0,0,11,2,40;106;12;238;283;235;494;579;536;426;303
1,3244,3501,1,0,0,11,6,14;80;212;257;209;464;579;533;426;277;1102
1,3331,3407,1,1,0,12,1,125;170;122;387;540;446;354;190;866;789;604;695
1,3046,3121,1,1,0,9,1,138;212;256;184;410;343;407;533;825
1,3055,3118,1,1,1,9,3,129;203;222;175;401;343;398;533;816
1,3063,3141,1,0,0,10,2,121;195;222;167;393;343;390;533;808;714
1,3064,3331,1,1,0,10,7,120;194;222;166;392;343;389;533;765;713
1,3074,3145,1,1,0,10,2,110;184;222;156;382;343;379;533;764;703
1,3104,3189,1,1,0,12,4,80;154;220;126;352;343;349;533;763;673;581;417
1,3114,3173,1,1,0,12,3,70;144;210;116;342;343;339;533;740;663;571;407
1,3123,3344,1,0,0,12,4,61;135;201;107;333;343;330;533;713;654;562;398
1,3422,3659,1,1,0,13,9,34;79;31;296;449;355;263;99;866;580;513;566;723
1,3422,3480,1,0,0,13,1,34;79;31;296;449;355;263;99;866;580;513;566;546
1,3438,3498,1,1,0,13,3,18;63;15;280;413;339;247;83;861;580;497;566;546
1,3426,3506,1,0,0,13,3,30;75;27;292;413;351;259;95;866;580;509;566;546
1,3462,3669,1,0,0,11,3,39;256;409;315;223;59;861;580;466;528;546
1,3454,3509,1,1,0,12,1,2;47;264;413;323;231;67;861;580;466;566;546
1,3479,3537,1,1,0,11,1,22;239;392;298;206;42;858;580;456;528;546
1,3475,3563,1,1,0,11,2,26;243;396;302;210;46;859;580;460;528;546
1,3368,3647,1,1,0,13,7,88;133;85;350;503;409;317;153;866;596;567;658;777
1,3343,3589,1,0,0,12,5,113;158;110;375;528;434;342;178;866;777;592;683
1,3384,3454,1,0,0,13,3,72;117;69;334;484;393;301;137;866;580;551;642;761
1,3376,3462,1,0,0,13,1,80;125;77;342;495;401;309;145;866;580;559;650;769
0,3403,3471,1,0,0,13,0,53;98;50;315;468;374;282;118;866;580;523;623;742
1,3392,3443,1,1,0,13,3,64;109;61;326;479;385;293;129;866;580;531;634;753
1,3413,3493,1,0,0,13,3,43;88;40;305;458;364;272;108;866;580;522;566;732
1,3404,3474,1,1,0,13,4,52;97;49;314;467;373;281;117;866;580;523;622;741
1,3771,3839,1,0,0,14,2,100;6;575;349;164;255;374;580;360;648;452;270;906;746
0,3776,3838,1,0,0,14,0,95;1;570;344;159;250;369;559;355;643;447;265;901;741
1,3657,3944,1,1,1,14,8,61;214;120;28;689;463;278;369;488;595;474;762;566;384
1,3686,3755,1,0,0,13,2,32;185;91;637;434;249;340;459;595;445;733;537;355
1,3840,4116,1,1,0,13,6,31;506;280;95;186;305;511;291;579;383;201;837;625
1,3842,3916,1,0,0,13,1,29;471;278;93;184;303;509;289;577;381;199;835;625
1,3784,3852,1,1,0,13,2,87;562;336;151;242;361;559;347;635;439;257;893;733
1,3811,3900,1,1,0,13,3,60;535;309;124;215;334;532;320;608;412;230;866;706
1,3516,3602,1,1,0,11,2,202;355;261;169;5;806;580;419;510;546;835
1,3517,3584,1,1,0,11,2,201;354;260;168;4;806;580;418;509;546;793
0,3482,3565,1,0,0,11,0,19;236;389;285;203;39;858;580;453;528;546
1,3512,3562,1,0,0,11,2,206;359;265;173;9;834;580;423;514;546;839
1,3570,3645,1,0,0,11,2,148;301;207;115;776;550;365;456;546;625;561
1,3602,3685,1,1,0,12,2,116;269;175;83;744;518;333;424;543;625;529;817
1,3530,3588,1,0,0,10,2,188;341;247;155;806;580;398;496;546;793
1,3566,3814,1,0,0,11,8,152;305;211;119;780;554;369;460;546;785;565
1,4002,4084,1,1,0,16,1,344;118;24;125;349;129;304;221;39;517;493;435;393;322;721;874
1,4000,4226,1,1,0,15,8,346;120;26;125;351;131;419;223;41;563;493;435;395;324;723
1,4000,4075,1,0,0,15,2,346;120;26;125;351;131;304;223;41;563;493;435;395;324;723
1,3993,4074,1,0,0,15,2,353;127;33;125;358;138;426;230;48;563;521;435;402;331;730
1,4020,4259,1,1,0,17,4,326;100;6;125;317;111;304;203;21;517;493;435;375;304;703;676;764
1,4015,4068,1,1,0,17,1,331;105;11;125;317;116;304;208;26;517;493;435;380;309;708;676;764
1,4013,4277,1,0,0,17,9,333;107;13;125;317;118;304;210;28;517;493;435;382;311;710;863;764
1,4004,4211,1,0,0,17,7,342;116;22;125;317;127;304;219;37;517;493;435;391;320;719;872;904
1,3910,4206,1,0,0,13,7,436;210;25;116;235;434;221;509;313;131;690;607;646
1,3901,3979,1,0,1,13,2,445;219;34;125;244;450;230;518;322;140;690;616;655
1,3878,3928,1,1,0,12,2,468;242;57;148;267;473;253;541;345;163;690;625
1,3866,4068,1,0,0,13,10,5;471;254;69;160;279;485;265;553;357;175;811;625
1,3974,4035,1,0,0,14,2,372;146;52;171;377;157;445;249;67;563;521;435;421;350
1,3954,4161,1,1,0,14,7,376;166;72;191;397;177;465;269;87;690;521;435;441;370
1,3949,4038,1,0,0,14,2,376;171;77;196;402;182;470;274;92;690;568;435;446;375
1,3935,4146,1,0,0,14,5,411;185;0;91;210;416;196;484;288;106;690;582;435;460
1,2348,2621,1,0,0,9,4,450;129;103;128;432;264;757;451;414
1,2352,2428,1,1,0,9,1,446;125;99;124;428;260;757;389;410
1,2354,2424,1,0,0,9,1,444;123;97;88;426;258;757;389;408
0,2358,2426,1,0,0,9,0,440;119;93;88;396;254;757;389;404
1,2250,2464,1,0,0,9,4,66;548;179;201;226;520;362;934;549
0,2273,2349,1,1,0,9,0,43;525;179;178;203;507;339;757;526
0,2329,2400,1,0,0,8,0,469;148;122;147;451;283;757;470
0,2339,2393,1,0,0,8,0,459;138;112;137;441;273;757;460
1,2165,2398,1,0,0,6,2,151;633;290;278;311;615
1,2173,2242,1,0,0,7,1,143;625;290;278;303;562;439
1,2198,2487,1,0,1,7,3,118;600;179;253;278;562;414
1,2235,2502,1,0,1,8,3,81;563;179;216;241;537;377;949
1,2137,2221,1,0,0,7,1,20;179;4;661;290;292;339
1,2145,2209,1,0,0,6,1,12;168;653;290;292;331
1,2154,2224,1,0,0,6,1,3;162;644;290;292;322
0,2156,2238,1,0,0,6,0,1;160;642;290;278;320
1,2589,2843,1,1,0,10,5,209;191;23;595;210;173;669;735;603;793
1,2567,2863,1,0,0,10,6,231;213;45;610;232;195;691;757;603;889
1,2611,2906,1,0,0,10,4,187;169;1;573;188;151;556;696;603;793
1,2595,2662,1,0,0,10,2,203;185;17;589;204;167;556;729;603;793
1,2525,2592,1,0,0,8,1,273;255;87;659;274;237;733;799
1,2443,2522,1,0,0,9,1,355;34;8;28;337;169;710;356;319
1,2565,2651,1,0,0,10,1,233;215;47;610;234;197;693;759;608;891
1,2540,2775,1,0,0,9,4,258;240;72;610;259;222;718;784;690
1,2418,2480,1,0,0,9,1,380;59;33;58;362;194;739;381;344
0,2411,2481,1,0,0,9,0,387;66;40;65;369;201;739;388;351
1,2425,2514,1,0,0,9,1,373;52;26;28;355;187;710;374;337
1,2420,2480,1,0,0,9,1,378;57;31;56;360;192;710;379;342
0,2375,2460,1,0,0,9,0,423;102;76;88;396;237;757;389;387
1,2360,2448,1,0,0,9,2,438;117;91;88;396;252;757;389;402
1,2395,2452,1,0,0,9,1,403;82;56;81;376;217;757;389;367
1,2381,2449,1,0,0,9,1,417;96;70;88;396;231;757;389;381
1,2792,2867,1,0,0,9,1,6;392;5;431;532;438;517;598;627
1,2836,2911,1,1,0,7,2,335;422;488;394;517;598;617
1,2781,2846,1,0,0,9,2,17;403;5;463;543;449;517;598;629
1,2786,2839,1,1,0,9,1,12;398;5;463;538;444;517;598;627
1,2773,3037,1,1,0,10,5,25;7;411;26;463;544;457;517;728;629
1,2778,2861,1,0,0,10,1,20;2;406;21;463;544;452;517;598;629
1,2758,2823,1,1,0,10,1,40;22;426;41;4;499;544;472;517;743
1,2763,2984,1,1,0,10,4,35;17;421;36;463;544;467;517;738;690
1,2752,2840,1,0,0,10,1,46;28;432;47;10;506;553;478;517;749
1,2757,3046,1,0,0,10,4,41;23;427;42;5;499;553;473;517;744
1,2721,3005,1,0,0,10,5,77;59;463;78;41;537;603;509;711;780
1,2750,2831,1,0,0,10,2,48;30;434;49;12;508;574;480;517;751
1,2712,2773,1,0,0,10,3,86;68;472;87;50;546;612;518;744;789
1,2714,2776,1,1,0,10,3,84;66;470;85;48;544;610;516;722;787
1,2630,2687,1,0,0,9,1,168;150;503;169;132;556;694;600;793
1,2645,2733,1,0,0,9,2,153;135;503;154;86;556;679;585;793
1,3036,3120,1,1,0,9,1,148;222;288;194;420;343;417;533;835
1,2988,3047,1,0,0,8,1,196;256;336;242;468;343;465;533
1,2977,3191,1,0,0,8,6,207;256;347;253;479;382;476;533
1,2948,3028,1,1,0,8,1,236;268;376;282;500;382;505;533
0,2942,3011,1,0,0,8,0,242;268;382;288;500;382;511;533
1,2941,3225,1,1,0,8,5,243;268;383;289;500;382;512;777
1,2939,2998,1,1,0,8,1,245;319;385;291;500;382;514;779
0,2908,2959,1,19,0,7,0,276;350;416;322;500;382;538
1,2904,3132,1,11,0,7,4,280;354;420;326;500;401;538
1,2902,3173,1,4,0,7,5,282;356;422;328;500;530;538
1,2901,3111,1,2,0,7,5,283;357;423;329;500;530;552
1,2884,2973,1,14,0,7,2,300;374;440;346;500;531;569
1,2880,2941,1,4,0,7,2,304;378;444;350;500;565;573
1,2877,2940,1,1,0,7,2,307;381;447;353;500;566;576
1,2865,3079,1,1,0,7,3,319;393;459;365;500;593;588
1,2861,2933,1,1,0,7,3,323;397;463;369;500;598;592
1,1274,1334,1,0,0,16,2,125;71;35;83;157;419;269;641;348;535;602;396;241;444;449;528
1,1264,1325,1,0,0,15,2,135;81;45;93;167;429;279;651;358;535;621;406;251;454;459
1,1305,1526,1,0,0,16,6,94;40;4;52;126;388;238;610;317;498;580;347;210;413;418;497
1,1281,1334,1,0,0,16,3,118;64;28;76;150;412;262;634;341;533;602;347;234;437;442;521
0,1317,1375,1,0,0,15,0,82;28;40;114;376;226;598;305;496;568;347;198;401;406;485
1,1309,1390,1,1,0,16,1,90;36;0;48;122;384;234;606;313;496;576;347;206;409;414;493
1,1353,1419,1,0,0,15,3,46;4;78;340;190;562;269;461;419;317;162;365;370;449;726
1,1334,1613,1,1,0,15,7,65;11;23;97;359;209;581;288;480;551;336;181;384;389;468
1,1417,1471,1,0,0,13,3,14;276;126;498;205;380;419;253;98;301;306;385;662
1,1410,1474,1,0,0,13,3,21;283;133;505;212;404;419;260;105;308;313;392;669
1,1530,1587,1,0,0,11,1,163;13;385;92;284;355;140;188;193;264;549
1,1481,1567,1,0,0,12,1,212;62;434;141;333;404;189;34;237;242;321;598
1,1558,1778,1,0,0,10,4,135;357;64;256;327;112;158;165;244;421
1,1532,1737,1,0,0,11,3,161;11;383;90;282;353;138;158;191;264;547
1,1569,1651,1,1,0,10,2,124;346;53;245;129;101;149;154;233;421
1,1568,1637,1,0,0,10,2,125;347;54;246;129;102;150;155;234;421
1,1574,1659,1,0,0,10,2,119;341;48;240;129;96;135;149;228;421
0,1587,1676,1,0,0,11,0,106;328;35;227;121;83;131;136;215;421;514
0,1593,1660,1,0,0,11,0,100;322;29;221;121;77;125;130;209;421;508
0,1593,1645,1,1,0,11,0,100;322;29;221;121;77;125;130;209;421;508
1,1602,1690,1,0,0,11,2,91;313;20;212;121;68;116;121;200;421;499
0,1618,1668,1,1,0,11,0,75;297;4;196;121;52;100;105;184;396;483
1,1622,1707,1,0,0,11,2,71;293;0;192;121;48;96;101;180;396;479
1,1646,1698,1,1,0,10,1,47;269;168;121;24;72;77;156;396;455
1,1653,1885,1,0,0,10,3,40;262;161;121;17;65;70;149;396;448
1,1656,1881,1,1,0,10,3,37;259;158;121;14;62;67;146;396;296
1,1666,1721,1,1,0,10,2,27;249;148;121;4;52;57;136;396;291
0,1681,1735,1,1,0,9,0,12;234;133;121;37;42;121;360;291
0,1706,1756,1,0,0,9,0,209;108;121;12;17;96;360;291;451
1,1721,1802,1,0,0,9,3,194;93;121;2;81;358;291;436;595
1,1754,1840,1,1,0,10,1,161;60;121;48;325;291;403;547;387;1044
1,1772,2057,1,1,1,10,6,143;42;113;30;307;291;385;544;369;973
1,1816,2062,1,5,0,9,5,99;69;263;285;341;309;325;947;661
1,1797,1855,1,1,0,11,1,118;17;88;5;282;291;360;309;344;960;680
1,1792,1846,1,0,0,11,1,123;22;93;10;287;291;365;309;349;970;685
1,1788,1868,1,1,0,11,2,127;26;97;14;291;291;369;309;353;973;689
1,1865,1929,1,0,0,9,1,50;20;210;236;256;309;276;901;612
1,1864,1940,1,1,0,9,1,51;21;215;237;256;309;277;901;613
1,1856,1937,1,0,0,9,1,59;29;223;245;256;309;285;908;621
1,1831,1906,1,1,0,9,2,84;54;248;270;326;309;310;908;646
1,1918,2161,1,1,0,8,3,161;183;239;302;203;876;559;533
1,1911,2139,1,0,0,9,4,4;168;190;246;309;203;876;566;540
1,1874,2076,1,1,0,9,2,41;11;171;227;256;309;203;901;603
1,1867,1956,1,1,0,9,2,48;18;171;234;256;309;274;901;610
1,1934,1985,1,1,0,8,2,145;141;219;302;203;669;543;471
1,1931,2006,1,0,0,8,1,148;141;219;302;203;669;546;520
1,1930,2013,1,1,0,8,1,149;141;227;302;203;669;547;521
1,1927,1993,1,1,0,8,1,152;174;230;302;203;669;550;524
1,1975,2040,1,1,0,9,1,104;125;182;283;166;669;502;471;501
1,1976,2032,1,1,0,9,1,103;125;181;283;165;669;501;453;500
1,1939,2211,1,1,0,8,5,140;141;218;302;191;669;538;471
1,1971,2028,1,1,0,9,1,108;130;186;283;170;669;506;471;505
1,2039,2089,1,0,0,9,1,40;62;118;264;102;669;438;412;437
1,2055,2125,1,0,0,9,3,24;46;102;261;86;669;406;396;421
1,1988,2065,1,1,0,9,1,91;97;169;283;153;669;489;453;488
1,2027,2102,1,0,0,9,3,52;74;130;283;114;669;450;424;449
0,2066,2144,1,0,0,9,0,13;35;91;250;75;669;406;366;356
1,2070,2342,1,0,0,9,4,9;31;87;246;71;669;406;366;356
1,2064,2291,1,1,0,9,3,15;37;93;251;77;669;406;387;412
1,2065,2121,1,1,0,9,2,14;36;92;251;76;669;406;366;411
1,2115,2366,1,0,0,7,3,42;201;26;669;362;336;356
1,2131,2220,1,0,0,7,1,26;185;10;667;290;320;345
1,2079,2138,1,0,0,9,2,0;22;78;237;62;669;398;365;356
1,2081,2163,1,0,0,8,1,20;76;218;60;669;396;365;356
1,412,463,1,0,0,10,1,396;29;485;288;384;518;747;987;704;933
0,325,402,1,1,0,12,0,483;116;24;3;21;517;308;471;538;747;1074;791
1,444,528,1,0,0,11,3,364;453;256;352;477;727;955;654;901;586;865
1,438,508,1,0,0,12,2,370;3;459;262;358;477;733;961;678;907;592;871
1,298,500,1,1,0,10,3,510;143;51;30;48;517;402;483;538;873
1,290,340,1,0,0,10,2,518;151;59;38;56;517;410;506;538;881
1,313,399,1,1,0,11,1,495;128;36;15;33;517;387;483;538;747;1086
1,304,521,1,1,0,10,4,504;137;45;24;42;517;396;483;538;752
1,540,592,1,0,0,13,1,268;357;160;256;390;631;793;576;805;490;769;104;576
0,537,593,1,0,0,13,0,271;360;163;259;393;634;793;579;808;493;772;107;579
1,558,815,1,0,0,13,7,250;313;142;238;327;613;793;558;787;472;751;86;558
1,547,604,1,0,0,13,1,261;313;153;249;383;624;793;569;798;483;762;97;569
1,480,704,1,0,0,12,6,328;391;220;316;450;691;919;636;865;550;818;164
1,466,519,1,0,0,11,1,342;431;234;330;464;705;933;650;879;564;818
1,520,608,1,0,0,13,2,288;377;180;276;410;651;879;596;825;510;789;124;596
1,506,571,1,0,0,13,1,302;391;194;290;424;665;893;610;839;524;799;138;610
1,649,871,1,1,0,14,9,159;248;51;147;281;522;667;467;696;381;660;467;619;396
1,657,720,1,1,0,14,2,151;240;43;139;273;514;598;459;688;373;652;459;619;388
1,691,762,1,1,0,15,2,117;188;9;105;239;480;598;425;654;339;618;425;619;354;498
1,711,762,1,0,0,14,1,97;186;85;219;460;598;405;634;319;598;405;619;334;446
1,567,618,1,0,0,14,3,241;313;133;229;327;604;793;549;778;463;720;77;549;790
1,583,854,1,1,0,15,11,225;313;117;213;327;588;793;533;762;447;706;61;533;774;462
1,616,672,1,1,0,15,3,192;281;84;180;314;555;667;500;729;414;693;28;500;741;429
1,644,921,1,0,0,15,11,164;253;56;152;286;527;667;472;701;386;665;0;472;713;401
1,742,823,1,0,0,15,2,66;155;54;188;429;589;374;603;288;545;374;615;303;425;689
1,757,810,1,0,0,15,1,51;140;39;173;414;589;359;588;273;545;359;600;288;425;636
1,765,831,1,0,0,15,2,43;132;31;165;406;589;351;580;265;544;351;592;280;424;636
1,776,859,1,0,1,15,4,32;121;20;154;395;589;340;569;254;533;340;581;269;396;636
1,713,800,1,0,0,14,2,95;164;83;217;458;598;403;632;317;596;403;619;332;446
1,724,1010,1,1,0,14,7,84;164;72;206;447;598;392;621;306;585;392;619;321;425
0,728,779,1,1,0,14,0,80;164;68;202;443;598;388;617;302;545;388;619;317;425
1,741,829,1,0,0,15,3,67;156;55;189;430;598;375;604;289;545;375;616;304;425;690
1,923,1005,1,0,0,14,1,7;248;476;193;422;107;386;193;434;122;266;508;770;620
1,886,975,1,1,0,15,3,11;44;285;513;230;459;144;423;225;471;159;303;545;807;657
1,856,919,1,1,0,15,2,41;74;315;543;260;489;174;453;225;501;189;333;568;837;687
1,850,907,1,0,0,15,1,47;80;321;549;266;495;180;459;266;507;195;339;568;843;693
1,843,917,1,0,0,15,2,54;87;328;551;273;502;187;466;273;514;202;346;588;850;700
1,817,894,1,0,0,14,3,80;113;354;582;299;528;213;492;299;517;228;347;593;876
1,815,879,1,0,0,14,2,82;115;356;584;301;530;215;494;301;517;230;374;593;878
1,810,899,1,0,0,14,2,87;120;361;589;306;535;220;499;306;517;235;379;621;883
1,1045,1134,1,1,0,17,4,126;354;71;300;264;71;302;0;144;386;648;498;813;577;769;840;625
0,1033,1093,1,1,0,17,0,138;366;83;312;276;83;302;12;156;398;660;510;813;589;781;852;637
1,1028,1095,1,0,0,18,4,143;371;88;317;2;281;88;302;17;161;403;665;515;813;594;786;857;642
1,1005,1074,1,1,0,16,3,166;394;111;340;25;304;111;351;40;184;426;688;538;813;617;809
1,988,1196,1,0,1,16,7,183;411;128;357;42;321;128;351;57;201;443;705;555;816;634;826
1,963,1013,1,0,0,15,1,208;436;153;382;67;346;153;394;82;226;468;730;580;888;659
1,963,1028,1,0,0,15,3,208;436;153;382;67;346;153;394;82;226;468;730;580;816;659
1,939,1193,1,0,1,14,9,232;460;177;406;91;370;177;418;106;244;492;754;604;976
1,1125,1403,1,0,0,17,11,46;274;220;184;232;64;306;568;418;764;497;689;760;545;390;593;598
0,1133,1212,1,0,0,17,0,38;266;212;176;224;56;298;560;410;764;489;591;752;537;382;585;590
1,1088,1155,1,16,1,19,4,83;311;28;257;221;28;269;101;343;605;455;783;534;726;786;582;427;630;635
1,1102,1153,1,4,0,19,1,69;297;14;243;207;14;255;87;329;591;441;764;520;712;783;568;413;616;621
1,1064,1138,1,4,0,19,3,107;335;52;281;245;52;293;123;367;629;479;806;558;750;821;606;451;654;659
1,1081,1343,1,6,0,19,12,90;318;35;264;228;35;276;108;350;612;462;806;541;733;786;589;434;637;642
1,1048,1117,1,2,0,17,1,123;351;68;297;261;68;302;141;383;645;495;806;574;766;837;622;467
0,1055,1126,1,3,0,18,0,116;344;61;290;254;61;302;123;376;638;488;806;567;759;830;615;460;663
1,1235,1435,1,0,0,15,6,164;110;74;122;196;447;308;680;387;579;650;435;280;483;488
1,1240,1296,1,1,0,15,3,159;105;69;117;191;447;303;675;382;572;645;430;275;478;483
1,1203,1257,1,0,0,15,2,196;142;106;154;228;490;340;712;419;591;680;467;312;515;520
1,1214,1283,1,0,0,15,2,185;131;95;143;217;447;329;701;408;591;671;456;301;504;509
1,1173,1472,1,0,0,16,11,226;172;136;184;8;258;520;370;732;449;591;712;497;342;545;550
1,1177,1254,1,0,0,16,2,222;168;132;180;8;254;516;366;713;445;591;708;493;338;541;546
1,1163,1242,1,1,0,17,1,8;236;182;146;194;26;268;530;380;752;459;591;722;507;352;555;560
1,1172,1381,1,0,0,16,7,227;173;137;185;8;259;521;371;743;450;591;713;498;343;546;551
1,215,289,1,0,0,10,3,593;226;134;34;113;131;581;444;581;538
0,209,298,1,1,0,10,0,599;232;140;40;119;137;581;444;587;538
0,235,299,1,0,0,10,0,573;206;114;14;93;111;543;444;561;538
1,221,520,1,0,0,10,5,587;220;128;28;107;125;581;444;570;538
0,261,312,1,0,0,9,0,547;180;88;67;85;543;439;535;538
0,258,313,1,0,0,9,0,550;183;91;70;88;543;442;538;538
1,269,339,1,2,0,10,2,539;172;80;59;77;517;431;527;538;902
1,263,334,1,0,0,10,2,545;178;86;65;83;543;437;533;538;908
0,129,213,1,1,0,10,0,679;312;220;120;3;199;217;753;571;667
1,118,379,1,1,0,9,7,690;319;231;131;14;210;228;779;582
1,142,398,1,0,0,9,6,666;294;207;107;186;204;753;558;654
1,135,185,1,0,0,9,1,673;306;214;114;193;211;753;565;661
1,149,356,1,0,0,9,1,659;264;200;100;179;197;581;551;647
1,143,205,1,0,0,9,1,665;294;206;106;185;203;581;557;653
1,191,404,1,0,0,10,2,617;250;158;58;137;155;581;444;605;739
0,152,224,1,1,0,9,0,656;264;197;97;176;194;581;444;644
1,3,79,1,0,0,8,1,805;438;96;346;246;129;76;325
0,42,102,1,0,0,11,0,766;399;47;307;207;90;37;286;304;855;658
1,51,115,1,0,0,11,1,757;390;47;298;198;81;28;277;295;846;649
1,103,158,1,1,0,9,1,705;334;246;146;29;225;243;794;597
1,13938,14012,1,0,0,14,3,164;178;383;160;222;546;511;901;631;700;491;548;566;519
1,13925,13981,1,0,0,14,3,177;191;396;173;235;555;524;901;644;713;504;561;577;532
1,13918,13984,1,0,0,14,3,184;198;403;180;242;584;531;901;651;720;511;568;577;539
1,13883,13951,1,1,0,14,3,219;1;233;438;215;277;619;566;901;686;755;546;603;621
0,13857,13910,1,1,0,14,0,245;27;259;464;241;303;635;592;901;712;781;572;629;647
1,13852,14088,1,0,0,14,4,250;32;264;469;246;308;635;597;924;717;786;577;634;652
0,13848,13909,1,0,0,14,0,254;36;268;473;250;312;635;601;924;721;790;581;638;656
1,13834,14048,1,0,0,13,7,268;50;282;487;264;326;659;615;924;735;804;595;652
1,14029,14094,1,1,0,14,2,73;87;292;69;131;473;420;673;540;609;400;439;433;428
1,14006,14299,1,1,0,14,6,96;110;315;92;154;496;443;901;563;632;423;439;433;451
1,13989,14057,1,1,0,14,3,113;127;332;109;171;513;460;901;580;649;440;442;433;468
1,13978,14063,1,1,0,14,3,124;138;343;120;182;524;471;901;591;660;451;470;433;479
1,13976,14028,1,1,0,14,3,126;140;345;122;184;526;473;901;593;662;453;510;433;481
1,13948,14011,1,0,0,14,2,154;168;355;150;212;529;501;901;621;690;481;538;556;509
1,13948,14157,1,1,0,14,5,154;168;346;150;212;529;501;901;621;690;481;538;556;509
1,13942,14013,1,0,0,14,2,160;174;379;156;218;529;507;901;627;696;487;544;562;515
0,13630,13717,1,0,0,9,0,16;182;472;254;486;691;468;530;756
1,13653,13720,1,0,0,8,3,159;449;231;463;668;445;507;756
1,13583,13799,1,0,0,9,7,63;229;519;301;533;738;515;577;919
1,13585,13670,1,0,0,9,3,61;227;517;299;531;736;513;575;756
0,13561,13647,1,0,0,10,0,85;1;251;541;323;10;555;739;537;599
1,13571,13821,1,0,0,10,6,75;241;531;313;0;545;739;527;589;931
0,13542,13627,1,1,0,10,0,17;104;6;270;560;342;29;574;739;556
1,13548,13769,1,0,0,10,1,11;98;6;264;554;336;23;568;739;550
1,13805,13876,1,0,0,13,2,7;297;79;311;516;293;355;659;644;949;764;833;624
1,13813,14051,1,1,0,13,5,289;71;303;491;285;347;659;636;949;756;825;616;673
1,13778,13851,1,0,0,11,3,34;324;106;335;543;320;382;669;671;949;791
1,13790,13865,1,0,0,11,3,22;312;94;326;531;308;370;669;659;949;779
1,13768,14042,1,0,0,11,6,44;334;116;335;553;330;392;734;681;1190;801
1,13768,13834,1,0,0,11,3,44;334;116;335;553;330;392;734;681;949;801
1,13720,13797,1,0,0,8,2,92;382;164;396;601;378;440;744
1,13761,13836,1,0,0,11,3,51;341;123;355;560;337;399;741;688;1197;808
1,14296,14511,1,1,0,16,8,25;206;153;662;273;342;133;190;208;161;561;698;783;399;615;857
1,14291,14369,1,0,0,16,2,30;211;158;663;278;347;138;195;213;166;566;698;783;416;620;857
1,14345,14611,1,1,0,16,9,157;104;613;224;293;84;141;159;112;512;655;729;362;566;839;567
1,14333,14402,1,0,0,16,4,169;116;625;236;305;96;153;171;124;524;667;766;374;578;839;579
1,14266,14334,1,0,0,16,1,55;236;183;663;303;372;163;220;238;191;591;700;806;435;645;865
1,14263,14545,1,0,1,16,11,58;239;186;663;306;375;166;223;241;194;594;700;806;435;648;938
1,14281,14332,1,0,0,16,5,40;221;168;663;288;357;148;205;223;176;576;698;783;426;630;865
1,14271,14332,1,1,0,16,3,50;231;178;663;298;367;158;215;233;186;586;698;806;435;640;865
1,14458,14524,1,0,0,13,4,44;500;111;180;28;46;399;530;582;249;453;709;454
1,14443,14524,1,0,0,15,3,59;6;515;126;195;43;61;14;414;530;656;264;468;709;469
1,14479,14562,1,0,0,14,4,23;479;90;159;7;25;378;500;582;228;432;684;433;945
1,14474,14526,1,0,0,14,1,28;484;95;164;12;30;383;526;582;233;437;684;438;950
1,14368,14456,1,0,0,16,4,134;81;590;201;270;61;118;136;89;489;632;729;339;543;754;544
1,14352,14407,1,0,1,16,4,150;97;606;217;286;77;134;152;105;505;648;729;355;559;758;560
1,14439,14521,1,0,0,15,1,63;10;519;130;199;47;65;18;418;561;660;268;472;709;473
1,14432,14497,1,0,0,15,4,70;17;526;137;206;54;72;25;425;568;667;275;479;754;480
1,14080,14133,1,0,0,15,1,22;36;241;18;80;422;369;673;489;558;349;368;423;377;777
0,14104,14169,1,1,0,14,0,12;217;56;398;345;673;465;534;325;368;400;353;753;896
1,14142,14221,1,0,0,13,1,179;18;360;307;673;427;496;287;344;362;315;715;858
1,14150,14227,1,0,0,13,1,171;10;352;299;673;419;488;279;308;354;307;707;850
1,14035,14086,1,1,0,14,3,67;81;286;63;125;467;414;673;534;603;394;425;433;422
1,14054,14124,1,0,0,14,2,48;62;267;44;106;448;395;673;515;584;375;425;433;403
1,14060,14359,1,0,0,14,8,42;56;261;38;100;442;389;673;509;578;369;397;433;397
1,14068,14293,1,1,0,14,4,34;48;253;30;92;434;381;673;501;570;361;397;423;389
1,14231,14299,1,0,0,14,2,90;271;218;673;338;378;198;255;273;226;626;700;868;476
1,14246,14325,1,0,0,15,2,75;256;203;673;323;378;183;240;258;211;611;700;853;436;665
1,14247,14310,1,1,0,15,3,74;255;202;673;322;378;182;239;257;210;610;700;852;435;664
1,14253,14342,1,0,0,15,4,68;249;196;673;316;378;176;233;251;204;604;700;806;435;658
1,14161,14243,1,0,0,12,3,160;341;288;673;408;477;268;308;324;296;696;839
1,14186,14275,1,0,0,12,1,135;316;263;673;383;450;243;300;318;271;671;814
1,14189,14406,1,0,1,12,3,132;313;260;673;380;449;240;293;315;268;668;811
1,14226,14310,1,1,0,14,3,95;276;223;673;343;412;203;260;278;231;631;700;873;481
1,14780,14841,1,1,0,14,4,178;77;220;319;131;421;132;644;346;285;631;449;80;387
1,14776,15064,1,0,0,14,5,182;81;224;323;135;425;136;648;346;289;631;453;84;620
1,14766,14838,1,1,0,14,2,192;91;234;333;145;435;146;658;398;299;631;463;94;620
1,14759,14815,1,0,0,14,4,199;98;241;340;152;442;153;665;405;306;631;470;101;648
1,14816,14877,1,0,0,14,2,142;41;184;283;95;385;96;608;344;249;631;406;44;387
1,14813,14885,1,1,0,14,1,145;44;187;286;98;388;99;611;344;252;631;406;47;387
1,14798,14872,1,1,0,14,5,160;59;202;301;113;403;114;626;344;267;631;409;62;387
1,14789,14872,1,1,0,14,2,169;68;211;310;122;412;123;635;346;276;631;409;71;387
1,14543,14830,1,0,0,13,8,415;26;95;314;457;556;164;368;658;369;881;621;522
1,14543,14604,1,0,0,13,2,415;26;95;314;457;556;164;368;658;369;788;621;522
1,14487,14568,1,0,0,13,1,15;471;82;151;17;370;500;582;220;424;684;425;937
1,14504,14555,1,0,0,12,1,454;65;134;0;353;496;582;202;407;684;408;920
0,14593,14655,1,0,0,12,0,365;45;264;407;506;114;318;567;319;788;571;472
1,14603,14658,1,0,0,12,1,355;35;254;397;496;104;308;567;309;788;561;462
1,14560,14623,1,1,0,13,3,398;9;78;297;440;535;147;351;641;352;788;604;505
1,14588,14665,1,0,0,12,4,370;50;269;412;511;119;323;599;324;788;576;477
1,14700,14956,1,0,1,15,13,258;157;300;399;7;211;501;212;724;464;365;929;529;160;722
1,14704,14956,1,0,0,15,13,254;153;296;395;3;207;497;208;720;460;361;762;525;156;718
1,14635,14719,1,0,0,14,1,323;3;222;365;464;72;276;566;277;788;529;430;994;594
1,14682,14750,1,1,0,15,1,276;175;318;417;25;229;519;213;742;482;383;947;547;178;740
0,14721,14776,1,1,0,14,0,237;136;279;378;190;480;191;703;443;344;631;508;139;648
1,14733,14810,1,0,0,14,3,225;124;267;366;178;468;179;691;431;332;631;496;127;648
1,14711,15010,1,0,0,14,11,247;146;289;388;200;490;201;713;453;354;762;518;149;711
1,14715,14786,1,0,0,14,4,243;142;285;384;196;486;197;709;449;350;631;514;145;707
1,12223,12427,1,1,0,15,8,11;104;256;259;171;249;270;802;339;509;658;1060;698;694;671
1,12243,12293,1,1,0,15,3,84;236;239;154;229;270;802;319;492;608;1060;678;674;651;529
1,12199,12263,1,0,0,15,4,5;11;128;280;283;198;273;270;802;363;509;682;1060;722;718
1,12220,12297,1,1,0,15,1,11;107;259;262;177;252;270;802;340;509;661;1060;701;697;674
1,12181,12270,1,0,0,15,4,23;14;60;146;298;301;214;291;270;802;381;509;700;1060;740
1,12197,12250,1,1,0,15,1,7;44;130;282;285;200;275;270;802;365;509;684;1060;724;720
1,12153,12432,1,1,1,14,9,51;42;88;174;326;329;244;319;270;802;409;509;728;1181
1,12156,12211,1,1,0,14,1,48;39;85;171;323;326;241;316;270;802;406;509;725;1060
1,12132,12193,1,1,0,13,2,72;63;109;195;347;350;265;340;316;802;430;509;749
1,12141,12211,1,1,0,14,4,63;54;100;186;338;341;256;331;270;802;421;509;740;1193
1,12089,12353,1,1,0,13,7,115;106;26;152;238;390;393;301;383;322;862;473;509
1,12110,12177,1,0,0,13,2,94;85;5;131;217;369;372;287;362;322;802;452;509
1,12062,12308,1,1,0,13,4,142;133;53;179;257;417;420;335;410;463;862;482;509
1,12074,12129,1,1,0,13,1,130;121;41;167;253;405;408;323;398;322;862;482;509
1,12046,12105,1,0,0,13,1,158;149;69;190;281;433;436;351;426;463;862;482;589
1,12052,12116,1,0,0,13,2,152;143;63;189;257;427;430;345;420;463;862;482;589
1,12038,12255,1,0,0,13,5,166;157;77;190;289;441;444;359;434;463;862;482;697
1,12029,12267,1,1,0,13,6,175;166;86;190;298;450;453;368;443;463;862;533;706
1,12020,12286,1,0,0,13,10,184;175;95;190;307;459;462;377;452;463;1109;542;715
1,12010,12064,1,0,0,12,1,194;185;105;231;317;469;472;387;462;463;1119;552
1,12010,12073,1,0,0,12,1,194;185;105;210;317;469;472;387;462;463;1119;552
1,11963,12171,1,0,0,13,4,241;9;232;152;278;361;516;519;397;509;609;1166;599
1,11953,12021,1,1,0,12,1,251;19;242;162;288;374;526;529;397;519;619;1176
0,11920,11997,1,0,0,13,0,284;19;7;52;275;195;321;11;407;559;551;397;552
0,11910,11975,1,0,0,12,0,294;29;15;62;285;205;331;21;415;569;551;397
1,11905,11988,1,0,0,12,2,299;34;15;67;290;210;336;26;415;574;577;397
1,11900,11980,1,1,0,12,1,304;39;27;72;295;215;341;31;415;579;582;397
1,11878,12102,1,0,0,12,4,326;61;45;94;317;237;363;53;415;601;604;434
1,11870,11958,1,0,0,12,1,334;69;57;102;325;245;371;61;415;603;612;434
1,11824,12091,1,0,0,13,5,43;380;115;85;148;371;291;390;107;415;603;658;573
1,11823,11883,1,0,0,13,1,44;381;116;104;149;372;292;390;108;415;603;659;574
1,11821,11907,1,1,0,13,3,46;383;118;106;151;374;294;390;110;415;658;661;576
0,12733,12790,1,0,0,13,0,396;2;148;394;188;184;161;39;46;322;447;252;240
0,12740,12791,1,0,0,12,0,389;141;394;181;177;154;32;39;315;440;245;233
1,12753,12808,1,0,0,13,3,376;128;394;168;164;141;19;26;302;427;232;220;806
1,12781,12849,1,0,0,11,3,348;100;394;140;136;113;274;399;204;166;778
1,12692,12763,1,0,0,14,2,437;43;189;642;229;225;202;80;11;87;363;488;293;281
1,12699,12927,1,1,0,14,6,428;36;182;635;222;218;195;73;4;80;356;481;286;274
1,12715,12930,1,0,0,13,5,413;20;166;619;206;202;179;57;64;340;465;270;258
1,12730,12955,1,0,1,13,6,399;5;151;604;191;187;164;42;49;325;450;255;243
1,12573,12798,1,0,0,14,7,539;162;308;717;348;344;321;199;130;206;482;590;412;371
1,12588,12648,1,0,0,14,2,539;147;293;717;333;329;306;184;115;191;467;590;397;355
1,12614,12669,1,1,0,14,3,515;121;267;708;307;303;280;158;89;165;441;566;371;355
1,12618,12707,1,1,0,14,3,511;117;263;708;303;299;276;154;85;161;437;532;367;355
1,12535,12587,1,1,0,16,2,37;587;27;200;346;717;386;382;359;237;168;244;520;590;450;435
1,12545,12833,1,0,0,16,9,27;584;17;190;336;717;376;372;349;227;158;234;510;590;436;428
1,12555,12624,1,0,0,16,2,17;574;7;180;326;717;366;362;339;217;148;224;500;590;430;371
1,12568,12835,1,1,0,15,9,4;543;167;313;717;353;349;326;204;135;211;487;590;417;371
1,12498,12554,1,0,0,16,2,74;631;64;237;383;717;423;419;396;274;205;281;557;682;465;435
1,12482,12545,1,0,0,17,3,0;90;647;80;253;399;717;439;435;412;290;221;297;573;698;465;491
1,12510,12598,1,0,0,16,4,62;587;52;225;371;717;411;407;384;262;193;269;524;670;465;435
1,12503,12562,1,0,0,16,2,69;626;59;232;378;717;418;414;391;269;200;276;524;677;465;435
1,12409,12661,1,0,0,18,13,70;73;63;163;720;153;326;472;925;512;508;485;363;294;370;646;771;576
1,12347,12401,1,0,0,18,4,132;135;50;125;211;782;215;388;534;952;574;570;547;425;356;432;659;833
1,12471,12538,1,1,0,19,2,8;11;1;101;658;91;264;410;717;450;446;423;301;232;308;584;709;465;502
1,12470,12524,1,0,0,19,3,9;12;2;102;659;92;265;411;717;451;447;424;302;233;309;585;710;515;503
1,12321,12406,1,0,0,19,4,6;158;161;76;151;211;802;241;414;560;973;600;596;573;451;382;458;734;859
1,12317,12371,1,1,0,17,2,10;162;165;80;155;255;802;245;418;564;973;604;600;577;455;386;462
1,12337,12581,1,1,1,18,12,142;145;60;135;211;792;225;398;544;971;584;580;557;435;366;442;659;843
1,12323,12394,1,0,0,19,3,4;156;159;74;149;211;802;239;412;558;973;598;594;571;449;380;456;659;857
1,12282,12334,1,0,0,16,2,45;197;200;115;190;270;802;280;453;599;1033;639;635;612;490;421
1,12268,12332,1,0,0,16,3,59;211;214;129;204;270;802;294;467;608;1060;653;649;626;504;435
1,12308,12393,1,0,0,17,2,19;171;174;89;164;264;802;254;427;573;1004;613;609;586;464;395;471
1,12287,12339,1,1,0,16,3,40;192;195;110;185;270;802;275;448;594;1033;634;630;607;475;416
1,13131,13218,1,0,0,6,2,203;49;428;375;395;681
1,13132,13430,1,1,0,6,4,202;48;427;375;395;680
1,13063,13327,1,0,0,6,3,66;271;117;467;501;395
0,13089,13150,1,0,0,7,0,40;245;91;467;375;395;723
0,13150,13227,1,0,0,6,0,184;30;409;375;382;484
1,13163,13218,1,0,0,7,2,171;17;396;375;382;484;939
1,13132,13195,1,0,0,6,1,202;48;427;375;395;484
0,13144,13231,1,0,0,6,0,190;36;415;375;382;484
0,12947,13033,1,0,0,8,0,182;381;108;212;18;13;467;699
1,12977,13047,1,1,0,8,3,152;357;78;203;8;467;669;592
0,12936,12996,1,0,0,7,0,193;381;119;212;18;37;467
1,12941,12991,1,0,0,7,1,188;381;114;212;18;32;467
1,13021,13287,1,0,0,7,1,108;313;34;159;467;501;548
0,13022,13090,1,0,0,7,0,107;312;33;158;467;501;395
0,12980,13047,1,0,0,8,0,149;354;75;200;5;467;643;589
1,12985,13273,1,0,0,8,4,144;349;70;195;0;467;643;584
1,12872,12938,1,1,0,11,1,257;9;394;28;45;22;183;308;90;98;467
1,12861,13063,1,0,0,11,2,268;20;394;28;56;33;194;319;90;112;467
1,12859,12927,1,1,0,11,1,270;22;394;62;58;35;196;321;90;114;467
1,12847,13080,1,0,0,11,1,282;34;394;74;70;47;208;333;103;126;467
1,12928,12993,1,0,0,7,2,201;381;127;252;18;45;467
1,12916,12988,1,0,0,9,1,213;381;5;1;139;264;68;57;467
1,12912,12989,1,0,0,9,1,217;394;9;5;143;268;68;61;467
0,12904,12969,1,0,0,9,0,225;394;17;13;151;276;68;69;467
1,12817,13111,1,1,1,11,4,312;64;394;104;100;77;238;363;168;156;719
0,12796,12858,1,0,0,11,0,333;85;394;125;121;98;259;384;172;166;719
0,12791,12879,1,0,0,11,0,338;90;394;130;126;103;264;389;172;166;719
1,12788,12870,1,1,0,11,1,341;93;394;133;129;106;267;392;197;166;719
1,12841,12930,1,1,0,11,1,288;40;394;80;76;53;214;339;144;132;467
1,12831,12911,1,1,0,11,3,298;50;394;90;86;63;224;349;154;142;469
0,12831,12903,1,1,0,11,0,298;50;394;90;86;63;224;349;154;142;467
0,12820,12883,1,0,0,11,0,309;61;394;101;97;74;235;360;165;153;469
0,13472,13549,1,1,0,10,0,87;174;97;340;630;371;99;644;797;626
1,13498,13551,1,0,0,10,1,61;148;71;314;604;371;73;618;797;600
1,13517,13578,1,0,0,10,3,42;129;38;295;585;367;54;599;797;581
0,13520,13599,1,0,0,10,0,39;126;38;292;582;364;51;574;797;578
0,13528,13614,1,0,0,10,0,31;118;38;284;574;356;43;574;793;570
1,13538,13611,1,0,0,10,1,21;108;31;274;564;346;33;574;783;560
1,13538,13612,1,0,0,10,3,21;108;6;274;564;346;33;574;783;560
1,13538,13623,1,0,1,10,3,21;108;6;274;564;346;33;574;758;560
1,13357,13415,1,0,0,8,3,202;289;208;451;745;382;214;759
1,13371,13428,1,1,1,8,2,188;275;198;441;731;371;200;745
0,13388,13459,1,0,0,8,0,171;254;181;424;714;371;183;728
1,13403,13483,1,0,0,10,3,156;243;166;409;699;371;168;713;918;695
1,13418,13494,1,0,0,10,1,141;228;151;394;684;371;153;698;903;638
0,13423,13510,1,1,0,10,0,136;223;137;389;679;371;148;693;898;638
1,13434,13513,1,0,0,10,1,125;212;135;378;668;371;137;682;887;638
1,13451,13672,1,1,0,10,7,108;195;118;361;651;371;120;665;870;638
1,13274,13494,1,0,0,8,3,60;285;372;295;451;805;476;297
1,13272,13342,1,0,0,8,2,62;287;374;297;451;811;476;299
1,13300,13351,1,0,0,9,3,34;259;346;269;451;787;398;271;816
1,13275,13338,1,1,0,8,3,59;284;371;294;451;787;476;296
1,13301,13381,1,2,0,9,2,33;258;345;268;451;787;382;270;815
1,13301,13358,1,2,0,9,1,33;258;345;268;451;761;382;270;815
1,13349,13416,1,1,0,8,1,210;297;220;451;753;382;222;767
1,13319,13583,1,2,0,9,3,15;222;327;250;451;761;382;252;797
1,13164,13398,1,1,0,7,3,170;16;395;375;382;460;938
1,13164,13246,1,1,0,7,2,170;16;395;375;382;460;910
1,13207,13436,1,0,0,7,3,127;352;375;362;451;882;677
1,13194,13268,1,0,0,7,2,140;365;375;375;451;908;690
1,13226,13524,1,1,0,7,4,108;333;375;343;451;851;658
1,13223,13307,1,0,0,7,2,111;336;375;346;451;855;661
1,13268,13526,1,1,0,8,4,66;291;375;301;451;811;478;303
1,13257,13328,1,0,0,8,2,77;302;375;312;451;845;478;314
0,10479,10556,1,0,0,8,0,323;571;566;191;77;935;743;982
1,10542,10621,1,0,0,8,2,260;508;566;128;14;885;680;919
1,10448,10533,1,1,0,7,1,327;595;583;222;108;979;774
1,10462,10545,1,0,0,7,2,327;588;566;208;94;965;760
1,10578,10870,1,0,0,7,3,224;472;566;92;840;644;883
0,10593,10662,1,0,0,7,0,209;457;566;77;834;629;636
0,10542,10593,1,0,0,8,0,260;508;566;128;14;840;680;919
0,10547,10613,1,0,0,8,0,255;503;566;123;9;840;675;914
0,10672,10751,1,0,0,7,0,130;378;525;755;550;636;937
0,10676,10747,1,1,0,7,0,126;374;521;751;546;636;933
0,10604,10680,1,0,0,7,0,198;446;566;66;823;618;636
0,10614,10679,1,0,0,7,0,188;436;566;56;813;608;636
0,10704,10763,1,0,0,7,0,98;346;493;667;518;636;905
0,10733,10804,1,1,0,7,0,69;317;464;667;489;636;876
0,10686,10891,1,1,0,7,0,116;364;511;741;536;636;923
1,10687,10906,1,0,0,7,3,115;363;510;740;535;636;922
0,10783,10855,1,0,0,8,0,19;267;414;644;439;636;807;593
1,10747,10824,1,1,0,7,1,55;296;450;644;475;636;862
1,10737,10788,1,0,0,7,1,65;296;460;667;485;636;872
1,10735,10790,1,0,0,7,1,67;315;462;667;487;636;874
0,10854,10921,1,0,0,8,0,196;343;573;368;575;755;522;732
1,10821,10873,1,1,0,8,1,229;376;606;401;604;788;555;765
0,10813,10873,1,1,0,8,0,237;384;614;409;604;796;563;773
1,10797,11051,1,0,0,8,2,5;253;400;630;425;636;807;579
1,10867,11116,1,0,0,9,5,183;330;560;355;575;709;509;686;630
1,10865,10916,1,0,0,9,1,185;332;562;357;575;744;511;721;632
1,10865,11154,1,0,0,9,4,185;332;562;357;575;709;511;721;632
0,10864,10928,1,0,0,9,0,186;333;563;358;575;745;512;722;633
1,10971,11057,1,0,0,9,1,79;226;456;251;490;603;405;615;526
1,10959,11175,1,0,0,9,4,91;238;468;263;502;650;417;627;538
1,10926,11182,1,0,0,9,4,124;271;501;296;535;667;450;660;571
1,10892,10948,1,0,0,9,1,158;305;535;330;542;709;484;686;605
1,10076,10277,1,1,0,8,4,12;166;66;215;343;720;245;974
1,10091,10154,1,1,0,7,1,151;51;200;194;711;245;959
1,10119,10336,1,0,0,9,6,123;23;172;194;683;223;931;1078;551
1,10139,10221,1,1,0,9,1,103;3;152;194;663;203;911;864;531
1,10142,10412,1,0,0,9,6,80;0;149;194;660;200;908;864;528
1,10176,10228,1,1,0,9,2,66;115;194;626;166;874;856;494;380
1,10199,10452,1,0,0,9,5,43;92;192;603;143;851;856;471;357
1,10224,10492,1,1,1,9,6,18;67;192;578;118;740;856;446;332
1,10229,10501,1,1,0,9,5,13;62;190;573;113;740;835;441;327
1,10236,10322,1,1,0,9,3,6;55;183;345;106;740;835;434;320
1,10236,10479,1,0,0,9,2,6;55;183;345;106;727;835;434;320
1,10255,10504,1,1,0,8,3,36;164;345;87;727;835;261;301
1,10255,10503,1,3,0,8,4,36;164;345;87;727;814;261;301
1,10266,10323,1,2,0,8,1,25;153;327;76;727;814;261;290
1,10279,10342,1,2,0,8,1,12;140;327;63;727;814;261;277
0,10283,10339,1,2,0,8,0,8;136;327;59;691;814;261;273
0,10297,10497,1,3,0,7,0,122;327;45;688;814;261;259
1,10290,10367,1,3,0,8,1,1;129;327;52;691;814;261;266
1,10328,10403,1,3,0,7,1,91;327;14;675;814;261;228
1,10310,10576,1,3,0,7,2,109;327;32;688;814;261;246
1,10349,10399,1,0,0,7,2,70;327;666;814;261;207;1078
0,10328,10409,1,7,0,7,0,91;327;14;666;814;261;228
1,10377,10433,1,0,0,7,2,42;327;658;814;261;179;1050
1,10360,10424,1,1,0,7,1,59;327;666;814;261;196;1067
0,10410,10475,1,0,0,7,0,9;327;623;787;260;146;1017
1,10401,10485,1,0,0,7,1,18;327;649;796;261;155;1026
0,10418,10475,1,0,0,7,0,1;327;623;756;252;138;1009
1,10413,10490,1,0,0,7,1,6;327;623;784;257;143;1014
1,10440,10492,1,1,0,7,1,327;595;756;230;116;987;782
1,10424,10508,1,0,0,6,1,327;623;756;246;132;1003
1,10442,10708,1,0,0,7,2,327;595;714;228;114;985;780
1,10441,10517,1,0,0,7,1,327;595;715;229;115;986;781
1,11407,11496,1,1,0,13,3,20;54;202;179;90;76;460;720;482;520;565;726;708
1,11413,11471,1,1,0,13,2,14;48;196;173;84;70;454;720;482;514;559;704;702
1,11363,11615,1,1,0,13,7,64;98;246;13;223;134;120;504;720;482;544;609;832
1,11400,11652,1,1,0,13,5,27;61;209;186;97;83;467;720;482;527;572;728;715
1,11347,11587,1,1,0,12,7,80;114;262;29;239;150;136;520;720;592;579;625
1,11362,11430,1,1,0,13,2,65;99;247;14;224;135;121;505;720;482;565;610;833
1,11324,11383,1,0,0,12,2,103;137;285;52;262;168;159;543;720;615;603;648
1,11328,11595,1,0,0,12,6,99;133;281;48;258;168;155;539;720;611;579;644
1,11520,11588,1,0,0,12,1,89;66;347;684;419;407;452;675;595;721;411;807
1,11544,11614,1,0,0,13,2,65;42;323;645;395;383;428;651;571;697;387;783;935
1,11466,11535,1,1,0,12,1,143;120;31;17;401;717;473;461;506;693;649;775
1,11494,11579,1,0,0,12,2,115;92;3;373;710;445;433;478;693;621;747;437
1,11435,11485,1,9,1,12,2,26;174;151;62;48;432;720;482;491;537;693;680
1,11449,11513,1,1,0,13,1,12;160;137;48;34;418;720;482;466;523;693;666;792
1,11415,11653,1,1,0,13,6,12;46;194;171;82;68;452;720;482;491;557;704;700
1,11420,11502,1,4,0,13,2,7;41;189;166;77;63;447;720;482;491;552;698;695
1,11647,11889,1,0,1,12,7,220;557;292;280;325;548;468;567;284;674;704;835
1,11643,11880,1,0,0,12,6,224;561;296;284;329;552;472;567;288;674;836;839
1,11625,11713,1,0,0,12,2,232;579;314;302;347;570;490;574;306;674;854;857
1,11616,11694,1,0,0,12,1,251;588;323;311;356;579;499;574;315;674;863;866
1,11615,11686,1,0,0,12,2,252;589;324;312;357;580;500;626;316;674;864;867
1,11592,11677,1,0,0,13,3,17;275;612;347;335;380;603;523;643;339;674;887;890
1,11571,11656,1,0,0,14,2,38;15;296;633;368;356;401;624;544;643;360;756;908;911
1,11557,11625,1,1,0,13,2,52;29;310;645;382;370;415;624;558;684;374;770;922
0,11813,11867,1,1,0,13,0,54;391;126;114;159;382;302;390;118;415;666;669;584
1,11781,11869,1,0,0,13,2,86;423;158;146;191;414;334;390;150;415;698;701;616
1,11731,11975,1,0,0,12,3,136;473;195;196;241;464;384;510;200;415;704;715
1,11716,11768,1,1,0,12,1,151;488;218;211;256;479;399;525;215;415;704;715
0,11701,11767,1,0,0,12,0,166;503;218;226;271;494;414;540;230;415;704;715
1,11700,11764,1,0,0,12,2,167;504;239;227;272;495;415;541;231;415;704;715
1,11649,11936,1,1,0,12,8,218;555;290;278;323;546;466;567;282;657;704;715
1,11648,11722,1,0,0,12,2,219;556;291;279;324;547;467;567;283;674;704;715
1,10990,11274,1,1,0,9,4,60;207;430;232;462;477;386;596;507
1,11001,11067,1,1,0,9,1,49;196;426;221;442;477;375;585;496
1,11012,11081,1,0,0,9,1,38;185;415;210;442;477;364;574;485
0,11015,11073,1,1,0,9,0,35;182;400;207;442;477;361;571;482
1,10971,11040,1,0,0,9,1,79;226;446;251;490;603;405;615;526
1,10974,11026,1,1,0,9,1,76;223;430;248;487;603;402;612;523
1,10978,11262,1,1,0,9,7,72;219;430;244;462;603;398;608;519
1,10981,11050,1,0,0,9,1,69;216;430;241;462;503;395;605;516
0,11100,11178,1,0,0,9,0,97;327;122;361;477;276;486;397;383
0,11118,11205,1,0,0,9,0,79;309;104;343;477;258;468;379;365
1,11171,11416,1,0,0,10,6,26;256;51;290;438;205;415;326;312;696
1,11171,11398,1,1,0,10,5,26;256;51;290;438;205;415;326;312;568
0,11038,11100,1,1,0,9,0,12;159;389;184;423;477;338;548;459
0,11046,11099,1,0,0,9,0,4;151;381;176;415;477;330;540;451
1,11050,11119,1,0,0,9,1,0;147;377;172;411;477;326;536;447
0,11076,11140,1,0,0,8,0,121;351;146;385;477;300;510;421
0,11219,11275,1,1,0,11,0,208;3;242;390;157;329;278;264;563;960;720
0,11219,11277,1,1,0,11,0,208;3;242;390;157;329;278;264;563;960;720
1,11249,11321,1,0,0,11,1,178;212;360;127;329;248;234;563;832;690;678
1,11228,11440,1,0,0,11,5,199;233;381;148;329;269;255;563;960;711;699
1,11178,11424,1,0,0,10,6,19;249;44;264;431;198;329;319;305;568
1,11176,11397,1,0,0,10,4,21;251;46;285;433;200;329;321;307;568
1,11203,11264,1,0,0,10,2,224;19;258;406;173;329;294;280;563;1001
0,11184,11248,1,1,0,10,0,13;243;38;264;425;192;329;313;299;563
1,11304,11356,1,1,0,12,2,123;157;305;72;282;168;179;563;768;635;623;668
0,11266,11322,1,1,0,11,0,161;195;305;110;320;168;217;563;772;673;661
0,11317,11367,1,0,0,12,0,110;144;292;59;269;168;166;550;720;622;610;655
1,11315,11522,1,1,0,12,7,112;146;294;61;271;168;168;552;768;624;612;657
1,11259,11323,1,0,0,11,3,168;202;305;117;327;238;224;563;775;680;668
1,11257,11334,1,0,0,11,3,170;204;305;119;329;240;226;563;832;682;670
1,11266,11535,1,1,0,11,6,161;195;305;110;320;168;217;563;772;673;661
1,11263,11348,1,1,0,11,1,164;198;305;113;323;234;220;563;772;676;664
1,8433,8725,1,0,0,9,7,133;290;406;510;674;616;327;640;677
1,8417,8487,1,0,0,9,3,149;306;422;526;690;632;343;641;693
1,8410,8636,1,0,0,9,5,156;313;429;533;697;639;350;856;700
1,8398,8669,1,0,0,9,8,168;325;441;545;709;651;362;868;712
1,8501,8583,1,0,0,10,2,65;222;338;442;606;548;259;640;607;695
0,8490,8567,1,1,0,10,0,76;233;349;453;617;559;270;640;607;706
0,8476,8540,1,0,0,10,0,90;247;363;467;631;573;284;640;607;720
0,8436,8502,1,1,0,9,0,130;287;403;507;671;613;324;640;607
1,8335,8388,1,5,0,8,1,231;8;388;486;589;723;714;425
1,8333,8398,1,3,0,8,1,233;57;390;486;589;723;716;427
1,8329,8387,1,1,0,8,1,237;61;394;486;589;728;720;431
1,8326,8397,1,0,0,8,2,240;64;397;513;589;728;723;434
0,8346,8412,1,47,0,9,0,220;8;377;486;589;712;703;414;884
0,8346,8405,1,46,0,9,0,220;8;377;486;589;712;703;414;884
1,8344,8401,1,48,0,9,2,222;8;379;486;589;712;705;416;922
1,8336,8419,1,16,0,9,1,230;8;387;486;589;720;713;424;930
0,8678,8741,1,0,0,13,0,45;161;265;429;371;82;588;432;518;521;725;428;1061
1,8679,8737,1,0,0,13,4,44;160;264;428;370;81;587;431;517;521;724;427;1060
1,8634,8717,1,0,0,10,2,89;205;309;461;385;126;632;476;562;580
1,8640,8711,1,0,0,10,4,83;199;303;461;385;120;626;470;556;521
1,8812,8868,1,0,0,11,3,27;131;295;237;454;298;384;402;591;294;927
1,8812,8892,1,0,0,11,3,27;131;295;237;454;298;384;402;555;294;927
1,8694,8759,1,1,0,13,2,29;145;249;413;355;66;540;416;502;520;709;412;1045
1,8749,8814,1,1,0,12,2,90;194;358;300;11;517;361;447;465;654;357;990
1,8514,8764,1,0,0,10,3,52;209;325;429;593;535;246;637;571;643
0,8528,8592,1,0,0,10,0,38;195;311;415;579;385;232;637;571;643
1,8503,8783,1,1,0,10,6,63;220;336;440;604;546;257;637;607;693
1,8507,8596,1,0,0,10,2,59;216;332;436;600;542;253;637;603;643
1,8621,8708,1,0,0,10,1,102;218;322;486;385;139;637;489;575;593
1,8624,8689,1,1,0,10,1,99;215;319;461;385;136;637;486;572;590
1,8575,8644,1,0,0,10,1,148;264;368;532;385;185;637;535;621;639
1,8593,8680,1,0,1,10,2,130;246;350;504;385;167;637;517;603;621
1,7870,8079,1,1,0,12,4,693;147;31;312;259;123;223;303;422;161;150;648
1,7861,7947,1,0,0,12,3,693;277;40;321;268;132;232;312;466;170;159;648
1,7875,8109,1,0,0,12,4,691;147;26;307;254;118;218;298;422;156;145;648
0,7870,7942,1,1,0,12,0,693;147;31;312;259;123;223;303;422;161;150;648
1,7937,8161,1,1,0,12,5,629;147;245;192;56;156;236;274;94;83;624;902
1,7877,8123,1,1,1,12,6,689;147;24;305;252;116;216;296;422;154;143;624
0,8080,8135,1,0,0,9,0,486;58;102;49;13;93;274;624;759
0,7959,8016,1,1,0,12,0,607;147;223;170;34;134;214;274;72;61;624;837
1,7809,8098,1,1,0,12,5,693;329;92;373;320;184;284;364;499;222;211;914
0,7796,7877,1,0,0,12,0,693;342;105;386;333;197;297;377;499;235;224;927
0,7836,7892,1,0,0,12,0,693;302;65;346;293;157;257;337;466;195;184;648
1,7832,8032,1,0,0,12,8,693;306;69;350;297;161;261;341;499;199;188;648
0,7852,7907,1,1,0,12,0,693;286;49;330;277;141;241;321;466;179;168;648
0,7841,7920,1,0,0,12,0,693;297;60;341;288;152;252;332;466;190;179;648
1,7861,8092,1,1,0,12,6,693;277;40;321;268;132;232;312;422;170;159;648
0,7857,7912,1,1,0,12,0,693;281;44;325;272;136;236;316;466;174;163;648
1,8191,8424,1,0,0,6,4,375;199;532;627;752;916
0,8201,8257,1,0,0,6,0,365;189;522;627;742;748
1,8220,8497,1,0,0,6,5,346;170;503;619;723;748
0,8231,8314,1,1,0,6,0,335;159;492;608;712;743
1,8260,8318,1,0,0,6,2,306;130;463;579;683;743
1,8280,8481,1,0,0,6,2,286;110;443;555;663;743
1,8307,8378,1,1,0,8,2,259;83;416;532;636;728;742;453
0,8323,8395,1,0,0,8,0,243;67;400;516;589;728;726;437
0,8081,8139,1,0,0,9,0,485;57;101;48;12;92;274;624;758
1,8115,8181,1,1,0,8,2,451;23;67;14;58;274;608;724
1,8125,8207,1,1,0,8,3,441;13;57;4;48;265;598;704
0,8127,8182,1,0,0,8,0,439;11;55;2;46;263;596;648
0,8137,8192,1,0,0,7,0,429;1;45;36;253;586;648
1,8150,8217,1,0,0,6,1,416;32;23;240;573;648
0,8168,8256,1,1,0,7,0,398;14;5;219;555;648;775
1,8185,8261,1,0,0,6,2,381;205;538;648;758;922
1,9677,9746,1,1,0,12,2,62;145;382;340;214;105;411;427;465;584;271;340
1,9668,9924,1,0,0,12,7,71;154;391;341;223;114;414;574;474;584;280;349
1,9650,9716,1,1,0,12,2,89;172;409;367;241;132;414;585;492;584;298;367
1,9648,9732,1,1,0,12,2,91;174;411;369;243;134;440;585;494;584;300;369
1,9595,9649,1,1,0,13,1,144;28;227;464;422;250;187;474;585;547;584;353;422
1,9591,9660,1,0,0,13,2,148;32;231;1;468;426;300;191;474;585;551;584;357
1,9585,9847,1,1,0,13,8,154;38;237;7;469;432;306;197;503;585;557;584;363
1,9582,9847,1,0,0,13,6,157;41;240;10;469;435;309;200;506;660;560;584;366
1,9575,9644,1,0,0,13,1,164;48;247;17;484;442;316;207;513;667;567;584;373
1,9542,9622,1,0,0,13,2,197;81;280;50;517;475;349;240;546;700;600;584;406
1,9487,9548,1,1,0,13,2,252;136;335;105;567;477;393;295;581;755;655;584;461
1,9485,9752,1,0,0,13,9,254;138;337;107;567;477;393;297;581;757;657;764;463
1,9481,9547,1,0,0,13,2,258;142;341;111;567;536;393;301;581;761;661;810;467
1,9481,9559,1,1,0,13,2,258;142;341;111;567;536;393;301;581;761;661;764;467
1,9479,9557,1,0,0,13,2,260;144;343;113;567;538;412;303;581;763;663;812;469
1,9441,9521,1,0,0,14,2,298;182;11;381;151;567;576;450;341;613;801;701;850;507
1,10048,10122,1,0,0,8,1,11;40;194;94;243;371;720;294
1,10074,10129,1,0,0,8,1,14;168;68;217;345;720;268;976
1,9974,10185,1,0,0,10,3,85;43;114;240;168;317;43;445;737;338
0,10017,10071,1,1,0,10,0,42;0;71;225;125;274;0;402;720;325
1,9955,10240,1,0,0,10,4,104;62;133;240;187;336;62;464;775;387
1,9958,10235,1,1,0,10,3,101;59;130;240;184;333;59;461;775;338
1,9942,9992,1,0,0,11,2,117;75;146;300;200;349;6;75;477;797;400
1,9953,10013,1,0,0,10,2,106;64;135;289;189;338;64;466;775;389
1,9888,10130,1,0,0,12,4,163;129;3;200;354;254;403;60;129;531;855;454
1,9889,9939,1,1,0,12,2,163;128;2;199;353;253;402;59;128;530;810;453
1,9848,10110,1,0,0,11,7,211;169;43;240;394;294;443;100;169;571;954
1,9852,9940,1,1,0,11,1,207;165;39;236;390;290;439;96;165;567;855
1,9755,9840,1,0,0,11,3,67;277;262;136;27;333;427;387;536;193;262
1,9803,9862,1,0,0,11,2,19;256;214;88;285;427;339;488;145;214;616
1,9689,9754,1,0,0,12,1,50;133;370;328;202;93;399;427;453;584;259;328
1,9754,9834,1,1,0,11,1,68;305;263;137;28;334;427;388;537;194;263
1,9026,9101,1,0,0,14,1,81;23;240;84;170;188;377;80;710;597;397;426;796;566
1,8953,9028,1,0,0,12,3,154;96;313;157;243;261;449;153;710;670;470;499
1,9044,9130,1,0,0,14,2,63;5;222;66;146;170;359;62;480;579;379;408;778;548
1,9039,9305,1,1,0,14,6,68;10;227;71;146;175;364;67;700;584;384;413;783;553
0,8912,8991,1,0,0,11,0,31;195;137;354;193;284;302;491;194;710;693
1,8893,8981,1,0,0,11,1,50;214;156;373;208;303;321;510;213;710;693
1,8939,9002,1,1,0,12,3,4;168;110;327;171;257;275;464;167;710;684;484
1,8919,8977,1,1,0,12,3,24;188;130;347;191;277;295;484;187;710;693;504
1,8871,8931,1,1,0,11,1,72;236;178;395;229;325;343;532;235;710;697
1,8862,9099,1,0,0,11,5,81;245;187;395;229;334;352;541;244;710;761
1,8874,8944,1,0,0,11,1,69;233;175;392;229;322;340;525;232;710;693
1,8873,8934,1,0,0,11,3,70;234;176;393;229;323;341;530;233;710;693
1,8846,8924,1,0,0,11,3,97;261;203;420;264;350;368;555;260;798;777
1,8840,9071,1,0,0,11,5,103;267;209;426;270;356;374;555;266;899;783
1,8858,9105,1,0,0,11,4,85;249;191;395;229;338;356;545;248;798;765
1,8855,8934,1,0,0,11,1,88;252;194;395;255;341;359;548;251;798;768
1,9374,9445,1,0,1,13,2,29;365;232;49;78;448;218;567;643;517;408;714;868
1,9388,9460,1,0,0,13,2,15;351;232;35;64;434;204;567;629;503;394;669;854
1,9389,9455,1,1,0,13,2,14;350;232;34;63;433;203;567;628;496;393;669;853
1,9426,9515,1,1,0,13,2,313;197;26;396;166;567;591;465;356;637;816;716;865
1,9264,9464,1,0,0,12,5,2;139;475;359;159;188;558;328;795;753;578;518
1,9289,9576,1,0,0,11,8,114;450;334;134;163;533;303;599;728;578;493
1,9322,9379,1,1,0,11,1,81;417;301;101;130;500;270;567;695;569;460
1,9347,9403,1,0,0,11,1,56;392;276;76;105;475;245;567;670;544;435
1,9155,9385,1,1,0,13,4,111;41;59;248;480;468;268;297;667;437;904;862;736
1,9186,9257,1,0,0,13,1,80;10;28;217;480;437;237;266;636;406;873;831;590
1,9189,9267,1,0,0,13,1,77;7;25;214;480;418;234;263;633;403;870;828;590
1,9247,9332,1,0,0,12,3,19;156;480;376;176;205;575;345;812;770;590;535
1,9073,9156,1,1,0,14,1,34;193;37;123;141;330;33;480;550;350;379;749;519;986
1,9074,9134,1,0,0,14,1,33;192;36;122;140;329;32;480;545;349;378;748;518;985
1,9085,9171,1,0,0,14,2,22;181;25;111;129;318;21;480;533;338;367;737;507;974
0,9147,9207,1,0,0,13,0,119;49;67;256;480;476;276;305;675;445;912;870;744
1,6487,6546,1,0,0,9,1,68;99;11;435;74;102;395;421;418
1,6483,6557,1,1,0,9,1,72;103;15;439;78;106;395;425;418
1,6510,6587,1,1,0,10,1,45;76;412;51;79;395;398;418;455;706
0,6506,6563,1,0,0,9,0,49;80;416;55;83;395;402;418;459
1,6522,6606,1,0,0,10,2,33;64;400;39;67;395;386;418;379;694
0,6515,6593,1,0,0,10,0,40;71;407;46;74;395;393;418;379;701
1,6554,6607,1,0,0,10,2,1;32;368;7;35;395;354;418;365;643
1,6553,6640,1,0,0,10,1,2;33;369;8;36;395;355;418;379;643
1,6562,6651,1,1,0,8,1,24;360;27;395;346;418;365;633
1,6555,6791,1,0,0,10,3,0;31;367;6;34;395;353;418;365;642
1,6577,6800,1,0,0,8,3,9;345;12;395;331;418;350;517
1,6574,6805,1,1,0,8,4,12;348;15;395;334;418;350;633
1,6627,6690,1,0,0,7,1,295;357;281;373;338;517;407
1,6578,6650,1,1,0,8,1,8;344;11;395;289;418;350;517
0,6658,6723,1,0,0,7,0,264;326;250;342;297;517;376
1,6630,6862,1,0,0,7,2,292;354;278;370;297;517;404
1,6310,6386,1,1,0,10,1,44;16;245;276;111;188;566;251;279;674
1,6314,6389,1,1,0,11,1,40;12;241;272;107;184;566;247;275;508;594
1,6320,6400,1,0,0,11,1,34;6;235;266;101;178;566;241;269;508;588
1,6339,6424,1,1,0,10,1,15;216;247;82;159;566;222;250;492;569
1,6352,6423,1,1,0,10,1,2;203;230;69;146;566;209;237;492;556
1,6365,6451,1,1,0,9,1,190;221;56;133;511;196;224;492;543
1,6367,6433,1,1,0,9,1,188;219;54;131;494;194;222;492;541
1,6386,6473,1,1,0,10,1,169;200;35;112;494;175;203;484;522;614
1,6387,6459,1,1,0,10,1,168;199;34;111;494;174;202;482;521;613
1,6389,6445,1,3,0,10,1,166;197;32;109;492;172;200;482;519;611
0,6393,6444,1,8,0,10,0,162;193;28;105;492;168;196;477;515;607
1,6400,6457,1,2,0,10,2,155;186;21;98;492;161;189;477;508;600
1,6425,6639,1,1,0,9,4,130;161;73;492;136;164;477;465;575
1,6459,6521,1,0,0,9,1,96;127;39;463;102;130;477;449;471
1,6460,6660,1,0,0,9,4,95;126;38;462;101;129;424;448;471
1,6479,6712,1,1,0,9,1,76;107;19;443;82;110;424;429;418
1,6062,6142,1,0,0,13,1,69;122;192;292;242;122;264;493;524;359;414;669;499
1,6045,6262,1,1,0,12,5,85;139;209;309;259;139;281;504;541;376;430;669
0,6039,6105,1,0,0,12,0,85;145;215;315;265;145;287;504;546;382;430;669
1,6025,6091,1,1,0,12,1,106;159;229;329;279;159;301;504;546;396;430;669
1,6146,6218,1,0,0,12,1,38;108;208;158;38;180;409;440;275;352;669;415
1,6128,6217,1,0,0,13,1,3;56;126;226;176;56;198;427;458;285;370;669;433
0,6125,6195,1,0,0,13,0,6;59;129;229;179;59;201;430;461;285;373;669;436
1,6097,6165,1,1,0,13,1,34;87;157;257;207;87;229;458;489;285;401;669;464
1,6252,6550,1,0,0,10,4,2;102;52;74;303;302;169;246;634;309
1,6245,6323,1,0,0,10,2,9;109;59;81;310;341;176;251;634;316
1,6242,6300,1,0,0,10,1,12;112;62;84;313;344;179;256;634;319
1,6214,6271,1,0,0,10,1,40;140;90;112;341;372;207;284;669;347
1,6310,6594,1,0,0,10,5,44;16;245;276;111;188;566;251;279;601
1,6284,6364,1,1,0,11,2,70;20;42;271;302;137;214;616;277;305;700
0,6264,6317,1,0,0,9,0,90;40;62;279;302;157;234;616;297
1,6260,6316,1,0,0,9,1,94;44;66;295;302;161;238;616;301
1,5897,6136,1,0,0,13,9,15;2;204;275;357;457;407;287;426;615;546;524;601
1,5898,5953,1,0,0,13,1,14;1;204;275;356;456;406;286;426;615;546;523;464
1,5884,5967,1,1,0,12,1,28;15;247;300;370;470;420;300;426;615;546;537
1,5888,5944,1,1,0,12,1,24;11;204;296;366;466;416;296;426;615;546;533
1,5911,6131,1,0,0,12,3,1;191;273;343;443;393;273;415;615;546;510;464
0,5913,5968,1,1,0,11,0,191;271;341;441;391;271;413;577;546;508;464
0,5898,5949,1,0,0,13,0,14;1;191;275;356;456;406;286;426;615;546;523;464
1,5911,5996,1,1,0,12,2,1;191;273;343;443;393;273;415;591;546;510;464
1,5936,6006,1,3,0,11,1,191;230;318;418;368;248;390;556;546;485;464
0,5937,6013,1,6,0,11,0,191;230;317;417;367;247;389;539;546;484;464
1,5925,5995,1,1,0,11,1,191;259;329;429;379;259;401;577;546;496;464
1,5931,6017,1,1,0,11,2,191;230;323;423;373;253;395;577;546;490;464
1,6021,6083,1,0,0,12,1,110;163;233;333;283;163;305;534;546;400;451;669
1,6021,6076,1,0,0,12,1,110;163;233;333;283;163;305;504;546;400;451;669
1,5980,6050,1,0,0,11,1,151;204;274;374;324;204;346;539;546;441;464
1,6018,6300,1,0,0,12,8,113;166;236;336;286;166;308;537;546;403;451;904
1,7588,7671,1,0,0,15,2,36;98;47;978;550;313;594;164;541;405;505;585;802;443;432
0,7513,7564,1,0,0,13,0,111;173;122;1053;625;388;669;239;616;480;580;660;877
1,7605,7891,1,0,0,15,9,19;81;30;961;533;296;577;147;524;388;488;568;768;426;415
0,7595,7651,1,1,0,15,0,29;91;40;971;543;306;587;157;534;398;498;578;768;436;425
1,7439,7701,1,1,0,12,11,185;247;196;1077;699;462;743;313;690;554;654;734
1,7418,7634,1,0,1,11,10,206;268;217;1077;720;483;764;334;711;575;675
1,7475,7536,1,1,0,12,1,149;211;160;1062;663;426;707;277;654;518;618;698
0,7469,7536,1,1,0,12,0,155;217;166;1062;669;432;713;283;660;524;624;704
0,7745,7822,1,0,0,12,0,693;393;156;437;7;384;248;348;428;645;286;275
1,7710,7767,1,0,0,12,1,693;428;191;472;42;419;283;383;463;680;321;310
0,7766,7838,1,0,0,12,0,693;372;135;416;363;227;327;407;499;265;254;957
1,7746,7985,1,0,0,12,9,693;392;155;436;6;383;247;347;427;644;285;274
1,7614,7698,1,0,0,15,1,10;72;21;693;524;287;568;138;515;379;479;559;768;417;406
0,7614,7681,1,0,0,15,0,10;72;21;693;524;287;568;138;515;379;479;559;768;350;406
0,7680,7758,1,0,0,13,0,6;693;458;221;502;72;449;313;413;493;710;350;340
0,7641,7713,1,0,0,13,0,45;693;497;260;541;111;488;352;452;532;749;350;379
1,7184,7415,1,0,0,7,4,32;112;440;422;451;1271;954
0,7188,7266,1,0,0,7,0,28;108;436;422;447;1261;950
1,7197,7273,1,0,0,7,2,19;99;427;422;438;1261;941
0,7220,7281,1,0,0,6,0,76;404;422;395;1261;918
0,7066,7128,1,0,0,5,0,150;230;558;422;569
0,7121,7200,1,0,0,5,0,95;175;503;422;514
1,7129,7211,1,0,0,5,1,87;167;495;422;506
1,7163,7459,1,0,0,6,3,53;133;461;422;472;1403
1,7304,7379,1,1,0,8,2,320;382;331;1134;834;597;878;448
0,7345,7400,1,0,0,8,0,279;341;290;1105;793;556;837;407
0,7372,7434,1,0,0,8,0,252;314;263;1105;766;529;810;380
1,7417,7651,1,0,0,11,10,207;269;218;1105;721;484;765;335;712;576;676
1,7240,7537,1,0,0,9,7,56;384;422;395;1261;898;661;942;512
0,7242,7312,1,1,0,9,0,54;382;422;393;1136;896;659;940;510
1,7258,7500,1,1,0,9,7,38;366;422;377;1136;880;643;924;494
0,7279,7343,1,1,0,9,0,17;345;407;356;1134;859;622;903;473
1,6941,7025,1,0,0,6,1,43;59;24;217;10;297
0,6933,6988,1,0,0,6,0,51;67;32;217;10;297
1,6909,7194,1,0,0,7,2,13;75;91;56;217;10;297
1,6888,7129,1,0,0,8,1,30;96;20;112;77;217;146;297
1,6879,6963,1,0,0,8,1,43;105;29;121;86;217;155;297
0,6877,7176,1,0,0,8,0,45;107;31;123;88;217;156;297
1,6870,6943,1,0,0,8,2,52;114;38;130;93;217;164;297
0,6850,6916,1,0,0,8,0,72;134;58;150;93;217;184;297
0,7065,7272,1,0,0,5,0,151;231;559;422;570
1,7041,7292,1,0,0,5,3,175;255;583;645;594
0,7038,7124,1,0,0,5,0,178;258;586;648;597
0,7034,7113,1,0,0,6,0,182;0;262;590;652;601
0,7022,7111,1,0,0,5,0,194;10;274;602;664
0,6993,7049,1,0,0,6,0,7;217;10;275;631;693
1,6949,7030,1,0,0,6,1,35;17;16;217;10;297
1,6948,7029,1,0,0,6,1,36;27;17;217;10;297
1,6740,6961,1,0,0,8,5,182;244;168;260;190;476;294;556
1,6756,6828,1,1,0,8,3,166;228;152;244;190;460;278;540
1,6713,6765,1,1,0,8,1,209;271;195;287;252;503;316;563
1,6728,6993,1,0,0,8,2,194;256;180;272;205;488;306;563
1,6672,6760,1,0,0,7,2,250;312;236;328;293;512;316
1,6701,6760,1,0,0,8,3,221;283;207;299;264;512;316;595
1,6660,6739,1,0,0,7,2,262;324;248;340;297;517;374
1,6663,6732,1,1,0,7,2,259;321;245;337;297;512;371
1,6831,6901,1,0,0,8,2,91;153;77;169;129;217;203;297
1,6832,6892,1,0,0,8,1,90;152;76;168;129;217;192;297
1,6819,6895,1,0,0,8,1,103;165;89;181;146;276;215;297
1,6822,6897,1,0,0,8,2,100;162;86;178;129;276;212;297
1,6793,6865,1,0,0,8,1,129;191;115;207;172;423;241;297
1,6799,7009,1,0,0,8,3,123;185;92;201;166;417;235;297
1,6759,7022,1,0,0,8,5,163;225;149;241;190;457;275;532
0,6777,6829,1,1,0,8,0,145;207;131;223;188;439;257;297
1,4890,5175,1,0,0,8,3,18;224;248;115;271;583;441;424
1,4902,4982,1,0,0,8,2,6;212;236;115;271;583;430;412
1,4927,5015,1,0,0,9,1,187;211;115;271;583;419;387;705;825
0,4937,5148,1,1,0,10,0,177;201;106;271;583;419;377;695;815;479
0,4940,5020,1,1,0,10,0,174;198;106;271;583;419;374;692;812;476
1,4974,5200,1,0,0,12,4,140;164;93;262;583;419;340;658;778;442;667;441
1,4980,5064,1,0,0,12,2,134;158;87;256;583;419;334;652;772;436;549;435
1,5005,5091,1,0,0,12,2,109;133;62;231;583;419;309;627;747;390;549;410
1,4773,4840,1,0,0,8,2,103;128;341;365;78;294;95;271
1,4778,5018,1,0,0,8,2,98;128;336;348;73;289;95;271
1,4795,4874,1,0,0,8,1,81;113;319;343;56;115;89;271
1,4819,5023,1,1,0,9,2,57;89;295;319;32;115;65;271;819
1,4822,5111,1,0,0,9,3,54;86;292;316;29;115;62;271;800
0,4829,4917,1,0,0,9,0,47;79;285;309;22;115;55;271;583
0,4875,4962,1,1,0,8,0,1;33;239;263;115;9;271;583
1,4885,5116,1,1,0,7,3,23;229;253;115;271;583;543
1,4656,4738,1,0,0,10,2,21;67;220;252;458;482;195;411;226;580
1,4624,4689,1,0,0,10,2,53;99;252;284;490;503;227;443;260;612
1,4707,4771,1,0,0,9,1,16;169;201;407;431;144;360;177;529
1,4666,4753,1,0,0,10,1,11;57;210;242;448;471;185;401;218;570
1,4753,5004,1,0,1,8,4,123;155;361;385;98;314;131;483
1,4717,4805,1,0,0,9,2,6;159;191;397;421;134;350;164;519
1,4772,4850,1,1,0,8,1,104;128;342;366;79;295;112;271
1,4760,4814,1,0,0,8,1,116;148;354;378;91;307;124;271
1,4542,4618,1,0,0,12,2,135;14;181;334;366;25;572;596;309;525;342;694
0,4514,4565,1,0,0,13,0,163;3;42;209;362;394;53;600;624;337;553;351;722
1,4548,4621,1,1,0,12,1,129;8;175;328;360;19;566;586;303;519;328;688
1,4546,4597,1,0,0,12,2,131;10;177;330;362;21;568;592;305;521;328;690
1,4582,4649,1,0,0,10,2,95;141;294;326;532;556;269;448;302;630
1,4565,4641,1,1,0,11,3,112;158;311;343;2;549;573;286;502;319;630
1,4612,4832,1,0,1,10,5,65;111;264;296;502;526;239;448;272;624
1,4592,4646,1,0,0,10,2,85;131;284;316;522;546;253;448;292;630
0,4455,4531,1,0,0,13,0,222;62;101;268;421;453;112;650;683;396;612;429;781
1,4458,4514,1,0,0,13,2,219;59;98;265;418;450;109;650;680;393;609;426;778
1,4391,4679,1,0,0,14,8,28;286;126;165;4;332;485;517;176;723;732;460;676;493
1,4446,4531,1,0,0,12,3,231;71;110;277;430;462;121;668;692;405;621;438
1,4477,4555,1,0,0,13,3,200;40;79;246;399;408;90;637;650;374;590;407;759
1,4512,4594,1,0,0,13,2,165;5;44;211;364;396;55;602;626;339;555;359;724
0,4464,4520,1,1,0,13,0,213;53;92;259;412;444;103;650;650;387;603;420;772
1,4470,4559,1,0,0,13,2,207;47;86;253;406;438;97;644;650;381;597;414;766
1,4316,4368,1,0,0,16,2,30;35;103;361;201;240;79;8;407;560;592;251;798;822;535;751
1,4344,4412,1,0,0,15,2,2;7;75;333;173;212;51;379;532;564;223;770;794;507;723
1,4279,4350,1,0,0,14,3,67;72;140;382;238;277;116;45;444;597;629;288;835;856
1,4286,4338,1,0,0,15,3,60;65;133;382;231;270;109;38;437;590;622;281;827;852;565
1,4373,4438,1,1,0,13,3,46;295;144;183;22;350;503;535;194;741;765;478;694
1,4388,4441,1,0,0,13,2,31;289;129;168;7;335;488;520;179;726;750;463;679
1,4358,4425,1,0,0,13,1,61;319;159;198;37;365;518;550;209;756;776;493;709
1,4369,4445,1,0,0,13,2,50;308;148;187;24;354;507;539;198;745;769;482;698
1,4190,4276,1,0,0,15,3,156;161;229;33;396;327;366;205;134;533;676;718;377;909;948
1,4171,4234,1,0,0,15,3,175;180;248;52;396;337;385;224;153;552;676;737;396;912;967
1,4150,4239,1,0,0,15,3,196;201;269;73;396;337;406;245;174;573;676;739;417;944;988
1,4120,4195,1,1,1,17,2,226;0;25;231;11;299;103;396;337;435;275;204;603;676;739;447;944
1,4253,4549,1,1,1,14,10,93;98;166;382;264;303;142;71;470;623;655;314;861;865
1,4246,4311,1,0,0,14,3,100;105;173;396;271;310;149;78;477;630;662;321;865;865
1,4237,4325,1,0,0,14,2,109;114;182;396;280;319;158;87;486;639;671;330;865;901
1,4213,4295,1,0,0,15,3,133;138;206;10;396;304;343;182;111;510;663;695;354;894;925
1,4072,4145,1,1,0,16,1,274;48;73;279;59;300;151;396;344;435;323;252;651;676;739;495
1,4057,4295,1,1,0,16,5,289;63;88;294;74;300;166;517;344;435;338;267;666;676;739;510
1,4051,4118,1,1,0,15,2,295;69;94;300;80;304;172;517;344;435;344;273;672;676;739
1,4025,4324,1,1,0,17,6,321;95;1;120;317;106;304;198;16;517;344;435;370;299;698;676;764
1,4104,4189,1,0,0,17,2,242;11;41;247;27;300;119;396;344;435;291;220;619;676;739;463;944
1,4096,4184,1,1,0,17,3,250;11;49;255;35;300;127;396;344;435;299;228;627;676;739;471;1018
1,4090,4158,1,1,0,16,2,256;11;55;261;41;300;133;396;344;435;305;234;633;676;739;477
1,4083,4154,1,1,0,16,1,263;37;62;268;48;300;140;396;344;435;312;241;640;676;739;484
0,5834,5894,1,0,0,11,0,78;53;297;350;420;520;470;350;492;615;584
1,5846,5922,1,0,0,11,1,66;53;285;338;408;508;458;338;480;615;584
1,5856,5915,1,1,0,12,2,56;43;275;306;398;498;448;328;470;615;584;565
1,5873,6165,1,0,0,12,7,39;26;258;306;381;481;431;311;426;615;584;548
1,5767,5817,1,0,0,11,2,145;132;364;417;487;587;537;417;559;615;610
1,5777,5866,1,1,0,11,1,135;122;354;407;477;577;527;407;549;615;592
1,5811,5876,1,0,0,11,1,101;88;320;373;443;543;493;373;515;615;592
1,5813,6045,1,0,0,11,5,99;53;318;371;441;541;491;371;513;615;592
1,5705,5990,1,1,0,12,7,47;185;182;426;477;549;649;599;479;621;850;881
1,5727,5977,1,0,0,12,7,25;185;172;404;457;527;627;577;457;599;828;801
1,5741,5814,1,0,0,12,1,11;171;158;390;443;513;613;563;443;585;615;801
1,5762,6041,1,0,0,11,6,150;137;369;419;492;592;542;422;564;615;801
0,5678,5729,1,0,0,11,0,74;218;221;453;488;576;676;626;506;648;877
1,5681,5734,1,0,0,11,1,71;218;218;450;488;573;673;623;503;645;874
1,5684,5766,1,0,0,12,1,68;218;215;447;477;570;670;620;500;642;871;902
1,5697,5756,1,0,0,12,1,55;185;202;434;477;557;657;607;487;629;858;889
0,5621,5699,1,0,0,10,0,17;11;131;20;291;278;478;563;633;733
0,5614,5687,1,0,0,10,0,24;18;138;27;298;285;478;570;640;740
1,5668,5748,1,0,0,9,1,84;244;231;463;488;586;686;636;516
1,5667,5731,1,0,0,9,1,85;245;232;464;517;587;687;637;517
1,5602,5684,1,0,0,10,2,36;30;150;39;310;285;529;582;652;752
1,5590,5662,1,0,0,10,1,48;42;162;51;322;309;541;588;664;764
1,5613,5698,1,1,0,10,2,25;19;139;28;299;285;501;571;641;741
1,5609,5672,1,0,0,10,2,29;23;143;32;301;285;522;575;645;745
1,5542,5608,1,0,0,10,1,96;90;210;99;339;347;589;642;712;812
1,5527,5593,1,0,0,10,1,111;105;225;114;339;372;604;657;727;827
1,5568,5634,1,0,0,10,2,70;64;184;55;339;331;563;600;686;786
1,5557,5646,1,1,0,10,2,81;75;195;55;339;342;574;627;697;797
1,5472,5553,1,1,0,9,1,166;160;280;169;339;412;659;712;782
1,5459,5525,1,0,0,9,1,179;173;293;182;339;440;664;714;795
1,5485,5553,1,0,0,9,1,153;147;267;146;339;412;646;699;769
0,5474,5548,1,0,0,9,0,164;158;278;146;339;412;657;710;780
1,5425,5629,1,1,0,10,4,213;3;207;327;216;487;474;678;714;829
1,5457,5529,1,0,0,9,2,181;175;295;184;339;442;674;714;797
1,5419,5496,1,0,0,10,3,219;9;213;333;222;493;480;678;730;835
1,5420,5499,1,1,0,10,2,218;8;212;332;221;492;479;678;730;834
1,5407,5469,1,0,0,12,3,231;21;225;345;9;234;8;505;492;695;766;847
1,5417,5490,1,0,0,10,2,221;11;215;335;224;495;482;678;766;837
1,5354,5414,1,0,0,11,1,284;74;278;377;62;287;61;520;544;695;830
1,5364,5437,1,0,1,11,2,274;64;268;348;52;277;51;520;535;695;820
1,5331,5408,1,0,0,10,1,307;97;301;421;85;310;84;520;544;695
1,5349,5413,1,0,0,10,1,289;79;283;403;67;292;66;520;544;695
1,5308,5588,1,1,0,11,6,330;120;6;324;444;108;333;107;520;589;823
1,5323,5614,1,0,0,10,5,315;105;309;429;93;318;92;520;576;695
1,5279,5348,1,0,0,10,1,359;149;35;353;473;137;362;136;520;589
1,5296,5352,1,1,0,11,1,342;132;18;336;456;120;345;119;520;589;835
1,5251,5457,1,0,0,10,5,382;174;63;381;495;165;390;164;661;609
1,5273,5338,1,0,0,10,2,365;155;41;359;479;143;368;142;520;609
1,5242,5310,1,0,0,10,1,394;174;72;390;495;174;399;173;670;609
1,5236,5473,1,1,0,11,7,0;394;174;78;396;495;180;405;179;671;663
1,5226,5283,1,2,0,11,1,10;412;174;88;406;495;190;415;189;671;673
1,5223,5278,1,2,0,11,1,13;415;205;91;409;495;193;418;192;671;676
1,5222,5457,1,1,0,11,5,14;416;206;92;410;502;194;419;193;671;677
1,5222,5300,1,0,0,11,1,14;416;206;92;410;498;194;419;193;671;677
0,5187,5245,1,1,0,11,0,49;451;241;127;445;502;229;454;228;671;712
0,5114,5192,1,0,0,13,0,0;24;122;524;314;200;518;502;302;527;301;671;785
1,5050,5267,1,3,0,13,3,64;88;17;186;558;378;264;582;504;366;549;365;671
1,5044,5132,1,1,1,13,1,70;94;23;192;558;379;270;588;504;372;549;371;671
1,5037,5123,1,0,0,13,2,77;101;30;199;568;379;277;595;504;379;549;378;671
1,5034,5105,1,0,0,13,2,80;104;33;202;568;394;280;598;504;382;549;381;671
1,5019,5311,1,0,0,13,9,95;119;48;217;568;394;295;613;504;390;549;396;893
1,5016,5258,1,0,0,13,3,98;122;51;220;568;394;298;616;736;390;549;399;896
0,5009,5076,1,1,0,13,0,105;129;58;227;568;394;305;623;743;390;549;406;903
1,5006,5079,1,1,0,12,2,108;132;61;230;583;394;308;626;746;390;549;409
239
12139,13334,687.62,11
7439,8173,0.00,10
12123,12881,50.25,8
7412,8093,0.00,10
12012,12735,188.77,10
7585,8031,90.82,10
7503,8390,476.49,11
11961,12562,139.17,9
12232,12772,15.08,11
7748,8723,290.86,11
12200,12894,0.00,8
7586,8020,0.00,9
12187,12917,0.00,10
8156,8943,47.91,9
12177,12921,34.19,8
7908,8839,214.73,10
12320,13180,156.05,11
8298,9049,150.62,9
12318,13055,109.41,9
8184,9107,259.02,8
12299,12779,0.00,10
8336,9266,380.46,9
12261,12703,0.00,8
8306,8760,0.00,9
12943,13646,316.32,8
8450,9196,75.19,10
12744,13559,348.11,9
8352,9110,205.14,11
12428,12973,217.75,11
8644,9403,129.76,11
12355,12985,217.83,8
8567,9214,59.18,9
13152,14102,170.09,8
8659,9106,0.00,10
13174,13884,287.31,11
8660,9739,434.19,8
12968,13569,284.37,9
8839,9623,166.34,9
13065,13812,229.94,10
8914,9423,0.00,11
13395,14321,245.71,8
8940,9452,59.90,10
13401,14098,57.81,8
8978,9822,0.00,8
13231,13571,0.00,9
8985,9592,0.00,8
13288,14116,45.83,9
9071,10059,344.36,11
13738,14449,0.00,8
9111,10017,86.01,9
13751,14958,527.39,11
9145,9891,236.34,8
13561,14160,0.00,9
9238,9782,0.00,9
13564,14502,340.53,10
9355,10088,281.78,11
13802,14638,79.43,11
9367,10242,322.50,10
13808,14486,186.15,9
9398,10142,0.00,8
13758,14569,0.00,9
9398,10291,254.62,11
13802,14429,0.00,11
9432,9948,0.00,10
5394,6254,0.00,8
9788,10419,151.52,11
5354,6184,294.11,11
9592,10017,0.00,11
5286,6131,278.84,11
9878,10342,91.96,10
5053,5899,257.99,9
9845,10802,481.37,8
5675,6326,44.68,8
10105,11197,493.90,11
5641,6184,0.00,11
10058,11050,268.74,11
5637,6304,0.00,11
10171,10556,0.00,10
5527,6354,0.00,8
10117,10670,173.51,9
5897,6498,209.72,10
10434,11222,0.00,11
5850,6421,74.26,8
10347,11427,221.05,9
5682,6586,392.91,10
10667,11609,362.34,11
5677,6555,359.68,9
10466,11461,444.32,10
6284,6984,279.64,10
10800,11586,133.02,8
6279,6589,0.00,9
10754,11376,0.00,11
6046,6561,0.00,8
11096,11483,0.00,8
6004,6922,426.00,8
10855,11497,66.05,11
6496,6965,270.50,9
11168,11867,158.25,8
6508,7216,391.64,9
11203,12204,325.01,9
6312,6908,125.95,8
11205,11939,183.87,9
6370,7000,221.67,10
11221,11927,139.01,11
6961,7624,0.00,8
11287,11972,0.00,11
6986,7686,223.88,10
11350,12195,184.14,8
6627,7034,211.70,10
11383,12115,0.00,9
6701,7296,312.75,11
11449,12241,297.41,11
7181,8138,130.78,8
11469,11931,0.00,8
7224,7901,0.00,11
11500,12327,379.96,9
7027,7635,43.44,10
11522,12479,187.97,10
7137,8566,615.57,10
11559,12482,147.37,8
7389,8129,0.00,8
11749,12397,233.26,11
7403,7993,0.00,11
11915,12472,0.00,9
7228,8182,0.00,9
11926,12572,384.02,11
7232,7752,0.00,8
11945,13129,425.04,9
3592,4419,132.68,10
3544,4131,0.00,8
3619,4041,0.00,8
3611,4223,0.00,11
3327,4026,94.37,11
3294,3935,98.58,9
3492,4351,354.18,9
3356,4145,223.92,11
3980,4723,0.00,11
3939,4324,0.00,8
4003,4908,225.69,11
4001,4876,187.40,9
3722,4517,313.35,10
3721,4677,443.12,11
3933,4395,13.71,8
3888,4556,211.41,11
4308,5067,238.00,10
4391,4884,173.88,9
4455,5236,271.75,8
4799,5638,303.74,11
4057,4567,0.00,8
4096,5114,227.66,10
4143,5138,193.31,11
4283,4851,16.86,9
4928,5416,46.75,10
4941,5641,186.55,8
4949,5415,0.00,8
5009,5912,606.00,9
4882,5428,195.58,8
4888,5314,0.00,11
4911,5632,0.00,8
4920,5752,305.53,8
14216,14707,85.71,10
1689,2157,79.15,9
14215,15099,225.90,10
1580,2101,224.26,8
14257,15201,333.85,11
1344,2079,231.68,9
14235,14911,0.00,8
1272,1802,57.02,10
13899,14457,0.00,8
1062,1723,0.00,10
13847,14504,222.94,10
1055,1718,68.51,8
14100,15000,204.24,9
1048,1515,0.00,9
14069,14857,0.00,11
1008,1885,438.96,8
14622,15229,43.63,8
2172,2612,0.00,11
14611,15629,298.62,8
2162,2780,145.47,11
14657,15422,320.86,9
1970,2476,125.75,8
14643,14860,0.00,11
1896,2451,175.09,8
14472,15424,93.52,11
1785,2477,216.00,9
14304,14912,64.63,11
1747,2798,375.85,8
14538,15065,0.00,9
1739,2141,83.94,8
14526,15164,68.50,11
1713,2316,369.59,10
2561,3456,340.46,9
2693,3501,385.81,11
2520,3324,144.83,8
2529,3230,87.07,9
2344,2762,46.25,10
2481,3258,251.97,8
2223,3184,411.98,9
2248,2799,117.53,8
3241,4346,451.59,11
3282,4120,256.46,8
3085,3685,42.51,9
3102,3521,0.00,10
3015,3871,276.92,8
3063,3777,67.65,11
2759,3453,79.81,11
2920,3718,325.19,8
0,808,0.00,9
5,346,0.00,11
8,897,428.63,10
39,700,187.81,9
127,796,45.42,10
180,930,308.52,11
262,1171,126.60,8
306,1399,358.88,11
0,441,113.96,5
0,99,49.29,1
0,349,0.00,6
0,249,0.00,2
0,132,0.00,1
0,79,0.00,1
0,328,0.00,4
738,1431,117.20,8
669,1189,200.09,9
823,1543,0.00,11
784,1693,43.64,9
958,1622,0.00,10
925,1915,242.90,9
1008,1670,49.31,8
977,1814,245.00,8
373,1345,0.00,8
318,1116,24.50,9
427,1309,158.90,10
423,1030,0.00,11
498,1116,41.40,11
475,644,0.00,11
583,1045,0.00,8
562,1357,255.34,10
