1002
1,12896,13149,1,0,0,11,2,417;124;241;87;287;803;517;542;652;635;597
1,12885,13129,1,1,0,11,4,428;135;241;98;298;814;517;542;820;646;608
1,12931,13003,1,1,0,11,2,382;89;226;52;252;768;517;540;652;600;562
1,12899,12976,1,1,0,11,2,414;121;241;84;284;787;517;542;652;632;594
1,12948,13159,1,1,0,11,3,365;72;209;35;235;699;517;540;652;583;545
1,12940,13009,1,0,0,11,2,373;80;217;43;243;753;517;540;652;591;553
1,13006,13069,1,0,0,10,2,307;14;151;177;693;517;525;628;525;487
0,12982,13054,1,1,0,11,0,331;38;175;1;201;699;517;540;628;549;511
1,12797,12859,1,0,0,10,1,43;516;76;223;82;360;186;386;818;517
1,12785,13053,1,0,0,10,3,55;528;88;235;94;372;198;398;818;773
1,12839,13102,1,0,0,11,3,1;474;34;181;40;318;144;344;818;517;692
1,12805,12879,1,0,0,11,2,35;508;42;215;74;352;178;378;818;517;726
1,12848,13052,1,0,0,11,3,465;25;172;31;282;135;335;818;517;566;857
1,12844,12918,1,0,0,10,1,469;29;176;35;313;139;339;818;517;566
0,12882,12968,1,1,0,11,0,431;138;241;101;301;817;517;542;823;649;611
1,12861,12935,1,0,0,11,1,452;12;159;18;282;122;322;818;517;542;844
1,13117,13326,1,0,0,13,3,196;40;66;582;441;400;588;414;376;756;520;768;741
1,13149,13376,1,0,0,14,8,164;8;34;550;409;382;556;382;344;679;488;766;709;690
1,13154,13215,1,1,0,14,1,159;3;29;545;404;377;551;377;339;679;483;754;704;685
1,13160,13248,1,0,0,14,2,153;23;498;398;371;545;371;333;679;477;754;698;679;594
1,13208,13272,1,0,0,13,2,105;491;350;323;497;323;285;665;429;707;650;631;546
1,13216,13275,1,1,0,14,1,97;483;342;315;489;315;277;657;421;699;642;610;538;781
1,13217,13279,1,0,0,14,1,96;466;341;314;488;314;276;656;420;698;641;610;537;780
1,13230,13296,1,0,0,14,2,83;466;328;301;475;301;263;622;407;685;628;609;524;767
1,13043,13114,1,1,0,9,2,270;114;140;656;515;488;628;488;450
1,13052,13299,1,1,0,9,5,261;105;131;647;506;456;628;479;441
0,13059,13143,1,1,0,9,0,254;98;124;640;499;456;615;472;434
0,13068,13145,1,0,0,9,0,245;89;115;631;490;456;615;463;425
1,13096,13148,1,0,0,13,2,217;61;87;603;462;435;609;435;397;777;541;819;762
1,13102,13162,1,0,0,13,2,211;55;81;597;456;419;603;429;391;771;535;813;756
1,13102,13327,1,0,0,13,7,211;55;81;597;456;403;603;429;391;771;535;813;756
1,13111,13166,1,0,0,13,2,202;46;72;588;447;403;594;420;382;762;526;768;747
1,12466,12553,1,0,0,12,2,38;282;374;720;407;554;413;104;213;153;691;488
1,12447,12713,1,0,0,13,6,57;16;301;393;720;426;573;432;123;232;172;710;493
1,12421,12495,1,0,0,14,2,83;42;3;327;419;720;452;599;458;149;258;198;736;493
1,12417,12685,1,0,0,14,8,87;46;7;331;423;720;456;601;462;153;262;202;740;566
1,12509,12588,1,0,0,11,3,239;331;720;332;511;370;61;170;110;648;474
1,12505,12567,1,0,0,11,4,243;335;720;332;515;374;65;174;114;652;478
1,12499,12584,1,0,0,12,2,5;249;341;720;341;521;380;71;180;120;658;484
0,12481,12532,1,1,0,12,0,23;267;359;720;341;539;398;89;198;138;676;488
1,12339,12602,1,1,0,14,9,165;124;85;409;501;887;534;629;520;231;340;280;784;644
0,12314,12394,1,1,0,14,0,190;149;110;434;523;887;559;629;520;256;365;305;784;669
1,12309,12563,1,1,0,14,9,195;154;115;439;523;887;564;629;520;261;370;310;848;674
1,12305,12376,1,0,0,14,4,199;158;119;443;535;887;568;629;520;265;374;314;852;678
1,12401,12472,1,1,0,14,1,103;62;23;347;439;720;472;619;478;169;278;218;756;582
1,12389,12601,1,0,1,14,9,115;74;35;359;451;720;484;624;490;181;290;230;761;594
1,12386,12604,1,1,0,14,7,118;77;38;362;454;720;487;624;493;184;293;233;771;597
1,12342,12427,1,0,0,14,2,162;121;82;406;498;720;531;629;520;228;337;277;784;641
0,12733,12799,1,1,0,10,0,15;107;548;129;287;146;424;250;450;818
0,12737,12789,1,1,0,10,0,11;103;548;129;283;142;420;246;446;818
1,12701,12790,1,1,0,10,4,47;139;549;145;319;178;456;282;482;818
1,12725,12805,1,1,0,10,1,23;115;548;145;295;154;432;258;458;818
1,12764,12820,1,1,0,10,1,76;538;109;256;115;393;219;419;818;794
0,12782,12856,1,1,0,10,0,58;531;91;238;97;375;201;401;818;776
1,12743,12799,1,0,1,10,3,5;97;548;129;277;136;414;240;440;818
1,12757,12835,1,0,0,10,3,83;543;116;263;122;400;226;426;818;801
1,12602,12668,1,0,0,11,3,146;238;707;271;418;277;77;17;555;381;581
1,12611,12697,1,0,0,11,2,137;229;702;262;409;268;68;8;546;372;572
1,12576,12633,1,0,0,11,2,172;264;720;297;444;303;103;43;581;407;607
1,12579,12631,1,1,0,11,1,169;261;720;294;441;300;100;40;578;389;604
1,12660,12921,1,0,0,11,4,88;180;549;213;360;219;19;497;323;523;1039
1,12688,12770,1,0,0,10,1,60;152;549;185;332;191;469;295;495;818
1,12614,12891,1,0,0,11,7,134;226;699;231;406;265;65;5;543;369;569
1,12628,12704,1,0,0,11,1,120;212;554;231;392;251;51;529;355;555;1071
0,11953,12030,1,0,0,10,0,110;51;222;531;510;256;157;136;361;795
1,11936,12164,1,0,0,9,3,127;68;239;568;527;256;174;153;361
1,11986,12049,1,0,0,11,1,77;18;189;518;477;256;124;103;361;683;854
1,11957,12218,1,0,0,10,6,106;47;218;531;506;256;153;132;361;791
1,11886,11973,1,1,0,9,1,177;118;289;602;577;257;224;203;361
1,11881,11959,1,0,0,9,2,182;123;294;623;582;257;229;208;361
1,11900,11965,1,1,0,9,4,163;104;275;602;563;256;210;189;361
0,11893,11951,1,0,0,9,0,170;111;282;602;570;256;217;196;361
1,11852,11934,1,0,0,9,1,211;152;323;647;589;257;258;237;361
1,11842,11898,1,1,0,9,2,221;162;333;662;589;257;268;247;361
0,11878,11928,1,0,0,9,0,185;126;294;626;585;257;232;211;361
1,11869,11943,1,0,0,9,1,194;135;306;635;589;257;241;220;361
1,11806,11879,1,1,0,10,4,257;31;198;369;698;611;257;304;283;618
1,11799,11873,1,1,0,10,5,264;38;205;376;705;635;257;311;290;625
1,11835,12080,1,1,0,10,4,228;2;169;340;669;589;257;275;254;587
1,11828,11879,1,0,0,10,4,235;9;176;347;676;611;257;282;261;587
0,12213,12288,1,1,0,13,0,291;250;38;211;535;627;887;660;633;520;357;466;406
1,12234,12311,1,1,0,13,3,270;229;17;190;514;606;887;639;630;520;336;445;385
1,12234,12313,1,1,0,13,6,270;229;17;190;514;606;887;594;630;520;336;445;385
1,12237,12311,1,3,0,13,6,267;226;14;187;511;603;887;594;630;520;333;442;382
1,12165,12430,1,1,1,12,10,10;339;298;86;259;583;675;1119;708;836;520;405
1,12203,12283,1,0,0,12,5,301;260;48;221;545;637;887;670;817;520;367;476
1,12206,12455,1,0,0,13,7,298;257;45;218;542;634;887;667;769;520;364;473;413
1,12213,12293,1,0,0,13,6,291;250;38;211;535;627;887;660;633;520;357;466;406
1,12152,12382,1,1,0,12,5,23;352;311;99;272;596;688;1161;712;868;714;418
0,12154,12226,1,1,0,12,0,21;350;309;97;270;594;686;1159;712;866;520;416
1,12156,12209,1,0,0,12,4,19;348;307;95;268;592;684;1157;712;864;520;414
1,12163,12227,1,0,0,12,5,12;341;300;88;261;585;677;1150;710;836;520;407
1,12058,12119,1,0,0,11,2,5;117;446;405;193;52;31;361;683;782;1255
1,12091,12163,1,0,0,10,2,84;413;372;160;19;333;657;749;1222;782
1,12095,12154,1,0,0,12,1,80;409;368;156;15;329;653;745;1218;712;925;784
1,12136,12380,1,0,0,11,8,39;368;327;115;288;612;704;1177;712;884;743
1,11400,11474,1,0,0,11,1,1;73;99;347;663;78;437;330;604;150;591
0,11399,11470,1,1,0,11,0,1;74;100;348;664;79;438;331;605;150;591
1,11397,11453,1,0,0,11,1,1;76;102;350;666;81;440;333;607;175;591
1,11382,11434,1,1,0,11,1,19;91;117;365;681;96;455;348;607;190;591
1,11365,11451,1,1,0,12,1,42;108;12;134;382;698;113;472;365;607;207;591
1,11356,11619,1,0,0,12,5,51;117;21;143;391;707;122;481;374;648;216;696
1,11356,11426,1,1,0,12,4,51;117;21;143;391;707;122;481;374;648;216;591
1,11344,11396,1,0,0,12,2,63;129;33;155;403;717;134;493;386;660;228;717
1,11335,11591,1,0,0,12,5,72;138;42;164;412;728;143;502;395;669;237;717
1,11332,11546,1,0,0,12,3,75;141;45;167;415;731;146;505;398;672;240;843
1,11300,11350,1,0,0,12,1,107;173;77;199;447;736;178;537;430;704;272;875
1,11210,11274,1,0,0,11,1,197;263;167;248;23;537;736;268;627;520;794
0,11209,11281,1,1,0,11,0,198;264;168;248;24;538;736;269;628;521;795
1,11207,11268,1,0,0,11,2,200;266;170;254;26;540;736;271;630;523;797
1,11201,11286,1,0,0,11,2,206;272;176;298;32;546;736;277;636;529;803
1,11156,11450,1,0,1,12,9,10;251;317;221;341;77;591;907;322;681;574;848
0,11765,11819,1,0,0,9,0,298;72;239;410;716;647;257;345;324
1,11797,12020,1,1,0,10,8,266;40;207;378;707;647;257;313;292;627
1,11749,11810,1,0,0,9,2,314;88;255;426;742;647;450;361;340
1,11757,12055,1,1,0,9,3,306;80;247;418;716;647;450;353;332
1,11739,11955,1,0,0,10,4,8;324;98;265;436;748;647;512;371;350
1,11746,11828,1,0,0,10,2,1;317;91;258;429;748;647;450;364;343
1,11709,11788,1,0,0,11,2,38;354;128;21;295;466;795;647;542;401;380
1,11715,11794,1,0,0,11,2,32;348;122;15;289;460;772;647;536;395;374
1,11624,11692,1,0,0,11,3,123;439;213;106;380;551;880;839;627;486;465
1,11699,11944,1,0,0,11,8,48;364;138;31;305;476;805;764;552;411;390
1,11545,11634,1,1,0,9,2,202;518;292;185;459;27;591;959;918
0,11573,11626,1,0,0,9,0,174;490;264;157;431;582;931;890;678
1,11473,11559,1,0,0,10,1,0;26;274;590;5;364;257;531;99;591
0,11512,11583,1,0,0,7,0,235;551;319;218;492;60;591
1,11413,11479,1,0,0,10,4,60;86;334;637;65;424;317;591;150;591
1,11431,11509,1,0,0,10,1,42;68;316;632;47;406;299;559;141;591
1,14778,14864,1,0,0,12,1,54;65;207;119;203;478;94;199;361;623;428;493
1,14793,14860,1,0,0,12,4,39;50;192;104;188;463;79;184;361;622;413;478
1,14795,14862,1,0,0,12,4,37;48;190;102;186;461;77;182;361;591;411;476
1,14796,15030,1,1,0,12,7,36;47;189;101;185;460;76;181;361;574;410;475
1,14800,14888,1,1,0,12,4,32;43;185;97;181;456;72;177;361;548;406;471
1,14803,14891,1,3,0,12,5,29;40;182;94;178;453;69;174;361;548;403;468
1,14847,15138,1,0,0,10,6,138;50;134;409;25;130;361;546;359;424
1,14848,14934,1,0,1,11,2,137;49;133;408;24;129;361;327;358;423;890
1,14853,14931,1,1,0,11,2,132;44;128;403;19;124;361;327;353;418;870
1,14881,14967,1,0,0,12,3,104;16;100;375;96;361;327;325;390;829;391;707
1,14909,14990,1,0,0,12,2,76;72;347;68;361;327;297;362;826;363;679;632
1,14914,15202,1,0,0,12,8,71;67;331;63;361;327;292;357;824;358;674;627
1,14944,15030,1,1,0,12,1,41;37;312;33;337;327;262;327;594;328;644;597
1,14956,15044,1,0,0,13,2,29;25;300;21;325;327;250;315;594;264;632;585;854
1,14964,15047,1,0,0,13,1,21;17;292;13;317;324;242;307;594;264;624;577;846
1,14994,15195,1,1,0,10,6,262;287;324;212;277;594;264;594;547;816
1,15031,15114,1,0,0,10,1,224;250;324;175;240;594;241;557;510;643
1,15003,15078,1,0,0,10,1,253;278;324;203;268;594;264;585;538;643
1,15038,15098,1,1,0,10,1,207;215;324;168;233;594;234;550;503;643
1,15032,15085,1,1,0,10,1,207;249;324;174;239;594;240;556;509;643
1,15061,15126,1,1,0,10,1,195;215;324;145;210;543;211;527;413;643
1,15060,15139,1,1,0,10,2,196;215;324;146;211;543;212;528;481;643
1,15075,15161,1,1,0,10,1,181;206;296;131;196;543;197;513;408;643
1,15068,15143,1,1,0,10,1,188;213;296;138;203;543;204;520;413;643
1,15093,15380,1,1,0,10,6,163;188;296;113;178;543;179;440;408;643
1,15077,15154,1,1,0,10,2,170;204;296;129;194;543;195;511;408;643
1,15114,15189,1,0,0,10,1,142;145;296;92;157;543;158;440;408;535
1,15104,15167,1,0,0,10,1,152;177;296;102;167;543;168;440;408;535
1,15159,15229,1,0,0,11,2,90;122;256;47;33;543;113;429;382;535;929
1,15114,15317,1,0,0,10,1,90;145;296;92;157;543;158;440;408;535
1,15196,15417,1,0,0,12,3,60;85;219;10;33;542;76;392;345;531;892;631
1,15175,15237,1,0,0,11,3,81;106;240;31;33;543;97;395;366;535;913
1,14261,14323,1,2,0,15,1,219;143;58;235;283;250;528;384;430;582;724;636;720;825;501
1,14272,14332,1,0,0,15,2,208;132;47;219;272;239;528;373;419;571;713;625;709;825;490
1,14226,14478,1,0,0,16,11,13;254;13;178;93;270;318;285;530;419;465;617;724;671;755;1030
1,14230,14304,1,1,0,16,2,9;250;9;174;89;266;314;281;530;415;461;613;724;667;751;825
1,14347,14421,1,0,0,16,2,133;57;149;197;164;485;298;344;496;638;550;607;825;415;525;630
1,14392,14464,1,0,0,16,5,88;12;104;152;119;440;253;299;451;593;505;589;825;370;480;585
1,14279,14335,1,0,0,15,2,201;125;40;217;265;232;528;339;412;564;706;618;702;825;483
1,14284,14525,1,0,0,16,9,196;120;35;212;260;227;526;339;407;559;701;613;697;825;478;588
1,14434,14516,1,1,0,16,1,46;62;110;77;398;211;257;409;370;463;547;822;328;438;543;785
1,14434,14500,1,1,0,16,1,46;56;110;77;398;211;257;409;370;463;547;822;328;438;543;785
1,14402,14622,1,0,0,16,6,78;2;94;142;109;430;243;289;441;583;495;579;823;360;470;575
1,14430,14501,1,0,0,16,2,50;66;114;81;402;215;261;413;370;467;551;823;332;442;547;851
1,14518,14788,1,0,0,14,4,26;314;127;173;325;370;379;463;631;244;354;459;763;897
0,14561,14624,1,0,0,14,0,271;84;130;282;370;336;420;631;201;311;416;662;854;645
1,14438,14658,1,0,0,16,9,42;24;106;73;394;207;253;405;370;459;543;818;324;434;539;785
1,14469,14545,1,0,0,16,1,11;24;75;42;363;176;222;374;370;428;512;631;293;403;508;785
1,14583,14645,1,1,0,14,1,249;62;102;260;370;314;382;631;179;289;394;537;832;623
1,14573,14631,1,1,0,14,2,259;72;102;270;370;324;408;631;189;299;404;537;842;633
1,14572,14643,1,0,0,14,1,260;73;119;271;370;325;409;631;190;300;405;537;843;634
1,14567,14783,1,0,0,14,5,265;78;124;276;370;330;414;631;195;305;410;662;848;639
1,14636,14709,1,0,0,14,1,196;9;55;207;349;261;345;620;126;236;341;526;779;490
0,14630,14690,1,0,0,14,0,202;15;61;213;355;267;351;626;132;242;347;526;785;490
1,14629,14689,1,0,0,14,1,203;16;62;214;356;268;352;627;133;243;348;537;786;490
1,14619,14823,1,0,0,14,4,213;26;72;224;366;278;362;631;143;253;358;537;796;587
1,14686,14739,1,0,0,14,1,146;5;157;299;211;295;570;76;186;291;526;663;490;585
1,14686,14952,1,1,0,14,9,146;5;157;296;211;295;570;76;186;291;526;663;490;585
1,14681,14760,1,0,0,14,5,151;10;162;304;216;300;575;81;191;296;526;734;490;590
1,14642,14697,1,0,0,14,1,190;3;49;201;323;255;339;614;120;230;335;526;773;490
1,14755,14837,1,0,0,13,2,77;88;230;142;226;501;7;117;222;363;623;451;516
1,14754,14824,1,0,0,13,2,78;89;231;143;227;502;8;118;223;394;623;452;517
1,14714,14925,1,0,0,13,4,118;129;240;183;267;542;48;158;263;526;623;490;557
1,14706,14774,1,0,0,13,1,126;137;279;191;275;550;56;166;271;526;623;490;565
1,13805,14062,1,0,0,18,12,68;110;53;34;192;120;159;405;247;225;434;238;675;434;599;514;691;598
1,13807,14066,1,0,0,18,9,66;108;51;32;190;118;157;403;245;223;432;236;673;432;584;512;689;598
1,13816,13896,1,0,0,19,4,57;99;42;23;181;109;148;394;236;214;423;227;572;423;584;503;680;598;695
1,13821,13901,1,0,0,19,2,52;94;37;18;176;104;143;389;231;209;418;222;572;418;554;498;675;598;690
1,13739,13825,1,0,0,18,2,134;176;119;100;15;258;186;225;471;313;291;500;304;741;500;621;580;757
1,13744,13833,1,0,0,18,2,129;171;114;95;10;253;181;220;466;308;286;457;299;736;495;621;575;752
1,13757,13809,1,1,0,17,2,116;158;101;82;240;168;207;453;295;273;450;286;723;482;621;562;739
1,13794,14059,1,0,0,18,11,79;121;64;45;203;131;170;416;258;236;445;249;686;445;610;525;702;750
1,14012,14095,1,0,0,13,4,198;40;18;227;31;468;227;392;307;466;532;499;157
1,14022,14097,1,0,0,13,4,188;30;8;217;21;458;217;382;297;466;497;489;147
0,14024,14107,1,1,0,13,0,186;28;6;215;19;456;215;380;295;466;460;487;145
1,14030,14099,1,0,0,13,4,180;22;0;209;13;450;209;374;289;466;460;481;139
1,13835,13904,1,0,0,19,4,38;80;23;4;162;90;129;375;217;183;404;208;572;404;554;484;661;598;676
1,13873,13937,1,0,0,17,2,0;42;124;52;91;337;179;157;366;170;572;366;531;446;623;598;638
1,13894,13972,1,0,0,17,2,21;103;31;70;316;158;132;345;149;572;345;510;425;602;598;617;275
1,14006,14056,1,0,0,13,2,204;46;24;233;37;474;233;398;313;490;538;505;163
1,14070,14364,1,1,0,12,11,140;169;410;169;334;249;426;410;365;99;707;575
1,14069,14138,1,0,0,12,4,141;170;411;170;335;250;427;451;365;100;707;576
1,14077,14322,1,2,1,12,8,133;162;403;162;327;242;419;410;365;92;566;568
1,14074,14143,1,1,0,12,3,136;165;406;165;330;245;422;410;365;95;572;571
1,14040,14108,1,0,0,13,2,170;12;199;3;440;199;364;279;456;451;471;129;732
1,14037,14266,1,1,0,13,8,173;15;202;6;443;202;367;282;459;451;474;132;795
1,14062,14142,1,0,0,12,3,148;177;418;177;342;257;434;451;365;107;732;583
1,14044,14273,1,1,0,12,3,166;8;195;436;195;360;275;445;451;467;125;732
1,14211,14293,1,1,0,16,4,28;269;28;193;108;285;324;300;536;434;480;632;774;686;770;1045
1,14197,14252,1,1,0,15,2,13;42;274;42;207;122;299;347;314;536;448;494;646;788;700
1,14222,14300,1,0,0,16,2,17;258;17;182;97;274;322;289;536;423;469;621;724;675;759;1034
0,14217,14273,1,0,0,16,0,22;263;22;187;102;279;324;294;536;428;474;626;724;680;764;1039
1,14103,14181,1,4,0,13,2,107;136;377;136;301;216;393;410;365;66;536;542;588
1,14089,14149,1,7,0,13,3,121;150;391;150;315;230;407;410;365;80;547;556;602
1,14148,14223,1,0,0,15,1,62;91;332;91;256;171;348;396;363;21;536;497;543;695;837
1,14108,14163,1,4,1,14,1,102;131;372;131;296;211;388;410;365;61;536;519;583;735
1,13338,13396,1,0,0,15,1,361;220;193;367;193;155;508;299;576;520;501;416;659;587;626
1,13350,13408,1,0,0,15,2,349;208;181;355;181;143;495;287;565;508;489;404;647;575;614
1,13322,13407,1,1,1,14,5,377;236;209;383;209;171;551;315;590;536;517;432;675;603
1,13324,13410,1,0,0,15,1,375;234;207;381;207;169;549;313;576;534;515;430;673;601;640
1,13277,13356,1,1,0,15,2,36;422;281;254;428;254;216;596;360;638;581;562;477;720;648
1,13309,13361,1,0,0,15,3,4;390;249;222;396;222;184;564;328;606;549;529;445;688;616
0,13235,13308,1,1,0,14,0,78;464;323;296;470;296;258;622;402;680;623;594;519;762
1,13265,13518,1,0,0,15,7,48;434;293;266;440;266;228;608;372;650;593;574;489;732;660
1,13450,13501,1,0,0,18,3,249;108;81;255;81;43;423;187;465;408;389;304;388;475;514;510;586;580
1,13464,13763,1,0,0,19,11,235;94;67;241;67;29;409;173;451;394;375;290;388;461;500;510;586;566;775
1,13436,13519,1,0,0,18,2,263;122;95;269;95;57;437;201;479;422;403;318;561;489;528;514;586;594
1,13444,13684,1,0,0,18,9,255;114;87;261;87;49;429;193;471;414;395;310;553;481;520;510;586;586
1,13415,13709,1,0,0,18,14,284;143;116;290;116;78;458;222;500;443;412;339;582;510;549;795;637;615
1,13424,13480,1,0,0,18,6,275;134;107;281;107;69;449;213;491;434;412;330;573;501;540;514;628;606
1,13357,13443,1,0,0,15,2,342;201;174;348;174;136;495;280;558;501;481;397;640;568;607
1,13403,13470,1,0,0,18,2,296;155;128;302;128;90;470;234;512;455;436;351;594;522;561;807;649;627
1,13581,13660,1,0,0,16,4,118;124;290;56;334;277;258;173;388;344;383;510;395;449;610;462
1,13577,13649,1,0,0,16,1,122;128;296;60;338;281;262;177;388;348;387;510;395;450;610;466
1,13573,13662,1,1,0,16,1,126;132;300;64;342;285;266;181;388;352;391;510;395;450;621;470
1,13533,13622,1,1,0,17,1,166;25;172;340;104;382;325;306;221;388;392;431;510;395;450;621;510
1,13530,13582,1,0,0,19,3,169;28;1;175;1;343;107;385;328;309;224;388;395;434;510;395;500;621;513
1,13479,13543,1,0,0,19,1,220;79;52;226;52;14;394;158;436;379;354;275;388;446;485;510;395;551;621
1,13473,13531,1,0,0,19,2,226;85;58;232;58;20;400;164;442;385;366;281;388;452;491;510;395;557;621
1,13470,13761,1,0,1,19,13,229;88;61;235;61;23;403;167;445;388;369;284;388;455;494;510;582;560;621
1,13735,13813,1,1,0,18,4,138;180;123;104;19;262;190;229;475;317;295;504;308;745;504;669;584;761
1,13673,13748,1,0,0,18,2,26;32;200;242;185;166;81;324;207;291;510;379;357;540;370;807;566;731
1,13663,13733,1,1,0,17,3,36;42;210;252;195;176;91;334;207;301;510;389;367;564;375;817;576
1,13636,13720,1,1,0,17,2,63;69;235;1;279;222;203;118;361;289;328;510;395;379;564;375;844
1,13628,13690,1,1,0,17,1,71;77;245;9;287;230;211;126;369;297;336;510;395;379;564;375;852
1,13624,13691,1,0,0,17,4,75;81;249;13;291;234;215;130;373;301;340;510;395;404;564;375;856
1,13603,13683,1,1,0,17,3,96;102;270;34;312;255;236;151;388;322;361;510;395;404;610;375;877
1,13599,13685,1,1,0,17,3,100;106;274;38;316;259;240;155;388;326;365;510;395;404;610;444;881
0,8986,9047,1,1,0,13,0,1;34;113;65;189;563;526;591;636;583;667;744;642
1,8994,9194,1,0,0,12,6,26;105;57;181;555;526;583;628;583;659;744;634
1,8969,9021,1,0,0,13,2,18;51;130;82;206;580;615;608;653;583;684;744;659
1,8982,9064,1,1,0,13,2,5;38;117;69;193;567;602;595;637;583;671;744;646
1,9076,9137,1,0,0,13,3,23;99;473;508;501;546;556;577;666;552;734;570;643
1,9097,9159,1,0,0,13,2,2;78;452;487;480;525;535;556;666;531;713;549;622
1,9004,9241,1,0,0,13,6,16;95;47;171;545;526;573;618;583;649;744;609;806
0,9023,9092,1,0,0,12,0,76;28;152;526;526;554;599;583;630;666;605;787
1,8879,8929,1,0,0,15,2,108;9;141;34;220;172;296;670;705;698;743;753;774;963;749
1,8902,9182,1,0,0,14,9,85;118;11;197;149;273;647;682;675;715;730;751;940;726
1,8831,9067,1,1,0,14,9,14;156;57;189;82;268;220;344;718;753;746;774;801;822
1,8836,8907,1,0,0,14,2,9;151;52;184;77;263;215;339;689;748;741;774;796;817
1,8931,9135,1,0,0,13,5,56;89;168;120;244;618;653;646;691;701;722;744;697
1,8938,8996,1,0,0,13,2,49;82;161;113;237;611;646;639;684;583;715;744;690
1,8902,9107,1,0,0,14,7,85;118;11;197;149;273;647;682;675;715;730;751;908;726
1,8926,9207,1,0,1,13,9,61;94;173;125;249;623;658;651;696;706;727;766;702
1,8759,8816,1,1,0,14,3,15;86;228;129;4;261;154;340;292;416;746;825;818;863
1,8720,8801,1,1,0,13,2,54;125;267;168;43;300;193;360;331;438;746;864;857
1,8719,8788,1,0,0,12,2,55;126;268;169;44;301;194;380;332;438;746;865
1,8712,8794,1,0,0,12,3,62;133;275;176;51;308;201;387;339;463;746;872
1,8820,8893,1,0,0,14,2,25;167;68;200;93;279;231;355;729;764;757;802;812;833
1,8792,8847,1,1,1,13,3,53;195;96;228;121;307;259;358;735;792;785;830;840
1,8785,8857,1,0,0,12,2,60;202;103;235;128;314;266;390;735;799;792;837
1,8782,8870,1,0,0,12,3,63;205;106;238;131;317;269;393;745;802;795;840
1,8628,8686,1,1,0,13,2,146;12;28;217;359;53;260;82;392;285;460;423;500
1,8614,8669,1,0,0,13,3,160;26;42;231;373;67;274;82;406;291;460;427;500
1,8613,8687,1,0,0,13,2,161;27;43;232;374;68;275;82;407;291;486;427;500
1,8608,8689,1,0,0,13,1,166;32;48;237;379;73;280;155;412;291;491;427;500
1,8704,8787,1,0,0,12,2,70;141;283;184;59;309;209;395;347;471;746;880
1,8686,8928,1,0,0,11,6,88;159;301;202;77;334;227;413;365;489;746
1,8663,8943,1,0,1,12,8,111;182;324;18;225;82;357;250;434;388;500;886
1,8640,8726,1,0,0,13,3,134;0;16;205;347;41;248;82;380;273;434;411;500
1,8518,8582,1,0,0,14,1,256;29;78;122;138;327;455;163;370;245;502;395;530;533
1,8547,8606,1,0,1,15,3,227;0;49;93;109;298;428;134;341;216;473;366;530;504;628
1,8550,8628,1,0,0,14,3,224;46;90;106;295;428;131;338;213;448;363;530;501;625
1,8557,8629,1,1,0,14,3,217;39;83;99;288;428;124;331;206;448;291;530;494;618
1,8565,8638,1,1,0,14,3,209;31;75;91;280;422;116;323;198;448;291;530;475;610
1,8568,8631,1,1,0,14,2,206;28;72;88;277;419;113;320;195;448;291;530;427;607
1,8570,8855,1,1,0,14,8,204;26;70;86;275;417;111;318;193;448;291;510;427;605
1,8571,8621,1,0,0,14,2,203;25;69;85;274;416;110;317;192;448;291;510;427;500
1,8304,8362,1,0,0,14,2,117;110;470;243;292;336;352;503;683;377;584;459;527;609
1,8308,8361,1,0,0,14,2,113;106;456;239;288;332;348;503;679;373;580;455;527;605
1,8346,8424,1,1,0,14,1,75;68;428;201;250;294;301;499;641;335;542;417;527;567
1,8350,8418,1,0,0,14,1,71;64;424;197;237;290;301;495;637;331;538;413;527;563
1,8403,8486,1,1,0,15,1,18;11;371;144;193;237;253;442;584;278;485;360;527;510;696
1,8416,8678,1,0,0,14,8,5;358;131;180;224;240;429;506;265;472;347;527;497;683
0,8423,8484,1,0,0,13,0,351;124;173;217;233;422;506;258;465;340;527;490;530
1,8502,8581,1,0,0,13,1,272;45;94;138;154;343;485;179;386;261;518;411;530
1,8219,8285,1,0,0,13,2,45;30;39;202;195;506;328;377;421;437;555;768;462
1,8214,8292,1,0,0,13,2,50;35;44;207;200;554;333;382;426;442;555;773;467
1,8222,8275,1,1,0,13,1,42;27;36;199;192;495;325;374;418;434;555;765;459
1,8222,8298,1,1,0,13,3,42;27;36;199;192;495;325;356;418;434;555;765;459
1,8265,8352,1,1,0,13,1,156;149;495;282;331;375;391;548;722;416;623;498;755
1,8239,8324,1,1,0,14,3,25;10;19;182;175;495;308;356;401;417;550;748;442;649
1,8279,8350,1,0,0,13,3,142;135;495;268;317;361;377;548;708;402;609;461;527
1,8278,8498,1,0,0,13,5,143;136;495;269;318;362;378;548;709;403;610;461;742
1,8054,8131,1,0,0,12,1,210;130;49;79;195;204;367;33;322;647;484;476
1,8054,8271,1,1,0,12,2,210;130;49;79;195;204;367;33;322;647;484;468
1,8091,8145,1,2,0,13,2,173;93;12;57;158;167;330;322;647;456;441;549;565
1,8080,8299,1,3,0,14,3,184;104;23;68;169;178;341;7;322;647;467;446;560;576
1,8161,8399,1,0,0,12,5,103;23;88;97;260;253;613;386;421;479;495;684
1,8149,8350,1,0,0,12,2,115;35;100;109;272;265;625;398;441;491;507;696
1,8214,8439,1,0,0,13,7,50;35;44;207;200;511;333;382;426;442;555;773;467
1,8161,8381,1,0,0,12,5,103;23;88;97;260;253;554;386;421;479;495;684
1,8049,8128,1,1,0,12,1,215;135;54;79;200;209;372;38;322;647;498;477
1,8052,8113,1,0,0,12,2,212;132;51;79;197;206;369;35;322;647;495;476
0,8006,8084,1,1,0,12,0,258;178;97;142;243;252;415;81;322;647;541;477
1,8020,8088,1,0,0,12,1,244;164;83;128;229;238;401;67;322;647;527;477
0,7983,8052,1,1,0,11,0,281;201;120;165;266;275;438;104;322;647;564
1,8004,8284,1,1,0,12,4,260;180;99;144;245;254;417;83;322;647;543;592
1,7921,7979,1,1,0,14,2,343;6;263;30;29;182;227;328;337;500;166;322;647;626
1,7922,8143,1,0,0,14,6,342;5;262;29;28;181;226;327;336;499;165;322;647;620
1,7888,8089,1,0,0,14,6,376;39;296;6;63;62;215;257;361;370;533;199;327;666
1,7904,8152,1,0,0,13,6,360;23;280;47;46;199;244;345;354;517;183;327;647
1,7856,8130,1,0,1,14,8,408;71;298;38;95;94;247;257;393;395;549;231;558;918
1,7877,8158,1,1,0,14,7,387;50;298;17;74;73;226;257;372;381;544;210;537;666
1,7835,7920,1,1,0,14,2,429;92;298;59;116;115;268;313;414;395;568;252;579;939
1,7850,7919,1,0,0,14,2,414;77;298;44;101;100;253;298;399;395;549;237;564;924
0,7829,7916,1,0,0,14,0,435;98;355;65;122;121;274;319;420;395;568;258;585;945
1,7832,7913,1,1,0,14,1,432;95;352;62;119;118;271;316;417;395;568;255;582;942
1,7758,7834,1,0,0,15,1,506;169;426;17;136;193;192;345;342;491;395;568;329;656;1016
0,7745,7807,1,0,0,14,0,515;182;439;30;149;206;205;358;342;504;395;568;342;669
1,7739,7824,1,0,0,13,1,515;188;445;36;155;212;211;364;342;510;395;568;348
1,7736,7821,1,0,0,13,3,515;191;448;39;158;215;214;367;412;513;395;568;351
1,7714,7782,1,0,0,13,1,515;213;470;61;180;237;236;389;434;535;395;568;373
1,7712,7937,1,1,0,13,8,515;215;472;63;182;239;238;391;436;537;395;709;375
1,7704,7760,1,0,0,14,1,1;515;223;480;71;190;247;246;399;444;545;442;717;383
1,7683,7750,1,0,0,15,1,22;8;515;244;501;92;211;268;267;420;465;566;442;738;404
1,7667,7875,1,0,1,15,10,38;24;515;260;514;108;217;284;283;436;481;582;591;754;420
1,7664,7732,1,1,0,15,1,41;27;515;263;514;111;230;287;286;439;484;583;594;757;423
1,7657,7913,1,1,0,15,6,48;34;515;270;527;118;237;294;293;446;491;583;601;764;430
1,7642,7724,1,0,0,15,1,63;49;515;285;542;133;252;309;308;461;506;583;616;779;445
1,7622,7707,1,0,0,14,1,83;69;515;305;562;153;272;329;328;481;526;583;636;799
1,7615,7690,1,1,0,14,1,90;76;515;312;569;160;279;336;335;488;533;583;643;806
1,7603,7676,1,0,0,13,2,102;88;518;324;581;172;291;348;347;500;545;583;655
1,7593,7676,1,0,0,14,2,3;112;98;526;334;591;182;301;358;357;510;555;583;665
1,7561,7635,1,0,0,13,1,35;144;130;697;366;622;214;333;390;389;542;587;583
1,7583,7865,1,0,1,13,10,13;122;108;681;344;601;192;311;368;367;520;565;583
1,7584,7655,1,0,0,13,2,12;121;107;559;343;600;191;310;367;366;519;564;583
0,7589,7668,1,0,0,13,0,7;116;102;526;338;595;186;305;362;361;514;559;583
1,7479,7746,1,0,0,12,8,117;226;212;745;448;705;296;415;472;471;624;669
1,7508,7741,1,1,0,13,5,88;197;183;745;419;676;267;386;443;442;595;640;741
1,7534,7603,1,0,0,13,1,62;171;157;730;393;650;241;360;417;416;569;614;583
1,7540,7628,1,0,0,13,2,56;165;151;724;387;622;235;354;411;410;563;608;583
1,7365,7449,1,0,0,10,1,43;231;340;326;745;562;800;410;529;586
0,7367,7447,1,0,0,10,0,41;229;338;324;745;560;800;408;456;584
0,7387,7439,1,0,0,10,0,21;209;318;304;745;540;797;388;456;564
1,7437,7490,1,0,0,11,1,159;268;254;745;490;747;338;456;514;513;666
1,7283,7573,1,1,0,9,7,125;313;422;408;929;644;901;492;611
1,7345,7405,1,0,0,9,3,63;251;360;346;805;582;839;430;549
1,7353,7429,1,0,0,9,2,55;243;352;338;745;574;831;422;541
1,7357,7416,1,0,0,10,2,51;239;348;334;745;570;800;418;537;594
0,7228,7296,1,0,0,7,0,180;368;466;463;929;699;956
1,7214,7287,1,1,0,5,1,194;382;491;477;929
0,7261,7312,1,0,0,9,0,147;335;444;430;929;666;923;514;633
0,7239,7303,1,0,0,7,0,169;357;466;452;929;688;945
1,7146,7346,1,0,0,6,2,27;247;450;551;545;1118
1,7132,7355,1,0,0,4,1,34;276;464;551
0,7210,7274,1,0,0,5,0,198;386;495;481;929
0,7210,7283,1,0,0,5,0,198;386;495;481;929
1,7062,7142,1,0,0,5,1,54;111;346;518;551
1,7056,7120,1,0,0,5,3,60;117;352;540;551
1,7095,7159,1,0,0,5,1,21;34;313;501;551
0,7073,7160,1,0,0,5,0,43;34;335;518;551
0,6980,7034,1,0,0,7,0,72;10;136;193;428;616;725
0,6944,6997,1,0,0,7,0,108;46;172;229;464;646;761
1,6987,7192,1,0,0,7,1,65;3;129;186;421;608;718
1,6984,7059,1,0,0,7,3,68;6;132;189;424;612;721
1,10851,10908,1,0,0,13,1,104;294;132;299;125;315;556;178;528;526;642;382;896
1,10850,11055,1,0,0,13,3,105;294;133;300;126;316;557;179;529;527;642;383;897
1,10847,11064,1,0,0,13,4,108;294;136;300;129;319;560;182;626;530;642;386;900
1,10842,10919,1,0,0,13,1,113;311;141;300;134;324;565;187;631;535;642;391;905
1,10886,10955,1,1,0,14,1,69;267;97;264;90;280;521;143;528;491;563;347;861;1177
1,10875,10964,1,0,0,13,4,80;267;108;275;101;291;532;154;528;502;586;358;872
1,10865,10929,1,0,0,13,4,90;267;118;285;111;301;542;164;528;512;618;368;882
1,10862,10915,1,0,0,13,4,93;267;121;288;114;304;545;167;528;515;637;371;885
1,11084,11171,1,0,0,14,4,69;66;82;323;389;293;415;149;663;979;394;753;646;920
1,11017,11101,1,0,0,13,3,136;133;149;390;12;456;360;482;216;730;1046;461;820
1,10994,11082,1,1,0,12,3,159;156;172;413;35;479;383;505;239;753;1069;484
1,10960,11049,1,1,0,14,1,193;23;190;16;206;447;69;513;417;539;273;787;1103;518
1,11141,11209,1,0,0,14,1,12;9;25;266;332;236;341;92;606;917;337;696;589;863
1,11136,11188,1,1,0,14,1,17;14;30;271;337;241;341;97;611;917;342;701;594;868
1,11120,11205,1,0,0,14,4,33;30;46;287;353;257;341;113;627;918;358;717;610;884
1,11113,11200,1,1,0,14,2,40;37;53;294;360;264;386;120;634;918;365;724;617;891
1,10617,10706,1,0,0,15,4,94;185;173;139;338;536;127;366;81;83;533;359;549;790;412
1,10627,10873,1,0,0,15,9,84;175;163;129;328;526;117;356;71;73;521;349;539;780;351
1,10600,10657,1,1,0,15,3,111;202;190;156;355;553;144;383;98;100;550;376;566;804;429
1,10617,10695,1,0,0,15,1,94;185;173;139;338;536;127;366;81;83;533;359;549;790;351
1,10674,10741,1,0,0,15,1,37;128;116;82;281;479;70;309;24;26;476;302;492;648;351
1,10681,10751,1,0,0,15,4,30;121;109;75;274;459;63;302;17;19;469;295;485;648;348
1,10637,10693,1,0,0,15,1,74;165;153;119;318;516;107;346;61;63;513;339;529;648;351
1,10642,10729,1,0,0,15,1,69;160;148;114;313;490;102;341;56;58;508;334;524;648;351
1,10717,10791,1,0,0,13,3,85;73;39;238;436;27;266;421;259;449;640;312;756
1,10720,10781,1,0,0,13,4,82;70;36;235;433;24;263;421;256;434;640;309;753
1,10714,10772,1,1,0,13,4,88;76;42;241;439;30;269;436;262;452;648;315;759
1,10715,10782,1,0,0,13,1,87;75;41;240;438;29;268;435;261;451;640;314;758
1,10822,10874,1,0,0,13,4,133;331;161;328;154;344;585;207;651;555;677;411;925
1,10840,10906,1,1,0,13,1,115;313;143;310;136;326;567;189;633;537;642;393;907
1,10771,10834,1,0,0,14,1,31;19;184;382;212;379;205;395;636;258;702;606;728;462
1,10783,10859,1,0,0,14,1,19;7;172;366;200;367;193;383;624;246;690;594;716;450
1,10291,10367,1,1,0,17,2,37;36;208;61;68;168;420;511;455;465;664;862;453;501;407;398;628
1,10283,10352,1,1,0,18,2,45;44;4;216;69;76;176;428;519;455;473;672;870;461;501;415;398;640
1,10311,10381,1,1,0,17,1,17;16;188;41;48;148;400;491;455;445;644;842;433;501;387;359;628
0,10295,10347,1,1,0,17,0,33;32;204;57;64;164;416;507;455;461;660;858;449;501;403;359;628
1,10414,10467,1,0,0,15,1,85;45;297;388;376;342;541;739;330;501;284;286;628;562;752
1,10331,10417,1,0,0,17,3,168;21;28;128;380;471;455;404;624;822;413;501;367;359;628;645;835
1,10465,10540,1,0,0,14,2,34;246;337;325;291;490;688;279;501;233;235;628;511;608
1,10422,10679,1,0,0,15,8,77;37;289;380;368;323;533;731;322;501;276;278;628;554;744
1,10492,10546,1,0,0,15,2,7;219;310;298;264;463;615;252;491;206;208;628;484;608;804
1,10477,10690,1,1,0,15,8,22;234;325;313;279;478;615;267;501;221;223;628;499;608;930
1,10497,10549,1,0,0,15,1,2;214;305;258;259;458;615;247;486;201;203;628;408;608;804
1,10496,10573,1,1,0,15,3,3;215;306;258;260;459;615;248;487;202;204;628;480;608;804
1,10521,10603,1,1,0,14,1,190;281;258;235;434;615;190;462;177;174;628;408;608;804
1,10514,10602,1,1,0,14,1,197;288;258;242;441;615;230;469;184;174;628;408;608;804
1,10586,10671,1,0,0,15,2,125;216;204;170;369;567;158;397;112;114;564;390;580;804;443
1,10552,10609,1,0,0,14,3,159;250;238;204;403;601;190;431;146;148;598;408;608;804
0,10158,10225,1,1,0,11,0,170;169;129;341;194;201;272;553;644;566;527
1,10168,10235,1,0,0,11,2,160;159;119;331;184;191;272;543;634;566;527
1,10175,10264,1,0,0,12,2,153;152;112;324;177;184;272;536;627;511;527;780
1,10190,10264,1,0,0,12,1,138;136;97;309;162;169;269;521;612;511;527;765
1,10190,10263,1,1,0,12,2,118;136;97;309;162;169;269;521;612;511;527;765
0,10192,10263,1,3,0,12,0,118;135;95;307;160;167;267;519;610;458;527;763
1,10208,10260,1,1,0,14,2,118;119;79;291;144;151;251;503;594;458;527;747;945;536
1,10209,10277,1,1,0,14,1,118;118;78;290;143;150;250;502;593;458;520;746;944;535
1,10231,10316,1,1,0,17,2,92;96;56;268;121;128;228;480;571;458;520;724;922;513;752;467;469
1,10231,10309,1,1,0,17,2,92;96;56;268;121;128;228;480;571;458;520;724;922;513;752;467;398
1,10233,10291,1,1,0,17,2,92;94;54;266;119;126;226;478;569;456;520;722;920;511;750;465;398
1,10246,10301,1,2,0,17,2,82;81;41;253;106;113;213;465;556;456;510;702;907;498;737;452;398
1,10251,10311,1,3,0,17,1,77;76;36;248;101;108;208;460;551;455;505;702;902;493;732;447;398
1,10264,10329,1,1,0,18,4,64;63;23;235;88;95;195;447;538;455;492;691;889;480;719;434;398;886
1,10269,10554,1,2,0,18,11,59;58;18;230;83;90;190;442;533;455;487;686;884;475;714;429;398;856
1,10281,10543,1,1,0,18,7,47;46;6;218;71;78;178;430;521;455;475;674;872;463;702;417;398;640
1,9904,9967,1,1,0,13,2,45;61;424;188;423;383;595;248;197;448;455;466;807
1,9885,9942,1,0,0,13,3,64;80;443;207;442;402;614;259;216;467;474;466;826
1,9881,9962,1,0,0,12,1,68;84;447;211;446;406;618;271;220;471;478;466
1,9841,10117,1,1,0,13,6,1;108;124;487;251;486;446;636;311;260;511;518;466
1,9840,10074,1,0,0,13,5,2;109;125;488;252;487;447;636;312;261;512;519;619
1,9807,9874,1,1,0,15,3,35;3;16;142;158;520;285;520;480;639;345;294;525;552;652
1,9781,9844,1,1,0,14,1,61;29;42;168;184;520;311;546;506;639;371;320;525;578
1,9779,9857,1,1,0,14,3,63;31;44;170;186;520;313;548;508;651;373;322;525;580
1,10152,10357,1,0,0,12,5,176;175;135;347;0;200;207;272;559;650;595;527
1,10142,10207,1,0,0,12,1,186;185;145;357;10;210;217;317;569;660;595;527
1,10120,10398,1,1,0,12,6,208;207;167;379;32;232;239;335;591;682;595;636
1,10089,10306,1,0,0,13,5,239;3;238;198;410;63;12;263;270;335;622;713;701
1,10077,10144,1,0,0,13,3,251;15;250;210;422;75;24;275;282;382;634;725;713
1,10048,10329,1,0,0,13,7,280;44;279;239;451;104;53;304;311;411;663;754;742
1,9998,10206,1,1,1,13,5,330;94;329;289;501;154;103;354;361;461;713;804;792
1,9919,10189,1,1,0,13,6,30;46;409;173;408;368;566;233;182;433;440;466;792
1,9672,9725,1,0,0,13,2,170;138;47;44;151;277;293;593;420;655;615;778;480
1,9683,9759,1,0,0,13,2,159;127;36;33;140;266;273;593;409;644;604;778;469
0,9659,9715,1,0,0,12,0,183;151;60;57;164;290;306;593;433;668;628;840
1,9664,9743,1,0,0,12,3,178;146;55;52;159;285;301;593;428;663;623;835
1,9638,9726,1,0,0,13,2,15;204;172;8;81;78;185;311;327;596;454;689;649
1,9645,9718,1,0,0,13,1,8;197;165;1;74;71;178;304;320;593;447;682;642
1,9569,9774,1,0,0,17,6,15;8;53;63;84;273;59;230;77;93;147;254;380;394;759;523;758
1,9584,9643,1,0,0,16,3,0;38;48;69;258;44;226;62;93;132;239;365;381;596;508;743
1,9759,9817,1,0,0,14,2,83;51;64;190;206;525;333;568;528;651;393;342;593;600
1,9771,9832,1,0,0,14,4,71;39;52;178;194;520;321;556;516;651;381;330;581;588
1,9751,10048,1,0,0,14,11,91;59;72;198;214;577;341;575;536;692;401;350;601;608
1,9758,9820,1,0,0,14,2,84;52;65;191;207;570;334;569;529;651;394;343;594;601
1,9720,10003,1,1,0,12,9,122;90;103;229;245;593;372;575;567;778;403;381
1,9731,9817,1,0,0,13,3,111;79;92;218;234;593;361;575;556;757;403;370;621
1,9703,9765,1,0,0,14,1,139;107;16;13;120;246;262;593;389;602;584;778;449;398
1,9709,9766,1,0,0,14,1,133;101;10;7;114;240;256;593;383;602;578;778;403;392
1,9424,9499,1,1,0,15,4,125;160;153;198;208;229;398;204;386;222;287;292;399;519;541
1,9378,9436,1,1,0,14,2,171;206;199;244;254;275;398;246;417;268;287;338;428;519
0,9443,9501,1,1,0,15,0,106;141;134;179;189;210;398;185;367;203;276;273;380;501;502
1,9440,9493,1,0,0,15,3,109;144;137;182;192;213;398;188;370;206;279;276;383;509;502
1,9358,9411,1,1,0,14,2,191;226;219;264;274;295;398;270;417;288;361;358;428;591
1,9355,9422,1,0,0,14,3,194;229;222;267;277;298;398;273;440;291;364;361;428;594
1,9365,9433,1,1,0,14,1,184;219;212;257;267;288;398;246;417;281;354;351;428;519
1,9359,9435,1,1,0,14,3,190;225;218;263;273;294;398;246;417;287;360;357;428;590
1,9537,9594,1,1,1,16,3,12;47;40;85;95;116;305;91;268;109;182;179;286;412;428;791
1,9530,9581,1,0,0,16,3,19;54;47;92;102;123;312;98;280;116;189;186;293;419;435;798
1,9554,9615,1,0,0,17,3,30;23;68;78;99;288;74;256;92;93;162;269;395;394;774;538;773
1,9541,9629,1,1,0,16,2,8;43;36;81;91;112;301;87;268;105;178;175;282;408;394;787
1,9481,9534,1,0,0,15,3,68;103;96;141;151;172;361;147;329;165;238;235;342;468;484
1,9452,9524,1,0,0,15,4,97;132;125;170;180;201;390;176;358;194;267;264;371;497;502
1,9515,9579,1,0,0,16,1,34;69;62;107;117;138;327;113;295;131;204;201;308;434;450;813
1,9487,9548,1,0,0,15,3,62;97;90;135;145;166;355;141;323;159;232;229;336;462;478
1,9159,9409,1,0,0,12,10,16;390;425;418;463;473;494;653;469;568;487;560
1,9180,9269,1,0,0,12,3,369;404;397;442;452;473;580;448;568;466;539;536
1,9194,9254,1,0,0,13,2,355;390;383;428;438;459;580;434;547;452;525;522;629
1,9203,9446,1,0,0,13,7,346;381;374;419;429;450;580;425;547;402;516;513;620
1,9098,9152,1,0,0,13,3,1;77;451;486;479;524;534;555;653;530;712;548;621
1,9106,9164,1,1,0,12,2,69;443;478;471;516;513;547;653;522;704;540;613
1,9113,9354,1,0,1,12,9,62;436;471;464;509;513;540;653;480;697;533;606
1,9120,9187,1,0,0,12,2,55;429;464;457;502;512;533;653;480;568;526;599
1,9296,9367,1,1,0,13,1,253;288;281;326;336;357;398;332;514;350;423;420;487
1,9298,9364,1,1,0,13,2,251;286;279;312;334;355;398;330;512;348;421;418;487
1,9333,9608,1,0,0,14,6,216;251;244;289;299;320;398;274;477;313;386;383;487;616
1,9345,9589,1,1,0,14,7,204;239;232;277;287;308;398;274;465;301;374;371;428;604
1,9224,9501,1,1,0,13,9,325;360;353;398;408;429;438;404;547;402;495;492;599
1,9230,9299,1,1,0,13,3,319;354;347;392;402;423;438;398;547;402;489;486;487
1,9266,9344,1,1,0,13,3,283;318;311;356;366;387;400;362;544;380;453;450;487
1,9277,9344,1,1,0,13,2,272;307;300;345;355;376;398;351;533;369;442;439;487
1,15652,15711,1,0,0,10,2,86;158;436;175;638;457;529;626;589;551
1,15668,15750,1,0,0,10,2,70;142;420;159;622;457;529;610;573;535
0,15670,15753,1,0,0,10,0,68;140;418;157;620;451;529;608;571;533
1,15671,15943,1,1,0,10,7,67;139;417;156;619;451;529;607;570;532
1,15683,15886,1,0,0,10,5,55;127;405;144;607;451;512;595;558;520
1,15720,15784,1,1,0,11,2,18;90;368;107;570;416;509;558;521;483;619
1,15725,15790,1,1,0,11,1,13;85;363;102;565;391;509;553;516;478;614
1,15725,15800,1,1,0,11,1,13;85;342;102;565;391;509;553;516;478;614
1,15413,15487,1,0,0,10,3,2;325;175;128;397;675;414;800;644;967
1,15413,15491,1,1,0,10,1,2;325;175;128;397;675;414;800;585;967
1,15444,15502,1,0,0,9,2,294;144;97;366;644;383;800;585;936
1,15480,15554,1,0,0,11,2,258;108;61;330;608;347;800;585;900;798;761
1,15528,15605,1,1,0,11,4,210;60;13;282;560;299;762;585;852;750;713
1,15614,15694,1,0,0,9,2,124;196;474;213;676;522;766;664;627
1,15641,15936,1,0,0,10,8,97;169;447;186;649;495;739;637;600;562
1,15643,15710,1,0,0,10,2,95;167;445;184;647;493;529;635;598;560
1,15305,15392,1,0,0,7,1,110;433;283;236;505;783;447
0,15296,15354,1,1,0,7,0,119;442;292;245;514;792;447
1,15345,15566,1,0,0,8,4,70;391;243;196;465;743;447;945
1,15330,15410,1,1,0,8,1,85;408;258;211;480;758;447;960
1,15375,15626,1,1,0,9,6,40;363;213;166;435;713;447;800;761
1,15347,15400,1,1,0,8,1,68;391;241;194;463;741;447;800
0,15412,15481,1,1,0,10,0,3;326;176;129;398;676;415;800;644;968
1,15389,15652,1,0,0,9,6,26;349;199;152;421;699;438;800;650
1,15203,15427,1,0,0,12,5,53;78;212;3;33;535;69;366;338;531;885;449
1,15198,15259,1,0,0,12,2,58;83;217;8;33;540;74;390;343;531;890;449
1,15222,15273,1,0,0,11,2,34;43;193;33;516;50;366;319;531;834;449
1,15213,15264,1,0,0,11,1,43;68;202;33;525;59;366;328;531;834;449
1,15256,15320,1,0,0,11,2,0;25;159;15;482;16;332;285;531;794;449
1,15237,15295,1,0,0,11,2,19;43;178;33;501;35;332;304;531;834;449
1,15284,15352,1,0,0,7,3,131;454;304;257;526;794;449
1,15260,15330,1,0,0,10,1,21;155;11;478;12;324;281;531;794;449
1,15792,15845,1,0,0,10,1,18;296;35;498;344;509;486;449;411;422
1,15761,16025,1,1,0,10,7,49;315;66;529;375;509;517;480;442;578
1,15761,15834,1,0,0,10,1,49;315;66;529;375;509;517;480;442;422
0,15733,15794,1,1,0,11,0,5;77;315;94;557;391;509;545;508;470;606
0,15828,15909,1,1,0,9,0,260;462;308;509;450;413;375;422;770
1,15795,15860,1,0,0,10,1,15;293;12;495;335;509;483;446;408;422
1,15794,15871,1,1,0,10,1,16;294;33;496;335;509;484;447;409;422
0,15794,15861,1,0,0,10,0,16;294;12;496;335;509;484;447;409;422
1,3216,3505,1,1,0,10,6,200;249;178;238;70;299;298;357;434;676
1,3208,3507,1,0,1,10,6,208;257;186;246;78;307;306;357;442;841
1,3197,3261,1,0,0,10,3,219;268;197;257;89;310;317;416;453;852
0,3177,3254,1,0,0,10,0,239;288;217;270;109;310;337;436;473;872
1,3272,3515,1,0,0,10,3,144;193;122;182;14;243;242;341;361;621
1,3264,3327,1,0,0,10,2,152;201;130;190;22;251;250;349;386;621
1,3251,3514,1,0,0,10,5,165;214;143;203;35;264;263;357;399;676
0,3234,3304,1,0,0,10,0,182;231;160;220;52;281;280;357;416;676
0,3297,3363,1,0,0,9,0,119;168;97;143;218;217;311;349;621
1,3296,3346,1,1,0,9,1,120;169;98;158;219;218;317;349;621
1,3296,3351,1,0,0,9,3,120;169;98;143;219;218;317;349;621
1,3277,3483,1,0,0,10,4,139;188;117;158;9;238;237;336;361;621
0,3332,3384,1,1,0,10,0,84;133;62;122;183;182;252;312;621;795
1,3309,3364,1,1,0,9,1,107;156;85;143;206;205;304;312;621
1,3308,3388,1,1,0,9,1,108;157;86;143;207;206;305;312;621
1,3306,3359,1,1,0,9,2,110;159;88;143;209;208;307;344;621
1,3352,3441,1,1,0,10,4,64;113;42;102;163;162;252;298;495;726
1,3363,3439,1,2,0,10,2,53;102;31;91;152;151;181;287;495;726
1,3338,3410,1,1,0,10,3,78;127;56;116;177;176;252;312;621;789
1,3346,3569,1,1,0,10,2,70;119;48;108;169;168;252;304;621;726
1,3394,3672,1,0,0,10,2,22;71;0;60;121;120;181;234;495;678
1,3394,3452,1,1,0,10,2,22;71;0;60;121;120;181;234;495;637
1,3365,3435,1,2,0,10,2,51;100;29;89;150;149;181;241;495;726
1,3385,3663,1,0,0,10,3,31;80;9;69;130;129;181;234;495;726
1,3432,3509,1,0,0,9,1,33;22;83;82;169;217;495;637;712
0,3439,3489,1,0,0,9,0,26;15;76;75;169;211;495;599;705
1,3402,3455,1,0,0,9,1,14;63;52;113;112;181;217;495;637
1,3403,3473,1,0,0,9,3,13;62;51;112;111;181;217;495;637
0,3475,3561,1,0,0,7,0,40;39;138;175;495;551;669
1,3477,3544,1,0,0,7,1,38;37;136;173;495;551;667
0,3445,3506,1,1,0,9,0,20;9;70;69;168;205;495;599;699
1,3473,3557,1,0,0,7,1,42;41;140;177;495;599;671
1,3493,3558,1,1,0,7,1,22;21;117;157;495;551;651
0,3486,3540,1,0,0,7,0,29;28;117;164;495;551;658
1,3526,3582,1,0,0,6,1,85;124;495;536;618;660
1,3506,3570,1,1,0,7,1,9;8;107;144;495;536;638
1,3541,3752,1,1,0,6,3,72;109;493;516;603;645
1,3527,3580,1,1,0,6,1,85;123;495;516;617;659
1,3548,3758,1,0,0,6,2,65;102;493;516;500;638
0,3542,3600,1,1,0,6,0,71;108;493;516;500;644
1,3567,3654,1,1,0,6,1,46;83;482;516;451;619
1,3558,3643,1,1,0,6,2,55;92;491;516;500;628
1,3588,3799,1,1,0,7,2,25;62;455;516;451;598;790
0,3583,3635,1,1,0,6,0,30;67;455;516;451;603
0,3611,3681,1,0,0,7,0,2;39;438;516;451;575;659
1,3592,3849,1,1,0,7,2,21;58;455;516;451;594;676
1,3666,3940,1,1,0,8,6,383;461;451;520;659;740;406;479
1,3635,3838,1,1,0,8,3,15;414;492;451;551;659;797;437
1,3666,3935,1,0,0,8,6,383;461;451;520;659;595;406;479
1,3687,3740,1,1,0,8,2,362;440;451;499;659;576;385;458
1,3701,3751,1,1,0,8,2,348;426;443;485;659;576;371;444
1,3721,3771,1,0,0,8,2,328;406;423;454;657;576;351;424
1,3724,3779,1,0,0,8,2,325;403;420;454;623;576;348;421
1,3784,3849,1,1,0,9,2,265;343;360;402;594;576;288;361;707
1,3801,3875,1,0,0,10,2,248;326;343;384;577;576;271;344;690;807
1,3809,4100,1,1,0,10,7,240;318;335;371;569;576;263;336;682;799
1,3811,4099,1,0,0,10,8,238;316;333;371;567;576;261;334;680;625
1,3819,3879,1,0,0,10,2,230;308;325;367;559;576;253;326;420;625
1,3828,3890,1,1,0,10,2,221;299;316;345;550;576;244;317;420;625
1,3831,4097,1,0,0,10,6,218;296;277;345;547;576;241;314;420;625
1,3836,3917,1,1,0,10,1,213;291;277;345;542;576;236;309;420;613
1,3841,4045,1,0,0,10,4,208;286;277;345;505;576;231;304;420;613
1,3908,3986,1,1,0,12,3,141;219;236;278;470;524;164;237;420;613;608;431
1,3923,3996,1,0,0,13,1,126;204;221;263;455;509;149;222;420;612;593;416;743
1,4032,4111,1,0,0,14,1,17;95;112;154;346;400;40;113;420;552;484;307;580;626
1,4029,4103,1,0,0,13,3,20;98;115;157;349;403;43;116;420;552;487;310;637
1,4020,4103,1,0,0,13,2,29;107;124;166;358;412;52;125;420;584;496;319;646
1,3988,4062,1,0,0,13,3,61;139;156;198;390;444;84;157;420;584;528;351;663
1,3986,4040,1,0,0,13,3,63;141;158;200;392;446;86;159;420;584;530;353;680
1,3950,4018,1,0,1,13,3,99;177;170;236;428;482;122;195;420;584;566;389;716
1,3944,4005,1,0,0,13,2,105;183;200;242;434;488;128;201;420;584;572;395;722
1,3939,4197,1,1,0,13,4,110;188;205;247;439;493;133;206;420;612;577;400;727
1,4163,4244,1,1,0,10,1,23;215;269;328;417;353;176;500;495;899
1,4161,4240,1,1,0,10,2,25;217;271;330;447;355;178;500;497;899
1,4136,4205,1,1,0,12,1,8;50;242;296;9;355;472;380;203;500;522;946
0,4134,4219,1,0,0,12,0,10;52;244;298;11;357;474;382;205;500;524;948
1,4102,4181,1,0,0,13,3,25;42;84;276;330;43;389;506;414;237;504;556;980
1,4087,4162,1,0,0,12,3,40;57;99;291;345;58;404;521;429;252;505;571
1,4077,4298,1,1,0,12,6,50;67;109;301;355;68;414;531;439;262;565;581
1,4036,4117,1,0,0,14,3,13;91;91;150;342;396;36;109;420;552;480;303;580;622
0,4219,4301,1,1,0,10,0,159;213;272;389;297;120;354;439;722;627
1,4267,4323,1,0,0,10,1,111;165;224;341;249;72;354;391;722;627
0,4206,4260,1,0,0,10,0,172;226;285;402;310;133;354;452;722;627
0,4208,4263,1,0,0,10,0,170;224;283;400;308;131;354;450;722;627
1,4199,4281,1,0,0,10,3,179;233;292;409;317;140;467;459;722;700
1,4202,4456,1,1,0,10,5,176;230;289;406;314;137;464;456;722;627
1,4182,4466,1,1,0,11,7,4;196;250;309;417;334;157;468;476;899;717
1,4189,4422,1,0,1,10,6,189;243;302;417;327;150;468;469;844;710
0,4318,4403,1,0,0,10,0,60;114;173;290;198;21;348;340;691;581
0,4319,4394,1,0,0,10,0,59;113;172;289;197;20;347;339;691;580
0,4307,4370,1,0,0,10,0,71;125;184;301;209;32;354;351;722;592
1,4309,4383,1,0,1,10,4,69;123;182;299;207;30;354;349;722;590
0,4299,4360,1,0,0,10,0,79;133;192;309;217;40;354;359;722;600
0,4305,4361,1,1,0,10,0,73;127;186;303;211;34;354;353;722;594
0,4276,4363,1,0,0,10,0,102;156;196;332;240;63;354;382;722;623
0,4285,4352,1,1,0,10,0,93;147;196;323;231;54;354;373;722;614
0,4368,4423,1,1,0,10,0,10;64;123;240;148;298;290;680;526;510
0,4339,4427,1,0,0,10,0,39;93;152;269;177;0;327;319;680;526
1,4421,4504,1,0,0,9,2,11;70;187;95;245;199;661;478;457
1,4391,4474,1,0,0,9,1,41;100;217;125;275;267;680;508;487
0,4324,4406,1,0,0,10,0,54;108;167;284;192;15;342;334;680;575
1,4322,4386,1,0,0,10,4,56;110;169;286;194;17;344;336;691;577
0,4333,4396,1,0,0,10,0,45;99;158;275;183;6;333;325;680;526
1,4330,4392,1,1,0,10,3,48;102;161;278;186;9;336;328;680;569
0,4506,4572,1,0,0,7,0,102;10;160;152;574;393;372
0,4485,4573,1,1,0,8,0,6;123;31;181;173;574;399;393
0,4545,4611,1,0,0,6,0,63;121;113;537;354;333
0,4511,4586,1,0,0,7,0,97;5;155;147;571;388;367
1,4458,4514,1,0,0,8,2,33;150;58;208;199;624;399;420
0,4435,4498,1,0,0,8,0,56;173;81;231;199;647;399;443
1,4483,4776,1,1,0,8,5,8;125;33;183;175;592;399;395
0,4479,4568,1,0,0,8,0,12;129;37;187;179;592;399;399
1,4613,4672,1,0,0,5,1,53;45;469;286;231
1,4618,4854,1,1,0,6,4,48;40;464;281;220;676
1,4678,4759,1,0,0,6,1,404;221;200;614;539;359
1,4704,4777,1,0,0,6,1,378;195;174;590;513;333
0,4555,4642,1,0,0,6,0,53;111;103;527;344;323
1,4563,4615,1,0,0,6,2,45;103;95;519;336;315
1,4566,4620,1,0,0,6,1,42;100;92;472;333;312
1,4598,4675,1,0,0,6,1,4;68;60;472;301;280
0,4759,4810,1,0,0,6,0,323;140;119;404;458;278
0,4787,4840,1,0,0,7,0,295;112;91;404;430;250;563
1,4845,5081,1,0,0,9,5,237;54;33;404;372;192;505;902;502
0,4846,4931,1,0,0,9,0,236;53;32;404;371;191;504;775;501
0,4705,4766,1,0,0,6,0,357;194;173;589;512;332
0,4736,4800,1,1,0,6,0,346;163;142;558;481;301
1,4746,5021,1,0,0,6,3,336;153;132;548;471;291
0,4751,4823,1,0,0,6,0,331;148;127;404;466;286
1,4991,5277,1,1,0,11,8,91;303;226;46;359;756;356;416;613;788;655
0,4995,5046,1,0,0,11,0,87;299;222;42;355;752;352;416;609;555;655
1,4977,5035,1,0,0,11,4,105;317;240;60;373;770;366;416;627;818;655
1,4977,5029,1,0,0,11,4,105;317;240;60;373;770;366;416;627;799;655
1,5019,5231,1,0,0,11,4,63;275;198;18;331;693;328;404;585;555;655
0,5056,5125,1,1,0,10,0,26;238;161;294;691;291;404;428;555;655
1,4996,5071,1,1,0,11,2,86;298;221;41;354;751;351;416;608;555;655
1,5010,5097,1,0,0,11,4,72;284;207;27;340;693;337;416;594;555;655
1,4906,4986,1,1,0,9,1,176;388;311;131;444;775;441;416;698
1,4921,4978,1,1,0,9,2,161;365;296;116;429;775;426;416;683
1,4870,4922,1,0,0,10,1,212;29;8;404;347;167;480;775;477;621
1,4891,5113,1,0,0,10,4,191;8;403;326;144;459;775;456;600;713
0,4933,5015,1,0,0,9,0,149;361;284;104;384;775;366;416;671
1,4971,5191,1,1,0,11,7,111;323;246;66;379;775;366;416;633;824;740
0,4923,4990,1,0,0,9,0,159;365;294;114;384;775;424;416;681
1,4930,4984,1,0,0,9,2,152;364;287;107;384;775;417;416;674
0,5237,5300,1,1,0,13,0,57;113;506;110;254;367;437;438;391;323;614;584;620
1,5229,5301,1,1,0,12,2,65;121;506;118;262;375;437;481;399;331;622;592
1,5228,5281,1,1,0,12,2,66;122;519;119;263;376;437;481;400;332;623;593
1,5201,5259,1,0,0,13,1,93;16;149;546;146;290;399;437;510;427;359;650;620
1,5293,5361,1,0,0,13,1,1;57;454;54;198;311;437;418;335;267;558;421;564
0,5293,5365,1,1,0,13,0,1;57;454;54;198;311;437;418;335;267;558;421;502
1,5269,5339,1,0,0,13,3,25;81;478;78;222;335;437;438;359;291;582;421;588
1,5265,5482,1,0,0,13,4,29;85;482;82;226;339;437;438;363;295;586;556;592
1,5136,5401,1,0,0,11,8,158;81;214;567;211;355;428;555;575;492;424
0,5133,5183,1,0,0,11,0,161;84;217;567;214;358;428;555;578;495;427
1,5126,5191,1,0,0,10,3,168;91;224;621;221;365;428;555;585;502
0,5059,5147,1,1,0,10,0,23;235;158;291;688;288;404;428;555;652
0,5189,5241,1,1,0,13,0,105;28;161;558;158;302;399;437;522;439;371;662;632
1,5169,5233,1,1,0,12,2,125;48;181;567;178;322;399;437;542;459;391;682
1,5159,5221,1,0,0,12,1,135;58;191;567;188;332;428;437;552;469;401;692
1,5141,5225,1,1,0,11,2,153;76;209;567;206;350;428;437;570;487;419
1,5431,5503,1,0,0,11,2,316;60;173;364;280;170;129;420;390;426;400
1,5437,5687,1,0,0,11,6,310;54;167;349;274;170;123;414;384;420;400
1,5443,5519,1,0,0,11,2,304;48;161;349;268;170;117;408;378;414;375
1,5470,5696,1,0,0,13,6,277;21;134;325;241;158;90;381;351;387;375;894;706
1,5495,5570,1,1,0,14,2,252;109;300;216;133;65;356;326;362;373;869;681;414;909
1,5518,5587,1,1,0,16,3,229;86;277;193;110;42;333;303;339;373;846;658;391;886;831;811
1,5530,5815,1,1,0,16,11,217;74;265;181;98;30;321;291;327;373;834;646;379;874;788;799
1,5556,5642,1,1,0,17,1,191;48;239;155;72;4;295;265;301;373;808;620;353;648;788;773;674
1,5335,5415,1,0,0,13,2,15;412;12;156;269;437;376;293;225;516;421;502;643
1,5354,5422,1,0,0,11,3,393;137;250;416;357;274;206;497;421;502;624
1,5357,5430,1,0,0,11,2,390;134;247;416;354;271;203;494;421;457;621
1,5363,5419,1,0,0,11,2,359;128;241;416;348;265;197;488;421;457;615
1,5384,5451,1,0,1,11,3,359;107;220;411;327;244;176;467;417;457;594
1,5391,5477,1,0,0,11,1,356;100;213;404;320;237;169;460;417;440;587
1,5395,5453,1,1,0,11,2,352;96;209;400;316;170;165;456;417;440;583
1,5409,5617,1,1,0,11,5,338;82;195;386;302;170;151;442;391;440;569
1,5675,5728,1,0,0,18,4,72;120;36;176;146;182;303;689;501;234;648;674;654;534;492;859;575;295
1,5655,5731,1,0,0,16,1,92;140;56;196;166;202;323;709;521;254;648;685;674;534;512;859
0,5687,5760,1,1,0,18,0,60;108;24;164;134;170;291;677;489;222;648;644;642;515;480;859;563;283
1,5680,5738,1,0,0,18,3,67;115;31;171;141;177;298;684;496;229;648;669;649;515;487;859;570;290
1,5730,5803,1,0,0,19,3,17;65;121;91;127;248;634;446;179;648;619;599;500;437;859;520;240;797;764
1,5706,6003,1,1,0,19,10,41;89;5;145;115;151;272;658;470;203;648;643;623;515;461;859;544;264;889
1,5739,6007,1,1,0,19,6,8;56;112;82;118;239;625;437;170;648;610;590;491;428;859;511;231;780;713
1,5731,5818,1,1,0,19,2,16;64;120;90;126;247;633;445;178;648;618;598;499;436;859;519;239;797;713
1,5564,5637,1,0,0,17,5,183;40;222;147;64;287;257;293;373;800;612;345;648;785;765;666;528
1,5563,5648,1,1,0,17,3,184;41;222;148;65;288;258;294;373;801;613;346;648;786;766;667;604
1,5611,5900,1,0,0,17,9,136;184;100;17;240;210;246;367;753;565;298;648;738;718;564;528;1013
1,5598,5676,1,0,0,17,4,149;6;197;113;30;253;223;259;373;766;578;311;648;751;731;632;528
1,5631,5715,1,0,0,16,4,116;164;80;220;190;226;347;733;545;278;648;718;698;564;528;859
1,5628,5707,1,0,0,17,1,119;167;83;0;223;193;229;350;736;548;281;648;721;701;564;528;859
1,5641,5695,1,0,0,16,4,106;154;70;210;180;216;327;723;535;268;648;708;688;534;526;859
1,5632,5711,1,0,0,16,2,115;163;79;219;189;225;346;732;544;277;648;717;697;534;528;859
1,5928,5988,1,1,0,16,2,50;436;248;476;421;401;302;239;696;322;42;667;561;523;660;468
1,5960,6023,1,0,0,17,3,18;404;216;444;389;369;270;207;664;290;10;635;534;523;628;436;1092
1,5886,5941,1,1,0,17,4,92;478;290;23;514;463;443;344;281;738;364;84;709;608;523;702;510
1,5924,6185,1,1,0,16,9,54;440;252;480;425;405;306;243;700;326;46;671;570;523;664;472
1,5847,5901,1,3,0,17,2,4;10;131;517;329;62;557;502;482;383;320;752;403;123;748;647;523
1,5849,6065,1,2,0,17,4,2;8;129;515;327;60;514;500;480;381;318;752;401;121;746;645;523
1,5841,5910,1,0,0,17,4,10;16;137;523;335;68;563;508;488;389;326;759;409;129;754;653;523
1,5846,5914,1,1,0,17,4,5;11;132;518;330;63;558;503;483;384;321;758;404;124;749;648;523
1,5800,6005,1,1,0,18,7,51;21;57;178;564;376;109;604;549;529;407;367;767;450;170;780;694;523
1,5815,6099,1,1,0,18,9,36;6;42;163;549;361;94;589;534;514;407;352;767;435;155;780;667;523
1,5793,5877,1,0,0,19,6,2;58;28;64;185;571;383;116;611;556;536;407;374;783;457;177;780;701;742
1,5799,6061,1,1,0,18,11,52;22;58;179;565;377;110;605;550;530;407;368;767;451;171;780;695;736
1,5790,5864,1,1,0,19,6,5;61;31;67;188;574;386;119;614;559;539;440;377;816;460;180;780;704;745
1,5791,5842,1,1,0,19,3,4;60;30;66;187;573;385;118;613;558;538;439;376;783;459;179;780;703;744
1,5750,5816,1,1,0,18,3,45;101;71;107;228;614;426;159;648;599;579;480;417;833;500;220;780;713
1,5754,5816,1,1,0,18,4,41;97;67;103;224;610;422;155;648;595;575;464;413;833;496;216;780;713
1,6283,6367,1,1,0,13,2,81;121;66;46;341;312;211;252;305;113;769;250;426
0,6261,6338,1,1,0,13,0,103;143;88;68;363;334;233;274;327;135;780;272;426
1,6258,6311,1,1,0,13,2,106;146;91;71;366;337;236;277;330;138;794;275;426
1,6240,6327,1,0,0,14,4,124;164;109;89;384;10;355;254;295;348;156;812;293;426
1,6218,6499,1,0,0,15,7,146;186;131;111;12;406;32;371;276;317;370;178;824;315;645
1,6202,6256,1,0,0,15,2,162;202;147;127;28;422;48;393;292;333;386;194;824;331;661
1,6175,6238,1,1,0,16,3,189;1;229;174;154;55;449;75;402;319;360;413;221;851;358;688
1,6174,6253,1,1,0,16,3,190;2;230;175;155;56;450;76;402;320;361;414;222;878;359;689
1,6171,6260,1,0,0,16,2,193;5;233;178;158;59;453;79;424;323;364;417;225;881;362;692
1,6167,6244,1,1,0,17,2,197;9;237;182;162;63;0;457;83;426;327;368;421;229;885;366;696
1,6148,6204,1,0,0,16,2,216;28;256;201;181;82;19;476;102;447;346;387;440;248;900;385
1,6127,6185,1,0,0,16,2,237;49;277;222;202;103;40;497;123;468;367;408;461;269;925;406
1,6100,6175,1,0,0,16,4,264;76;304;249;229;130;67;524;150;495;394;435;488;296;952;433
1,6062,6127,1,0,0,16,4,302;114;342;287;267;168;105;562;188;533;432;473;518;334;990;471
1,6029,6103,1,0,0,16,3,335;147;375;320;300;201;138;595;221;566;465;506;518;367;1023;504
1,6001,6252,1,0,0,15,11,363;175;403;348;328;229;166;623;249;594;493;523;587;395;1030
1,6564,6646,1,0,0,8,2,60;31;24;366;299;426;497;609
1,6570,6620,1,0,0,8,1,54;25;18;366;293;420;497;536
0,6578,6642,1,0,0,8,0,46;17;4;366;285;412;497;536
0,6628,6716,1,0,0,6,0,366;235;362;488;536;780
1,6489,6565,1,0,0,11,2,135;106;5;46;99;544;44;374;501;497;684
1,6527,6770,1,0,0,10,3,97;68;8;61;525;6;300;463;497;646
0,6529,6582,1,0,0,10,0,95;66;6;59;376;4;300;461;497;644
1,6536,6741,1,0,1,8,2,88;59;52;376;300;454;497;637
1,6383,6444,1,1,0,12,1,21;241;212;111;152;205;13;669;118;426;607;733
1,6422,6672,1,0,0,10,6,202;173;72;113;166;630;111;426;568;694
1,6461,6524,1,0,0,10,3,163;134;33;74;127;591;72;402;529;497
1,6483,6763,1,1,0,11,3,141;112;11;52;105;569;50;380;507;497;690
1,6297,6348,1,0,0,14,4,67;107;52;32;327;298;197;238;291;99;723;236;426;693
1,6361,6446,1,1,0,12,2,3;43;263;234;133;174;227;35;691;172;426;629
1,6366,6603,1,0,0,11,3,38;258;229;128;169;222;30;686;167;426;624
1,6382,6451,1,0,0,12,2,22;242;213;112;153;206;14;670;149;426;608;734
0,6896,6955,1,0,0,7,0,156;70;220;277;512;690;809
1,6887,6967,1,0,0,7,3,165;70;229;286;521;709;818
1,6941,7209,1,0,0,7,5,111;49;175;232;467;653;764
1,6899,6967,1,0,0,7,3,153;70;217;274;509;690;806
1,6812,6881,1,0,0,7,3,240;51;105;304;361;596;773
1,6809,7046,1,0,0,7,1,243;54;109;307;364;599;773
1,6875,6927,1,0,0,6,3,177;70;241;298;533;721
1,6853,6911,1,1,0,7,1,199;10;105;263;320;555;724
0,6757,6819,1,0,0,6,0,295;106;233;359;416;629
1,6714,6786,1,0,0,6,1,338;149;276;402;459;694
1,6804,7045,1,0,0,7,2,248;59;186;312;369;604;773
1,6792,7033,1,0,0,7,4,260;71;198;324;381;616;804
0,6645,6850,1,0,0,6,0,366;218;345;471;518;763
1,6643,6711,1,0,0,6,2,366;220;347;473;530;765
1,6692,6747,1,0,0,6,2,360;171;298;424;481;716
0,6692,6753,1,0,0,6,0,360;171;298;424;461;716
0,0,62,1,0,0,8,0,522;363;601;587;460;468;311;590
1,27,101,1,1,0,8,2,495;336;574;560;433;441;284;563
1,453,676,1,0,0,12,3,69;148;134;7;15;137;527;233;550;583;472;727
1,453,539,1,0,0,12,3,69;148;134;7;15;137;527;233;550;583;472;567
1,466,547,1,0,0,11,2,56;135;121;2;124;514;233;486;583;459;567
1,475,532,1,0,0,10,2,47;126;112;115;505;216;486;583;450;567
1,404,629,1,0,0,10,2,118;197;183;56;64;174;576;320;599;732
1,419,491,1,0,0,11,2,103;182;168;41;49;171;561;305;584;613;506
1,426,513,1,1,0,11,3,96;175;161;34;42;164;554;298;577;587;499
1,444,519,1,1,0,12,2,78;157;143;16;24;146;536;233;559;587;481;736
1,509,714,1,0,0,13,2,13;92;78;81;466;207;486;583;416;567;538;673;613
0,513,570,1,1,0,13,0,9;88;74;77;466;180;486;583;412;567;534;673;613
1,533,594,1,1,0,12,4,68;54;57;447;180;470;583;392;567;514;673;613
1,535,621,1,0,0,12,2,66;52;55;445;180;468;583;390;567;512;650;613
1,476,709,1,1,1,10,5,46;125;111;114;504;207;486;583;449;567
1,498,754,1,1,0,13,8,24;103;89;92;466;207;486;583;427;567;549;739;774
1,500,791,1,1,0,13,8,22;101;87;90;466;207;486;583;425;567;547;737;622
1,507,759,1,1,0,13,7,15;94;80;83;466;207;486;583;418;567;540;730;613
1,242,530,1,1,0,10,6,280;121;359;345;218;226;69;348;738;482
0,209,259,1,1,0,9,0,313;154;392;378;251;259;102;381;771
0,283,351,1,0,0,12,0,239;80;318;304;177;185;28;307;697;413;720;817
1,256,343,1,0,0,12,1,266;107;345;331;204;212;55;334;724;413;747;898
1,114,380,1,1,0,8,6,408;249;487;473;346;354;197;476
1,58,126,1,0,0,8,2,464;305;511;529;402;410;253;532
0,153,204,1,0,0,8,0,369;210;448;434;307;315;158;437
0,136,193,1,0,0,8,0,386;227;465;451;324;332;175;454
1,355,650,1,3,0,11,6,167;8;246;232;105;113;235;625;369;648;732
1,354,431,1,0,0,11,1,168;9;247;233;106;114;236;626;370;649;762
1,395,458,1,0,0,10,1,127;206;192;65;73;195;585;329;608;732
1,366,434,1,1,0,10,1,156;235;221;94;102;224;614;358;637;732
0,292,344,1,1,0,12,0,230;71;309;295;168;176;19;298;688;413;711;817
0,288,370,1,0,0,12,0,234;75;313;299;172;180;23;302;692;413;715;817
1,343,551,1,0,0,11,1,179;20;258;244;117;125;247;637;381;660;791
1,340,418,1,1,0,11,1,182;23;261;247;120;128;250;640;384;663;814
1,807,862,1,0,0,9,2,173;196;347;118;373;240;430;465;353
1,831,888,1,0,0,9,2,149;172;323;94;349;216;406;441;329
1,774,1067,1,0,0,9,7,206;229;376;151;406;273;463;465;386
0,801,856,1,1,0,9,0,179;202;353;124;379;246;436;465;359
1,766,994,1,1,0,9,3,214;237;376;159;414;281;471;506;394
1,769,830,1,1,0,9,3,211;234;376;156;411;278;468;503;391
1,678,736,1,1,0,10,3,302;46;325;402;247;502;369;533;565;482
1,745,833,1,0,0,9,1,235;258;402;180;435;302;492;527;415
1,987,1065,1,0,0,9,2,16;167;152;60;250;285;173;535;608
1,1008,1066,1,0,0,8,2,146;152;39;229;264;152;535;566
1,906,1164,1,0,0,10,3,74;97;248;19;152;141;331;366;254;535
1,925,1158,1,0,0,10,6,55;78;216;0;152;122;312;347;235;535
1,881,1150,1,0,0,10,4,99;122;273;44;299;166;332;391;279;692
1,901,1154,1,1,0,10,3,79;102;253;24;279;146;332;371;259;535
1,856,1086,1,0,0,9,4,124;147;298;69;324;191;381;416;304
1,870,957,1,0,0,10,5,110;133;284;55;310;177;367;402;290;703
0,619,674,1,3,0,10,0,361;105;384;402;306;561;428;618;587;515
1,613,665,1,2,0,10,1,367;111;390;402;312;567;434;624;587;547
1,612,668,1,1,0,10,3,368;112;391;402;313;567;435;625;603;548
1,611,684,1,0,0,10,3,369;113;392;402;314;567;436;626;613;549
0,598,677,1,1,0,10,0,3;382;126;405;402;327;567;449;639;613
1,547,603,1,1,0,12,1,54;40;43;433;153;456;402;378;567;500;649;613
1,542,794,1,1,0,12,6,59;45;48;438;153;461;583;383;567;505;649;613
1,541,607,1,1,0,12,4,60;46;49;439;153;462;583;384;567;506;650;613
1,675,753,1,2,0,10,5,305;49;328;402;250;505;372;562;565;485
1,672,727,1,0,0,10,3,308;52;331;402;253;508;375;565;569;488
0,665,747,1,2,0,10,0,315;59;338;402;260;515;382;572;569;495
1,644,707,1,12,0,10,2,336;80;359;402;281;536;403;592;569;515
1,639,723,1,22,0,10,5,341;85;364;402;286;541;408;598;569;515
1,637,718,1,10,1,10,3,343;87;366;402;288;543;410;600;586;515
1,628,693,1,4,0,10,3,352;96;375;402;297;552;419;609;587;515
0,622,685,1,3,0,10,0,358;102;381;402;303;558;425;615;587;515
1,1369,1454,1,0,0,8,2,204;226;440;463;712;453;952;515
1,1364,1442,1,0,0,8,3,204;231;445;463;716;458;952;515
1,1398,1449,1,0,0,9,4,175;197;411;463;712;424;901;515;811
1,1397,1666,1,0,0,9,5,176;198;412;463;712;425;934;515;812
1,1413,1489,1,0,0,10,5,160;182;396;452;712;409;900;514;796;456
1,1407,1491,1,1,0,10,2,166;188;402;458;712;415;901;515;802;462
1,1431,1500,1,0,1,10,5,142;164;378;434;695;391;900;496;778;438
0,1425,1511,1,0,0,10,0,148;170;384;440;695;397;900;502;784;444
0,1214,1300,1,1,0,6,0,23;58;204;247;465;463
1,1211,1416,1,1,0,6,2,26;61;204;247;465;654
1,1283,1515,1,0,0,7,3,204;247;465;463;871;539;1048
0,1233,1290,1,1,0,6,0,4;39;204;247;465;463
0,1303,1357,1,0,0,7,0,204;247;465;463;851;519;952
1,1283,1357,1,1,0,7,2,204;247;465;463;871;539;958
1,1363,1447,1,0,1,8,4,204;232;446;463;791;459;952;515
1,1361,1416,1,0,0,8,3,204;234;448;463;793;461;952;566
1,1103,1364,1,0,0,8,3,51;77;134;169;57;470;466;706
0,1123,1174,1,0,0,8,0,31;57;114;149;37;450;466;466
1,1124,1363,1,0,0,8,1,30;56;113;148;36;449;466;466
1,1130,1394,1,0,0,8,2,24;50;107;142;30;443;247;466
1,1134,1357,1,0,0,8,1,20;46;103;138;26;204;247;466
0,1135,1193,1,0,0,8,0,19;45;78;137;25;204;247;466
1,1157,1231,1,0,0,7,1,23;78;115;3;204;247;466
1,1179,1384,1,0,0,6,1,1;58;93;204;247;465
1,1018,1077,1,0,0,9,2,136;152;29;219;254;142;535;551;791
1,1025,1094,1,1,0,9,1,129;152;22;212;247;135;535;536;784
1,1032,1103,1,0,0,9,1,95;148;15;205;240;128;535;536;777
1,1035,1096,1,0,0,9,2,95;129;12;202;237;125;535;536;774
1,1051,1106,1,0,0,8,2,95;129;186;221;109;522;527;758
0,1061,1323,1,0,0,8,0,93;119;176;211;99;508;527;748
1,1090,1160,1,0,0,8,2,64;90;147;182;70;483;505;719
0,1095,1146,1,0,0,8,0,59;85;142;177;65;478;466;714
1,1964,2043,1,0,0,18,3,190;367;245;246;547;478;762;753;387;816;847;717;689;579;641;1084;591;477
1,1901,2179,1,0,1,16,12,253;430;26;308;309;610;541;802;816;450;838;910;790;752;642;704
1,1869,2069,1,0,1,17,8,285;462;58;340;0;341;642;573;857;848;482;838;928;805;784;674;736
1,1866,2137,1,0,0,17,11,288;465;61;343;3;344;645;576;860;851;485;914;928;805;787;677;739
1,2055,2142,1,0,0,19,4,99;276;154;155;456;387;671;662;296;715;647;636;598;488;550;815;500;386;769
1,2044,2278,1,1,0,18,9,110;287;165;166;467;398;682;673;307;715;647;647;609;499;561;1004;511;397
1,2018,2270,1,0,0,18,8,136;313;191;192;493;424;708;699;333;715;793;673;635;525;587;1030;537;423
1,2000,2073,1,0,0,18,4,154;331;209;210;511;442;726;717;351;780;811;691;653;543;605;1048;555;441
1,1782,1849,1,0,0,15,2,27;83;372;40;514;145;427;87;428;729;615;944;935;569;998
1,1776,1842,1,0,0,15,4,33;89;378;46;514;151;433;93;434;735;638;950;941;575;1004
1,1767,1841,1,0,0,15,5,42;98;387;55;514;160;442;102;443;744;675;959;950;578;1013
1,1750,1808,1,1,0,15,2,59;115;404;72;514;177;459;119;454;761;692;976;967;601;1030
1,1845,1919,1,0,0,18,6,20;309;486;82;364;24;365;666;597;881;872;506;935;928;828;808;698;760
1,1818,1878,1,0,0,18,7,47;336;4;513;109;391;51;392;693;615;908;899;533;962;928;873;835;725
1,1805,2026,1,0,0,18,6,4;60;349;17;514;122;404;64;405;706;615;921;912;546;975;1006;886;848
1,1783,1834,1,0,0,15,2,26;82;371;39;514;144;426;86;427;728;615;943;934;565;997
1,1611,1667,1,0,0,9,2,198;254;530;211;720;316;577;258;599
1,1644,1878,1,1,0,10,4,165;221;510;178;687;283;565;225;566;867
1,1582,1666,1,1,0,9,1,13;227;283;550;240;749;345;607;287
1,1594,1646,1,0,0,9,3,1;215;271;550;228;737;333;577;275
1,1703,1775,1,0,0,13,1,106;162;451;119;514;224;506;166;507;808;739;1023;1014
0,1738,1803,1,0,0,15,0,71;127;416;84;514;189;471;131;454;773;704;988;979;613;1042
1,1667,1749,1,1,0,10,2,142;198;487;155;569;260;542;202;543;844
1,1684,1770,1,0,0,10,3,125;181;470;138;540;243;525;185;526;827
1,1497,1551,1,0,0,10,2,76;98;312;368;657;325;834;430;712;372
1,1500,1574,1,1,0,10,2,73;95;309;365;654;322;818;427;709;369
1,1445,1525,1,0,0,10,5,128;150;364;420;690;377;886;482;764;424
0,1483,1562,1,0,0,10,0,90;112;326;382;671;339;848;444;726;386
1,1567,1844,1,0,0,10,5,6;28;242;298;587;255;764;360;607;302
1,1577,1642,1,0,0,9,4,18;232;288;564;245;754;350;607;292
1,1553,1774,1,0,0,10,6,20;42;256;312;601;269;778;374;656;316
0,1554,1642,1,0,0,10,0,19;41;255;311;600;268;777;373;607;315
1,2516,2600,1,1,0,16,3,210;201;264;295;175;137;27;89;532;39;260;382;396;512;428;378
1,2509,2567,1,0,0,16,1,2;217;208;271;302;182;144;34;96;539;46;315;389;396;519;435
1,2569,2633,1,0,0,18,2,157;148;211;242;122;84;36;479;255;329;373;459;375;325;847;896;825;581
1,2533,2620,1,1,0,18,2,193;184;247;278;158;120;10;72;515;22;260;365;379;495;411;361;883;932
1,2505,2572,1,0,0,16,1,6;221;212;275;306;186;148;38;100;543;50;319;393;437;523;439
0,2478,2538,1,1,0,16,0,33;248;239;302;333;213;175;65;127;570;77;346;420;464;529;466
0,2506,2575,1,0,0,16,0,5;220;211;274;305;185;147;37;99;542;49;318;392;402;522;438
1,2506,2585,1,1,0,16,2,5;220;211;274;305;185;147;37;99;542;49;318;392;402;522;438
1,2452,2504,1,0,0,16,3,59;274;265;328;359;239;201;91;153;596;103;372;446;489;576;492
1,2443,2686,1,0,0,16,8,68;283;274;337;359;248;210;100;162;598;112;381;455;499;585;501
1,2456,2536,1,1,0,16,4,55;270;261;324;355;213;197;87;149;592;99;368;442;486;529;488
1,2455,2524,1,1,0,16,3,56;271;262;325;356;236;198;88;150;593;100;369;443;487;529;489
1,2383,2664,1,1,0,18,11,128;59;343;334;397;428;308;270;160;222;598;172;58;441;513;551;633;561
1,2373,2610,1,1,0,18,11,138;69;353;344;407;438;318;280;170;232;598;182;68;451;525;551;633;571
1,2421,2482,1,0,0,18,1,90;21;305;296;359;370;270;232;122;184;598;134;20;403;477;521;607;523
1,2417,2493,1,0,0,18,1,94;25;309;300;363;394;274;236;126;188;598;138;24;407;481;525;611;527
1,2320,2408,1,0,0,19,2,11;191;122;406;397;31;460;491;371;333;223;285;598;235;121;504;574;622;708
1,2321,2408,1,1,1,19,5,10;190;121;405;396;30;459;480;370;332;222;284;598;234;120;503;574;621;707
1,2323,2388,1,1,0,19,2,8;188;119;403;394;28;457;480;368;330;220;282;598;232;118;501;574;619;633
1,2355,2420,1,1,0,17,2,156;87;371;362;425;456;336;298;188;250;598;200;86;469;543;587;633
1,2257,2346,1,1,0,18,2,74;254;185;469;460;94;523;554;434;396;286;348;598;298;184;567;616;685
1,2273,2355,1,0,0,18,5,58;238;169;453;444;78;507;538;418;380;270;332;598;282;168;551;616;669
1,2287,2360,1,0,0,19,4,44;224;155;439;430;64;493;524;404;366;256;318;598;268;154;537;611;655;741
1,2293,2353,1,0,0,19,2,38;218;149;433;424;58;487;518;398;360;250;312;598;262;148;531;595;649;735
1,2178,2254,1,0,0,20,4,153;31;32;333;264;548;539;173;602;633;513;475;365;427;815;377;263;646;616;764
1,2209,2266,1,0,0,20,1,122;0;1;302;233;517;508;142;571;602;482;444;334;396;815;346;232;615;616;733
1,2211,2274,1,1,0,18,1,120;300;231;515;506;140;569;587;480;442;332;394;815;344;230;613;616;731
1,2213,2485,1,0,0,18,12,118;298;229;513;504;138;567;582;478;440;330;392;815;342;228;611;616;729
1,2084,2160,1,0,0,19,4,70;247;125;126;427;358;642;633;267;696;647;607;517;459;521;815;471;357;740
1,2108,2193,1,0,0,19,5,46;223;101;102;403;334;618;609;243;672;647;551;517;435;497;815;447;333;716
1,2113,2197,1,1,0,20,5,41;218;96;97;398;329;613;604;238;667;647;545;517;430;492;815;442;328;711;785
1,2175,2460,1,0,0,20,14,156;34;35;336;267;551;542;176;605;636;516;478;368;430;815;380;266;649;723;767
1,3160,3219,1,0,0,10,1,256;305;234;270;126;355;354;453;490;889
0,3108,3173,1,0,0,10,0,308;339;286;42;270;178;407;406;505;502
1,3104,3166,1,0,0,10,2,312;339;290;46;350;182;411;410;509;546
1,3104,3188,1,0,0,10,1,312;339;290;46;350;182;411;410;509;502
0,3095,3169,1,0,0,10,0,321;339;299;55;359;191;420;419;518;555
1,3021,3085,1,0,0,9,1,27;7;390;339;351;129;433;265;494
1,2997,3086,1,0,0,9,2,51;31;419;339;351;153;457;289;518
0,2997,3069,1,0,0,9,0,51;31;390;339;351;153;457;289;518
0,2992,3043,1,1,0,9,0,56;36;424;339;351;158;462;294;523
0,2984,3049,1,0,0,9,0,64;44;432;339;351;166;470;302;531
0,2955,3010,1,0,0,9,0,93;73;461;339;351;195;499;331;532
0,2944,3019,1,0,0,10,0,104;84;0;472;339;351;206;510;342;532
1,2943,3198,1,1,0,10,4,105;85;1;473;380;351;207;511;343;532
1,2943,2998,1,1,0,10,1,105;85;1;473;351;351;207;511;343;532
1,2940,3012,1,0,0,11,1,108;2;88;4;476;380;351;210;514;346;575
1,2939,3013,1,0,0,11,1,109;3;89;5;477;413;351;211;515;347;576
1,2891,3153,1,0,0,12,3,157;7;51;137;53;3;525;574;351;259;563;395
1,2900,2979,1,1,0,10,2,148;42;128;44;516;455;351;250;554;386
1,2826,2895,1,0,0,12,2,222;72;116;202;118;68;579;639;568;324;628;460
1,2874,3116,1,0,0,12,4,174;24;68;154;70;20;542;591;520;276;580;412
1,2760,2842,1,1,0,13,4,20;51;288;64;138;182;268;184;134;656;655;634;390
1,2795,2862,1,1,0,13,2,16;253;29;103;147;233;149;99;621;639;599;355;659
1,2708,2915,1,0,0,15,6,18;9;72;103;340;116;190;234;320;236;186;708;667;686;442
1,2726,2808,1,0,0,14,4,0;54;85;322;98;172;216;302;218;168;690;667;668;424
1,2669,2956,1,0,0,16,10,57;48;111;142;22;379;155;229;273;359;275;225;747;796;725;452
1,2690,2893,1,0,1,16,8,36;27;90;121;1;358;134;208;252;338;254;204;726;683;704;452
1,2632,2707,1,0,0,17,2,94;85;148;179;59;21;416;192;266;292;396;312;257;761;833;762;518
1,2657,2719,1,0,0,16,2,69;60;123;154;34;391;167;241;285;371;287;237;759;808;737;493
0,2628,2690,1,1,0,17,0,98;89;152;183;63;25;420;196;270;292;400;316;266;761;837;766;522
1,2629,2698,1,0,0,17,3,97;88;151;182;62;24;419;195;269;292;399;315;265;761;836;765;521
1,2577,2844,1,1,0,18,11,149;140;203;234;114;76;28;471;247;321;365;451;367;317;839;888;817;573
1,2620,2674,1,0,0,17,3,106;97;160;191;71;33;428;204;278;322;408;324;274;761;845;774;530
276
13075,13873,212.62,11
12879,13493,0.00,9
12871,13531,0.00,10
12847,13705,205.24,11
13123,13839,197.33,9
13095,13858,0.00,8
13083,13915,95.35,8
13081,13637,0.00,10
12258,12983,96.91,9
12257,13157,166.32,9
12205,12619,0.00,8
12194,12679,0.00,10
12805,13531,246.27,9
12755,13558,256.01,11
12624,13699,372.24,10
12519,13183,0.00,10
11976,12840,69.98,10
12041,13313,604.61,10
11793,12424,257.72,10
11941,12748,108.48,8
12093,13020,239.48,8
12143,12570,0.00,8
12063,12873,324.52,10
12093,12879,236.48,9
11244,12175,289.66,9
11513,12504,200.34,9
11071,12004,73.11,11
11227,11572,53.69,8
11589,12110,0.00,8
11615,12089,0.00,11
11522,12463,247.38,11
11555,12251,256.74,10
10765,11499,272.56,9
10724,11377,14.23,8
10793,11747,0.00,8
10767,11233,0.00,10
10946,11478,0.00,11
10881,12063,280.54,10
11019,11730,0.00,10
11010,11837,45.09,10
10221,10700,140.11,9
10212,10698,0.00,10
10328,10976,95.48,11
10257,11150,336.10,9
10467,11407,335.98,8
10331,11166,152.20,10
10709,11473,98.48,8
10561,11029,91.19,11
9885,10711,0.00,10
9928,10802,0.00,8
9928,10790,295.06,10
10091,10756,222.77,10
10175,10955,20.66,8
10194,11153,215.61,11
10201,10744,40.46,10
10210,10983,201.64,9
9554,10327,90.47,10
9633,10287,0.00,11
9647,10499,233.27,8
9665,10152,68.45,9
9701,10101,0.00,8
9728,10352,56.74,10
9736,10359,0.00,8
9794,10459,246.88,10
15815,16598,0.00,8
15835,16552,0.00,11
15615,16203,0.00,8
15691,16339,156.62,10
15457,16278,0.00,10
15465,16241,0.00,10
15353,16136,265.63,8
15391,16380,306.99,10
15177,15827,206.06,9
15317,16290,183.92,11
14953,15810,285.97,8
15142,16088,142.31,10
14876,15588,173.36,10
14899,15541,73.22,9
14848,15738,395.34,8
14872,15272,64.24,10
14481,15415,437.74,10
14421,15281,565.36,11
14651,15271,124.06,10
14548,15206,97.97,11
14247,14762,0.00,11
14204,15256,544.05,9
14321,14977,0.00,9
14282,14872,26.99,8
14124,14985,348.85,10
14107,14843,0.00,8
14203,14981,117.54,8
14187,14897,0.00,9
14032,14832,269.61,9
13889,14169,0.00,8
14078,14691,94.74,8
14059,14645,77.72,8
13682,14319,0.00,8
13722,14496,90.34,9
13767,14544,298.05,11
13812,14511,102.27,9
13492,14043,69.75,8
13586,14480,160.75,9
13637,14239,22.10,8
13666,14404,109.37,8
13369,14210,293.58,9
13384,14052,229.56,10
13386,14030,185.63,11
13464,14239,285.32,11
13159,13754,0.00,8
13214,13997,165.17,9
13248,13925,82.80,9
13323,13964,0.00,10
5103,5628,67.46,9
5133,5560,0.00,11
4939,5795,436.61,11
4955,5711,160.37,10
5231,5857,124.92,9
5325,5978,216.24,10
5147,5851,0.00,8
5171,5821,192.96,9
5486,5909,0.00,10
5493,6404,270.14,10
5453,6364,0.00,11
5458,6176,0.00,9
5543,6230,166.41,9
0,522,0.00,5
5557,6167,76.58,10
0,363,0.00,5
5500,6349,116.60,10
0,601,63.26,6
5501,6329,0.00,10
0,587,0.00,7
3913,4666,305.15,9
3902,4339,0.00,10
3876,4516,0.00,11
3799,4608,316.71,8
4349,4878,60.24,9
4166,4899,197.14,9
4091,5082,413.02,10
4031,4658,68.06,8
4771,5350,45.70,11
4652,5037,23.24,11
4624,5217,0.00,9
4615,5294,229.16,9
4882,5604,186.57,11
4858,5491,206.42,8
4839,5347,51.61,8
4832,5747,305.11,8
1200,1865,191.10,11
2569,3150,41.59,10
1018,1809,241.35,10
2781,3454,119.73,10
1248,1822,0.00,9
2811,3286,0.00,10
1246,2154,165.88,11
2914,3515,89.32,8
1350,1927,51.49,8
3037,3514,0.00,10
1253,2331,369.65,11
3048,3613,243.66,10
1400,1869,0.00,11
3086,3650,199.58,8
1395,2209,79.66,11
3143,4049,376.20,9
1616,2511,0.00,9
3325,4127,273.48,10
1597,2210,53.23,9
3418,4144,244.25,9
1701,2726,55.76,10
3522,4186,84.89,10
1697,2442,60.08,9
3584,4378,230.30,8
1718,2351,47.83,8
3624,4432,221.97,9
1703,2717,0.00,8
3625,4072,0.00,10
1791,2811,320.54,9
3643,4145,0.00,8
1735,2780,169.75,9
3777,4491,289.33,8
1804,2653,81.76,9
0,460,0.00,5
1802,2691,249.72,8
0,468,0.00,9
1845,2605,0.00,10
0,311,0.00,4
1815,2543,0.00,10
0,590,55.70,8
1957,2555,0.00,8
161,980,42.10,8
1921,3048,406.88,10
228,724,215.59,10
2046,2824,55.53,11
247,1003,72.64,11
1963,2441,0.00,11
254,1154,586.83,11
2155,2942,142.90,11
413,925,12.59,10
2112,2898,226.95,9
429,1180,366.50,8
2361,2944,0.00,8
481,1047,0.00,9
2287,3028,123.76,8
489,1237,211.87,8
493,1272,273.20,10
2527,3416,207.08,10
604,1160,32.55,9
2516,2894,8.08,9
865,1573,411.80,11
2545,3394,169.63,11
945,1595,340.39,9
2533,3465,393.48,9
8875,9628,163.87,9
8998,9810,258.48,8
8806,9653,0.00,10
8854,9842,542.04,11
8754,9622,140.69,10
8790,9632,139.59,11
8691,9584,88.94,11
8720,9577,0.00,11
9495,10328,298.93,8
9552,10092,0.00,8
9329,9949,107.41,10
9409,9965,93.90,8
9170,9716,0.00,8
9188,9823,171.95,10
9050,9646,50.62,9
9060,9719,178.43,9
8189,8681,0.00,9
8163,8987,136.72,10
8104,8845,181.92,10
8069,8656,47.33,10
8059,8640,0.00,9
7995,8596,211.41,9
7917,8547,58.48,11
7756,8774,413.42,9
8645,9549,185.57,8
8540,9175,225.39,9
8508,9051,73.04,9
8376,9099,253.38,10
8302,8913,72.19,11
8251,9020,266.05,8
8242,8763,111.50,8
8239,8888,0.00,10
7227,8184,174.40,10
7245,7775,0.00,11
7257,7894,157.94,11
7357,7951,0.00,10
6882,7705,192.80,11
7133,7691,0.00,8
7145,8264,567.29,8
7223,7927,0.00,9
7590,8258,196.94,10
7605,8421,160.73,9
7631,8087,0.00,11
7740,8414,215.84,10
7391,7950,0.00,9
7429,8103,0.00,8
7476,8148,161.04,11
7481,8249,158.39,11
5789,6535,213.90,9
5715,6494,112.35,9
5856,6396,0.00,8
5855,6588,111.89,10
5660,6250,0.00,10
5604,6624,277.53,9
5702,6595,195.77,11
5673,5970,0.00,11
6469,7173,183.94,10
6372,7116,197.04,10
6777,7596,177.01,8
6596,7408,94.33,10
6017,6533,100.74,9
5947,7052,410.33,10
6296,6990,116.76,9
6150,6863,313.91,8
