100
0,356,409,1,0,0,2,0,648;630
1,340,394,1,0,0,2,1,648;670
1,455,543,1,0,0,5,1,584;555;613;490;794
1,453,536,1,0,0,5,1,605;557;615;492;796
0,238,498,1,0,0,0,0,
0,187,269,1,0,0,0,0,
1,339,418,1,0,0,2,1,719;671
0,272,353,1,0,0,2,0,786;738
0,57,314,1,0,0,0,0,
0,43,102,1,0,0,0,0,
0,105,193,1,0,0,0,0,
0,81,325,1,0,0,0,0,
1,972,1035,1,0,0,12,2,86;38;96;157;443;202;540;439;266;468;554;545
1,984,1070,1,0,0,12,1,60;26;84;157;431;190;528;427;254;456;542;533
1,1005,1091,1,0,0,12,2,53;1;63;157;410;169;507;406;233;435;521;512
1,1036,1254,1,0,0,11,5,22;32;157;325;138;476;375;202;404;490;481
1,800,871,1,0,0,11,1,120;48;268;145;449;615;374;712;611;438;640
1,824,898,1,0,0,12,1,120;48;244;109;425;591;350;688;587;414;616;702
1,840,1092,1,0,0,13,9,120;48;228;50;409;575;334;672;571;398;600;686;677
1,938,1233,1,0,0,13,9,113;48;130;7;311;477;236;574;473;300;502;588;579
1,646,914,1,0,0,9,9,369;364;422;299;603;769;528;866;765
1,647,728,1,0,0,9,3,155;363;421;298;602;768;527;865;764
1,723,998,1,0,0,9,7,155;287;345;222;526;692;451;789;688
1,743,945,1,0,0,9,5,155;48;325;202;506;672;431;769;668
1,487,744,1,0,0,5,3,571;523;581;458;762
0,491,571,1,0,0,5,0,369;519;577;454;758
0,515,601,1,0,0,6,0,369;495;553;430;734;900
1,602,691,1,0,0,8,3,369;408;466;343;647;813;572;910
1,2208,2412,1,0,0,7,3,140;338;72;504;181;1046;834
1,2191,2260,1,0,0,5,1,140;355;89;521;221
0,2180,2241,1,0,0,5,0,140;366;91;532;232
1,2158,2220,1,0,0,5,1,140;388;122;554;254
0,2152,2221,1,0,0,5,0,140;394;128;560;260
1,2117,2348,1,0,0,6,5,10;352;429;163;595;295
1,2088,2159,1,0,0,6,2,13;393;458;192;624;324
1,2075,2144,1,0,0,6,1,52;406;471;193;637;337
0,2559,2618,1,0,0,3,0,105;695;483
1,2528,2813,1,0,0,4,3,18;184;726;514
0,2498,2586,1,0,0,4,0,48;214;756;544
0,2475,2547,1,0,0,5,0,6;71;237;779;567
0,2408,2471,1,0,0,6,0,73;138;304;4;846;634
1,2352,2439,1,0,0,6,1,112;194;360;60;902;690
1,2314,2383,1,0,0,6,1,112;232;398;98;940;728
1,2300,2359,1,0,0,6,1,112;246;412;112;954;742
1,1925,2153,1,0,0,5,3,116;202;556;621;355
0,1936,2002,1,0,0,5,0,105;191;545;610;344
1,1816,1868,1,0,0,7,1,138;97;104;311;665;730;464
1,1826,1896,1,0,0,7,1,138;90;94;297;655;720;454
0,1762,1850,1,0,0,6,0,138;154;105;365;719;784
1,1764,1837,1,0,0,7,2,138;152;105;363;717;782;516
1,1743,1819,1,16,0,6,1,139;173;105;384;738;803
0,1747,1966,1,31,0,6,0,138;169;105;380;734;799
1,2056,2144,1,0,0,6,1,71;425;490;224;656;356
0,2071,2157,1,0,0,6,0,56;410;475;193;641;341
0,2006,2083,1,0,0,6,0,1;75;475;540;274;706
0,2012,2082,1,0,0,7,0,1;75;469;534;268;700;400
1,1993,2045,1,0,0,6,1,15;134;488;553;287;719
1,1998,2071,1,0,0,6,1,1;129;483;548;282;714
1,1952,2214,1,0,0,5,4,89;175;529;594;328
0,1954,2012,1,0,0,5,0,15;173;527;592;326
1,1563,1794,1,16,0,7,4,2;288;353;200;564;117;918
1,1558,1635,1,0,0,7,1,2;288;358;230;569;122;923
1,1586,1808,1,0,0,7,2,2;260;330;200;541;94;895
1,1574,1650,1,0,0,7,2,2;264;342;200;553;106;907
1,1532,1610,1,0,0,7,1,95;509;384;388;595;148;949
1,1520,1790,1,0,0,9,7,6;203;4;521;396;400;607;160;961
1,1554,1846,1,0,0,7,2,2;288;362;366;573;126;927
1,1543,1837,1,0,0,7,5,2;498;373;377;584;137;938
0,1686,1770,1,16,0,6,0,2;259;229;105;394;795
1,1659,1939,1,0,0,7,3,2;260;229;105;394;21;822
0,1741,1807,1,0,0,6,0,139;175;105;386;740;805
1,1719,1924,1,15,0,7,2,2;259;197;105;394;762;827
1,1625,1696,1,0,0,7,1,2;260;291;200;394;55;856
1,1601,1883,1,0,0,7,4,2;260;315;200;394;79;880
1,1649,1727,1,0,0,7,2,2;260;267;105;394;31;832
0,1627,1714,1,0,0,7,0,2;260;289;105;394;53;854
1,1165,1217,1,0,0,12,2,84;250;9;347;246;73;275;361;352;558;359;876
1,1180,1254,1,0,0,13,2,69;235;332;231;58;260;346;337;543;344;861;736;740
1,1183,1246,1,0,0,13,1,66;232;312;228;55;257;343;334;540;341;858;733;737
1,1194,1250,1,0,0,13,2,55;221;312;217;44;246;332;323;529;330;847;722;714
1,1060,1117,1,0,0,11,1,8;157;325;114;371;351;178;380;466;457;663
1,1095,1163,1,0,0,11,2,154;320;79;371;316;143;345;431;422;624;429
0,1113,1183,1,0,0,11,0,136;302;61;361;298;125;327;413;404;610;411
1,1133,1195,1,0,0,11,3,116;282;41;361;278;105;307;393;384;590;391
1,1378,1447,1,0,0,14,2,37;127;33;62;148;139;345;146;663;538;542;749;302;1103
1,1428,1478,1,0,0,12,1,84;12;98;89;295;96;613;488;492;699;252;1053
1,1452,1513,1,16,0,11,2,60;74;65;271;72;589;464;463;675;228;1029
1,1466,1537,1,0,0,11,1,46;60;51;257;58;575;450;454;661;214;1015
1,1227,1297,1,0,0,13,1,22;188;285;184;11;213;299;290;496;297;814;689;693
1,1324,1564,1,0,0,13,3,91;188;87;116;202;193;399;200;717;592;596;803;356
1,1328,1408,1,15,0,13,1,71;184;83;112;198;189;395;196;713;588;592;799;352
1,1361,1447,1,0,0,13,3,54;151;50;79;165;156;362;163;680;555;559;766;319
0,2597,2682,1,0,0,3,0,105;657;445
0,2648,2706,1,0,0,3,0,64;606;394
0,2694,2755,1,0,0,4,0,18;560;348;376
0,2718,2774,1,0,0,3,0,536;324;352
1,2766,2849,1,0,0,4,1,488;276;304;819
1,2776,2839,1,0,0,4,1,477;266;294;809
1,2816,3082,1,0,0,7,5,438;226;254;769;700;414;902
1,2817,2868,1,0,0,7,1,194;225;253;768;699;413;901
32
390,945,95.57,11
376,1068,0.00,11
251,1010,327.90,9
246,1058,589.98,8
573,1512,184.59,11
533,1174,0.00,11
497,1415,106.79,8
422,1249,186.49,10
1300,2127,273.16,11
1322,1680,0.00,10
1173,1916,123.13,11
1179,1920,350.83,8
1763,2280,62.87,9
1972,2712,79.69,9
1376,2481,281.74,11
1712,2546,0.00,11
783,1440,0.00,9
819,1526,0.00,10
619,1411,0.00,8
753,1238,0.00,9
1088,1524,0.00,8
1144,2041,448.63,9
839,1517,0.00,10
1043,1723,240.58,9
2812,3230,28.18,9
2813,3718,0.00,9
2735,3585,0.00,9
2783,3516,0.00,8
2207,3042,0.00,8
2685,3070,0.00,9
2009,2412,40.60,9
2195,3254,327.04,9
