103
0,2626,2711,1,0,0,7,0,251;434;252;270;457;628;880
1,2634,2689,1,0,0,7,1,243;426;252;262;449;620;872
0,2651,2726,1,0,0,7,0,226;409;243;245;432;603;855
1,2824,3043,1,0,0,8,4,53;236;87;72;259;430;682;703
1,2500,2586,1,0,0,8,2,66;377;85;26;553;411;396;583
1,2584,2835,1,0,0,8,7,293;10;476;327;312;499;670;922
1,2597,2858,1,0,0,7,7,280;463;260;299;486;657;909
1,2608,2682,1,0,0,7,1,269;452;257;288;475;646;898
1,2462,2687,1,0,0,8,6,104;415;132;64;598;449;434;621
1,2463,2513,1,0,0,8,1,88;414;131;63;597;448;433;620
1,2487,2571,1,0,0,8,2,79;390;107;39;573;424;409;596
1,2499,2566,1,0,0,8,2,67;378;85;27;561;412;397;584
1,2418,2501,1,0,0,7,2,111;455;146;108;642;493;478
1,2424,2705,1,0,0,7,5,107;453;146;102;636;487;472
1,2434,2719,1,0,0,7,4,105;443;146;92;626;477;462
0,2437,2525,1,0,0,7,0,105;422;146;89;623;474;459
1,2875,2934,1,0,0,9,1,2;185;34;21;208;268;631;652;618
1,2830,2902,1,0,0,9,1,30;230;81;66;253;424;676;697;663
1,2826,2881,1,0,0,8,1,36;234;85;70;257;428;680;701
1,2874,3113,1,0,0,9,4,3;186;34;22;209;380;632;653;619
1,2845,2896,1,0,0,9,1,30;215;65;51;238;409;661;682;648
1,936,996,1,15,0,7,1,213;279;479;570;410;794;551
1,972,1023,1,0,0,7,1,177;246;443;534;374;758;515
1,978,1034,1,0,0,7,1,171;223;437;528;368;752;509
1,991,1063,1,0,0,7,1,158;209;424;515;355;739;496
0,992,1043,1,0,0,7,0,157;176;423;514;354;738;495
0,1047,1111,1,0,0,7,0,102;171;368;459;299;683;440
1,1082,1141,1,0,0,8,1,67;136;333;424;264;648;405;456
1,1100,1179,1,0,0,8,2,49;118;315;406;246;630;387;438
1,726,936,1,0,0,6,3,146;423;492;689;780;620
1,730,948,1,0,0,6,4,142;419;488;658;776;616
1,779,1058,1,0,0,7,5,93;370;439;630;727;567;951
1,784,1073,1,0,0,7,4,88;365;434;605;722;562;946
1,795,873,1,0,0,7,1,74;354;423;605;711;551;935
1,816,882,1,0,0,8,1,56;333;402;599;690;530;862;671
1,820,909,1,0,0,8,1,35;329;398;595;686;526;862;667
1,923,1205,1,0,0,7,4,226;295;492;583;423;807;564
1,1355,1428,1,0,0,7,2,60;24;375;132;183;680;883
1,1346,1568,1,0,0,8,4,69;160;0;384;141;192;689;892
1,1381,1447,1,0,0,7,1,34;24;349;106;157;654;857
0,1356,1421,1,0,0,7,0,59;24;357;131;182;679;882
1,1402,1682,1,0,0,7,3,13;24;328;85;136;633;834
0,1400,1458,1,0,0,7,0,15;24;330;87;138;635;834
0,1567,1630,1,0,0,4,0,163;468;671;683
0,1403,1487,1,0,0,7,0,12;24;327;84;135;632;821
0,1107,1187,1,0,0,8,0,42;111;266;399;194;623;380;431
1,1103,1310,1,0,0,8,6,46;115;312;403;194;627;384;435
1,1234,1481,1,0,0,7,5,181;272;112;496;253;304;801
0,1224,1307,1,0,0,7,0,191;282;122;506;263;314;811
1,1254,1339,1,0,0,8,1,161;252;76;437;233;284;781;984
1,1238,1306,1,15,0,7,1,177;268;108;437;249;300;797
0,1320,1382,1,0,0,8,0,95;186;26;410;167;218;715;893
1,1316,1529,1,0,0,8,4,99;190;30;414;171;222;719;922
1,1877,2129,1,0,0,5,2,158;361;202;501;689
0,1891,1941,1,0,0,6,0,144;237;202;487;675;986
0,1840,1929,1,0,0,5,0,195;398;260;538;726
1,1861,2112,1,0,0,5,5,174;377;260;517;705
1,2073,2124,1,0,0,8,1,165;171;305;493;804;521;453;987
0,2091,2164,1,0,0,8,0,147;159;287;475;786;503;435;969
1,1941,2160,1,0,0,6,2,94;237;202;437;625;936
1,2054,2135,1,0,0,8,2,184;196;324;512;823;540;472;1006
1,1654,1718,1,0,0,5,1,76;381;584;444;724
0,1678,1766,1,0,0,5,0,52;357;560;444;700
0,1622,1672,1,0,0,4,0,108;413;616;628
1,1642,1920,1,0,0,5,3,88;393;596;608;736
1,1772,2070,1,0,0,5,5,263;466;444;606;794
1,1779,1836,1,0,0,5,1,256;459;260;599;787
0,1711,1778,1,0,0,5,0,19;324;527;444;667
0,1720,1775,1,0,0,5,0,10;315;518;444;658
1,2371,2443,1,0,0,8,1,7;195;506;184;155;689;540;525
0,2341,2415,1,0,0,8,0,37;225;536;184;185;719;570;555
1,2338,2549,1,0,0,8,3,40;228;539;256;188;722;573;558
1,2298,2387,1,0,0,7,1,80;268;562;296;228;762;613
1,2408,2485,1,0,0,7,2,143;455;146;118;652;503;488
1,2407,2465,1,0,0,7,1,143;455;184;119;653;504;489
1,2392,2459,1,0,0,7,1,143;485;184;134;668;519;504
1,2374,2456,1,0,0,8,2,4;192;497;184;152;686;537;522
0,2231,2314,1,0,0,8,0,7;19;147;335;646;363;295;829
0,2173,2235,1,0,0,8,0,65;77;205;393;703;421;353;887
1,2140,2211,1,0,0,8,2,98;110;238;426;737;433;386;920
1,2124,2381,1,0,0,8,5,114;126;254;442;753;470;402;936
0,2272,2327,1,0,0,7,0,106;294;562;322;254;788;639
0,2270,2342,1,0,0,7,0,108;296;562;324;256;790;641
1,2252,2317,1,0,0,7,1,126;314;590;342;274;808;659
1,2241,2291,1,0,0,8,1,9;137;325;636;353;285;819;670
1,432,669,1,0,0,3,2,263;440;717
1,511,561,1,0,0,5,1,184;361;638;707;904
1,512,585,1,0,0,5,1,183;360;637;706;857
1,539,626,1,0,0,5,1,156;333;610;679;857
1,588,827,1,0,0,5,3,107;284;561;630;827
1,593,650,1,0,0,5,1,102;248;556;625;822
1,631,882,1,0,0,5,3,64;241;518;587;784
0,704,759,1,0,0,6,0,168;445;514;711;802;642
0,73,125,1,0,0,0,0,
1,127,424,1,0,0,1,1,568
0,136,212,1,0,0,1,0,354
0,153,219,1,0,0,1,0,354
0,274,355,1,0,0,3,0,354;598;875
1,310,399,1,0,0,3,1,354;562;839
0,323,373,1,0,0,3,0,354;511;826
0,398,479,1,0,0,3,0,297;474;751
0,59,277,1,0,0,0,0,
0,10,83,1,0,0,0,0,
26
2830,3493,51.29,9
2817,3527,0.00,9
2543,3506,0.00,9
2538,3254,112.53,10
2443,3083,0.00,9
2336,2896,0.00,8
1112,2035,0.00,9
1252,2238,296.13,10
804,1487,0.00,11
1067,1538,0.00,10
681,1346,84.71,11
765,1730,151.68,10
437,1415,250.48,8
669,1506,136.50,8
1979,3060,8.94,10
2235,2911,131.62,10
1942,2594,189.30,10
1969,2526,0.00,8
1745,2566,127.99,10
1884,2877,201.25,9
1473,2250,444.02,11
1634,2378,45.63,8
173,872,174.76,11
122,695,214.61,9
433,1218,134.22,8
250,1149,0.00,9
