1002
1,14475,14546,1,0,0,7,1,123;357;683;601;469;640;536
1,14544,14608,1,0,0,9,1,54;288;683;532;469;571;467;815;878
1,14358,14597,1,0,0,7,3,49;59;222;474;683;718;682
1,14359,14411,1,0,0,7,1,48;58;222;473;683;717;469
0,14692,14755,1,0,0,10,0,140;578;384;348;423;319;535;561;571;852
1,14699,14776,1,0,0,10,1,133;571;377;341;416;312;535;561;564;845
1,14570,14867,1,0,0,10,9,28;262;683;506;469;545;441;789;852;693
1,14606,14829,1,0,0,10,5,226;664;470;434;509;405;753;561;657;938
1,14739,14828,1,0,0,10,1,62;531;337;301;376;272;507;561;524;741
0,14751,14838,1,0,0,10,0,60;519;325;289;364;260;507;561;512;741
1,14721,14948,1,0,0,10,4,62;549;355;319;394;290;535;561;542;823
1,14724,14804,1,0,0,10,2,62;546;352;316;391;287;507;561;539;820
1,14766,14833,1,0,0,10,2,60;504;310;274;349;184;507;561;377;741
1,14799,14870,1,0,0,10,3,33;471;277;241;316;184;507;561;377;741
1,14752,14993,1,0,0,10,3,60;518;324;288;363;259;507;561;511;741
1,14753,14828,1,0,0,10,3,60;517;323;287;362;258;507;561;377;741
1,14880,14967,1,0,0,11,1,390;196;160;235;131;479;542;377;640;736;415
1,14871,14955,1,0,0,11,2,399;205;169;244;140;488;551;377;673;745;424
1,14842,14899,1,0,0,11,3,428;234;198;273;144;507;561;377;702;774;453
0,14805,14882,1,0,0,11,0,27;465;271;235;310;144;507;561;377;739;811
1,14919,14996,1,0,0,12,2,351;157;121;196;92;440;503;344;493;548;376;844
1,14911,15167,1,0,0,12,7,359;165;129;204;100;448;511;352;493;548;384;942
1,14904,15107,1,0,0,11,5,366;172;136;211;107;455;518;359;493;698;391
1,14894,15099,1,0,0,11,7,376;182;146;221;117;465;528;369;640;698;401
0,15182,15235,1,0,0,11,0,88;177;222;81;362;434;113;671;694;412;715
1,15170,15249,1,0,0,10,2,100;189;252;93;374;446;125;683;706;424
1,15009,15080,1,0,0,14,1,261;67;31;106;2;350;413;254;493;548;286;844;867;585
1,14993,15203,1,0,0,14,6,277;83;47;122;18;366;429;270;493;548;302;844;883;601
1,15382,15455,1,0,0,9,1,40;162;234;471;494;212;515;575;710
1,15327,15401,1,0,0,9,1,32;95;217;289;526;549;267;570;630
1,15283,15360,1,0,0,9,3,76;139;261;333;12;561;593;311;614
1,15274,15333,1,0,0,9,3,85;148;270;342;21;579;602;320;623
1,15398,15474,1,0,0,9,5,24;134;218;455;478;196;499;559;694
1,15460,15759,1,0,0,8,4,84;156;393;416;134;437;497;632
0,15481,15569,1,0,0,8,0,63;135;372;395;113;416;242;611
0,15481,15695,1,0,0,8,0,63;135;372;395;113;416;242;611
0,15549,15638,1,0,0,7,0,67;304;327;45;348;242;543
1,15566,15785,1,0,0,8,2,50;287;310;28;331;242;526;648
1,15652,15723,1,0,0,6,3,201;224;245;240;440;562
0,15664,15718,1,0,0,6,0,189;212;233;240;384;550
1,15685,15736,1,0,0,6,2,168;191;212;240;384;529
0,15739,15798,1,0,0,8,0,114;137;158;218;353;475;699;646
1,15797,15862,1,0,0,10,1,56;79;100;160;295;417;641;588;329;615
1,15831,16126,1,0,0,10,4,22;45;66;126;261;383;607;554;295;581
1,15844,15902,1,15,0,10,1,9;32;53;113;248;370;355;541;282;568
1,15858,16148,1,0,0,9,5,18;39;99;225;356;355;527;268;554
1,15868,15939,1,0,0,9,1,8;29;89;224;346;355;517;183;544
1,15952,16203,1,0,0,7,3,5;140;262;355;433;174;460
1,16056,16130,1,16,0,8,2,36;158;355;183;70;356;582;910
1,15968,16052,1,0,0,6,2,124;246;355;183;158;444
1,16194,16269,1,0,0,7,2,20;244;183;218;444;772;501
1,16155,16448,1,0,0,7,5,59;283;183;257;483;811;736
1,16228,16279,1,0,0,6,2,210;126;184;410;738;501
1,16218,16304,1,0,0,6,1,220;133;194;420;748;501
0,16325,16402,1,0,0,6,0,113;60;87;313;641;501
1,16284,16359,1,0,0,6,1,154;101;128;354;682;501
1,16463,16704,1,0,0,5,3,175;503;428;417;878
1,16399,16476,1,0,0,6,1,39;13;239;567;492;481
1,16521,16807,1,0,0,6,4,117;445;370;359;738;377
0,16489,16568,1,0,0,6,0,149;477;402;391;738;409
1,16657,16723,1,0,0,7,1,188;234;223;609;241;703;225
1,16597,16862,1,0,0,8,5,41;369;294;283;609;301;763;285
1,16662,16735,1,0,0,8,1,188;229;197;609;236;698;220;483
1,16658,16737,1,0,0,7,1,188;233;205;609;240;702;224
0,12575,12656,1,0,0,5,0,92;169;432;670;370
0,12578,12644,1,0,0,5,0,89;166;429;667;370
1,12517,12588,1,0,0,5,3,150;227;490;690;370
0,12561,12648,1,0,0,5,0,106;183;446;683;370
0,12478,12560,1,0,0,6,0,189;266;3;529;691;370
1,12508,12570,1,0,0,5,3,159;236;499;691;370
1,12445,12694,1,0,0,6,2,222;269;36;534;691;564
1,12464,12669,1,0,0,6,2,203;269;17;534;691;373
1,12933,12987,1,0,0,4,1,53;312;76;438
1,12942,13013,1,0,0,4,1,53;303;67;429
1,12916,12967,1,0,0,4,1,91;329;93;455
0,12919,12970,1,0,0,4,0,53;326;90;452
1,12787,12869,1,0,0,4,1,220;458;222;584
1,12825,12889,1,0,0,4,1,182;420;184;546
1,12703,12753,1,0,0,5,1,41;304;542;306;668
1,12730,12810,1,0,0,5,1,14;270;515;279;641
1,13165,13236,1,0,0,3,1,11;206;727
1,13139,13207,1,0,0,3,1,11;232;753
1,13089,13382,1,0,0,2,1,11;282
0,13059,13110,1,0,0,2,0,11;312
0,13045,13313,1,0,0,2,0,11;326
0,13026,13107,1,0,0,2,0,11;345
1,13025,13284,1,0,0,2,2,220;346
1,13025,13301,1,0,15,2,2,19;346
1,13504,13554,1,0,0,5,1,388;530;580;258;755
0,13495,13568,1,0,0,5,0,397;539;580;267;764
1,13423,13720,1,0,0,3,2,469;611;833
0,13307,13374,1,0,0,2,0,64;578
0,13296,13382,1,0,0,2,0,75;578
0,13263,13317,1,0,0,2,0,108;578
1,13207,13438,1,0,0,3,2,1;164;685
1,13181,13268,1,0,0,3,1,11;188;711
1,13578,13632,1,0,0,9,1,314;456;580;184;549;453;386;829;438
1,13618,13683,1,0,0,9,2,274;416;580;144;549;415;342;789;398
1,13660,13715,1,0,0,9,2,232;374;577;102;549;373;304;747;356
1,13709,13765,1,0,0,10,1,183;325;547;53;549;324;255;698;307;708
1,13522,13583,1,0,0,6,1,370;512;580;240;737;511
1,13523,13605,1,0,0,6,2,369;498;580;239;736;510
0,13528,13613,1,0,0,6,0,364;498;580;234;731;453
1,13537,13794,1,0,0,8,3,355;497;580;225;722;453;427;870
1,13921,13996,1,0,0,10,1,113;335;338;112;43;486;95;339;677;875
1,13933,14019,1,0,0,10,2,101;323;323;100;31;474;83;339;665;875
1,13973,14049,1,0,0,9,1,61;283;286;60;434;43;339;625;859
0,13973,14054,1,0,0,9,0,61;283;276;60;434;43;339;625;859
1,13823,14121,1,0,16,9,7,69;211;433;436;210;141;584;193;594
1,13854,13932,1,0,0,9,1,38;180;402;405;179;110;553;162;339
0,13879,13935,1,0,0,10,0,13;155;377;380;154;85;528;111;339;719
1,13915,13975,1,0,0,10,3,119;341;344;118;49;492;101;339;683;917
0,14145,14216,1,0,0,8,0,111;114;262;272;453;662;1125;931
1,14088,14164,1,0,0,7,1,168;171;319;329;510;662;1182
1,14193,14425,1,0,0,8,6,63;66;214;224;405;595;1077;883
1,14185,14272,1,0,0,8,2,71;74;222;232;413;647;1085;891
1,14026,14099,1,0,0,9,1,8;230;233;7;381;339;572;662;1244
1,13994,14247,1,16,0,10,6,40;262;265;39;413;22;339;604;838;1276
0,14058,14129,1,0,0,7,0,198;182;349;339;540;662;1212
1,14051,14114,1,0,0,7,1,200;208;356;339;547;662;1219
1,14322,14621,1,0,0,7,5,85;95;276;510;846;745;718
1,14285,14358,1,0,0,6,1,122;132;300;547;846;745
1,14353,14437,1,15,0,7,1,54;64;245;479;683;723;687
1,14345,14406,1,0,0,7,1,62;72;253;487;683;731;695
0,14226,14280,1,0,0,8,0,30;33;181;191;372;595;846;745
1,14210,14455,1,0,0,8,5,46;49;197;207;388;595;846;866
1,14252,14305,1,0,0,8,1,4;7;155;165;346;580;846;745
1,14238,14441,1,0,0,8,4,18;21;169;179;360;594;846;745
1,19108,19174,1,0,0,10,1,111;118;248;17;180;209;251;254;443;521
1,19106,19402,1,0,0,10,6,113;118;250;19;182;211;253;392;445;523
1,19027,19094,1,0,0,8,1,192;118;317;98;206;290;332;471
1,19021,19106,1,0,0,8,1,198;118;335;104;206;296;338;477
0,19233,19295,1,0,0,9,0,20;123;55;84;126;238;190;396;958
1,19208,19265,1,0,0,10,2,11;30;148;80;109;151;254;190;421;983
1,19194,19268,1,0,0,10,1,25;59;162;94;123;165;254;190;435;997
1,19150,19385,1,15,0,10,5,69;103;204;138;167;209;254;401;479;1041
1,18762,18824,1,0,0,9,1,127;150;457;59;122;417;590;363;526
1,18737,18959,1,0,16,9,6,152;152;482;84;147;451;590;388;551
1,18732,18818,1,0,0,9,3,157;152;487;89;152;452;590;393;556
1,18713,18775,1,0,0,9,1,176;152;506;108;171;452;643;412;575
1,18930,19139,1,0,0,6,3,289;323;426;124;206;387
1,18911,19147,1,0,0,7,2,1;308;342;445;124;336;406
1,18885,19165,1,0,0,7,4,4;27;334;368;471;240;336
1,18876,19101,1,0,0,8,3,13;36;343;8;377;480;249;412
0,19582,19647,1,0,0,4,0,47;609;207;804
0,19604,19682,1,0,0,4,0,25;587;185;782
1,19453,19540,1,0,0,5,2,45;98;176;715;336
0,19574,19630,1,0,0,4,0,55;617;215;812
1,19700,19780,1,0,0,3,1,491;89;599
1,19712,19792,1,15,0,3,1,479;77;599
1,19637,19704,1,0,0,3,1,554;152;749
1,19663,19913,1,0,0,3,1,528;126;723
0,19276,19327,1,0,0,9,0,80;12;41;83;212;190;353;915;513
0,19299,19349,1,0,0,8,0,57;18;60;199;190;330;892;490
1,19235,19307,1,0,0,9,2,18;121;53;82;124;238;190;394;956
1,19264,19317,1,0,0,9,2,92;24;53;95;234;190;365;927;525
1,19377,19433,1,0,0,5,1,121;174;252;715;394
0,19446,19509,1,0,0,5,0,52;105;183;715;343
1,19305,19594,1,0,0,8,6,51;12;54;193;190;324;886;484
1,19329,19409,1,0,0,7,1,27;30;169;190;300;715;460
1,20050,20112,1,0,0,6,1,141;336;387;287;501;635
1,20002,20081,1,0,0,6,1,189;384;435;335;549;683
1,20113,20172,1,0,0,6,1,78;273;324;224;438;572
1,20064,20123,1,0,0,6,1,127;322;373;273;487;621
1,20147,20207,1,0,0,7,1,44;239;290;190;402;538;765
1,20147,20227,1,0,0,7,2,44;239;290;190;367;538;765
1,20209,20276,1,0,0,6,2,177;228;117;342;476;703
1,20151,20204,1,0,15,7,2,40;235;286;117;367;534;761
0,19766,19855,1,0,0,4,0,420;23;599;671
0,19735,19793,1,0,0,3,0,420;54;599
1,19829,19882,1,0,0,5,1,362;557;608;508;592
1,19798,20006,1,0,0,5,2,393;588;639;539;753
1,19905,19970,1,0,0,6,1,286;481;532;432;592;780
0,19841,19902,1,0,0,5,0,315;545;596;496;592
0,19992,20046,1,0,0,6,0,199;394;445;345;559;693
1,19914,19995,1,0,0,6,1,253;472;523;423;592;771
1,20500,20577,1,0,0,8,1,51;185;412;899;478;482;726;524
1,20508,20580,1,0,0,8,1,43;177;402;891;470;474;718;516
1,20543,20593,1,0,0,8,1,8;142;369;856;435;439;683;471
1,20623,20678,1,0,0,8,1,62;289;776;355;359;603;401;801
1,20679,20731,1,0,0,10,2,6;233;720;299;303;547;345;745;603;790
1,20686,20928,1,0,0,9,7,226;713;292;296;540;338;721;596;783
1,20770,20859,1,0,0,10,2,142;584;208;212;456;254;654;512;699;810
1,20778,20860,1,0,0,11,2,134;584;200;204;448;246;646;504;691;756;872
0,20244,20321,1,0,0,6,0,142;193;93;307;441;668
1,20313,20393,1,0,0,8,2,73;124;24;238;372;599;1086;665
0,20334,20404,1,0,0,8,0,52;103;1;217;351;578;1065;644
1,20356,20442,1,0,0,7,2,30;81;195;329;556;1043;622
1,20362,20429,1,0,0,7,1,24;75;189;323;550;1037;574
1,20396,20450,1,0,0,8,1,41;155;289;516;1003;574;586;830
0,20408,20484,1,0,0,8,0,29;143;277;488;991;570;574;818
0,20463,20522,1,0,0,7,0,88;222;449;936;515;519;763
0,17075,17130,1,0,0,5,0,266;285;70;324;530
1,17021,17271,1,0,0,5,1,320;299;124;378;530
1,17005,17285,1,0,0,5,4,336;299;140;394;784
1,16863,16914,1,0,0,8,2,103;28;17;478;35;299;19;282
1,16850,17132,1,0,0,8,4,116;36;30;491;48;510;32;286
1,16816,16882,1,0,0,8,1,150;75;64;525;82;544;66;286
1,16799,16885,1,0,0,8,2,167;92;81;542;99;561;83;300
1,16795,16868,1,0,0,8,2,171;96;85;546;103;565;87;313
1,16782,16834,1,0,0,8,2,184;109;98;559;116;578;93;363
1,16755,16808,1,0,0,8,2,188;136;125;585;143;605;93;390
1,16746,16817,1,0,0,8,2,188;145;134;595;151;614;93;399
0,16729,16783,1,0,0,8,0,188;145;151;609;151;631;93;416
1,16723,16809,1,0,0,8,1,188;145;157;609;151;637;159;422
1,16721,16805,1,0,0,8,1,188;145;159;609;177;639;161;424
1,16702,16781,1,0,0,8,1,188;189;176;609;196;658;180;443
1,16670,16737,1,0,0,8,1,188;213;197;609;228;690;212;475
0,17486,17554,1,0,0,8,0,303;290;596;311;402;449;705;535
1,17489,17782,1,0,0,8,6,300;287;596;308;399;446;702;535
1,17363,17445,1,0,0,7,1,30;426;413;596;434;417;572
1,17429,17719,1,0,0,8,8,360;347;596;368;417;506;762;765
1,17317,17372,1,0,0,8,1,24;30;82;472;459;619;480;417
1,17353,17403,1,0,0,8,2,7;30;436;423;619;444;417;582
1,17302,17550,1,0,0,8,5,39;58;97;487;474;619;495;586
1,17306,17388,1,0,0,8,1,35;54;93;483;470;619;491;417
1,17286,17360,1,0,0,8,3,55;74;113;503;490;806;511;602
1,17291,17577,1,0,0,8,4,50;69;108;498;485;743;506;597
1,17204,17290,1,0,0,8,1,137;156;133;530;572;888;593;684
0,17261,17336,1,0,0,8,0,80;99;133;528;515;831;536;627
1,17152,17231,1,0,0,7,1,189;208;198;530;624;940;645
1,17183,17237,1,0,0,7,1,158;177;133;530;593;909;614
1,17085,17328,1,0,0,6,3,256;275;60;314;530;691
0,17101,17161,1,0,0,7,0,240;259;44;198;530;675;991
1,17927,18179,1,0,0,12,6,165;8;264;267;594;129;401;297;771;697;568;962
1,17925,18013,1,0,0,12,2,167;10;266;269;596;131;474;297;773;699;570;964
1,17956,18012,1,0,0,11,1,136;235;238;565;100;401;297;556;668;539;933
1,17935,18004,1,0,0,12,2,157;0;256;259;586;121;401;297;556;689;560;954
1,17848,17921,1,0,0,10,2,244;40;87;343;346;673;208;551;521;850
1,17796,17874,1,16,0,10,2,261;1;92;139;395;398;702;260;603;573
1,17873,17954,1,0,0,11,2,219;15;62;290;321;648;183;526;297;825;751
1,17852,18145,1,0,0,11,10,240;36;83;290;342;669;204;547;517;846;772
1,17702,17757,1,0,0,10,3,87;74;390;95;186;233;489;492;819;354
0,17638,17721,1,0,0,10,0,151;138;454;159;250;297;553;535;883;418
1,17784,17853,1,0,0,11,2,5;308;13;104;151;407;410;702;272;615;585
1,17736,17824,1,0,0,10,2,53;40;356;61;152;199;455;458;785;320
0,17530,17592,1,0,0,10,0,259;246;467;267;353;405;661;535;991;526
1,17516,17577,1,0,0,10,1,273;260;467;281;372;419;675;535;1005;540
1,17626,17714,1,0,0,10,3,163;150;466;171;262;309;565;535;895;430
1,17567,17621,1,0,0,10,2,222;209;467;230;321;368;624;535;954;489
1,18614,18677,1,0,0,7,2,84;10;275;298;596;207;270
1,18626,18849,1,0,0,8,5,72;263;286;564;195;258;627;730
1,18690,18754,1,0,0,10,1,8;199;222;529;131;194;452;666;435;598
1,18693,18769,1,0,0,10,1,5;196;163;526;128;191;452;663;432;595
1,18405,18702,1,0,0,7,3,116;293;219;90;484;507;814
1,18477,18538,1,0,0,9,2,44;221;147;18;412;435;603;344;407
0,18543,18602,1,0,0,7,0,155;81;346;369;603;278;341
1,18574,18653,1,0,0,7,3,124;50;315;338;603;247;310
1,18258,18544,1,0,0,8,3,263;141;111;440;366;237;631;654
1,18265,18347,1,0,0,8,2,256;134;104;344;359;230;624;647
1,18282,18345,1,0,0,8,1,239;81;87;344;342;213;607;630
0,18359,18442,1,0,0,8,0,162;40;10;339;265;136;530;553
1,18020,18093,1,0,0,11,3,72;171;174;501;36;379;297;556;604;475;869
1,18034,18113,1,0,16,11,3,58;157;160;487;22;365;259;556;590;461;855
1,18088,18151,1,0,0,10,3,4;103;106;433;311;259;556;536;407;801
1,18160,18221,1,0,0,9,3,31;34;361;239;209;538;464;335;729
1,7000,7078,1,0,0,4,1,446;289;176;307
1,6978,7050,1,0,0,4,2,468;311;198;308
1,7026,7282,1,0,0,4,1,420;263;114;298
0,7001,7058,1,0,0,4,0,445;288;114;307
1,7138,7217,1,0,0,8,2,303;151;38;186;811;592;278;854
1,7027,7095,1,0,0,4,2,303;262;114;297
1,7213,7293,1,0,0,8,3,233;76;111;736;512;203;779;761
1,7197,7276,1,0,0,8,1,249;92;127;751;533;219;795;777
1,7256,7343,1,0,0,9,2,190;33;68;693;474;160;716;687;776
1,7239,7291,1,0,0,8,2,207;50;85;710;491;177;716;735
1,7286,7344,1,0,0,9,1,160;3;38;663;444;130;706;687;746
1,7267,7337,1,0,0,9,1,179;22;57;680;463;149;716;687;765
1,7395,7476,1,0,0,10,3,51;554;335;21;597;579;637;209;356;969
1,7343,7407,1,0,0,9,1,103;606;387;73;649;631;689;261;408
1,7517,7589,1,0,0,9,1,432;213;475;457;515;87;234;847;273
0,7447,7524,1,0,0,8,0,502;283;545;527;582;157;304;917
1,6238,6315,1,0,0,9,2,82;74;419;221;292;57;180;284;323
1,6239,6321,1,0,0,9,2,81;49;418;220;291;56;179;283;323
1,6297,6382,1,0,0,9,3,23;15;360;162;233;121;225;323;530
1,6351,6419,1,0,0,7,2,306;108;179;67;171;323;476
1,6351,6440,1,0,0,7,1,306;108;150;67;171;323;476
0,6359,6430,1,0,0,7,0,298;100;150;59;163;323;468
1,6367,6430,1,0,0,7,1,290;92;150;51;155;323;460
0,6547,6602,1,0,0,4,0,110;224;280;899
0,6560,6647,1,0,0,4,0,97;211;267;886
0,6649,6732,1,0,0,4,0,8;122;178;797
0,6662,6723,1,0,0,3,0,109;165;784
1,6695,6948,1,0,0,5,2,76;132;751;594;481
0,6696,6757,1,0,0,5,0,75;131;750;520;480
1,6705,6764,1,0,0,5,1,66;122;741;520;471
0,6829,6882,1,0,0,4,0,617;425;347;495
1,6968,7022,1,0,0,4,2,478;321;208;356
1,8198,8266,1,0,0,9,2,166;204;417;310;236;548;490;684;579
1,8143,8206,1,0,0,9,2,221;259;472;365;236;603;545;739;634
1,8137,8400,1,0,0,9,9,227;265;478;371;477;609;551;745;640
0,8083,8162,1,0,0,8,0,281;319;532;425;531;611;584;799
0,8299,8373,1,0,0,9,0,65;103;316;209;236;447;389;583;389
1,8291,8568,1,0,0,9,5,73;111;324;217;236;455;397;591;486
0,8284,8342,1,0,0,9,0,80;118;331;224;236;462;404;598;493
0,8267,8355,1,0,0,9,0,97;135;348;241;236;479;421;615;510
1,8450,8724,1,0,0,7,3,165;58;164;296;68;432;261
1,8383,8665,1,0,0,8,3,19;232;125;231;363;305;499;261
0,8359,8418,1,0,0,9,0,5;43;256;149;236;387;329;523;261
1,8302,8582,1,0,0,9,4,62;100;313;206;236;444;386;580;389
1,8590,8664,1,0,0,10,2,25;24;156;68;292;187;857;611;267;1015
1,8531,8611,1,0,0,9,1,84;83;214;68;351;246;916;670;326
1,8507,8565,1,0,0,10,1,108;1;107;239;68;375;251;940;694;350
1,8452,8663,1,0,0,7,2,163;56;162;294;68;430;251
1,7595,7680,1,0,0,10,4,354;135;397;379;437;9;156;769;195;122
0,7703,7783,1,0,0,10,0,246;27;289;271;329;48;661;87;14;699
1,7555,7630,1,0,0,10,2,394;173;437;419;477;49;196;809;235;162
1,7557,7627,1,0,0,10,1,367;173;435;417;475;47;194;807;233;160
0,7778,7850,1,0,0,9,0,162;214;196;254;586;12;624;837;730
1,7788,8052,1,0,0,9,3,161;204;186;244;576;2;614;827;720
0,7722,7795,1,0,0,10,0,227;8;270;252;310;29;642;68;680;893
1,7771,7823,1,0,0,9,1,178;221;203;261;593;19;631;844;737
1,7922,7998,1,0,0,10,1,27;70;52;110;325;480;693;586;692;824
0,7926,7979,1,0,0,10,0,17;66;48;106;325;476;689;582;688;820
0,7841,7904,1,0,0,9,0,108;151;133;191;325;561;774;667;773
0,7867,7935,1,0,0,9,0,82;125;107;165;325;535;748;641;747
1,8065,8136,1,0,0,7,2,299;337;550;443;549;681;614
1,8082,8156,1,0,0,8,3,282;320;533;426;532;611;606;800
1,7939,8019,1,0,0,10,1,10;53;35;93;325;463;676;569;675;807
1,8005,8270,1,0,0,8,7,27;325;397;610;503;609;741;683
1,5125,5379,1,0,0,11,8,181;566;198;448;271;376;315;578;354;771;615
1,5106,5184,1,0,0,12,4,200;566;13;217;467;290;395;334;597;383;790;634
1,5166,5236,1,0,0,12,4,140;566;157;407;230;335;274;537;327;730;574;893
1,5131,5203,1,0,0,11,4,175;566;192;442;265;370;309;572;354;765;603
0,4964,5026,1,0,0,12,0,47;272;836;155;359;609;432;537;418;739;383;932
1,4931,4994,1,0,0,12,2,80;272;869;188;392;642;465;570;418;772;383;965
1,5042,5317,1,0,0,11,9,264;758;77;281;531;354;459;398;661;383;828
1,5006,5262,1,0,0,12,7,5;272;794;113;317;567;390;495;418;697;383;890
1,5334,5597,1,0,0,10,5,466;239;62;167;106;369;159;562;406;717
1,5324,5403,1,0,0,10,2,476;249;72;177;116;379;169;572;416;735
1,5422,5511,1,0,0,12,5,378;151;79;18;281;71;474;318;637;618;199;466
1,5367,5421,1,0,0,12,2,433;206;29;134;73;336;126;529;373;692;673;254
1,5192,5453,1,0,0,12,11,114;566;131;375;204;309;248;511;301;704;548;867
1,5180,5231,1,0,0,12,4,126;566;143;390;216;321;260;523;313;716;560;879
1,5252,5506,1,0,0,12,6,54;506;71;321;144;249;188;451;241;644;416;807
1,5243,5298,1,15,0,12,5,63;557;80;330;153;258;197;460;250;653;416;816
1,4574,4644,1,0,0,7,2,145;277;437;732;1127;545;749
1,4614,4850,1,0,0,7,2,105;237;397;692;1127;505;709
1,4647,4699,1,0,0,9,2,72;204;364;538;1127;472;676;926;749
1,4715,4993,1,0,0,9,6,4;136;296;538;1085;404;608;858;681
1,4406,4651,1,0,0,4,3,250;445;605;900
1,4423,4503,1,0,0,4,1,250;428;588;751
0,4555,4630,1,0,0,6,0,164;296;456;751;1245;564
1,4567,4783,1,0,0,7,4,152;284;444;739;1233;552;756
1,4827,5079,1,0,0,11,8,24;184;479;973;292;496;746;525;673;613;854
1,4845,5123,1,0,0,12,7,6;166;461;955;274;478;728;525;656;418;854;648
1,4853,5053,1,0,0,11,3,158;453;947;266;470;720;525;648;418;850;512
1,4878,5109,1,0,0,11,4,133;428;922;241;445;695;518;623;418;825;383
0,4732,4792,1,0,0,9,0,119;279;538;1068;387;591;841;544;769
1,4781,4842,1,0,0,9,1,70;230;525;1019;338;542;792;544;720
1,4806,4881,1,0,0,11,2,45;205;500;994;313;517;767;544;673;634;897
1,4806,4858,1,0,0,11,3,45;205;500;994;313;517;767;544;673;634;854
1,5983,6059,1,0,0,8,1,76;57;337;329;671;476;547;312
1,5979,6067,1,0,0,8,1,80;61;341;329;678;480;551;316
1,5946,6015,1,0,0,8,2,113;94;374;335;711;513;584;349
1,5925,6008,1,0,0,8,3,134;115;395;335;732;534;605;370
1,5913,5974,1,0,0,8,1,146;127;407;335;744;546;617;382
1,5890,6147,1,0,0,9,4,6;169;150;430;335;767;569;640;405
1,5861,5933,1,0,0,10,3,35;198;179;27;459;335;796;598;669;412
1,5859,5924,1,0,0,10,1,37;200;181;29;461;335;798;600;671;421
1,6228,6519,1,0,0,9,3,92;84;429;231;302;67;190;294;543
0,6213,6282,1,0,0,9,0,107;99;444;245;317;82;205;309;558
1,6185,6239,1,0,0,9,3,135;127;472;274;345;110;233;337;586
1,6072,6148,1,0,0,7,2,248;228;554;387;458;223;346
1,6071,6282,1,15,0,7,3,249;228;586;388;459;224;347
1,6053,6105,1,0,0,8,2,6;267;244;604;406;477;242;365
1,6045,6267,1,0,0,7,2,14;275;267;612;414;485;250
1,6018,6097,1,0,0,8,1,41;22;302;294;639;441;512;277
1,5658,5934,1,0,0,11,7,142;45;238;82;401;382;230;662;654;999;801
1,5711,5795,1,0,16,11,4,89;185;29;348;329;177;609;601;907;748;819
1,5551,5615,1,0,0,11,2,249;22;152;345;189;508;489;70;337;739;761
1,5615,5686,1,0,0,12,2,185;88;281;125;444;425;6;273;705;697;1042;844
0,5499,5554,1,0,0,11,0,301;74;2;204;397;241;560;541;122;389;821
1,5531,5601,1,0,0,11,3,269;42;172;365;209;528;509;90;357;789;781
1,5436,5504,1,0,0,12,4,334;137;65;4;267;57;460;304;623;604;185;452
0,5455,5544,1,0,0,11,0,332;118;46;248;38;441;285;604;585;166;433
0,5789,5868,1,0,0,11,0,11;107;270;251;49;531;523;868;670;741;421
1,5823,6120,1,0,16,10,8,73;236;217;49;497;489;834;636;707;421
0,5773,5847,1,0,0,11,0,27;123;286;267;49;547;539;884;686;757;522
1,5778,5995,1,0,0,11,4,22;118;281;262;49;542;534;879;681;752;517
1,5739,5941,1,0,0,11,4,61;157;1;292;301;149;581;573;907;720;791
1,5759,5827,1,0,0,11,3,41;137;292;281;50;561;553;898;700;771;536
1,5734,5809,1,0,0,11,1,66;162;6;325;306;154;586;578;907;725;791
1,5735,5809,1,0,0,11,2,65;161;5;324;305;153;585;577;907;724;791
1,11173,11253,1,0,0,9,2,95;297;361;121;275;242;461;509;536
1,11181,11258,1,0,0,9,1,87;297;353;113;267;242;461;501;536
1,11185,11240,1,0,0,9,2,83;297;349;109;263;242;460;497;536
1,11205,11479,1,0,0,9,5,63;297;329;89;243;236;460;477;524
0,11231,11317,1,0,0,9,0,37;297;303;63;217;210;460;314;498
1,11241,11457,1,0,0,9,2,27;297;293;53;207;200;460;314;488
1,11290,11367,1,15,0,8,2,297;244;4;158;151;438;314;439
1,11313,11604,1,0,0,7,3,297;221;135;128;438;314;412
1,11063,11121,1,0,0,9,2,53;205;567;460;231;385;378;795;619
1,11108,11336,1,0,0,10,6,8;160;522;426;186;340;333;750;574;621
1,11109,11166,1,0,0,10,2,7;159;521;425;185;339;332;749;573;566
0,11117,11167,1,0,0,9,0,151;513;399;177;331;324;741;565;566
1,11126,11181,1,0,0,9,2,142;504;399;168;322;315;732;556;566
1,11130,11337,1,0,0,9,4,138;500;399;164;318;311;728;552;536
1,11130,11361,1,0,0,9,6,138;297;399;164;318;311;728;552;536
1,11136,11406,1,0,16,9,6,132;297;398;158;312;242;722;546;536
1,10780,10848,1,0,0,5,1,336;488;850;754;514
1,10719,10776,1,0,0,7,1,29;44;387;549;890;815;575
1,10827,10895,1,0,0,5,1,289;441;803;647;467
1,10822,10899,1,0,0,5,1,294;446;808;712;472
0,10949,11029,1,0,0,7,0,167;319;681;585;345;499;492
1,10900,10967,1,0,0,7,1,216;368;730;634;394;548;541
1,11047,11136,1,0,0,9,2,69;221;583;487;247;401;394;811;635
1,11018,11085,1,0,0,8,1,98;250;612;516;276;430;423;840
1,10500,10580,1,0,0,7,2,248;19;163;207;387;192;768
1,10482,10561,1,0,0,8,2,266;16;37;181;215;387;210;786
0,10540,10616,1,0,0,6,0,208;123;189;387;152;728
0,10536,10599,1,0,0,6,0,212;127;189;387;156;732
1,10561,10634,1,0,0,6,1,187;102;189;387;131;707
1,10540,10611,1,0,0,6,1,208;123;189;387;152;728
1,10671,10883,1,0,0,6,2,77;61;387;21;597;959
1,10661,10750,1,0,0,7,2,87;2;102;387;31;607;969
0,12205,12276,1,0,0,5,0,78;462;269;102;174
0,12224,12289,1,0,0,5,0,59;443;269;83;174
1,12175,12438,1,0,0,6,2,108;8;492;517;132;174
1,12197,12476,1,0,0,5,3,86;470;496;110;174
1,12410,12499,1,0,0,5,2,257;269;71;537;835
1,12436,12711,1,0,0,5,3,231;269;45;534;809
1,12238,12497,1,0,0,6,3,45;429;269;69;174;769
0,12375,12432,1,0,0,5,0,292;269;106;537;870
0,11982,12058,1,0,0,5,0,301;201;45;685;762
1,11984,12045,1,0,0,5,1,299;199;43;683;760
1,11920,11988,1,0,0,5,2,363;263;107;747;824
0,11943,12031,1,0,0,5,0,339;240;84;724;801
1,12113,12188,1,0,0,6,2,170;70;553;517;194;368
1,12153,12442,1,0,0,6,3,130;30;514;517;154;328
1,12064,12303,1,0,0,6,4,219;119;603;680;243;417
1,12089,12146,1,0,0,6,2,194;94;578;517;218;392
0,11703,11781,1,0,0,5,0,155;24;518;265;324
1,11697,11944,1,0,0,4,2,161;24;518;486
0,11672,11753,1,0,0,4,0,186;10;24;518
0,11661,11729,1,0,0,4,0,197;21;24;518
0,11850,11935,1,0,0,6,0,8;433;265;147;817;894
1,11749,11800,1,0,0,4,1,109;518;265;147
1,11716,11945,1,0,0,5,2,109;13;518;265;311
1,11714,11795,1,0,0,5,1,144;15;518;265;313
0,11423,11493,1,0,0,8,0,207;111;25;18;403;259;306;842
0,11416,11479,1,0,0,8,0,214;118;32;25;403;266;313;842
0,11401,11477,1,0,0,8,0,229;133;47;40;403;281;328;842
1,11372,11452,1,0,0,8,2,258;162;76;69;403;310;357;911
1,11635,11858,1,0,0,4,1,223;47;24;648
0,11563,11622,1,16,0,5,0,67;295;119;24;650
1,11490,11775,1,0,0,6,3,140;44;368;192;24;793
1,11434,11723,1,0,0,8,3,196;100;14;7;403;248;295;842
1,9401,9474,1,0,0,5,2,46;204;618;408;495
1,9427,9501,1,0,0,5,1,10;178;606;382;469
1,9441,9494,1,0,0,5,1,6;164;592;368;414
1,9532,9614,1,0,0,4,2,73;501;277;364
1,9326,9393,1,0,0,6,3,121;279;28;707;459;570
1,9337,9413,1,0,0,6,2,110;268;17;696;447;559
1,9337,9613,1,0,0,6,3,91;268;17;696;447;559
1,9365,9427,1,0,0,5,2,82;240;618;444;531
1,9168,9236,1,0,0,8,1,279;33;428;77;155;186;753;641
1,9169,9392,1,0,0,8,3,278;32;386;76;154;185;753;640
1,9267,9522,1,0,0,7,5,180;338;56;87;753;518;629
1,9299,9349,1,0,0,7,3,148;306;24;55;734;459;597
1,9010,9230,1,0,0,6,1,405;191;428;90;313;344
1,9091,9166,1,0,0,8,2,356;110;428;90;232;263;942;718
1,9100,9176,1,0,0,8,1,347;101;428;90;223;244;933;709
1,9115,9368,1,0,0,8,5,332;86;428;90;208;239;918;694
1,8964,9051,1,0,0,6,1,483;237;428;90;359;383
0,8957,9031,1,0,0,6,0,490;244;428;90;366;383
1,8995,9049,1,0,0,6,2,452;206;428;90;328;359
0,8975,9029,1,0,0,6,0,472;226;428;90;348;379
1,8911,9204,1,0,0,6,5,536;290;674;334;412;443
0,8880,8937,1,15,0,7,0,2;567;321;674;365;443;474
1,8930,9165,1,0,0,6,2,517;271;428;315;393;383
1,8915,8974,1,0,0,6,2,532;286;428;330;408;439
0,8774,8860,1,0,0,8,0,108;3;673;427;83;674;372;549
1,8726,8933,1,0,0,9,4,20;156;13;721;475;131;674;519;597
0,8825,8886,1,0,0,7,0,57;622;376;32;674;372;498
0,8805,8879,1,0,0,7,0,77;642;396;52;674;372;518
1,8706,8780,1,0,0,9,1,40;176;71;741;495;151;899;539;612
1,8675,8753,1,0,0,10,2,71;13;207;102;772;526;182;930;570;648
0,8720,8781,1,0,0,9,0,26;162;13;727;481;137;674;525;603
1,8715,8947,1,0,0,9,6,31;167;13;732;486;142;890;530;608
1,10440,10739,1,0,0,9,3,19;16;308;58;79;223;215;676;252
1,10459,10524,1,0,0,9,1,0;289;39;60;204;215;387;233;809
1,10394,10473,1,16,0,9,1,62;62;354;104;125;225;369;722;298
1,10430,10711,1,0,0,9,6,29;26;315;68;89;225;333;686;262
1,10312,10364,1,0,0,9,2,147;134;436;186;207;225;451;802;346
1,10372,10437,1,0,0,9,3,87;84;376;126;147;225;391;744;320
1,10282,10334,1,0,0,9,1,177;174;466;201;237;225;481;825;346
1,10283,10346,1,0,0,9,1,176;134;465;201;236;225;480;825;346
1,10276,10489,1,0,0,9,2,183;180;472;205;243;387;487;825;346
1,10277,10333,1,0,0,9,1,182;179;471;205;242;225;486;825;346
1,10239,10306,1,0,0,8,1,220;188;509;259;280;424;524;825
1,10273,10359,1,0,0,9,3,186;183;475;205;246;390;490;825;419
1,10213,10275,1,0,0,8,2,246;222;535;285;306;450;550;903
1,10221,10295,1,0,0,8,1,238;188;527;277;298;442;542;895
1,10141,10217,1,0,0,8,1,5;318;315;607;324;378;522;622
1,10150,10238,1,0,0,7,2,309;306;549;324;369;513;613
0,10135,10224,1,0,0,8,0,11;324;321;613;324;384;528;628
1,10134,10197,1,0,0,8,1,12;325;322;614;364;385;529;629
0,10092,10145,1,0,0,8,0,54;31;367;364;656;406;427;571
1,10083,10135,1,0,0,8,1,63;40;376;373;665;415;436;580
1,10052,10103,1,0,0,8,1,94;71;407;404;696;446;467;611
1,9991,10055,1,0,0,9,2,42;155;132;468;465;757;507;528;672
0,9939,10010,1,0,0,9,0,94;207;184;520;517;809;559;580;724
1,9855,9920,1,0,0,6,1,178;41;291;205;590;601
1,9837,9921,1,0,0,6,2,196;59;309;282;590;619
1,9778,9831,1,0,0,6,3,255;31;118;368;310;590
1,9741,9798,1,0,0,6,1,284;68;155;405;310;590
1,9725,9797,1,0,0,6,2,308;84;155;421;310;590
1,9681,9969,1,0,0,6,3,352;128;155;465;310;778
1,9669,9879,1,0,0,5,3,364;140;155;477;454
1,9629,9852,1,0,0,4,2,404;180;267;517
0,9549,9616,1,0,0,4,0,56;465;260;347
1,31573,31635,1,0,0,9,1,101;96;371;160;323;589;671;862;784
1,31579,31629,1,0,0,9,2,101;90;356;154;317;583;665;856;784
1,30898,30964,1,0,0,7,3,58;145;64;638;405;574;437
1,30901,30970,1,0,0,7,2,58;142;64;635;402;538;434
1,30890,30974,1,0,0,7,2,84;153;64;646;413;582;445
0,30898,30948,1,0,0,7,0,58;145;64;638;405;538;437
1,30819,30896,1,0,15,7,3,155;224;232;717;484;653;493
1,30827,31075,1,0,0,7,3,147;216;224;709;449;645;493
1,30783,30846,1,0,0,9,1,4;191;13;260;268;753;518;688;552
0,30792,30849,1,0,0,8,0,182;4;251;259;744;511;680;493
0,31213,31301,1,0,0,10,0,323;90;259;122;486;456;711;520;276;683
1,31215,31294,1,0,0,10,1,321;88;257;120;484;454;711;518;274;681
1,31135,31429,1,0,0,10,8,401;168;337;200;564;534;832;598;354;761
1,31185,31459,1,0,0,10,7,351;118;287;150;514;484;728;548;304;711
0,31101,31167,1,0,0,9,0,435;202;371;234;598;568;866;632;388
0,31107,31157,1,0,0,9,0,429;196;365;228;592;562;860;626;382
1,30924,31012,1,0,0,8,2,50;119;64;612;379;538;411;775
0,31031,31116,1,15,0,10,0,12;20;505;272;441;304;668;638;936;702
0,31302,31364,1,0,0,10,0,234;1;170;30;397;367;572;423;187;594
1,31277,31342,1,0,0,10,2,259;26;195;58;422;392;572;423;212;600
1,31267,31324,1,0,0,10,2,269;36;205;68;432;402;572;423;222;608
1,31263,31542,1,0,0,10,8,273;40;209;72;436;406;572;470;226;608
0,31242,31315,1,0,0,10,0,294;61;230;93;457;427;572;491;247;608
1,31233,31322,1,0,0,10,2,303;70;239;102;466;436;572;500;256;634
0,31232,31302,1,0,0,10,0,304;71;240;103;467;437;572;501;257;634
1,31218,31289,1,0,0,10,2,318;85;254;117;481;451;572;515;271;678
1,31562,31624,1,0,0,9,2,101;107;371;171;334;600;682;873;841
1,31537,31622,1,15,0,8,1,162;132;371;196;359;625;707;898
1,31434,31485,1,0,0,10,2,102;38;265;235;371;299;55;462;728;810
1,31407,31648,1,0,0,8,5,129;65;292;262;514;326;82;489
1,31387,31465,1,0,0,8,2,149;85;312;282;542;346;102;509
1,31355,31438,1,0,0,8,1,181;117;344;314;542;378;134;541
1,31330,31531,1,0,0,9,3,206;142;5;369;339;572;383;159;566
1,31303,31354,1,0,0,10,3,233;0;169;30;396;366;572;423;186;593
0,29916,29994,1,0,0,11,0,204;84;223;107;68;375;458;243;243;293;605
1,29918,29997,1,0,0,11,5,202;82;221;105;66;375;456;241;241;293;603
1,29931,29998,1,0,0,11,1,189;69;208;92;53;375;443;228;165;293;590
0,29995,30051,1,0,0,10,0,125;5;144;28;356;379;164;164;293;526
0,30050,30106,1,0,0,10,0,70;89;301;324;109;109;272;471;508;595
1,30055,30292,1,0,0,10,6,65;84;296;319;104;104;267;466;503;590
1,30122,30386,1,0,0,10,6,17;229;252;37;37;200;399;404;523;665
1,30140,30416,1,0,0,9,6,211;234;19;19;182;381;317;505;647
1,30224,30297,1,0,0,8,2,127;150;98;297;317;407;563;750
1,30254,30312,1,0,0,8,1,97;120;68;267;304;391;533;698
1,30256,30529,1,0,0,8,3,95;118;66;265;302;389;482;698
1,30293,30373,1,0,0,9,3,58;81;29;228;265;352;477;681;503
0,30298,30387,1,0,0,9,0,53;76;24;223;260;347;477;655;498
1,30316,30403,1,0,0,10,3,35;58;6;205;242;329;471;655;480;727
1,30376,30668,1,0,0,7,7,145;182;269;411;598;420;667
1,30384,30666,1,0,0,7,3,137;174;261;403;590;412;536
1,30409,30609,1,0,0,7,1,112;149;236;378;550;155;536
1,30402,30456,1,0,0,7,1,119;156;243;385;572;155;536
1,30465,30553,1,0,0,7,2,56;93;180;322;509;155;536
1,30418,30484,1,0,0,7,1,103;140;227;369;550;155;536
1,30514,30591,1,0,0,7,2,7;44;131;273;460;155;529
1,30485,30549,1,0,0,7,2,36;73;160;302;489;155;536
1,30618,30680,1,0,0,8,1,27;169;356;155;425;433;918;685
1,30529,30587,1,0,0,6,1,29;116;258;418;155;514
1,30626,30857,1,0,0,8,3,19;160;348;155;417;425;860;677
1,30618,30686,1,0,0,8,1,27;169;356;155;425;433;860;685
1,30687,30747,1,0,0,8,1,100;287;109;356;364;849;518;785
1,30651,30724,1,0,0,7,2,136;323;145;392;400;860;574
1,30710,30764,1,0,0,8,2,70;264;86;333;341;826;518;762
0,30693,30781,1,0,0,8,0,70;281;103;350;358;843;518;779
0,30762,30846,1,16,0,9,0,25;212;34;281;289;774;518;688;573
1,30752,30830,1,0,0,9,3,35;222;44;291;299;784;518;709;583
1,28992,29051,1,0,0,7,1,152;172;547;151;429;306;460
1,29116,29391,1,0,0,7,3,28;48;423;27;305;182;336
0,28907,28962,1,0,0,7,0,237;180;632;236;514;351;545
1,28912,28988,1,0,0,7,1,232;180;627;231;509;351;540
1,29164,29419,1,0,0,6,2,0;375;167;134;288;956
1,29173,29248,1,0,0,5,1,366;126;125;279;947
1,29139,29413,1,0,0,7,2,5;25;400;4;167;159;313
1,29143,29218,1,0,0,7,1,1;21;396;0;167;153;309
1,29339,29420,1,0,0,5,2,200;54;113;781;661
0,29342,29397,1,0,0,5,0,197;54;110;712;658
1,29227,29469,1,0,0,5,2,312;54;71;225;893
0,29299,29386,1,0,0,4,0,240;54;153;821
1,29423,29480,1,0,0,6,3,116;29;697;495;716;600
0,29446,29532,1,0,0,7,0,93;6;674;495;679;577;538
0,29365,29419,1,0,0,7,0,174;54;87;712;635;774;658
1,29404,29684,1,0,0,7,1,135;17;48;712;596;735;619
0,29622,29679,1,0,0,7,0,498;378;517;401;362;729;752
0,29558,29624,1,0,0,6,0,562;442;581;465;426;793
0,29544,29625,1,0,0,6,0,576;456;595;479;440;807
1,29457,29510,1,0,0,7,1,82;663;495;679;566;527;894
1,29729,29814,1,16,0,8,4,383;271;410;294;255;622;645;430
1,29722,29779,1,0,0,8,3,398;272;417;301;262;629;652;437
1,29693,29764,1,0,0,8,1,427;300;446;330;291;658;681;466
1,29681,29736,1,0,0,8,1,439;319;458;342;303;670;693;478
1,29756,29825,1,0,0,9,4,364;244;383;229;228;595;461;403;403
0,29755,29821,1,0,0,9,0,365;245;384;229;229;596;461;404;404
1,29735,29996,1,0,0,8,3,383;265;404;230;249;616;639;424
1,29735,29790,1,0,0,8,3,383;265;404;230;249;616;461;424
1,29861,29919,1,0,0,10,1,259;139;278;162;123;385;461;298;298;293
1,29840,30045,1,0,0,10,2,280;160;299;183;144;429;461;319;319;293
1,29830,30075,1,0,0,10,5,290;170;309;193;154;429;461;329;329;492
1,29790,30036,1,0,0,10,7,330;210;349;229;194;561;461;340;369;532
0,24613,24699,1,0,0,3,0,47;51;815
0,24556,24615,1,0,0,3,0,49;47;108
0,24533,24611,1,0,0,4,0,72;9;47;131
1,24516,24745,1,0,0,4,1,89;26;258;148
0,24477,24534,1,0,0,5,0,128;29;65;297;187
0,24420,24501,1,0,0,5,0,185;86;122;354;244
1,24311,24377,1,0,0,5,3,294;195;163;431;353
1,24296,24522,1,0,15,5,4,309;210;246;431;368
0,24933,24983,1,0,0,6,0,495;552;242;556;659;702
0,24862,24927,1,0,0,5,0,566;552;313;556;730
1,24838,25129,1,0,0,5,3,590;552;337;674;754
0,24811,24893,1,0,0,4,0,617;552;364;701
0,24765,24843,1,0,0,3,0,9;663;552
1,24756,25016,1,0,0,3,2,18;672;769
0,24750,24833,1,0,0,3,0,24;678;775
0,24632,24721,1,0,0,3,0,47;32;796
1,23866,23944,1,0,0,7,1,32;112;344;264;739;640;418
1,23887,24087,1,0,0,7,2,11;91;323;243;718;619;354
1,23829,23883,1,0,0,8,2,29;69;149;381;301;776;677;455
0,23834,23909,1,0,0,8,0,24;64;144;376;296;771;672;450
1,23652,23900,1,0,0,8,4,47;53;206;246;326;558;478;953
1,23657,23722,1,0,0,8,2,42;48;201;241;321;553;317;948
1,23566,23635,1,0,0,7,2,133;139;292;325;412;644;564
1,23575,23651,1,0,0,7,1,123;130;283;323;403;635;555
0,24148,24224,1,0,0,7,0,62;457;358;136;394;431;516
1,24245,24312,1,0,0,6,2,360;261;39;297;431;419
1,24087,24171,1,0,0,7,1,123;43;518;419;195;455;687
1,24125,24422,1,0,0,8,5,85;5;480;381;159;417;649;539
1,24010,24063,1,0,0,6,1,200;120;595;496;274;532
1,24073,24141,1,0,0,7,1,137;57;532;433;211;469;701
1,23952,24018,1,0,0,7,1,26;258;178;653;508;332;590
1,23971,24059,1,0,0,7,1,7;239;159;634;508;313;571
1,23186,23265,1,16,0,8,2,356;403;299;354;269;327;519;672
0,23147,23216,1,0,0,9,0,0;395;403;299;393;308;366;558;687
0,23207,23278,1,0,0,8,0,335;403;285;333;243;306;498;651
1,23205,23288,1,0,0,8,1,337;403;285;335;250;308;500;653
1,23102,23374,1,0,0,10,7,45;4;440;403;414;438;353;411;596;756
1,23096,23351,1,0,0,10,6,51;10;446;603;420;444;359;417;596;762
1,23128,23332,1,0,0,9,5,19;411;403;388;412;327;385;577;687
1,23111,23168,1,0,0,9,1,36;431;403;405;429;344;402;594;687
1,23369,23439,1,0,0,9,2,173;330;147;171;86;133;336;482;508
1,23323,23410,1,0,0,9,3,219;376;193;217;132;133;382;482;575
1,23554,23620,1,0,0,7,3,145;151;304;344;424;656;576
1,23399,23461,1,0,0,10,1,143;300;109;141;56;114;306;459;499;579
1,23257,23311,1,0,0,8,2,285;403;250;283;198;256;448;601
1,23213,23288,1,0,0,8,2,329;403;285;327;242;300;492;645
1,23320,23398,1,0,0,8,2,222;379;196;220;135;133;385;538
1,23316,23391,1,0,0,8,1,226;383;200;224;139;197;389;542
1,22587,22637,1,0,0,10,1,14;165;230;473;317;409;379;409;279;519
1,22647,22717,1,0,0,10,3,105;170;413;257;349;379;409;219;459;895
1,22778,22832,1,0,0,9,3,39;282;126;218;309;369;88;328;764
1,22833,22891,1,0,0,8,2,227;71;163;254;314;33;273;709
1,22520,22592,1,0,0,10,2,81;17;232;297;540;384;439;531;409;327
1,22547,22793,1,0,0,9,5,54;205;270;513;357;439;531;409;319
1,22548,22619,1,0,0,9,1,53;204;269;512;356;439;508;409;318
1,22574,22799,1,0,0,10,6,27;178;243;486;330;422;508;409;292;532
1,23002,23075,1,0,0,12,1,58;85;145;104;540;693;514;538;453;511;703;856
1,23005,23059,1,0,0,12,3,55;82;142;101;537;653;511;535;450;508;700;853
1,23012,23082,1,0,0,12,1,48;75;135;94;530;653;504;528;399;501;693;846
1,23092,23171,1,0,0,10,1,55;14;450;607;424;448;363;421;613;766
1,22865,22919,1,0,0,10,2,195;39;131;222;282;1;241;677;834;651
1,22895,22950,1,0,0,10,2,162;9;101;192;252;211;647;804;621;645
1,22962,23013,1,0,0,12,3,98;34;125;185;144;580;737;554;578;493;551;743
1,22976,23029,1,0,0,12,1,84;20;111;171;130;566;723;540;564;479;537;727
1,22234,22313,1,0,0,9,2,11;367;86;69;303;500;583;667;670
1,22211,22268,1,0,0,9,3,34;390;109;92;326;541;606;667;693
1,22208,22464,1,0,0,9,4,37;393;112;95;329;544;609;852;696
1,22151,22234,1,0,0,7,1,94;450;169;152;386;601;636
1,22303,22588,1,0,0,9,6,298;17;0;234;449;501;667;562;693
1,22297,22356,1,0,0,9,1,304;23;6;240;455;520;667;562;699
1,22280,22345,1,0,0,9,2,321;40;23;257;472;537;667;605;716
1,22270,22346,1,0,0,8,1,331;50;33;267;482;547;667;605
1,22457,22508,1,0,0,10,1,126;80;295;360;603;447;439;630;690;409
1,22443,22501,1,0,0,10,2,158;94;309;374;617;461;439;644;704;423
1,22420,22484,1,0,0,10,1,181;117;332;397;640;484;439;667;727;446
1,22366,22426,1,0,0,8,1,235;171;386;451;667;538;439;721
1,22512,22572,1,0,0,10,2,89;25;240;305;548;392;439;575;409;327
1,22500,22750,1,0,16,10,4,101;37;248;317;560;404;439;587;647;327
1,22498,22550,1,0,0,10,2,103;39;248;319;562;406;439;589;649;368
1,22495,22577,1,0,0,10,2,106;42;257;322;565;409;439;592;652;371
1,21642,21693,1,0,0,8,1,8;37;283;601;326;315;959;678
1,21656,21732,1,0,0,7,1,23;269;589;283;315;945;664
1,21597,21661,1,0,0,8,2,53;82;15;328;648;371;315;990
1,21619,21689,1,0,0,8,2,31;60;306;622;349;315;982;701
1,21732,22011,1,0,0,7,5,193;513;236;294;869;484;571
1,21781,22033,1,0,0,7,6,144;464;187;245;820;484;522
1,21687,21747,1,0,0,7,2,238;558;254;315;914;633;616
1,21700,21949,1,0,0,7,4,225;545;254;315;901;620;603
0,21949,22009,1,0,0,7,0,296;7;77;652;371;205;588
0,22013,22086,1,0,0,7,0,232;13;588;307;205;524;739
1,21885,22102,1,0,0,8,2,40;360;83;141;681;435;418;58
1,21937,22025,1,0,0,8,1,308;31;89;664;383;205;6;600
1,22102,22340,1,0,0,6,5,143;499;218;192;435;650
1,22138,22194,1,0,0,7,1,107;463;182;165;399;614;679
0,22028,22100,1,0,0,6,0,217;573;292;205;509;724
1,22039,22127,1,0,0,6,1,206;562;281;205;498;713
1,21252,21332,1,0,0,10,3,147;172;30;217;328;398;413;28;360;673
1,21236,21302,1,0,0,9,3,163;188;46;233;344;414;413;44;372
1,21336,21394,1,0,0,9,2,63;88;133;244;314;343;276;468;909
1,21321,21563,1,0,0,8,6,78;103;148;259;329;358;291;604
1,21357,21408,1,0,0,9,2,42;42;112;223;293;322;223;468;888
1,21339,21428,1,0,0,9,2,60;85;130;241;311;340;223;468;906
1,21386,21447,1,15,0,9,1,13;38;83;194;264;293;197;468;859
1,21381,21440,1,0,0,9,1,18;42;88;199;269;298;223;468;864
1,21431,21481,1,0,0,9,3,38;149;219;248;181;468;814;537;595
0,21415,21474,1,0,0,9,0,5;54;165;235;264;197;468;830;553
0,21460,21517,1,0,0,9,0,9;120;190;219;152;456;785;508;566
0,21451,21516,1,0,0,9,0,18;129;199;228;161;456;794;517;575
0,21551,21638,1,0,0,8,0,29;99;128;61;374;694;417;475
0,21476,21565,1,0,0,8,0,104;174;203;136;449;769;492;550
1,21585,21861,1,0,0,8,4,65;94;27;340;660;383;441;990
1,21578,21652,1,0,0,9,3,2;72;101;34;347;667;390;448;1023
0,20837,20917,1,0,0,13,0,75;562;141;145;389;187;587;445;632;743;813;842;443
0,20885,20957,1,0,0,13,0,27;514;93;97;341;139;539;397;584;695;765;794;395
1,20905,21171,1,0,0,13,8,7;494;73;77;321;119;519;377;564;675;745;774;375
1,20912,20993,1,0,0,13,3,0;487;66;70;314;112;512;370;557;668;680;767;368
1,20920,20996,1,0,0,12,3,479;58;62;306;104;504;362;496;660;680;759;360
1,20929,21212,1,0,0,12,9,470;49;53;297;95;495;353;496;651;626;750;351
1,20948,21011,1,16,0,12,2,451;30;34;278;76;476;171;496;632;626;731;332
1,20968,21024,1,0,0,12,3,431;10;14;258;56;456;171;496;612;626;711;309
1,21005,21073,1,0,0,11,3,394;221;19;419;171;464;575;626;674;275;607
0,21020,21090,1,0,0,11,0,379;206;4;404;171;449;560;626;656;260;592
1,21036,21122,1,0,0,10,2,363;190;388;171;433;544;614;643;244;576
0,21036,21096,1,0,0,10,0,363;190;345;171;433;544;614;643;244;576
1,21049,21311,1,0,0,10,7,350;177;345;171;420;531;601;630;231;563
1,21129,21204,1,0,0,10,3,270;97;295;153;340;451;521;550;151;372
1,21150,21223,1,0,0,10,3,249;76;274;132;319;430;500;529;117;372
1,21217,21300,1,0,16,10,3,182;9;207;65;252;363;433;462;63;372
1,28861,28943,1,0,0,7,2,283;180;655;282;560;437;591
1,28879,29155,1,0,0,7,5,265;180;655;264;542;368;573
1,28771,28849,1,0,0,9,1,86;0;23;373;180;657;372;650;527
1,28788,29075,1,0,0,8,3,69;6;354;180;657;355;633;510
1,28739,28990,1,0,0,8,4,118;32;55;405;425;657;404;677
1,28740,28806,1,0,0,8,1,117;31;54;404;180;657;403;677
1,28691,28748,1,0,0,9,2,166;58;103;8;453;462;657;452;683
1,28727,28783,1,0,0,8,1,130;44;67;417;437;657;416;677
1,28680,28740,1,0,0,9,2,177;58;114;19;464;462;859;463;741
1,28680,28883,1,0,0,9,2,177;58;114;19;464;462;859;463;683
1,28648,28711,1,0,0,9,3,30;209;94;146;51;496;489;891;495
1,28651,28737,1,0,0,9,1,27;206;94;143;48;493;462;888;492
1,28632,28682,1,0,0,9,1,46;225;120;162;67;505;532;907;511
1,28646,28713,1,0,0,9,3,32;211;94;148;53;498;518;893;497
0,28518,28603,1,0,0,7,0,160;339;153;249;181;505;646
1,28626,28678,1,0,0,9,1,52;231;145;168;73;505;538;913;517
1,28481,28730,1,0,0,7,1,197;376;262;249;218;505;683
1,28462,28529,1,0,0,7,2,216;395;262;278;237;505;702
1,28415,28691,1,0,0,6,4,263;442;262;278;284;729
1,28388,28604,1,0,0,6,1,290;469;383;278;311;756
0,28377,28434,1,0,0,6,0,301;480;394;278;322;767
0,28354,28425,1,16,0,6,0,304;503;417;278;345;790
1,28341,28426,1,0,0,5,1,337;516;430;278;358
0,28326,28414,1,0,0,5,0,352;531;445;278;373
1,28304,28575,1,0,0,6,5,11;374;553;467;490;395
1,28252,28319,1,0,0,7,1,51;63;426;605;519;542;447
1,28234,28318,1,0,0,6,1,69;76;444;610;537;560
1,28212,28265,1,0,0,6,1,91;103;466;610;559;582
1,28158,28233,1,0,0,5,1,136;157;520;610;613
1,28138,28210,1,0,0,5,1,165;177;540;610;633
1,28096,28152,1,0,0,7,1,16;30;207;219;547;610;672
1,28082,28132,1,0,0,7,1,30;44;221;233;547;632;672
1,28041,28125,1,0,0,8,2,71;85;40;262;274;547;816;730
0,28043,28112,1,0,0,8,0,69;83;38;260;272;547;814;693
1,28055,28134,1,0,0,8,2,57;71;26;248;260;547;802;693
1,28059,28287,1,0,0,8,3,53;67;22;244;256;547;798;672
0,27873,27928,1,0,0,8,0,166;239;106;253;190;316;442;805
1,27928,28017,1,0,0,8,1,111;184;51;198;153;316;387;750
1,27929,28207,1,0,0,8,2,110;183;50;197;127;316;386;749
1,27988,28071,1,0,0,7,2,51;124;138;93;315;327;547
1,27684,27751,1,0,0,10,1,126;52;9;37;224;428;295;442;190;522
0,27707,27774,1,0,0,9,0,103;29;14;224;405;272;400;190;522
1,27731,27995,1,0,0,8,4,79;5;224;381;248;395;190;522
0,27748,27812,1,0,0,7,0,62;224;364;231;378;190;316
1,27624,27712,1,0,0,10,3,186;112;69;97;415;488;355;502;457;522
1,27645,27866,1,0,0,10,4,165;91;48;76;394;431;334;481;436;522
1,27664,27868,1,0,0,10,4,146;72;29;57;235;431;315;462;417;522
1,27678,27924,1,0,0,10,7,132;58;15;43;224;431;301;448;403;522
1,27456,27529,1,0,0,12,1,107;96;354;280;237;265;583;652;149;523;670;588
0,27450,27534,1,0,0,13,0,3;113;102;360;286;243;271;589;652;155;529;676;588
1,27593,27816,1,0,0,11,8,217;143;100;128;446;519;12;386;508;488;710
1,27531,27620,1,0,0,12,1,32;21;279;205;162;190;508;581;74;448;595;550
1,27435,27522,1,0,0,13,2,18;128;117;375;301;258;286;604;652;170;544;691;646
0,27398,27462,1,0,0,13,0,26;55;165;154;412;338;295;323;641;652;207;581;728
0,27448,27518,1,0,0,13,0,5;115;104;362;288;245;273;591;652;157;531;678;588
0,27444,27519,1,0,0,13,0,9;119;108;366;292;249;277;595;652;161;535;682;588
1,27222,27284,1,0,0,11,2,202;231;341;330;588;514;471;499;817;890;383
0,27191,27255,1,0,0,10,0,233;262;372;331;619;545;502;509;848;921
1,27378,27462,1,0,0,13,3,46;75;185;174;432;358;315;343;661;734;227;601;748
0,27370,27450,1,0,0,13,0,54;83;193;182;440;366;323;351;669;742;235;609;756
0,27053,27141,1,0,0,9,0,4;371;400;510;363;757;625;640;668
1,27007,27284,1,0,0,8,4,42;417;446;556;545;803;625;686
1,27113,27348,1,0,0,9,3,311;340;450;363;697;623;580;608;926
1,27113,27393,1,0,16,9,6,311;340;450;331;697;623;580;608;926
1,26828,26907,1,0,0,7,2,229;62;4;596;558;617;724
0,26840,26929,1,0,0,6,0,217;50;584;545;617;712
0,26752,26827,1,0,0,8,0,305;138;80;672;66;558;617;800
0,26770,26829,1,0,0,8,0,287;120;62;654;48;558;617;782
1,26976,27059,1,0,0,8,1,81;448;477;587;576;834;625;717
1,26999,27058,1,0,0,8,1,58;425;454;564;553;811;625;694
1,26874,26934,1,0,0,6,1,183;16;550;545;617;678
1,26933,27204,1,0,0,7,6,124;491;520;617;619;877;803
1,26608,26659,1,0,0,8,1,134;449;115;282;224;816;210;845
0,26649,26726,1,0,0,9,0,93;408;74;241;183;775;169;804;914
0,26406,26482,1,0,0,8,0,33;125;328;598;317;395;426;1018
1,26420,26470,1,0,0,8,1,19;111;322;598;303;395;412;1004
1,26714,27003,1,0,0,9,3,28;343;9;176;118;710;104;558;849
0,26725,26795,1,0,0,8,0,17;332;165;107;699;93;558;617
1,26661,26745,1,0,15,9,2,81;396;62;229;171;763;157;792;902
1,26668,26965,1,0,0,9,5,74;372;55;222;164;756;150;785;895
0,26300,26383,1,0,0,8,0,139;187;95;343;757;423;395;532
1,26299,26387,1,0,0,8,1,140;214;96;343;758;424;395;533
1,26278,26532,1,0,0,7,4,161;214;117;464;779;445;395
1,26276,26551,1,0,0,7,5,163;214;119;466;781;447;614
1,26399,26456,1,0,0,7,3,40;132;328;628;324;395;433
1,26393,26460,1,0,0,8,3,46;138;2;328;664;330;395;439
0,26358,26441,1,0,0,8,0,81;173;37;328;699;365;395;474
1,26335,26421,1,0,0,8,4,104;187;60;343;722;388;395;497
0,26060,26148,1,0,0,5,0,40;364;471;335;508
1,26038,26105,1,0,0,5,2,62;401;493;343;508
0,26014,26079,1,0,0,6,0,3;86;425;517;343;508
1,25978,26258,1,0,0,6,4,39;122;453;553;343;764
1,26165,26240,1,0,0,6,3,274;214;230;508;892;558
0,26141,26223,1,0,0,5,0,298;214;254;508;916
1,26108,26333,1,0,0,4,1,331;423;287;508
1,26088,26346,1,0,0,5,4,12;351;443;307;508
1,25632,25685,1,0,0,7,2,3;189;79;282;288;468;807
1,25664,25715,1,0,0,6,2,176;47;250;288;436;775
0,25671,25743,1,0,0,6,0,148;40;243;288;429;768
1,25831,26087,1,0,0,8,3,12;83;186;269;608;700;564;911
1,25863,26096,1,0,0,7,2,51;154;237;453;668;532;879
1,25896,25955,1,0,0,7,2,18;121;204;453;635;343;846
1,25924,26002,1,0,0,6,1,93;176;453;607;343;818
0,25950,26002,1,0,0,6,0,67;150;453;555;343;792
1,25299,25356,1,0,0,12,1,129;226;213;293;281;538;120;412;302;206;491;718
1,25318,25386,1,0,0,12,1,110;207;194;274;281;525;120;393;283;187;491;699
0,25382,25439,1,0,0,12,0,46;143;130;210;253;461;120;329;219;123;491;635
1,25516,25806,1,0,0,9,3,9;76;119;327;9;195;85;398;501
1,25521,25723,1,0,0,9,3,4;71;114;322;4;190;80;393;288
0,25522,25597,1,0,0,9,0,3;70;113;189;3;189;79;392;288
1,25552,25621,1,0,0,8,2,40;83;189;159;49;362;288;548
0,25607,25677,1,0,0,6,0,28;189;104;307;288;493
1,25079,25363,1,0,0,9,8,331;446;96;433;513;556;589;446;632
1,25063,25142,1,0,0,9,1,331;462;112;449;529;572;589;462;637
1,25148,25226,1,0,0,10,3,280;377;27;364;444;281;587;377;563;453
1,25089,25178,1,0,0,9,4,331;436;86;423;503;281;589;436;622
1,25224,25468,1,0,0,11,5,204;301;288;368;281;587;301;475;377;281;690
1,25209,25272,1,0,0,11,2,219;316;303;383;281;587;316;502;392;296;705
1,25246,25330,1,0,0,11,2,182;279;266;346;281;587;120;465;355;259;491
1,25225,25454,1,0,0,11,4,203;300;287;367;281;587;300;475;376;280;491
1,24956,25216,1,0,16,6,4,472;552;173;556;636;679
1,24943,25030,1,0,0,6,1,485;552;232;556;649;692
1,24965,25024,1,0,0,7,1,343;552;153;547;627;670;878
1,24958,25016,1,0,0,6,1,343;552;173;554;634;677
1,25007,25080,1,0,0,9,1,343;518;153;505;585;628;589;518;704
1,24976,25258,1,0,0,7,5,343;525;153;536;616;659;867
1,25057,25108,1,0,0,9,3,343;468;118;455;535;578;589;468;637
1,25034,25101,1,0,0,9,3,343;491;141;478;558;601;589;491;677
1,203,491,1,0,0,4,4,307;697;453;583
1,164,439,1,0,0,4,1,447;736;492;622
1,230,482,1,0,0,4,3,307;530;426;556
0,218,306,1,0,0,4,0,307;530;438;568
0,4,65,1,0,0,0,0,
0,0,73,1,0,0,0,0,
0,114,173,1,0,0,3,0,497;786;542
0,37,107,1,0,0,1,0,574
1,1205,1275,1,0,0,8,1,53;387;484;300;396;378;303;650
1,1115,1168,1,0,0,7,1,143;477;565;390;449;433;393
1,1280,1512,1,0,0,8,5,312;409;225;321;303;228;575;189
1,1261,1477,1,0,0,8,3,331;428;244;340;322;247;594;383
1,1495,1552,1,0,0,16,2,97;194;10;106;88;13;360;149;738;509;447;137;742;898;605;745
1,1303,1359,1,0,15,8,2,289;386;202;298;280;103;552;189
1,1595,1653,1,0,0,15,3,94;6;260;49;638;409;347;37;642;798;491;645;744;1119;389
1,1564,1651,1,0,16,17,2,28;125;37;19;291;80;669;440;378;68;673;829;536;676;775;1150;420
1,1692,1760,1,0,0,11,2,163;541;312;250;545;632;408;548;647;1022;292
1,1660,1885,1,0,0,12,7,29;195;573;344;282;577;733;440;580;679;1054;324
1,1757,1845,1,0,0,11,2,98;476;247;185;480;632;343;483;582;957;227
1,1699,1771,1,0,0,11,2,156;534;305;243;497;632;401;541;640;1015;285
1,1854,1920,1,0,0,11,2,1;379;150;88;383;539;246;386;485;860;130
1,1795,1872,1,0,0,11,2,60;438;209;147;442;598;305;445;544;919;189
1,1889,1958,1,0,0,10,1,344;115;53;348;504;211;351;450;825;74
1,1866,1932,1,0,0,10,2,367;138;76;371;527;234;374;473;848;111
1,1897,2104,1,0,0,10,5,336;107;45;340;496;200;343;442;817;74
1,1920,2002,1,0,0,11,3,313;84;22;317;473;180;320;310;794;64;658
1,1948,2023,1,0,0,10,3,285;56;289;445;152;292;310;766;36;615
1,2027,2115,1,0,0,10,1,206;210;366;73;213;310;687;551;733;252
1,2032,2111,1,0,0,10,2,201;205;361;38;208;307;682;546;728;247
1,2096,2338,1,0,0,11,6,137;141;297;4;144;243;618;482;664;183;741
1,2136,2421,1,0,0,11,8,97;101;257;104;203;578;442;624;143;688;540
1,2146,2198,1,0,0,11,1,87;91;247;94;193;568;432;614;133;688;256
1,2170,2252,1,0,0,12,2,63;67;223;70;163;544;408;590;109;667;256;468
1,2208,2290,1,0,0,12,2,25;29;185;32;131;506;370;552;71;629;256;417
1,2280,2513,1,0,0,9,5,113;59;434;298;475;557;256;358;420
1,2286,2340,1,0,0,9,2,107;53;428;292;474;551;256;352;189
1,2291,2361,1,15,0,9,1,102;48;423;287;469;546;256;347;189
1,2323,2379,1,0,0,9,2,70;16;391;255;437;514;256;315;189
1,2353,2413,1,0,0,8,2,40;361;225;407;484;256;285;189
1,2370,2656,1,0,0,8,6,23;337;208;390;467;256;268;189
0,317,382,1,0,0,5,0,294;530;339;363;393
1,306,575,1,0,0,5,3,305;530;350;363;646
0,282,337,1,0,0,5,0,307;530;374;363;670
0,235,287,1,0,0,4,0,307;530;421;363
0,405,456,1,0,0,6,0,206;495;143;363;393;697
1,377,581,1,1,0,5,1,234;523;279;363;393
0,365,437,1,0,0,5,0,246;530;291;363;393
0,364,444,1,0,0,5,0,247;530;292;363;393
1,485,692,1,0,0,6,2,126;415;143;301;393;526
1,453,688,1,0,0,6,3,158;447;143;333;393;649
0,432,501,1,1,0,6,0,179;468;143;354;393;670
0,419,476,1,0,0,6,0,192;481;143;363;393;683
1,574,795,1,0,0,6,4,37;326;78;212;264;526
1,552,603,1,0,0,6,1,59;348;104;234;264;526
1,517,786,1,0,0,6,2,94;383;139;253;276;526
1,495,569,1,0,0,6,2,116;405;143;291;276;526
1,693,745,1,0,0,5,2,207;93;259;336;565
0,695,757,1,0,0,5,0,176;91;257;336;563
1,588,675,1,0,0,6,2,23;312;68;198;264;336
1,646,708,1,0,0,6,2,254;10;140;264;336;612
1,807,864,1,0,0,7,1,93;145;295;445;677;882;698
1,809,874,1,0,0,7,3,86;143;293;445;677;880;696
1,709,932,1,0,0,6,3,176;77;243;336;549;883
1,783,842,1,0,0,6,2,117;3;169;319;475;677
1,921,987,1,0,0,8,2,31;181;337;671;661;584;680;662
1,943,1229,1,0,0,8,5,9;159;315;649;661;562;658;640
1,837,889,1,0,0,8,3,63;115;265;421;677;852;654;764
1,852,1087,1,0,0,9,6,48;100;250;406;677;837;653;749;731
1,1100,1166,1,0,0,8,3,2;158;492;589;405;449;483;408
1,1111,1189,1,0,0,7,1,147;481;565;394;449;472;397
1,1039,1092,1,0,0,7,1,63;219;553;650;466;562;531
1,1098,1175,1,15,0,8,1,4;160;494;591;407;503;485;410
0,3505,3585,1,0,0,6,0,355;47;129;325;480;250
1,3411,3463,1,0,0,6,1,449;141;223;325;574;344
1,3607,3677,1,0,0,6,1,253;27;229;378;148;225
1,3553,3619,1,0,0,5,1,307;81;283;432;202
1,3374,3650,1,0,0,8,4,5;18;486;178;260;462;611;381
1,3276,3364,1,0,0,9,1,81;116;86;72;549;276;358;560;709
0,3384,3473,1,0,0,7,0,8;476;168;250;325;601;371
0,3375,3436,1,0,0,8,0,4;17;485;177;259;325;610;380
1,3796,4016,1,0,0,7,3,64;40;68;36;420;447;923
1,3757,3957,1,0,0,5,2,103;79;79;75;456
1,3865,4070,1,0,0,4,2,68;351;378;830
0,3804,3892,1,0,0,7,0,56;32;68;28;412;439;830
1,3710,3781,1,0,0,6,1,150;126;275;45;122;506
1,3650,3718,1,0,0,5,1,210;186;335;105;182
1,3739,3794,1,0,0,6,1,121;97;79;16;93;462
1,3737,3983,1,0,0,6,2,123;99;248;18;95;462
0,4025,4089,1,0,0,4,0,191;218;694;826
0,4035,4111,1,0,0,4,0,181;208;684;816
1,4076,4142,1,0,0,4,1,140;167;643;775
1,4092,4321,1,0,0,4,4,124;151;625;759
1,3958,4045,1,0,0,5,1,27;258;270;761;893
0,3963,4040,1,0,0,5,0,22;253;221;756;888
0,3985,4042,1,0,0,5,0,0;231;221;734;866
0,4001,4067,1,0,0,4,0,215;221;718;850
1,4247,4505,1,0,0,3,2,472;526;697
0,4261,4332,1,0,0,3,0,458;504;697
1,4266,4534,1,0,0,3,2,453;504;697
1,4333,4406,1,0,0,3,1,250;504;678
0,4154,4444,1,0,0,4,0,62;89;565;632
1,4159,4233,1,0,0,4,3,57;84;560;632
1,4234,4460,1,0,0,4,1,9;485;615;777
1,4243,4533,1,0,0,4,2,0;476;526;768
1,2588,2655,1,0,0,9,2,126;172;217;88;15;112;499;594;804
1,2576,2819,1,0,0,10,7,138;2;184;217;100;15;124;511;803;816
1,2561,2640,1,0,0,10,1,153;17;199;217;115;77;139;526;818;831
1,2558,2621,1,0,0,10,4,156;20;202;235;118;80;142;529;821;834
1,2525,2582,1,0,0,9,1,189;53;235;235;151;113;175;562;854
1,2490,2571,1,0,0,9,1,222;80;270;235;186;148;189;597;889
1,2477,2532,1,0,0,9,1,222;101;283;235;199;161;189;610;902
1,2464,2521,1,0,0,9,2,250;114;296;235;212;174;189;623;915
1,2802,2883,1,0,0,7,2,35;285;577;482;417;499;294
1,2792,3023,1,0,0,7,3,45;295;587;482;570;499;304
1,2751,3033,1,0,0,8,5,9;86;336;594;641;611;499;345
1,2734,2806,1,0,0,8,2,26;99;353;594;658;628;499;362
1,2720,2776,1,0,0,8,1,40;117;367;594;672;642;499;376
0,2713,2775,1,0,0,9,0,1;47;124;374;594;679;649;499;383
1,2709,2937,1,0,0,9,5,5;51;128;378;594;683;653;639;387
0,2672,2761,1,0,0,11,0,42;88;165;4;28;415;594;720;690;676;424
1,2933,3021,1,0,0,7,3,154;446;342;414;415;163;927
1,2957,3236,1,0,0,8,4,130;422;342;405;391;139;893;595
1,2890,2940,1,0,0,6,2,197;489;342;414;458;181
1,2898,2955,1,0,0,6,1,189;457;342;414;450;181
1,2851,3129,1,0,0,6,3,236;528;482;414;497;245
1,2860,2937,1,0,15,6,2,227;519;342;414;488;236
1,2805,3014,1,0,0,7,3,32;282;558;482;417;499;291
1,2827,2892,1,0,0,7,1,10;260;552;482;414;499;269
1,3263,3321,1,0,0,8,1,116;129;99;85;597;289;371;573
1,3270,3343,1,0,0,8,2,109;122;92;78;549;282;364;566
1,3131,3214,1,0,0,7,1,248;261;231;217;729;421;503
1,3229,3293,1,15,0,8,1,150;163;133;119;631;323;405;607
1,3079,3151,1,0,0,9,1,8;286;313;283;269;17;777;473;555
1,3091,3145,1,0,0,8,1,286;301;255;257;5;769;461;543
1,3050,3120,1,0,0,9,2,37;286;342;312;298;46;810;502;584
1,3073,3155,1,0,0,9,1,14;286;319;289;275;23;787;479;561
354
64,656,162.92,9
146,786,232.22,9
5,611,140.14,9
43,900,256.10,11
615,1258,41.69,9
705,1592,228.53,10
274,952,382.99,8
379,1102,313.14,11
4630,5573,101.91,10
4558,5323,0.00,8
4472,5119,0.00,11
4462,5800,427.73,10
4391,5306,460.54,10
4202,5011,116.21,10
3954,4851,255.95,9
3771,4719,327.89,11
3769,4243,157.22,9
3691,4216,50.59,10
3563,3832,0.00,11
3312,3755,0.00,9
3276,3985,180.70,8
3209,3836,143.14,10
3029,3634,0.00,11
2944,3552,0.00,9
5575,6459,42.94,10
5660,6530,83.54,8
5522,6312,243.72,10
5558,6657,201.61,8
5399,5888,100.48,11
5494,6320,63.61,11
5350,6040,0.00,10
5359,5621,0.00,11
5105,5740,154.64,9
5158,6059,118.78,11
4841,5493,294.86,9
4899,5896,63.00,9
4792,5440,195.44,9
4794,5703,52.09,10
4634,5396,156.99,9
4725,5501,47.40,8
1484,2100,92.69,8
1468,2393,101.88,8
1528,2339,163.44,11
1487,2240,38.73,8
1339,1942,0.00,9
1334,2004,0.00,10
1423,2237,72.06,9
1351,1632,0.00,8
1123,1855,0.00,11
1081,1508,125.19,9
1322,2233,0.00,9
1256,1644,194.89,10
799,1505,42.24,9
786,1689,226.56,10
843,1583,182.39,9
811,1601,67.27,8
2608,3362,184.35,9
2636,3348,290.17,11
2652,3096,55.68,8
2916,3860,152.01,11
2219,2700,231.61,8
2371,3087,52.50,9
2380,3379,447.49,8
2557,3392,299.01,9
1978,2279,0.00,9
2071,2837,352.34,9
2128,2676,284.32,8
2160,2638,121.14,10
1553,2714,182.09,11
1554,1984,91.58,11
1916,2578,91.00,9
1957,2760,113.36,9
30570,31536,58.58,10
30590,31303,194.09,10
30671,31472,111.39,8
30733,31335,88.50,8
30183,30974,192.33,10
30276,30796,257.90,10
30316,31043,173.27,11
30566,31051,160.07,8
29915,30521,0.00,11
30004,30558,219.27,10
30006,30645,108.05,10
30075,30787,140.66,8
29598,30374,178.03,11
29667,30159,63.08,10
29736,30159,76.16,10
29773,30322,199.84,11
31553,32403,57.57,11
31503,32435,0.00,9
31109,31896,102.42,8
31068,31489,0.00,8
31419,32244,0.00,9
31408,32162,46.71,10
30960,31669,0.00,10
30923,31699,61.50,8
31022,31733,87.73,10
30979,31967,476.98,11
22889,23540,0.00,9
22912,23455,59.74,10
22916,23513,64.23,11
22917,23705,34.02,9
23002,23858,125.74,9
23321,23898,86.96,9
23398,23978,55.08,10
23442,24210,18.77,9
22275,22996,254.02,8
22337,23087,196.55,10
22399,23147,275.92,9
22409,22866,41.69,9
22551,23106,0.00,10
22629,23542,125.78,8
22848,23699,286.86,10
22860,23516,177.02,9
21685,22303,269.10,9
21601,22320,136.38,8
21918,22537,0.00,9
21845,21943,0.00,10
22110,22817,108.72,10
21990,22752,50.95,10
22170,22904,124.24,9
22159,23060,296.55,8
20790,21280,70.28,8
20786,21679,68.70,11
21241,21925,148.71,11
20983,21612,275.15,10
21391,21968,97.44,8
21333,22245,95.17,9
21572,22601,219.04,11
21425,22026,126.91,9
20497,21024,45.03,9
20584,21424,144.89,9
20367,20982,0.00,11
20375,21226,0.00,9
20768,21580,54.09,10
20777,21650,146.82,8
20649,21282,182.41,8
20654,21469,116.93,10
19792,20337,101.49,10
19796,20551,330.16,10
19493,20386,124.09,9
19745,20437,0.00,11
20279,21399,129.90,8
20286,20978,48.21,10
19899,20685,0.00,8
20130,20912,127.00,8
19017,19498,180.33,8
18999,19359,0.00,9
18895,19317,0.00,10
18647,19288,206.33,8
19261,19789,78.18,10
19145,20191,345.14,11
19080,19629,0.00,9
19036,19551,259.81,9
18407,18821,0.00,9
18387,19219,250.72,8
18172,18912,163.07,10
17919,18889,61.68,8
18630,19125,116.07,11
18626,19356,125.91,11
18619,19253,445.50,9
18439,18884,0.00,11
29348,30139,37.40,9
29359,30023,65.42,8
29440,29984,0.00,8
29457,30351,195.80,11
28747,29298,103.16,10
28847,29452,0.00,8
29148,30120,85.42,9
29307,30000,160.37,10
28431,29164,301.90,11
28535,29539,261.84,11
28552,29143,0.00,8
28662,29421,316.40,9
28010,28771,408.26,9
28190,28794,252.52,9
28238,28699,0.00,9
28354,29144,257.75,10
27761,28315,27.25,9
27538,28303,424.16,11
27989,28857,188.41,8
27857,28678,262.98,9
27237,27979,0.00,10
27195,27605,0.00,11
27432,28081,298.79,11
27273,28126,212.33,10
27020,27721,99.58,8
26963,27693,0.00,9
27158,28112,139.35,8
27061,28039,170.89,11
26744,27552,271.44,9
26647,27563,250.75,9
26892,27736,178.49,8
26890,27810,0.00,9
26523,26818,0.00,9
26537,27453,264.12,10
26295,26832,0.00,9
26404,27424,5.35,9
26148,26723,0.00,11
26179,26890,219.38,9
25803,26742,393.32,10
26130,27057,143.05,10
25710,26531,303.23,9
25744,26395,189.15,8
25526,26100,0.00,10
25627,26439,192.14,9
25185,25914,199.20,10
25251,26017,215.17,11
25127,25601,0.00,11
25161,25505,0.00,8
25006,25711,120.06,10
24994,25525,180.07,10
24963,25843,503.33,11
24895,25635,275.90,10
24813,25592,23.07,9
24810,25512,139.95,8
24792,25175,79.84,8
24664,25525,244.96,9
24582,25428,141.89,11
24098,24664,0.00,8
24021,24774,433.76,8
23895,24542,83.96,10
23782,24284,137.64,11
23744,24506,146.89,11
23608,24605,39.04,9
23536,24130,161.84,11
10455,11268,0.00,11
10249,10692,90.03,9
10686,11534,123.84,8
10586,11630,330.35,9
10857,11448,3.54,9
10708,11294,0.00,11
10969,11858,387.72,8
10891,11441,69.71,10
11082,11729,384.06,11
11037,11682,173.83,9
11690,12183,255.81,8
11316,12283,367.01,8
11754,12667,49.05,11
11703,12027,164.13,9
12013,12307,0.00,8
11848,12744,411.84,11
8618,9245,372.98,9
8635,9323,62.54,9
8840,9354,76.44,9
9046,10033,328.19,11
9085,9809,196.41,11
9226,9896,204.97,9
9594,10146,0.00,8
9661,10123,249.95,8
9673,10459,254.74,8
9812,10456,159.65,8
9866,10748,137.92,10
9878,10498,177.16,9
9888,10519,0.00,8
9931,10663,171.89,11
10096,10763,186.57,10
10156,11116,431.58,9
7545,7717,0.00,11
7458,7790,0.00,10
7386,8364,251.40,8
7341,7751,0.00,10
7816,8614,265.61,9
7742,8508,33.08,11
7710,8615,0.00,9
7615,8402,0.00,10
8101,8777,352.58,8
8079,8882,0.00,9
7952,8688,342.91,10
7868,8746,152.40,10
8544,9605,512.97,8
8504,8857,0.00,8
8501,9201,0.00,9
8488,9447,103.73,9
6078,6522,0.00,8
6124,6771,220.94,9
5753,6295,105.41,8
6047,6418,0.00,11
6679,7289,180.06,8
6693,7176,62.82,9
6258,6827,0.00,11
6374,7446,117.56,8
7042,7730,173.45,10
7066,7416,0.00,10
6780,7324,49.47,8
7034,7949,129.23,8
7248,8032,62.48,10
7308,7604,0.00,8
7118,7992,63.26,8
7181,7974,48.17,8
17187,17888,188.88,11
17130,17797,0.00,8
17375,18191,53.31,9
17334,17935,0.00,9
16998,17789,254.64,8
16882,17399,259.87,10
17088,18092,422.06,11
17077,17776,0.00,10
17799,18698,311.53,11
17775,18369,258.30,9
17875,18495,0.00,8
17851,18624,0.00,9
17496,18521,83.31,8
17408,18194,295.55,8
17757,18399,174.49,8
17507,18056,83.36,11
15700,16385,335.60,8
15762,16126,85.67,8
15773,16412,49.82,9
15971,16638,0.00,8
15301,15957,292.31,10
15376,16092,131.83,11
15552,16214,78.69,11
15697,16438,338.81,11
16470,16898,26.42,8
16544,17360,257.54,11
16555,16882,66.36,9
16662,17145,97.39,10
15971,16966,181.65,10
16145,16891,336.10,9
16371,16880,99.88,8
16428,17341,335.14,9
14518,15422,351.52,8
14488,15359,246.78,10
14438,15011,114.87,8
14364,15115,0.00,8
14297,15040,213.43,10
14122,15076,185.35,9
13980,15270,394.22,10
13882,14832,345.08,9
15177,15897,0.00,10
14993,15594,0.00,11
14945,15876,0.00,11
14905,15853,123.14,9
14837,15295,49.95,9
14805,15616,188.34,10
14594,15544,288.49,8
14549,15263,155.47,10
13355,14034,27.82,8
13405,14256,368.06,10
12681,13371,43.44,8
13092,13892,107.69,9
12303,13245,436.57,9
12440,13009,251.83,10
12051,12481,154.53,10
12230,13007,308.80,9
13684,14417,263.87,11
13860,14598,103.64,9
13537,14407,0.00,10
13578,14016,51.22,9
13512,14033,128.23,9
13535,13964,44.59,11
13443,13762,0.00,8
13447,14259,225.94,9
