100
0,64,292,1,0,0,0,0,
0,67,327,1,0,0,0,0,
0,27,97,1,0,0,0,0,
0,59,117,1,0,0,0,0,
0,218,270,1,0,0,4,0,625;411;663;518
0,239,320,1,16,0,5,0,604;390;642;497;707
0,140,219,1,0,0,0,0,
0,156,233,1,16,0,1,0,687
0,105,158,1,0,0,0,0,
0,119,196,1,0,0,0,0,
0,83,148,1,0,0,0,0,
0,105,192,1,0,0,0,0,
1,515,596,1,0,0,9,1,240;114;366;221;431;483;213;283;816
0,442,517,1,0,0,9,0,240;187;439;294;504;556;286;356;889
1,411,492,1,0,0,9,1,267;218;470;325;535;587;317;387;920
1,351,649,1,16,0,8,8,470;278;530;372;595;647;377;447
0,334,401,1,0,0,8,0,470;295;547;372;612;664;394;464
1,325,399,1,0,0,7,1,470;304;556;411;621;673;403
1,298,577,1,16,0,7,5,545;331;583;438;648;700;430
0,277,352,1,15,0,7,0,566;352;604;459;669;721;451
1,813,1015,1,0,0,5,1,30;68;5;114;518
1,741,982,1,0,0,6,2,102;140;5;257;57;590
1,733,1011,1,0,0,7,3,110;148;3;213;265;65;598
0,730,783,1,0,0,7,0,113;151;6;216;268;68;601
0,692,755,1,0,0,8,0,151;189;44;254;306;36;106;639
1,608,661,1,0,0,9,1,235;21;273;128;338;390;120;190;723
0,604,662,1,0,0,9,0,239;25;277;132;342;394;124;194;727
1,538,606,1,0,0,9,1,240;91;290;198;408;460;190;260;793
0,963,1021,1,0,0,3,0,29;368;733
1,952,1031,1,0,0,3,1,46;379;744
1,1141,1398,1,0,0,4,2,190;520;598;774
1,1009,1250,1,0,0,3,1,322;687;730
0,1190,1247,1,0,0,5,0,48;506;549;725;1041
0,1164,1214,1,0,0,4,0,48;520;575;751
0,1221,1273,1,0,0,5,0,48;260;518;694;1010
1,1193,1453,1,0,0,5,2,48;503;546;722;1038
1,826,894,1,0,0,5,1,17;55;5;114;505
0,817,901,1,0,0,5,0,26;63;5;114;514
0,861,929,1,0,0,4,0,20;5;77;470
1,855,918,1,16,0,4,1,26;5;114;476
0,917,969,1,0,0,4,0,5;77;414;779
0,906,958,1,0,0,4,0,5;77;425;790
0,949,1020,1,0,0,3,0,49;382;747
0,942,992,1,0,0,4,0,4;56;389;754
1,1514,1565,1,0,0,8,1,182;225;401;717;468;284;801;361
1,1516,1579,1,0,0,8,1,180;223;399;715;466;235;799;359
0,1547,1622,1,0,0,8,0,149;192;368;658;435;235;768;328
1,1585,1863,1,0,0,8,7,111;154;330;646;397;213;730;290
1,1632,1704,1,0,0,9,2,64;107;283;599;350;166;683;243;487
1,1638,1851,1,0,0,9,6,58;101;277;564;344;160;677;237;481
0,1662,1742,1,0,0,9,0,34;77;253;564;320;136;653;213;457
1,1730,1942,1,0,0,8,4,9;185;501;252;68;585;145;389
0,1234,1308,1,0,0,5,0,48;260;505;681;997
0,1234,1311,1,0,0,5,0,48;260;505;681;997
1,1278,1528,1,0,0,6,4,48;260;461;637;953;704
1,1316,1403,1,0,0,7,3,15;260;329;599;915;666;482
0,1326,1380,1,0,0,7,0,5;256;329;589;905;656;472
1,1327,1399,1,0,0,7,2,4;256;329;588;904;655;471
0,1346,1402,1,16,0,6,0,256;225;569;885;636;452
1,1487,1782,1,0,0,8,8,209;225;428;744;495;311;828;388
1,2140,2190,1,0,0,5,2,91;175;568;595;486
1,2086,2162,1,0,0,6,2,145;229;33;622;649;540
1,2045,2108,1,0,0,6,1,186;270;74;663;690;581
0,2028,2104,1,0,0,6,0,203;287;91;680;707;598
0,2182,2244,1,0,0,5,0,49;133;526;553;444
1,2149,2355,1,0,0,5,3,62;166;559;586;477
0,2147,2198,1,0,0,5,0,62;168;561;588;479
1,2141,2211,1,0,0,5,1,62;174;567;594;485
1,1837,1924,1,0,0,6,2,78;394;145;478;38;282
0,1769,1849,1,0,0,7,0,146;436;213;29;546;106;350
0,1743,1805,1,0,0,7,0,172;436;239;55;572;132;376
1,1736,1811,1,0,0,8,2,3;179;469;246;62;579;139;383
1,2019,2084,1,0,0,5,1,212;296;100;689;716
1,1982,2053,1,0,0,6,1,213;0;333;137;726;753
1,1963,2022,1,0,0,6,1,257;19;352;156;745;772
1,1949,2231,1,0,0,6,4,282;33;366;170;759;786
1,2509,2735,1,0,0,11,5,50;226;117;588;361;654;897;209;621;570;557
1,2516,2604,1,0,0,11,2,50;219;110;404;361;647;890;202;614;563;550
1,2474,2760,1,0,0,8,5,234;243;152;623;425;689;932;244
1,2484,2543,1,0,0,8,1,50;228;142;613;415;679;922;234
1,2551,2784,1,0,0,11,3,50;184;64;404;335;612;855;167;579;528;515
1,2555,2835,1,0,0,11,7,50;65;64;404;335;608;851;163;575;524;511
1,2520,2606,1,0,0,11,1,50;215;64;404;361;643;886;198;610;559;546
1,2527,2606,1,0,0,11,1,50;208;64;404;335;636;879;191;603;552;539
1,2363,2431,1,0,0,5,1,345;372;263;734;536
1,2399,2452,1,0,0,6,1,309;336;227;698;500;764
1,2242,2330,1,0,0,4,1,73;466;493;384
0,2338,2412,1,0,0,4,0,370;397;288;759
1,2467,2544,1,0,0,8,1,241;260;159;630;432;696;939;251
1,2474,2531,1,0,0,8,1,50;243;152;623;425;689;932;244
1,2413,2478,1,0,0,7,1,295;322;213;684;486;716;993
1,2428,2716,1,0,0,8,5,280;307;198;669;471;716;978;290
0,2880,2954,1,0,0,9,0,217;19;256;526;250;199;186;168;421
0,2833,2905,1,0,0,9,0,264;66;256;573;297;246;233;215;468
0,2890,2971,1,0,0,10,0,207;9;256;516;240;189;176;158;411;705
0,2883,2935,1,0,0,9,0,214;16;256;523;247;196;183;165;418
1,2636,2704,1,0,0,11,2,50;65;383;263;527;770;82;494;443;430;412
0,2631,2705,1,0,0,11,0,50;65;383;268;532;775;87;499;448;435;417
1,2690,2911,1,0,0,11,4,18;45;380;209;473;716;28;440;389;376;358
1,2671,2725,1,0,0,11,3,32;64;383;228;492;735;47;459;408;395;377
33
2884,3595,0.00,11
2902,3841,0.00,11
191,629,0.00,10
208,881,94.13,9
151,843,305.09,10
270,998,197.95,8
273,728,0.00,9
215,736,48.54,8
234,946,208.47,10
892,1696,452.26,10
1004,1739,263.18,10
331,798,28.89,10
369,1331,142.74,8
1268,1982,82.42,11
1308,1798,49.94,9
1082,1915,0.00,9
1189,2231,295.15,8
1874,2708,202.09,8
1625,2119,0.00,8
1443,1875,0.00,9
1400,2315,53.61,10
2341,2899,80.21,10
2302,3097,208.01,11
2027,2626,114.68,9
1913,2735,218.44,10
2486,3130,0.00,10
2415,2718,0.00,9
2403,3406,0.00,8
2368,3163,265.79,11
2766,3301,0.00,9
2598,3048,0.00,8
2504,3066,0.00,9
2503,3079,0.00,10
