100
1,2817,2868,1,0,0,7,2,437;225;253;657;699;413;901
1,2816,3082,1,0,0,7,5,438;226;254;769;700;414;902
1,2776,2839,1,0,0,4,1,471;266;294;809
1,2766,2849,1,0,0,4,1,488;276;304;819
0,2718,2774,1,0,0,3,0,536;324;352
0,2694,2755,1,0,0,4,0,18;560;348;376
0,2648,2706,1,0,0,3,0,64;606;394
0,2597,2682,1,0,0,3,0,115;657;445
0,2559,2618,1,0,0,3,0,153;695;483
1,2528,2813,1,0,0,4,3,18;184;726;514
0,2498,2586,1,0,0,4,0,48;214;756;544
0,2475,2547,1,0,0,5,0,6;71;237;779;567
0,2300,2359,1,0,0,6,0,88;246;412;112;954;742
1,2314,2383,1,0,0,6,1,88;232;398;98;940;728
1,2352,2439,1,0,0,6,1,88;194;360;60;902;690
0,2408,2471,1,0,0,6,0,73;138;304;4;846;634
1,2158,2220,1,0,0,5,1,323;388;39;554;254
0,2180,2241,1,0,0,5,0,301;366;15;532;232
1,2191,2260,1,0,0,5,1,290;355;15;521;221
1,2208,2412,1,0,0,7,2,273;338;15;504;181;1046;834
0,2075,2144,1,0,0,6,0,12;406;471;193;637;337
1,2088,2159,1,0,0,6,1,12;393;458;192;624;324
1,2117,2348,1,0,0,6,5,10;364;423;163;595;295
0,2152,2221,1,0,0,5,0,329;394;39;560;260
0,2006,2083,1,0,0,6,0,4;30;475;540;274;706
0,2012,2082,1,0,0,7,0,4;30;469;534;268;700;400
1,2056,2144,1,0,0,6,1,30;425;490;224;656;356
1,2071,2157,1,0,0,6,1,30;410;475;193;641;341
0,1954,2012,1,0,0,5,0,4;30;527;592;326
1,1952,2214,1,0,0,5,4,4;175;529;594;328
0,1998,2071,1,0,0,6,0,4;30;483;548;282;714
0,1993,2045,1,0,0,6,0,4;30;488;553;287;719
0,1826,1896,1,0,0,7,0,215;90;94;301;655;720;454
0,1816,1868,1,0,0,7,0,225;100;104;303;665;729;464
0,1936,2002,1,0,0,5,0,4;191;545;610;344
1,1925,2153,1,0,0,5,3,116;202;556;621;355
1,1747,1966,1,0,0,6,4,294;169;170;334;734;799
1,1743,1819,1,0,0,6,1,298;173;170;355;738;803
1,1764,1837,1,0,0,7,2,277;152;156;303;717;782;516
0,1762,1850,1,15,0,6,0,279;154;158;303;719;784
0,1686,1770,1,0,0,6,0,37;355;229;234;437;795
1,1659,1939,1,0,0,7,4,64;382;229;250;457;21;822
1,1741,1807,1,0,0,6,1,300;175;170;386;740;805
1,1719,1924,1,0,0,7,2,4;322;197;201;408;762;827
0,1466,1537,1,0,0,11,0,46;60;51;257;58;575;450;454;661;214;1015
1,1452,1513,1,0,0,11,2,60;74;65;271;72;589;464;467;675;228;1029
0,1428,1478,1,0,0,12,0,84;12;98;89;295;96;613;488;467;699;252;1053
1,1378,1447,1,0,0,14,2,37;134;33;62;148;139;345;146;663;538;467;749;302;1103
1,1554,1846,1,0,0,7,2,161;487;362;366;484;126;867
1,1543,1837,1,15,0,7,5,161;498;373;377;584;137;867
1,1532,1610,1,0,0,7,1,191;509;384;388;595;148;867
1,1520,1790,1,0,0,9,7,6;203;4;521;396;400;607;160;961
1,1586,1808,1,0,0,7,3,137;404;330;250;460;94;867
1,1574,1650,1,0,0,7,1,149;467;342;250;460;106;867
1,1563,1794,1,0,0,7,4,160;478;353;250;484;117;867
1,1558,1635,1,0,0,7,1,161;483;358;250;484;122;867
1,1649,1727,1,0,0,7,1,74;392;267;250;457;31;832
0,1627,1714,1,0,0,7,0,85;404;289;250;457;53;854
1,1625,1696,1,0,0,7,1,85;404;291;250;460;55;856
1,1601,1883,1,16,0,7,5,85;404;315;250;460;79;867
1,1005,1091,1,0,0,12,2,53;5;59;244;410;169;507;406;233;435;521;512
1,1036,1254,1,0,0,11,7,22;32;213;379;138;476;375;202;404;490;481
1,972,1035,1,0,0,12,1,86;38;96;277;443;180;540;439;266;468;554;545
1,984,1070,1,0,0,12,1,74;12;84;265;431;180;528;427;254;456;542;533
0,1113,1183,1,0,0,11,0,136;302;61;399;298;125;327;413;404;607;411
1,1133,1195,1,0,0,11,2,116;282;41;379;278;105;307;393;384;590;391
1,1060,1117,1,0,0,11,1,8;189;355;114;452;351;178;380;425;457;663
1,1095,1163,1,0,0,11,2,154;320;79;417;316;143;345;425;422;624;429
1,1183,1246,1,0,0,13,1,66;232;329;228;55;257;343;334;530;341;858;733;737
0,1194,1250,1,0,0,13,0,55;221;318;217;44;246;332;323;529;330;847;722;714
1,1165,1217,1,16,0,12,2,84;250;9;347;246;73;275;361;352;558;359;876
1,1180,1254,1,0,0,13,2,69;235;332;231;58;260;346;337;543;344;861;736;740
1,1328,1408,1,0,0,13,1,87;184;83;112;198;189;395;196;713;588;467;799;352
1,1361,1447,1,0,0,13,2,54;151;50;79;165;156;362;163;680;555;467;766;319
1,1227,1297,1,0,0,13,1,22;188;285;184;11;213;299;290;496;297;814;689;693
1,1324,1564,1,0,0,13,2,91;188;87;116;202;193;399;200;717;592;596;803;356
0,356,409,1,0,0,2,0,648;630
1,340,394,1,0,0,2,1,648;670
1,455,543,1,0,0,5,1,584;555;613;490;794
1,453,536,1,0,0,5,1,605;557;615;492;796
0,491,571,1,0,0,5,0,567;519;577;454;586
1,487,744,1,0,0,5,3,571;523;581;458;762
1,602,691,1,15,0,8,2,456;408;466;343;586;813;572;910
1,515,601,1,0,0,6,1,543;495;553;430;586;900
1,647,728,1,0,0,9,2,411;351;421;298;586;768;527;865;764
1,646,914,1,0,0,9,9,412;364;422;299;586;769;528;866;765
1,743,945,1,0,0,9,5,315;267;254;202;506;672;431;769;668
1,723,998,1,0,0,9,8,335;287;345;222;526;692;451;789;688
1,824,898,1,0,0,12,1,234;186;244;109;425;591;350;688;587;414;616;702
1,800,871,1,0,0,11,1,258;210;254;145;449;615;374;712;611;438;640
1,938,1233,1,0,0,13,9,120;72;130;7;311;477;236;574;473;300;502;588;579
1,840,1092,1,0,0,13,8,218;170;228;50;409;575;334;672;571;398;600;686;677
0,43,102,1,0,0,0,0,
0,57,314,1,0,0,0,0,
0,81,325,1,0,0,0,0,
0,105,193,1,0,0,0,0,
0,187,269,1,0,0,0,0,
0,238,498,1,0,0,0,0,
0,272,353,1,0,0,2,0,786;738
1,339,418,1,0,0,2,1,719;671
32
2735,3585,112.32,9
2783,3516,0.00,8
2812,3230,0.00,9
2813,3718,0.00,9
2009,2412,40.60,9
2195,3254,135.10,9
2207,3042,0.00,8
2685,3070,0.00,9
1144,2041,175.56,9
1088,1524,0.00,8
1043,1723,153.11,9
839,1517,0.00,10
819,1526,96.93,10
783,1440,0.00,9
753,1238,0.00,9
619,1411,0.00,8
1972,2712,0.00,9
1763,2280,180.17,9
1712,2546,89.41,11
1376,2481,280.12,11
1322,1680,0.00,10
1300,2127,395.17,11
1179,1920,329.24,8
1173,1916,67.25,11
533,1174,80.69,11
573,1512,0.00,11
422,1249,176.95,10
497,1415,0.00,8
376,1068,116.98,11
390,945,95.57,11
246,1058,112.15,8
251,1010,153.80,9
