103
1,1877,2129,1,0,171,5,3,158;361;368;319;689
1,1861,2112,1,0,141,5,5,174;377;368;322;705
1,1840,1929,1,0,141,5,1,195;398;410;322;726
0,1779,1836,1,0,0,5,0,256;459;444;322;787
1,1772,2070,1,0,203,5,5,263;466;444;606;794
0,1720,1775,1,0,0,5,0,10;315;518;444;658
1,1711,1778,1,0,140,5,1,19;324;527;444;667
0,1678,1766,1,0,0,5,0,52;357;560;444;700
1,1654,1718,1,0,125,5,1,76;381;584;444;724
1,1642,1920,1,0,140,5,3,88;393;596;608;736
1,1622,1672,1,0,110,4,1,108;413;616;628
0,1567,1630,1,0,0,4,0,163;468;671;683
1,1403,1487,1,0,156,7,1,12;103;327;84;127;491;821
1,1402,1682,1,16,171,7,2,13;104;328;85;127;491;834
1,1400,1458,1,0,156,7,1,15;106;330;87;138;491;834
1,1381,1447,1,0,187,7,1,34;125;349;106;157;491;857
1,1355,1428,1,0,156,7,2,60;151;375;118;183;517;883
1,1356,1421,1,0,172,7,2,59;150;374;118;182;491;882
1,1320,1382,1,0,188,8,3,95;186;26;410;118;218;715;893
1,1346,1568,1,0,172,8,4,69;160;0;384;118;192;689;892
1,1254,1339,1,0,171,8,1,161;252;92;476;118;259;781;984
1,1316,1529,1,0,187,8,4,99;190;30;414;118;222;719;922
1,1234,1481,1,0,188,7,6,181;272;112;496;253;259;801
1,1238,1306,1,0,188,7,3,177;268;108;492;118;259;797
1,1107,1187,1,0,140,8,1,42;111;308;399;192;623;380;259
0,1224,1307,1,0,0,7,0,191;282;122;506;263;259;811
1,1100,1179,1,0,140,8,2,49;118;315;406;246;630;387;438
1,1103,1310,1,16,171,8,5,46;115;312;403;192;627;384;435
0,1047,1111,1,0,0,7,0,102;171;368;459;299;671;440
1,1082,1141,1,0,156,8,2,67;136;333;424;264;648;405;456
1,991,1063,1,0,172,7,2,158;214;424;515;355;697;496
1,992,1043,1,0,171,7,1,157;214;423;514;354;671;495
1,2500,2586,1,0,250,8,2,66;377;94;26;517;371;278;520
0,2499,2566,1,0,0,8,0,67;378;95;27;517;371;278;520
1,2597,2858,1,0,172,7,6,280;463;314;278;486;657;834
1,2584,2835,1,0,203,8,6,293;10;476;327;278;499;670;922
1,2462,2687,1,0,219,8,4,104;415;111;64;521;371;278;621
0,2437,2525,1,0,0,7,0,129;440;111;89;521;371;278
1,2487,2571,1,0,234,8,3,79;390;107;39;517;371;278;596
1,2463,2513,1,0,234,8,1,103;414;111;63;517;371;278;620
1,2418,2501,1,0,219,7,1,146;455;111;108;642;393;478
1,2408,2485,1,0,187,7,1,146;455;186;118;652;393;488
1,2434,2719,1,0,203,7,2,132;443;111;92;521;371;462
1,2424,2705,1,0,219,7,5,142;453;111;102;636;371;472
1,2374,2456,1,0,218,8,2,4;192;497;220;152;686;414;522
1,2371,2443,1,0,188,8,1,7;195;506;223;155;689;414;525
1,2407,2465,1,0,218,7,1,159;455;187;119;653;393;489
1,2392,2459,1,0,203,7,1,174;485;202;134;668;393;504
0,2272,2327,1,0,0,7,0,90;294;597;322;254;788;639
1,2298,2387,1,0,203,7,2,80;268;579;296;228;762;613
1,2338,2549,1,0,234,8,3,38;228;539;256;188;722;573;558
0,2341,2415,1,0,0,8,0,37;225;536;253;185;719;414;555
1,2231,2314,1,0,172,8,1,7;19;147;335;646;363;295;829
1,2241,2291,1,15,203,8,2,9;137;309;636;353;285;819;670
1,2252,2317,1,0,203,7,2,126;309;625;342;274;808;659
1,2270,2342,1,0,188,7,2,108;296;597;324;256;790;641
0,2091,2164,1,0,0,8,0,147;159;276;475;752;503;435;969
1,2124,2381,1,0,188,8,4,114;126;254;442;752;470;402;936
1,2140,2211,1,0,187,8,2,98;110;238;426;737;433;386;920
1,2173,2235,1,0,156,8,1,65;77;194;393;704;421;353;887
0,1891,1941,1,0,0,6,0,144;347;359;319;541;986
1,1941,2160,1,0,171,6,3,94;297;309;319;541;936
1,2054,2135,1,0,187,8,2,153;196;319;512;823;540;472;1006
1,2073,2124,1,0,172,8,1,153;177;305;493;752;521;453;987
0,795,873,1,0,0,7,0,77;354;423;599;711;505;846
1,784,1073,1,0,172,7,4,88;365;434;599;722;505;946
1,820,909,1,0,203,8,3,25;329;398;595;686;505;846;667
1,816,882,1,0,187,8,3,56;333;402;599;690;505;846;671
1,936,996,1,0,141,7,2,213;282;479;570;410;697;551
1,923,1205,1,0,156,7,5,226;295;492;583;423;807;564
1,978,1034,1,0,187,7,1,171;221;437;528;368;697;509
1,972,1023,1,0,187,7,1,177;246;443;534;374;697;515
1,588,827,1,0,140,5,3,107;284;561;630;827
1,539,626,1,0,125,5,1,156;333;610;679;857
1,631,882,1,0,156,5,3,64;241;518;587;784
1,593,650,1,0,156,5,1,102;267;556;625;822
1,726,936,1,0,141,6,3,146;423;492;689;780;620
0,704,759,1,0,0,6,0,168;445;514;711;802;642
1,779,1058,1,0,172,7,5,93;370;439;636;727;505;951
1,730,948,1,0,141,6,3,142;419;488;685;776;540
0,153,219,1,0,0,1,0,354
0,274,355,1,0,0,3,0,354;598;875
1,310,399,1,0,94,3,1,354;562;839
0,323,373,1,0,0,3,0,354;511;826
0,398,479,1,15,0,3,0,297;474;751
1,432,669,1,0,94,3,2,263;440;717
1,511,561,1,0,156,5,1,184;361;622;707;904
1,512,585,1,0,187,5,2,183;360;622;706;857
0,10,83,1,0,0,0,0,
0,59,277,1,0,0,0,0,
0,73,125,1,0,0,0,0,
1,127,424,1,0,46,1,1,568
0,136,212,1,0,0,1,0,354
0,2651,2726,1,0,0,7,0,226;409;244;245;432;603;774
1,2634,2689,1,0,156,7,2,243;426;244;262;449;620;797
1,2626,2711,1,0,172,7,2,251;434;285;270;457;628;797
1,2608,2682,1,0,172,7,1,269;452;303;278;475;646;797
1,2845,2896,1,0,156,9,2,32;215;66;51;238;256;660;682;648
1,2830,2902,1,0,156,9,2,47;230;81;61;253;256;676;697;663
1,2826,2881,1,0,156,8,2,51;234;85;70;257;256;680;701
1,2824,3043,1,0,156,8,3,53;236;87;72;259;430;682;703
1,2875,2934,1,0,156,9,3,2;185;36;21;208;256;631;426;618
1,2874,3113,1,0,140,9,3,3;186;37;22;209;256;632;653;619
26
1942,2594,113.11,10
1969,2526,0.00,8
1745,2566,206.58,10
1884,2877,145.62,9
2336,2896,194.83,8
2443,3083,76.54,9
1979,3060,162.92,10
2235,2911,243.34,10
804,1487,135.20,11
1067,1538,188.35,10
681,1346,188.94,11
765,1730,268.07,10
1473,2250,241.61,11
1634,2378,422.85,8
1112,2035,208.93,9
1252,2238,266.44,10
173,872,111.51,11
122,695,214.61,9
669,1506,0.00,8
437,1415,148.23,8
433,1218,64.40,8
250,1149,155.28,9
2543,3506,164.46,9
2538,3254,174.23,10
2830,3493,51.29,9
2817,3527,227.19,9
