1000
1,28944,29179,1,0,0,8,5,318;304;391;339;222;363;803;570
1,28902,28962,1,0,0,9,2,31;360;346;433;381;264;405;825;612
1,28882,28968,1,0,0,9,2,51;380;366;453;401;284;425;865;632
1,28825,29084,1,0,0,9,7,108;7;437;39;423;500;458;341;482
1,28726,28807,1,0,0,12,2,79;2;207;86;106;536;127;522;500;557;440;581
1,28725,28787,1,0,0,12,2,80;3;208;87;107;537;139;523;500;558;441;582
1,28678,28755,1,0,0,12,2,127;50;244;134;154;584;186;570;500;605;488;629
1,28661,28745,1,0,0,11,1,144;67;272;151;171;601;203;587;500;622;505
1,28642,28728,1,0,0,11,2,163;86;291;170;190;620;222;606;500;641;524
0,28631,28685,1,0,0,11,0,174;97;302;181;201;631;228;617;500;652;535
1,28613,28877,1,0,0,11,6,192;115;311;199;219;649;228;635;701;670;553
1,28610,28876,1,0,0,11,8,195;118;323;202;222;652;228;638;713;673;556
1,28610,28665,1,0,0,11,1,195;118;323;202;222;652;228;638;701;673;556
1,28603,28672,1,0,0,11,3,202;125;330;209;229;659;228;645;732;680;563
1,28599,28680,1,0,0,11,2,206;129;334;213;233;663;265;649;736;684;567
1,28547,28623,1,0,0,10,1,258;181;381;265;285;715;317;696;759;736
0,29393,29482,1,0,0,5,0,354;121;284;366;540
1,29393,29467,1,0,0,5,1,354;121;284;366;540
1,29333,29390,1,0,0,6,1,2;414;181;284;426;685
1,29370,29572,1,0,0,5,3,377;144;284;389;648
1,29290,29522,1,0,0,6,3,45;17;457;224;455;455
0,29299,29362,1,0,0,6,0,36;8;448;215;284;455
1,29224,29500,1,0,0,9,5,38;24;111;59;83;522;290;521;535
1,29266,29323,1,0,0,7,1,69;17;41;481;248;479;455
1,29153,29223,1,0,0,10,2,109;95;141;130;13;154;589;355;592;606
1,29207,29294,1,0,0,9,3,55;41;128;76;100;540;307;538;552
0,29132,29210,1,0,0,10,0,130;116;203;151;34;175;589;355;613;627
1,29149,29203,1,0,0,10,1,113;99;186;134;17;158;589;355;596;610
1,29068,29133,1,0,0,10,1,194;174;267;215;98;239;590;355;677;691
1,29099,29171,1,0,0,10,1,163;149;236;184;67;208;590;355;646;660
1,29011,29240,1,0,0,8,6,251;237;324;272;155;296;590;503
1,29050,29120,1,0,0,9,2,212;198;285;233;116;257;590;355;695
0,27999,28054,1,0,0,8,0,163;134;449;392;205;226;352;587
0,27994,28054,1,0,0,8,0,168;139;454;397;205;226;357;587
1,28043,28101,1,0,0,8,1,119;90;405;348;166;189;308;587
1,28042,28121,1,0,0,8,1,120;91;406;349;182;190;309;587
1,27972,28048,1,0,0,9,1,21;190;161;466;419;252;260;379;587
1,27958,28015,1,0,0,10,3,35;204;2;175;490;433;266;274;392;587
1,27979,28060,1,0,0,9,2,14;183;154;466;412;205;253;372;587
1,27973,28041,1,0,0,9,1,20;189;160;466;418;234;259;378;587
1,27864,28160,1,0,0,10,6,129;298;26;96;269;584;527;360;368;487
1,27806,28078,1,0,0,11,7,137;356;84;154;327;4;613;585;418;426;520
1,27942,28225,1,0,0,10,7,51;220;18;191;506;449;282;290;392;863
1,27916,27994,1,0,0,10,2,77;246;44;217;532;475;308;316;435;889
1,27752,27840,1,0,0,11,1,241;410;138;208;381;58;613;639;472;480;599
1,27643,27879,1,0,0,9,6,350;519;247;317;490;167;805;748;581
1,27795,27872,1,0,0,11,1,173;367;95;165;338;15;613;596;429;437;520
1,27792,27847,1,0,0,11,2,173;370;98;168;341;18;613;599;432;440;559
1,28484,28552,1,0,0,9,2,321;244;381;328;348;778;380;764;851
0,28489,28554,1,0,0,9,0,316;239;381;323;343;773;375;739;846
1,28530,28801,1,0,0,9,8,275;198;381;282;302;732;334;718;805
1,28530,28589,1,0,0,9,2,275;198;381;282;302;732;334;718;759
1,28283,28532,1,0,0,7,2,165;108;68;522;445;650;496
1,28320,28409,1,0,0,8,2,128;71;31;485;408;613;492;512
1,28338,28558,1,0,0,8,3,110;53;13;467;390;556;474;494
1,28346,28593,1,0,0,8,4,102;45;5;459;382;404;466;486
1,28174,28233,1,0,0,9,2,274;217;50;58;177;587;554;743;496
0,28199,28282,1,0,0,9,0,249;192;25;33;152;578;529;734;496
1,28227,28501,1,0,0,8,3,221;164;5;124;578;501;706;496
1,28232,28297,1,0,0,8,2,216;159;0;119;573;496;686;496
1,28070,28150,1,0,0,8,2,92;63;378;321;147;162;281;587
1,28074,28130,1,0,0,8,2,88;59;374;317;147;152;277;587
1,28137,28387,1,0,0,9,4,25;311;254;87;95;214;587;591;796
1,28169,28466,1,16,0,9,5,279;222;55;63;182;587;559;743;643
0,22188,22277,1,16,0,8,0,52;40;36;252;710;502;477;518
0,22188,22271,1,0,0,8,0,52;40;36;252;710;502;477;518
1,22213,22286,1,0,0,11,2,27;15;11;227;685;477;452;493;846;942;782
1,22221,22450,1,0,0,12,4,19;7;3;219;677;469;444;485;838;934;758;657
1,22077,22130,1,0,0,8,1,159;151;147;363;106;722;613;588
1,22088,22174,1,0,0,8,1,152;131;136;352;95;722;602;577
1,22136,22221,1,0,0,8,1,104;92;88;304;47;722;554;529
0,22166,22238,1,0,0,9,0,74;62;58;274;17;722;524;499;540
1,22005,22073,1,0,0,9,2,221;223;219;34;435;178;722;685;660
1,22010,22069,1,0,0,9,2,221;178;214;29;430;173;722;680;655
1,22028,22107,1,0,0,9,2,212;160;196;11;412;155;722;662;637
1,22068,22154,1,0,0,8,1,172;152;156;372;115;722;622;597
1,21856,21918,1,0,0,7,1,384;372;368;183;584;327;1042
1,21871,21931,1,0,0,7,1,348;357;353;168;569;312;1027
1,21991,22048,1,0,0,9,1,249;237;233;48;449;192;907;699;674
1,21994,22233,1,0,0,9,4,221;234;230;45;446;189;904;696;671
1,21693,21924,1,16,0,7,3,77;139;5;547;535;531;346
1,21686,21770,1,0,0,7,1,156;146;12;554;542;538;353
1,21828,21883,1,0,0,9,1,14;4;412;400;396;211;612;355;1070
1,21723,21783,1,0,0,7,1,77;109;433;505;501;316;717
1,21526,21774,1,0,0,6,4,38;316;306;160;714;702
1,21515,21581,1,0,0,8,1,5;49;1;327;317;183;725;713
1,21630,21681,1,0,0,7,1,212;202;68;610;598;594;409
1,21545,21630,1,0,0,6,1,19;297;287;153;695;625
1,21434,21522,1,0,0,8,1,86;130;82;408;398;264;806;794
1,21362,21447,1,0,0,9,1,34;158;7;202;154;480;437;336;878
1,21474,21546,1,0,0,8,1,46;90;42;368;358;224;766;754
0,21466,21523,1,0,0,8,0,54;98;50;376;366;232;774;762
1,21256,21317,1,0,0,8,1,140;264;113;308;260;558;576;442
0,21239,21293,1,0,0,7,0,157;281;130;325;277;558;593
1,21311,21388,1,0,0,9,1,85;209;58;253;205;531;437;387;929
1,21264,21485,1,0,0,8,5,132;256;105;295;252;558;568;434
1,21159,21214,1,0,0,7,2,56;237;361;210;367;357;562
1,21180,21264,1,0,0,7,2,35;216;340;189;367;336;558
1,21114,21192,1,0,0,7,2,101;282;406;255;450;402;562
1,21155,21234,1,0,0,7,2,60;241;365;214;374;361;562
0,21086,21143,1,0,0,9,0,27;127;310;17;434;283;478;430;667
1,21093,21154,1,0,0,9,2,20;122;303;10;427;276;471;423;667
1,21056,21127,1,0,0,9,2,57;159;340;47;464;313;508;460;667
1,21080,21149,1,0,0,9,2,33;135;316;23;440;289;484;436;667
1,20940,21197,1,0,0,11,4,173;10;275;456;163;36;580;429;624;576;902
1,21022,21299,1,0,0,9,6,91;193;374;81;498;347;542;494;820
1,20835,20914,1,0,0,10,2,278;115;380;561;268;141;685;534;729;681
1,20870,20947,1,0,0,10,1,243;80;345;526;233;106;650;499;694;646
1,20805,20892,1,0,0,8,2,308;145;410;591;298;171;715;564
0,20825,20906,1,0,0,9,0,288;125;390;566;278;151;695;544;739
0,20666,20716,1,0,0,7,0,25;447;284;549;698;437;310
1,20719,20783,1,0,0,6,2,394;231;496;677;384;257
1,20657,20933,1,0,0,7,7,34;456;293;558;727;446;319
1,20632,20682,1,0,0,7,3,59;481;318;583;764;471;344
1,20526,20606,1,15,0,7,1,10;32;165;529;424;588;870
1,20510,20560,1,0,0,7,1,26;48;181;529;429;588;886
1,20507,20745,1,0,0,7,3,29;48;184;529;429;708;889
0,20492,20546,1,0,0,7,0,44;48;199;529;429;723;904
1,20480,20551,1,0,0,6,2,56;48;211;529;452;735
1,20464,20539,1,0,0,6,1,72;94;227;529;452;751
1,20444,20507,1,0,0,6,1,92;114;247;529;452;771
1,20442,20502,1,0,0,6,2,94;116;249;529;508;773
1,20381,20671,1,0,0,6,5,2;155;177;310;536;569
1,20360,20630,1,0,0,6,5,23;176;198;331;545;590
1,20318,20533,1,0,0,5,3,65;218;240;373;545
1,20294,20584,1,0,0,5,5,89;242;264;397;819
1,20244,20303,1,0,0,4,1,139;292;314;445
1,20233,20306,1,0,0,4,1,150;303;325;458
1,23744,23826,1,0,0,6,2,18;396;229;163;466;105
0,23763,23835,1,0,0,5,0,377;210;147;447;86
1,23780,23844,1,0,0,6,1,360;193;130;430;69;718
1,23781,24039,1,0,0,6,4,359;192;129;422;68;717
1,23934,23993,1,0,0,5,1,206;39;276;482;876
1,24017,24276,1,0,0,6,4,123;193;481;793;381;716
1,24041,24112,1,0,0,7,1,99;169;457;680;357;692;523
0,24041,24115,1,0,0,7,0,99;169;409;680;357;692;523
1,23542,23606,1,0,0,6,1,220;585;431;368;657;307
1,23586,23644,1,0,0,6,2,176;554;387;324;624;263
1,23591,23648,1,0,0,6,2,171;549;382;315;619;258
1,23612,23698,1,0,0,6,2,150;528;361;279;598;237
0,23652,23724,1,0,0,6,0,110;488;321;223;558;197
1,23698,23779,1,0,0,6,1,64;442;275;212;512;151
1,23710,23796,1,0,0,6,2,52;427;263;200;500;139
1,23720,23801,1,0,0,6,1,42;420;253;163;490;129
1,23338,23420,1,0,0,9,2,122;10;42;377;781;635;572;872;511
1,23302,23354,1,0,0,9,1,158;46;78;377;809;671;595;908;547
1,23446,23734,1,0,0,7,4,14;316;694;527;464;764;403
1,23380,23463,1,0,0,8,2,80;0;377;760;593;530;830;469
1,23473,23684,1,0,0,6,3,289;667;500;437;735;376
1,23456,23524,1,0,0,7,1,4;306;684;517;454;735;393
1,23531,23615,1,0,0,6,1,231;609;442;379;657;318
1,23496,23742,1,0,0,6,4,266;633;477;414;714;353
0,23181,23236,1,0,0,8,0,279;167;90;199;447;959;792;729
1,23137,23219,1,0,0,8,2,18;323;211;134;243;458;1003;836
1,23211,23277,1,0,0,9,2,249;137;60;169;447;929;762;699;999
0,23185,23247,1,0,0,8,0,275;163;86;195;447;955;788;725
1,23250,23308,1,0,0,9,1,210;98;21;130;377;890;723;628;960
1,23213,23426,1,0,0,9,4,247;135;58;167;377;927;760;697;997
1,23292,23361,1,0,0,9,1,168;56;88;377;809;681;608;918;557
1,23291,23506,1,0,0,9,4,169;57;89;377;849;682;608;919;558
0,22881,22960,1,0,0,11,0,17;178;274;112;61;397;74;86;467;390;499
1,22999,23267,1,0,0,8,4,60;156;397;349;272;381;763;1141
1,22879,23171,1,0,0,11,7,19;180;276;112;63;459;96;88;469;392;501
1,22880,22944,1,0,0,11,3,18;179;275;112;62;397;95;87;468;391;500
1,23095,23149,1,0,0,8,1,60;365;253;176;285;667;1008;878
1,23097,23394,1,0,0,8,4,58;363;223;174;283;665;1008;876
1,23004,23071,1,0,0,9,1,55;151;397;344;267;376;758;1118;969
1,23090,23160,1,0,0,8,1,65;370;258;181;290;672;1050;883
1,22647,22706,1,0,0,14,1,251;43;18;59;412;508;348;231;295;776;328;320;701;624
1,22676,22750,1,0,0,13,2,222;14;30;383;479;317;202;266;776;299;291;672;595
1,22607,22659,1,0,0,14,1,291;83;58;99;452;548;381;271;335;814;364;360;722;664
1,22612,22874,1,0,0,14,8,286;78;53;94;447;543;368;266;330;814;363;355;722;659
1,22853,23094,1,0,0,12,9,45;206;302;142;25;89;601;122;114;495;418;527
1,22861,22917,1,0,0,12,1,37;198;294;134;17;81;459;114;106;487;410;519
1,22716,22769,1,0,0,11,1,182;343;439;279;162;226;744;259;251;632;555
1,22847,22932,1,0,0,12,4,51;212;308;148;31;95;613;128;120;501;424;533
1,22531,22608,1,0,0,12,3,367;159;134;175;528;606;464;347;411;814;413;436
1,22523,22590,1,0,0,12,3,375;167;142;183;536;606;472;355;419;814;452;444
1,22512,22597,1,0,0,11,2,386;178;153;194;547;643;483;366;430;814;463
1,22434,22652,1,0,0,12,9,6;464;256;231;272;625;652;561;444;508;1026;541
1,22591,22673,1,0,0,14,2,307;99;74;115;468;559;404;287;351;814;364;376;722;680
1,22584,22640,1,0,0,14,4,314;106;81;122;475;559;411;294;358;814;391;383;722;687
1,22573,22655,1,0,0,14,3,325;117;92;133;486;582;422;305;369;814;402;394;722;698
1,22562,22805,1,0,0,14,10,336;128;103;144;497;593;433;316;380;814;413;405;786;709
1,22253,22518,1,0,0,10,5,187;483;437;412;453;636;652;742;625;689
1,22237,22528,1,0,0,11,9,3;203;483;453;428;469;636;872;758;641;705
1,22235,22443,1,0,0,11,5,5;205;483;455;430;471;824;872;758;643;707
1,22229,22312,1,0,0,11,2,11;211;483;461;436;477;830;926;758;649;713
1,22407,22460,1,0,0,11,1,33;483;283;258;299;636;652;588;471;535;1053
1,22302,22362,1,0,0,11,1,138;483;388;363;404;636;652;679;576;638;1158
1,22288,22361,1,0,0,11,1,152;483;402;377;418;636;652;707;590;638;1172
0,22284,22338,1,0,0,11,0,156;483;406;381;422;636;652;711;594;638;1176
0,25680,25746,1,0,0,8,0,324;371;32;84;636;488;669;620
0,25614,25683,1,0,0,7,0,390;371;98;150;702;554;735
1,25764,25853,1,0,0,8,1,240;324;0;552;404;534;536;910
1,25716,25958,1,0,0,7,4,288;371;48;600;452;633;584
1,25465,25718,1,0,0,6,5,47;539;128;560;247;299
1,25455,25518,1,0,0,6,2,57;549;138;562;257;309
0,25555,25618,1,0,0,5,0,449;38;371;157;209
1,25553,25611,1,0,0,5,2,451;40;441;159;211
1,25994,26248,1,0,0,9,4,10;94;322;174;355;306;589;311;240
1,25916,26122,1,0,0,9,5,88;172;400;252;433;377;758;389;318
0,26026,26093,1,0,0,8,0,60;187;142;323;274;589;279;208
1,26001,26070,1,0,0,9,1,3;87;187;167;348;299;589;304;233
1,25836,25896,1,0,0,9,1,168;252;480;332;513;464;838;469;398
1,25776,25841,1,0,0,8,1,228;290;540;392;534;524;898;529
1,25896,25959,1,0,0,9,1,108;192;420;272;453;393;778;409;338
1,25894,25968,1,0,0,9,1,110;194;422;274;455;406;780;411;340
1,25123,25185,1,0,0,7,2,147;39;246;91;389;881;470
1,25167,25243,1,0,0,7,2,103;215;47;345;837;426;921
0,25174,25224,1,0,0,7,0,96;208;40;338;782;419;914
1,25197,25270,1,0,0,7,1,73;185;17;315;782;396;891
1,24951,25001,1,0,0,7,1,319;211;94;246;59;263;392
0,24964,25014,1,0,0,7,0,306;198;81;246;46;248;392
1,25018,25102,1,0,0,6,1,252;144;27;246;196;392
1,25086,25175,1,0,0,6,1,184;76;246;128;392;918
1,25379,25430,1,0,0,6,1,3;133;625;214;563;333
1,25403,25483,1,0,0,5,2,109;601;190;562;309
0,25429,25496,1,0,0,5,0,83;575;164;562;269
0,25450,25513,1,0,0,6,0,62;554;143;562;262;314
1,25201,25405,1,0,0,7,2,69;172;13;311;782;392;887
1,25206,25279,1,0,0,7,1,64;172;8;306;782;297;882
1,25282,25530,1,0,0,6,5,100;230;722;297;806;430
0,25372,25428,1,0,0,6,0,10;140;632;221;563;340
1,24678,24763,1,0,0,10,2,132;55;92;214;592;484;350;704;332;536
1,24665,24740,1,0,0,10,2,145;68;105;227;605;497;380;717;345;549
1,24607,24660,1,16,0,10,3,203;126;163;285;663;548;438;775;403;607
1,24570,24636,1,0,0,10,3,240;163;196;322;700;556;475;812;440;644
1,24564,24645,1,0,0,11,1,246;169;0;206;328;706;556;481;818;446;650
1,24559,24622,1,0,0,11,3,251;174;5;211;333;711;573;486;823;451;655
1,24551,24634,1,0,0,10,3,259;182;13;219;341;719;611;494;831;459
1,24446,24686,1,0,0,9,3,52;364;287;118;324;425;824;616;599
1,24927,25158,1,0,0,7,2,343;220;118;455;83;287;392
1,24904,24989,1,0,0,7,1,366;258;141;478;106;310;392
1,24898,25153,1,0,0,7,4,372;264;147;484;112;316;614
1,24847,24905,1,0,0,8,2,45;423;315;198;535;163;367;665
1,24765,24815,1,0,0,9,2,45;5;127;505;391;280;617;245;435
1,24743,24796,1,0,0,9,2,67;27;149;527;391;302;639;267;459
1,24732,24794,1,0,0,10,2,78;1;38;160;538;430;313;650;278;459
1,24682,24746,1,0,0,10,3,128;51;88;210;588;480;350;700;328;459
1,24184,24407,1,0,0,7,3,26;314;626;214;482;380;467
1,24257,24323,1,0,0,7,1,241;409;141;476;307;467;635
1,24146,24396,1,0,0,7,4,64;352;664;252;587;418;467
1,24146,24419,1,0,0,7,5,64;352;664;252;507;418;467
1,24119,24327,1,0,0,8,4,21;91;379;680;279;614;445;488
0,24135,24192,1,0,0,8,0,5;75;363;675;263;598;429;467
0,24106,24192,1,0,0,8,0,34;104;392;680;292;627;458;664
1,24111,24358,1,0,0,8,6,29;99;387;680;287;622;453;659
1,24413,24481,1,0,0,9,2,85;397;320;151;357;465;857;749;632
1,24443,24687,1,0,0,9,5,55;367;290;121;327;425;827;719;602
0,24355,24408,1,0,0,8,0,143;409;43;378;209;415;465;915
0,24389,24451,1,0,0,8,0,109;409;9;344;175;381;465;881
1,24302,24376,1,0,0,7,1,196;409;96;430;262;467;465
1,24345,24404,1,0,0,8,2,153;409;53;388;219;425;465;925
1,24263,24470,1,0,0,7,3,235;409;135;454;301;467;629
1,24274,24338,1,0,0,7,1,224;409;124;454;290;467;465
0,27199,27274,1,0,0,10,0,108;65;322;108;710;253;963;691;761;934
1,27196,27248,1,0,0,10,1,111;68;370;111;710;256;966;694;764;937
1,27323,27399,1,0,0,9,1,243;670;129;839;567;637;810;487;1125
1,27227,27428,1,0,0,10,4,80;37;322;80;710;225;935;663;733;906
1,27364,27617,1,0,0,9,5,202;621;88;798;526;596;769;446;1060
1,27348,27405,1,0,0,9,1,218;621;104;814;542;612;785;462;1100
1,27401,27485,1,0,0,9,1,165;592;51;761;489;559;732;409;930
1,27368,27651,1,0,0,9,5,198;621;84;794;522;592;765;442;930
1,27496,27577,1,0,0,9,1,70;497;666;394;464;637;314;930;895
0,27454,27509,1,0,0,9,0,112;539;708;436;506;679;356;930;937
1,27519,27572,1,16,0,9,1,47;474;643;317;441;614;291;912;872
1,27499,27563,1,0,0,9,2,67;494;663;317;461;634;311;930;892
1,27569,27867,1,0,0,9,7,424;593;317;391;564;241;865;822;655
1,27558,27772,1,0,0,10,5,8;435;604;317;402;575;252;890;833;666
1,27583,27655,1,0,0,9,1,410;579;307;377;550;227;834;808;641
1,27577,27850,1,0,0,9,7,416;585;313;383;556;233;847;814;647
1,26804,27028,1,0,0,8,2,32;234;478;163;460;548;503;305
0,26812,26874,1,0,0,8,0,24;226;478;155;452;548;495;253
1,26819,27104,1,0,0,8,5,17;219;478;148;445;548;488;253
1,26841,27111,1,0,0,7,2,197;466;126;423;548;466;253
1,26877,27175,1,0,0,7,5,161;250;90;387;548;430;232
1,26917,26977,1,0,0,7,1,121;250;50;347;544;390;192
0,26960,27013,1,0,0,8,0,78;250;7;304;544;347;149;1033
1,26962,27257,1,0,0,8,5,76;250;5;302;544;345;147;1031
1,26996,27083,1,0,0,8,1,42;250;268;544;311;113;783;456
1,27016,27086,1,0,0,10,1,22;250;248;544;291;72;783;436;1146;874
1,27027,27092,1,0,0,10,2,11;234;237;539;280;72;783;425;1135;863
1,27039,27099,1,0,0,9,1,234;225;527;268;70;782;413;1123;851
1,27049,27347,1,0,0,9,3,234;215;517;258;60;782;403;1113;841
1,27080,27285,1,0,0,9,5,227;184;486;227;29;782;372;1008;810
0,27085,27141,1,0,0,9,0,222;179;481;222;24;753;367;1008;805
1,27167,27447,1,0,0,9,4,140;97;399;140;753;285;995;723;793
1,26518,26803,1,0,0,5,3,133;318;441;789;449
1,26513,26600,1,0,0,4,1,133;323;525;794
1,26510,26566,1,0,0,4,1,164;326;528;797
0,26459,26533,1,0,0,3,0,204;377;579
1,26530,26601,1,0,0,5,1,133;306;413;777;437
0,26524,26591,1,0,0,5,0,133;312;413;783;443
0,26523,26573,1,0,0,5,0,133;313;413;784;444
0,26520,26592,1,0,0,5,0,133;316;413;787;447
1,26606,26684,1,0,0,5,1,68;230;379;701;361
1,26606,26848,1,0,0,5,2,68;230;375;701;361
1,26602,26838,1,0,0,5,2,72;234;413;705;365
0,26590,26666,1,16,0,5,0,84;246;413;717;377
0,26788,26853,1,0,0,8,0,48;250;478;179;476;548;519;321
1,26770,27066,1,0,0,8,6,66;268;478;197;494;796;537;339
0,26728,26790,1,0,0,7,0,108;271;478;239;536;838;579
1,26696,26784,1,0,0,5,1,140;342;478;271;568
1,26050,26346,1,0,0,8,4,38;187;118;299;231;589;255;184
1,26060,26333,1,0,0,8,4,28;187;108;289;231;331;245;174
1,26038,26094,1,0,0,8,1,50;187;130;311;262;589;267;196
0,26043,26117,1,0,0,8,0,45;187;125;306;231;589;262;191
1,26172,26259,1,0,0,7,2,144;177;128;331;133;62;664
1,26196,26495,1,0,0,7,2,120;153;104;331;109;38;627
1,26114,26175,1,0,0,7,1,182;54;235;186;331;191;120
0,26127,26187,1,0,0,8,0,182;41;222;160;331;178;107;709
0,26303,26361,1,0,0,5,0,13;46;331;2;411
0,26342,26392,1,0,0,4,0,7;331;411;696
1,26204,26256,1,0,0,7,1,112;145;96;331;101;30;411
0,26219,26301,1,0,0,7,0,97;130;66;331;86;15;411
0,26407,26617,1,0,0,3,0,267;411;631
1,26452,26517,1,0,0,3,1,222;384;586
0,26387,26450,1,0,0,3,0,287;411;651
1,26407,26490,1,0,0,3,1,267;411;631
1,14241,14311,1,0,0,9,1,231;6;282;367;502;663;379;856;806
1,14233,14301,1,0,0,8,1,239;14;290;375;510;663;387;864
1,14265,14540,1,0,0,8,6,207;258;343;478;640;355;793;782
0,14250,14315,1,0,0,8,0,222;273;358;493;655;370;793;797
1,14202,14289,1,0,0,9,1,270;45;27;321;406;541;703;418;895
1,14172,14230,1,0,0,8,1,300;75;57;351;436;571;733;448
1,14217,14304,1,0,0,9,1,255;30;12;306;391;526;665;403;880
1,14212,14287,1,0,0,9,1,260;35;17;311;396;531;693;408;885
1,14465,14708,1,0,0,9,5,7;58;143;278;440;155;632;582;784
0,14461,14531,1,0,0,9,0,11;62;147;282;444;159;636;586;784
1,14562,14833,1,0,0,7,2,46;181;343;58;535;485;760
1,14518,14749,1,0,0,8,3,5;90;225;387;102;579;529;760
0,14383,14462,1,0,0,9,0,89;140;225;360;522;237;714;664;952
0,14314,14375,1,0,0,8,0,158;209;294;429;591;306;760;733
1,14401,14687,1,0,0,9,9,71;122;207;342;504;219;658;646;934
1,14393,14479,1,0,0,9,1,79;130;215;350;512;227;704;654;942
1,14747,14822,1,0,0,6,1,158;328;300;588;656;610
1,14816,15093,1,0,0,7,3,89;281;231;519;587;541;849
0,14818,14871,1,0,0,7,0,87;279;229;517;585;313;847
1,14821,15075,1,0,0,7,4,84;276;226;514;582;313;844
1,14570,14816,1,0,0,7,3,38;173;335;50;527;477;624
1,14616,14677,1,0,0,8,2,127;289;4;328;431;624;787;741
0,14692,14773,1,0,0,7,0,51;213;328;355;624;711;665
1,14696,14752,1,0,0,7,1,47;209;328;351;624;707;661
1,15012,15080,1,0,0,10,1,85;35;323;391;313;653;669;404;847;666
1,15046,15135,1,0,0,12,2,51;1;289;357;311;619;669;370;813;632;473;974
1,15068,15140,1,0,0,11,2,29;267;335;289;597;657;348;791;610;451;952
1,15074,15156,1,0,0,11,2,23;261;329;283;591;651;342;785;604;445;902
0,14826,14899,1,0,0,7,0,79;271;221;509;577;313;767
1,14881,15124,1,0,0,9,6,24;216;166;454;522;313;767;844;535
1,14907,15130,1,0,0,8,2,190;140;428;496;313;730;818;509
1,14968,15022,1,0,0,8,1,129;79;367;435;313;697;669;448
1,15371,15426,1,0,0,12,2,32;294;354;45;488;307;148;649;429;846;711;635
1,15344,15589,1,0,15,13,8,59;13;321;381;72;515;334;175;651;456;921;738;662
0,15334,15399,1,0,0,13,0,1;69;23;331;391;82;525;344;185;651;466;931;748
1,15327,15568,1,0,0,13,5,8;76;30;338;398;89;532;351;192;693;473;938;755
0,15268,15329,1,0,0,11,0,67;135;89;397;457;148;591;410;251;752;532
0,15206,15265,1,0,0,10,0,129;197;151;459;519;210;597;472;313;764
1,15151,15365,1,0,0,10,6,184;252;206;514;574;265;708;527;368;764
1,15143,15352,1,0,0,10,6,192;260;214;522;582;273;716;535;376;877
1,15585,15643,1,0,0,15,2,80;140;274;93;435;215;680;497;421;456;576;546;590;734;615
1,15540,15596,1,15,0,15,3,125;185;319;138;480;260;690;542;466;501;576;591;625;779;660
1,15522,15601,1,0,0,15,3,143;203;337;156;498;278;735;560;484;519;576;609;625;797;678
1,15480,15544,1,0,0,14,4,185;245;379;198;39;540;320;785;602;526;561;576;651;625
1,15468,15727,1,0,0,14,11,197;257;391;210;51;552;332;797;614;538;573;704;663;625
1,15463,15701,1,0,0,14,7,202;262;396;215;56;557;337;802;619;543;578;704;668;712
1,15414,15648,1,0,0,15,9,251;311;2;445;264;105;606;386;813;668;592;627;873;717;761
1,15373,15579,1,0,0,12,7,30;292;352;43;486;305;146;626;427;846;709;633
1,16002,16291,1,0,0,13,7,18;263;80;4;39;285;129;173;317;198;164;38;309
1,16027,16108,1,0,0,11,1,191;55;14;260;104;148;292;173;139;13;284
0,15711,15765,1,0,0,16,0,14;148;309;89;540;371;295;330;576;420;464;608;489;455;329;600
1,15862,15949,1,0,0,13,2,158;403;220;144;179;425;269;313;457;338;304;178;449
1,15672,15746,1,0,0,17,4,53;187;6;348;128;593;410;334;358;576;459;503;647;528;494;368;639
1,15697,15773,1,0,0,16,3,28;162;323;103;540;385;309;344;576;434;478;622;503;469;343;614
1,15625,15704,1,0,0,16,2,40;100;234;53;395;175;634;457;381;416;576;506;550;694;575;541
1,15667,15720,1,0,0,17,2,58;192;11;353;133;598;415;339;374;576;464;508;652;533;499;373;644
0,16227,16301,1,0,0,5,0,17;60;92;84;481
0,16345,16638,1,0,0,1,0,367
1,16209,16289,1,0,0,5,1,56;78;110;102;503
1,16211,16418,1,0,0,5,1,17;76;108;100;501
1,16068,16137,1,0,0,9,2,191;14;219;20;107;251;132;82;243
1,16175,16422,1,0,0,7,1,72;112;0;144;25;136;537
1,16044,16130,1,0,0,9,1,191;38;243;43;131;275;156;122;267
1,16049,16105,1,0,0,9,1,191;33;238;20;126;270;151;117;262
1,12108,12377,1,0,0,9,4,106;114;355;149;212;224;766;399;448
1,12095,12379,1,0,0,9,7,119;127;368;162;225;237;884;412;461
1,12143,12220,1,0,0,9,2,71;79;320;114;177;189;625;364;413
1,12123,12182,1,0,0,9,2,91;99;340;134;197;209;625;384;433
1,12149,12211,1,0,0,9,1,65;73;314;108;171;183;625;326;357
1,12143,12217,1,0,0,9,2,71;79;320;114;177;189;625;326;413
0,12231,12282,1,0,0,8,0,232;26;89;101;625;276;325;614
1,12209,12502,1,0,0,10,4,5;13;254;48;111;123;625;298;347;727
1,12257,12458,1,0,0,8,3,206;0;63;75;625;250;299;614
0,12247,12300,1,0,0,8,0,216;10;73;85;625;260;309;614
1,12326,12394,1,0,0,6,3,137;6;426;181;230;610
1,12310,12555,1,16,0,7,3,153;10;22;625;197;246;610
1,12402,12687,1,0,0,5,1,61;426;105;154;534
1,12327,12532,1,0,0,6,3,136;5;426;180;229;596
1,12449,12511,1,0,0,6,1,14;426;58;83;487;553
0,12435,12507,1,0,0,5,0,28;426;72;83;501
1,12519,12596,1,0,0,4,1,426;37;417;483
1,12615,12681,1,0,0,3,1,364;321;387
1,12625,12890,1,0,0,3,3,338;311;377
0,12662,12734,1,0,0,4,0,317;274;340;417
1,12686,12975,1,0,0,4,2,293;250;316;393
1,12701,12757,1,0,0,4,2,82;235;301;378
1,12709,12947,1,0,0,5,2,82;227;293;328;972
1,12749,12799,1,0,0,6,2,82;187;253;328;932;742
1,12772,12849,1,0,0,6,1,82;164;230;294;909;719
0,12822,12893,1,0,0,6,0,82;114;180;257;859;669
1,12860,12940,1,0,0,6,2,82;76;142;219;821;631
1,12905,13145,1,0,0,6,2,74;31;97;174;776;586
0,12918,13211,1,0,0,6,0,61;18;84;161;600;573
1,12926,13013,1,0,0,6,1,53;10;76;153;600;565
1,12948,13004,1,0,0,5,1,31;54;131;600;543
0,12949,13157,1,0,0,5,0,30;53;123;600;542
1,13082,13169,1,0,0,2,1,576;409
1,13072,13140,1,0,0,3,1,7;600;419
0,13037,13114,1,0,0,3,0,42;600;454
1,12992,13073,1,0,0,4,1,10;87;600;499
1,13180,13407,1,0,0,4,4,501;311;493;330
0,13153,13216,1,0,0,3,0,523;338;520
0,13122,13348,1,0,0,2,0,523;369
0,13112,13171,1,0,0,2,0,523;379
1,13301,13518,1,0,0,4,2,380;190;372;172
1,13291,13356,1,0,0,4,1,390;200;377;219
1,13238,13473,1,0,0,4,4,443;253;405;272
0,13196,13248,1,0,0,4,0,485;295;405;314
1,13446,13526,1,0,0,5,1,166;45;227;64;371
1,13419,13713,1,0,0,5,2,166;72;254;89;398
1,13397,13628,1,0,0,4,1,166;94;276;89
1,13394,13474,1,0,0,4,1,166;97;279;116
1,13571,13806,1,0,0,5,3,110;102;246;229;901
0,13619,13705,1,0,0,6,0,62;54;198;229;678;628
0,13485,13551,1,0,0,6,0,166;6;188;25;332;542
1,13551,13801,1,0,0,4,3,130;122;266;476
0,13778,13858,1,0,0,5,0,39;229;678;469;451
0,13835,13902,1,0,0,5,0,192;637;412;394;688
0,13652,13707,1,0,0,6,0,29;21;165;229;678;595
0,13688,13769,1,0,0,5,0,129;229;678;559;541
0,13979,14048,1,0,0,6,0,48;493;268;250;544;625
1,14017,14088,1,0,0,6,2,10;455;230;212;506;591
1,13885,14130,1,0,0,6,5,142;587;362;344;638;723
1,13894,13964,1,0,0,6,1,133;578;353;335;629;625
0,14117,14203,1,0,0,8,0,355;130;112;406;491;626;735;503
1,14147,14209,1,15,0,8,1,325;100;82;376;461;596;735;473
0,14028,14096,1,0,0,6,0,444;219;201;495;557;715
1,14107,14183,1,0,0,8,1,365;140;122;416;501;636;798;513
1,18804,18867,1,0,0,11,1,305;134;156;293;395;682;417;633;480;417;640
0,18814,18881,1,0,0,11,0,295;124;135;283;385;672;407;623;470;407;630
1,18828,19098,1,0,0,11,8,281;110;132;269;371;658;393;609;456;393;616
1,18841,19096,1,0,0,11,7,268;97;119;256;358;645;380;596;443;380;542
1,18637,18689,1,0,0,10,2,472;301;323;460;63;562;162;817;584;800
1,18676,18739,1,0,0,12,1,433;262;284;421;24;523;123;810;545;761;608;545
0,18746,18797,1,0,0,12,0,363;192;214;351;453;53;740;475;691;538;475;698
0,18790,18859,1,0,0,12,0,319;148;170;307;409;9;696;431;647;494;431;654
0,18572,18640,1,0,0,11,0,47;537;366;388;525;15;128;587;227;817;649
1,18572,18652,1,0,0,11,3,47;537;366;388;525;15;128;587;227;817;649
0,18605,18691,1,0,0,10,0,14;504;333;355;492;95;587;194;817;616
0,18607,18673,1,0,0,10,0,12;502;331;353;490;93;587;192;817;614
1,18458,18667,1,0,0,10,4,3;161;651;480;502;639;129;242;741;341
1,18492,18704,1,0,0,10,4,127;617;446;468;605;95;208;587;307;994
1,18520,18588,1,0,0,10,1,99;589;418;440;577;67;180;587;279;818
1,18525,18612,1,0,0,10,2,94;584;413;435;572;62;175;587;274;817
1,19195,19418,1,0,0,15,8,4;291;26;242;89;26;249;468;479;461;444;338;931;428;909
1,19179,19254,1,0,0,15,2,20;307;42;258;105;42;265;484;495;477;480;354;947;444;925
1,19228,19284,1,0,0,12,1,258;209;56;216;435;446;428;431;305;846;334;876
1,19221,19301,1,0,0,14,1,265;0;216;63;0;223;442;453;435;438;312;846;402;883
1,19120,19187,1,0,0,12,1,79;366;101;317;164;101;324;509;554;536;539;413
1,19108,19172,1,0,0,13,3,1;91;378;113;329;176;113;336;533;566;548;551;425
1,19153,19397,1,0,0,14,5,46;333;68;284;131;68;291;490;521;503;506;380;973;470
1,19126,19183,1,0,0,12,3,73;360;95;311;158;95;318;509;537;530;533;407
1,19012,19066,1,0,0,14,1,97;85;187;474;209;425;272;209;432;612;638;644;647;521
0,18970,19027,1,16,0,14,0,139;127;229;516;251;467;314;251;474;612;638;686;689;563
1,19102,19191,1,0,0,13,4,7;97;384;119;335;182;119;342;561;572;554;557;431
1,19047,19118,1,0,0,14,2,62;50;152;439;174;390;237;174;397;612;627;609;612;486
1,18877,19083,1,0,0,13,8,232;61;83;220;322;609;344;529;407;344;542;786;797
1,18877,19100,1,0,0,13,5,232;61;83;220;322;609;344;529;407;344;542;612;797
1,18925,19002,1,0,0,13,3,184;13;35;172;274;561;296;512;359;296;519;612;638
0,18909,18959,1,0,0,13,0,200;29;51;188;290;577;312;528;375;312;535;612;638
1,19559,19645,1,0,0,8,2,100;115;97;100;567;64;459;226
1,19660,19732,1,0,0,7,3,3;14;466;444;125;723;876
1,19453,19503,1,0,0,10,1,33;210;221;203;206;80;618;170;459;332
1,19549,19627,1,0,0,8,1,114;125;107;110;577;74;459;236
1,19429,19512,1,0,0,12,2,57;8;15;234;245;227;230;104;697;194;675;356
1,19437,19718,1,0,16,12,5,49;0;7;226;237;219;222;96;618;186;667;348
1,19335,19399,1,0,0,11,1,151;102;109;306;332;321;322;198;791;288;769
1,19429,19496,1,0,0,12,2,57;8;15;234;245;227;230;104;652;194;675;356
1,19295,19346,1,0,0,11,1,191;142;149;306;379;361;322;238;831;328;809
1,19312,19394,1,15,0,11,1,174;125;132;306;335;344;322;221;814;311;792
1,19286,19337,1,0,0,11,3,200;151;158;347;388;370;344;247;840;334;818
1,19291,19368,1,0,0,11,1,195;146;153;306;383;365;344;242;835;332;813
1,19275,19348,1,0,0,12,1,211;162;9;169;382;395;381;384;258;846;334;829
1,19282,19368,1,0,0,12,4,204;155;2;162;381;392;374;344;251;844;334;822
1,19249,19302,1,0,0,12,3,237;188;35;195;414;425;407;410;284;846;334;855
1,19266,19330,1,0,0,12,1,220;171;18;178;382;408;390;393;267;846;334;838
1,20209,20449,1,0,0,4,3,174;309;349;482
0,20206,20269,1,0,0,4,0,177;309;352;485
1,20202,20262,1,0,0,4,1,181;334;356;489
1,20175,20242,1,0,0,4,1,208;361;383;516
1,20115,20192,1,0,0,5,1,11;268;421;438;576
1,20063,20133,1,0,0,6,2,63;41;320;473;438;628
1,20019,20087,1,0,0,6,2,107;85;364;517;438;661
1,20003,20060,1,0,0,6,2,123;101;380;533;438;671
1,19980,20048,1,0,0,6,2,146;124;403;556;438;711
1,19978,20236,1,0,0,6,4,148;126;405;558;580;713
1,19908,19978,1,0,0,6,2,167;196;475;628;650;778
1,19856,19942,1,15,0,6,1,167;248;527;680;702;835
1,19807,19887,1,0,0,5,4,167;297;576;729;739
1,19802,19864,1,0,0,5,3,167;302;581;734;756
1,19769,19832,1,0,0,6,4,167;335;16;614;767;789
1,19750,19972,1,0,0,6,1,376;354;35;633;786;808
0,16707,16786,1,0,0,4,0,5;537;491;603
0,16766,16827,1,0,0,4,0,478;432;544;397
0,16791,16855,1,0,0,4,0,453;407;519;372
1,16812,16897,1,0,0,4,3,432;386;498;351
0,16821,16905,1,0,0,4,0,423;377;447;342
1,16828,17084,1,0,0,4,2,416;370;447;335
0,16864,16934,1,0,0,5,0,192;334;446;299;736
0,16943,17031,1,0,0,6,0,192;255;367;220;657;731
0,16351,16408,1,0,0,1,0,361
1,16404,16690,1,0,0,1,1,308
0,16491,16718,1,0,0,2,0,193;753
1,16507,16759,1,0,0,2,1,193;737
1,16537,16778,1,0,0,2,1,49;707
0,16551,16636,1,0,0,2,0,46;693
0,16562,16649,1,0,0,2,0,46;682
0,16647,16724,1,0,0,2,0,46;597
1,17216,17288,1,0,0,9,2,28;94;384;457;757;793;595;821;688
1,17193,17243,1,0,0,10,1,51;5;117;407;481;757;793;618;844;711
1,17299,17383,1,0,0,8,2,11;301;375;714;793;512;738;605
0,17288,17347,1,0,0,8,0,22;312;386;725;793;523;749;616
0,17343,17414,1,0,0,7,0,257;331;670;759;468;597;561
1,17311,17560,1,0,0,7,3,289;363;702;790;500;726;593
0,17374,17449,1,0,0,7,0,226;300;639;716;437;597;530
1,17363,17445,1,0,0,7,2,237;311;650;739;448;597;541
1,16996,17245,1,0,0,7,5,192;202;314;142;604;678;1017
1,16955,17026,1,0,0,6,1,192;243;355;208;645;719
1,17055,17105,1,0,0,8,1,189;143;255;108;545;619;930;1047
0,17015,17095,1,0,0,7,0,192;183;295;142;585;659;930
1,17119,17195,1,0,0,9,2,125;79;191;44;481;555;894;983;692
1,17105,17309,1,0,0,9,4,139;93;205;58;495;569;908;997;706
1,17138,17358,1,0,0,10,5,106;60;172;25;462;536;875;793;673;899
1,17132,17386,1,0,0,10,5,112;66;178;31;468;542;880;970;679;905
1,17643,17731,1,0,0,7,1,29;370;339;168;394;261;620
1,17657,17922,1,0,0,7,4,17;284;339;154;380;247;606
1,17609,17665,1,0,0,6,2,65;404;404;202;428;295
0,17637,17716,1,0,0,7,0,29;376;339;174;400;267;626
1,17783,18074,1,0,0,8,6,230;319;21;254;121;474;537;624
0,17792,17850,1,0,0,8,0,221;310;19;245;112;471;528;435
0,17671,17745,1,0,0,8,0,3;284;339;140;366;233;474;649
1,17761,17817,1,0,0,8,1,252;339;50;276;143;474;559;646
1,17431,17512,1,0,0,7,1,169;243;582;656;380;597;473
0,17446,17508,1,0,0,7,0,154;228;567;656;328;591;458
0,17388,17451,1,0,0,7,0,212;286;625;714;423;597;516
1,17416,17486,1,0,0,7,2,184;258;597;686;395;597;488
1,17566,17775,1,0,0,7,4,34;108;447;536;245;471;338
1,17609,17675,1,0,0,6,1,65;404;339;202;428;295
1,17484,17550,1,0,0,7,2,116;190;529;618;327;553;420
1,17521,17571,1,0,0,7,2,79;153;492;581;290;516;383
0,18200,18268,1,0,0,8,0,63;120;207;261;419;909;738;760
0,18128,18191,1,15,0,5,0,135;192;267;333;491
1,18110,18199,1,0,0,4,1,153;210;274;351
1,18088,18148,1,0,0,5,1,14;175;232;285;373
1,18434,18513,1,0,0,9,2,27;185;675;504;526;663;153;266;765
0,18291,18374,1,0,0,9,0,29;116;170;328;818;647;648;778;296
1,18275,18336,1,0,0,8,2,45;132;186;344;834;663;648;822
1,18266,18329,1,0,0,8,3,54;141;195;353;843;672;694;831
1,17975,18058,1,0,0,7,1,38;127;62;288;345;326;486
1,17951,18180,1,0,0,7,2,61;151;86;312;369;435;490
1,17931,18017,1,0,0,7,2,61;171;106;332;389;435;530
1,17907,17961,1,0,0,7,1,106;195;130;356;413;435;554
0,18061,18150,1,0,0,5,0,41;202;259;285;400
0,18048,18121,1,0,0,5,0,54;215;272;285;413
1,18040,18127,1,0,0,5,1,62;223;280;308;421
1,17993,18057,1,0,0,7,1,20;109;44;270;327;308;468
0,7299,7370,1,0,0,5,0,35;548;433;676;828
0,7335,7414,1,0,0,5,0,22;541;397;640;828
0,7239,7295,1,0,0,6,0,12;35;624;493;736;828
1,7294,7372,1,0,0,5,1,35;582;438;681;828
1,7220,7284,1,0,0,6,2,31;35;656;512;755;1106
1,7234,7525,1,0,0,6,4,17;35;624;498;741;1092
0,7115,7170,1,0,0,4,0,136;35;761;617
0,7214,7272,1,0,0,6,0,37;35;662;518;761;1112
1,7570,7657,1,0,0,9,2,299;162;405;756;686;488;623;709;602
1,7597,7670,1,0,0,9,2,279;135;378;729;659;461;596;709;583
1,7555,7809,1,0,0,9,5,299;177;420;771;701;503;638;771;625
1,7568,7644,1,0,0,9,1,299;164;407;758;688;490;625;709;612
1,7450,7656,1,0,0,6,1,398;282;525;828;806;608
0,7518,7568,1,0,0,7,0,299;214;457;808;738;540;675
0,7405,7480,1,0,0,5,0,471;327;570;828;851
1,7434,7520,1,0,0,5,1,442;298;541;828;822
1,6835,6913,1,0,0,6,1,166;63;7;401;246;522
1,6834,6907,1,0,0,6,1,167;64;8;417;247;523
1,6776,6839,1,0,0,7,1,225;105;66;25;475;305;558
0,6773,6823,1,0,0,7,0,228;105;69;28;478;308;558
1,6754,6809,1,0,0,7,1,247;144;88;47;497;327;558
1,6741,6960,1,0,0,8,1,260;157;101;4;60;510;340;616
1,6718,6769,1,0,0,8,1,283;180;124;27;83;533;363;639
1,6668,6748,1,0,0,7,1,333;230;174;77;133;583;413
1,7094,7342,1,0,0,4,1,157;263;782;638
1,7055,7126,1,0,0,5,1,196;26;302;816;677
1,7037,7336,1,0,0,5,4,214;44;320;839;695
1,7003,7061,1,0,0,5,1,248;78;354;844;729
1,6949,7214,1,0,0,5,2,52;302;132;404;927
1,6946,7002,1,0,0,5,1,55;305;135;411;930
0,6940,7001,1,0,0,5,0,61;311;141;417;936
1,6859,6937,1,0,0,5,1,142;39;391;222;498
1,8006,8063,1,0,0,7,2,320;250;52;187;320;174;573
1,8045,8108,1,0,0,7,2,280;211;13;148;281;135;552
1,8147,8388,1,0,0,6,1,179;109;46;179;33;450
1,8149,8230,1,0,0,6,1,177;76;44;177;31;448
1,7860,7917,1,0,0,9,1,16;115;454;396;198;333;466;320;705
1,7879,8129,1,0,0,8,4,96;447;377;179;314;437;301;705
1,7922,7987,1,0,0,8,1,53;404;334;136;271;404;258;573
1,7989,8054,1,0,0,7,1,337;267;69;204;337;191;573
0,8270,8342,1,0,0,4,0,56;56;327;594
0,8306,8357,1,0,0,6,0,20;20;291;558;860;611
0,8314,8370,1,0,0,6,0,12;12;283;550;852;603
1,8330,8624,1,0,0,4,4,267;534;836;587
1,8201,8270,1,0,0,4,1,125;55;125;396
1,8210,8264,1,0,0,4,1,116;46;116;384
0,8266,8331,1,0,0,4,0,60;60;331;598
1,8270,8327,1,0,0,4,1,56;56;327;594
1,7622,7891,1,0,0,9,6,254;110;353;665;634;436;571;704;558
0,7620,7704,1,0,0,9,0,256;112;355;665;636;438;573;706;560
1,7716,8002,1,0,0,10,9,160;16;259;610;540;342;477;544;464;881
1,7684,7758,1,0,0,10,1,192;48;291;642;572;374;509;586;496;913
1,7609,7840,1,0,0,9,6,267;123;366;697;647;449;584;709;571
0,7608,7678,1,0,0,9,0,268;124;367;697;648;450;585;709;572
0,7618,7674,1,0,0,9,0,258;114;357;665;638;440;575;708;562
0,7618,7680,1,0,0,9,0,258;114;357;665;638;440;575;708;562
1,7810,7892,1,0,0,9,2,66;165;508;446;248;383;516;370;705
1,7801,7878,1,0,0,9,2,75;174;525;455;257;392;525;379;705
0,7857,7921,1,0,0,9,0,19;118;454;399;201;336;469;323;705
1,7851,7926,1,0,0,9,2,25;124;475;405;207;342;475;329;705
1,7752,7816,1,0,0,9,1,124;223;559;504;306;441;544;428;705
1,7741,8017,1,0,0,9,6,135;234;585;515;317;452;544;439;705
0,7759,7811,1,0,0,9,0,93;216;559;497;299;434;544;408;705
1,7754,7825,1,0,0,9,1,93;221;559;502;304;439;544;426;705
1,5380,5467,1,0,0,8,2,39;256;751;473;566;620;799;673
1,5413,5476,1,0,0,9,1,6;223;718;440;533;587;729;640;356
0,5257,5308,1,0,0,7,0,162;379;63;874;596;689;743
0,5309,5372,1,0,0,7,0,110;327;11;822;544;637;691
1,5562,5633,1,0,0,9,2,74;569;291;384;438;617;491;207;900
1,5579,5658,1,0,0,9,2,57;552;274;367;421;597;474;190;883
1,5473,5555,1,0,0,9,2,163;658;380;473;527;706;580;296;989
0,5526,5585,1,0,0,9,0,110;605;327;420;474;653;527;243;936
1,5619,5674,1,0,0,9,1,17;512;234;327;381;560;434;150;843
1,5629,5899,1,0,0,9,6,7;502;224;317;371;534;424;140;833
1,5593,5682,1,0,0,9,2,43;538;260;353;407;574;460;176;869
0,5597,5673,1,0,0,9,0,39;534;256;349;403;567;456;172;865
1,5765,5848,1,0,0,11,3,366;88;181;235;414;288;4;611;365;681;840
1,5775,6054,1,0,0,10,8,311;78;171;225;404;278;611;355;681;830
1,5673,5940,1,0,0,10,8,458;180;273;327;506;380;96;611;457;896
1,5734,5807,1,15,0,11,2,397;119;212;266;445;319;35;611;396;681;871
1,4792,4864,1,0,0,5,1,21;62;110;627;682
1,4786,4863,1,0,0,5,1,21;68;120;633;682
1,4785,5079,1,0,0,5,3,21;69;121;634;851
1,4782,4838,1,0,0,5,1,37;72;124;637;854
0,4939,4995,1,0,0,2,0,480;630
1,4936,5146,1,0,0,2,1,483;673
1,4934,5005,1,0,0,2,1,485;677
1,4866,4954,1,0,0,3,1,40;553;682
1,5070,5141,1,0,0,5,1,349;545;250;1061;783
1,5052,5133,1,0,0,4,1,367;545;268;1079
1,5036,5267,1,0,0,4,2,383;558;284;1095
1,5030,5114,1,0,0,4,2,389;606;290;1101
0,5250,5304,1,0,0,7,0,169;386;70;881;603;690;750
0,5217,5275,1,0,0,7,0,202;419;103;914;636;690;783
1,5136,5389,1,0,0,6,3,283;500;184;995;717;810
1,5099,5153,1,0,0,6,2,320;537;221;1032;754;847
1,6082,6159,1,0,0,12,2,49;97;380;48;487;523;336;912;399;816;760;663
1,6117,6173,1,0,0,12,4,14;62;345;13;452;488;301;884;364;781;725;628
1,6117,6414,1,0,0,12,9,14;62;345;13;452;488;301;873;364;781;725;628
1,6146,6365,1,0,0,10,4,33;316;423;459;272;855;335;636;696;599
1,6292,6378,1,0,0,9,3,170;277;313;126;709;189;606;550;453
1,6355,6556,1,0,0,9,4,107;214;250;63;646;126;543;487;390
1,6373,6601,1,0,0,9,4,89;196;232;45;628;108;430;469;372
1,6388,6443,1,0,0,9,1,74;181;217;30;613;93;418;454;357
1,6427,6651,1,0,0,9,5,35;132;178;574;54;418;415;318;374
1,6486,6775,1,0,0,8,7,83;119;515;412;356;259;315;765
1,6561,6616,1,0,0,9,1,8;44;440;337;281;184;240;661;520
1,6583,6650,1,0,0,8,2,22;418;315;236;162;218;661;498
1,6593,6645,1,0,0,8,1,12;369;305;236;152;208;658;488
0,6595,6669,1,0,0,8,0,10;369;286;236;150;206;656;486
1,6611,6677,1,15,0,7,2,369;286;231;134;190;640;470
1,6631,6685,1,0,0,7,1,369;267;211;114;170;620;450
1,5819,5900,1,0,0,10,3,311;34;127;181;360;234;611;311;681;671
0,5794,5848,1,0,0,10,0,311;59;152;206;385;259;611;336;681;671
0,5864,5927,1,0,0,9,0,267;82;136;315;189;598;266;681;649
1,5848,5915,1,16,0,10,2,283;5;98;152;331;205;609;282;681;671
1,5878,5939,1,0,0,9,1,253;68;122;301;175;584;252;681;649
0,5872,5941,1,0,0,9,0,259;74;128;307;181;590;258;681;649
1,5880,5934,1,0,0,9,1,233;66;120;299;173;582;250;495;649
1,5879,6087,1,0,0,9,2,233;67;121;300;174;583;251;681;649
1,5936,6020,1,0,0,12,4,195;10;64;243;117;526;194;495;649;482;1016;545
1,5926,5992,1,0,0,12,4,204;20;74;253;127;536;204;495;649;492;1075;555
1,5983,6196,1,0,0,11,4,148;17;196;70;479;147;495;622;435;1016;468
1,5974,6052,1,0,0,11,4,157;26;205;79;488;156;495;631;444;1016;468
0,6011,6069,1,0,0,11,0,120;168;42;451;119;493;594;407;990;468;887
1,5998,6063,1,0,0,12,1,133;2;181;55;464;132;495;607;420;1003;468;900
1,6078,6135,1,0,0,12,4,53;101;384;52;491;527;340;923;403;820;764;667
1,6066,6141,1,0,0,12,2,65;113;396;64;493;539;352;935;415;832;776;679
1,11077,11156,1,0,0,8,1,30;53;91;334;364;504;584;816
1,11076,11355,1,0,0,8,3,31;54;92;335;365;504;584;965
1,11044,11095,1,0,0,8,1,63;86;124;367;397;504;584;997
1,11007,11207,1,0,0,7,2,100;123;161;404;434;638;584
0,10988,11038,1,16,0,7,0,113;142;180;423;453;657;584
1,10972,11217,1,0,0,7,5,113;158;196;439;469;673;616
1,10969,11055,1,0,0,7,2,113;161;199;442;472;676;698
1,10957,11022,1,0,0,7,1,150;173;211;454;484;688;710
1,10900,10986,1,0,0,7,1,207;230;268;511;541;695;767
1,10793,11015,1,0,0,8,2,92;314;56;337;375;542;553;826
1,10787,10871,1,0,0,8,3,98;320;62;343;381;624;553;826
1,10772,11013,1,0,0,8,5,113;335;77;358;396;639;553;844
1,10764,10845,1,0,0,8,3,121;343;85;366;404;647;553;844
1,10754,10990,1,0,0,8,2,131;353;95;376;414;657;599;844
1,10721,10800,1,0,0,8,3,164;386;128;409;447;690;599;849
0,10707,10784,1,0,0,8,0,178;400;142;423;461;704;599;849
1,10610,10846,1,0,0,8,6,275;497;239;520;542;801;831;1035
1,10648,10872,1,0,0,8,5,237;459;201;482;520;763;793;849
1,10539,10601,1,0,0,6,2,346;568;310;591;629;872
1,10602,10673,1,0,0,7,1,283;505;247;528;566;809;839
0,10355,10420,1,0,0,8,0,65;46;32;530;662;494;707;770
1,10483,10572,1,0,0,8,2,24;1;402;624;366;647;685;928
1,10338,10402,1,0,0,8,1,65;63;32;533;662;511;707;830
0,10345,10426,1,0,0,8,0,65;56;32;533;662;504;707;770
0,10309,10359,1,0,0,7,0,65;92;32;533;662;540;821
1,10317,10603,1,0,0,7,3,65;84;32;533;662;532;813
1,10288,10539,1,0,0,6,2,65;113;32;533;819;561
0,10295,10346,1,0,0,7,0,65;106;32;533;662;554;835
1,10237,10450,1,0,0,4,1,270;164;32;537
1,10248,10526,1,0,0,4,1,65;153;32;537
1,10211,10470,1,0,0,4,1,296;190;273;537
0,10228,10285,1,0,0,4,0,279;173;32;537
1,11906,11988,1,0,0,10,2,135;308;316;170;473;351;414;426;1073;601
1,11886,11943,1,15,0,10,2,155;328;336;190;473;371;434;439;1093;621
1,11972,12026,1,0,0,11,2,69;242;250;104;473;285;348;360;1007;535;584
1,11935,12001,1,0,0,11,2,106;279;287;141;473;322;385;397;1044;572;621
0,11758,11834,1,0,0,9,0,283;456;464;318;14;705;499;562;439
1,11754,11955,1,0,0,9,6,287;460;468;322;18;709;503;566;578
1,11780,12063,1,0,0,8,5,261;434;442;296;683;477;540;439
0,11764,11839,1,0,0,9,0,277;450;458;312;8;699;493;556;439
0,11623,11704,1,0,0,8,0,22;44;418;589;599;453;149;804
1,11617,11673,1,0,0,8,1,28;50;424;597;605;459;155;804
1,11722,11795,1,0,0,9,2,319;492;500;354;50;726;535;598;610
1,11702,11774,1,0,0,8,2,339;512;520;374;70;761;555;618
0,11521,11574,1,0,0,7,0,124;146;520;693;701;526;251
1,11495,11568,1,0,0,7,1,150;172;546;719;727;581;277
1,11609,11684,1,0,0,8,1,36;58;432;605;605;467;163;854
1,11572,11658,1,0,0,7,2,73;95;469;642;650;504;200
1,11446,11501,1,0,0,7,2,199;221;595;768;776;630;326
1,11480,11537,1,0,0,7,2,165;187;561;734;742;596;292
1,11487,11541,1,0,0,7,1,158;180;554;727;735;589;285
0,11491,11546,1,0,0,7,0,154;176;550;723;731;585;281
1,11307,11373,1,0,0,7,2,104;134;338;360;734;907;885
1,11369,11440,1,0,0,9,1,42;72;276;298;672;845;853;707;403
1,11369,11453,1,0,0,9,1,42;9;276;298;672;845;853;707;403
1,11428,11500,1,0,0,8,1,9;217;239;613;786;794;648;344
1,11173,11244,1,0,0,7,1,238;268;472;494;816;934;1049
1,11184,11273,1,0,0,7,1,227;257;461;459;816;934;1038
1,11254,11319,1,0,0,7,1,157;187;391;413;787;934;968
1,11259,11340,1,0,0,7,3,152;182;386;408;782;934;963
1,11086,11141,1,0,0,8,1,21;44;82;325;290;504;581;816
1,11099,11177,1,0,0,9,3,8;31;69;312;289;504;568;816;1115
1,11102,11160,1,0,0,9,1,5;28;66;309;289;504;549;816;1112
1,11124,11412,1,0,0,8,6,6;44;253;289;504;543;816;1090
1,9084,9153,1,0,0,18,4,82;209;130;183;4;260;122;381;385;393;251;540;504;455;753;676;739;554
0,9053,9108,1,0,0,17,0,113;240;161;214;35;291;153;412;416;424;282;571;535;486;784;707;770
1,9044,9095,1,0,0,17,2,122;249;170;223;44;300;162;421;425;433;291;580;544;495;793;716;779
1,9013,9078,1,0,0,17,3,153;280;201;254;75;331;193;452;456;464;322;611;575;526;824;747;810
0,9146,9210,1,0,0,17,0,20;147;68;121;198;60;319;323;323;189;478;442;393;691;614;677;492
1,9129,9179,1,0,0,17,2,37;164;85;136;215;77;336;340;325;206;495;459;410;708;631;694;509
1,9123,9206,1,0,0,17,2,43;170;91;136;221;83;342;346;354;212;501;465;416;714;637;700;515
1,9109,9164,1,0,0,17,1,57;184;105;158;235;97;356;360;368;226;515;479;430;728;651;714;529
1,8727,8778,1,0,0,13,1,137;439;190;566;487;540;361;617;479;738;742;750;608
0,8724,8789,1,0,0,13,0,140;442;193;569;490;543;364;620;482;741;745;753;611
1,8710,8780,1,0,0,13,1,154;456;207;583;504;557;378;634;496;755;759;767;625
1,8673,8750,1,0,0,13,1,191;493;244;620;541;594;415;668;533;785;796;804;662
1,8843,8911,1,0,0,16,1,21;323;74;450;371;424;245;501;363;622;626;603;492;781;745;696
1,8839,8921,1,0,0,16,2,25;327;78;454;375;428;249;505;367;626;630;638;496;785;749;700
1,8794,8871,1,0,0,16,2,70;372;123;499;420;473;294;550;412;671;675;683;541;830;794;745
1,8746,8960,1,0,0,14,11,118;420;171;547;468;521;342;598;460;719;723;731;589;878
1,8603,8675,1,0,0,12,3,261;545;314;690;611;664;485;721;603;862;866;859
1,8617,8903,1,0,0,13,10,247;545;300;676;597;650;471;721;589;848;852;859;718
1,8549,8636,1,0,0,12,3,48;315;545;368;744;665;680;539;795;657;916;920
1,8594,8682,1,0,0,13,2,3;270;545;323;699;620;673;494;721;612;871;875;883
0,8643,8712,1,0,0,13,0,221;523;274;650;571;624;445;668;563;785;826;834;692
1,8673,8761,1,0,0,13,2,191;493;244;620;541;574;415;668;533;785;796;804;662
1,8620,8690,1,0,0,13,3,244;545;297;673;594;647;468;721;586;785;849;857;715
1,8639,8696,1,0,0,13,2,225;527;278;654;575;628;449;695;567;785;830;838;696
1,8388,8450,1,0,0,5,1,209;476;671;529;905
1,8397,8633,1,0,0,5,4,190;467;671;520;896
1,8337,8565,1,0,0,4,4,260;527;684;580
0,8349,8399,1,0,0,5,0,248;515;671;568;944
1,8478,8547,1,0,0,9,1,119;386;545;439;815;736;789;610;866
1,8527,8610,1,0,0,10,2,70;337;545;390;766;687;740;561;817;679
1,8413,8483,1,0,0,5,2,184;451;545;504;880
0,8419,8501,1,16,0,6,0,178;445;545;498;874;795
1,9978,10046,1,0,0,6,1,164;426;423;193;112;445
0,9976,10034,1,0,0,6,0,166;426;425;195;114;445
0,10114,10195,1,0,0,6,0,28;389;287;57;370;771
1,10012,10074,1,0,0,6,2,130;389;389;159;78;445
1,10173,10243,1,0,0,4,2,334;228;311;678
1,10151,10234,1,0,0,5,2,356;250;20;333;734
1,10182,10431,1,0,0,4,4,325;219;302;669
0,10175,10228,1,0,0,4,0,332;226;309;669
1,9760,9833,1,0,0,10,1,77;0;63;215;382;161;58;554;641;411
1,9714,10003,1,0,0,10,6,123;46;109;261;428;207;104;793;687;457
1,9802,9883,1,0,0,11,1,35;21;173;340;119;16;554;599;369;288;682
1,9788,9846,1,0,0,11,1,49;35;187;354;133;30;554;613;383;302;696
1,9902,10166,1,0,0,8,2,73;240;19;554;499;269;188;464
1,9824,10063,1,0,0,9,4,13;151;311;97;554;577;347;266;660
1,9969,10049,1,0,0,7,2,6;173;426;432;202;121;457
1,9966,10031,1,0,0,7,2,9;176;426;435;205;124;464
1,9392,9453,1,0,0,15,2,73;77;85;232;196;147;445;368;431;246;203;283;583;540;529
1,9441,9735,1,0,0,16,10,24;28;36;183;147;98;396;319;382;197;154;234;534;540;480;377
1,9469,9549,1,0,0,15,3,0;8;155;119;70;368;291;354;169;126;206;506;540;369;349
1,9489,9545,1,0,0,13,1,135;99;50;330;271;334;149;106;186;486;540;369;329
1,9527,9598,1,0,0,14,2,97;61;12;310;219;296;111;68;148;448;540;369;291;980
1,9535,9771,1,0,0,14,8,89;53;4;302;219;288;103;60;140;440;540;369;283;948
1,9634,9694,1,0,0,12,1,203;126;189;4;41;341;508;287;184;873;767;537
1,9708,9794,1,0,0,10,1,129;52;115;267;434;213;110;799;693;463
1,9180,9255,1,0,0,18,1,113;34;87;164;26;285;289;297;155;444;408;359;657;580;643;458;415;495
1,9192,9268,1,0,0,18,1,101;22;75;152;14;273;277;262;143;432;396;347;645;568;631;446;403;483
1,9232,9308,1,0,0,17,3,61;35;112;233;237;245;103;392;356;307;605;528;591;406;363;443;743
1,9264,9341,1,0,0,17,3,29;3;80;201;205;213;71;360;324;275;570;496;559;374;331;411;711
0,9291,9366,1,0,0,16,0,2;53;174;178;186;44;333;297;248;546;469;532;347;304;384;684
1,9315,9389,1,0,0,16,1,29;150;154;162;20;309;273;224;522;445;508;323;280;360;660;827
0,9317,9377,1,0,0,16,0,27;148;152;160;18;307;271;222;479;443;506;321;278;358;658;825
1,9365,9642,1,0,0,14,9,100;104;112;259;223;174;472;395;458;273;230;310;610;777
1,229,517,1,0,0,4,4,430;403;403;343
0,224,292,1,0,0,4,0,435;403;405;348
1,210,412,1,0,0,4,3,449;407;405;362
0,203,282,1,0,0,4,0,456;407;405;369
0,323,412,1,0,0,4,0,336;388;309;244
1,291,356,1,0,0,4,1,368;388;341;244
1,255,334,1,0,0,4,1,404;388;377;317
1,231,521,1,16,0,4,2,428;388;401;341
0,420,507,1,0,0,4,0,239;379;212;152
1,408,486,1,0,0,4,2,251;388;224;164
0,363,440,1,0,0,4,0,296;388;261;209
1,358,617,1,0,0,4,1,301;388;274;214
1,550,810,1,0,0,4,2,109;130;82;22
1,540,772,1,0,0,4,2,119;259;92;32
0,526,609,1,0,0,4,0,133;273;106;46
1,427,513,1,0,0,4,1,232;372;205;145
1,591,853,1,0,0,4,2,68;91;41;478
0,621,696,1,0,0,5,0,38;91;11;260;778
0,574,628,1,0,0,3,0,85;91;58
1,582,638,1,0,0,4,1,77;91;50;529
1,718,769,1,0,0,3,1,81;260;665
0,752,802,1,16,0,4,0,47;260;647;820
1,659,869,1,0,0,4,2,0;91;260;740
0,661,731,1,0,0,3,0,91;260;665
0,808,887,1,0,0,3,0,260;591;764
0,866,929,1,0,0,3,0,245;533;706
0,767,992,1,0,0,4,0,32;260;632;805
0,803,889,1,0,0,3,0,260;596;769
0,901,982,1,0,0,4,0,210;498;413;500
1,1076,1342,1,0,0,5,4,35;323;413;325;552
0,884,940,1,0,0,3,0,227;515;688
1,895,1181,1,0,0,4,2,216;504;677;506
0,0,80,1,0,0,0,0,
0,14,83,1,0,0,1,0,645
0,18,97,1,0,0,1,0,641
0,19,70,1,0,0,1,0,640
0,51,303,1,0,0,2,0,608;748
0,96,167,1,0,0,2,0,563;703
1,135,406,1,0,0,3,1,524;664;497
1,195,401,1,0,0,4,3,464;604;405;377
1,4079,4330,1,0,0,11,6,77;317;439;434;371;349;368;445;740;581;624
1,4083,4335,1,0,0,11,8,73;313;435;430;367;345;364;441;612;581;624
1,4061,4328,1,0,0,11,10,95;335;457;445;389;367;386;463;758;614;793
1,4074,4159,1,0,0,11,1,82;322;444;439;376;354;373;450;745;606;624
0,4147,4220,1,0,0,11,0,9;249;371;366;303;281;300;377;506;533;624
1,4167,4254,1,0,0,10,1,229;351;346;283;261;280;357;506;513;624
1,4118,4182,1,0,0,11,3,38;278;400;395;332;310;329;406;521;562;624
1,4118,4368,1,0,0,11,7,38;278;400;395;332;310;329;406;506;562;624
1,3971,4025,1,0,0,10,2,185;30;425;547;542;479;457;476;553;848
1,3987,4067,1,0,0,11,2,169;14;409;531;526;463;441;460;537;832;693
1,3929,3980,1,0,0,10,2,227;72;439;589;584;521;499;518;595;890
0,3969,4025,1,0,0,10,0,187;32;427;549;544;481;459;478;555;850
1,4049,4250,1,0,0,11,4,107;347;469;464;401;379;398;475;770;614;805
1,4051,4110,1,0,0,11,1,105;345;467;445;399;377;396;473;768;614;803
1,4015,4103,1,0,0,11,1,141;381;503;498;435;413;432;509;804;665;839
1,4022,4102,1,0,0,11,1,134;374;496;491;428;406;425;502;797;631;832
1,4575,4657,1,0,0,5,1,244;105;279;154;844
1,4544,4803,1,0,0,4,2,275;136;298;362
1,4539,4624,1,0,0,3,1,280;141;315
1,4523,4736,1,0,0,4,3,1;296;157;331
0,4647,4725,1,0,0,5,0,172;33;207;154;720
0,4644,4718,1,0,0,5,0,175;36;210;154;720
1,4633,4860,1,0,0,5,2,175;47;221;154;786
1,4624,4698,1,0,0,5,2,195;56;230;154;795
1,4360,4431,1,0,0,10,1,36;158;153;90;68;87;164;459;320;436
1,4343,4567,1,15,0,10,3,53;175;170;107;85;104;168;476;337;511
1,4334,4403,1,0,0,10,2,62;184;179;116;94;113;190;485;346;520
1,4241,4294,1,0,0,10,2,155;277;272;209;187;206;283;506;439;613
0,4503,4581,1,0,0,6,0,15;10;21;316;177;351
1,4433,4707,1,0,0,8,3,85;80;17;14;91;386;247;421
1,4422,4479,1,0,0,9,2,96;91;28;6;25;102;397;258;432
0,4415,4472,1,0,0,9,0,103;98;35;13;32;109;404;265;436
1,3407,3457,1,0,0,10,2,12;41;471;264;319;119;520;292;749;594
1,3426,3514,1,0,0,10,3,22;468;260;300;100;501;273;730;575;970
1,3466,3725,1,0,0,9,6,428;220;260;60;461;233;690;535;930
1,3509,3598,1,0,0,9,1,385;177;217;17;418;190;647;492;887
0,3538,3588,1,0,0,8,0,356;148;188;389;161;618;463;858
1,3544,3618,1,0,0,8,2,350;142;182;383;155;612;457;852
1,3549,3624,1,0,0,8,1,345;137;177;378;150;607;452;811
1,3555,3642,1,0,0,8,2,339;131;171;372;144;601;408;811
1,3158,3244,1,0,0,8,2,252;200;290;736;528;568;368;769
0,3161,3236,1,0,0,8,0,252;197;287;733;515;565;365;766
1,3186,3267,1,0,0,9,1,233;172;262;708;500;540;340;741;513
1,3238,3313,1,0,0,9,2,181;120;210;656;448;488;288;689;461
1,3304,3378,1,0,0,10,2,115;54;144;590;382;422;222;623;395;852
1,3310,3580,1,0,0,10,6,109;48;138;584;376;416;216;617;389;825
1,3385,3460,1,0,0,10,1,34;63;509;301;341;141;542;314;771;616
1,3403,3612,1,0,0,10,5,16;45;491;264;323;123;524;296;753;598
0,3728,3814,1,0,0,7,0,166;199;428;273;630;790;726
1,3720,4019,1,0,0,8,4,174;6;207;436;281;630;798;793
1,3822,4075,1,0,0,7,4,72;105;334;179;574;696;691
1,3786,3871,1,0,0,7,2,108;141;370;215;610;732;726
1,3864,4117,1,0,0,11,6,30;63;292;137;532;625;649;586;564;583;660
0,3845,3929,1,0,0,9,0,49;82;311;156;551;625;668;605;583
1,3915,3990,1,0,0,10,2,12;241;86;481;603;598;535;513;532;609
1,3868,3934,1,0,0,11,2,26;59;288;133;528;625;645;582;560;579;653
1,3616,3669,1,0,0,8,1,278;70;110;311;83;540;385;780
1,3590,3880,1,0,0,8,5,304;96;136;337;109;566;408;806
1,3638,3711,1,0,0,9,1,256;48;88;289;31;518;363;744;880
1,3628,3700,1,0,0,9,2,266;58;98;299;31;528;373;768;890
1,3681,3916,1,0,0,9,3,213;5;45;246;18;475;320;715;837
1,3662,3738,1,16,0,9,2,232;24;64;265;31;494;339;734;856
1,3702,3777,1,0,0,8,2,192;24;225;454;299;693;816;811
1,3683,3736,1,0,0,9,2,211;3;43;244;16;473;318;693;835
1,2474,2549,1,0,0,13,1,113;243;356;71;636;610;6;469;453;420;945;673;884
1,2481,2749,1,0,0,12,7,106;236;349;64;629;610;462;400;413;938;666;877
1,2445,2499,1,0,0,11,3,142;272;385;100;665;673;35;498;482;449;974
1,2471,2557,1,0,0,13,1,116;246;359;74;639;647;9;472;455;423;948;676;887
1,2377,2428,1,0,0,11,3,61;210;340;453;168;733;741;103;566;517;517
0,2435,2492,1,0,0,12,0,3;152;282;395;110;675;683;45;508;492;459;984
0,2322,2373,1,0,0,11,0,116;265;395;508;223;782;796;158;621;605;572
1,2323,2564,1,0,0,11,5,115;264;394;507;222;782;795;157;620;604;571
0,2297,2381,1,0,0,12,0,141;23;290;420;533;248;813;821;183;646;630;597
1,2299,2351,1,0,0,12,2,139;21;288;418;531;246;811;819;181;644;628;595
1,2202,2498,1,16,0,14,8,93;31;236;21;118;385;515;628;343;908;871;278;741;725
1,2266,2333,1,0,0,13,3,29;172;54;321;451;564;279;844;846;214;677;661;628
1,2170,2429,1,0,0,13,7,125;63;268;53;150;417;547;660;375;940;881;310;773
0,2192,2259,1,0,0,14,0,103;41;246;31;128;395;525;638;353;918;871;288;751;735
1,2092,2170,1,0,0,13,3,203;60;141;346;131;228;495;576;738;453;992;881;388
1,2111,2188,1,0,0,14,3,184;41;122;327;112;209;476;575;719;434;992;881;369;832
1,3123,3187,1,0,0,10,1,283;24;235;21;325;747;563;603;403;804
1,3104,3165,1,0,0,12,4,6;14;283;43;254;40;344;790;582;622;422;823
1,3086,3142,1,0,0,12,1,24;32;333;61;272;58;362;808;598;640;440;841
1,3070,3146,1,0,0,12,3,40;48;349;77;288;74;378;824;614;656;456;857
1,3042,3098,1,0,0,12,3,68;76;377;105;316;102;406;852;644;684;484;885
0,3026,3090,1,0,0,11,0,84;92;393;121;332;118;422;868;660;700;500
0,2925,2995,1,0,0,11,0,185;193;18;2;493;222;433;97;219;523;969
1,2872,2948,1,0,0,12,1,238;246;71;55;22;547;275;486;150;272;576;1022
0,2700,2767,1,0,0,12,0,17;130;410;418;243;227;194;647;447;658;322;324
1,2642,2915,1,0,0,12,5,75;188;468;476;301;285;252;647;465;683;380;502
1,2638,2725,1,0,0,12,1,79;192;472;480;305;289;256;647;509;683;384;506
1,2544,2624,1,0,0,13,3,43;173;286;1;566;561;399;383;350;676;603;683;478
1,2528,2615,1,0,0,13,3,59;189;302;17;582;561;415;399;366;693;619;683;494
1,2515,2592,1,0,0,13,1,72;202;315;30;595;603;428;400;379;693;632;683;507
1,2512,2792,1,0,0,13,8,75;205;318;33;598;606;431;400;382;907;635;683;510
1,2500,2718,1,0,0,13,7,87;217;330;45;610;610;443;400;394;907;647;858;522
1,1501,1564,1,0,0,4,1,71;127;794;651
1,1604,1660,1,0,0,4,1,24;691;548;629
0,1608,1693,1,0,0,4,0,12;687;544;625
0,1660,1727,1,0,0,4,0,635;492;573;296
1,1353,1427,1,0,0,4,1,46;219;48;275
1,1364,1418,1,0,0,4,1,13;208;37;264
0,1365,1421,1,0,0,4,0,13;207;36;251
0,1460,1543,1,0,0,4,0,112;168;835;692
1,1179,1414,1,0,0,4,3,220;370;222;361
1,1193,1272,1,0,0,4,1,206;370;208;351
1,1208,1431,1,0,0,4,2,191;364;193;327
1,1270,1341,1,1,0,4,1,129;302;131;327
0,1102,1167,1,0,0,5,0,9;297;413;299;363
1,1134,1223,1,0,0,4,1,265;413;267;363
1,1141,1194,1,0,0,4,1,258;370;260;363
1,1152,1441,1,16,0,4,4,247;370;249;363
1,2070,2131,1,0,0,12,1,225;82;163;368;153;250;517;647;760;475;992;881
1,2062,2358,1,0,0,12,9,233;90;171;376;161;258;525;655;768;483;992;1056
1,2077,2129,1,0,0,12,3,218;75;156;361;133;243;510;577;753;468;992;881
1,2076,2144,1,0,0,12,3,219;76;157;362;133;244;511;641;754;469;992;881
1,1991,2076,1,0,0,11,1,304;161;242;12;447;232;329;549;726;839;554
1,1972,2056,1,0,0,11,1,323;180;261;31;466;251;348;549;745;858;573
0,2044,2110,1,0,0,11,0,251;108;189;394;164;276;543;673;786;501;992
1,2036,2307,1,0,0,11,5,259;116;197;402;164;284;549;681;794;509;1074
1,1868,1939,1,0,0,8,1,350;284;361;88;135;570;355;452
1,1860,1942,1,0,0,8,1,350;292;373;96;143;578;363;460
1,1884,1937,1,0,0,9,1,350;268;349;42;119;554;339;436;549
1,1878,2172,1,0,0,9,5,350;274;355;42;125;560;345;442;709
1,1694,1911,1,0,0,4,1,467;458;539;262
1,1688,1973,1,0,0,4,3,607;464;545;268
0,1750,1810,1,0,0,7,0,350;402;405;206;253;688;473
1,1728,1983,1,0,0,5,3,467;424;405;228;275
327
28163,28812,151.49,8
28287,28832,0.00,10
28091,28728,0.00,11
28114,28933,365.70,11
28386,29248,109.99,9
28466,29335,342.68,8
28359,29262,0.00,10
28366,28864,83.38,10
27292,28448,461.81,8
27442,28391,0.00,8
27169,28133,49.99,9
27278,27810,0.00,10
27714,28351,132.29,9
27912,28805,302.49,8
27524,28224,132.97,10
27663,28232,38.35,11
26952,27993,508.79,9
26731,27109,125.99,10
26722,27307,0.00,10
26718,27566,300.53,8
27120,27960,0.00,8
27013,28162,105.89,10
27013,27890,77.21,10
26966,27452,0.00,11
26126,26836,253.82,11
25800,26234,0.00,9
25770,26305,0.00,9
25722,26674,491.74,10
26635,27264,0.00,8
26514,26967,0.00,8
26475,27307,511.62,8
26315,27038,221.89,9
28586,29166,0.00,9
28537,29283,0.00,9
28835,29747,355.61,8
28663,29307,0.00,10
29013,29745,171.98,8
28852,29514,173.06,11
29323,30018,108.99,9
29065,29759,80.87,9
22146,22706,0.00,10
21906,22665,0.00,9
21897,22690,0.00,9
21782,22898,376.80,8
21738,22183,76.00,10
21712,22440,0.00,10
21628,22039,0.00,10
21576,22224,0.00,11
22520,22967,0.00,9
22429,22975,88.22,9
22265,23460,467.15,11
22222,22942,59.91,11
22215,22878,0.00,8
22209,22995,209.28,11
22204,23155,335.27,9
22200,23059,192.79,11
20580,20976,0.00,11
20741,21520,0.00,11
20490,21396,114.75,9
20550,21103,0.00,10
20322,20950,79.91,9
20390,21215,160.32,10
19825,20691,174.61,10
20274,21113,312.85,10
21298,22240,213.73,9
21386,22228,239.30,8
21205,21832,137.79,9
21243,21698,48.10,11
20828,21516,46.27,11
20873,21842,348.60,9
20795,21369,0.00,8
20824,21564,153.11,8
24559,25214,160.36,8
24540,25010,0.00,9
25019,26004,55.20,8
24827,25512,256.20,8
24390,25162,374.53,11
24336,25270,0.00,11
24504,25382,231.71,10
24391,25045,109.22,10
25584,26168,0.00,11
25567,26316,140.41,9
25664,26300,118.31,10
25614,26349,131.79,9
25152,26088,501.66,10
25105,25593,95.24,9
25450,25764,0.00,11
25268,25712,40.86,11
22986,24140,266.60,10
23004,23973,0.00,11
23149,23910,241.67,10
23191,24210,219.63,8
22536,23348,134.38,10
22547,23271,0.00,10
22804,23380,0.00,10
22967,23762,288.54,11
24007,24733,171.13,10
24020,24564,0.00,11
24081,24770,204.97,8
24188,24892,204.01,11
23261,23849,0.00,8
23774,24498,283.89,11
23861,24810,330.91,11
24004,24398,0.00,8
15631,16040,0.00,9
15624,16166,35.25,10
15496,16200,0.00,10
15481,16319,0.00,8
16667,17198,0.00,11
16481,17244,224.84,8
16082,16712,318.02,9
15648,16311,0.00,8
16909,17674,88.68,8
16838,17600,0.00,8
16761,17163,66.14,11
16689,17310,51.01,11
17128,18037,135.71,9
17104,17811,81.27,8
17019,18102,461.62,11
16993,18013,364.25,9
14829,15725,149.85,11
14843,15416,0.00,11
14592,15357,307.05,8
14782,15665,159.10,11
15013,15519,0.00,11
15025,16020,229.67,9
14979,15859,111.05,8
14989,15678,0.00,8
15291,16082,0.00,8
15344,16006,0.00,11
15250,15800,0.00,8
15280,16265,534.62,9
15401,16131,84.29,9
15413,16175,141.37,10
15387,16041,54.44,11
15395,16287,297.56,9
18656,19284,43.63,9
18632,19437,67.52,11
18694,19444,74.01,10
18669,19221,27.81,9
18875,19674,254.27,10
18869,19663,381.08,10
18956,19659,118.97,10
18928,19656,0.00,9
19133,20126,395.77,9
18958,19533,0.00,9
19164,20104,208.06,10
19147,19623,68.29,9
19579,20383,0.00,8
19413,19785,0.00,10
19676,20558,287.57,10
19657,20536,165.83,11
17143,17904,0.00,9
17626,18263,132.71,9
17666,18320,0.00,11
17683,18407,357.52,9
17811,18461,40.15,9
18118,18619,0.00,10
18152,19109,35.84,10
18158,18938,0.00,11
18192,18960,84.08,9
18208,19097,61.37,11
18277,18587,0.00,10
18325,18700,18.42,11
18399,19199,154.44,9
18439,18799,0.00,10
18477,19486,177.05,9
18565,19221,0.00,11
2257,2894,0.00,8
2172,2927,183.26,10
2103,2943,0.00,8
2083,2480,0.00,9
2497,3022,0.00,11
2467,3358,175.49,8
2451,3147,44.10,8
2401,3419,427.96,8
1897,2717,90.26,9
1876,2587,160.06,8
1781,2320,0.00,11
1743,2223,89.70,9
2060,3118,289.92,8
2002,3110,114.62,11
1966,2545,0.00,9
1912,2830,0.00,9
1366,2295,270.07,11
1443,2152,0.00,10
889,1401,0.00,10
936,1628,270.68,8
1714,2003,0.00,8
1740,2438,0.00,11
1597,2233,163.97,11
1611,1956,46.89,9
26,799,399.45,9
108,632,145.97,9
11,659,0.00,8
616,1399,141.69,10
737,1572,352.11,10
166,572,73.36,11
577,1111,269.88,9
7670,8597,358.92,8
8222,8864,0.00,11
7522,8326,268.42,9
7543,8180,28.19,9
7436,8058,10.75,9
7514,8193,0.00,9
7214,8326,486.57,10
7353,8256,33.63,8
8478,9344,127.69,10
8507,9206,0.00,8
8442,9267,148.15,11
8477,9088,0.00,10
8343,9293,0.00,9
8416,9214,37.91,10
8275,9166,291.87,8
8293,8917,0.00,8
6017,6842,81.89,9
5998,6898,370.06,11
5925,6481,77.39,8
5896,7001,257.60,10
5885,6418,0.00,9
5715,6605,181.94,11
5668,6569,453.03,10
5663,6130,0.00,8
7197,7975,48.70,10
6957,7732,0.00,11
6899,7876,349.26,11
6706,7357,339.04,9
6511,7081,0.00,9
6450,7251,142.63,9
6426,6801,0.00,10
6060,6745,31.52,10
4540,4906,218.84,10
4545,5419,108.29,11
4711,5636,341.48,11
4969,5320,0.00,8
3855,4524,135.11,11
3926,4819,298.10,10
3980,4680,104.73,11
3988,4854,387.87,8
5361,6179,199.72,8
5376,6053,0.00,9
5404,5769,0.00,9
5429,6462,224.08,10
4970,6131,105.58,8
5059,5853,0.00,9
5089,5946,120.16,9
5208,6000,0.00,9
3006,3526,0.00,11
2969,3726,0.00,11
3172,3699,52.06,9
3027,3927,0.00,10
2807,3448,45.32,8
2562,3144,178.01,11
2961,3686,134.98,11
2872,3894,167.84,9
3829,4450,0.00,8
3685,4513,105.11,10
3854,4447,0.00,11
3842,4428,0.00,11
3353,4001,44.94,8
3265,4156,31.33,10
3619,4518,71.47,11
3412,4396,212.89,11
13402,13817,0.00,9
13472,14027,247.51,10
13146,13673,139.37,10
13177,13510,81.51,11
13665,14229,0.00,11
13788,14523,0.00,11
13569,14472,294.03,9
13592,14247,0.00,8
14073,14905,114.97,11
14093,14620,0.00,10
13883,14608,132.65,9
14023,14743,0.00,9
14327,15335,310.91,11
14584,15403,0.00,9
14176,15097,416.99,9
14234,15047,0.00,9
11361,11772,0.00,9
11338,12076,55.47,9
11133,12222,137.32,9
11096,12214,230.42,11
11708,12332,166.19,10
11687,12320,0.00,8
11679,12257,0.00,9
11591,12463,296.70,9
12191,12936,133.01,8
11915,12556,156.64,11
11831,12507,91.66,9
11796,12979,696.79,11
12729,13491,0.00,11
12704,13681,530.74,10
12637,13079,177.38,11
12441,13002,0.00,9
9426,9818,0.00,10
9509,10507,642.48,10
9547,10401,0.00,10
9593,10171,0.00,11
9769,10090,0.00,10
9774,10484,459.74,11
10080,10885,201.06,10
10259,11107,242.49,9
10263,10849,0.00,11
10295,11130,106.34,8
10329,11168,85.67,8
10482,11411,193.72,11
10567,11441,391.02,10
10607,11645,496.28,11
10810,11667,195.05,10
11027,12041,154.21,9
8543,9469,0.00,9
8529,9465,63.86,8
8605,9335,0.00,9
8590,9477,153.54,8
8794,9588,0.00,10
8746,9624,71.78,8
8865,9837,117.12,11
8794,9539,0.00,9
8982,9823,0.00,11
8962,9760,52.85,10
9157,9595,0.00,9
9075,9638,21.09,9
9202,9975,0.00,8
9165,9675,0.00,9
9375,9921,153.89,10
9294,10142,273.94,11
