502
1,13741,13813,1,0,0,8,1,183;599;195;450;448;476;321;615
1,13737,13987,1,0,0,8,4,183;603;199;454;452;476;321;750
1,13766,13967,1,0,0,8,4,161;565;170;425;417;471;321;615
1,13744,13830,1,0,0,8,1,183;565;192;447;445;476;321;615
1,13833,13914,1,0,0,9,1,94;507;103;358;356;404;276;596;937
1,13807,13887,1,0,0,8,1,120;533;129;384;382;430;302;596
1,13887,13951,1,0,0,10,2,40;453;49;304;302;350;222;596;883;515
1,13859,13944,1,0,0,10,1,68;481;77;332;330;378;250;596;911;543
0,13525,13600,1,0,0,9,0,1;402;93;815;411;666;146;538;476
0,13511,13596,1,15,0,9,0,15;416;107;829;425;680;160;538;476
1,13557,13633,1,0,0,8,1,370;61;783;379;634;114;529;476
1,13525,13788,1,0,0,9,4,1;402;93;815;411;666;146;538;476
1,13675,13900,1,0,0,7,3,252;665;261;516;514;476;434
1,13603,13685,1,0,0,9,3,324;15;737;333;588;68;529;476;506
1,13736,13813,1,0,0,8,3,191;604;200;455;453;476;321;751
1,13717,13776,1,0,0,7,1,210;623;219;474;472;476;321
1,13314,13380,1,0,0,10,2,109;212;124;31;613;304;1026;593;877;357
1,13380,13631,1,0,0,9,4,43;146;58;547;238;960;556;811;291
0,13389,13447,1,0,0,10,0,34;137;49;538;229;841;547;802;282;800
1,13392,13478,1,0,0,10,2,31;134;46;535;226;841;544;799;279;797
1,13397,13665,1,0,0,10,6,26;129;41;530;212;841;539;794;274;792
1,13408,13492,1,0,0,10,3,15;118;30;519;210;841;528;783;263;538
1,13499,13573,1,0,0,9,1,27;428;119;841;437;692;172;538;738
1,13505,13792,1,0,0,9,7,21;422;113;830;431;686;166;538;732
0,13044,13113,1,0,0,6,0,313;482;394;241;859;574
1,13089,13171,1,0,0,6,3,313;437;349;241;838;529
1,13090,13366,1,0,0,6,6,313;436;295;241;837;528
1,13190,13270,1,0,0,8,1,233;336;248;155;737;359;1150;746
1,13236,13498,1,0,15,9,7,187;290;202;109;691;359;1104;700;955
1,13258,13345,1,0,0,9,2,165;268;180;87;669;359;1082;627;933
1,13263,13326,1,0,0,9,4,160;257;175;82;664;355;1077;627;928
1,13290,13373,1,16,0,10,1,133;236;148;55;637;328;1050;593;901;381
1,14142,14437,1,0,0,11,8,198;49;47;95;345;628;260;447;609;798;539
1,14158,14243,1,0,0,11,1,182;33;31;79;329;612;244;431;593;782;284
1,13908,13992,1,0,0,10,1,19;432;28;283;281;329;201;550;671;494
1,13929,13988,1,0,0,11,2,411;7;262;260;308;180;550;671;473;660;822
1,13892,13953,1,0,0,10,2,35;448;44;299;297;345;217;573;878;510
1,13896,14103,1,0,0,10,6,31;444;40;295;293;341;213;550;874;506
1,14116,14188,1,0,0,11,1,224;75;73;121;371;654;286;473;635;824;565
1,14121,14191,1,0,0,11,3,219;59;68;116;366;649;281;468;630;819;560
1,13961,14049,1,16,0,10,1,379;230;228;276;148;520;671;441;628;790
1,13988,14041,1,0,0,10,2,352;203;201;242;121;499;671;414;601;763
1,11687,11754,1,0,0,6,1,75;262;543;545;346;232
1,11641,11726,1,0,0,6,2,102;308;589;591;392;232
1,11830,12058,1,0,0,5,4,119;400;397;203;92
1,11819,11887,1,0,0,5,2,130;411;413;214;103
1,11528,11732,1,0,0,6,2,234;397;702;704;505;232
1,11521,11597,1,0,0,6,2,241;428;709;711;512;232
1,11603,11847,1,0,0,6,4,102;346;627;629;430;232
1,11559,11783,1,0,0,6,1,203;390;671;673;474;232
1,11483,11568,1,0,0,9,1,33;16;22;279;466;747;749;550;439
1,11439,11520,1,0,0,9,3,63;60;66;323;510;791;793;594;483
1,11514,11723,1,0,0,7,2,2;248;435;716;718;519;233
1,11483,11737,1,0,0,9,7,33;16;22;265;466;747;749;550;439
1,11396,11448,1,0,0,10,1,120;32;15;103;109;339;515;795;836;637
1,11386,11466,1,0,0,11,3,130;42;25;3;113;119;339;515;803;846;647
1,11422,11481,1,0,0,10,1,76;6;77;83;339;515;795;810;611;500
1,11415,11502,1,0,0,10,1,99;13;84;90;339;515;795;817;618;507
1,11324,11623,1,0,0,13,4,161;104;1;9;87;65;165;181;361;515;906;856;709
1,11336,11402,1,0,0,11,1,161;92;75;53;163;169;361;515;803;856;697
1,11366,11619,1,0,0,11,4,150;62;45;23;133;138;361;515;803;856;667
0,11378,11437,1,0,0,11,0,138;50;33;11;121;127;339;515;803;854;655
1,11282,11486,1,0,0,10,3,234;146;43;51;129;107;217;184;361;667
1,11307,11372,1,0,0,12,1,209;121;18;26;104;82;192;184;361;515;923;925
1,11307,11372,1,0,0,12,1,161;121;18;26;104;82;192;184;361;515;923;925
1,11313,11396,1,0,0,12,2,161;115;12;20;98;76;165;184;361;515;917;919
1,11173,11230,1,0,0,11,2,42;343;255;141;160;238;216;326;332;542;776
1,11174,11258,1,0,0,11,2,41;342;254;141;159;237;215;306;331;542;775
1,11256,11334,1,0,0,10,2,260;172;69;77;155;133;243;249;506;693
1,11269,11487,1,0,0,10,5,247;159;56;64;142;120;230;184;493;680
1,11115,11180,1,0,0,10,1,100;401;313;210;218;296;274;384;390;558
1,11128,11217,1,0,0,10,2,87;388;299;197;205;283;261;371;377;558
1,11146,11219,1,0,0,10,1,69;370;282;179;187;265;243;353;359;542
1,11150,11202,1,0,0,10,2,65;366;278;175;174;261;239;349;355;542
1,13036,13123,1,0,0,6,3,387;490;402;241;859;582
1,13032,13111,1,0,0,6,1,391;494;406;313;859;586
1,13023,13101,1,0,0,6,2,400;503;415;322;904;595
0,12949,13031,1,0,0,7,0,59;7;474;577;489;396;978
1,12932,13012,1,0,0,7,2,76;43;491;594;506;413;995
1,12872,12925,1,0,0,8,2,36;136;103;551;611;566;473;1055
1,12785,13028,1,0,0,5,3,123;223;190;558;741
0,12745,12801,1,0,0,5,0,148;263;230;558;781
1,12737,12959,1,0,0,5,2,148;271;238;686;789
1,12713,12780,1,0,0,5,1,195;295;262;710;813
1,12690,12755,1,0,0,5,1,218;318;285;733;836
0,12530,12605,1,0,0,6,0,34;158;378;478;72;445
1,12458,12535,1,0,0,6,1,106;194;445;550;144;517
1,12435,12486,1,0,0,6,1,129;194;463;573;167;540
1,12389,12447,1,0,0,6,1,175;194;494;619;213;586
1,12384,12446,1,0,0,6,1,180;194;524;624;218;589
0,12374,12436,1,0,0,7,0,190;194;534;634;228;4;601
1,12379,12435,1,0,0,6,1,185;194;529;629;223;596
0,12270,12329,1,0,0,7,0,294;194;638;738;332;108;705
1,12314,12393,1,0,0,7,1,250;194;594;694;288;64;661
1,12220,12497,1,0,0,9,6,10;12;344;468;688;746;382;158;755
1,12222,12291,1,0,0,9,1,8;10;342;194;686;746;380;156;753
1,12170,12247,1,0,0,8,1,60;62;394;518;738;746;432;208
1,12211,12476,1,0,0,8,6,19;21;353;477;697;746;391;167
1,12111,12318,1,0,0,8,5,119;112;453;577;789;897;491;267
1,12126,12185,1,0,0,8,1,104;106;438;562;782;746;476;252
1,11975,12220,1,0,0,6,3,255;257;58;589;713;933
1,12096,12173,1,0,0,8,1,134;136;468;592;789;912;506;282
1,11936,12015,1,0,0,6,1,13;294;296;97;628;752
0,11937,11991,1,0,0,6,0,12;293;268;96;627;751
1,11830,11918,1,0,0,5,2,119;400;397;203;57
1,11871,12109,1,0,0,6,3,78;359;361;162;51;693
0,82,146,1,0,0,2,0,332;825
1,68,134,1,0,0,2,1,391;839
0,63,134,1,16,0,2,0,396;844
0,54,142,1,0,0,0,0,
1,356,445,1,0,0,6,2,103;551;360;648;849;650
0,350,408,1,0,0,5,0,109;557;360;654;855
1,342,396,1,0,0,4,1,117;565;411;662
0,342,555,1,0,0,4,0,117;565;360;662
1,236,302,1,0,0,4,2,223;671;517;768
0,216,288,1,0,0,4,0,243;691;537;788
0,183,255,1,0,0,4,0,276;724;570;821
0,124,186,1,0,0,2,0,332;783
1,1578,1641,1,0,0,10,3,449;15;110;456;174;160;132;214;331;269
1,1584,1660,1,0,0,11,3,443;9;110;450;174;154;126;214;308;263;770
1,1520,1763,1,0,0,12,6,16;507;73;300;512;174;11;218;190;283;331;327
1,1525,1727,1,0,0,12,6,11;502;68;295;509;174;6;213;185;214;331;322
1,1705,1915,1,0,0,11,4,322;110;329;105;33;5;98;236;142;649;866
1,1715,2012,1,0,0,10,5,312;105;319;95;23;88;226;132;550;856
1,1592,1801,1,0,16,11,4,435;1;110;442;174;146;118;203;308;255;762
1,1600,1660,1,0,0,10,3,427;110;434;157;138;110;203;308;247;754
1,1399,1474,1,0,0,15,1,32;74;137;49;628;145;421;635;312;132;318;311;404;542;448
1,1421,1720,1,0,0,15,7,10;52;115;27;606;145;399;613;312;110;317;289;351;520;426
1,1287,1362,1,0,0,15,2,144;186;249;161;80;740;145;533;700;312;244;328;423;516;654
1,1359,1416,1,0,0,16,4,72;114;177;89;8;668;145;461;675;312;172;328;351;444;582;488
1,1470,1526,1,0,0,13,2,3;66;557;123;350;564;174;61;268;240;333;331;377
1,1497,1574,1,0,0,12,2,39;530;96;323;537;174;34;241;213;306;331;350
1,1444,1532,1,0,0,14,3,29;92;4;583;145;376;590;312;87;294;266;351;331;403
1,1462,1686,1,0,0,13,6,11;74;565;131;358;572;312;69;276;248;341;331;385
1,1214,1288,1,16,0,13,1,217;259;322;234;153;813;379;606;820;429;317;328;496
1,1212,1500,1,0,0,13,11,219;261;324;236;155;815;381;608;822;598;319;328;498
1,1180,1231,1,0,0,14,3,25;251;293;354;268;187;842;413;640;854;630;351;328;530
1,1175,1472,1,0,0,14,11,30;256;298;354;273;192;842;418;645;859;635;356;365;535
0,1240,1306,1,0,0,13,0,191;233;296;208;127;787;145;580;700;312;274;328;470
1,1239,1467,1,0,0,13,9,192;234;297;209;128;788;354;581;700;312;274;328;471
1,1237,1488,1,0,15,13,6,194;236;299;211;130;790;356;583;797;312;274;328;473
1,1220,1468,1,0,0,13,7,211;253;316;228;147;807;373;600;814;429;274;328;490
1,1098,1186,1,0,0,14,3,107;333;312;438;350;269;929;495;722;936;712;433;640;612
1,1083,1153,1,0,0,14,1,122;348;312;453;365;284;944;510;737;951;727;448;655;627
1,975,1034,1,16,0,11,1,29;230;31;456;312;520;473;392;1052;618;845
0,930,986,1,0,0,10,0,74;275;37;501;312;520;518;437;1097;663
1,1174,1231,1,0,0,14,2,31;257;299;362;274;193;842;419;646;860;636;357;365;536
1,1170,1451,1,0,0,14,7,35;261;303;366;278;197;842;423;650;864;640;361;502;540
1,1164,1430,1,0,0,14,10,41;267;309;372;284;203;842;429;656;870;646;367;574;546
1,1128,1206,1,0,0,14,2,77;303;312;408;320;239;870;465;692;906;682;403;610;582
1,825,892,1,0,0,8,1,82;179;380;181;606;648;520;623
1,849,910,1,0,0,9,2,58;155;355;157;582;624;520;599;518
1,885,1177,1,0,0,9,6,22;119;320;121;546;588;520;563;482
1,886,943,1,0,0,9,2,21;118;319;120;545;408;520;562;481
1,889,948,1,0,0,9,2,18;115;316;117;542;314;520;559;478
1,908,983,1,0,0,8,1,96;297;96;523;314;520;540;459
1,913,1182,1,0,0,8,6,91;292;93;515;314;520;535;454
1,915,997,1,0,0,8,1,89;290;91;515;312;520;533;452
1,642,720,1,0,0,6,2,265;56;362;563;337;789
1,646,700,1,0,0,6,1,261;56;356;559;337;785
1,672,722,1,0,0,6,1,235;56;332;533;334;759
1,687,743,1,0,0,6,1,220;56;317;518;319;744
1,688,770,1,0,0,6,2,219;56;316;517;318;693
1,692,772,1,0,0,6,1,215;56;312;513;314;693
1,695,784,1,0,0,6,1,208;56;309;510;311;693
1,787,1057,1,0,0,8,7,120;217;418;219;644;686;749;661
0,510,560,1,0,0,5,0,268;243;494;695;372
1,498,551,1,0,0,5,2,268;255;506;707;372
1,580,656,1,0,0,5,2,268;173;424;625;372
0,575,664,1,0,0,5,0,268;178;429;630;372
0,613,684,1,0,0,6,0,268;140;391;592;337;818
0,592,643,1,0,0,6,0,268;161;412;613;337;839
1,639,902,1,0,0,6,3,268;114;365;566;337;792
1,624,703,1,0,0,6,2,268;129;380;581;337;807
0,391,475,1,0,0,6,0,68;516;360;613;814;615
0,365,433,1,0,0,6,0,94;542;360;639;814;641
1,463,727,1,0,0,5,5,444;290;541;742;543
1,455,540,1,0,0,6,2,4;452;298;549;750;551
1,469,741,1,0,0,5,2,438;284;535;736;372
0,468,541,1,0,0,5,0,439;285;536;737;372
0,496,730,1,0,0,5,0,268;257;508;709;372
0,479,531,1,0,0,5,0,268;274;525;726;372
1,3544,3595,1,0,0,4,1,158;25;272;384
1,3557,3772,1,0,0,4,2,145;8;272;371
1,3459,3524,1,0,0,5,2,243;63;110;272;469
1,3509,3587,1,0,0,5,2,193;13;60;272;419
0,3411,3476,1,0,0,6,0,291;111;158;44;272;479
1,3443,3494,1,0,0,6,2,259;79;126;12;272;479
1,3399,3464,1,0,0,6,3,303;123;170;56;469;479
1,3404,3679,1,0,0,6,2,298;118;165;51;415;479
1,3356,3415,1,0,0,7,1,346;7;166;213;99;469;500
1,3379,3455,1,0,0,6,2,323;143;190;76;469;500
1,3348,3415,1,0,0,7,2,354;15;174;221;107;469;580
1,3355,3435,1,0,0,7,2,347;8;167;214;100;469;515
1,3280,3348,1,0,0,9,4,63;36;32;422;83;242;285;175;594
1,3326,3560,1,0,0,8,3,17;376;37;196;243;129;548;602
1,3236,3300,1,0,0,8,4,107;80;76;466;127;286;293;219
1,3257,3324,1,0,0,8,1,86;59;55;445;106;265;285;198
0,3235,3324,1,0,0,8,0,108;81;76;467;128;287;293;220
1,3211,3270,1,0,0,9,1,18;132;105;101;491;152;311;293;244
1,3162,3250,1,0,0,11,3,22;67;181;154;150;540;201;360;12;293;293
1,3162,3236,1,0,0,11,3,22;67;181;139;150;540;201;360;12;293;293
1,3155,3428,1,0,0,11,5,29;74;188;161;157;547;208;367;19;414;300
1,3092,3163,1,0,0,11,2,92;137;251;224;220;610;271;430;82;477;363
1,3077,3147,1,0,0,11,2,107;152;266;239;235;625;286;445;97;492;378
1,3022,3081,1,0,0,12,1,162;20;178;321;24;294;290;680;341;500;152;547
1,3001,3085,1,0,0,12,3,183;41;228;342;45;309;311;701;362;521;173;568
1,2893,2969,1,0,0,11,2,2;291;145;336;450;153;309;419;809;470;629
1,2864,2936,1,0,0,11,2,31;320;145;365;479;182;309;448;838;499;658
1,2837,2905,1,0,0,11,2,58;347;145;392;506;209;309;475;865;526;665
1,2835,2924,1,0,0,11,2,60;349;145;394;508;211;309;477;867;528;672
1,2829,2888,1,0,0,11,2,66;355;145;400;514;217;309;483;873;534;676
1,2826,2901,1,0,0,11,3,69;358;216;403;517;220;309;486;876;537;676
1,2825,3027,1,0,0,11,5,70;359;217;404;518;221;491;487;877;538;676
1,2692,2757,1,0,0,10,1,7;203;85;492;350;537;651;351;624;620
1,2723,2973,1,0,0,12,12,172;54;461;319;506;620;323;593;588;979;640;799
1,2796,3022,1,0,0,11,8,99;388;246;433;547;250;520;516;906;567;707
0,2824,2876,1,16,0,11,0,71;360;218;405;519;222;492;488;878;539;676
1,2450,2515,1,0,0,12,2,121;96;166;176;85;249;445;327;734;592;617;893
1,2483,2725,1,0,0,13,8,88;63;133;143;52;216;412;294;701;559;617;860;563
0,2499,2562,1,0,0,14,0,72;47;117;127;36;200;396;278;685;543;617;737;547;817
1,2637,2699,1,0,0,10,3,62;258;140;547;405;592;706;409;679;675
1,2343,2397,1,0,0,10,2,11;228;203;273;283;32;192;356;496;423
1,2363,2424,1,0,0,11,2,208;183;253;263;12;172;336;496;407;821;679
1,2372,2453,1,0,0,12,1,199;166;244;254;3;163;327;496;405;812;670;857
1,2416,2695,1,0,0,12,7,155;130;200;210;119;283;479;361;768;626;813;927
1,2169,2238,1,0,0,10,2,185;402;377;447;457;206;366;473;496;608
1,2204,2254,1,0,0,10,2,150;367;342;412;419;171;331;473;496;573
1,2205,2284,1,0,0,10,1,149;366;341;411;419;170;330;446;496;572
1,2271,2554,1,0,0,10,8,83;300;275;345;355;104;264;428;496;506
1,2103,2154,1,0,0,9,2,251;468;416;506;523;272;432;473;628
1,2085,2320,1,0,0,9,6,269;486;416;506;541;290;450;614;628
1,2166,2406,1,0,0,10,8,188;405;380;450;460;209;369;473;628;611
1,2124,2210,1,0,0,10,2,230;447;416;492;502;251;411;473;628;653
1,1995,2255,1,0,0,8,3,32;39;359;576;551;506;549;380
0,1992,2057,1,0,0,8,0,35;42;362;579;554;506;549;383
1,2068,2348,1,0,0,9,7,286;503;416;506;549;307;467;631;827
1,2058,2122,1,0,0,9,1,296;513;416;506;549;317;477;641;837
1,1922,2166,1,0,0,8,4,105;112;19;432;626;624;694;704
0,1912,1998,1,0,0,6,0,115;122;19;442;626;634
0,1929,1986,1,0,0,8,0,98;105;12;425;626;617;506;549
1,1928,2194,1,0,0,8,3,99;106;13;426;626;618;506;698
1,1837,1899,1,0,0,6,3,190;197;104;10;517;626
1,1816,2058,1,0,0,7,3,211;4;218;125;31;538;755
1,1875,2105,1,0,0,5,3,152;159;66;479;626
1,1856,1911,1,0,0,5,1,171;178;85;498;626
1,4801,4878,1,0,0,9,1,322;370;120;118;70;504;501;755;680
1,4807,4888,1,0,0,9,3,322;364;114;112;39;498;501;749;674
1,4848,5119,1,0,0,9,3,295;323;73;71;23;453;501;708;633
0,4851,4928,1,0,0,10,0,292;320;70;68;20;453;501;464;630;340
1,4853,5059,1,0,0,10,3,290;318;68;66;18;452;501;464;628;338
1,4875,5106,1,0,0,9,4,268;296;46;44;430;501;439;606;316
1,4876,4957,1,0,0,9,2,267;295;45;43;429;501;439;605;209
1,4917,5003,1,0,0,9,1,226;254;4;2;388;501;439;564;209
1,4929,5011,1,0,0,7,1,214;242;376;501;439;552;209
1,4964,5218,1,0,0,7,3,179;207;341;501;439;517;209
1,5035,5087,1,0,0,9,1,108;136;270;439;439;446;156;870;826
1,5053,5253,1,0,0,11,4,90;118;252;421;439;428;127;852;808;690;414
1,5073,5161,1,0,0,11,4,70;98;232;401;439;408;118;812;788;670;394
1,5076,5142,1,0,15,11,3,67;95;229;398;439;405;115;792;785;667;391
1,5081,5134,1,0,0,11,2,62;90;224;393;439;400;110;792;724;662;386
1,5096,5152,1,0,0,11,3,47;75;209;378;439;385;95;792;724;647;371
1,5199,5419,1,0,0,9,4,106;275;357;282;706;662;544;268;917
1,5122,5173,1,0,0,11,2,21;49;183;352;434;359;69;772;724;621;345
1,5272,5322,1,0,0,9,4,33;202;284;209;633;589;471;195;727
1,5208,5297,1,0,0,9,4,97;266;348;273;697;653;535;259;727
1,5370,5459,1,0,0,10,2,104;186;111;535;491;373;97;727;621;927
1,5330,5387,1,0,0,9,2,144;226;151;575;531;413;137;727;661
1,5432,5484,1,0,0,11,2,42;124;49;473;429;311;35;684;559;865;613
1,5381,5433,1,0,0,10,3,93;175;100;524;480;362;86;701;610;916
1,5437,5506,1,0,0,11,2,37;119;44;468;424;306;30;679;554;860;582
0,5434,5519,1,16,0,11,0,40;122;47;471;427;309;33;682;557;863;582
1,5486,5548,1,0,0,8,1,70;419;375;257;630;505;811;559
0,5453,5522,1,0,0,11,0,21;103;28;452;408;290;14;663;538;844;582
0,5518,5582,1,0,0,9,0,38;387;331;225;598;473;779;527;888
1,5510,5562,1,0,0,8,2,46;395;351;233;606;481;787;535
1,5661,5914,1,0,0,12,8,244;200;82;455;330;636;384;745;391;628;409;771
1,5644,5883,1,0,0,12,7,261;217;99;472;347;653;401;762;408;694;426;788
0,3622,3685,1,0,0,4,0,80;249;306;223
1,3648,3699,1,0,0,4,1,54;226;280;197
1,3582,3854,1,0,0,3,2,120;272;346
1,3584,3645,1,0,0,3,1,113;272;344
0,3753,3838,1,0,0,4,0,121;175;92;814
1,3764,3819,1,0,0,4,1,110;164;81;803
1,3723,3782,1,0,0,4,1,151;205;122;844
1,3753,3826,1,0,0,4,1,121;175;92;814
1,3782,4017,1,0,0,6,2,77;146;63;785;583;362
1,3793,3846,1,0,0,6,1,77;135;52;774;457;226
1,3777,3844,1,0,0,5,1,97;151;68;790;588
1,3782,4075,1,0,0,6,2,77;146;63;785;457;362
0,4067,4140,1,0,0,5,0,500;298;77;375;584
1,4077,4156,1,0,0,5,1,490;288;67;365;584
1,4042,4324,1,0,0,5,3,525;323;102;400;755
0,4048,4107,1,0,0,5,0,519;317;96;394;584
1,4242,4312,1,0,0,12,2,325;123;200;555;901;262;324;929;679;450;677;510
1,4182,4246,1,0,0,11,2,385;183;260;584;961;322;384;989;739;510;737
0,4142,4228,1,0,0,8,0,425;223;2;300;584;1001;362;424
0,4126,4207,1,0,0,7,0,441;239;18;316;584;1017;378
1,4356,4426,1,0,0,13,2,211;9;86;441;787;148;210;778;565;336;563;396;515
0,4354,4416,1,0,0,13,0,213;11;88;443;789;150;212;778;567;338;565;398;517
0,4353,4419,1,0,0,13,0,214;12;89;444;790;151;213;778;568;339;566;399;518
1,4330,4414,1,0,0,13,4,237;35;112;467;813;174;236;841;591;362;589;422;541
1,4600,4877,1,0,0,9,8,197;543;571;321;92;319;152;271;705
0,4589,4675,1,0,0,9,0,208;554;582;332;103;330;163;282;716
1,4539,4597,1,0,0,11,1,28;258;604;27;632;382;153;380;213;332;766
1,4367,4417,1,0,0,12,2,200;75;430;776;137;199;778;554;325;552;385;468
1,4798,5059,1,0,0,9,6,322;373;123;121;73;507;676;758;683
1,4782,4864,1,0,0,10,2,15;322;389;127;137;89;523;692;774;699
1,4746,4804,1,0,0,10,1,51;322;425;127;173;6;125;559;728;810
1,4619,4838,1,0,0,9,5,178;524;552;127;73;300;133;252;686
1,6983,7062,1,0,0,8,2,46;92;465;115;785;556;567;241
0,7008,7095,1,16,0,8,0,21;67;440;90;760;531;559;220
1,7026,7097,1,0,0,9,1,3;49;422;72;742;513;559;202;808
1,7063,7357,1,0,0,9,5,12;385;35;705;476;537;165;771;663
0,6916,6970,1,0,0,8,0,113;159;532;182;797;623;592;312
1,6919,6994,1,0,0,8,2,110;156;529;179;797;620;592;309
1,6929,6982,1,0,0,8,2,100;146;519;169;797;610;592;241
1,6957,7044,1,0,0,8,2,72;118;491;141;797;582;592;241
1,7188,7267,1,0,0,9,1,260;580;183;400;40;646;538;528;624
1,7193,7266,1,0,0,9,1,255;575;183;368;35;641;533;523;619
1,7244,7330,1,0,0,9,3,204;524;183;356;590;482;472;568;623
1,7308,7382,1,0,0,9,2,140;460;183;292;519;418;408;504;559
1,7114,7190,1,0,0,7,1,334;654;425;486;114;720;612
1,7138,7195,1,0,0,8,2,310;630;401;462;90;696;588;578
1,7170,7225,1,0,0,8,1,278;598;369;430;58;664;556;546
1,7170,7418,1,0,0,8,6,278;598;369;400;58;664;556;546
1,7426,7498,1,0,0,9,2,22;342;113;174;408;300;290;275;441
1,7393,7453,1,0,0,9,4,55;375;146;207;441;333;323;275;474
1,7465,7536,1,0,0,8,3,303;74;135;369;254;251;275;402
1,7447,7507,1,0,0,9,2,1;321;92;153;387;254;269;275;420
1,7333,7411,1,0,0,9,4,115;435;183;267;501;349;383;479;534
1,7315,7397,1,0,0,9,1,133;453;183;285;519;349;401;497;552
1,7375,7632,1,0,0,9,6,73;393;164;225;459;349;326;411;492
1,7350,7406,1,0,0,9,2,98;418;183;250;484;349;366;411;517
1,7535,7617,1,0,0,8,1,233;4;65;297;191;169;273;292
1,7524,7601,1,0,0,8,1,244;15;76;297;202;192;273;292
1,7593,7645,1,0,0,8,1,175;7;78;133;123;219;274;713
1,7573,7846,1,0,0,8,2,195;27;261;153;143;239;292;733
1,7472,7537,1,0,0,8,3,296;67;121;362;254;244;275;395
1,7472,7763,1,0,0,8,4,296;67;121;362;254;244;273;395
1,7512,7566,1,0,0,8,1,256;27;88;322;214;204;273;292
0,7502,7554,1,0,0,8,0,266;37;98;332;224;214;273;292
1,6159,6234,1,0,0,8,1,138;247;179;273;545;302;670;563
0,6201,6271,1,0,0,9,0,96;205;137;208;507;260;628;521;828
1,6002,6079,1,0,0,11,1,114;295;43;399;50;336;68;430;704;459;827
1,6144,6215,1,0,0,8,3,153;262;194;288;564;317;685;578
1,5931,6008,1,0,0,12,3,185;60;366;114;475;121;407;139;501;708;530;898
1,5955,6210,1,0,0,12,7,161;36;342;90;399;97;383;115;477;708;506;874
1,5723,5792,1,0,0,12,2,182;138;20;393;268;481;322;683;329;615;347;709
1,5890,6178,1,0,0,13,8,15;226;101;407;155;516;162;448;180;542;818;571;939
1,6410,6706,1,0,0,7,4,22;298;51;419;312;446;197
1,6438,6510,1,0,0,6,1,270;23;391;284;428;169
1,6343,6633,1,0,0,7,3,63;89;365;118;486;379;686
0,6406,6458,1,0,0,8,0,0;26;302;55;423;316;446;201
0,6299,6376,1,0,0,8,0,107;39;133;409;162;530;423;730
0,6329,6397,1,0,0,8,0,77;9;103;379;132;500;393;700
0,6217,6269,1,0,0,9,0,80;189;121;208;491;244;612;505;812
1,6239,6306,1,0,0,9,3,58;167;99;193;469;222;590;483;790
1,6631,6703,1,0,0,7,2,77;198;91;398;268;272;817
0,6626,6702,1,0,0,7,0,82;203;96;403;273;272;822
1,6606,6875,1,0,0,7,5,102;223;116;423;1;293;469
1,6550,6632,1,0,0,7,1,156;279;172;428;57;349;525
0,6535,6617,1,0,0,7,0,156;294;187;428;72;364;540
0,6527,6599,1,0,0,6,0,156;302;195;428;80;372
1,6473,6557,1,0,0,6,2,235;356;233;428;134;426
0,6442,6497,1,0,0,6,0,266;19;387;233;428;165
0,6877,6931,1,0,0,9,0,152;22;198;558;218;797;662;592;351
1,6866,6937,1,0,0,8,2,163;33;209;580;218;797;673;592
1,6861,7158,1,0,0,8,6,168;38;214;580;218;797;678;739
1,6811,7014,1,0,0,9,3,18;218;88;264;580;218;916;728;789
1,6810,6891,1,0,0,9,4,19;219;89;265;580;218;958;729;790
1,6710,6994,1,0,0,7,5,119;12;319;189;272;580;388
1,6692,6914,1,0,0,7,3,16;137;30;337;207;272;756
0,6634,6701,1,0,0,7,0,42;195;88;395;265;272;814
1,8761,8819,1,0,0,4,2,29;516;571;765
0,8702,8765,1,0,0,5,0,88;10;575;630;824
1,8942,9154,1,0,0,5,4,335;390;584;578;673
0,8875,8944,1,0,0,4,0,402;457;651;645
0,8998,9079,1,0,0,6,0,279;334;528;512;617;463
0,8976,9065,1,0,0,5,0,301;356;550;512;639
0,9056,9140,1,0,0,6,0,221;276;470;464;559;405
0,9040,9113,1,0,0,6,0,237;292;486;480;575;421
1,8400,8488,1,0,0,6,3,10;235;226;390;312;203
0,8357,8416,1,0,0,6,0,53;278;269;433;355;246
0,8503,8578,1,0,0,5,0,132;123;287;209;100
0,8425,8476,1,0,0,5,0,149;201;365;287;178
1,8594,8657,1,0,0,5,2,41;32;196;118;9
0,8592,8816,1,0,0,5,0,43;34;198;120;11
0,8634,8721,1,0,0,6,0,1;156;78;643;666;892
1,8611,8684,1,0,16,6,3,24;15;179;101;666;721
1,9277,9543,1,0,0,7,2,0;55;235;243;338;184;395
1,9287,9339,1,0,0,6,1,45;222;233;328;174;385
1,9292,9342,1,0,0,6,4,40;191;228;323;169;380
0,9313,9402,1,0,0,6,0,19;191;207;302;148;359
1,9362,9424,1,0,0,5,1,164;158;253;99;310
0,9459,9523,1,0,0,7,0,67;61;156;2;213;529;763
0,9461,9520,1,0,0,7,0,65;59;154;0;211;527;761
0,9474,9528,1,0,0,6,0,52;46;141;198;514;748
0,9072,9135,1,0,0,6,0,205;260;454;448;543;389
1,9086,9318,1,0,0,6,1,191;246;440;434;529;375
0,9133,9188,1,0,0,7,0,144;199;235;387;482;328;539
0,9135,9199,1,0,0,7,0,142;197;235;385;480;326;537
0,9205,9269,1,0,0,7,0,72;127;235;315;410;256;467
1,9224,9311,1,0,0,7,4,53;108;235;296;391;237;448
0,9239,9440,1,0,0,7,0,38;93;235;281;343;222;433
0,9240,9307,1,0,0,7,0,37;92;235;280;343;221;432
1,7808,7872,1,0,0,6,1,14;4;59;493;413;827
0,7804,7879,1,0,0,6,0,14;8;63;493;413;831
0,7770,7996,1,0,0,6,0,14;42;97;493;413;865
0,7761,7819,1,0,0,6,0,7;14;51;106;493;413
1,7877,7958,1,0,0,4,1,429;413;758;749
0,7851,7930,1,0,0,5,0,16;455;413;784;775
1,7829,8054,1,0,0,5,1,5;38;477;413;806
0,7826,7909,1,0,0,5,0,8;41;480;413;809
1,7653,7882,1,0,0,7,2,115;14;65;45;159;214;653
1,7644,7706,1,0,0,7,2,124;14;65;72;168;223;662
1,7643,7724,1,0,0,7,3,125;14;83;73;169;224;663
0,7612,7672,1,0,0,7,0,156;14;114;104;200;255;694
1,7745,8042,1,16,0,6,2,23;14;67;122;493;665
1,7689,7942,1,0,0,7,4,79;14;37;25;123;172;617
0,7682,7770,1,0,0,7,0,86;14;44;25;130;172;624
1,7668,7745,1,0,0,7,1,100;14;58;25;144;199;638
0,8223,8278,1,0,0,7,0,83;187;412;403;467;460;380
1,8235,8309,1,0,0,7,2,71;175;400;391;467;460;368
1,8212,8282,1,0,0,7,1,94;198;423;414;467;473;391
0,8215,8294,1,0,0,7,0,91;195;420;411;467;460;388
1,8323,8403,1,0,0,6,3,87;312;303;459;389;280
0,8350,8403,1,0,0,6,0,60;285;276;440;362;253
1,8251,8307,1,0,0,7,2,55;159;384;375;467;460;352
1,8301,8583,1,0,0,7,4,5;109;334;325;467;411;302
1,8075,8145,1,0,0,7,1,231;335;560;551;715;637;528
1,8174,8231,1,0,0,7,1,132;236;461;452;616;538;429
0,7969,8039,1,0,0,4,0,337;413;666;657
1,8038,8124,1,0,0,7,1,268;372;597;588;752;674;565
1,8184,8422,1,16,0,7,3,122;226;451;420;606;502;419
1,8200,8266,1,0,0,7,1,106;210;435;420;467;502;403
1,8176,8261,1,0,0,7,2,127;234;459;450;614;536;427
1,8182,8257,1,0,0,7,1,124;228;453;420;608;530;421
1,10511,10586,1,0,0,7,2,196;97;162;215;343;522;491
1,10453,10525,1,0,0,8,2,254;54;155;180;226;401;580;521
0,10575,10642,1,0,0,8,0,132;33;98;151;279;458;427;640
1,10547,10839,1,0,0,8,3,160;61;126;179;307;486;455;668
0,10379,10461,1,0,0,9,0,32;328;44;128;229;294;226;475;654
0,10369,10436,1,0,0,8,0,42;338;54;138;239;304;226;485
1,10441,10529,1,0,0,8,2,266;66;167;232;226;413;592;521
1,10424,10691,1,0,0,8,4,283;83;184;249;226;430;609;578
1,10285,10581,1,0,0,8,6,126;422;138;222;323;388;309;569
0,10261,10326,1,0,0,8,0,21;150;446;162;237;347;412;309
1,10323,10524,1,0,0,8,5,88;384;100;184;266;350;309;531
1,10300,10365,1,0,0,8,2,111;407;123;207;274;373;309;554
0,10184,10264,1,16,0,12,0,14;14;13;98;227;20;523;239;315;424;489;309
0,10168,10242,1,0,0,12,0,14;30;29;114;243;36;539;255;315;440;505;309
1,10252,10341,1,0,0,8,1,30;159;455;171;255;356;421;309
0,10237,10319,1,0,0,8,0,45;174;470;186;270;371;436;309
1,10979,11068,1,0,0,11,1,54;23;236;537;449;301;354;432;410;520;526
1,10986,11048,1,0,0,11,2,47;16;217;530;442;301;347;425;403;513;519
1,11029,11109,1,0,0,11,1,4;186;487;399;296;304;382;360;452;476;733
1,11031,11293,1,0,0,11,8,2;184;465;397;294;302;380;358;452;474;731
1,10759,10848,1,0,0,9,1,95;274;243;456;757;602;566;562;652
1,10847,10908,1,0,0,11,1,7;186;155;368;669;581;478;486;564;542;652
1,10912,10997,1,0,0,11,1,121;90;303;604;516;413;421;499;477;587;593
1,10969,11037,1,0,0,11,2,64;33;246;547;459;356;364;442;420;530;536
1,10671,10753,1,0,0,12,1,36;2;55;183;362;331;539;813;757;654;662;740
1,10678,10883,1,0,0,11,4,29;48;176;355;324;537;813;750;647;593;733
1,10705,10773,1,0,0,11,1,2;21;149;328;297;510;811;602;620;593;706
1,10757,10810,1,0,0,9,1,97;276;245;458;759;602;568;576;654
1,10581,10660,1,0,0,8,2,126;27;92;145;273;452;421;634
0,10601,10667,1,0,0,8,0,106;7;72;125;253;432;401;614
1,10649,10718,1,0,0,10,3,58;24;77;205;384;353;566;867;779;676
1,10652,10726,1,0,0,10,1,55;21;74;202;381;350;539;864;776;673
1,9842,9901,1,0,0,11,1,146;380;356;318;146;254;440;569;118;362;865
1,9827,10073,1,0,0,10,7,161;395;371;333;370;269;455;584;133;377
1,9773,9843,1,0,0,10,2,215;422;425;366;424;318;509;638;187;431
1,9769,9824,1,0,0,10,1,219;422;429;366;428;327;513;642;191;435
1,9763,9836,1,0,0,10,2,225;422;435;397;434;333;519;648;197;441
1,9752,9809,1,0,0,10,1,236;441;446;408;445;342;530;659;208;452
1,9749,9814,1,0,0,10,2,239;441;449;411;448;347;533;662;211;455
1,9742,9797,1,0,0,10,1,246;449;456;417;455;354;540;669;218;462
1,9727,9788,1,0,0,10,2,261;449;471;433;470;369;555;684;233;477
1,9696,9780,1,0,0,10,1,292;526;502;464;501;400;586;706;264;508
1,9665,9736,1,0,0,11,2,7;323;557;533;495;532;431;617;706;295;539
1,9655,9740,1,0,0,11,1,17;333;567;543;505;542;441;627;756;305;549
1,9583,9648,1,0,0,9,2,32;89;405;639;615;577;614;513;699
0,9576,9637,1,0,0,9,0,39;96;412;646;622;578;621;520;706
0,9552,9602,1,0,0,7,0,63;120;436;670;646;578;645
1,9541,9629,1,0,0,6,3,74;131;447;681;657;619
1,10154,10209,1,0,0,13,1,68;44;4;43;128;257;50;553;269;319;454;519;309
1,10158,10214,1,0,0,13,3,64;40;2;39;124;253;46;549;265;315;450;515;309
0,10142,10206,1,0,0,13,0,80;56;4;55;140;269;62;565;281;319;466;531;309
0,10148,10206,1,0,0,13,0,74;50;4;49;134;263;56;559;275;319;460;525;309
1,10127,10422,1,0,0,13,7,95;71;33;70;155;284;77;580;296;319;481;546;495
1,10131,10187,1,16,0,13,1,91;67;29;66;151;280;73;576;292;319;477;542;309
1,10120,10198,1,0,0,13,3,102;78;40;77;162;291;84;587;303;387;488;553;606
1,10124,10411,1,0,0,13,4,98;74;36;73;158;287;80;583;299;319;484;549;602
1,10062,10144,1,0,0,14,2,160;136;98;135;34;220;349;142;645;361;445;546;611;664
1,10100,10158,1,0,0,13,1,122;98;60;97;182;311;104;607;323;407;508;573;626
1,10003,10055,1,16,0,14,2,219;195;143;146;93;279;408;201;704;420;504;605;670;723
1,10010,10066,1,0,0,14,4,212;188;143;146;77;272;401;194;697;413;497;598;663;716
1,9915,9986,1,0,0,12,2,73;307;283;245;146;181;367;461;45;289;792;508
1,9936,10024,1,0,0,13,2,52;286;262;224;146;160;346;461;24;268;750;487;571
1,9866,9927,1,0,0,11,1,122;356;332;294;146;230;416;543;94;338;841
1,9905,9967,1,0,0,12,1,83;317;293;255;146;191;377;506;55;299;802;518
174
12962,13618,188.33,8
12863,13927,53.86,10
12811,13345,131.42,10
12792,13438,54.66,10
13279,13671,0.00,8
13198,14191,86.16,10
13135,13936,150.35,9
13095,14340,180.06,9
12001,12602,0.00,10
11995,13008,172.10,10
11954,12908,336.79,10
11886,12688,274.77,9
12615,13526,144.84,8
12560,13423,202.86,8
12219,12975,82.30,8
12023,12378,0.00,8
11167,11949,213.82,10
11284,12230,132.00,10
10910,11505,96.11,11
11026,11762,488.42,8
11398,11922,258.24,11
11867,12564,0.00,10
11293,12232,133.07,9
11321,12033,79.45,10
10615,11428,163.10,9
10635,11325,90.65,8
10529,11215,67.65,9
10608,11516,210.52,9
10760,11389,0.00,10
10837,11499,108.98,10
10657,11333,112.78,8
10662,11411,0.00,10
9918,10507,91.04,10
9889,10423,0.00,10
9965,10673,68.35,10
9949,10608,61.58,10
10268,10854,0.00,10
9989,10726,376.43,10
10406,11002,93.20,11
10375,11033,0.00,8
9546,10197,224.61,8
9536,10160,276.35,9
9574,10282,0.00,11
9567,10096,98.38,11
9606,9960,0.00,8
9595,10411,122.39,10
9840,10707,42.69,9
9612,10204,0.00,8
8634,9526,282.79,8
8852,9520,66.18,10
8924,9615,48.77,11
8998,9461,16.12,8
9087,9672,0.00,8
9398,9988,0.00,9
9446,10222,171.90,10
9477,10198,0.00,10
7736,8410,266.79,8
7767,8635,86.88,11
7847,8626,104.96,9
7980,8790,188.43,11
7986,8712,131.63,9
8038,8603,0.00,10
8605,9277,0.00,8
8611,9332,55.31,9
14004,14940,0.00,10
14045,14681,255.22,10
13825,14770,203.99,11
13838,14402,0.00,10
13919,14589,0.00,10
13926,14751,0.00,11
13382,14189,329.73,9
13429,14237,397.69,8
13597,14109,113.25,11
13729,14487,248.25,11
1583,2354,120.41,10
1696,2571,247.37,10
1287,1941,260.08,11
1291,1847,0.00,10
1919,2626,247.44,9
1967,2375,0.00,9
1889,2546,152.42,8
1915,2616,188.83,8
2057,2895,331.55,9
2123,2777,99.43,9
2007,2535,0.00,9
2047,2699,168.21,9
2365,3229,255.92,9
2377,3343,141.39,9
2344,3184,0.00,11
2357,3042,71.43,11
722,1473,298.57,10
587,1431,112.68,10
355,1006,282.97,9
345,1205,73.96,11
925,2027,122.50,9
846,1367,0.00,9
755,1448,0.00,11
748,1536,255.47,9
986,1810,446.04,9
980,2034,147.02,8
959,1820,185.61,11
927,1593,209.79,11
1264,1803,133.87,10
1074,1710,0.00,11
1051,1738,256.01,10
1017,1531,43.11,10
56,459,59.12,11
60,907,198.20,9
145,753,115.37,11
166,1004,66.99,9
6786,7768,170.88,9
6793,7539,186.20,11
6626,7448,207.61,8
6696,7098,170.29,8
6458,6899,0.00,8
6535,7075,197.70,11
6179,7029,283.38,8
6347,6607,0.00,8
7228,7867,145.46,11
7565,8306,140.99,10
7122,7716,137.70,10
7181,7812,206.80,9
7016,7834,386.53,10
7038,7726,178.18,8
6800,7600,293.56,9
6869,7228,68.85,11
5514,6406,113.51,9
5428,6045,69.95,11
5356,6297,205.74,11
5313,5991,0.00,8
5170,6116,216.61,11
5049,5467,0.00,9
5042,5743,0.00,11
5014,5861,90.89,11
6009,6722,51.41,9
5851,6829,0.00,9
5846,6461,0.00,11
5821,6708,248.87,11
5641,6432,65.95,9
5614,6070,0.00,8
5585,6338,66.76,9
5531,6052,0.00,8
4147,5171,71.13,11
4159,4921,194.41,11
4161,4692,0.00,11
4170,4919,49.35,11
3979,4797,171.48,8
4093,5143,213.44,11
4103,4504,31.86,9
4136,4566,60.20,8
4680,5556,313.96,11
4751,5481,35.99,11
4849,5191,152.25,10
4978,5905,88.66,11
4189,4752,0.00,11
4295,4871,83.65,8
4521,5305,95.27,10
4665,5474,175.05,11
2708,3522,148.12,11
2697,3702,73.93,8
2915,3569,146.81,10
2895,3174,0.00,10
2498,3316,218.19,11
2473,3046,83.00,8
2697,3363,0.00,9
2516,3312,67.03,8
3772,4365,142.73,11
3652,4567,0.00,11
3801,4442,0.00,8
3782,4144,136.30,10
3263,3874,372.89,8
3065,3455,0.00,11
3615,3845,0.00,8
3313,3928,144.61,11
