500
1,7637,7718,1,0,0,5,2,70;224;502;822;639
0,7646,7722,1,0,0,5,0,60;215;502;813;630
1,7720,7790,1,0,0,7,2,141;502;739;556;617;682;773
0,7770,7825,1,0,0,7,0,91;502;689;506;567;632;723
1,7823,7887,1,0,0,8,1,38;502;636;453;514;579;670;792
1,7854,7931,1,0,0,9,2,7;488;605;422;483;548;639;761;809
1,7896,7981,1,0,0,9,3,446;563;380;441;506;597;719;767;768
1,7916,8124,1,0,0,9,4,426;543;320;421;486;577;699;747;748
1,7939,8226,1,0,0,10,6,403;520;320;272;463;554;676;724;725;602
1,8005,8211,1,0,0,12,7,337;454;271;272;397;488;610;658;659;536;858;753
1,8014,8069,1,0,0,13,1,328;445;262;257;388;479;601;649;650;527;849;744;802
1,8109,8176,1,0,0,13,4,233;350;167;228;293;384;506;554;555;432;754;649;707
1,8158,8247,1,0,0,13,2,184;301;118;179;244;335;457;505;506;383;705;600;658
1,8159,8216,1,0,0,13,1,169;300;117;178;243;334;456;504;505;382;704;599;657
1,8174,8258,1,0,0,13,2,168;285;102;163;228;319;441;489;490;367;689;584;608
1,8184,8234,1,0,0,13,2,158;275;87;153;218;309;431;479;480;357;679;574;608
1,8190,8249,1,0,0,13,2,143;262;86;147;212;303;425;473;474;351;673;568;608
1,8188,8249,1,0,0,13,2,143;271;87;149;214;305;427;475;476;353;675;570;608
1,8259,8485,1,0,0,13,3,83;200;17;78;143;234;356;404;405;282;604;499;557
1,8210,8285,1,16,0,13,2,132;232;66;127;192;283;405;453;454;331;653;548;606
1,8421,8506,1,15,0,11,3,38;72;194;242;243;120;442;337;395;833;632
1,8272,8341,1,0,0,13,2,70;161;4;65;130;221;343;391;392;269;591;486;544
1,8484,8566,1,0,0,10,3,9;131;179;180;43;379;274;321;770;569
1,8431,8502,1,0,0,11,1,28;62;184;232;233;43;432;327;385;823;622
1,8522,8767,1,0,0,11,4,93;141;142;17;341;236;294;732;531;651;752
0,8496,8572,1,0,0,9,0,119;167;168;17;367;262;320;758;557
1,8613,8696,1,0,0,11,1,2;17;51;250;145;203;641;440;560;661;362
1,8541,8596,1,0,0,11,2,74;17;123;0;322;217;275;713;512;632;733
1,8637,8713,1,0,0,10,1,4;27;226;121;179;617;416;536;637;338
1,8619,8703,1,0,0,10,1,4;45;244;139;197;635;434;554;655;356
1,8652,8734,1,0,0,10,1,4;12;211;106;154;602;401;491;622;323
1,8648,8713,1,0,0,10,2,4;16;215;110;168;606;405;491;626;327
1,6688,6901,1,0,0,8,4,32;150;601;155;571;824;652;653
1,6760,6818,1,0,0,8,1,78;529;83;499;752;580;581;947
1,6670,6759,1,0,0,9,3,68;0;168;619;173;589;842;670;671
0,6674,6730,1,0,0,8,0,32;164;615;169;585;838;666;667
1,6866,6945,1,0,0,6,1,335;393;646;474;475;841
1,6893,7155,1,0,0,6,6,331;366;619;447;448;814
0,6789,6842,1,0,0,8,0,49;500;54;470;723;551;552;918
1,6859,7128,1,0,0,6,6,430;400;653;481;482;848
1,7036,7119,1,0,0,6,3,253;223;476;304;305;671
0,7038,7101,1,0,0,6,0,216;221;474;302;303;669
1,6900,6976,1,0,0,6,1,292;359;612;440;441;807
0,6906,6978,1,0,0,6,0,292;353;606;371;435;801
1,7134,7184,1,0,0,6,1,78;108;378;206;207;573
1,7148,7406,1,0,0,6,3,78;89;364;192;193;559
1,7058,7302,1,0,0,6,5,216;201;454;282;283;649
1,7085,7160,1,0,0,6,1,78;174;427;255;256;622
0,7267,7321,1,0,0,6,0,22;124;73;74;440;594
1,7262,7342,1,0,0,6,2,27;124;78;79;445;599
1,7198,7494,1,0,0,6,2,78;61;124;142;143;509
0,7165,7236,1,0,0,6,0,78;89;124;175;176;542
0,7384,7446,1,0,0,3,0,119;137;477
1,7359,7432,1,0,0,3,1,124;137;502
1,7356,7584,1,0,0,3,1,124;351;505
0,7297,7371,1,0,0,5,0,124;43;44;410;564
0,7438,7523,1,0,0,3,0,62;137;301
0,7429,7483,1,0,0,3,0,62;137;301
1,7426,7634,1,0,0,3,1,62;137;435
1,7407,7484,1,0,0,3,1,105;137;454
1,7618,7850,1,0,0,4,2,89;243;724;841
1,7493,7574,1,0,0,4,1,19;137;301;849
0,7470,7533,1,0,0,4,0,42;137;301;872
0,7449,7527,1,0,0,4,0,62;137;301;893
1,5709,5773,1,0,0,6,1,23;246;304;568;376;773
0,5713,5775,1,0,0,6,0,23;246;284;564;372;769
1,5717,5767,1,0,0,6,1,23;246;284;560;368;765
0,5759,5830,1,0,0,7,0,15;246;275;518;326;723;789
1,5539,5806,1,0,0,8,2,85;131;0;235;567;516;738;546
0,5568,5655,1,0,0,7,0,85;102;23;538;487;709;517
1,5695,5943,1,0,0,6,5,23;411;360;582;390;787
1,5697,5781,1,0,0,6,1,23;246;358;580;388;785
0,5984,6066,1,0,0,10,0,122;71;293;101;498;564;458;762;594;631
1,6029,6105,1,0,0,12,1,77;26;248;56;453;519;413;717;549;586;580;575
1,6147,6389,1,0,0,11,9,130;335;401;295;599;431;468;462;457;523;494
1,6149,6232,1,0,0,11,4,46;333;399;293;597;429;466;460;455;521;492
0,5820,5897,1,0,0,7,0,246;235;457;265;662;728;622
1,5824,5893,1,0,0,7,3,246;231;453;261;658;724;618
1,5920,5996,1,0,0,7,2,186;135;357;165;562;628;522
0,5946,6019,1,0,0,7,0,160;106;331;139;536;602;496
1,6355,6435,1,0,0,11,1,127;168;87;391;223;260;254;249;315;286;483
1,6323,6407,1,0,0,11,3,152;225;119;423;255;292;286;281;347;318;515
1,6392,6474,1,0,0,13,1,90;156;50;354;186;223;217;212;278;249;446;897;451
1,6361,6421,1,0,0,11,3,121;168;81;385;217;254;239;243;309;280;477
1,6229,6282,1,0,0,12,2,46;253;319;213;517;349;386;380;375;441;412;609
1,6188,6244,1,0,0,11,1,46;256;360;254;558;390;427;421;416;482;453
1,6306,6373,1,0,0,11,2,176;242;136;440;272;309;303;298;364;335;532
1,6238,6321,1,0,0,12,1,39;216;310;204;508;340;377;371;366;432;403;600
1,6492,6560,1,0,0,12,4,56;69;86;123;117;112;178;149;346;797;351;767
1,6487,6774,1,0,0,12,7,61;259;91;128;122;117;183;154;351;802;356;772
1,6627,6696,1,0,0,7,3,69;43;14;211;662;216;632
1,6565,6641,1,0,0,11,1,69;13;50;44;39;105;76;273;724;278;694
1,6415,6486,1,0,0,13,2,67;133;27;331;163;200;194;189;255;226;423;874;428
0,6414,6493,1,0,0,13,0,68;134;28;332;164;201;195;190;256;227;424;875;429
1,6436,6510,1,0,0,13,1,30;112;6;310;142;179;173;168;234;205;402;853;407
1,6417,6500,1,0,0,13,4,30;131;25;329;161;198;192;187;253;224;421;872;426
1,4907,5197,1,0,0,4,2,49;196;756;458
1,4908,5128,1,0,0,4,2,49;57;756;457
1,4850,5129,1,0,0,4,2,91;46;9;253
1,4862,5160,1,0,0,5,1,49;34;9;241;816
1,4832,4884,1,0,0,5,1,91;64;13;10;271
0,4835,4887,1,16,0,5,0,91;61;9;7;268
0,4786,4836,1,0,0,5,0,91;69;13;56;317
0,4802,4869,1,0,0,5,0,91;69;13;40;301
1,5099,5389,1,0,0,6,4,4;579;266;571;440;675
0,5114,5199,1,0,0,5,0,379;251;556;425;660
1,5044,5247,1,0,0,5,3,36;634;321;626;495
1,5078,5160,1,0,0,6,1,23;600;287;592;461;696
0,4964,5028,1,0,0,4,0,47;36;714;401
0,5005,5066,1,0,0,6,0,6;36;673;360;665;534
0,4938,5008,1,0,0,4,0,49;40;740;427
1,4944,5186,1,0,0,4,2,49;40;734;421
1,5285,5363,1,0,0,5,1,379;80;260;254;489
0,5279,5333,1,0,0,5,0,379;86;260;260;495
0,5269,5326,1,0,0,5,0,379;96;260;270;505
0,5227,5277,1,0,0,5,0,379;138;260;312;547
1,5181,5264,1,0,0,5,1,379;184;264;358;593
0,5181,5256,1,0,0,5,0,379;184;260;358;593
1,5168,5427,1,0,0,5,3,379;197;502;371;606
0,5165,5228,1,0,0,5,0,379;200;505;374;609
1,5474,5555,1,0,0,7,2,85;196;65;300;632;581;803
0,5474,5525,1,0,0,7,0,85;189;65;300;632;581;803
1,5422,5495,1,0,0,6,1,85;248;117;352;684;633
0,5398,5469,1,0,0,6,0,85;260;141;376;708;657
1,5375,5456,1,0,0,5,1,111;260;164;399;731
1,5343,5415,1,0,0,6,2,111;22;260;196;431;763
1,5341,5624,1,0,0,6,5,322;24;260;198;433;765
1,5318,5586,1,0,0,6,2,360;47;260;221;435;788
1,11710,11786,1,0,0,12,1,70;511;392;502;426;582;342;706;351;750;457;588
1,11708,11781,1,0,0,12,1,70;513;400;504;428;584;344;708;353;752;459;590
1,11721,11932,1,0,0,12,8,70;500;387;474;415;571;331;695;340;739;446;577
1,11711,11799,1,0,0,12,2,70;510;392;488;425;581;341;705;350;749;456;587
1,11785,11842,1,0,0,12,2,13;299;323;425;351;507;267;631;276;675;382;513
1,11775,11862,1,0,0,12,2,23;299;333;437;361;517;277;641;286;685;392;523
1,11791,11855,1,0,0,12,1,7;299;317;415;344;501;261;625;270;669;376;507
1,11788,11862,1,0,0,12,1,10;299;320;424;344;504;264;628;273;672;379;510
1,11558,11610,1,0,0,8,3,240;663;125;416;654;578;734;494
0,11536,11615,1,0,0,7,0,257;685;147;416;676;600;756
1,11627,11716,1,0,0,12,1,171;594;56;416;565;509;665;425;789;434;833;540
1,11606,11695,1,0,0,12,2,192;615;77;416;606;530;686;446;810;455;854;561
1,11644,11732,1,0,0,13,2,122;577;39;411;565;492;648;408;772;417;816;523;654
1,11628,11704,1,0,0,12,2,170;593;55;411;565;508;664;424;788;433;832;539
1,11707,11793,1,0,0,12,3,76;514;401;505;429;585;345;709;354;753;460;591
1,11696,11777,1,0,0,12,3,102;525;411;516;440;596;356;720;365;764;471;602
1,12071,12136,1,0,0,15,1,150;37;141;58;221;345;389;96;227;378;725;661;429;1063;432
1,12094,12330,1,0,0,15,10,127;14;118;42;198;322;366;73;204;355;702;638;406;1036;409
1,12112,12192,1,0,0,14,4,1;100;24;180;304;348;55;186;337;684;620;388;1022;391
1,12126,12185,1,0,0,14,1,1;86;5;166;290;334;41;172;323;670;606;374;1008;377
1,12150,12370,1,0,0,14,7,1;62;142;266;309;17;148;299;646;582;350;984;353;1077
1,12184,12461,1,0,0,13,9,1;28;108;52;276;114;265;612;548;316;950;319;1043
0,12277,12357,1,0,0,11,0,15;52;183;21;172;519;455;223;857;226;950
1,12295,12378,1,0,0,10,2,52;165;3;154;501;437;205;839;208;932
1,11841,11911,1,0,0,12,2,299;267;371;295;451;211;575;220;619;326;457;608
1,11852,11914,1,0,0,12,2,299;256;360;284;430;200;564;209;608;315;446;597
1,11904,11969,1,0,0,13,1,299;204;308;232;388;148;512;157;556;263;394;545;892
1,11910,12175,1,0,0,13,11,299;184;302;226;382;142;506;151;550;257;388;539;886
1,11921,12137,1,0,0,13,6,201;184;291;215;371;131;495;140;539;246;377;528;875
1,11949,12026,1,0,0,13,4,201;159;263;58;343;103;467;112;511;218;349;500;847
1,12012,12073,1,0,0,15,1,161;96;200;58;280;40;404;49;448;155;286;437;784;720;488
1,12035,12101,1,0,0,16,3,161;73;177;58;257;17;377;26;425;132;263;414;761;697;465;1099
1,10845,10904,1,0,0,13,3,300;455;40;225;487;588;482;507;252;377;545;953;234
1,10819,10890,1,0,0,14,3,300;24;481;66;251;513;614;508;533;278;403;571;979;260
1,10799,11052,1,0,0,14,7,426;16;44;501;86;271;533;634;528;553;298;423;591;999
1,10675,10752,1,0,0,9,1,550;140;95;168;625;210;395;657;758
1,10950,11026,1,0,0,13,4,275;350;120;382;483;377;402;109;230;440;848;129;575
1,10913,10998,1,0,0,13,2,300;387;157;419;520;409;439;184;309;477;885;166;612
1,10913,10994,1,0,0,13,2,300;387;157;419;520;409;439;184;230;477;885;166;612
1,10870,10922,1,0,0,13,1,300;430;15;200;462;563;457;462;227;352;520;928;209
1,10524,10724,1,0,0,12,6,50;676;284;78;71;14;247;319;776;361;546;808
1,10515,10732,1,0,0,13,7,59;5;710;284;87;80;23;256;328;785;370;555;817
1,10492,10550,1,16,0,12,1,73;28;733;323;110;103;46;279;351;808;393;578
1,10488,10563,1,0,0,12,1,86;32;737;327;114;107;50;283;355;812;397;582
1,10659,10720,1,0,0,9,1,566;156;95;184;641;226;411;673;774
1,10657,10715,1,0,0,9,1,568;158;114;186;643;228;413;675;776
1,10531,10592,1,0,0,12,1,43;675;284;71;64;7;186;312;769;354;539;801
1,10526,10605,1,0,0,12,1,48;675;284;76;69;12;245;317;774;359;544;806
1,11302,11590,1,0,0,9,7,30;131;25;50;88;496;223;919;381
0,11323,11384,1,0,0,9,0,9;110;4;29;67;475;202;898;360
1,11238,11317,1,15,0,9,5,43;94;195;89;114;152;560;287;983
1,11276,11511,1,0,0,10,5,24;56;157;51;76;114;522;249;945;407
1,11507,11727,1,0,0,5,1,291;18;714;176;601
1,11528,11581,1,0,0,6,1,270;693;155;416;684;608
1,11455,11525,1,0,0,4,1,343;70;766;228
1,11462,11539,1,0,0,4,1,293;63;759;221
1,11052,11123,1,0,0,13,1,173;248;18;280;381;275;300;45;170;338;746;27;473
1,11065,11138,1,0,0,13,2,160;235;5;267;368;253;287;32;157;325;733;14;460
1,10978,11034,1,0,0,13,2,247;322;92;354;455;349;374;109;230;412;820;101;547
1,10984,11265,1,0,0,13,7,241;316;86;344;449;343;368;109;230;406;814;95;541
1,11198,11271,1,0,0,11,3,27;47;134;235;129;154;24;192;600;327;1023
1,11209,11296,1,0,0,11,2,16;47;113;224;118;143;13;181;589;316;1012
1,11083,11306,1,0,0,11,6,142;217;249;350;244;269;14;139;307;715;442
1,11158,11229,1,0,0,11,1,67;47;174;275;169;194;64;232;640;367;1063
1,9993,10067,1,0,0,10,1,51;43;378;437;581;237;527;1232;822;609
1,9986,10054,1,0,0,10,1,58;50;385;444;588;269;534;1239;829;616
1,10062,10144,1,0,0,10,4,309;368;512;193;458;1163;753;540;425;533
1,10003,10061,1,0,0,11,2,41;33;368;427;571;237;517;1222;812;599;484
1,9927,10005,1,0,0,9,1,6;55;117;109;444;503;647;328;593
0,9924,9996,1,0,0,9,0,9;58;120;112;447;506;650;331;596
1,9963,10037,1,0,0,10,1,19;81;73;408;467;611;273;557;1262;852
1,9939,9992,1,0,0,9,1,43;105;97;432;491;635;273;581;1286
1,9849,10124,1,0,0,8,4,50;133;195;187;522;581;725;406
1,9813,9884,1,0,0,8,2,50;169;231;223;558;617;761;442
1,9876,9947,1,0,0,9,1,33;106;168;160;495;554;698;379;644
1,9852,9927,1,0,0,8,3,50;130;192;184;496;578;722;403
1,9751,9811,1,0,0,9,1,50;231;2;293;285;620;679;823;504
0,9701,9772,1,0,0,9,0,50;240;52;343;298;670;729;873;554
0,9792,9852,1,0,0,8,0,50;190;252;244;565;638;782;463
1,9754,9834,1,0,0,8,1,50;228;290;282;565;676;820;501
0,10384,10437,1,0,0,13,0,36;190;136;787;431;218;103;211;122;387;459;916;501
1,10387,10460,1,15,0,13,3,36;187;133;787;428;215;100;208;122;384;456;913;498
1,10391,10457,1,0,0,13,3,5;183;129;787;424;211;96;204;122;380;452;909;494
1,10432,10491,1,0,0,13,2,142;88;787;383;170;55;163;106;339;411;868;453;638
0,10313,10379,1,0,0,12,0,11;36;261;157;912;502;289;174;282;225;458;530
1,10356,10425,1,0,0,13,1,11;36;218;157;869;459;246;131;239;182;415;487;944
1,10361,10418,1,0,0,13,3,10;36;213;157;864;454;241;126;234;122;410;482;939
1,10379,10605,1,0,0,13,7,36;195;141;846;436;223;108;216;122;392;464;921;506
1,10202,10270,1,16,0,11,1,11;54;372;53;318;1023;613;400;285;393;336
0,10280,10343,1,0,0,10,0,11;54;294;240;945;535;322;207;315;258
1,10283,10563,1,0,0,10,8,11;54;291;237;942;532;319;204;312;255
1,10295,10382,1,0,0,10,2,11;36;279;225;930;520;307;192;300;243
1,10070,10133,1,0,0,10,1,301;360;451;185;450;1155;745;532;417;525
1,10100,10172,1,0,0,10,1,271;330;451;155;420;1107;715;502;387;495
1,10118,10363,1,0,0,10,4,253;312;451;137;402;1088;697;484;369;477
1,10199,10417,1,0,0,11,8,11;231;375;56;321;1026;616;403;288;396;339
1,9229,9526,1,0,0,11,7,13;15;319;175;260;399;704;303;753;524;815
1,9181,9243,1,0,0,10,1,73;15;367;223;308;447;752;351;801;572
1,9091,9368,1,0,0,9,6,155;82;183;457;313;367;537;842;441
1,9075,9137,1,0,0,9,2,155;98;199;473;329;414;553;858;457
1,8995,9280,1,0,0,8,4,155;45;178;279;553;409;494;633
0,8964,9038,1,0,0,9,0,155;45;209;310;11;584;440;525;664
1,8950,9242,1,16,0,9,6,155;60;223;324;25;598;454;539;678
1,8944,9007,1,0,0,9,2,155;109;229;330;31;604;460;545;684
1,8883,8948,1,0,0,8,2,155;170;250;391;92;665;521;606
1,8857,8934,1,0,0,9,2,6;155;196;315;417;118;691;547;632
1,8853,9121,1,0,0,9,6,10;401;200;315;421;122;695;551;636
1,8809,8864,1,0,0,9,1,54;7;445;244;315;465;166;739;595
1,8789,8872,1,0,0,9,2,74;27;465;264;384;485;186;743;615
1,8756,8815,1,0,0,9,1,107;2;60;498;297;417;518;217;792
1,8727,8998,1,0,0,9,5,136;31;89;527;326;446;547;217;821
1,8723,8779,1,0,0,9,1,140;35;93;531;330;450;551;252;825
1,9683,9742,1,0,0,9,1,50;268;70;361;353;688;747;891;572
1,9695,9771,1,0,0,9,2,50;268;58;349;298;676;735;879;560
1,9665,9915,1,0,0,9,6,268;317;88;379;371;706;765;909;590
1,9668,9752,1,0,0,9,2,50;314;85;376;368;703;762;906;587
1,9579,9659,1,0,0,8,2,49;354;403;174;465;457;792;851
1,9579,9650,1,0,0,8,1,49;354;403;113;465;457;792;851
1,9499,9574,1,0,0,9,1,19;129;434;33;483;254;545;537;872
1,9533,9822,1,0,0,9,5,15;95;400;449;220;511;470;838;897
1,9439,9524,1,0,0,9,3,34;44;189;494;93;543;314;605;597
1,9495,9773,1,0,0,8,6,34;133;438;37;487;258;549;541
1,9372,9430,1,0,0,10,1,34;32;117;256;561;160;610;381;672;664
1,9414,9684,1,0,0,9,5,34;75;214;519;118;568;339;630;622
1,9302,9384,1,0,0,10,3,65;102;187;326;631;230;680;451;742;734
1,9337,9402,1,0,0,10,2,65;67;152;291;596;195;645;416;707;699
1,9274,9565,1,0,0,11,8,0;274;130;215;354;659;258;708;479;770;762
1,9295,9540,1,0,0,10,6,157;109;194;333;638;237;687;458;749;741
0,14493,14554,1,0,0,9,0,23;358;345;338;207;860;494;438;351
0,14511,14574,1,0,0,9,0,23;340;327;320;189;842;476;420;333
1,14511,14790,1,0,0,9,4,23;340;327;320;189;842;476;420;333
0,14524,14585,1,0,0,9,0,23;325;314;307;176;829;463;407;320
1,14555,14617,1,0,0,10,2,23;296;283;276;145;798;432;376;289;610
0,14697,14751,1,0,0,11,0,154;141;134;3;656;290;234;147;468;807;205
1,14719,14922,1,0,0,10,2,132;119;112;634;268;212;125;446;785;183
1,14837,14924,1,0,0,9,3,14;1;516;150;94;7;328;667;65
0,14890,14941,1,0,0,6,0,463;79;41;275;614;12
0,14906,14956,1,0,0,5,0,447;79;25;259;598
0,14941,15004,1,0,0,4,0,412;46;224;563
0,14942,14995,1,0,0,4,0,411;45;223;562
0,14948,15003,1,0,0,4,0,405;39;217;556
0,14949,15031,1,0,0,4,0,404;38;216;555
0,14967,15030,1,0,0,4,0,386;20;198;537
0,14995,15060,1,0,0,3,0,358;170;509
1,14281,14367,1,0,0,6,3,117;272;570;557;550;419
1,14258,14342,1,0,0,8,3,140;12;272;4;593;580;573;442
0,14256,14310,1,0,0,9,0,142;1;14;272;6;595;582;575;444
1,14251,14491,1,0,0,9,3,147;6;19;375;11;600;587;580;449
1,14237,14304,1,0,0,10,3,7;161;20;33;389;25;614;601;594;463
0,14210,14274,1,0,0,10,0,34;188;47;60;416;52;641;628;621;490
1,14096,14168,1,0,0,13,4,113;109;148;21;277;161;174;530;166;755;742;735;604
1,14073,14150,1,0,0,13,5,136;132;171;44;325;184;197;553;189;778;765;758;627
1,14440,14655,1,0,0,9,4,23;411;398;391;260;913;547;491;404
1,14411,14616,1,0,0,6,3,215;440;427;420;289;942
1,14339,14416,1,0,0,6,1,59;271;512;499;492;361
0,14334,14419,1,0,0,6,0,59;271;517;504;497;366
0,14332,14409,1,0,0,6,0,59;271;519;506;499;368
1,14314,14372,1,0,0,6,1,59;272;537;524;517;386
1,14313,14363,1,0,0,6,3,63;272;538;525;518;387
0,14292,14369,1,0,0,6,0,63;272;559;546;539;408
1,13698,13754,1,0,0,11,1,33;157;329;511;507;546;419;700;559;572;347
1,13704,13763,1,0,0,11,3,12;157;323;505;501;540;413;694;553;566;341
1,13590,13791,1,0,0,11,4,87;141;294;435;619;615;654;527;808;667;680
1,13636,13693,1,0,0,12,1,41;95;157;391;573;569;608;481;762;621;634;409
1,13554,13620,1,0,0,9,1,123;177;330;442;655;651;690;563;844
1,13559,13630,1,0,0,9,2,118;172;325;442;650;646;666;558;839
1,13400,13450,1,0,0,5,1,277;331;484;627;809
1,13535,13622,1,0,0,9,2,142;196;349;492;674;670;709;582;863
1,13942,14240,1,0,0,11,10,85;267;263;302;175;456;315;328;103;684;320
1,14020,14103,1,0,0,14,1,7;189;185;224;97;378;237;250;25;606;242;831;818;811
1,13823,13876,1,0,0,11,1,21;204;386;361;421;294;575;434;447;222;803
1,13862,13913,1,0,0,11,1,21;165;347;343;382;255;536;395;408;183;764
1,13767,13828,1,0,0,10,2,21;260;442;438;477;350;631;490;503;278
1,13799,13874,1,0,0,11,1,21;228;410;406;445;318;599;458;471;246;827
1,13707,13762,1,0,0,11,1,12;156;320;502;498;537;410;691;550;563;338
1,13720,14011,1,0,0,11,10,11;156;305;489;485;524;397;678;537;550;325
0,12867,12932,1,0,0,5,0,214;360;132;810;864
1,12808,12875,1,0,0,5,1,245;419;191;869;923
0,12949,13017,1,0,0,5,0,185;278;50;728;782
0,12926,12994,1,0,0,5,0,208;301;73;751;805
1,12713,12988,1,0,0,6,4,60;19;245;514;286;964
1,12698,12974,1,0,0,6,3,60;34;391;529;301;979
0,12755,12827,1,0,0,5,0,41;245;472;244;922
1,12716,12796,1,0,0,6,1,45;16;245;511;283;961
0,13294,13382,1,0,0,5,0,383;419;590;99;733
1,13253,13472,1,0,0,4,3,424;420;631;140
1,13330,13616,1,0,0,6,4,334;401;554;63;697;879
1,13313,13401,1,0,0,6,1,364;418;571;80;714;896
1,13172,13392,1,0,0,4,2,55;505;559;712
1,13151,13221,1,0,0,4,1,76;526;580;733
1,13208,13269,1,0,0,4,1,19;469;420;676
0,13200,13277,1,0,0,4,0,27;477;420;684
0,12410,12474,1,0,0,10,0,6;50;39;352;322;90;724;93;817;589
0,12415,12472,1,0,0,10,0,1;45;34;352;317;85;719;88;812;584
0,12416,12471,1,0,0,10,0,0;44;33;352;316;84;718;87;811;583
1,12421,12483,1,0,0,9,1,39;28;352;311;79;713;82;806;578
1,12341,12423,1,0,0,9,1,52;119;108;455;391;159;793;162;886
1,12364,12452,1,0,0,9,2,52;96;85;432;368;136;736;139;863
1,12376,12430,1,0,0,9,1,40;72;73;420;356;124;736;127;851
1,12403,12470,1,0,0,10,2,10;57;46;393;329;97;731;100;824;596
0,12599,12679,1,0,0,5,0,197;133;535;628;400
1,12645,12724,1,0,0,5,1,151;87;489;582;354
1,12650,12909,1,0,0,5,3,93;82;484;577;349
1,12661,12949,1,0,0,5,3,93;71;391;566;338
0,12457,12534,1,0,0,8,0,3;329;275;43;677;46;770;542
1,12474,12536,1,0,0,7,1,322;258;26;660;29;753;525
1,12512,12576,1,0,0,5,1,284;220;608;715;487
1,12551,12614,1,0,0,5,1,223;181;583;676;448
1,115,393,1,0,0,3,3,767;424;791
0,10,277,1,0,0,0,0,
0,202,253,1,0,0,3,0,554;230;704
1,153,369,1,0,0,3,2,554;386;753
1,844,925,1,0,0,11,2,38;62;370;382;289;353;413;594;844;858;837
1,815,1047,1,0,0,11,7,67;81;399;411;318;382;442;623;873;887;866
1,751,825,1,0,0,9,1,131;81;463;472;382;446;506;687;937
1,717,947,1,0,0,9,4,165;81;497;485;416;480;540;721;971
1,668,740,1,0,0,8,1,177;81;546;487;465;529;544;770
1,667,751,1,0,0,8,1,177;81;547;487;466;530;544;771
1,665,717,1,0,0,8,1,177;81;549;487;468;532;592;773
1,653,899,1,16,0,7,2,179;81;561;487;480;544;604
0,1037,1118,1,0,0,12,0,90;189;96;160;65;401;651;665;644;639;456;1088
1,1010,1239,1,0,0,12,7,90;216;123;187;247;428;678;692;671;666;483;1115
0,977,1040,1,0,0,11,0,90;228;156;220;267;461;711;725;704;699;516
1,951,1027,1,0,0,11,1,90;228;182;246;306;487;737;751;730;725;542
1,946,1002,1,0,0,11,1,90;255;187;251;311;492;742;756;735;730;547
1,916,1179,1,0,0,10,6,90;310;217;281;341;522;772;786;765;760
1,912,1152,1,0,0,9,8,302;314;221;285;345;526;776;790;769
0,879,959,1,0,0,11,0,3;27;335;347;254;318;378;559;809;823;802
1,430,687,1,0,0,6,3,452;109;470;784;796;703
1,450,520,1,0,0,7,1,208;89;456;764;776;683;747
1,335,395,1,0,0,5,1,536;204;547;879;891
1,389,459,1,0,0,5,1,493;150;517;825;837
1,266,336,1,0,0,4,1,536;230;595;948
0,316,366,1,0,0,4,0,536;223;547;898
1,233,520,1,0,0,3,1,554;230;673
1,263,475,1,0,0,4,2,554;230;595;951
1,642,926,1,0,0,7,3,179;81;572;503;491;555;615
0,642,718,1,0,0,7,0,179;81;572;487;491;555;615
1,586,843,1,0,0,7,3,179;320;628;503;547;611;671
1,590,663,1,0,0,7,2,179;92;624;503;543;607;667
1,502,756,1,0,0,7,3,179;37;404;712;724;631;695
1,541,592,1,0,0,6,1,179;365;673;503;592;656
1,460,717,1,0,0,7,3,208;79;442;754;766;673;737
0,479,531,1,0,0,7,0,179;60;427;735;747;654;718
1,3784,3992,1,0,0,3,2,510;344;483
0,3790,3846,1,0,0,3,0,504;338;477
1,3856,3930,1,0,0,7,1,438;272;411;671;491;1155;600
1,3888,4172,1,0,0,7,7,402;240;379;639;459;1123;568
1,3712,3783,1,0,0,3,1,555;416;555
0,3730,3789,1,0,0,3,0,549;398;537
1,3750,3807,1,0,0,3,1,544;378;517
0,3752,3829,1,0,0,3,0,525;376;515
0,3536,3606,1,0,0,3,0,141;10;758
0,3545,3597,1,0,0,3,0,132;10;749
1,3577,3838,1,0,0,3,1,100;10;717
0,3622,3689,1,0,0,3,0,55;10;555
0,3464,3528,1,0,0,5,0,6;23;213;171;830
1,3467,3672,1,0,0,5,1,3;23;210;168;827
0,3494,3571,1,0,0,4,0,7;183;10;800
0,3531,3583,1,0,0,3,0,146;10;763
0,3436,3500,1,0,0,5,0,34;23;241;199;858
1,3417,3488,1,0,0,5,1,53;68;260;218;877
0,3458,3543,1,0,0,5,0,12;23;219;177;836
0,3457,3539,1,0,0,5,0,13;23;220;178;837
1,3300,3578,1,0,0,4,2,170;157;377;335
0,3170,3246,1,0,0,3,0,300;157;507
1,3403,3668,1,0,0,5,4,67;98;274;232;891
1,3342,3579,1,0,0,5,2,128;156;335;293;952
1,3081,3141,1,0,0,3,1,363;286;596
1,3076,3288,1,0,0,3,1,363;425;601
1,3142,3354,1,0,0,3,1,328;286;535
1,3129,3215,1,0,0,3,1,341;286;548
0,3045,3108,1,0,0,3,0,363;456;632
0,3044,3104,1,0,0,3,0,363;457;633
0,3071,3152,1,0,0,3,0,363;430;606
0,3058,3110,1,0,0,3,0,363;443;619
1,4772,4855,1,0,0,5,1,91;74;13;62;331
0,4781,4869,1,0,0,5,0,91;69;13;61;322
1,4755,4821,1,0,0,5,1,91;141;13;85;348
1,4756,4839,1,0,0,5,1,91;140;13;62;347
0,4695,4749,1,0,0,4,0,91;201;13;85
1,4712,4778,1,0,0,5,1,91;184;13;85;391
1,4676,4920,1,0,0,4,1,91;220;201;166
1,4692,4935,1,0,0,4,1,91;204;13;150
1,4632,4925,1,0,0,5,3,347;39;264;245;210
1,4654,4927,1,0,0,5,1,91;17;242;223;188
1,4590,4652,1,0,0,5,2,421;81;306;287;252
1,4604,4672,1,0,0,5,1,407;61;292;273;238
1,4552,4615,1,0,0,6,1,459;4;113;344;325;290
0,4557,4619,1,0,0,6,0,454;4;113;339;320;285
1,4533,4586,1,0,0,6,1,478;46;138;363;344;309
1,4542,4631,1,0,0,6,3,469;4;129;354;335;300
1,4513,4574,1,0,0,7,2,14;498;66;158;383;364;329
1,4491,4725,1,0,0,7,5,36;520;88;180;405;386;351
1,4491,4568,1,0,0,7,2,36;499;88;180;405;386;351
1,4407,4489,1,0,0,8,1,67;604;49;172;264;489;470;435
1,4375,4461,1,0,0,8,2,81;636;81;204;296;521;502;467
1,4240,4482,1,0,0,11,5,29;27;287;107;771;216;316;431;656;637;602
1,4229,4284,1,0,0,11,1,29;38;298;118;782;227;350;442;667;648;613
1,4221,4293,1,0,0,11,2,73;46;306;126;790;235;358;450;675;656;621
1,4210,4288,1,0,0,11,2,84;57;317;137;801;246;361;459;686;667;632
1,4154,4233,1,0,0,9,1,131;113;373;193;857;302;425;459;742
1,4130,4216,1,0,0,9,1,131;137;397;217;881;326;449;541;766
1,4121,4173,1,0,0,10,1,133;7;146;406;226;890;335;458;550;775
0,4017,4076,1,0,0,10,0,133;16;250;510;330;994;439;562;654;879
1,3991,4230,1,0,0,9,5,133;137;276;536;356;1020;465;588;680
0,3984,4047,1,0,0,9,0,133;144;283;543;363;1027;472;595;687
1,3894,4181,1,0,0,7,6,155;234;373;633;453;1117;562
1,1809,2027,1,0,0,8,6,293;460;529;354;992;567;730;514
0,1834,1899,1,0,0,10,0,266;435;504;329;967;542;705;489;628;243
1,1836,1901,1,0,0,10,2,266;433;502;327;965;540;703;487;626;241
0,1837,1909,1,0,0,10,0,266;432;501;310;964;539;702;486;625;240
0,1883,1943,1,0,0,11,0,242;386;455;280;918;493;656;440;579;194;793
0,1885,1949,1,0,0,11,0,240;384;453;278;916;491;654;438;577;192;791
1,1888,1954,1,0,0,11,2,237;381;450;275;913;488;651;435;574;189;788
0,1901,1960,1,0,0,11,0,224;368;437;230;900;475;638;422;561;176;775
0,1528,1588,1,0,0,8,0,100;136;56;148;597;741;810;635
1,1534,1622,1,0,0,8,2,100;136;56;142;591;735;804;629
0,1543,1622,1,0,0,8,0,100;136;55;133;582;726;795;620
1,1587,1640,1,0,0,8,2,100;115;55;89;538;682;751;576
0,1644,1710,1,0,0,8,0,44;58;37;32;481;625;694;519
1,1673,1879,1,0,0,10,4,15;29;8;3;452;596;665;490;1128;703
0,1722,1774,1,0,0,6,0,403;547;616;441;1079;654
1,1796,1864,1,0,0,8,1,329;473;542;367;1005;580;743;527
1,1348,1427,1,0,0,7,2,22;117;354;333;328;145;777
1,1331,1592,1,0,0,7,6,22;357;371;350;345;162;794
1,1494,1738,1,0,0,8,7,100;208;187;182;631;775;844;669
1,1405,1621,1,0,0,8,6,22;117;297;276;271;88;720;864
1,1505,1746,1,0,0,8,4,100;136;176;171;620;764;833;658
0,1499,1555,1,0,0,8,0,100;136;182;177;626;770;839;664
0,1512,1568,1,0,0,8,0,100;136;56;164;613;757;826;651
0,1509,1591,1,0,0,8,0,100;136;56;167;616;760;829;654
0,1100,1175,1,0,0,12,0,90;126;33;97;65;338;588;602;581;576;393;1025
0,1096,1161,1,0,0,12,0,90;130;37;101;65;342;592;606;585;580;397;1029
1,1198,1251,1,0,0,10,3,16;28;59;240;490;504;483;478;295;927
0,1104,1170,1,0,0,12,0,90;122;29;93;65;334;584;598;577;572;389;1021
0,1257,1328,1,0,0,8,0,0;22;431;445;424;419;236;868
1,1199,1427,1,0,0,10,6,15;27;39;239;489;503;482;477;294;926
0,1290,1367,1,0,0,7,0,22;398;412;391;386;203;835
0,1274,1336,1,0,0,7,0,22;414;428;407;402;219;851
1,2723,2941,1,0,0,7,3,78;105;19;180;156;209;747
1,2923,3132,1,0,0,3,1,51;9;547
1,2700,2960,1,0,0,7,4,101;139;42;203;173;232;770
1,2704,2787,1,0,0,7,1,97;105;38;199;173;228;766
0,2991,3058,1,0,0,3,0,446;510;686
1,3036,3111,1,0,0,3,1,434;465;641
1,2958,3035,1,0,0,2,2,16;508
1,2986,3071,1,0,0,3,1,484;515;691
0,2549,2603,1,0,0,8,0,176;127;425;193;354;355;383;921
1,2583,2880,1,0,0,8,5,176;93;391;159;320;321;349;887
1,2303,2377,1,0,0,12,3,35;498;73;236;20;159;373;671;183;439;600;601
1,2539,2750,1,0,0,9,5,262;0;137;435;203;364;365;393;931
1,2618,2875,1,0,0,8,3,171;58;139;124;285;286;314;852
1,2627,2710,1,0,0,8,1,171;49;139;115;276;173;305;843
1,2597,2822,1,0,0,8,4,171;79;377;145;306;307;335;873
1,2609,2905,1,0,0,8,6,171;67;365;133;294;295;323;861
0,2230,2288,1,0,0,13,0,33;108;571;146;309;93;232;446;744;256;512;673;674
1,2218,2306,1,16,0,13,1,51;120;583;158;321;105;244;458;756;268;524;685;686
1,2129,2197,1,0,0,12,1,140;209;34;672;247;410;194;333;547;845;357;613
1,2052,2108,1,0,0,14,2,51;183;286;89;749;324;487;271;410;25;624;922;434;690
0,2288,2370,1,0,0,12,0,50;513;88;251;35;174;388;686;198;454;615;616
0,2277,2345,1,0,0,12,0,61;524;99;262;46;185;399;697;209;465;626;627
0,2242,2303,1,0,0,13,0,27;96;559;134;297;81;204;434;732;244;500;661;662
1,2241,2312,1,0,0,13,3,28;97;560;135;298;82;221;435;733;245;501;662;663
0,1968,2039,1,0,0,11,0,104;301;370;195;833;408;571;355;494;109;708
1,1964,2015,1,0,0,11,1,129;305;374;199;837;412;575;359;498;113;712
1,1934,2193,1,0,0,11,10,191;335;404;229;867;442;605;389;528;143;742
0,1930,1990,1,0,0,11,0,195;339;408;230;871;446;609;393;532;147;746
1,2051,2301,1,15,0,14,11,74;183;287;89;750;325;488;272;411;26;625;923;435;691
1,2047,2118,1,0,0,14,1,78;183;291;116;754;329;492;276;415;30;629;927;439;695
1,1994,2069,1,0,0,12,2,104;183;344;169;807;382;545;329;468;83;682;980
1,1974,2247,1,0,0,11,7,104;295;364;189;827;402;565;349;488;103;702
176
5977,6578,0.00,9
6005,6609,148.42,9
5947,6746,227.46,9
5977,6615,0.00,11
5743,6548,95.75,9
5779,6442,38.65,11
5482,6085,0.00,11
5635,6482,190.73,10
5377,6055,113.45,11
5441,6277,84.44,9
5049,5774,280.46,9
5304,6106,197.07,8
4987,5670,280.11,11
5002,5539,0.00,10
4859,5678,549.99,8
4896,5365,0.00,9
4706,5103,173.43,9
4196,4842,88.87,8
4161,4877,192.21,9
4011,4896,178.75,9
3938,4671,129.43,9
3908,4579,142.57,8
3846,4456,0.00,8
3825,5011,379.72,10
3824,4347,0.00,10
3808,4527,236.87,11
3689,4267,0.00,9
3667,4128,121.98,8
3318,4294,553.23,10
3223,3635,158.16,9
2985,3677,0.00,8
2971,3501,350.88,10
2168,2903,0.00,9
2204,2904,130.64,11
2426,2932,0.00,10
2512,3470,180.87,10
1871,2676,0.00,9
1989,2974,284.07,10
2025,2486,52.94,10
2043,2742,0.00,8
1746,2539,0.00,9
1753,2323,0.00,8
1817,2462,91.16,8
1830,2077,0.00,11
1434,2338,0.00,10
1469,2163,118.66,8
1653,2801,117.28,11
1654,2376,0.00,8
945,1493,0.00,11
916,1676,49.71,8
1404,2269,131.25,8
1001,2125,175.38,8
715,1688,292.96,9
657,1438,217.64,11
808,1681,121.78,10
792,1702,72.84,8
390,1133,0.00,10
319,1226,376.49,9
556,1257,291.43,8
431,1197,0.00,9
97,539,156.19,10
71,882,527.53,8
253,1214,212.08,9
114,906,461.88,9
10687,11327,70.81,9
10694,11352,45.90,10
10500,11332,106.22,9
10533,11433,0.00,11
10782,11390,0.00,8
10798,11798,160.90,9
10723,11097,75.95,10
10755,11222,79.75,10
10133,10538,60.82,10
10299,10771,80.78,11
9996,10487,0.00,9
10018,10595,0.00,10
10376,10885,0.00,11
10416,11070,0.00,8
10313,10843,0.00,11
10336,11300,181.96,11
9661,10255,127.04,10
9638,10574,88.21,8
9506,10430,247.07,11
9497,10371,347.83,9
9972,10602,0.00,10
9961,10815,39.12,11
9938,11225,439.22,10
9860,10520,68.53,9
9041,9532,0.00,9
9005,9933,235.13,9
8892,9628,9.31,10
8827,9489,120.72,11
9264,10036,184.04,10
9198,10044,0.00,9
9143,9753,61.50,10
9136,9982,182.37,10
8008,8816,169.70,10
8286,9254,306.91,11
8363,9053,64.92,10
8517,9173,196.67,8
8517,9274,176.42,8
8544,8975,99.29,11
8706,9548,305.52,9
8780,9404,0.00,10
7700,8402,0.00,10
7701,8493,0.00,11
7789,8615,15.87,8
7847,8663,137.21,11
7856,8664,0.00,8
7924,8541,103.31,8
7962,8863,0.00,11
8005,8758,0.00,10
6654,7341,0.00,10
6652,7340,69.17,9
7250,7861,142.55,9
6693,7707,224.60,9
7612,8459,89.58,8
7439,8342,294.86,10
7689,8337,174.80,8
7636,8276,79.72,8
6043,6670,0.00,9
6020,6604,0.00,11
6201,6838,0.00,9
6050,6641,0.00,9
6375,6843,0.00,8
6363,7289,399.27,9
6650,7512,289.15,8
6453,7259,85.12,9
13871,14262,0.00,9
13976,14851,154.48,10
13990,14838,0.00,8
14015,14831,0.00,9
13572,14257,0.00,10
13580,14270,0.00,11
13597,14045,0.00,11
13768,14626,328.36,11
14431,14844,0.00,11
14543,15165,0.00,9
14568,15504,0.00,11
14619,14902,0.00,10
14046,14700,0.00,8
14396,15353,0.00,8
14412,14987,71.68,11
14413,14931,0.00,8
11523,12136,185.30,8
11534,12292,21.74,8
11505,12108,243.58,8
11508,12212,122.75,8
11131,12221,466.27,11
11244,11683,0.00,10
10815,11079,0.00,11
10895,11525,19.07,9
11809,12449,0.00,10
11890,12796,274.76,11
11595,12167,0.00,10
11644,12298,0.00,8
11579,12061,0.00,10
11579,12460,99.36,10
11542,12052,0.00,8
11575,12416,272.56,9
12782,13731,197.51,9
12690,13677,81.26,8
12386,12999,0.00,10
12146,13227,48.62,8
12037,12503,0.00,11
12030,13134,407.18,9
11968,12500,0.00,11
11951,12732,0.00,11
13524,14398,148.71,9
13483,14117,0.00,8
13469,14244,24.90,11
13409,14205,59.66,10
13313,14209,29.11,11
13275,14027,125.21,8
13221,13393,0.00,10
13125,13884,317.10,10
