100
1,3252,3452,1,0,312,7,3,12;23;164;400;782;392;397
1,3310,3590,1,0,266,5,4,106;342;724;350;339
1,3200,3268,1,0,296,8,1,64;75;216;1;452;824;460;449
1,3223,3281,1,0,296,7,1,41;52;193;429;811;437;426
1,3353,3643,1,0,296,5,2,63;228;681;307;296
0,3354,3424,1,0,0,5,0,62;228;496;306;295
1,3315,3584,1,0,312,5,4,101;245;719;345;334
0,3341,3405,1,0,0,5,0,75;228;693;319;308
1,2682,2889,1,0,483,9,5,115;261;469;463;576;521;306;256;734
1,2651,2722,1,0,546,10,1,6;146;280;500;494;613;521;405;287;765
1,2651,2878,1,0,593,10,5,6;146;280;500;494;576;521;405;287;765
1,2620,2673,1,0,483,9,1,37;177;280;531;525;644;521;436;318
1,2935,3161,1,0,374,9,3,8;216;210;329;340;121;3;481;171
1,2842,3045,1,0,437,9,5,101;309;303;417;433;214;96;574;359
1,2818,2871,1,0,390,9,1,125;333;327;446;457;238;120;598;383
1,2732,2796,1,0,468,9,3,65;211;343;413;532;521;306;206;684
1,3015,3255,1,0,515,10,6,136;130;249;125;41;401;153;637;1019;645
1,3003,3080,1,0,374,9,1,148;142;261;125;53;413;171;649;1031
1,2967,3044,1,0,421,8,2,184;178;297;125;89;437;171;685
1,2956,3018,1,0,328,7,1,195;189;308;125;100;460;171
1,3134,3208,1,0,499,10,2,17;11;130;125;282;65;518;824;526;515
1,3117,3174,1,0,484,10,2,34;28;147;125;299;84;535;824;543;532
1,3083,3137,1,0,468,9,1,68;62;181;125;333;118;569;824;577
1,3018,3103,1,0,484,10,3,133;127;246;125;38;398;153;634;824;642
1,2142,2207,1,0,266,5,1,83;284;416;515;655
1,2145,2208,1,0,280,5,1,80;268;413;512;652
1,2197,2408,1,0,281,6,2,28;229;361;460;600;746
1,2219,2275,1,0,280,6,1,6;207;339;438;578;700
1,2241,2323,1,0,297,5,1,185;307;416;556;700
1,2269,2483,1,0,265,5,3,157;277;388;528;674
1,2290,2374,1,0,312,6,1,136;268;367;345;653;861
1,2358,2427,1,0,390,7,2,68;200;299;345;585;793;787
1,2366,2424,1,0,452,7,1,60;192;291;345;538;785;779
1,2420,2495,1,0,437,7,1,6;138;237;345;523;731;725
1,2443,2508,1,0,343,6,1,115;214;345;489;708;702
0,2468,2529,1,0,0,6,0,65;189;329;475;683;677
1,2498,2567,1,0,359,7,1,60;159;299;445;653;647;766
1,2567,2834,1,0,468,8,4,90;230;376;584;578;697;708;489
1,2613,2684,1,0,468,9,1,44;184;330;538;532;651;521;443;325
0,2615,2675,1,0,0,9,0,42;182;280;536;530;649;521;441;323
1,1654,1705,1,0,390,12,1,5;19;25;93;40;145;349;272;196;571;403;704
1,1653,1703,1,0,406,12,1,6;20;26;94;41;146;375;273;196;572;404;704
1,1725,1791,1,0,312,8,2,22;74;303;201;154;500;279;701
1,1722,1798,1,0,297,8,1,25;77;306;204;157;503;335;704
1,1769,1844,1,0,219,7,1,30;259;142;110;456;279;657
1,1762,1830,1,0,219,7,2,37;266;164;117;463;279;664
1,1840,2095,1,0,328,7,5,188;86;39;385;217;571;718
1,1833,2041,1,0,327,7,3,195;93;46;392;224;593;725
1,1866,1935,1,0,312,7,2,162;60;13;280;191;560;692
1,1860,2141,1,0,312,7,4,168;66;19;305;197;566;698
1,1956,2194,1,0,218,5,1,72;269;101;470;602
1,1868,1947,1,0,312,7,1,160;58;11;272;189;558;690
0,1975,2042,1,0,0,5,0,53;250;82;451;452
0,1962,2047,1,0,0,5,0,66;263;95;464;452
0,2014,2097,1,0,0,5,0,14;211;43;412;444
1,1977,2223,1,0,219,5,1,51;248;80;449;452
1,1314,1383,1,0,312,11,1,345;24;29;359;311;365;433;380;485;581;612
1,1329,1389,1,0,297,11,1,330;9;14;344;296;350;418;365;470;581;597
1,1271,1479,1,0,390,11,7,388;67;72;370;354;408;476;413;528;757;655
1,1279,1333,1,0,390,11,4,380;59;64;370;346;400;468;413;520;593;647
1,1210,1286,1,0,483,10,2,25;449;128;133;406;415;469;537;484;589
1,1246,1515,1,0,499,10,5,413;92;97;370;379;433;501;448;553;782
1,1144,1368,1,0,500,10,6,56;91;515;49;194;166;529;481;535;565
1,1170,1248,1,0,499,11,1,30;65;489;23;168;166;406;455;509;565;524
1,1606,1685,1,0,390,13,4,53;67;19;73;141;88;193;422;320;273;619;451;820
1,1610,1890,1,0,468,13,6,49;63;15;69;137;84;189;418;316;196;615;447;816
1,1543,1598,1,0,422,12,3,116;122;82;136;204;151;219;462;383;336;682;514
0,1550,1601,1,0,0,12,0,109;122;75;129;178;144;219;462;376;329;675;507
1,1515,1741,1,0,421,11,4,144;158;88;164;232;179;284;462;411;364;710
1,1541,1599,1,0,437,12,3,118;132;84;138;206;153;219;462;385;338;684;516
1,1385,1627,1,0,359,9,4,274;288;240;294;362;309;414;581;541
1,1425,1687,1,0,406,10,9,234;248;88;254;322;269;374;581;501;454
1,843,902,1,0,515,11,2,74;172;69;298;357;236;392;816;350;344;500
1,834,1064,1,0,500,11,5,83;181;78;307;366;245;401;825;359;504;509
1,706,781,1,0,640,13,2,164;25;304;83;206;435;494;373;529;953;406;632;637
1,692,743,1,0,702,14,1,164;39;323;2;97;220;449;508;387;543;967;406;646;651
1,637,886,1,0,733,14,8,164;94;362;57;152;275;504;563;442;598;1022;556;701;706
1,635,686,1,0,749,14,2,164;96;380;59;154;277;506;565;444;600;1024;558;703;708
0,535,607,1,0,0,11,0,164;196;480;159;254;350;606;665;544;700;1124
1,524,762,1,0,421,10,5,393;207;491;170;265;350;617;676;555;711
1,1131,1210,1,0,515,11,2,10;69;104;528;62;207;166;542;494;548;616
1,1065,1118,1,0,453,10,1,76;135;14;170;594;128;273;166;608;560
0,1041,1101,1,0,0,10,0,100;139;38;194;618;152;297;166;632;584
1,1032,1106,1,0,406,10,1,109;162;47;203;627;161;303;166;641;593
1,1023,1078,1,0,375,10,1,118;177;56;212;636;170;303;166;650;602
1,1004,1248,1,0,452,10,8,11;137;196;75;231;655;189;303;339;669
1,988,1040,1,0,437,10,2,27;153;212;91;247;671;205;344;355;685
1,925,987,1,0,484,9,2,90;216;275;154;310;734;268;344;418
0,35,319,1,0,0,0,0,
1,200,425,1,0,222,3,1,717;531;815
0,235,315,1,0,0,4,0,525;496;780;459
1,299,597,1,0,390,6,5,525;432;716;395;490;613
1,372,457,1,0,452,7,2,525;359;568;309;320;350;769
1,392,463,1,0,437,7,1,525;339;550;302;320;350;749
1,412,497,1,0,405,8,2,505;319;550;282;320;350;729;788
1,433,502,1,0,452,8,2,484;298;550;261;320;350;708;725
1,307,594,1,0,484,7,6,525;424;708;387;320;605;834
1,331,616,1,0,484,7,5,525;400;571;363;320;581;810
1,349,428,1,0,437,7,1,525;382;568;345;320;563;792
1,368,654,1,15,422,7,5,525;363;568;309;320;544;773
43
2961,3652,114.70,9
2743,3201,226.61,10
3006,3660,121.71,10
2989,4034,380.92,10
2540,3056,99.40,8
2538,3275,403.87,11
2641,3416,89.07,8
2586,2938,0.00,8
3359,4119,0.00,9
3084,3649,0.00,9
99,917,429.11,11
289,789,170.46,9
209,694,36.11,11
171,1015,196.25,9
128,731,0.00,11
463,1079,0.00,9
396,1200,108.00,11
304,1141,64.92,11
297,912,194.92,9
550,1338,201.60,10
542,1193,216.35,9
530,1659,96.37,9
510,1235,0.00,9
1079,1679,0.00,9
1023,1625,152.33,11
984,1673,169.94,9
622,1343,173.17,9
1203,1799,65.06,9
1230,2028,321.09,11
1082,1747,78.44,11
1165,1694,35.09,8
1472,2225,113.65,11
1537,2057,57.95,8
1271,1926,93.09,9
1406,1879,77.66,8
2032,2657,0.00,9
2058,2797,197.05,11
1564,2426,165.97,10
1783,2558,345.46,9
2308,3145,0.00,10
2474,3264,120.62,9
2158,2943,179.23,11
2285,3151,136.68,9
