1002
1,17935,18004,1,0,0,12,2,157;0;256;259;586;121;401;434;763;688;560;954
0,17956,18012,1,0,0,11,0,136;235;238;565;100;401;413;742;668;539;933
1,17925,18013,1,0,0,12,1,167;10;266;269;596;131;474;444;773;699;570;964
1,17927,18179,1,0,0,12,6,165;8;264;267;594;129;401;442;771;697;568;962
1,18088,18151,1,0,0,10,2,4;103;106;433;311;281;610;536;407;801
1,18160,18221,1,0,0,9,1,31;34;361;239;209;538;464;335;729
1,18020,18093,1,0,0,11,1,72;171;174;501;36;379;349;678;604;475;869
1,18034,18113,1,0,0,11,1,58;157;160;487;22;347;335;664;590;461;855
1,17736,17824,1,0,0,10,3,53;40;356;61;152;199;455;458;785;320
1,17784,17853,1,0,0,11,2,5;308;13;104;151;401;410;737;272;615;585
0,17638,17721,1,0,0,10,0,151;138;454;159;250;297;553;556;883;418
1,17702,17757,1,0,0,10,1,87;74;390;95;186;233;489;492;819;354
1,17852,18145,1,0,0,11,10,240;36;83;338;342;669;204;547;517;846;772
1,17873,17954,1,0,0,11,2,219;15;62;318;321;648;183;526;496;825;751
1,17796,17874,1,0,0,10,1,296;1;92;139;395;398;725;237;603;573
1,17848,17921,1,0,0,10,2,244;40;87;343;346;673;208;551;521;850
1,17489,17782,1,0,0,8,6,300;287;603;308;399;397;702;705
0,17486,17554,1,0,0,8,0,303;290;606;311;402;397;705;708
1,17429,17719,1,0,0,8,8,360;347;663;368;459;506;762;765
0,17363,17445,1,0,0,7,0,36;426;413;725;434;525;572
1,17626,17714,1,0,0,10,2,163;150;466;171;262;309;565;568;895;430
1,17567,17621,1,0,0,10,2,222;209;525;230;321;368;624;627;954;489
0,17530,17592,1,0,0,10,0,259;246;562;267;358;393;661;664;991;526
1,17516,17577,1,0,0,10,1,273;260;576;281;372;397;675;678;1005;540
1,17291,17577,1,0,0,8,4,50;69;106;498;485;743;506;597
1,17286,17360,1,0,0,8,1,55;74;106;503;490;806;511;602
0,17261,17336,1,0,0,8,0,80;99;106;528;515;831;536;627
1,17204,17290,1,0,0,8,1,137;156;106;585;572;888;593;684
1,17353,17403,1,0,0,8,1,7;46;436;423;739;444;535;582
0,17317,17372,1,0,0,8,0,7;43;52;472;459;743;480;571
1,17306,17388,1,0,0,8,1,12;54;52;483;470;743;491;582
1,17302,17550,1,0,0,8,6,39;58;52;487;474;743;495;586
1,19150,19385,1,0,0,10,3,69;103;206;136;167;209;348;401;479;1041
1,19194,19268,1,0,0,10,1,25;59;98;94;123;165;304;357;435;997
1,19208,19265,1,0,0,10,1,11;45;98;80;109;151;290;308;421;983
0,19233,19295,1,0,0,9,0,20;98;52;84;126;265;308;396;958
1,19235,19307,1,0,0,9,1,18;98;52;82;124;263;308;394;956
1,19264,19317,1,0,0,9,1,92;24;53;95;234;287;365;927;525
0,19276,19327,1,0,0,9,0,80;12;41;83;222;275;353;915;513
0,19299,19349,1,0,0,8,0,57;18;60;199;252;330;892;490
1,18876,19101,1,0,0,8,5,13;36;343;8;377;480;249;412
1,18885,19165,1,0,0,7,3,4;27;334;368;463;240;403
1,18911,19147,1,0,0,7,3,1;308;342;445;124;377;406
1,18930,19139,1,0,0,6,1,289;323;316;124;358;387
1,19021,19106,1,0,0,8,1,198;232;316;104;267;296;338;477
0,19027,19094,1,0,0,8,0,192;226;316;98;196;290;332;471
1,19106,19402,1,0,0,10,6,113;147;250;19;182;211;253;392;445;523
1,19108,19174,1,0,0,10,1,111;145;248;17;176;209;251;390;443;521
1,18626,18849,1,0,0,8,5,72;241;286;593;195;258;627;730
1,18614,18677,1,0,0,7,1,84;10;275;298;605;207;270
1,18693,18769,1,0,0,10,1,5;196;163;526;128;191;560;663;432;595
1,18690,18754,1,0,0,10,1,8;199;222;529;131;194;563;666;435;598
1,18732,18818,1,0,0,9,1,157;152;487;89;152;521;590;393;556
1,18713,18775,1,0,0,9,1,176;152;506;108;171;540;643;412;575
1,18762,18824,1,0,0,9,1,100;150;457;59;122;491;590;363;526
1,18737,18959,1,0,0,9,5,146;152;482;84;147;516;590;388;551
1,18265,18347,1,0,0,8,1,256;134;104;433;359;230;624;607
1,18258,18544,1,0,0,8,4,263;141;111;440;366;237;631;654
0,18359,18442,1,0,0,8,0,162;40;10;339;265;136;530;553
1,18282,18345,1,0,0,8,1,239;81;87;416;342;213;607;607
1,18477,18538,1,0,0,9,1,44;221;147;18;412;435;742;344;407
1,18405,18702,1,0,0,7,4,116;293;219;90;484;507;814
1,18574,18653,1,0,0,7,2,124;50;315;338;645;247;310
0,18543,18602,1,0,0,7,0,155;81;346;369;676;278;341
1,16155,16448,1,0,0,7,5,59;283;230;257;811;483;736
0,16194,16269,1,0,0,7,0,20;163;191;218;772;444;697
1,15968,16052,1,0,0,6,2,124;223;470;417;158;444
1,16056,16130,1,0,0,8,1,36;158;382;329;70;356;910;582
1,15868,15939,1,0,0,9,1,8;29;89;224;346;570;517;183;535
1,15952,16203,1,0,0,7,4,5;140;262;486;433;174;460
1,15844,15902,1,0,0,10,2,9;32;53;113;248;370;594;541;282;535
1,15858,16148,1,15,0,9,4,18;39;99;225;356;580;527;268;535
1,15797,15862,1,0,0,10,1,56;79;100;160;295;417;641;588;329;615
1,15831,16126,1,0,0,10,4,22;45;66;126;261;383;607;554;295;581
1,15685,15736,1,0,0,6,1,168;191;212;272;384;529
0,15739,15798,1,0,0,8,0,114;137;158;218;353;475;699;646
1,15652,15723,1,0,0,6,2,201;224;245;305;440;562
0,15664,15718,1,0,0,6,0,189;212;233;293;384;550
1,15549,15638,1,0,0,7,1,67;209;327;45;348;408;543
1,15566,15785,1,0,0,8,1,50;204;310;28;331;391;526;648
1,15481,15695,1,0,0,8,1,63;135;209;395;113;416;476;611
1,15481,15569,1,0,0,8,1,36;135;209;395;113;416;476;611
1,15460,15759,1,0,0,8,3,84;156;393;416;134;437;497;632
1,15398,15474,1,0,0,9,4,24;146;218;455;478;196;499;559;694
0,15382,15455,1,0,0,9,0,40;162;234;471;494;212;515;575;710
1,15327,15401,1,0,0,9,1,32;95;217;289;526;549;267;570;630
0,15283,15360,1,0,0,9,0,76;139;261;333;12;570;593;311;614
0,15274,15333,1,0,0,9,0,85;148;270;342;21;579;602;320;623
0,15182,15235,1,0,0,11,0,88;177;240;81;296;434;113;671;694;412;715
1,15170,15249,1,0,0,10,1,100;189;252;93;374;446;125;683;706;424
1,15009,15080,1,0,0,14,1,261;67;31;106;2;350;413;254;535;607;286;844;867;585
1,14993,15203,1,0,0,14,6,277;83;47;122;18;366;429;270;551;623;302;860;883;601
1,14919,14996,1,0,0,12,2,314;157;121;196;92;440;503;344;625;697;376;934
1,14911,15167,1,0,0,12,9,332;165;129;204;99;448;511;352;633;698;384;942
1,14904,15107,1,0,0,11,7,366;172;136;211;99;455;518;359;640;698;391
1,14894,15099,1,0,0,11,4,376;182;146;221;117;465;528;369;650;698;401
1,17085,17328,1,0,0,6,2,256;275;60;290;704;691
0,17101,17161,1,0,0,7,0,240;259;44;106;688;675;991
0,17152,17231,1,0,0,7,0,189;208;106;637;624;940;645
0,17183,17237,1,0,0,7,0,158;177;106;606;593;909;614
1,16863,16914,1,0,0,8,2,103;28;17;354;35;497;19;282
1,17005,17285,1,0,0,5,3,336;355;140;394;784
1,17021,17271,1,0,0,5,4,320;339;124;290;768
0,17075,17130,1,0,0,5,0,266;285;70;290;714
1,16795,16868,1,0,0,8,2,171;96;85;546;103;565;87;350
1,16799,16885,1,0,0,8,2,167;92;72;542;99;561;83;346
0,16816,16882,1,0,0,8,0,150;75;57;525;82;544;66;329
1,16850,17132,1,0,0,8,3,116;41;30;491;48;510;32;295
0,16729,16783,1,0,0,8,0,220;162;151;609;169;631;153;416
1,16746,16817,1,0,0,8,2,220;145;134;595;152;614;136;399
1,16755,16808,1,0,0,8,2,211;136;125;585;143;605;127;390
1,16782,16834,1,0,0,8,2,184;109;98;559;116;578;100;363
0,16702,16781,1,0,0,8,0,264;189;176;609;196;658;180;443
1,16670,16737,1,0,0,8,1,296;221;197;609;228;690;202;475
0,16723,16809,1,0,0,8,0,220;168;157;609;175;637;159;422
1,16721,16805,1,0,0,8,2,245;170;159;609;177;639;161;424
1,16657,16723,1,0,0,7,1,309;234;223;609;241;703;202
1,16597,16862,1,0,0,8,5,369;41;294;283;609;301;763;285
0,16662,16735,1,0,0,8,0,304;229;197;609;236;698;202;483
1,16658,16737,1,0,0,7,1,308;233;205;609;240;702;202
1,16463,16704,1,0,0,5,2,503;175;428;417;878
1,16399,16476,1,0,0,6,1,39;13;567;239;492;481
1,16521,16807,1,0,0,6,4,445;117;370;359;738;377
0,16489,16568,1,0,0,6,0,477;149;402;391;738;409
1,16228,16279,1,0,0,6,1,163;157;184;738;410;663
0,16218,16304,1,0,0,6,0,163;167;194;748;420;673
0,16325,16402,1,0,0,6,0,113;60;87;641;313;566
0,16284,16359,1,0,0,6,0,154;101;128;682;354;607
1,13709,13765,1,0,0,10,1,183;325;547;53;550;324;255;698;307;708
1,13660,13715,1,0,0,9,1,232;374;581;102;599;373;304;747;356
1,13618,13683,1,0,0,9,1,274;416;581;144;641;415;342;789;398
1,13578,13632,1,0,0,9,1,314;456;581;184;681;453;386;829;438
1,13915,13975,1,0,0,10,3,119;341;344;118;49;492;101;502;683;917
1,13879,13935,1,0,0,10,1,13;155;377;380;139;85;528;111;538;719
1,13854,13932,1,0,0,9,1,38;180;402;405;139;110;553;162;563
1,13823,14121,1,0,0,9,6,69;211;433;436;210;141;584;193;594
1,13973,14054,1,0,0,9,1,61;283;286;60;434;43;444;625;859
1,13973,14049,1,0,0,9,1,61;283;286;44;434;43;444;625;859
1,13933,14019,1,0,0,10,1,101;320;326;100;31;474;83;484;665;899
1,13921,13996,1,0,0,10,1,113;335;338;112;36;486;95;496;677;911
1,14058,14129,1,0,0,7,1,179;201;349;359;457;774;1212
1,14051,14114,1,0,0,7,1,205;208;356;366;457;781;1219
0,14026,14099,1,0,0,9,0,8;230;233;7;381;391;457;806;1244
1,13994,14247,1,0,0,10,4,40;262;265;39;413;22;423;604;838;1276
1,13139,13207,1,0,0,3,1,25;232;753
1,13165,13236,1,0,0,3,1,25;206;727
1,13059,13110,1,0,0,2,1,42;312
1,13089,13382,1,0,0,2,1,25;282
0,13263,13317,1,0,0,2,0,108;629
0,13296,13382,1,0,0,2,0,75;596
0,13181,13268,1,0,0,3,0,25;188;711
1,13207,13438,1,0,0,3,2,25;164;685
0,13495,13568,1,0,0,5,0,397;539;761;267;764
1,13504,13554,1,0,0,5,1,388;530;752;258;755
0,13307,13374,1,0,0,2,0,64;585
1,13423,13720,1,0,0,3,3,469;611;833
0,13528,13613,1,0,0,6,0,364;498;728;234;731;453
1,13537,13794,1,0,0,8,5,355;497;719;225;722;453;427;870
1,13522,13583,1,0,0,6,1,370;512;734;240;737;511
1,13523,13605,1,0,0,6,1,369;498;733;239;736;510
1,14606,14829,1,0,0,10,8,226;664;344;434;509;405;753;816;657;938
1,14570,14867,1,0,0,10,8,28;262;700;493;470;545;441;789;852;693
1,14699,14776,1,0,0,10,1,125;571;344;341;416;312;660;723;564;845
1,14692,14755,1,0,0,10,2,140;578;344;348;423;319;667;730;571;852
1,14724,14804,1,0,0,10,2,108;521;326;316;391;287;635;698;539;820
1,14721,14948,1,15,0,10,6,111;549;326;319;394;290;638;701;542;823
1,14751,14838,1,0,0,10,1,81;519;282;289;364;260;608;671;512;793
1,14739,14828,1,0,0,10,1,93;521;315;301;376;272;620;683;524;805
1,14753,14828,1,0,0,10,1,70;489;282;287;362;258;606;669;510;791
1,14752,14993,1,0,0,10,8,80;489;282;288;363;259;607;670;511;792
1,14799,14870,1,0,0,10,1,33;471;277;241;316;184;560;623;464;745
0,14766,14833,1,0,0,10,0,66;489;282;274;349;184;593;656;497;778
1,14842,14899,1,0,0,11,1,428;234;198;273;144;517;580;421;702;774;453
1,14805,14882,1,0,0,11,2,27;465;271;235;310;144;554;617;458;739;811
1,14880,14967,1,0,0,11,1,390;193;160;235;123;479;542;383;664;736;415
1,14871,14955,1,0,0,11,1,399;205;169;244;123;488;551;392;673;745;424
1,14088,14164,1,0,0,7,1,168;171;319;329;457;731;1182
1,14145,14216,1,0,0,8,1,111;114;262;272;415;687;1125;931
1,14185,14272,1,0,0,8,1,71;74;222;232;413;647;1085;891
1,14193,14425,1,0,0,8,5,63;66;214;224;361;639;1077;883
1,14210,14455,1,0,0,8,5,46;49;197;207;361;573;1060;866
0,14226,14280,1,0,0,8,0,22;33;181;191;361;573;1044;850
1,14238,14441,1,0,0,8,3,18;21;169;179;360;573;1032;838
1,14252,14305,1,0,0,8,1,4;7;155;165;346;573;1018;761
1,14285,14358,1,0,0,6,1,122;132;313;542;985;761
1,14322,14621,1,0,0,7,5,85;95;276;510;948;754;718
1,14345,14406,1,0,0,7,1,62;72;253;487;925;711;695
1,14353,14437,1,0,0,7,1,54;64;245;479;869;711;687
1,14358,14597,1,15,0,7,3,49;59;240;456;869;711;682
0,14359,14411,1,0,0,7,0,48;58;239;456;869;651;681
1,14475,14546,1,0,0,7,1,123;357;795;601;565;640;536
1,14544,14608,1,0,0,9,1,54;288;726;532;496;571;467;815;878
1,11703,11781,1,0,0,5,1,137;26;580;480;324
1,11697,11944,1,0,0,4,3,161;28;586;486
1,11672,11753,1,0,0,4,2,186;10;57;611
0,11661,11729,1,0,0,4,0,197;20;68;622
1,11635,11858,1,0,0,4,3,223;47;94;648
0,11563,11622,1,0,0,5,0,67;295;119;166;720
1,11490,11775,1,0,0,6,5,140;44;330;192;239;793
1,11434,11723,1,0,0,8,4,196;100;14;7;360;248;295;821
0,11984,12045,1,0,0,5,0,299;199;43;683;760
0,11982,12058,1,0,0,5,0,299;201;45;685;762
0,11943,12031,1,0,0,5,0,299;240;84;724;801
1,11920,11988,1,0,0,5,1,363;263;107;747;824
0,11850,11935,1,0,0,6,0,8;433;333;177;817;894
1,11749,11800,1,0,0,4,1,109;534;434;278
1,11716,11945,1,0,0,5,4,123;2;567;467;311
1,11714,11795,1,0,0,5,1,137;2;569;469;313
1,11185,11240,1,0,0,9,2,6;445;349;109;263;256;607;497;544
1,11205,11479,1,0,0,9,7,6;425;329;89;243;236;607;477;524
1,11173,11253,1,0,0,9,2,6;457;361;121;275;268;685;499;556
1,11181,11258,1,0,0,9,1,6;449;353;113;267;260;677;499;548
1,11130,11361,1,0,0,9,7,138;500;404;164;318;311;728;531;599
1,11136,11406,1,15,0,9,7,18;494;398;158;312;305;722;499;593
1,11126,11181,1,0,0,9,1,142;504;408;168;322;315;732;556;603
1,11130,11337,1,0,0,9,3,138;500;404;164;318;311;728;499;599
1,11416,11479,1,0,0,8,1,214;118;32;11;360;266;313;867
0,11423,11493,1,0,0,8,0,207;111;25;11;360;259;306;821
1,11372,11452,1,0,0,8,3,258;162;76;11;360;310;357;911
0,11401,11477,1,0,0,8,0,229;133;47;11;360;281;328;882
1,11290,11367,1,0,0,8,2,340;244;4;158;11;568;392;439
1,11313,11604,1,0,0,7,4,317;221;135;11;545;369;400
1,11231,11317,1,0,0,9,1,6;382;303;63;217;210;607;451;498
1,11241,11457,1,0,0,9,2,6;382;293;53;207;200;593;441;488
1,12730,12810,1,0,0,5,1,14;277;515;279;641
0,12703,12753,1,0,0,5,0,41;304;542;306;668
1,12825,12889,1,0,0,4,1,182;420;149;546
1,12787,12869,1,0,0,4,1,220;458;222;584
1,12561,12648,1,0,0,5,1,106;183;446;674;448
1,12517,12588,1,0,0,5,1,147;227;490;674;492
0,12578,12644,1,0,0,5,0,89;128;429;667;431
1,12575,12656,1,0,0,5,1,92;163;432;670;434
1,13025,13284,1,0,0,2,2,220;346
1,13025,13301,1,0,0,2,2,84;346
1,13045,13313,1,0,0,2,1,72;326
1,13026,13107,1,0,0,2,1,81;345
0,12919,12970,1,0,0,4,0,88;326;90;452
0,12916,12967,1,0,0,4,0,91;329;93;455
1,12942,13013,1,0,0,4,1,65;303;67;429
1,12933,12987,1,0,0,4,1,74;312;76;438
1,12175,12438,1,0,0,6,3,108;8;492;517;132;306
1,12197,12476,1,0,0,5,4,86;470;496;110;284
0,12205,12276,1,0,0,5,0,78;460;496;102;276
0,12224,12289,1,0,0,5,0,59;443;496;83;257
1,12064,12303,1,0,0,6,3,219;119;603;680;243;417
1,12089,12146,1,0,0,6,3,194;94;578;517;218;392
1,12113,12188,1,0,0,6,2,170;70;553;517;194;368
1,12153,12442,1,0,0,6,3,130;30;514;517;154;328
1,12445,12694,1,0,0,6,3,215;299;36;562;800;564
1,12464,12669,1,0,0,6,3,203;280;17;543;680;545
1,12478,12560,1,0,0,6,1,189;266;3;529;674;531
1,12508,12570,1,0,0,5,1,159;236;499;674;501
1,12238,12497,1,0,0,6,4,45;429;496;69;243;769
0,12375,12432,1,0,0,5,0,292;369;106;632;870
0,12410,12499,1,0,0,5,0,257;334;71;597;835
1,12436,12711,1,0,0,5,4,231;308;45;571;809
0,9427,9501,1,0,0,5,0,10;178;606;382;469
1,9401,9474,1,0,0,5,1,46;204;632;408;481
1,9532,9614,1,0,0,4,1,73;501;277;364
0,9441,9494,1,0,0,5,0,6;164;592;368;455
1,9629,9852,1,0,0,4,3,404;180;267;517
1,9549,9616,1,15,0,4,1,56;484;260;328
1,9681,9969,1,0,0,6,2,352;128;215;465;442;778
1,9669,9879,1,0,0,5,4,364;140;227;477;454
1,9169,9392,1,0,0,8,3,278;18;436;76;154;185;864;640
1,9168,9236,1,0,0,8,1,279;33;437;77;155;186;865;641
1,9299,9349,1,0,0,7,1,148;306;24;55;734;510;597
1,9267,9522,1,0,0,7,4,180;338;56;87;766;542;629
1,9337,9413,1,0,0,6,1,109;268;17;696;472;559
1,9326,9393,1,0,0,6,1,121;279;28;707;483;570
0,9365,9427,1,0,0,5,0,82;240;668;444;481
1,9337,9613,1,16,0,6,4,102;268;17;696;472;559
1,10083,10135,1,0,0,8,1,63;40;376;373;665;415;436;580
1,10092,10145,1,0,0,8,1,54;31;367;364;656;406;427;571
1,10134,10197,1,0,0,8,1,12;325;322;614;364;385;529;629
0,10135,10224,1,0,0,8,0,11;324;321;613;324;384;528;628
1,10141,10217,1,0,0,8,1,5;318;315;607;324;378;522;622
1,10150,10238,1,0,0,7,2,309;306;549;324;369;513;613
1,10213,10275,1,0,0,8,1,246;243;535;285;306;450;550;903
1,10221,10295,1,0,0,8,1,238;235;527;252;298;442;542;895
1,9725,9797,1,0,0,6,1,308;84;171;421;398;590
0,9741,9798,1,0,0,6,0,292;68;147;405;382;590
1,9778,9831,1,0,0,6,1,255;31;118;368;345;590
0,9837,9921,1,0,0,6,0,196;59;309;286;590;619
1,9855,9920,1,0,0,6,1,178;41;291;268;590;601
0,9939,10010,1,0,0,9,0,94;207;184;520;517;809;559;580;724
1,9991,10055,1,0,0,9,1,42;155;132;468;465;757;507;528;672
1,10052,10103,1,0,0,8,1,94;71;407;404;696;446;467;611
0,10459,10524,1,0,0,9,0,0;289;23;60;204;304;657;233;809
1,10440,10739,1,0,0,9,5,12;16;308;58;79;223;323;676;252
1,10430,10711,1,0,0,9,5,29;26;315;68;89;233;333;686;262
1,10394,10473,1,0,0,9,2,62;62;354;104;125;269;369;722;298
0,10540,10616,1,0,0,6,0,208;123;223;576;116;728
0,10536,10599,1,0,0,6,0,212;127;227;580;116;732
1,10500,10580,1,0,0,7,1,248;19;163;263;616;135;768
1,10482,10561,1,0,0,8,1,266;16;37;181;281;634;210;786
0,10277,10333,1,0,0,9,0,169;179;471;221;242;386;486;811;415
1,10276,10489,1,0,0,9,4,169;180;472;222;243;387;487;825;416
1,10273,10359,1,0,0,9,3,186;183;475;225;246;390;490;825;419
0,10239,10306,1,0,0,8,0,220;217;509;252;280;424;524;825
1,10372,10437,1,0,0,9,2,87;84;376;126;147;291;391;744;320
1,10312,10364,1,0,0,9,1,147;144;436;176;207;351;451;798;380
1,10283,10346,1,0,0,9,1,169;173;465;176;236;380;480;811;409
1,10282,10334,1,0,0,9,1,169;174;466;216;237;381;481;811;410
1,11018,11085,1,0,0,8,1,98;250;612;516;276;430;423;840
1,11047,11136,1,0,0,9,2,69;221;583;487;247;401;394;811;635
0,10900,10967,1,0,0,7,0,216;368;730;634;394;548;541
0,10949,11029,1,0,0,7,0,167;319;681;585;345;499;492
1,11109,11166,1,0,0,10,2,7;159;521;425;185;339;332;749;560;620
0,11117,11167,1,0,0,9,0,151;513;417;177;329;324;741;560;612
1,11063,11121,1,0,0,9,1,53;205;567;460;231;385;378;795;619
1,11108,11336,1,0,0,10,7,8;160;522;426;186;340;333;750;574;621
0,10661,10750,1,0,0,7,0,87;2;102;455;31;607;969
1,10671,10883,1,0,0,6,3,77;92;445;21;597;959
1,10540,10611,1,0,0,6,1,208;123;223;576;116;728
1,10561,10634,1,0,0,6,2,187;102;202;555;116;707
1,10822,10899,1,0,0,5,1,294;446;808;712;472
0,10827,10895,1,0,0,5,0,289;441;803;647;467
1,10719,10776,1,0,0,7,1,29;44;397;549;911;815;575
1,10780,10848,1,0,0,5,1,336;488;850;754;514
1,7557,7627,1,0,0,10,1,392;173;435;417;475;13;194;807;233;160
1,7555,7630,1,0,0,10,1,394;173;437;419;477;49;196;809;235;162
0,7703,7783,1,0,0,10,0,246;27;289;271;329;48;661;87;14;699
1,7595,7680,1,0,0,10,4,354;135;397;379;437;9;156;769;195;122
1,7395,7476,1,0,0,10,4,51;554;335;21;597;579;637;209;356;969
1,7343,7407,1,0,0,9,1,103;606;387;73;649;631;689;261;408
1,7517,7589,1,0,0,9,1,432;213;475;457;515;87;234;847;273
0,7447,7524,1,0,0,8,0,502;283;545;527;585;157;304;917
1,7256,7343,1,0,0,9,2,190;33;68;693;474;152;736;718;776
1,7239,7291,1,0,0,8,2,207;50;85;710;491;177;753;735
1,7286,7344,1,0,0,9,1,160;3;38;663;444;130;706;688;746
1,7267,7337,1,0,0,9,1,177;22;57;682;463;149;725;707;765
1,7138,7217,1,0,0,8,2,303;151;38;186;811;592;278;854
1,7027,7095,1,0,0,4,1,303;262;114;297
1,7213,7293,1,0,0,8,3,233;76;111;736;512;203;779;761
1,7197,7276,1,0,0,8,1,249;92;127;752;533;219;795;777
0,8083,8162,1,0,0,8,0,281;319;511;404;531;663;605;799
1,8137,8400,1,0,0,9,7,227;265;478;371;477;609;551;745;640
1,8143,8206,1,0,0,9,1,221;259;472;365;471;603;545;739;488
1,8198,8266,1,0,0,9,1,166;204;417;310;416;548;490;684;488
0,7939,8019,1,0,0,10,0,10;53;35;93;425;463;676;544;675;807
1,8005,8270,1,0,0,8,6,27;359;397;610;503;609;741;683
1,8065,8136,1,0,0,7,2,299;337;550;443;549;681;623
1,8082,8156,1,0,0,8,4,282;320;533;404;532;664;606;800
0,7841,7904,1,0,0,9,0,108;151;133;191;523;561;774;544;773
0,7867,7935,1,0,0,9,0,82;125;107;165;497;535;748;544;747
0,7922,7998,1,0,0,10,0,27;70;52;110;442;480;693;544;692;824
0,7926,7979,1,0,0,10,0,23;66;48;106;438;476;689;544;688;820
0,7722,7795,1,0,0,10,0,227;8;270;252;310;29;642;68;680;893
0,7771,7823,1,0,0,9,0,178;221;203;261;593;19;631;844;737
0,7778,7850,1,0,0,9,0,171;214;196;254;586;12;624;837;730
1,7788,8052,1,0,0,9,2,161;204;186;244;576;2;614;827;720
0,8720,8781,1,0,0,9,0,26;162;57;712;481;137;885;525;603
1,8715,8947,1,0,0,9,6,31;167;62;732;486;142;890;530;608
0,8706,8780,1,0,0,9,0,40;176;71;741;495;151;899;539;617
1,8675,8753,1,0,0,10,3,71;13;207;102;772;526;182;930;570;648
1,8590,8664,1,0,0,10,1,25;24;156;98;292;187;857;611;267;1015
1,8531,8611,1,0,0,9,1,84;83;215;157;351;246;916;670;326
0,8507,8565,1,0,0,10,0,108;1;107;239;181;375;270;940;694;350
1,8452,8663,1,0,0,7,1,163;56;162;282;236;430;325
1,8450,8724,1,0,0,7,3,165;58;164;296;238;432;327
1,8383,8665,1,0,0,8,2,19;232;125;231;332;305;499;394
1,8359,8418,1,0,0,9,1,5;43;256;149;255;354;329;523;418
1,8302,8582,1,0,0,9,5,62;100;313;183;312;381;386;580;475
1,8299,8373,1,0,0,9,1,65;103;316;183;315;406;389;583;478
1,8291,8568,1,0,0,9,4,73;111;324;217;323;406;397;591;486
0,8284,8342,1,0,0,9,0,80;118;331;224;330;406;404;598;488
1,8267,8355,1,0,0,9,1,97;135;348;241;347;479;421;615;488
1,9100,9176,1,0,0,8,1,337;101;505;145;223;254;933;709
1,9115,9368,1,0,0,8,6,332;86;490;130;208;239;918;694
1,9010,9230,1,0,0,6,3,437;165;595;235;313;344
1,9091,9166,1,0,0,8,2,356;110;514;154;232;263;942;718
1,8975,9029,1,0,0,6,1,472;165;598;270;320;379
1,8995,9049,1,16,0,6,1,452;165;598;250;320;359
1,8957,9031,1,0,0,6,2,490;165;600;288;366;397
1,8964,9051,1,0,0,6,1,483;165;598;281;359;390
1,8915,8974,1,0,0,6,2,532;165;690;330;408;439
1,8930,9165,1,0,0,6,2,494;165;675;315;393;424
0,8880,8937,1,0,0,7,0,2;567;321;725;365;443;474
1,8911,9204,1,0,0,6,5,536;290;694;334;412;443
0,8805,8879,1,0,0,7,0,77;642;396;52;800;440;518
0,8825,8886,1,0,0,7,0,57;622;376;32;780;420;498
1,8726,8933,1,0,0,9,5,20;156;51;712;475;131;879;519;597
0,8774,8860,1,0,0,8,0,108;3;673;427;83;831;471;549
1,5106,5184,1,0,0,12,2,200;694;13;217;467;290;395;334;597;387;790;634
1,5125,5379,1,0,0,11,9,181;675;198;448;271;376;315;543;368;771;615
1,5131,5203,1,0,0,11,2,175;669;192;442;265;370;309;543;362;765;603
1,5166,5236,1,0,0,12,2,140;634;157;407;230;335;274;537;327;730;574;893
1,5180,5231,1,0,0,12,1,126;620;140;393;216;321;260;523;313;716;560;879
1,5192,5453,1,0,0,12,10,114;608;125;381;204;309;248;511;301;704;548;867
1,5243,5298,1,0,0,12,2,63;557;80;299;153;258;197;460;250;653;497;816
1,5252,5506,1,0,0,12,7,54;548;71;299;144;249;188;439;241;644;488;807
1,5324,5403,1,0,0,10,1,476;249;72;177;116;379;169;572;416;735
1,5334,5597,1,0,0,10,5,466;239;62;167;106;369;159;562;406;717
1,5367,5421,1,0,0,12,1,433;206;29;134;73;336;126;529;373;692;673;254
1,5422,5511,1,0,0,12,3,378;151;79;18;281;71;474;318;637;618;199;466
1,5436,5504,1,0,0,12,2,364;137;65;4;237;57;460;304;623;604;185;452
1,5455,5544,1,0,0,11,1,345;118;46;235;38;441;285;604;585;166;433
0,5499,5554,1,0,0,11,0,301;74;2;204;397;241;560;541;122;389;821
1,5531,5601,1,0,0,11,2,269;42;172;365;209;528;509;90;357;789;781
1,5615,5686,1,0,0,12,2,185;88;281;125;444;425;6;273;705;697;1042;844
1,5551,5615,1,16,0,11,1,249;22;152;345;189;508;489;70;337;769;761
1,5711,5795,1,0,0,11,3,89;185;29;348;329;177;609;601;907;748;819
1,5658,5934,1,0,0,11,6,142;45;238;82;401;382;230;662;654;999;801
1,5735,5809,1,0,0,11,2,65;161;5;324;305;153;585;577;907;724;791
0,5734,5809,1,0,0,11,0,66;162;6;325;306;154;586;578;907;725;791
1,5759,5827,1,0,0,11,1,41;137;276;281;129;561;553;898;700;771;536
1,5739,5941,1,0,0,11,4,61;157;1;292;301;149;581;573;907;720;791
1,5778,5995,1,0,0,11,4,22;118;252;262;110;542;534;879;681;752;517
0,5773,5847,1,0,0,11,0,27;123;252;267;115;547;539;884;686;757;522
1,5823,6120,1,0,0,10,8,73;236;217;65;497;489;834;636;707;421
0,5789,5868,1,15,0,11,0,11;107;252;251;99;531;523;868;670;741;421
1,5861,5933,1,0,0,10,2,35;198;179;27;459;451;796;598;669;393
1,5859,5924,1,0,0,10,1,37;200;181;29;461;453;798;600;671;394
1,5913,5974,1,0,0,8,1,146;127;407;399;744;546;617;382
1,5890,6147,1,0,0,9,6,6;169;150;430;422;767;569;640;393
1,5979,6067,1,0,0,8,1,80;61;341;333;678;480;551;316
1,5983,6059,1,0,0,8,1,76;57;337;329;671;476;547;312
1,5925,6008,1,0,0,8,3,134;115;395;387;732;534;605;370
1,5946,6015,1,0,0,8,1,113;94;374;366;711;513;584;349
1,6053,6105,1,0,0,8,1,6;267;259;604;406;477;238;365
1,6071,6282,1,0,0,7,4,249;241;586;388;459;221;347
1,6018,6097,1,0,0,8,1,41;22;302;294;639;441;512;277
1,6045,6267,1,0,0,7,2,14;275;267;612;414;485;250
1,6213,6282,1,0,0,9,1,107;99;444;246;317;82;205;309;558
1,6228,6519,1,0,0,9,3,44;84;429;231;302;67;190;294;543
1,6072,6148,1,0,0,7,1,248;240;554;387;458;221;346
1,6185,6239,1,0,0,9,3,135;127;472;274;345;110;233;337;586
1,6297,6382,1,0,0,9,2,23;15;360;162;233;121;177;474;530
1,6351,6419,1,0,0,7,2,306;108;179;67;171;420;476
1,6238,6315,1,0,0,9,1,44;74;419;221;292;57;180;177;533
1,6239,6321,1,0,0,9,2,44;73;418;220;291;32;179;177;532
1,6547,6602,1,0,0,4,1,110;224;280;899
1,6367,6430,1,0,0,7,2,290;92;161;51;155;404;460
0,6359,6430,1,0,0,7,0,298;100;161;59;160;412;468
1,6351,6440,1,0,0,7,1,306;108;161;67;171;420;476
1,6695,6948,1,0,0,5,3,69;132;751;594;481
1,6662,6723,1,0,0,3,1,109;165;784
1,6649,6732,1,0,0,4,1,8;122;178;797
0,6560,6647,1,0,0,4,0,97;178;267;886
1,6968,7022,1,0,0,4,1,478;321;208;356
0,6829,6882,1,0,0,4,0,617;460;347;495
1,6705,6764,1,0,0,5,1,29;122;741;584;471
0,6696,6757,1,0,0,5,0,29;131;750;593;480
1,7026,7282,1,0,0,4,2,420;263;114;298
0,7001,7058,1,15,0,4,0,445;288;114;307
1,7000,7078,1,0,0,4,1,446;289;176;307
1,6978,7050,1,0,0,4,1,468;311;198;308
1,3050,3120,1,0,0,9,1,37;329;342;312;298;46;810;502;584
1,3073,3155,1,0,0,9,2,14;306;319;289;275;19;787;479;561
1,3079,3151,1,0,0,9,1,8;300;313;279;269;17;781;473;555
0,3091,3145,1,0,0,8,0,288;301;271;229;5;769;461;543
1,2890,2940,1,0,0,6,1,197;489;446;471;458;181
0,2898,2955,1,0,0,6,0,189;481;446;438;450;181
1,2933,3021,1,0,0,7,2,154;446;446;429;415;163;927
1,2957,3236,1,0,0,8,5,130;422;435;405;391;139;903;595
0,3276,3364,1,0,0,9,0,103;94;51;72;584;276;358;560;709
1,3374,3650,1,0,0,8,4,5;18;486;178;260;462;611;381
0,3375,3436,1,0,0,8,0,4;17;393;177;259;461;610;380
1,3384,3473,1,0,0,7,1,8;393;168;250;452;601;371
0,3131,3214,1,0,0,7,0,248;261;231;217;729;421;503
0,3229,3293,1,0,0,8,0,150;163;133;119;631;323;405;607
1,3263,3321,1,0,0,8,1,116;129;99;85;597;289;371;573
1,3270,3343,1,0,0,8,1,109;122;51;78;590;282;364;566
1,3710,3781,1,0,0,6,1,150;126;275;45;122;506
1,3650,3718,1,0,0,5,1,210;186;335;105;182
1,3739,3794,1,0,0,6,1,121;97;79;16;93;462
1,3737,3983,1,0,0,6,1,123;99;248;18;95;462
0,3505,3585,1,0,0,6,0,355;47;129;331;480;250
0,3411,3463,1,0,0,6,0,377;141;223;425;574;344
0,3607,3677,1,0,0,6,0,253;27;229;378;148;225
0,3553,3619,1,0,0,5,0,307;81;283;432;202
0,3963,4040,1,0,0,5,0,22;210;280;756;888
1,3958,4045,1,0,0,5,2,27;258;285;761;893
0,4001,4067,1,0,0,4,0,210;242;718;850
0,3985,4042,1,16,0,5,0,0;210;258;734;866
1,3796,4016,1,0,0,7,3,64;40;68;36;420;447;923
1,3757,3957,1,0,0,5,1,103;79;79;75;456
1,3865,4070,1,0,0,4,2,68;351;378;830
0,3804,3892,1,0,0,7,0,56;32;68;28;412;439;830
1,4234,4460,1,0,0,4,1,9;485;617;777
1,4243,4533,1,0,0,4,2,0;476;405;768
0,4154,4444,1,0,0,4,0,62;89;565;697
1,4159,4233,1,0,0,4,1,57;84;560;692
1,4076,4142,1,0,0,4,1,140;167;643;775
1,4092,4321,1,0,0,4,4,124;151;625;759
0,4025,4089,1,0,0,4,0,191;218;694;826
0,4035,4111,1,0,0,4,0,181;208;684;816
1,4555,4630,1,0,0,6,1,164;296;456;751;1245;564
1,4567,4783,1,0,0,7,5,152;284;444;739;1233;552;756
1,4406,4651,1,0,0,4,3,313;395;605;900
1,4423,4503,1,0,0,4,1,296;314;588;883
1,4266,4534,1,0,0,3,2,453;397;697
1,4333,4406,1,0,0,3,1,386;395;678
1,4247,4505,1,0,0,3,2,472;405;697
0,4261,4332,1,0,0,3,0,458;397;697
1,4806,4858,1,0,0,11,2,45;205;500;994;313;517;767;590;695;634;897
1,4806,4881,1,0,0,11,3,45;205;500;994;313;503;767;590;695;634;897
1,4781,4842,1,0,0,9,2,70;230;525;1019;338;542;792;615;720
0,4732,4792,1,0,0,9,0,119;279;574;1068;387;591;841;664;769
1,4715,4993,1,0,0,9,7,4;136;296;591;1085;404;608;858;681
1,4647,4699,1,0,0,9,2,44;204;364;659;1153;472;676;926;749
1,4614,4850,1,0,0,7,2,105;237;397;692;1186;505;704
1,4574,4644,1,0,0,7,1,145;277;437;732;1226;545;704
1,5042,5317,1,0,0,11,8,264;758;77;281;531;354;459;398;661;451;854
1,5006,5262,1,0,0,12,8,5;300;794;113;317;567;390;495;434;697;487;890
0,4964,5026,1,0,0,12,0,47;342;836;155;359;609;432;537;476;739;529;932
1,4931,4994,1,0,0,12,2,80;375;869;188;392;642;465;570;509;772;562;965
1,4878,5109,1,0,0,11,5,133;428;922;241;445;695;518;623;562;825;583
1,4853,5053,1,0,0,11,3,158;453;947;266;470;720;543;648;587;827;640
1,4845,5123,1,0,0,12,8,6;166;461;955;274;474;728;551;656;595;858;648
1,4827,5079,1,0,0,11,9,19;184;479;973;292;496;746;569;674;613;876
1,31562,31624,1,0,0,9,2,137;107;405;171;334;600;682;873;841
1,31537,31622,1,0,0,8,1,162;132;430;196;359;625;707;898
1,31434,31485,1,0,0,10,2,102;38;265;235;499;299;55;462;728;810
1,31407,31648,1,0,0,8,5,129;65;281;262;560;326;82;489
1,31579,31629,1,0,0,9,2,120;90;379;154;317;583;665;856;784
1,31573,31635,1,0,0,9,1,126;96;394;160;323;589;671;862;784
0,31302,31364,1,0,0,10,0,234;1;170;33;397;367;665;431;187;580
1,31277,31342,1,0,0,10,1,259;26;195;58;422;392;690;456;212;600
1,31267,31324,1,0,0,10,1,269;36;200;68;432;402;700;466;222;608
1,31263,31542,1,0,0,10,8,273;40;209;72;436;406;704;470;226;608
1,31387,31465,1,0,0,8,1,149;85;312;282;580;346;102;509
1,31355,31438,1,0,0,8,1,181;117;340;314;612;378;134;541
1,31330,31531,1,0,0,9,4,203;142;5;369;339;637;403;159;566
1,31303,31354,1,0,0,10,3,233;0;169;32;396;366;664;430;186;580
0,31031,31116,1,0,0,10,0,12;20;505;272;441;304;668;638;936;702
1,30924,31012,1,15,0,8,2,50;119;125;612;379;548;357;775
0,31107,31157,1,0,0,9,0,429;196;365;228;592;562;860;626;382
0,31101,31167,1,0,0,9,0,435;202;371;234;598;568;866;632;388
0,30898,30948,1,0,0,7,0,58;145;153;638;405;574;357
1,30890,30974,1,0,0,7,2,84;153;161;646;413;582;357
1,30901,30970,1,0,0,7,2,58;142;150;635;402;559;357
1,30898,30964,1,0,0,7,2,58;145;153;638;405;574;357
0,31232,31302,1,0,0,10,0,304;71;240;103;467;437;728;501;257;634
1,31218,31289,1,0,0,10,1,318;85;254;117;481;451;728;515;271;678
0,31242,31315,1,0,0,10,0,294;61;230;93;457;427;725;491;247;608
1,31233,31322,1,0,0,10,1,303;70;239;102;466;436;728;500;256;634
1,31185,31459,1,0,0,10,7,351;118;287;150;514;484;782;548;304;711
1,31135,31429,1,0,0,10,8,401;168;337;200;564;534;832;598;354;761
1,31215,31294,1,0,0,10,1,321;88;257;120;484;454;752;518;274;681
0,31213,31301,1,0,0,10,0,323;90;259;122;486;456;754;520;276;683
0,30618,30686,1,0,0,8,0,27;169;356;178;425;433;918;685
1,30626,30857,1,0,0,8,4,19;161;348;170;417;425;860;677
1,30651,30724,1,0,0,7,2,136;323;145;392;400;859;652
0,30687,30747,1,0,0,8,0,100;287;109;356;364;849;616;785
1,30485,30549,1,0,0,7,1,36;73;158;215;489;311;558
1,30514,30591,1,0,0,7,2,7;44;131;215;460;282;529
0,30529,30587,1,0,0,6,0,29;116;215;418;267;514
1,30618,30680,1,0,0,8,1,27;169;356;178;425;433;918;685
1,30783,30846,1,0,0,9,1,4;191;13;260;268;753;520;689;552
0,30792,30849,1,0,0,8,0,182;4;251;259;744;511;680;493
1,30819,30896,1,0,0,7,2,155;224;232;717;484;653;493
1,30827,31075,1,0,0,7,3,147;216;224;709;476;627;493
0,30693,30781,1,0,0,8,0,94;281;103;350;358;843;610;779
1,30710,30764,1,0,0,8,2,77;264;86;333;341;826;593;762
1,30752,30830,1,0,0,9,2,35;222;44;291;299;784;551;720;583
0,30762,30846,1,0,0,9,0,25;212;34;281;289;763;541;710;573
1,30293,30373,1,0,0,9,3,58;81;29;228;265;352;477;681;503
1,30256,30529,1,0,0,8,4,95;118;66;265;302;389;482;718
1,30254,30312,1,0,0,8,1,97;120;68;267;304;391;533;720
1,30224,30297,1,0,0,8,2,127;150;98;297;334;421;563;750
1,30140,30416,1,0,0,9,4,211;234;19;19;182;381;404;425;647
1,30122,30386,1,16,0,10,5,17;229;252;37;37;200;399;404;523;665
1,30055,30292,1,0,0,10,6,65;84;296;280;104;104;267;466;503;590
1,30050,30106,1,0,0,10,1,70;89;301;324;109;109;272;471;508;595
1,30465,30553,1,0,0,7,2,56;93;180;215;509;331;578
1,30418,30484,1,0,0,7,1,103;140;227;225;544;378;625
1,30409,30609,1,0,0,7,3,112;149;236;285;544;387;634
1,30402,30456,1,0,0,7,1,119;156;243;285;559;394;641
1,30384,30666,1,0,0,7,4,137;174;261;403;559;412;659
1,30376,30668,1,0,0,7,7,145;182;269;411;598;420;667
1,30316,30403,1,0,0,10,2,32;22;6;205;242;329;471;658;480;727
1,30298,30387,1,0,0,9,1,32;76;24;223;260;347;477;676;498
0,29755,29821,1,0,0,9,0,365;239;384;268;229;596;619;404;404
1,29756,29825,1,0,0,9,4,364;239;383;267;228;595;618;403;403
1,29735,29790,1,0,0,8,3,379;265;404;288;249;616;639;424
1,29735,29996,1,0,0,8,3,367;265;404;288;249;616;639;424
1,29722,29779,1,0,0,8,3,398;272;417;301;262;629;652;437
1,29729,29814,1,0,0,8,4,391;271;410;294;255;622;645;430
1,29681,29736,1,0,0,8,1,439;319;458;342;303;670;693;478
1,29693,29764,1,0,0,8,1,427;300;446;330;291;658;681;466
1,29931,29998,1,0,0,11,1,189;69;208;92;53;375;400;228;228;391;590
1,29995,30051,1,0,0,10,1,125;5;144;28;356;379;164;164;327;526
1,29916,29994,1,0,0,11,1,204;84;223;107;68;375;458;243;243;406;605
1,29918,29997,1,0,0,11,5,202;82;221;105;66;375;400;241;241;404;603
1,29840,30045,1,0,0,10,2,280;154;299;183;144;429;534;319;319;482
1,29861,29919,1,0,0,10,1,259;139;278;162;123;385;513;298;298;461
1,29790,30036,1,0,0,10,8,330;210;349;233;194;561;584;369;369;532
1,29830,30075,1,0,0,10,5,290;170;309;193;154;429;544;329;329;492
1,29143,29218,1,0,0,7,1,1;21;396;0;278;144;309
1,29139,29413,1,0,0,7,3,5;25;400;4;282;159;313
1,29173,29248,1,0,0,5,2,366;248;83;279;947
1,29164,29419,1,0,0,6,3,0;375;257;134;288;956
0,29299,29386,1,0,0,4,0,240;122;153;821
1,29227,29469,1,0,0,5,3,312;194;71;225;893
0,29342,29397,1,0,0,5,0,197;79;110;712;658
1,29339,29420,1,0,0,5,1,200;82;113;781;661
1,29404,29684,1,0,0,7,2,135;17;48;712;596;735;619
0,29365,29419,1,0,0,7,0,174;56;87;712;635;774;658
0,29446,29532,1,0,0,7,0,93;6;671;495;693;577;538
1,29423,29480,1,0,0,6,2,116;29;697;495;716;600
0,29544,29625,1,0,0,6,0,576;456;595;479;440;807
1,29457,29510,1,0,0,7,1,82;663;495;682;566;527;894
0,29622,29679,1,0,0,7,0,498;378;517;401;362;729;752
0,29558,29624,1,0,0,6,0,562;442;581;465;426;793
1,28648,28711,1,0,0,9,2,2;209;123;146;51;496;516;891;494
0,28651,28737,1,0,0,9,0,2;206;120;143;48;493;513;888;467
1,28680,28740,1,0,0,9,1,177;91;114;19;464;484;859;463;741
1,28680,28883,1,0,0,9,4,177;91;114;19;464;484;859;463;683
1,28691,28748,1,0,0,9,1,145;80;103;8;453;473;848;452;683
1,28727,28783,1,0,0,8,1,130;44;67;417;437;812;416;677
1,28739,28990,1,0,0,8,4,118;32;55;405;425;800;404;677
1,28740,28806,1,0,0,8,1,117;31;54;404;424;799;403;667
0,28771,28849,1,16,0,9,0,86;0;23;373;393;768;372;650;527
1,28788,29075,1,0,0,8,6,69;6;356;376;751;355;633;510
1,28861,28943,1,0,0,7,2,283;303;678;282;560;437;591
1,28879,29155,1,0,0,7,6,265;285;660;264;542;368;573
0,28907,28962,1,0,0,7,0,237;257;632;236;514;351;545
0,28912,28988,1,0,0,7,0,232;252;627;231;509;351;540
0,28992,29051,1,0,0,7,0,152;172;547;151;429;306;460
1,29116,29391,1,0,0,7,3,28;48;423;27;305;182;336
1,28304,28575,1,0,0,6,5,11;374;553;467;490;395
1,28252,28319,1,0,0,7,1,51;63;426;605;519;542;447
1,28234,28318,1,0,0,6,1,69;81;444;623;537;560
0,28212,28265,1,0,0,6,0,91;103;466;645;559;582
0,28377,28434,1,0,0,6,0,301;408;394;417;322;767
0,28354,28425,1,0,0,6,0,324;408;417;440;345;790
0,28341,28426,1,0,0,5,0,337;408;430;453;358
0,28326,28414,1,0,0,5,0,352;408;445;468;373
1,28481,28730,1,0,0,7,3,197;376;152;313;218;663;683
1,28462,28529,1,0,0,7,1,216;395;152;332;237;682;702
1,28415,28691,1,0,0,6,3,263;408;262;379;284;729
1,28388,28604,1,0,0,6,1,290;408;383;406;311;756
1,28646,28713,1,0,0,9,2,2;211;125;148;53;498;518;893;497
1,28632,28682,1,0,0,9,1,23;225;139;162;67;512;532;907;511
1,28626,28678,1,0,0,9,1,49;231;145;168;73;518;538;913;517
0,28518,28603,1,0,0,7,0,49;339;152;276;181;626;646
1,27731,27995,1,0,0,8,5,78;5;308;381;248;395;350;572
1,27748,27812,1,0,0,7,1,62;291;364;231;378;333;555
1,27684,27751,1,0,0,10,1,78;52;9;37;355;428;295;432;397;619
0,27707,27774,1,0,0,9,0,78;29;14;332;405;272;419;374;596
1,27929,28207,1,0,0,8,3,110;183;50;197;152;374;386;749
1,27988,28071,1,0,0,7,1,51;124;138;93;315;306;690
0,27873,27928,1,15,0,8,0,166;239;106;253;208;430;442;805
0,27928,28017,1,0,0,8,0,111;184;51;198;153;375;387;750
1,28055,28134,1,0,0,8,2,57;62;26;248;260;623;802;716
1,28059,28287,1,0,0,8,5,53;41;22;244;256;619;798;712
1,28041,28125,1,0,0,8,2,71;85;40;262;274;637;816;730
1,28043,28112,1,0,0,8,1,69;62;38;260;272;635;814;728
0,28138,28210,1,0,0,5,0,165;177;540;719;633
1,28158,28233,1,0,0,5,1,145;157;520;699;613
1,28082,28132,1,0,0,7,2,30;41;221;233;596;775;689
1,28096,28152,1,0,0,7,1,16;30;207;219;582;761;675
1,27113,27348,1,0,0,9,3,311;340;450;439;697;623;580;608;926
1,27113,27393,1,0,0,9,7,311;308;450;439;697;623;580;608;926
0,27053,27141,1,0,0,9,0,4;371;400;510;499;757;683;640;668
1,27007,27284,1,0,0,8,5,42;417;446;556;543;803;729;686
1,26999,27058,1,0,0,8,1,58;425;454;564;543;811;737;694
1,26976,27059,1,0,0,8,2,81;448;477;587;543;834;760;717
1,26933,27204,1,0,0,7,6,124;491;520;630;619;877;803
1,26874,26934,1,0,0,6,1,183;16;550;550;689;678
0,26840,26929,1,0,0,6,0,217;50;584;550;723;712
1,26828,26907,1,0,0,7,1,229;62;4;596;550;735;724
0,26770,26829,1,15,0,8,0,287;120;62;654;48;550;793;782
0,26752,26827,1,0,0,8,0,305;138;80;663;66;550;811;800
0,26725,26795,1,0,0,8,0,17;332;165;107;663;93;550;838
1,26714,27003,1,0,0,9,3,28;343;9;176;118;663;104;739;849
1,26668,26965,1,0,0,9,5,63;383;55;222;164;756;150;785;895
1,26661,26745,1,0,0,9,1,63;396;62;229;171;763;157;792;902
1,27664,27868,1,0,0,10,5,146;72;29;57;375;448;315;443;417;639
1,27678,27924,1,0,0,10,6,132;58;15;43;361;434;301;432;403;625
1,27624,27712,1,0,0,10,1,186;112;69;97;415;488;355;502;457;679
1,27645,27866,1,0,0,10,5,165;91;48;76;394;467;334;481;436;658
1,27531,27620,1,0,0,12,1,32;21;279;205;162;190;508;581;74;448;595;550
1,27593,27816,1,0,0,11,8,217;143;100;128;446;519;12;386;508;488;710
0,27450,27534,1,0,0,13,0,3;113;102;360;286;243;271;589;662;155;529;676;588
1,27456,27529,1,0,0,12,1,107;96;354;280;237;265;583;656;149;523;670;588
0,27444,27519,1,0,0,13,0,9;119;108;366;292;249;277;595;668;161;535;682;588
0,27448,27518,1,0,0,13,0,5;115;104;362;288;245;273;591;664;157;531;678;588
0,27398,27462,1,0,0,13,0,26;55;165;140;412;338;295;323;641;714;207;581;728
1,27435,27522,1,0,0,13,2,18;128;117;375;301;258;286;604;677;170;544;691;646
0,27370,27450,1,0,0,13,0,54;83;193;182;440;366;323;351;669;742;235;609;756
1,27378,27462,1,0,0,13,4,46;75;185;174;432;358;315;343;661;734;227;601;748
0,27191,27255,1,0,0,10,0,233;262;372;361;619;545;502;530;848;921
1,27222,27284,1,0,0,11,1,202;231;341;330;588;514;471;499;817;890;383
0,26014,26079,1,0,0,6,0,3;86;425;517;268;728
1,25978,26258,1,0,0,6,4,39;122;461;553;417;764
1,26060,26148,1,0,0,5,1,40;379;471;268;682
0,26038,26105,1,0,0,5,0,62;401;493;268;704
0,25896,25955,1,0,0,7,0,18;56;204;543;635;499;846
1,25863,26096,1,0,0,7,3,51;87;237;576;668;532;879
0,25950,26002,1,0,0,6,0,56;150;489;555;445;792
1,25924,26002,1,0,0,6,2,56;176;515;607;471;818
1,25664,25715,1,0,0,6,1,179;47;250;353;436;775
1,25632,25685,1,0,0,7,1,3;211;79;282;385;468;807
1,25831,26087,1,0,0,8,3,12;83;186;269;608;700;564;911
0,25671,25743,1,0,0,6,0,172;20;243;346;429;768
0,25522,25597,1,0,0,9,0,3;55;113;321;3;166;79;392;495
1,25521,25723,1,0,0,9,4,4;55;114;322;4;190;80;393;496
0,25607,25677,1,0,0,6,0,28;236;104;307;410;493
1,25552,25621,1,0,0,8,1,40;83;291;159;49;362;465;548
0,26406,26482,1,0,0,8,0,33;125;336;619;317;484;426;1018
1,26420,26470,1,0,0,8,1,19;111;322;619;303;470;412;1004
1,26608,26659,1,0,0,8,1,134;449;115;282;224;816;210;845
1,26649,26726,1,0,0,9,1,93;408;74;241;183;775;169;804;914
1,26335,26421,1,0,0,8,1,104;196;60;373;722;388;555;497
1,26358,26441,1,0,0,8,1,81;173;37;373;699;365;532;474
1,26393,26460,1,0,0,8,1,46;138;2;349;664;330;497;439
1,26399,26456,1,0,0,7,1,40;132;343;648;324;491;433
1,26276,26551,1,0,0,7,5,163;255;119;466;781;447;614
1,26278,26532,1,0,0,7,3,161;253;92;464;779;445;612
1,26299,26387,1,0,0,8,1,140;232;92;443;745;424;591;533
1,26300,26383,1,0,0,8,1,139;231;92;417;745;423;590;532
1,26088,26346,1,0,0,5,4,12;351;443;248;654
1,26108,26333,1,0,0,4,3,331;423;239;634
1,26141,26223,1,0,0,5,1,298;390;239;559;916
1,26165,26240,1,0,0,6,1,274;366;207;559;892;558
0,24933,24983,1,0,0,6,0,495;592;242;556;659;702
0,24862,24927,1,0,0,5,0,510;634;313;556;730
1,24838,25129,1,0,0,5,3,510;634;337;674;754
1,24811,24893,1,0,0,4,1,510;714;364;701
1,24965,25024,1,0,0,7,1,463;560;152;547;627;670;878
1,24958,25016,1,0,0,6,1,470;567;164;554;634;677
1,24956,25216,1,0,0,6,4,472;569;173;556;636;679
1,24943,25030,1,0,0,6,1,485;582;232;556;649;692
0,24613,24699,1,0,0,3,0,161;51;815
0,24556,24615,1,0,0,3,0,49;218;108
0,24533,24611,1,0,0,4,0,72;9;241;131
0,24516,24745,1,0,0,4,0,89;26;258;148
0,24765,24843,1,0,0,3,0,9;510;760
1,24756,25016,1,0,0,3,2,18;672;769
0,24750,24833,1,0,0,3,0,24;678;775
0,24632,24721,1,0,0,3,0,142;32;796
1,25225,25454,1,0,0,11,7,203;291;287;367;410;618;300;463;376;280;689
1,25246,25330,1,0,0,11,1,182;279;266;344;389;597;279;463;355;259;668
1,25209,25272,1,0,0,11,1,219;316;303;383;426;634;316;502;392;296;705
1,25224,25468,1,0,0,11,8,204;301;288;368;411;619;301;463;377;281;690
0,25382,25439,1,0,0,12,0,46;143;130;210;253;461;143;329;219;123;532;635
1,25516,25806,1,0,0,9,4,9;76;119;327;9;195;85;398;501
1,25299,25356,1,0,0,12,1,129;226;213;293;336;544;226;412;302;206;615;718
1,25318,25386,1,0,0,12,2,110;207;194;274;317;525;207;393;283;187;596;699
1,25034,25101,1,0,0,9,2,394;491;141;478;558;601;809;491;677
1,25057,25108,1,0,0,9,2,371;468;118;455;535;578;786;468;654
1,24976,25258,1,0,0,7,4,436;549;152;536;616;659;867
1,25007,25080,1,0,0,9,2,405;518;152;505;585;628;836;518;704
1,25089,25178,1,0,0,9,2,339;436;49;423;503;546;754;436;622
1,25148,25226,1,0,0,10,2,280;377;27;364;444;487;695;377;563;453
1,25063,25142,1,0,0,9,1,365;462;87;449;529;572;780;462;648
1,25079,25363,1,0,0,9,9,349;446;87;433;513;556;764;446;632
1,23369,23439,1,0,0,9,2,173;330;147;171;86;133;330;489;529
1,23323,23410,1,0,0,9,4,219;376;193;217;132;133;342;535;575
1,23554,23620,1,0,0,7,1,145;151;304;344;424;656;576
1,23399,23461,1,0,0,10,2,143;300;117;141;56;114;306;451;499;579
1,23575,23651,1,0,0,7,2,124;130;283;323;403;634;555
1,23566,23635,1,0,0,7,1,133;132;292;332;412;644;564
1,23657,23722,1,16,0,8,1,27;48;201;241;321;553;473;948
1,23652,23900,1,0,0,8,5,47;53;206;246;326;558;478;953
1,23186,23265,1,0,0,8,1,356;492;330;354;269;327;519;644
1,23147,23216,1,0,0,9,1,0;391;552;369;393;308;366;558;644
0,23207,23278,1,0,0,8,0,335;492;309;333;227;306;498;630
1,23205,23288,1,0,0,8,1,337;492;311;335;250;308;500;630
1,23257,23311,1,0,0,8,1,285;442;259;283;198;256;448;595
1,23213,23288,1,0,0,8,1,329;486;303;327;227;300;492;630
1,23320,23398,1,0,0,8,3,222;379;196;220;135;133;385;538
1,23316,23391,1,0,0,8,1,226;383;200;224;139;197;389;542
1,24087,24171,1,0,0,7,1,123;43;518;419;195;455;687
1,24125,24422,1,0,0,8,5,85;5;480;381;159;417;649;539
0,24148,24224,1,0,0,7,0,62;457;358;136;394;626;516
1,24245,24312,1,0,0,6,1,360;261;39;297;529;419
1,24296,24522,1,0,0,5,4,309;210;246;478;368
1,24311,24377,1,0,0,5,1,294;195;163;463;353
0,24420,24501,1,0,0,5,0,185;86;122;354;244
0,24477,24534,1,0,0,5,0,128;29;65;297;187
1,23829,23883,1,0,0,8,1,29;69;149;381;301;776;677;455
1,23834,23909,1,0,0,8,2,24;64;105;376;296;771;672;450
1,23866,23944,1,0,0,7,1,32;105;344;264;739;640;418
1,23887,24087,1,0,0,7,3,11;91;323;243;718;619;354
1,23952,24018,1,0,0,7,1,26;258;178;653;554;332;590
1,23971,24059,1,0,0,7,1,7;239;159;634;535;313;571
1,24010,24063,1,0,0,6,1,200;120;595;496;274;532
1,24073,24141,1,0,0,7,1,137;57;532;433;211;469;701
1,22443,22501,1,0,0,10,1,158;94;309;374;617;461;553;644;704;423
1,22457,22508,1,0,0,10,1,144;80;295;360;603;447;539;630;690;409
1,22366,22426,1,0,0,8,1,235;171;386;451;667;538;630;721
1,22420,22484,1,0,0,10,1,181;117;332;397;640;484;576;667;727;446
1,22297,22356,1,0,0,9,1,278;23;6;240;455;520;667;607;699
1,22303,22588,1,0,0,9,6,278;17;0;234;449;496;667;601;693
0,22270,22346,1,0,0,8,0,331;50;33;267;482;547;667;634
1,22280,22345,1,0,0,9,1,321;40;23;257;472;537;667;624;716
1,22548,22619,1,0,0,9,1,53;204;269;512;356;448;539;599;297
1,22574,22799,1,0,0,10,6,27;178;243;486;330;422;513;573;292;532
1,22520,22592,1,0,0,10,4,81;17;214;297;529;384;476;567;627;329
1,22547,22793,1,0,0,9,6,54;205;270;513;357;449;540;600;319
1,22500,22750,1,0,0,10,5,94;37;214;317;560;404;496;587;647;366
1,22512,22572,1,0,0,10,3,89;25;214;305;529;392;484;575;635;354
1,22495,22577,1,0,0,10,1,106;42;257;322;565;409;501;592;652;371
1,22498,22550,1,0,0,10,2,103;39;214;319;562;406;498;589;649;368
1,22976,23029,1,0,0,12,1,84;20;111;171;130;566;723;540;564;479;537;727
1,22962,23013,1,0,0,12,1,98;34;125;185;144;580;737;554;578;493;551;743
0,22895,22950,1,0,0,10,0,165;9;101;192;252;211;647;804;621;645
1,22865,22919,1,0,0,10,1,195;39;131;222;282;1;241;677;834;651
1,22833,22891,1,0,0,8,1,227;71;163;254;314;33;273;709
1,22778,22832,1,0,0,9,1,39;282;126;218;309;369;88;328;764
1,22647,22717,1,0,0,10,2,105;170;413;257;349;440;500;219;459;895
1,22587,22637,1,0,0,10,1,14;164;230;473;317;409;500;560;279;519
1,23128,23332,1,0,0,9,5,19;391;571;388;412;327;385;577;730
0,23111,23168,1,0,0,9,0,36;391;588;405;429;338;402;594;747
1,23102,23374,1,0,0,10,8,45;4;440;597;414;438;338;411;596;756
1,23096,23351,1,0,0,10,5,51;10;446;603;420;444;359;417;596;762
1,23092,23171,1,0,0,10,1,55;14;450;607;424;448;363;421;613;766
1,23012,23082,1,0,0,12,1,48;75;135;94;530;653;504;528;399;501;693;846
1,23005,23059,1,0,0,12,1,55;82;142;101;537;653;511;535;450;508;700;853
1,23002,23075,1,0,0,12,1,58;85;145;104;540;693;514;538;453;511;703;856
0,21415,21474,1,0,0,9,0,9;54;165;235;264;197;510;830;553
1,21431,21481,1,0,0,9,1,38;149;219;248;181;494;814;537;595
0,21451,21516,1,0,0,9,0,18;129;199;228;161;474;794;517;575
0,21460,21517,1,0,0,9,0,9;120;190;219;152;465;785;508;566
0,21339,21428,1,0,0,9,0,60;35;130;177;311;340;273;586;906
1,21357,21408,1,0,0,9,3,42;35;112;177;293;322;255;568;888
1,21381,21440,1,0,0,9,1,18;35;88;177;269;298;231;544;864
0,21386,21447,1,0,0,9,0,13;9;83;177;264;293;226;539;859
1,21597,21661,1,0,0,8,2,53;82;15;328;648;371;315;990
1,21619,21689,1,0,0,8,2,31;56;306;626;349;315;982;701
1,21642,21693,1,0,0,8,1,8;35;283;603;326;315;959;678
1,21656,21732,1,0,0,7,1,23;269;589;283;315;945;664
0,21476,21565,1,0,0,8,0,104;174;203;136;449;769;492;550
0,21551,21638,1,0,0,8,0,29;99;128;61;374;694;417;475
1,21578,21652,1,0,0,9,1,2;72;101;34;347;667;390;448;1023
1,21585,21861,1,0,0,8,3,65;94;27;340;660;383;441;990
1,21937,22025,1,0,0,8,1,308;31;89;664;383;366;6;600
1,21885,22102,1,0,0,8,2,40;360;83;141;716;435;418;58
0,22013,22086,1,0,0,7,0,232;13;588;307;290;524;739
0,21949,22009,1,0,0,7,0,296;6;77;652;371;354;588
1,21700,21949,1,0,0,7,4,225;545;254;315;901;620;603
1,21687,21747,1,0,0,7,1,238;558;254;315;914;633;616
1,21781,22033,1,0,0,7,6,144;464;187;245;820;539;522
1,21732,22011,1,0,0,7,6,193;513;236;294;869;588;571
1,22208,22464,1,0,0,9,3,37;393;112;95;329;544;609;852;696
1,22151,22234,1,0,0,7,2,94;450;169;125;386;601;666
1,22234,22313,1,0,0,9,2,8;367;86;69;303;518;583;667;670
1,22211,22268,1,16,0,9,2,34;390;109;92;326;541;606;667;693
0,22039,22127,1,0,0,6,0,206;562;281;264;498;713
0,22028,22100,1,0,0,6,0,217;573;292;275;509;724
1,22138,22194,1,0,0,7,2,107;463;182;165;399;614;679
1,22102,22340,1,0,0,6,6,143;499;218;201;435;650
0,20408,20484,1,0,0,8,0,29;143;277;488;991;570;574;818
0,20463,20522,1,0,0,7,0,88;222;449;936;515;519;763
0,20362,20429,1,0,0,7,0,24;75;189;323;550;1037;574
1,20396,20450,1,0,0,8,1,41;155;289;516;1003;574;586;830
1,20543,20593,1,0,0,8,1,8;142;369;856;435;439;683;471
1,20623,20678,1,0,0,8,1,62;289;776;355;359;603;401;801
1,20500,20577,1,0,0,8,1,51;185;412;899;478;482;726;524
1,20508,20580,1,0,0,8,1,43;177;402;891;470;474;718;516
1,20770,20859,1,0,0,10,2,142;629;208;212;456;254;654;512;699;810
1,20778,20860,1,0,0,11,2,134;621;200;204;448;246;646;504;691;802;872
1,20679,20731,1,0,0,10,2,6;233;720;299;303;547;345;745;603;790
1,20686,20928,1,0,0,9,7,226;713;292;296;540;338;721;596;783
1,20905,21171,1,0,0,13,10,7;494;73;77;321;119;519;377;564;675;745;774;375
1,20912,20993,1,0,0,13,3,0;487;66;70;314;112;512;370;557;668;738;767;368
0,20837,20917,1,0,0,13,0,75;562;141;145;389;187;587;445;632;743;813;842;443
0,20885,20957,1,0,0,13,0,27;514;93;97;341;139;539;397;584;695;765;794;395
1,20968,21024,1,0,0,12,1,431;10;14;258;56;456;314;501;612;661;711;308
1,20948,21011,1,0,0,12,2,451;30;34;278;76;476;334;521;632;661;731;332
1,20929,21212,1,0,0,12,9,470;49;53;297;95;495;353;540;651;721;750;351
1,20920,20996,1,0,0,12,1,479;58;62;306;104;504;362;549;660;730;759;360
0,21036,21096,1,0,0,10,0,363;190;388;246;433;544;614;643;244;576
1,21036,21122,1,0,0,10,1,363;190;388;246;433;544;614;643;244;576
0,21020,21090,1,0,0,11,0,379;206;4;404;262;449;560;630;659;260;592
1,21005,21073,1,0,0,11,2,394;221;19;419;277;464;575;645;674;275;607
1,21217,21300,1,0,0,10,2,182;9;207;65;252;363;433;462;63;395
1,21150,21223,1,0,0,10,2,249;76;274;132;319;430;500;529;117;462
1,21129,21204,1,0,0,10,2,270;97;295;153;340;451;521;550;151;483
1,21049,21311,1,0,0,10,7,350;177;375;233;420;531;601;630;231;563
1,21336,21394,1,0,0,9,1,63;88;133;177;314;343;276;589;909
1,21321,21563,1,0,0,8,5,78;103;148;259;329;358;291;604
1,21252,21332,1,0,0,10,1,147;172;30;217;318;398;427;28;360;673
1,21236,21302,1,0,0,9,1,163;188;46;233;318;414;443;44;376
1,19305,19594,1,0,0,8,5,51;12;54;193;246;324;886;484
1,19329,19409,1,0,0,7,1,27;30;169;222;219;862;460
0,19377,19433,1,0,0,5,0,121;174;219;814;394
1,19446,19509,1,0,0,5,1,52;105;183;745;343
1,19453,19540,1,0,0,5,1,45;76;176;738;336
0,19574,19630,1,0,0,4,0,55;617;215;812
0,19582,19647,1,0,0,4,0,47;609;207;804
0,19604,19682,1,0,0,4,0,25;587;185;782
0,19637,19704,1,0,0,3,0,554;152;749
1,19663,19913,1,0,0,3,2,528;126;723
1,19700,19780,1,0,0,3,1,409;89;686
0,19712,19792,1,0,0,3,0,409;77;674
0,19735,19793,1,0,0,3,0,409;54;651
0,19766,19855,1,0,0,4,0,409;23;620;671
1,19798,20006,1,0,0,5,2,393;588;639;539;753
0,19829,19882,1,0,0,5,0,362;557;608;388;722
0,19905,19970,1,0,0,6,0,286;481;532;388;646;780
0,19841,19902,1,0,0,5,0,350;545;596;388;710
0,19992,20046,1,0,0,6,0,199;394;445;345;559;693
1,19914,19995,1,0,0,6,1,277;472;523;388;637;771
1,20050,20112,1,0,0,6,1,141;336;387;287;501;635
1,20002,20081,1,0,0,6,1,189;384;435;335;549;683
1,20113,20172,1,0,0,6,1,78;273;324;224;438;572
1,20064,20123,1,0,0,6,1,127;322;373;273;487;621
1,20147,20207,1,0,0,7,1,44;239;290;188;404;538;765
1,20147,20227,1,0,0,7,1,44;239;290;153;404;538;765
0,20209,20276,1,0,0,6,0,177;228;128;342;476;703
1,20151,20204,1,0,0,7,1,40;235;286;153;400;534;761
0,20313,20393,1,0,0,8,0,73;124;24;238;372;599;1086;665
0,20244,20321,1,0,0,6,0,142;193;93;307;441;668
1,20356,20442,1,0,0,7,1,30;81;195;329;556;1043;622
0,20334,20404,1,0,0,8,0,52;103;3;217;351;578;1065;644
0,364,444,1,0,0,5,0,121;519;100;422;588
0,365,437,1,0,0,5,0,121;519;100;421;587
1,377,581,1,0,0,5,1,121;519;100;409;575
0,405,456,1,0,0,6,0,121;495;100;259;547;697
0,419,476,1,0,0,6,0,121;481;100;259;533;683
0,432,501,1,0,0,6,0,121;468;100;259;520;670
1,453,688,1,0,0,6,4,121;447;100;259;499;649
1,485,692,1,16,0,6,1,121;415;100;259;467;617
1,495,569,1,0,0,6,2,116;405;100;231;457;607
1,517,786,1,0,0,6,3,89;383;100;231;435;585
1,552,603,1,0,0,6,1,59;348;87;231;400;550
1,574,795,1,0,0,6,3,37;326;82;212;378;528
1,588,675,1,0,0,6,3,23;312;68;198;364;442
1,646,708,1,0,0,6,1,254;10;140;306;442;612
1,693,745,1,0,0,5,1,207;93;259;409;565
1,695,757,1,0,0,5,1,176;91;257;407;563
0,4,65,1,0,0,0,0,
0,0,73,1,0,0,0,0,
0,114,173,1,0,0,3,0,497;786;542
0,37,107,1,0,0,1,0,574
1,203,491,1,0,0,4,4,307;697;453;583
1,164,439,1,0,0,4,1,447;736;492;622
1,230,482,1,0,0,4,3,121;670;426;556
0,218,306,1,0,0,4,0,121;682;438;568
0,282,337,1,0,0,5,0,121;519;374;504;670
0,235,287,1,0,0,4,0,121;519;421;551
0,317,382,1,0,0,5,0,121;519;100;469;635
1,306,575,1,0,0,5,2,121;519;350;480;646
0,2672,2761,1,0,0,11,0,42;88;165;4;28;415;707;720;690;676;424
1,2709,2937,1,0,0,9,6,5;51;128;378;670;683;653;639;387
0,2713,2775,1,0,0,9,0,1;47;107;374;666;679;649;635;383
0,2720,2776,1,0,0,8,0,40;107;367;659;672;642;628;376
1,2558,2621,1,0,0,10,1,156;20;202;279;106;80;142;529;821;834
1,2561,2640,1,0,0,10,1,153;17;199;276;106;77;139;526;818;831
1,2576,2819,1,0,0,10,4,138;2;184;261;100;15;124;511;803;816
1,2588,2655,1,0,0,9,4,123;172;249;88;15;112;499;791;804
1,2805,3014,1,0,0,7,5,32;282;574;587;493;537;291
1,2827,2892,1,0,0,7,1,10;260;552;565;493;521;269
1,2851,3129,1,0,0,6,5,236;528;541;471;497;245
1,2860,2937,1,0,0,6,1,227;519;446;471;488;236
1,2734,2806,1,0,0,8,2,26;103;353;645;658;628;614;362
1,2751,3033,1,0,0,8,4,9;86;336;628;641;611;560;345
1,2792,3023,1,0,0,7,5,45;295;587;600;494;556;304
1,2802,2883,1,0,0,7,1,35;285;577;590;494;537;294
1,2208,2290,1,0,0,12,3,25;29;185;32;131;506;370;552;71;629;468;417
1,2170,2252,1,0,0,12,2,63;67;223;67;169;529;408;590;109;667;506;468
1,2286,2340,1,0,0,9,2,107;53;421;292;474;551;390;352;414
1,2280,2513,1,0,0,9,4,113;59;434;298;480;557;396;358;420
1,2096,2338,1,0,0,11,5,137;141;297;4;144;243;618;482;664;183;741
1,2032,2111,1,0,0,10,2,201;205;361;38;208;307;682;546;728;247
1,2146,2198,1,0,0,11,2,87;91;247;67;193;568;432;614;133;691;530
1,2136,2421,1,0,0,11,8,97;101;257;104;203;578;442;624;143;701;540
1,2477,2532,1,0,0,9,2,236;101;283;360;199;161;223;610;902
1,2464,2521,1,0,0,9,1,250;114;296;373;212;174;236;623;915
1,2525,2582,1,0,0,9,2,189;53;235;312;151;113;175;562;854
1,2490,2571,1,0,0,9,2,224;88;270;334;186;148;210;597;889
1,2323,2379,1,0,0,9,2,70;16;391;255;437;514;353;315;377
1,2291,2361,1,0,0,9,1,102;48;421;287;469;546;385;347;409
1,2370,2656,1,0,0,8,5,23;339;208;390;467;306;268;330
1,2353,2413,1,0,0,8,1,40;361;225;407;484;323;285;347
1,1699,1771,1,0,0,11,2,156;534;305;243;538;632;401;541;640;1015;276
1,1757,1845,1,0,0,11,2,98;476;247;185;480;632;343;483;582;957;227
1,1660,1885,1,0,0,12,5,29;195;573;344;282;577;733;440;580;679;1054;324
1,1692,1760,1,0,0,11,2,163;541;312;250;545;632;408;548;647;1022;292
1,1564,1651,1,0,0,17,3,28;125;37;19;291;80;669;440;378;68;673;829;536;676;775;1150;420
1,1595,1653,1,0,0,15,2,94;6;260;49;638;409;347;37;642;798;505;645;744;1119;389
1,1303,1359,1,0,0,8,1,289;386;202;259;280;205;552;341
1,1495,1552,1,0,0,16,1,97;194;10;106;88;13;360;149;738;509;447;137;742;898;605;745
1,1948,2023,1,0,0,10,1,285;56;289;445;152;292;391;766;36;630
1,2027,2115,1,0,0,10,1,206;210;366;73;213;312;687;551;733;252
1,1897,2104,1,0,0,10,6,336;107;45;340;496;175;343;442;817;81
1,1920,2002,1,15,0,11,3,313;84;22;317;473;175;313;419;794;64;658
1,1866,1932,1,0,0,10,2,367;138;76;371;527;234;374;473;848;118
1,1889,1958,1,0,0,10,1,344;115;53;348;504;211;351;450;825;81
1,1795,1872,1,0,0,11,2,60;438;209;147;442;598;305;445;544;919;189
1,1854,1920,1,0,0,11,2,1;379;150;88;383;539;246;386;485;860;130
1,943,1229,1,0,0,8,6,9;159;315;649;746;562;658;640
1,921,987,1,0,0,8,2,31;181;337;671;768;584;680;662
1,852,1087,1,0,0,9,5,48;100;250;405;740;837;653;749;731
1,837,889,1,0,0,8,1,63;115;265;421;755;852;668;764
1,809,874,1,0,0,7,2,86;143;293;445;783;880;696
1,807,864,1,0,0,7,1,93;145;295;445;785;882;698
1,783,842,1,0,0,6,1,117;3;169;319;475;809
1,709,932,1,0,0,6,3,176;77;243;386;549;883
1,1280,1512,1,0,0,8,4,312;409;225;259;303;228;575;364
1,1261,1477,1,0,0,8,4,331;428;244;340;322;247;594;383
1,1205,1275,1,0,0,8,1,53;387;484;300;396;378;303;650
1,1115,1168,1,0,0,7,1,134;461;574;390;486;433;393
1,1111,1189,1,0,0,7,1,134;461;578;394;490;472;397
1,1100,1166,1,0,0,8,2,2;158;461;589;405;501;483;408
1,1098,1175,1,0,0,8,2,4;160;494;591;407;503;485;410
0,1039,1092,1,0,0,7,0,63;219;553;650;466;562;531
354
13980,15270,200.31,10
13882,14832,239.28,9
14297,15040,0.00,10
14122,15076,444.59,9
13578,14016,51.22,9
13537,14407,0.00,10
13860,14598,242.71,9
13684,14417,0.00,11
13447,14259,40.23,9
13443,13762,0.00,8
13535,13964,57.72,11
13512,14033,227.63,9
13092,13892,0.00,9
12681,13371,51.71,8
13405,14256,215.26,10
13355,14034,113.33,8
15301,15957,0.00,10
15376,16092,163.70,11
15552,16214,39.89,11
15697,16438,120.58,11
14905,15853,223.82,9
14945,15876,0.00,11
14993,15594,0.00,11
15177,15897,0.00,10
14549,15263,0.00,10
14594,15544,137.29,8
14805,15616,38.95,10
14837,15295,0.00,9
14364,15115,0.00,8
14438,15011,165.47,8
14488,15359,28.69,10
14518,15422,0.00,8
17088,18092,143.45,11
17077,17776,0.00,10
16998,17789,0.00,8
16882,17399,342.04,10
16662,17145,50.93,10
16555,16882,97.16,9
16544,17360,0.00,11
16470,16898,0.00,8
16428,17341,492.74,9
16371,16880,134.07,8
16145,16891,0.00,9
15971,16966,25.08,10
15971,16638,0.00,8
15773,16412,152.46,9
15762,16126,85.67,8
15700,16385,0.00,8
18387,19219,0.00,8
18407,18821,0.00,9
17919,18889,185.69,8
18172,18912,174.49,10
17851,18624,9.68,9
17875,18495,0.00,8
17775,18369,0.00,9
17799,18698,0.00,11
17507,18056,69.94,11
17757,18399,195.20,8
17408,18194,0.00,8
17496,18521,0.00,8
17334,17935,165.73,9
17375,18191,68.83,9
17130,17797,0.00,8
17187,17888,0.00,11
19080,19629,122.18,9
19036,19551,79.09,9
19261,19789,78.18,10
19145,20191,122.03,11
19745,20437,0.00,11
19493,20386,0.00,9
19796,20551,0.00,10
19792,20337,281.47,10
18619,19253,0.00,9
18439,18884,0.00,11
18630,19125,116.50,11
18626,19356,308.54,11
18895,19317,0.00,10
18647,19288,154.65,8
19017,19498,0.00,8
18999,19359,0.00,9
20649,21282,0.00,8
20654,21469,55.26,10
20768,21580,141.61,10
20777,21650,60.95,8
20786,21679,51.55,11
20790,21280,87.26,8
20983,21612,0.00,10
21241,21925,0.00,11
19899,20685,0.00,8
20130,20912,138.04,8
20279,21399,0.00,8
20286,20978,48.21,10
20367,20982,0.00,11
20375,21226,0.00,9
20497,21024,55.75,9
20584,21424,168.97,9
22170,22904,0.00,9
22159,23060,341.53,8
22110,22817,59.31,10
21990,22752,92.03,10
22409,22866,90.74,9
22399,23147,0.00,9
22337,23087,69.12,10
22275,22996,0.00,8
21572,22601,148.58,11
21425,22026,156.01,9
21391,21968,118.11,8
21333,22245,67.52,9
21918,22537,0.00,9
21845,21943,0.00,10
21685,22303,51.13,9
21601,22320,0.00,8
23398,23978,44.73,10
23442,24210,75.88,9
23002,23858,194.49,9
23321,23898,0.00,9
23744,24506,0.00,11
146,786,194.70,9
23782,24284,137.64,11
64,656,263.22,9
23536,24130,0.00,11
43,900,243.49,11
23608,24605,39.04,9
5,611,355.50,9
22848,23699,194.37,10
705,1592,52.88,10
22860,23516,0.00,9
615,1258,86.95,9
22551,23106,0.00,10
379,1102,108.59,11
22629,23542,49.74,8
274,952,0.00,8
22916,23513,64.23,11
843,1583,201.13,9
22917,23705,108.91,9
811,1601,81.23,8
22889,23540,0.00,9
799,1505,53.98,9
22912,23455,117.41,10
786,1689,0.00,10
1334,2004,0.00,10
1339,1942,0.00,9
1351,1632,0.00,8
1423,2237,0.00,9
1081,1508,0.00,9
1123,1855,0.00,11
1256,1644,0.00,10
1322,2233,0.00,9
1553,2714,125.25,11
1554,1984,116.80,11
1916,2578,62.14,9
1957,2760,0.00,9
1468,2393,120.24,8
1484,2100,71.60,8
1487,2240,185.13,8
1528,2339,0.00,11
2371,3087,0.00,9
2219,2700,0.00,8
2557,3392,157.93,9
2380,3379,0.00,8
2071,2837,84.60,9
1978,2279,0.00,9
2160,2638,121.14,10
2128,2676,59.65,8
3029,3634,0.00,11
2944,3552,0.00,9
3276,3985,180.70,8
3209,3836,0.00,10
2636,3348,129.04,11
2608,3362,241.21,9
2916,3860,114.53,11
2652,3096,82.98,8
4202,5011,120.75,10
4391,5306,0.00,10
3771,4719,181.21,11
3954,4851,368.65,9
3691,4216,221.32,10
3769,4243,0.00,9
3312,3755,0.00,9
3563,3832,0.00,11
4792,5440,0.00,9
4794,5703,273.60,10
4634,5396,0.00,9
4725,5501,0.00,8
4558,5323,176.35,8
4630,5573,90.88,10
4462,5800,0.00,10
4472,5119,0.00,11
5494,6320,63.52,11
5399,5888,0.00,11
5359,5621,0.00,11
5350,6040,0.00,10
5158,6059,158.89,11
5105,5740,12.66,9
4899,5896,0.00,9
4841,5493,83.43,9
6124,6771,129.73,9
6078,6522,128.32,8
6047,6418,0.00,11
5753,6295,215.25,8
5660,6530,85.83,8
5575,6459,32.68,10
5558,6657,201.61,8
5522,6312,0.00,10
6258,6827,0.00,11
6374,7446,147.84,8
6679,7289,45.34,8
6693,7176,62.82,9
6780,7324,61.46,8
7034,7949,0.00,8
7042,7730,173.45,10
7066,7416,44.39,10
7118,7992,0.00,8
7181,7974,40.91,8
7248,8032,0.00,10
7308,7604,36.32,8
7341,7751,0.00,10
7386,8364,0.00,8
7458,7790,0.00,10
7545,7717,0.00,11
7710,8615,39.52,9
7615,8402,0.00,10
7816,8614,0.00,9
7742,8508,307.00,11
7952,8688,0.00,10
7868,8746,230.90,10
8101,8777,182.07,8
8079,8882,0.00,9
8501,9201,169.09,9
8488,9447,167.97,9
8544,9605,87.16,8
8504,8857,6.92,8
8635,9323,60.79,9
8618,9245,0.00,9
9046,10033,0.00,11
8840,9354,35.40,9
9594,10146,0.00,8
9661,10123,8.78,8
9085,9809,0.00,11
9226,9896,185.71,9
9866,10748,137.92,10
9878,10498,205.27,9
9673,10459,289.20,8
9812,10456,0.00,8
10096,10763,0.00,10
10156,11116,192.70,9
9888,10519,0.00,8
9931,10663,0.00,11
10586,11630,43.39,9
10686,11534,121.25,8
10249,10692,94.34,9
10455,11268,132.50,11
10969,11858,370.78,8
10891,11441,189.42,10
10857,11448,28.21,9
10708,11294,0.00,11
11690,12183,0.00,8
11316,12283,135.65,8
11082,11729,113.82,11
11037,11682,109.30,9
12013,12307,0.00,8
11848,12744,260.61,11
11754,12667,97.84,11
11703,12027,0.00,9
12440,13009,73.72,10
12303,13245,378.72,9
12230,13007,51.38,9
12051,12481,0.00,10
26179,26890,0.00,9
26148,26723,0.00,11
26130,27057,160.94,10
25803,26742,205.57,10
25744,26395,238.19,8
25710,26531,80.77,9
25627,26439,0.00,9
25526,26100,0.00,10
26892,27736,0.00,8
26890,27810,83.53,9
26744,27552,111.29,9
26647,27563,0.00,9
26537,27453,309.17,10
26523,26818,0.00,9
26404,27424,147.14,9
26295,26832,0.00,9
24810,25512,139.95,8
24813,25592,78.34,9
24664,25525,91.12,9
24792,25175,188.86,8
24098,24664,75.90,8
24582,25428,269.73,11
23895,24542,83.96,10
24021,24774,0.00,8
25185,25914,0.00,10
25251,26017,130.83,11
25127,25601,0.00,11
25161,25505,0.00,8
24994,25525,0.00,10
25006,25711,121.76,10
24895,25635,0.00,10
24963,25843,0.00,11
28847,29452,0.00,8
28747,29298,224.06,10
29307,30000,204.07,10
29148,30120,140.91,9
28535,29539,0.00,11
28431,29164,0.00,11
28662,29421,104.26,9
28552,29143,30.72,8
29667,30159,0.00,10
29598,30374,176.53,11
29773,30322,0.00,11
29736,30159,0.00,10
29359,30023,0.00,8
29348,30139,3.93,9
29457,30351,236.55,11
29440,29984,0.00,8
27195,27605,0.00,11
27237,27979,0.00,10
27273,28126,263.08,10
27432,28081,88.58,11
26963,27693,17.36,9
27020,27721,0.00,8
27061,28039,0.00,11
27158,28112,0.00,8
28010,28771,293.19,9
28190,28794,0.00,9
28238,28699,0.00,9
28354,29144,0.00,10
27538,28303,0.00,11
27761,28315,144.78,9
27857,28678,195.07,9
27989,28857,233.64,8
31419,32244,0.00,9
31408,32162,0.00,10
31109,31896,144.67,8
31068,31489,0.00,8
31553,32403,57.57,11
31503,32435,0.00,9
30006,30645,153.97,10
30075,30787,258.90,8
29915,30521,0.00,11
30004,30558,99.67,10
30316,31043,0.00,11
30566,31051,25.50,8
30183,30974,152.72,10
30276,30796,0.00,10
30671,31472,51.29,8
30733,31335,195.47,8
30570,31536,127.00,10
30590,31303,0.00,10
30979,31967,102.50,11
31022,31733,0.00,10
30923,31699,150.47,8
30960,31669,0.00,10
