1001
1,21876,22114,1,0,0,12,3,13;97;138;61;182;54;87;251;294;273;217;570
1,21875,21952,1,0,0,12,3,14;114;139;62;183;54;88;252;295;274;218;571
1,21872,21959,1,0,0,12,1,17;117;142;65;186;120;91;255;298;277;221;574
1,21830,22101,1,0,0,12,4,59;145;184;107;228;238;133;297;340;319;263;616
1,22060,22128,1,0,0,11,1,8;67;63;89;33;386;856;380;751;996;804
1,22047,22116,1,0,0,12,1,11;21;75;123;102;46;399;869;393;764;1009;817
1,21969,22058,1,0,0,10,1,20;45;89;54;75;201;180;124;477;947
1,21967,22029,1,0,0,10,1,22;47;91;54;76;203;182;126;479;949
0,21677,21731,1,0,0,12,0,212;147;118;337;260;363;371;286;415;493;472;416
1,21662,21742,1,0,0,12,1,227;147;133;352;275;396;371;301;415;508;487;431
1,21650,21732,1,0,0,12,1,239;147;145;364;287;408;371;313;477;520;499;443
1,21639,21707,1,0,0,12,1,250;147;156;375;298;419;429;324;488;531;510;454
1,21777,21831,1,0,0,12,1,112;145;18;237;160;281;291;186;350;393;372;316
1,21712,21973,1,0,0,12,7,177;147;83;302;225;346;350;251;415;458;437;381
1,21712,21769,1,0,0,12,1,177;145;83;302;225;346;350;251;415;458;437;381
1,21691,21778,1,0,0,12,1,198;147;104;323;246;363;371;272;415;479;458;402
1,21440,21509,1,0,0,13,2,11;69;146;449;549;355;574;497;618;628;523;687;730
1,21449,21511,1,0,0,13,2,11;60;123;440;540;346;565;488;609;619;514;678;721
1,21288,21552,1,0,0,9,4,1;252;131;289;601;701;507;726;649
1,21348,21408,1,0,0,11,3,11;131;238;541;641;447;666;589;710;720;615
1,21595,21845,1,0,0,11,7,294;394;200;419;342;432;473;368;532;575;554
0,21622,21689,1,0,0,12,0,267;147;173;392;315;432;446;341;505;548;527;471
1,21541,21612,1,0,0,12,1,45;348;448;254;473;396;517;527;422;586;629;608
1,21577,21665,1,0,0,12,2,9;312;412;218;437;360;481;491;386;550;593;572
0,21116,21188,1,0,0,9,0,26;48;86;17;16;424;393;470;773
1,21141,21219,1,0,0,9,3,1;23;61;17;16;399;368;445;748
1,21045,21333,1,0,0,9,4,44;119;5;157;121;16;495;464;541
1,21113,21325,1,0,0,9,4,29;51;89;31;16;427;396;473;776
1,21214,21264,1,0,0,9,1,17;326;131;372;675;775;581;800;723
1,21279,21334,1,16,0,9,2,10;261;131;307;610;710;516;735;658
1,21186,21238,1,0,0,10,1,16;17;354;323;400;703;803;609;828;751
1,21189,21432,1,0,0,10,6,13;17;327;320;397;700;800;606;825;748
1,20943,21016,1,0,0,9,1,55;155;93;39;235;346;227;597;566
0,20940,20992,1,0,0,9,0,55;155;93;42;235;349;230;600;569
0,20960,21043,1,0,0,10,0,55;155;90;22;226;329;210;580;549;626
0,20957,21030,1,0,0,10,0,55;155;93;25;226;332;213;583;552;629
1,20992,21047,1,0,0,9,1,44;155;58;210;297;178;548;517;594
1,20989,21286,1,0,0,9,6,55;155;61;213;300;181;551;520;597
1,21002,21244,1,0,0,9,3,44;155;48;176;121;168;538;507;584
1,20999,21270,1,0,0,9,4,44;155;51;176;290;171;541;510;587
1,20844,20920,1,0,0,9,1,298;155;206;85;111;358;445;326;696
0,20837,20896,1,0,0,9,0,305;155;213;92;111;365;452;333;703
0,20875,20938,1,0,0,10,0,56;155;175;31;107;327;414;295;665;634
1,20844,21127,1,0,0,9,5,298;155;206;31;111;358;445;326;696
1,20885,20964,1,0,0,10,1,55;155;165;31;97;317;404;285;655;624
1,20876,21125,1,16,0,10,6,56;155;174;31;106;326;413;294;664;633
1,20927,21005,1,0,0,10,1,55;155;93;2;50;275;362;243;613;582
1,20888,20967,1,0,0,10,3,55;155;93;31;94;314;401;282;652;621
0,20439,20520,1,0,0,11,0,22;304;661;725;355;611;490;543;763;850;345
0,20456,20537,1,0,0,11,0,22;287;661;708;338;594;473;526;746;833;328
1,20581,20665,1,0,0,12,3,162;561;583;213;469;348;401;621;708;203;589;959
0,20647,20729,1,0,0,12,0,96;495;517;147;403;282;335;555;642;137;523;893
0,20743,20824,1,0,0,12,0,0;399;421;51;307;186;239;459;546;41;427;797
0,20766,20836,1,0,0,11,0,376;398;28;284;163;216;436;523;18;404;774
1,20801,21026,1,0,0,9,5,341;363;249;128;181;401;488;369;739
1,20809,20897,1,0,0,9,3,333;155;241;120;173;393;480;361;731
0,20236,20307,1,0,0,6,0,61;122;30;243;507;906
1,20299,20564,1,0,0,5,4,118;207;444;843;865
1,20307,20381,1,0,0,6,1,64;199;436;835;857;487
1,20319,20384,1,0,0,6,1,64;187;424;823;789;475
1,20342,20410,1,0,0,9,1,54;164;401;800;789;452;708;587;640
1,20398,20485,1,0,0,10,2,19;108;345;744;766;396;652;531;584;804
1,20422,20502,1,0,0,10,2,84;321;720;742;372;628;507;560;780;867
1,20426,20512,1,0,0,10,1,22;317;716;738;368;624;503;556;776;863
1,20235,20299,1,0,0,6,1,62;124;31;243;508;907
1,20234,20468,1,0,0,6,1,63;124;32;272;509;908
0,20190,20268,1,0,0,6,0,93;124;76;316;553;952
0,20173,20230,1,0,0,6,0,93;124;0;93;333;570
1,20137,20380,1,0,0,6,5,93;280;36;129;369;606
0,20124,20202,1,0,0,6,0,93;293;49;142;382;619
1,20061,20125,1,0,0,7,2,12;93;319;112;205;444;682
1,19999,20064,1,0,0,7,1,58;3;93;319;174;267;507
0,19969,20049,1,0,0,7,0,58;33;328;319;204;297;537
1,19969,20224,1,0,0,7,2,58;33;328;319;204;297;537
0,19931,20008,1,0,0,7,0,58;71;366;319;242;335;575
1,19920,20141,1,0,0,7,3,58;82;377;497;253;346;586
1,19894,19962,1,0,0,7,1,58;108;380;523;279;372;612
1,19889,19973,1,0,0,7,1,58;113;408;528;284;377;617
1,19873,20080,1,0,0,8,4,4;200;129;422;544;300;393;633
1,19828,19891,1,0,0,9,1,24;41;49;245;174;422;589;345;438
1,19816,19890,1,0,0,8,1,36;53;61;257;186;481;601;357
1,19818,19903,1,0,0,8,1,34;51;59;255;184;479;599;346
1,19663,19720,1,0,0,12,1,3;65;189;206;73;149;214;410;339;634;753;510
0,19763,19838,1,0,0,9,0,89;106;49;114;310;239;534;654;410
1,19650,19702,1,0,0,12,1,14;78;202;219;73;162;227;423;352;647;754;518
0,19661,19745,1,0,0,12,0,5;67;191;208;73;151;216;412;341;636;753;512
1,19628,19898,1,0,0,12,5,38;100;224;241;73;184;249;445;374;669;789;518
1,19632,19706,1,0,0,12,1,14;96;220;237;73;180;245;441;370;665;785;518
1,19608,19668,1,0,0,12,1,58;120;244;261;126;204;269;465;394;689;809;518
1,19612,19677,1,0,0,12,1,52;116;240;257;124;200;265;461;390;685;805;518
0,19593,19645,1,0,0,11,0,73;135;259;276;126;219;284;480;409;704;824
1,19602,19664,1,0,0,12,1,64;126;250;267;126;210;275;471;400;695;815;571
1,19514,19580,1,0,0,10,1,152;212;338;355;222;298;363;559;488;783
1,19574,19662,1,0,0,11,2,92;154;278;295;162;238;303;499;428;723;843
0,19488,19564,1,0,0,10,0,178;212;364;381;248;324;389;585;514;809
1,19491,19549,1,0,0,10,1,175;212;361;378;245;321;386;582;511;806
1,19416,19706,1,0,0,10,7,61;250;312;436;453;320;396;461;657;586
0,19366,19431,1,0,0,10,0,111;256;362;486;503;370;446;511;707;636
0,19464,19527,1,0,0,11,0,13;202;212;388;405;272;348;413;609;538;833
0,19436,19487,1,0,0,10,0,41;230;212;416;433;300;376;441;637;566
1,19251,19305,1,0,0,8,1,115;289;477;601;618;485;561;626
1,19222,19492,1,0,0,9,4,115;444;506;630;26;647;514;590;655
0,19353,19419,1,0,0,9,0,115;256;375;499;516;383;459;524;720
0,19254,19326,1,0,0,8,0,115;256;474;598;615;482;558;623
1,19140,19378,1,0,0,9,5,337;526;588;712;108;729;596;672;737
0,19080,19141,1,0,0,9,0,397;586;648;772;168;789;656;732;797
1,19167,19256,1,0,0,9,1,115;476;561;685;81;702;569;645;710
1,19146,19214,1,0,0,9,1,115;520;582;706;102;723;590;666;731
1,18999,19058,1,0,0,10,1,29;73;478;667;729;853;249;870;737;813
0,18995,19048,1,0,0,8,0,33;77;482;671;733;857;253;874
1,19080,19153,1,0,0,9,1,397;586;648;772;168;789;656;732;797
1,19057,19136,1,0,0,10,2,15;420;609;671;795;191;812;679;755;820
1,18761,18838,1,0,0,9,1,104;248;61;64;83;219;311;115;716
1,18830,18917,1,0,0,9,1,35;198;12;42;150;242;46;647;836
1,18916,18967,1,0,0,8,1,112;64;156;561;750;812;936;332
1,18940,19192,1,0,0,8,5,88;40;132;537;726;788;912;308
0,18711,18784,1,0,0,9,0,154;265;111;131;161;269;361;165;728
1,18735,18802,1,0,0,9,2,130;265;87;107;137;245;337;141;728
1,18736,18803,1,0,0,9,1,129;265;86;64;136;244;336;140;728
1,18759,19030,1,0,0,9,4,106;265;63;64;83;221;313;117;718
1,18678,18741,1,0,0,9,1,187;265;144;164;194;302;394;198;772
0,18682,18752,1,0,0,9,0,183;265;140;138;190;298;390;194;772
1,18701,18768,1,0,0,9,1,164;265;121;138;171;279;371;175;772
1,18704,18757,1,0,0,9,1,161;265;118;138;168;276;368;172;745
1,18619,18694,1,0,0,9,2,246;278;203;223;253;361;453;257;858
1,18657,18728,1,0,0,9,1,208;278;165;185;215;323;415;219;820
0,18667,18718,1,0,0,9,0,198;278;155;175;205;313;405;209;772
1,18675,18922,1,0,0,9,6,190;278;147;167;197;305;397;201;772
1,25554,25617,1,16,0,11,1,74;141;26;94;17;160;127;387;315;494;338
1,25590,25662,1,0,0,9,3,73;105;60;124;91;351;279;458;302
1,25522,25587,1,0,0,12,2,85;173;27;58;113;49;192;159;419;347;526;370
1,25529,25811,1,0,0,12,7,85;166;20;51;94;42;185;152;412;340;519;363
0,25696,25758,1,0,0,8,0,18;131;173;352;196;598;725;492
1,25711,25765,1,0,0,8,1,3;131;158;337;181;583;710;477
1,25591,25644,1,0,0,9,1,70;104;59;123;90;350;278;457;301
1,25674,25930,1,0,0,10,6,21;40;7;267;195;374;218;620;747;514
1,25744,25821,1,0,0,7,2,131;107;239;148;550;677;444
1,25749,25806,1,0,0,7,1,131;107;226;143;545;672;439
0,25733,25785,1,0,0,7,0,131;107;315;159;561;688;455
1,25742,25991,1,0,0,7,3,131;107;306;150;552;679;446
1,25810,25878,1,0,0,7,2,131;59;226;54;484;611;378
0,25907,25970,1,0,0,5,0,34;141;387;514;281
0,25781,25840,1,0,0,7,0,131;88;226;111;513;640;407
1,25794,25860,1,0,0,7,1,131;75;226;98;500;627;394
1,25172,25224,1,0,0,13,1,4;263;26;491;523;377;408;478;399;542;509;769;697
1,25165,25429,1,0,0,13,11,4;266;167;498;530;384;415;485;406;549;516;776;704
1,25079,25166,1,0,0,11,2,4;267;253;584;616;470;501;559;492;635;602
0,25043,25095,1,0,0,11,0,4;267;289;620;652;506;527;559;528;671;638
1,25222,25286,1,0,0,12,2,213;5;441;473;327;358;428;349;492;459;719;647
1,25207,25288,1,0,0,12,1,228;5;456;488;342;373;443;364;507;474;734;662
1,25199,25263,1,0,0,12,3,236;5;464;496;350;381;451;372;515;482;742;670
1,25191,25477,1,0,0,12,11,244;26;472;504;358;389;459;380;523;490;750;678
1,25345,25607,1,0,0,12,10,90;318;350;204;235;305;226;369;336;596;524;703
1,25324,25392,1,0,0,13,3,111;5;339;371;225;256;326;247;390;357;617;545;724
1,25251,25329,1,0,0,12,1,184;5;395;444;298;329;399;320;463;430;690;618
1,25227,25314,1,0,0,12,2,208;5;402;468;322;353;423;344;487;454;714;642
1,25520,25586,1,0,0,12,2,85;175;29;60;130;51;194;161;421;349;528;372
1,25486,25573,1,0,0,12,1,85;209;63;94;164;85;228;195;455;383;562;406
1,25404,25693,1,0,0,13,9,31;146;291;145;176;246;167;310;277;537;465;644;488
1,25382,25462,1,0,0,12,2,53;178;313;167;198;268;189;332;299;559;487;666
1,24496,24555,1,0,0,5,1,130;217;220;354;683
1,24612,24866,1,0,0,6,2,22;101;160;238;567;823
1,24623,24704,1,0,0,7,1,11;90;149;84;556;812;709
1,24629,24705,1,0,0,7,1,5;84;143;84;550;796;703
1,24635,24685,1,0,0,6,1,31;137;84;544;796;697
0,24641,24704,1,0,0,6,0,10;131;84;538;794;691
1,24703,24775,1,0,0,7,2,10;69;84;476;732;629;960
0,24709,24792,1,0,0,7,0,4;63;84;470;690;623;954
1,24740,24812,1,0,0,6,3,32;84;439;690;592;923
1,24845,24907,1,0,0,7,2,5;334;590;487;818;850;704
1,24955,25183,1,0,0,8,4,224;480;377;708;740;594;625;695
1,24973,25029,1,0,0,10,1,206;267;359;690;722;576;607;677;598;741
1,24978,25064,1,0,0,10,1,201;267;354;645;717;571;602;672;593;736
1,24995,25214,1,16,0,10,7,184;267;337;645;700;554;585;621;576;719
1,25023,25098,1,0,0,11,2,4;267;309;640;672;526;557;621;548;691;658
1,25033,25114,1,0,0,11,1,4;267;299;630;662;516;527;617;538;681;648
0,24224,24286,1,0,0,12,0,78;200;12;410;120;144;489;159;195;548;626;955
1,24106,24189,1,0,0,11,1,196;84;318;66;130;528;238;262;607;277;313
1,24260,24322,1,0,0,11,2,42;164;374;84;108;453;123;159;512;590;919
1,24239,24488,1,0,0,11,6,63;185;395;105;129;474;144;180;533;611;940
1,24280,24369,1,0,0,11,2,9;144;354;64;88;433;103;139;492;570;899
1,24272,24342,1,0,0,11,2,9;152;362;72;96;441;111;147;500;578;907
0,24317,24406,1,0,0,10,0,107;317;27;51;396;66;102;455;533;862
0,24305,24388,1,0,0,10,0,119;329;39;63;408;78;114;467;545;874
1,24369,24425,1,0,0,8,1,55;265;344;14;50;403;481;810
1,24330,24396,1,0,0,10,2,94;304;14;38;383;53;89;442;520;849
1,24397,24484,1,0,0,7,1,27;237;314;22;375;453;782
0,24385,24446,1,0,0,7,0,39;249;314;34;387;465;794
1,24458,24542,1,0,0,5,1,176;255;314;392;721
0,24407,24491,1,0,0,7,0,17;195;306;12;365;443;772
1,24496,24563,1,0,0,5,1,122;217;220;354;683
1,24478,24773,1,0,0,5,2,130;235;294;372;701
1,23665,23754,1,0,0,12,4,17;139;105;70;84;637;525;759;436;507;571;969
1,23679,23767,1,0,0,12,1,3;125;91;56;67;623;511;745;422;493;557;955
0,23627,23680,1,0,0,11,0,55;177;143;108;122;675;563;797;474;545;609
0,23662,23739,1,0,0,12,0,20;142;108;73;87;640;528;762;439;510;574;972
1,23544,23605,1,0,0,9,2,78;260;204;191;205;758;646;837;557
1,23616,23689,1,0,0,11,3,66;188;154;119;133;686;574;808;485;556;620
1,23507,23570,1,0,0,8,1,78;297;263;228;242;795;683;917
1,23531,23592,1,0,0,8,1,78;273;204;204;218;771;659;893
1,24079,24136,1,0,0,12,1,223;111;345;22;93;157;555;265;289;634;304;340
1,24084,24138,1,0,0,12,2,218;106;340;2;88;152;550;260;284;629;299;335
1,23962,24035,1,0,0,11,3,340;228;403;139;210;274;672;382;406;751;421
1,23976,24261,1,0,0,11,9,326;214;398;125;196;260;658;368;392;737;407
1,23746,23824,1,0,0,10,1,58;24;3;556;444;678;355;426;490;888
1,23881,24085,1,0,0,11,6,421;309;543;220;291;355;753;463;487;832;502
0,23740,23811,1,0,0,10,0,64;30;9;562;450;684;361;432;496;894
1,23746,23829,1,0,0,10,1,58;24;3;556;444;678;355;426;490;842
1,23264,23317,1,0,0,7,1,54;104;418;540;506;471;485
0,23177,23243,1,0,0,7,0,70;104;36;505;627;593;558
1,23165,23380,1,0,0,7,3,70;270;48;517;639;605;570
0,23133,23202,1,0,0,8,0,70;302;4;80;549;671;637;602
0,23131,23209,1,0,0,8,0,70;304;6;82;551;673;639;604
0,23031,23120,1,0,0,7,0,25;70;346;106;182;651;773
1,23016,23257,1,16,0,7,5,40;302;346;121;197;666;788
1,22986,23050,1,0,0,8,1,70;0;332;346;151;227;696;818
0,23467,23532,1,0,0,8,0,78;337;303;268;282;835;723;957
0,23439,23495,1,0,0,6,0,78;365;331;296;310;863
1,23390,23618,1,0,0,7,5,12;292;414;380;345;359;912
1,23385,23666,1,0,0,7,6,37;297;419;385;350;364;917
1,23382,23448,1,0,0,7,2,53;300;422;388;353;367;920
0,23371,23428,1,0,0,7,0,64;311;433;399;364;378;931
0,23337,23410,1,0,0,7,0,83;345;467;433;398;412;965
1,23311,23368,1,0,0,7,1,7;104;371;493;459;424;438
1,22562,22621,1,0,0,9,1,324;17;494;302;424;363;243;205;756
1,22660,22712,1,0,0,11,1,256;17;396;204;326;265;145;107;658;775;477
0,22727,22779,1,0,0,12,0,189;17;329;137;259;198;78;40;591;708;410;486
1,22734,22791,1,0,0,12,1,182;17;322;130;252;191;71;33;584;701;403;479
0,22465,22536,1,0,0,8,0,324;346;591;399;521;460;340;302
1,22469,22541,1,0,0,8,1,324;342;587;395;517;456;336;298
0,22517,22602,1,0,0,9,0,324;294;539;347;469;408;288;250;801
1,22528,22815,1,0,0,9,7,324;283;528;336;458;397;277;239;790
1,22873,22957,1,0,0,9,1,43;183;113;52;445;562;264;340;809
1,22916,23171,1,0,0,10,4,0;140;70;9;368;519;221;297;766;888
1,22965,23238,1,0,0,8,4,91;21;353;346;172;248;717;839
0,22968,23025,1,0,0,8,0,88;18;335;346;169;245;714;836
1,22748,22807,1,0,0,12,2,168;17;308;90;238;177;57;19;570;687;389;465
1,22760,23053,1,0,0,12,3,156;17;270;90;226;165;45;7;558;675;377;453
1,22844,22916,1,0,0,10,2,72;212;20;142;81;474;591;293;369;838
1,22846,22931,1,0,0,10,2,70;187;18;140;79;472;589;291;367;836
0,22160,22237,1,0,0,8,0,10;124;756;280;584;896;704;276
1,22152,22237,1,0,0,8,2,18;124;764;288;659;904;709;284
1,22222,22515,1,0,0,10,9,124;694;218;409;834;642;214;764;703;583
1,22167,22417,1,0,0,8,2,3;124;749;273;584;889;697;269
1,22113,22376,1,0,0,9,6,14;57;36;333;803;327;698;943;751
1,22063,22124,1,0,0,11,1,5;64;63;86;30;383;853;377;748;993;796
1,22133,22220,1,0,0,9,1,37;16;124;783;307;678;923;713;303
1,22123,22186,1,0,0,10,1,4;47;26;124;793;317;688;933;741;313
1,22318,22604,1,0,0,10,5,92;598;122;409;738;525;118;668;607;487
1,22303,22375,1,0,0,10,1,92;613;128;409;753;561;133;683;622;502
1,22399,22450,1,0,0,11,1,47;324;41;409;657;465;37;587;526;406;368
1,22352,22578,1,0,0,10,3,92;324;88;409;704;512;84;634;573;453
0,22229,22289,1,0,0,10,0,93;676;211;409;827;635;207;757;696;576
1,22227,22313,1,0,0,10,3,93;689;213;409;829;637;209;759;698;578
1,22251,22327,1,0,0,10,1,92;665;189;409;805;613;185;735;674;554
1,22244,22459,1,0,0,10,8,93;672;196;409;812;620;192;742;681;561
0,14283,14338,1,0,0,5,0,113;881;627;429;746
1,14289,14560,1,0,0,5,3,113;875;621;423;740
0,14310,14361,1,0,0,5,0,113;854;428;402;719
1,14348,14558,1,0,0,5,2,113;816;428;364;681
0,14381,14457,1,0,0,5,0,112;783;428;331;648
0,14381,14464,1,0,0,5,0,112;783;428;331;648
1,14422,14475,1,0,0,5,1,100;742;428;290;607
0,14426,14479,1,0,0,5,0,91;738;428;286;603
1,14056,14345,1,0,0,4,3,18;448;1108;854
0,14141,14196,1,0,0,4,0,381;1023;769;571
1,14175,14263,1,0,0,4,1,347;989;735;537
1,14177,14415,1,0,0,4,3,342;987;733;535
1,14190,14460,1,0,0,4,2,146;974;720;522
0,14225,14293,1,0,0,4,0,113;939;685;487
0,14234,14305,1,0,0,4,0,113;930;676;478
0,14244,14331,1,0,0,4,0,113;920;666;468
1,14657,14907,1,0,0,6,2,507;222;55;372;558;330
0,14637,14718,1,0,0,6,0,527;222;75;392;578;350
1,14714,14773,1,0,0,5,2,424;196;315;501;273
1,14690,14778,1,0,0,6,1,436;220;22;339;525;297
1,14753,14840,1,0,0,5,2,411;139;276;443;234
1,14727,14779,1,0,0,5,1,424;139;302;488;260
1,14852,14926,1,0,0,6,1,171;58;177;363;135;349
1,14790,15089,1,0,0,5,4,374;107;239;425;197
0,14438,14502,1,0,0,5,0,84;726;428;274;591
0,14437,14503,1,0,0,5,0,85;727;428;275;592
0,14462,14549,1,0,0,5,0,60;702;275;250;567
1,14453,14744,1,0,0,5,3,69;711;428;259;576
1,14535,14610,1,0,0,6,1,629;261;177;494;680;452
1,14516,14577,1,0,0,6,1,6;648;275;196;513;699
1,14584,14867,1,0,0,6,4,580;261;128;445;617;403
0,14580,14638,1,0,0,6,0,584;261;132;449;617;407
0,13393,13447,1,0,0,13,0,163;14;48;321;222;305;95;447;28;339;681;542;549
1,13396,13632,1,0,0,13,6,163;11;48;318;219;305;92;444;25;336;678;539;546
0,13365,13424,1,0,0,12,0,163;42;48;349;250;341;123;475;56;367;709;570
1,13392,13462,1,0,0,13,2,163;15;48;322;223;314;96;448;29;340;682;543;550
1,13432,13487,1,0,0,11,2,160;35;282;183;229;56;408;300;642;503;510
1,13454,13526,1,0,0,11,1,138;26;260;161;229;34;386;278;620;481;488
1,13415,13483,1,16,0,12,2,163;48;299;200;288;73;425;6;317;659;520;527
1,13419,13477,1,0,0,12,2,163;48;295;196;229;69;421;2;313;655;516;523
1,13257,13341,1,0,0,13,3,163;17;11;146;227;36;457;358;449;231;583;164;475
1,13274,13341,1,15,0,12,1,163;0;133;190;19;440;341;432;214;566;147;458
1,13200,13484,1,0,0,14,10,55;163;74;58;207;284;93;514;415;488;288;640;221;532
1,13250,13327,1,0,0,14,1,5;163;24;18;157;234;43;464;365;456;238;590;171;482
1,13335,13423,1,0,0,11,2,163;72;129;379;280;371;153;505;86;397;739
1,13336,13618,1,0,0,11,6,163;71;129;378;279;361;152;504;85;396;738
1,13289,13371,1,0,0,11,2,163;118;190;4;425;288;417;199;551;132;443
1,13304,13571,1,0,0,10,4,163;103;129;410;288;402;184;536;117;428
1,13812,13871,1,0,0,5,1,28;262;123;130;710
0,13791,13860,1,0,0,5,0,49;283;144;151;731
0,13769,13855,1,0,0,5,0,55;305;153;173;753
1,13768,13826,1,0,0,5,1,72;306;153;174;754
0,14048,14100,1,0,0,4,0,26;448;1116;862
1,13873,14166,1,0,0,4,1,201;62;69;649
1,13837,13912,1,0,0,5,1,3;237;98;105;685
0,13824,13912,1,0,0,5,0,10;250;111;118;698
0,13686,13774,1,0,0,8,0,28;20;154;46;388;249;256;836
0,13683,13743,1,0,0,8,0,31;23;157;49;391;252;259;839
1,13596,13863,1,0,0,9,7,118;19;110;244;136;478;339;346;926
1,13497,13562,1,0,0,9,1,95;217;118;197;343;235;577;438;445
1,13743,13824,1,0,0,5,1,97;331;153;199;779
1,13739,13826,1,0,0,5,1,101;335;177;203;783
0,13710,13799,1,0,0,7,0,4;130;22;364;177;232;812
1,13690,13777,1,0,0,8,1,24;16;150;42;384;245;252;832
0,12708,12795,1,0,0,6,0,25;409;547;884;566;560
0,12722,12809,1,0,0,7,0,25;395;533;870;552;546;685
0,12724,12787,1,0,0,7,0,25;393;531;868;550;544;683
1,12781,12847,1,0,0,8,1,25;336;474;811;493;487;626;703
1,12549,12606,1,0,0,5,1,62;267;142;568;706
1,12566,12652,1,0,0,6,2,42;250;125;551;689;1026
0,12575,12634,1,0,0,6,0,42;217;116;542;680;1017
1,12707,12792,1,0,0,6,2,109;410;548;885;567;561
0,12437,12500,1,0,0,4,0,145;59;379;254
0,12508,12580,1,0,0,4,0,111;308;183;609
1,12514,12715,1,0,0,4,4,105;302;177;603
1,12549,12622,1,0,0,5,1,45;267;142;568;706
0,12387,12446,1,0,0,4,0,232;86;429;304
1,12394,12599,1,0,0,4,3,225;86;422;297
0,12418,12481,1,0,0,4,0,145;79;398;273
1,12420,12476,1,0,0,4,1,145;77;396;271
1,13179,13251,1,0,0,14,1,76;163;95;89;228;305;114;535;436;521;309;661;242;553
1,13177,13238,1,0,0,14,1,78;163;97;91;230;307;116;537;438;529;311;663;244;555
1,13185,13271,1,0,0,14,3,70;163;89;83;222;299;108;529;430;488;303;655;236;547
0,13180,13234,1,0,0,14,0,75;163;94;88;227;304;113;534;435;488;308;660;241;552
1,13122,13191,1,0,0,13,1,133;470;152;146;285;362;171;592;493;584;366;718;299
0,13106,13165,1,0,0,14,0,11;149;486;168;162;301;378;187;608;509;600;382;734;315
1,13173,13459,1,0,0,14,11,82;419;101;95;234;311;120;541;442;533;315;667;248;559
1,13158,13222,1,0,0,14,3,97;434;116;110;249;326;135;556;457;548;330;682;263;574
1,12984,13073,1,0,0,14,3,133;271;608;271;284;423;500;309;730;631;722;504;856;437
0,12964,13014,1,0,0,14,0,153;291;628;271;304;443;520;329;750;651;742;524;876;457
1,13024,13093,1,0,0,14,3,93;231;568;250;244;383;460;269;690;591;682;464;816;397
1,12987,13061,1,0,0,14,3,130;268;605;252;281;420;497;306;727;628;719;501;853;434
1,12827,12895,1,0,0,8,1,290;428;765;447;441;580;657;466
0,12818,12886,1,0,0,8,0,299;437;774;456;450;589;666;475
1,12908,13110,1,0,0,12,7,209;347;684;366;360;499;576;385;806;707;798;580
1,12880,12965,1,0,0,10,2,237;375;712;394;388;527;601;413;834;735
0,11709,11777,1,0,0,4,0,18;75;383;554
1,11716,11779,1,0,0,4,1,18;68;383;547
1,11638,11881,1,0,0,5,2,27;18;146;516;625
0,11695,11751,1,0,0,4,0,18;89;383;568
1,11571,11653,1,0,0,5,1,94;18;58;174;583
1,11581,11669,1,0,0,5,1,84;18;48;174;558
1,11550,11831,1,0,0,5,2,115;252;79;234;604
1,11570,11814,1,0,0,5,1,95;18;59;214;584
1,11455,11538,1,0,0,7,1,55;3;210;347;174;329;684
1,11488,11569,1,0,0,6,1,22;177;314;141;296;666
0,11442,11497,1,0,0,7,0,68;16;223;360;187;342;712
1,11450,11505,1,0,0,7,1,60;8;215;352;179;334;704
1,11389,11598,1,0,0,7,3,121;69;276;413;240;395;750
1,11424,11487,1,0,0,7,1,86;34;241;378;205;360;730
1,11353,11426,1,0,0,8,1,147;101;33;312;449;276;431;750
0,11378,11464,1,0,0,8,0,132;80;8;287;424;251;406;750
1,12366,12419,1,0,0,4,1,253;131;450;325
0,12354,12432,1,0,0,5,0,265;138;7;462;337
1,12314,12613,1,0,0,5,3,305;183;47;502;377
0,12262,12334,1,0,0,5,0,1;357;235;99;554
1,12194,12255,1,0,0,5,1,69;425;303;164;622
1,12162,12244,1,0,0,5,1,101;457;335;199;654
1,12137,12204,1,0,0,5,1,17;121;482;360;224
1,12064,12292,1,0,0,5,3,90;199;555;410;297
0,12051,12104,1,0,0,5,0,103;212;568;410;310
1,12036,12107,1,0,0,5,1,118;227;583;461;310
1,12008,12078,1,0,0,5,1,146;255;611;489;353
1,11970,12031,1,0,0,4,1,184;293;649;527
0,11966,12025,1,0,0,4,0,188;297;653;531
0,11839,11904,1,0,0,4,0,315;424;780;658
0,11809,11879,1,0,0,2,0,345;454
0,11778,11828,1,0,0,4,0,18;6;376;485
1,17502,17579,1,0,0,10,2,13;283;21;54;77;622;631;597;581;659
1,17461,17526,1,0,0,10,2,54;324;62;95;118;663;672;638;622;700
1,17532,17584,1,0,0,8,1,253;24;42;592;601;567;551;629
0,17528,17610,1,0,0,8,0,257;28;42;596;605;571;555;633
1,17676,17739,1,0,0,6,1,109;448;430;423;407;485
1,17669,17743,1,0,0,6,1,116;455;464;430;414;492
1,17704,17977,1,0,0,6,3,81;365;428;395;379;457
1,17698,17775,1,0,0,6,1,87;426;428;401;385;463
1,17748,17977,1,16,0,6,2,37;354;385;351;335;413
1,17712,17797,1,0,0,6,1,73;362;421;387;371;449
1,17845,17932,1,0,0,7,1,158;288;254;238;316;721;539
1,17824,18078,1,0,0,7,4,300;309;275;259;337;742;560
1,17944,18031,1,0,0,8,2,158;189;155;139;217;622;440;921
0,17908,17973,1,0,0,8,0,158;225;191;175;253;658;476;957
1,18016,18082,1,0,0,9,1,108;117;83;58;145;550;368;849;1012
1,18008,18071,1,0,0,9,2,116;125;91;75;153;558;376;857;1020
1,18025,18089,1,0,0,10,1,99;108;74;58;136;541;359;840;962;505
1,18050,18126,1,0,0,10,1,74;83;49;33;111;516;334;815;953;480
1,18131,18217,1,0,0,10,1,2;30;435;253;734;897;399;691;711;741
1,18141,18197,1,0,0,9,2,20;425;243;689;887;389;681;701;731
1,18196,18264,1,0,0,8,1,370;188;669;832;334;626;646;676
1,18238,18300,1,0,0,8,1,328;146;627;790;292;584;604;634
1,18240,18322,1,0,0,9,1,326;144;625;748;290;582;602;632;740
1,18261,18341,1,0,0,9,1,305;123;604;748;269;561;581;611;719
1,18279,18545,1,0,0,10,8,287;105;586;748;251;543;536;593;701;793
1,18351,18401,1,0,0,11,1,174;33;514;677;179;471;491;521;629;721;525
0,18390,18440,1,0,0,10,0,174;475;638;140;432;452;482;590;682;486
1,18394,18463,1,0,0,10,1,172;471;634;136;428;448;478;586;678;482
1,18430,18486,1,0,0,10,1,136;435;598;100;392;412;442;550;642;446
1,18487,18544,1,0,0,10,1,79;378;541;43;335;355;385;493;585;389
1,18586,18787,1,0,0,9,5,279;442;236;256;286;394;486;290;891
1,18587,18674,1,0,0,9,2,278;278;235;255;285;393;485;289;890
1,16605,16671,1,0,0,6,1,142;33;470;629;910;781
1,16600,16651,1,0,0,6,1,147;33;498;634;915;786
0,16573,16624,1,0,0,6,0,149;5;33;525;661;942
1,16572,16867,1,0,0,6,3,149;6;250;526;662;943
1,16745,16796,1,0,0,7,2,2;19;353;489;770;641;649
1,16667,16742,1,0,0,7,1,80;19;423;567;848;719;727
1,16665,16716,1,0,0,7,1,82;19;433;569;850;721;729
1,16608,16825,1,0,0,6,4,139;33;468;626;907;778
0,16929,16984,1,0,0,6,0,69;305;586;457;465;856
0,16926,16979,1,0,0,6,0,69;308;589;460;468;859
1,16904,17110,1,0,0,6,5,194;330;611;482;490;881
1,16864,16936,1,0,0,5,1,234;370;651;522;530
0,16972,17038,1,0,0,6,0,69;262;543;414;422;813
0,16966,17048,1,16,0,6,0,69;268;549;420;428;819
0,16963,17049,1,0,0,6,0,69;271;552;423;431;822
0,16947,17028,1,0,0,6,0,69;287;568;439;447;838
0,17083,17146,1,0,0,8,0,15;151;432;303;311;702;400;473
1,17113,17193,1,0,0,8,2,121;402;273;281;672;400;443;466
1,17053,17134,1,0,0,6,1,45;181;462;333;341;732
1,17069,17135,1,0,0,7,1,29;165;446;317;325;716;454
0,17176,17239,1,0,0,8,0,58;339;210;218;609;347;380;403
1,17188,17437,1,0,0,9,3,46;327;198;206;597;335;368;391;936
0,17126,17180,1,0,0,8,0,108;389;260;268;659;391;430;453
0,17146,17196,1,0,0,8,0,88;369;240;248;639;377;410;433
1,17244,17305,1,0,0,8,2,271;142;150;413;279;312;335;880
1,17295,17367,1,0,0,9,2,220;91;99;413;228;261;284;829;838
1,17202,17273,1,0,0,9,2,32;313;184;192;413;321;354;377;922
1,17244,17329,1,0,0,8,2,271;142;150;413;272;312;335;880
1,17411,17497,1,0,0,10,4,104;374;112;145;168;713;722;688;672;750
0,17432,17507,1,0,0,10,0,83;353;91;124;147;692;701;667;651;729
0,17332,17385,1,0,0,10,0,183;54;62;413;191;224;240;792;801;767
0,17394,17464,1,0,0,10,0,121;0;391;129;162;185;730;739;705;689
1,15946,16172,1,0,0,13,8,62;56;224;373;231;463;477;447;125;487;801;484;632
1,15941,16001,1,0,0,14,2,67;61;229;378;236;3;468;516;452;130;492;806;489;637
1,15964,16188,1,0,0,13,3,39;38;206;355;213;445;477;429;107;469;783;466;614
1,15956,16020,1,0,0,13,1,39;46;214;363;221;453;477;437;115;477;791;474;622
1,15813,16041,1,0,0,14,7,59;195;189;357;506;364;131;596;644;580;258;620;934;617
1,15777,15864,1,0,0,15,3,95;28;4;231;207;393;542;400;167;632;680;616;294;656;970
1,15886,15954,1,0,0,14,3,107;116;284;433;291;58;523;571;507;185;547;861;544;692
1,15879,15947,1,0,0,14,4,129;123;291;440;298;65;530;578;514;192;554;868;551;699
1,16083,16359,1,15,0,10,4,67;189;94;124;374;310;350;664;318;495
1,16057,16128,1,0,0,11,1,67;189;120;124;400;336;14;376;690;373;521
1,16145,16224,1,0,0,11,2,25;174;32;122;312;248;288;602;285;433;718
1,16106,16174,1,0,0,10,1,64;189;71;122;351;287;327;641;318;472
0,15999,16085,1,0,0,13,0,9;3;171;189;178;410;458;394;72;434;748;431;579
1,15971,16059,1,16,0,13,2,37;31;199;189;206;438;477;422;100;462;776;459;607
1,16051,16284,1,0,0,11,6,119;189;126;124;406;342;20;382;696;379;527
1,16007,16286,1,0,0,12,5,1;163;189;170;402;450;386;64;426;740;423;571
1,16333,16389,1,0,0,8,1,76;124;11;100;414;97;245;530
1,16341,16399,1,0,0,9,2,68;116;11;92;406;85;237;522;757
0,16357,16414,1,0,0,10,0,52;100;11;76;390;56;221;506;741;877
0,16378,16459,1,0,0,10,0,31;79;11;55;369;52;200;485;720;856
1,16188,16271,1,0,0,9,1,131;122;269;205;245;559;242;390;675
1,16207,16258,1,0,0,9,1,112;122;250;186;226;540;223;371;656
0,16253,16331,1,0,0,9,0,66;122;204;140;180;494;177;325;610
1,16269,16543,1,0,0,9,3,50;122;188;124;164;478;161;309;594
1,16496,16573,1,0,0,5,1,149;82;251;602;738
1,16512,16567,1,0,0,5,1,149;66;251;547;722
1,16531,16612,1,0,0,5,2,149;47;251;533;703
0,16552,16634,1,0,0,6,0,149;26;250;533;682;963
0,16398,16459,1,0,0,9,0,11;59;35;349;32;180;465;700;836
1,16422,16503,1,0,0,8,2,35;11;325;8;156;441;676;812
1,16451,16727,1,0,0,6,3,6;296;127;412;647;783
1,16461,16672,1,0,0,5,4,286;117;251;637;773
0,15094,15150,1,0,0,7,0,70;121;107;778;253;448;449
0,14998,15067,1,0,0,8,0,79;31;213;203;874;349;544;545
1,14945,15210,1,0,0,6,3,91;84;213;42;256;927
1,14879,14947,1,0,0,6,1,91;4;150;213;108;322
0,14864,14944,1,0,0,6,0,91;4;165;213;121;337
1,14862,14922,1,0,0,6,2,91;48;167;213;121;339
1,14859,15092,1,0,0,6,1,91;51;170;356;121;342
1,14856,14932,1,0,0,6,1,171;54;173;359;121;345
1,15285,15372,1,0,0,8,2,554;62;257;258;520;496;697;717
1,15275,15503,1,0,0,8,4,579;72;267;268;530;506;697;727
1,15274,15358,1,0,0,8,1,579;73;268;269;531;507;722;728
1,15252,15311,1,0,0,8,1,579;95;290;291;553;529;739;750
1,15244,15294,1,0,0,8,1,628;103;298;299;561;537;739;758
0,15202,15284,1,0,0,8,0,13;670;145;340;341;603;579;739
1,15193,15270,1,0,0,9,1,22;8;679;154;349;350;612;588;815
1,15132,15183,1,0,0,7,1,32;83;69;740;215;410;411
1,15501,15738,1,0,0,12,5,314;41;42;304;280;507;364;669;818;676;443;908
1,15514,15580,1,0,0,12,1,314;28;29;194;267;494;364;656;805;663;430;895
1,15455,15522,1,0,0,11,1,314;87;88;350;326;553;547;715;864;722;460
1,15455,15708,1,0,0,11,2,314;87;88;350;326;553;547;715;864;722;451
1,15409,15495,1,0,0,11,1,314;133;134;396;372;599;593;761;910;768;535
1,15449,15509,1,16,0,11,1,314;93;94;356;332;559;553;721;870;728;495
1,15354,15561,1,0,0,10,2,518;188;189;451;427;654;648;816;965;823
1,15359,15413,1,0,0,10,1,350;183;184;446;422;649;643;811;960;818
1,15707,15796,1,0,0,12,4,106;74;74;301;295;463;612;470;237;702;750;686
1,15770,15822,1,0,0,15,2,102;35;11;238;232;400;549;407;174;639;687;623;301;663;977
1,15670,15903,1,0,0,12,8,202;74;111;338;332;500;649;507;274;739;787;723
1,15701,15765,1,0,0,12,2,116;74;80;307;301;469;618;476;243;708;756;692
1,15557,15644,1,0,0,10,3,314;93;128;451;364;613;762;620;387;852
1,15581,15654,1,0,0,11,2,291;74;128;427;364;589;738;596;363;828;876
1,15537,15605,1,15,0,12,3,314;5;6;194;244;471;364;633;782;640;407;872
1,15537,15803,1,0,0,12,7,314;5;6;93;244;471;364;633;782;640;407;872
0,7096,7171,1,0,0,5,0,233;13;410;181;533
1,7010,7072,1,0,0,5,1,319;99;496;267;619
1,7126,7198,1,0,0,4,2,163;380;151;503
1,7125,7208,1,0,0,4,2,204;381;152;504
0,6916,6980,1,0,0,6,0,42;7;358;193;590;361
1,6913,6985,1,0,0,6,1,45;22;358;196;593;364
0,6995,7076,1,0,0,5,0,334;114;511;282;634
1,6964,7017,1,0,0,5,1,358;145;542;313;665
1,6817,6902,1,0,0,7,2,141;118;512;83;292;683;460
1,6801,6886,1,0,0,7,1,157;123;528;97;308;699;476
1,6888,7139,1,0,0,7,3,70;47;366;12;221;618;389
1,6855,7151,1,0,0,7,5,103;80;462;45;254;651;422
1,6759,6843,1,0,0,7,1,5;199;176;570;141;350;699
0,6757,6838,1,0,0,7,0,7;201;178;572;143;352;699
1,6784,7083,1,0,0,7,5,174;151;545;97;325;699;493
1,6769,6821,1,0,0,7,1,189;166;560;97;340;699;508
1,6527,6616,1,0,0,7,1,60;237;431;408;181;802;373
1,6598,6667,1,0,0,8,1,3;166;360;337;110;731;302;511
0,6619,6671,1,0,0,7,0,145;339;316;89;710;247;490
1,6729,6817,1,0,0,7,1,35;229;206;600;171;380;777
1,6470,6547,1,0,0,8,3,14;60;294;488;465;238;859;430
1,6479,6538,1,0,0,8,1,5;60;247;479;456;229;850;421
0,6500,6575,1,0,0,7,0,60;237;458;435;208;829;400
0,6520,6593,1,0,0,7,0,60;237;438;415;188;809;380
1,6253,6317,1,0,0,6,1,231;131;102;348;511;705
1,6312,6540,1,0,0,8,5,172;72;43;289;452;646;623;396
1,6422,6679,1,0,0,8,6,46;179;342;536;513;286;907;478
1,6435,6692,1,0,0,8,6,46;60;329;523;500;273;894;465
1,6180,6246,1,0,0,7,1,30;304;204;175;421;584;778
1,6184,6248,1,0,0,7,2,26;300;200;157;417;580;774
1,6201,6254,1,0,0,7,1,9;283;165;154;400;563;757
0,6251,6302,1,0,0,6,0,233;133;104;350;513;707
0,8134,8191,1,0,0,4,0,268;494;502;769
1,8117,8176,1,0,0,4,1,285;523;519;786
0,8076,8148,1,0,0,4,0,326;523;560;827
1,8043,8331,1,0,0,4,3,359;523;593;860
0,7970,8023,1,0,0,3,0,432;523;666
0,7916,7980,1,0,0,3,0,436;523;720
0,7913,7968,1,0,0,3,0,436;523;723
1,7909,8174,1,0,0,3,2,436;738;727
0,7878,7930,1,0,0,3,0,436;769;758
1,7841,8058,1,0,0,2,1,12;561
0,7805,7886,1,0,0,1,0,48
0,7797,8059,1,0,0,1,0,56
0,7784,7850,1,0,0,1,0,67
0,7767,8001,1,0,0,1,0,67
1,7748,7809,1,0,0,1,1,105
0,7687,7759,1,0,0,1,0,166
1,7604,7689,1,0,0,2,1,25;236
0,7675,7733,1,0,0,1,0,178
0,7513,7590,1,0,0,2,0,116;236
0,7600,7679,1,0,0,2,0,29;236
0,7490,7548,1,0,0,3,0,16;139;236
0,7503,7574,1,0,0,3,0,3;126;236
1,7479,7755,1,0,0,3,1,27;150;374
0,7490,7553,1,0,0,3,0,16;139;236
1,7460,7743,1,0,0,3,1,46;169;393
0,7469,7541,1,0,0,3,0,37;160;377
1,7358,7426,1,0,0,3,1,148;271;495
1,7394,7649,1,0,0,3,1,112;235;459
0,7336,7393,1,0,0,3,0,170;293;517
0,7345,7402,1,0,0,3,0,161;284;508
1,7200,7250,1,0,0,4,1,129;306;77;429
1,7276,7328,1,0,0,5,1,53;230;1;353;577
1,5301,5379,1,16,0,11,3,27;55;12;368;46;423;664;299;555;909;559
1,5287,5343,1,0,0,11,2,41;55;26;382;60;437;678;346;569;923;573
0,5330,5393,1,0,0,9,0,55;339;17;394;635;286;526;880;530
0,5312,5371,1,0,0,11,0,16;55;1;357;35;412;653;286;544;898;548
0,5357,5424,1,0,0,8,0,55;312;227;608;276;499;853;503
1,5352,5563,1,0,0,8,5,55;317;372;613;281;504;858;508
1,5371,5626,1,0,0,8,6,55;298;227;594;262;450;839;489
1,5363,5417,1,0,0,8,1,55;306;227;602;270;493;847;497
1,4972,5061,1,0,0,12,1,44;356;41;309;162;459;169;117;341;697;375;752
1,4957,5023,1,0,0,12,2,44;371;59;324;177;474;184;132;356;712;390;767
0,5018,5074,1,0,0,12,0,44;310;263;116;413;123;71;295;651;329;706;947
1,4982,5049,1,0,0,12,1,44;346;34;299;152;449;159;85;331;687;365;742
0,5154,5234,1,0,0,10,0,174;127;277;159;515;193;570;811;479;702
0,5022,5092,1,0,0,12,0,44;306;259;112;409;119;67;291;647;325;702;943
1,5248,5474,1,0,0,10,3,80;33;183;65;421;99;476;717;385;608
0,5245,5331,1,0,0,10,0,83;36;186;68;424;102;479;720;388;611
1,4678,4964,1,0,0,12,7,15;50;132;462;650;338;603;432;753;463;411;635
1,4683,4758,1,0,0,12,1,15;50;127;357;645;333;598;432;748;458;406;630
1,4771,4828,1,0,0,13,1,15;25;39;357;557;245;510;363;660;370;318;542;898
0,4848,4927,1,0,0,11,0,292;480;168;433;286;583;293;241;465;821;499
1,4857,5127,1,0,0,11,7,283;471;159;424;277;574;284;232;456;812;490
1,4858,4935,1,0,0,11,2,282;470;158;423;276;573;283;231;455;811;489
1,4893,5119,1,0,0,11,7,247;435;123;388;241;538;248;196;420;776;454
1,4898,4986,1,0,0,11,3,48;430;118;383;236;533;243;191;415;771;449
0,4411,4484,1,0,0,7,0,74;200;376;376;399;729;917
1,4477,4735,1,0,0,7,5,9;165;310;319;333;663;851
1,4483,4565,1,0,0,7,1,3;129;304;313;327;657;845
0,4501,4588,1,0,0,6,0,129;286;276;309;639;827
1,4520,4578,1,0,0,7,1,122;267;276;290;620;808;496
1,4594,4880,1,0,0,9,6,48;193;202;216;546;734;422;687;540
1,4653,4942,1,0,0,10,7,134;50;157;487;675;363;628;481;778;488
1,4665,4744,1,0,0,11,1,15;50;145;475;663;351;616;469;766;476;424
1,6016,6100,1,0,0,7,1,194;0;124;468;354;339;585
1,5959,6040,1,0,0,8,2,5;251;57;181;525;425;386;642
1,5939,6004,1,0,0,8,2,10;271;77;201;545;445;386;662
1,5913,5983,1,0,0,8,1,10;297;103;227;571;471;422;688
1,6144,6197,1,0,0,7,2,61;340;240;211;457;620;814
0,6137,6212,1,0,0,8,0,61;3;347;247;218;464;627;821
1,6134,6186,1,0,0,8,2,76;6;350;250;221;467;630;824
1,6096,6176,1,0,0,6,1,114;44;388;288;259;505
1,5873,5962,1,0,0,8,1,10;337;143;267;611;511;447;728
1,5863,5936,1,0,0,8,1,10;347;153;277;621;521;492;738
1,5783,5834,1,0,0,10,1,182;73;427;77;233;357;701;601;572;818
1,5783,6014,1,0,0,10,7,182;73;390;77;233;357;701;601;572;818
1,5895,5966,1,0,0,8,1,10;315;121;245;589;489;445;690
0,5893,5968,1,0,0,8,0,10;317;123;247;591;491;445;690
0,5887,5958,1,0,0,8,0,10;323;129;253;597;497;445;690
1,5880,5953,1,0,0,8,1,10;330;136;260;604;504;447;690
1,5593,5645,1,0,0,11,1,76;131;372;16;263;617;267;423;547;891;791
1,5688,5753,1,0,0,11,1,36;277;168;522;172;328;452;796;696;667;913
1,5556,5621,1,0,0,11,2,80;168;409;34;300;654;304;460;584;928;828
1,5591,5677,1,0,0,11,2,78;133;374;33;265;619;269;425;549;893;793
0,5730,5814,1,15,0,10,0,235;126;480;130;286;410;754;654;599;871
1,5746,5820,1,0,0,10,1,219;110;464;114;270;394;738;638;599;855
1,5697,5765,1,0,0,11,1,27;268;159;513;163;319;443;787;687;658;904
1,5699,5774,1,0,0,11,1,21;266;157;511;161;317;441;785;685;656;902
0,5419,5489,1,0,0,10,0,12;91;227;546;214;437;791;441;597;721
0,5464,5537,1,0,0,10,0,89;227;501;169;392;746;396;552;676;1020
1,5382,5614,1,0,0,8,4,49;210;227;583;251;450;828;478
1,5419,5504,1,0,0,10,4,12;91;227;546;214;437;791;441;597;721
1,5538,5610,1,0,0,11,2,80;186;427;95;318;672;322;478;602;946;846
1,5552,5611,1,0,0,11,2,80;172;413;76;304;658;308;464;588;932;832
1,5511,5599,1,0,0,10,1,89;213;454;122;345;699;349;505;629;973
1,5518,5736,1,0,0,11,7,89;202;447;115;338;692;342;498;622;966;866
1,10347,10418,1,0,0,7,2,85;60;552;66;443;620;780
1,10347,10430,1,16,0,7,2,73;60;552;66;443;620;780
1,10356,10422,1,0,0,7,1,47;60;552;57;434;611;771
0,10401,10454,1,0,0,7,0,7;60;530;12;389;566;726
1,10225,10459,1,0,0,6,2,130;85;706;188;565;714
1,10231,10441,1,0,0,6,3,130;60;700;182;559;714
1,10247,10329,1,0,0,6,3,130;60;552;166;543;714
1,10250,10313,1,0,0,6,2,104;60;552;163;540;714
1,10511,10787,1,0,0,7,6,1;420;279;456;616;547;571
1,10532,10588,1,0,0,6,1,287;258;435;595;526;550
0,10538,10621,1,0,0,6,0,229;252;429;589;520;544
0,10558,10632,1,0,0,7,0,229;232;409;569;500;524;334
1,10409,10644,1,0,0,7,2,7;60;522;4;381;558;718
1,10422,10472,1,0,0,6,1,7;60;498;368;545;705
1,10471,10732,1,0,0,6,4,41;460;319;496;656;587
0,10473,10528,1,0,0,6,0,19;458;317;494;654;585
0,9972,10057,1,0,0,5,0,59;3;287;540;959
1,9961,10175,1,0,0,5,2,70;89;287;551;970
1,10037,10087,1,0,0,6,1,3;287;475;842;376;753
1,10006,10092,1,0,0,6,2,25;3;287;506;925;407
1,9880,10153,1,0,0,5,1,1;151;170;552;632
1,9874,9948,1,0,0,5,3,11;157;176;558;638
0,9930,10005,1,0,0,5,0,1;101;120;287;582
0,9889,9962,1,0,0,5,0,1;142;161;287;623
1,10165,10403,1,0,0,6,5,148;347;766;248;625;714
1,10128,10362,1,0,0,6,1,148;384;789;285;662;839
0,10206,10276,1,0,0,6,0,130;85;725;207;584;714
1,10166,10428,1,0,0,6,2,130;346;765;247;624;714
1,10064,10304,1,0,0,5,5,287;448;842;349;719
0,10049,10130,1,0,0,6,0,1;287;463;842;364;719
1,10125,10187,1,0,0,6,2,148;387;806;288;665;842
0,10069,10150,1,0,0,5,0,148;443;842;344;719
0,11188,11244,1,0,0,7,0,322;270;198;477;614;441;596
1,11212,11429,1,0,0,7,2,298;246;174;453;590;417;572
0,11173,11224,1,0,0,7,0,337;285;213;492;629;456;611
1,11183,11233,1,0,0,7,2,327;275;203;482;619;446;601
1,11095,11168,1,0,0,7,1,32;383;312;291;570;707;534
0,11167,11248,1,0,0,7,0,343;291;219;498;635;462;617
1,11061,11143,1,0,0,8,1,66;21;402;397;325;604;741;568
1,11066,11279,1,0,0,8,3,61;16;383;392;320;599;736;563
1,11340,11390,1,0,0,8,1,170;101;46;325;462;289;444;750
1,11341,11629,1,0,0,8,4,169;101;39;324;461;288;443;750
1,11333,11418,1,0,0,8,1,174;125;53;332;469;296;451;821
1,11336,11388,1,0,0,8,2,174;122;50;329;466;293;448;750
0,11297,11384,1,0,0,8,0,213;161;89;368;505;332;487;857
1,11318,11607,1,0,0,8,6,192;140;68;347;484;311;466;836
1,11271,11333,1,0,0,8,2,239;187;106;394;531;358;513;883
0,11278,11347,1,0,0,8,0,223;180;106;387;524;351;506;876
0,10822,10878,1,0,0,9,0,109;144;203;236;196;70;688;636;564
1,10807,10882,1,0,0,9,3,122;160;203;251;196;85;703;651;579
1,10803,10889,1,0,0,9,3,122;164;203;255;279;89;707;655;583
1,10771,11029,1,0,0,10,5,122;19;196;356;287;311;121;739;687;615
1,10741,10975,1,0,0,9,4,190;49;226;386;317;341;151;769;717
1,10670,10757,1,0,0,7,2,212;120;297;457;388;412;222
0,10647,10703,1,15,0,7,0,212;143;320;480;411;435;245
1,10616,10819,1,0,0,7,3,229;174;351;511;442;466;276
0,11040,11106,1,0,0,9,0,87;1;42;402;418;346;625;762;589
1,11037,11126,1,0,0,9,1,90;21;45;402;421;349;628;765;592
1,11033,11115,1,0,0,9,1,94;25;49;477;425;353;632;769;596
1,10969,11037,1,0,0,7,2,158;89;113;541;489;417;696
0,10968,11045,1,0,0,7,0,159;90;114;542;490;418;697
1,10948,11012,1,0,0,8,1,7;179;110;134;562;510;438;717
1,10936,11000,1,0,0,8,2,31;191;122;136;574;522;450;729
1,10832,11126,1,0,0,9,5,99;135;203;226;196;60;678;626;554
1,8517,8578,1,0,0,6,2,130;19;386;229;352;877
1,8580,8791,1,0,0,7,1,67;19;323;166;289;814;580
1,8628,8896,1,0,0,8,3,19;8;275;118;241;766;532;530
1,8700,8751,1,0,0,6,1,82;46;169;694;460;458
0,8737,8796,1,0,0,6,0,82;9;132;657;423;421
1,8788,9000,1,0,0,6,4,82;81;606;372;370;630
0,8920,8985,1,0,0,6,0,474;240;238;498;421;822
0,8923,9009,1,0,0,6,0,471;237;235;495;418;819
1,8972,9040,1,0,0,7,3,422;188;186;446;369;770;587
1,8999,9277,1,0,0,7,7,395;161;159;419;342;743;560
1,9000,9058,1,0,0,7,2,372;160;158;418;341;742;559
0,9008,9081,1,0,0,7,0,360;152;150;410;333;734;551
0,9016,9073,1,0,0,7,0,360;144;142;402;325;726;543
1,9017,9312,1,0,0,7,5,360;143;141;401;324;725;542
0,9020,9079,1,0,0,7,0,122;140;138;398;321;722;539
0,9022,9098,1,0,0,7,0,122;138;136;396;319;720;537
1,8163,8231,1,0,0,4,2,239;447;473;740
1,8153,8238,1,0,0,4,1,249;494;483;750
1,8184,8402,1,0,0,5,4,218;447;452;719;562
0,8167,8219,1,0,0,4,0,230;447;469;736
1,8189,8269,1,16,0,5,1,213;280;447;714;557
1,8189,8268,1,0,0,5,1,213;268;447;714;557
1,8215,8301,1,0,0,6,3,187;258;421;688;500;654
1,8196,8484,1,0,0,5,4,206;268;440;707;500
1,8321,8574,1,0,0,6,4,81;258;315;582;425;548
0,8302,8360,1,0,0,6,0,100;258;334;601;444;567
1,8332,8385,1,0,0,6,2,70;255;304;571;414;537
1,8330,8385,1,0,0,6,2,72;258;306;573;416;539
1,8399,8691,1,0,0,6,4,3;248;237;504;347;470
0,8333,8385,1,0,0,6,0,61;255;303;570;413;536
0,8429,8497,1,0,0,5,0,218;19;451;317;440
1,8414,8497,1,0,0,5,2,233;19;489;332;455
0,9541,9611,1,0,0,8,0,28;18;411;178;490;327;240;509
0,9545,9608,1,0,0,8,0,28;14;407;174;486;326;236;505
0,9486,9561,1,0,0,7,0,28;73;466;233;545;385;295
1,9524,9575,1,0,0,8,1,28;35;428;195;507;347;257;526
0,9649,9707,1,0,0,7,0,28;303;70;382;222;132;401
0,9673,9761,1,0,0,7,0,28;279;46;358;198;108;377
1,9554,9632,1,0,0,8,1,28;5;398;165;477;317;227;496
0,9636,9706,1,0,0,7,0,28;316;83;395;235;145;414
0,9763,9846,1,0,0,5,0,189;268;108;18;287
1,9776,9829,1,0,0,6,1,176;255;95;5;274;656
0,9727,9798,1,0,0,6,0,15;225;304;144;54;323
0,9730,9813,1,0,0,6,0,12;222;301;141;51;320
1,9837,10038,1,0,0,6,4,115;194;34;213;595;675
0,9855,9943,1,0,0,6,0,11;176;16;195;577;657
0,9782,9865,1,0,0,5,0,170;249;89;247;650
0,9782,9857,1,0,0,5,0,170;249;89;247;650
0,9132,9191,1,0,0,8,0,122;28;26;286;209;610;427;820
0,9093,9160,1,0,0,7,0,122;67;26;325;248;649;466
1,9073,9140,1,0,0,7,2,122;87;85;345;268;669;486
0,9045,9113,1,0,0,7,0,122;115;113;373;296;697;514
1,9221,9456,1,0,0,8,5,122;197;120;521;338;731;498;810
0,9197,9253,1,0,0,7,0,122;221;144;545;362;755;522
0,9172,9254,1,0,0,7,0,122;240;169;570;387;780;547
1,9147,9229,1,0,0,8,1,122;13;11;271;194;595;412;805
1,9299,9504,1,0,0,8,5,93;102;42;443;260;653;420;732
1,9286,9375,1,0,0,8,2,93;132;55;448;273;666;433;745
1,9279,9360,1,0,0,8,1,93;139;62;448;280;673;440;752
1,9222,9514,1,0,0,8,5,93;196;119;520;337;730;497;809
1,9475,9770,1,0,0,7,6,267;84;477;244;556;396;306
0,9447,9502,1,0,0,7,0,295;112;505;272;584;404;334
1,9406,9495,1,0,0,8,1,12;326;153;546;313;625;465;375
1,9387,9470,1,0,0,9,1,7;31;355;172;565;332;644;484;394
1,445,497,1,0,0,5,1,280;325;375;838;415
0,406,488,1,0,0,5,0,280;325;414;877;454
1,508,793,1,0,0,5,3,280;325;312;775;352
0,486,570,1,0,0,5,0,280;325;334;797;374
1,312,600,1,0,0,5,5,504;615;476;971;548
1,292,376,1,0,0,5,1,504;635;528;991;568
1,365,608,1,0,0,5,4,280;562;455;918;495
0,315,378,1,0,0,5,0,280;612;476;968;545
0,96,332,1,0,0,0,0,
0,76,150,1,0,0,0,0,
1,287,354,1,0,0,5,1,543;640;533;996;573
1,134,369,1,0,0,2,1,696;793
0,13,230,1,0,0,0,0,
0,69,296,1,0,0,0,0,
0,23,300,1,0,0,0,0,
1,2580,2651,1,0,0,8,1,33;41;269;765;744;718;648;579
1,2517,2725,1,0,0,9,5,181;96;2;332;828;807;781;711;642
0,2487,2537,1,0,0,7,0,190;96;32;362;858;837;811
1,2482,2702,1,0,0,7,3,190;136;37;367;863;842;816
0,2451,2513,1,0,0,7,0,190;136;68;398;894;873;847
1,2438,2659,1,0,0,7,4,190;160;81;411;907;886;860
1,2428,2490,1,0,0,7,1,190;193;91;421;917;896;870
1,2389,2469,1,0,0,6,1,190;212;130;460;956;906
1,2719,3016,1,0,0,7,6,52;626;605;579;509;440;798
0,2688,2758,1,0,0,8,0,8;52;633;636;610;540;471;829
1,2682,2893,1,0,0,8,4,8;167;633;642;616;546;477;835
1,2658,2735,1,0,0,7,1,8;191;687;666;640;570;501
1,2641,2714,1,0,0,7,3,32;208;704;683;657;587;518
0,2634,2691,1,0,0,7,0,32;215;711;690;664;594;525
1,2632,2698,1,0,0,7,1,33;217;713;692;666;596;527
1,2597,2658,1,16,0,8,1,33;16;252;748;727;701;631;562
0,2980,3048,1,0,0,10,0,157;344;318;248;179;537;707;249;522;682
0,3063,3132,1,0,0,11,0,157;261;235;165;96;454;624;195;451;599;1090
1,2955,3214,1,0,0,9,5,390;369;343;273;204;562;732;303;522
1,2969,3020,1,0,0,10,1,157;355;329;259;190;548;718;289;522;693
1,2928,3008,1,0,0,9,4,417;396;370;300;231;589;759;330;586
1,2945,3023,1,0,0,9,1,400;379;353;283;214;572;742;313;569
0,2752,2823,1,0,0,7,0,52;591;572;546;476;407;765
0,2883,2947,1,0,0,8,0,462;441;415;345;276;634;804;375
1,3195,3449,1,0,0,10,5,150;129;103;32;205;492;63;319;467;958
0,3237,3308,1,0,0,9,0,108;87;61;205;450;21;277;425;916
1,3143,3357,1,0,0,11,2,157;165;155;61;16;374;544;115;371;519;1010
1,3176,3248,1,0,0,10,3,157;148;122;52;205;511;82;338;486;977
1,3116,3192,1,0,0,11,3,157;208;182;112;43;401;562;142;398;546;1037
1,3130,3210,1,0,0,11,2,157;194;168;61;29;387;557;128;384;532;1023
1,3074,3135,1,0,0,11,2,157;250;224;154;85;443;613;184;440;588;1079
0,3082,3171,1,0,0,11,0,157;242;216;146;77;435;562;176;432;580;1071
0,3402,3456,1,0,0,6,0,115;56;112;260;751;597
1,3385,3644,1,0,0,6,3,132;302;129;277;768;614
0,3441,3500,1,0,0,7,0,76;56;73;221;712;492;535
1,3436,3516,1,0,0,7,2,81;56;78;226;717;563;540
1,3265,3468,1,0,0,8,2,80;59;33;205;422;249;397;888
0,3246,3302,1,0,0,9,0,99;78;52;205;441;12;268;416;907
0,3300,3361,1,0,0,7,0,45;24;205;375;214;362;853
1,3294,3368,1,0,0,8,1,51;30;4;205;393;220;368;859
0,3689,3762,1,0,0,9,0,464;310;287;404;408;320;205;426;797
0,3632,3683,1,0,0,10,0,55;30;521;340;344;461;465;377;262;483
1,3707,3795,1,0,0,10,1,446;287;269;386;390;302;187;408;779;935
1,3689,3770,1,0,0,9,1,464;310;287;404;408;320;205;426;797
1,3530,3604,1,0,0,9,2,56;132;623;469;446;563;567;479;364
0,3499,3550,1,0,0,10,0,18;56;15;163;654;492;477;594;598;510
1,3610,3698,1,0,0,9,2,56;52;543;367;366;483;487;399;284
1,3589,3645,1,0,0,9,1,56;73;564;410;387;504;508;420;305
1,3774,3836,1,0,0,10,2,379;211;202;319;323;235;120;341;712;868
0,3790,3867,1,0,0,10,0,363;209;186;303;288;219;104;325;696;852
1,3962,4049,1,0,0,11,1,191;37;14;131;135;47;153;524;680;825;834
0,3983,4069,1,0,0,10,0,170;16;110;114;26;132;503;659;804;813
1,3722,3803,1,0,0,10,1,431;273;254;371;375;287;172;393;764;920
1,3728,3798,1,0,0,10,2,425;261;248;365;369;281;166;387;758;914
0,3742,3811,1,0,0,10,0,411;248;234;351;355;267;152;373;744;900
1,3771,3832,1,0,0,10,1,382;228;205;322;326;238;123;344;715;871
1,4230,4489,1,0,0,5,2,216;354;557;566;580
1,4321,4578,1,0,0,6,3,165;200;466;475;489;819
0,4355,4422,1,0,0,6,0,131;200;432;376;455;785
1,4381,4461,1,0,0,7,2,105;200;406;376;429;759;947
1,4152,4236,1,0,0,6,1,1;334;490;635;644;658
0,4218,4297,1,0,0,5,0,268;424;569;578;592
1,4224,4287,1,0,0,5,1,262;418;563;572;586
1,4225,4314,1,0,0,5,1,216;417;562;571;585
1,651,717,1,0,0,6,1,161;276;53;632;209;847
1,603,853,1,0,0,6,5,201;324;53;680;257;895
1,598,676,1,0,0,6,2,230;325;53;685;262;900
1,568,843,1,0,0,6,5,262;325;53;715;292;930
0,763,846,1,0,0,6,0,67;164;41;520;97;735
1,746,797,1,0,0,6,1,84;181;53;537;114;752
1,698,755,1,0,0,6,1,125;229;53;585;162;800
1,665,750,1,0,0,6,1,125;262;53;618;195;833
1,1010,1092,1,0,0,5,1,103;351;419;862;451
1,998,1271,1,0,0,5,4,285;351;431;874;463
1,955,1013,1,0,0,4,1,328;357;474;917
1,953,1166,1,0,0,4,2,330;545;476;919
1,1130,1207,1,0,0,6,1,103;220;299;742;331;644
1,1088,1357,1,0,0,6,3,103;250;341;784;344;686
1,1050,1119,1,0,0,5,1,103;351;379;822;411
1,1050,1282,1,0,0,5,3,103;351;379;822;344
1,1158,1216,1,0,0,7,1,103;209;271;709;284;616;804
1,1181,1234,1,0,0,7,1,102;209;248;691;248;593;781
1,1145,1358,1,0,0,7,3,103;220;284;709;316;629;817
1,1146,1225,1,0,0,7,1,103;209;283;709;315;628;816
1,1230,1318,1,47,0,7,1,53;78;199;642;231;544;732
1,1234,1293,1,16,0,7,2,49;78;195;613;227;540;728
1,1201,1495,1,0,0,7,5,82;209;217;671;248;573;761
1,1223,1304,1,15,0,7,2,60;78;206;649;238;551;739
1,1309,1377,1,0,0,7,1,78;103;563;152;465;653;579
1,1341,1428,1,0,0,7,2,78;88;531;120;433;621;547
0,1260,1319,1,0,0,7,0,19;78;169;612;201;514;702
1,1298,1384,1,0,0,7,1,78;131;574;163;476;664;590
1,1413,1486,1,0,0,8,1,38;16;435;48;361;549;475;755
0,1527,1578,1,0,0,5,0,345;247;435;361;641
1,1393,1467,1,0,0,8,1,38;36;479;68;381;569;495;775
1,1396,1468,1,0,0,8,1,38;33;476;60;378;566;492;772
0,1553,1608,1,0,0,5,0,319;221;409;335;615
0,1531,1615,1,0,0,5,0,341;243;431;357;637
0,1589,1657,1,0,0,5,0,283;185;373;299;579
0,1571,1626,1,0,0,5,0,301;203;391;317;597
0,1716,1772,1,0,0,6,0,156;58;246;172;452;413
1,1662,1743,1,0,0,6,2,210;112;300;226;506;467
1,1728,1786,1,0,0,6,1,144;46;234;160;440;401
0,1721,1786,1,0,0,6,0,151;53;241;167;447;408
0,1752,1829,1,0,0,7,0,120;22;210;136;416;377;946
0,1747,1816,1,0,0,7,0,125;27;215;141;421;382;951
0,1829,1911,1,0,0,7,0,43;133;59;339;300;869;792
1,1794,1846,1,0,0,7,1,78;168;94;374;335;904;827
1,1877,2170,1,0,0,6,3,85;11;291;252;821;744
0,1836,1906,1,0,0,7,0,36;126;52;332;293;862;785
1,1929,1979,1,0,0,5,1,33;79;200;769;692
0,1906,1993,1,0,0,5,0,56;79;223;792;715
0,1941,1998,1,0,0,5,0,21;79;188;757;680
0,1947,2020,1,0,0,5,0,15;79;182;751;674
0,1964,2039,1,0,0,4,0,79;165;734;657
1,1969,2199,1,0,0,4,2,79;160;729;652
0,2001,2065,1,0,0,4,0,79;128;616;620
1,2002,2083,1,0,0,4,1,79;127;616;619
1,2013,2085,1,0,0,4,1,79;116;616;608
1,2108,2403,1,0,0,4,1,60;21;590;513
1,2121,2396,1,0,0,4,1,47;8;577;379
1,2184,2404,1,0,0,3,2,514;373;335
1,2248,2510,1,0,0,4,4,379;373;271;601
1,2319,2407,1,0,0,4,1,357;302;200;530
1,2323,2541,1,0,0,4,3,340;298;196;526
1,2341,2561,1,0,0,4,1,340;280;178;508
1,2369,2448,1,0,0,6,1,190;252;150;480;976;955
1,2375,2454,1,0,0,6,1,190;246;144;474;970;906
1,25943,26169,1,0,0,4,2,96;351;478;245
1,25948,26237,1,0,0,4,2,96;271;473;240
1,25940,26026,1,0,0,5,2,1;108;354;481;248
0,25941,25993,1,0,0,5,0,0;96;353;480;247
1,26016,26069,1,0,0,4,1,32;258;252;172
1,26018,26282,1,0,0,4,3,29;258;252;170
0,25980,26062,1,0,0,4,0,68;271;252;208
1,26003,26064,1,0,0,4,1,45;271;252;185
0,26127,26208,1,0,0,3,0,26;252;61
1,26151,26450,1,0,0,3,1,26;252;37
1,26036,26122,1,0,0,4,1,12;26;252;152
0,26075,26133,1,0,0,3,0,26;252;113
0,26362,26423,1,0,0,3,0,41;655;639
0,26443,26527,1,0,0,2,0,574;558
0,26189,26268,1,0,0,2,0,26;41
0,26260,26331,1,0,0,3,0,26;41;757
1,26605,26657,1,0,0,5,1,412;396;399;629;732
1,26584,26669,1,0,0,4,2,433;417;420;650
0,26561,26616,1,0,0,4,0,456;440;443;673
1,26453,26738,1,0,0,2,1,564;548
1,26697,26772,1,0,0,5,1,197;304;307;537;640
1,26690,26937,1,0,0,5,4,327;311;314;544;644
1,26648,26703,1,0,0,5,1,369;353;356;586;644
1,26616,26702,1,0,0,5,1,401;385;388;618;712
0,26878,26930,1,0,0,7,0,139;123;126;356;455;493;568
1,26871,26940,1,0,0,7,2,146;130;133;363;466;500;575
0,26843,26912,1,0,0,6,0,174;158;161;391;477;528
1,26836,26891,1,0,0,6,1,181;165;168;398;501;535
1,26953,27217,1,0,0,7,4,64;48;51;281;384;418;493
0,26937,27011,1,0,0,7,0,80;64;67;297;400;434;509
1,26908,26986,1,0,0,7,1,107;93;96;326;429;463;538
1,26891,26948,1,0,0,7,1,126;110;113;343;446;480;555
1,26986,27277,1,0,0,7,4,31;15;18;88;351;385;460
1,26991,27237,1,0,0,7,1,10;10;13;88;346;380;455
0,27005,27056,1,0,0,5,0,10;88;332;181;441
0,27030,27103,1,0,0,5,0,88;307;181;416;662
0,27042,27107,1,0,0,5,0,88;295;181;404;650
1,27099,27320,1,0,0,7,4,88;238;181;347;593;850;1014
0,27134,27203,1,0,0,10,0,88;123;181;312;558;815;979;981;788;927
1,27143,27398,1,0,0,10,7,88;123;181;303;549;806;970;972;779;918
1,27160,27248,1,0,0,11,3,74;65;181;286;532;789;953;955;762;901;753
1,27162,27220,1,15,0,11,2,72;65;177;284;530;787;951;953;760;899;751
1,27174,27225,1,0,0,12,1,60;65;168;272;518;775;939;941;748;887;739;504
0,27213,27276,1,0,0,13,0,21;65;156;233;479;736;900;902;709;848;700;465;623
1,27295,27554,1,0,0,13,10,42;76;151;397;654;818;820;627;766;618;383;541;734
1,27370,27445,1,0,0,12,2,1;76;322;579;743;745;552;691;543;308;466;659
0,27406,27476,1,0,0,12,0,40;286;543;688;709;516;655;507;272;430;623;926
1,27420,27509,1,0,0,12,4,26;272;529;688;695;502;641;493;258;416;609;912
1,27433,27509,1,0,0,12,1,13;259;516;680;682;489;592;480;245;403;596;899
1,27424,27491,1,0,0,12,1,13;268;525;688;691;498;637;489;254;412;605;908
1,27539,27822,1,0,0,13,9,153;410;574;576;383;522;374;139;297;490;793;683;739
1,27497,27562,1,0,0,12,1,195;452;616;618;425;564;416;178;339;532;835;725
1,27630,27707,1,0,0,16,1,62;319;483;485;292;431;283;48;206;399;702;592;648;479;923;665
1,27604,27677,1,0,0,15,2,88;345;509;511;318;457;309;74;232;425;728;618;674;505;949
1,27752,27833,1,0,0,16,4,197;361;363;170;309;161;84;277;580;470;526;357;801;543;590;624
1,27645,27935,1,0,0,17,12,47;304;468;470;277;396;268;33;191;384;687;577;633;464;908;650;697
1,27898,28188,1,0,0,17,9,51;215;217;24;163;15;131;434;324;380;211;655;397;444;478;431;508
0,27794,27857,1,0,0,16,0,155;319;321;128;267;119;42;235;538;428;484;315;759;501;548;582
1,28022,28072,1,0,0,19,2,91;70;39;7;310;200;256;87;531;273;320;354;307;384;627;385;39;875;475
1,27929,28010,1,0,0,18,1,20;184;70;132;100;403;293;349;180;624;366;413;447;400;477;720;478;132
1,28127,28180,1,0,0,14,1,65;95;151;426;168;215;249;202;279;522;280;770;370;958
1,28065,28296,1,0,0,16,6,48;50;267;157;213;44;488;230;277;311;264;341;584;342;832;432
1,28250,28336,1,0,0,13,1,65;28;303;45;92;126;79;156;399;157;647;247;835
1,28148,28430,1,0,0,14,7,65;74;130;405;147;194;228;181;258;501;259;746;349;937
1,28426,28504,1,0,0,8,1,127;118;471;71;659;528;652;839
1,28438,28518,1,0,0,8,1,115;118;459;59;647;516;652;827
1,28408,28624,1,0,0,8,4,145;241;489;89;677;546;698;857
1,28416,28484,1,0,0,8,1,137;118;481;81;669;538;690;849
0,28384,28467,1,15,0,10,0,169;22;265;23;513;113;701;570;722;881
1,28388,28460,1,0,0,10,3,165;18;261;19;509;109;697;566;718;877
0,28279,28340,1,0,0,12,0,53;274;16;63;97;50;127;370;128;618;218;765
1,28320,28387,1,0,0,13,1,12;233;22;56;9;86;329;87;577;177;765;634;786
1,28671,28760,1,0,0,5,1,226;414;283;435;594
1,28693,28977,1,0,0,6,4,204;392;261;413;572;451
0,28577,28654,1,0,0,6,0,72;320;508;377;529;688
1,28608,28905,1,0,0,6,6,41;289;477;346;498;657
1,28509,28594,1,0,0,7,1,44;109;388;576;445;597;756
1,28546,28801,1,0,0,7,5,7;103;349;539;408;560;719
0,28445,28520,1,0,0,8,0,108;118;418;52;640;509;652;820
1,28450,28538,1,0,0,8,2,103;118;418;47;635;504;652;815
1,28922,29000,1,0,0,8,1,82;32;172;343;222;561;212;728
1,28901,28956,1,0,0,8,1,82;53;172;364;243;582;233;772
1,28898,29160,1,0,0,8,5,82;56;208;367;246;585;236;775
1,28885,28944,1,0,0,9,1,12;182;69;221;380;259;598;249;788
1,28842,29132,1,0,0,7,5,55;182;112;264;423;302;641
1,28810,28871,1,0,0,7,1,87;202;144;296;455;334;673
1,28801,29017,1,0,0,7,3,96;284;153;305;464;343;682
1,28737,28802,1,0,0,6,1,160;348;217;369;528;407
1,28949,29011,1,0,0,8,1,82;5;146;316;195;534;185;687
1,28931,28998,1,0,0,8,1,82;23;146;334;213;552;203;728
324
21495,22149,0.00,8
21610,22093,0.00,9
21379,22127,239.41,10
21423,22170,103.66,10
21983,22440,95.65,10
21992,22811,516.21,8
21789,22446,241.31,11
21960,22916,331.42,9
21166,21795,0.00,10
21171,22014,0.00,11
21077,21889,0.00,10
21163,21989,297.59,8
21314,22068,277.43,11
21334,21963,0.00,8
21172,21937,0.00,11
21308,22058,82.75,9
20433,20784,0.00,11
20418,21289,273.74,11
20344,21202,112.40,10
20338,20982,106.78,8
20957,21586,57.06,10
20866,21509,213.93,10
20521,21540,269.28,9
20481,21170,152.77,11
20177,21142,309.90,10
20025,20743,0.00,11
19852,20506,175.75,9
19828,20266,0.00,11
20326,20929,54.22,8
20323,21050,72.82,9
20301,20794,45.51,11
20250,21164,276.93,10
18999,19736,162.65,10
18999,19812,0.00,11
19039,19877,0.00,8
19259,20073,142.45,11
19356,20002,0.00,9
19439,20297,320.25,8
19546,20417,477.30,10
19601,20173,99.46,11
18274,19072,0.00,10
18321,18876,0.00,10
18562,19477,346.88,10
18801,19666,368.55,8
18846,19728,100.80,10
18860,19852,23.08,10
18882,19248,0.00,8
18975,19869,0.00,8
17897,18865,186.62,9
17817,18384,0.00,8
18020,18530,0.00,9
17974,19028,322.60,8
18109,18842,152.66,9
18101,18822,0.00,8
18239,18980,0.00,8
18110,18872,53.11,11
17110,17579,106.19,8
17070,17556,0.00,11
17288,18133,61.40,10
17181,18124,253.37,8
17343,18083,87.20,9
17310,18099,0.00,8
17813,18566,113.13,11
17407,18161,0.00,11
27163,27678,103.68,11
27189,27836,0.00,11
27121,28061,103.21,9
27157,27913,0.00,9
27106,28115,147.94,10
27108,27922,0.00,8
27077,27949,0.00,9
27083,28113,163.68,11
26845,27446,60.09,11
27017,27692,0.00,10
26593,27337,317.30,9
26828,27371,224.44,9
26463,27004,0.00,10
26558,27234,193.46,9
26204,27017,171.56,8
26340,27001,131.54,10
25640,26188,0.00,11
25628,26421,432.93,11
25618,26294,325.64,11
25399,25892,59.42,8
25291,26048,131.76,8
25151,25869,66.91,11
25120,25941,136.55,11
24998,25681,0.00,9
24968,25714,0.00,9
24958,25571,0.00,10
24941,25650,211.97,9
24912,25580,41.50,8
24822,25549,0.00,8
24787,25695,0.00,10
24671,25663,339.96,8
24622,25332,162.41,9
24107,24772,74.42,10
24110,24850,190.42,10
24201,25179,180.02,11
24607,25435,306.97,8
23794,24368,0.00,11
23838,24713,156.27,11
23859,24383,0.00,8
24049,24419,0.00,11
23549,24172,0.00,10
23565,24236,0.00,11
23643,24634,143.81,10
23775,24344,0.00,11
23313,24302,141.63,9
23444,24190,74.85,10
23452,24424,252.29,8
23536,24101,20.17,11
23045,23770,59.28,11
22884,23804,0.00,11
23210,23749,77.55,9
23131,23735,0.00,9
22625,23137,0.00,9
22590,23435,402.30,10
22823,23682,214.05,11
22684,23213,0.00,9
22212,22805,0.00,8
22208,22925,0.00,10
22504,23318,327.81,10
22392,22767,0.00,11
22047,22864,200.71,11
22008,23056,88.70,10
22169,22986,47.12,11
22118,22436,0.00,9
28287,28954,0.00,9
28081,29085,275.64,11
28323,29265,0.00,8
28288,29106,138.75,11
28799,29483,0.00,9
28681,29144,0.00,10
28883,29673,85.89,10
28878,29134,0.00,9
27275,28029,0.00,11
27388,28332,202.01,11
27448,28222,0.00,9
27500,28278,0.00,11
27588,28109,0.00,10
27599,28553,0.00,10
27629,28295,0.00,9
27637,28342,101.66,11
27700,28376,0.00,10
27824,28329,0.00,9
27836,28406,0.00,9
27906,28649,183.88,8
27909,28407,0.00,9
27928,28061,0.00,10
27968,28897,186.05,11
27988,28497,0.00,10
2840,3258,40.80,8
2825,3687,316.42,8
2956,3662,0.00,11
2919,3514,47.36,10
2497,3228,71.58,10
2427,3298,0.00,9
2681,3517,169.83,10
2502,3159,0.00,10
2200,2849,115.73,8
2145,2519,0.00,10
2367,3324,120.39,11
2361,3345,347.55,8
1652,2129,4.61,11
1361,2168,255.34,10
1774,2621,317.99,11
1731,2698,612.10,8
4042,4810,0.00,8
4292,5140,309.56,8
4357,5328,66.96,8
4518,5016,59.34,8
3642,4486,125.52,11
3703,4642,254.27,8
3919,4787,119.74,8
3955,4796,289.86,9
3459,4097,35.68,9
3466,4009,0.00,9
3523,3894,0.00,9
3621,4115,0.00,9
3003,4153,0.00,10
3329,3999,261.84,10
3424,3976,0.00,10
3442,4093,0.00,11
1136,1962,19.63,10
1298,1888,0.00,10
983,1461,143.85,9
1070,1774,0.00,9
859,1429,88.82,9
947,1872,159.75,8
209,860,0.00,10
540,1498,507.68,11
153,820,341.30,9
197,1283,213.20,9
100,830,400.31,11
125,927,312.92,11
7867,8647,491.60,8
7869,8636,218.80,8
8007,8903,231.47,10
8172,8746,98.13,11
8204,8869,0.00,10
8473,9394,373.83,11
8555,9160,0.00,10
8583,9158,59.29,11
8776,9418,61.89,8
8853,9341,0.00,11
8890,9742,341.36,11
8960,9559,0.00,11
9102,9952,114.04,9
9170,9719,0.00,8
9198,10031,0.00,8
9316,9871,81.74,11
9502,10050,152.38,10
9357,9781,0.00,9
9816,10512,308.87,11
9764,10432,527.34,10
10003,10413,0.00,9
9937,10931,551.74,8
10097,10967,189.75,9
10035,10790,57.74,10
10446,11058,20.90,11
10321,11127,186.06,9
10552,10892,0.00,11
10477,11082,143.12,11
10726,11458,120.34,10
10712,11510,157.70,8
10850,11665,40.03,9
10761,11386,88.20,10
4633,5431,128.46,11
4639,5141,0.00,11
4521,5281,0.00,9
4561,5134,74.22,11
4692,5669,223.42,11
4798,5347,0.00,9
4657,5089,32.35,10
4676,5313,0.00,9
5026,5633,140.48,8
5079,5856,43.93,11
4945,5724,171.72,9
4995,5965,177.84,11
5414,6016,0.00,8
5417,6140,0.00,9
5266,6210,102.20,8
5276,5860,0.00,9
5639,6601,157.61,10
5611,6355,239.01,11
5516,6384,106.83,11
5451,6484,150.95,11
6287,6708,0.00,10
6256,6935,120.25,11
6133,6958,0.00,9
6126,6764,57.77,8
6634,7506,150.92,9
6559,7109,0.00,11
6414,6900,100.02,11
6322,7329,261.32,8
7835,8402,166.94,9
7208,7853,240.92,10
6919,7629,0.00,8
6762,7277,0.00,11
14933,15872,375.95,10
14969,15347,0.00,8
14979,15542,0.00,10
14981,15543,0.00,11
14266,15029,0.00,9
14465,15215,270.58,8
14518,14987,14.31,9
14812,15201,45.90,11
15294,16170,72.22,8
15316,16319,166.60,9
15319,16177,0.00,8
15370,15944,68.18,10
15138,15805,261.47,9
15143,15781,140.30,9
15172,16008,241.54,9
15212,16002,260.07,11
15766,16747,137.15,8
15755,16433,0.00,11
15837,16578,0.00,8
15778,16430,122.76,8
15579,16457,68.53,9
15466,16409,280.19,8
15753,16071,0.00,9
15590,16393,113.38,9
16654,17394,0.00,11
16597,17386,0.00,9
17055,17523,90.38,11
16896,17785,203.56,11
16340,17098,257.81,8
16122,16863,393.63,11
16551,17515,60.36,10
16350,17234,38.32,10
11834,12497,177.51,9
11974,12361,86.99,9
11619,12263,78.74,9
11824,12619,144.20,10
11166,11784,64.07,8
11264,12154,304.30,10
10970,11802,234.80,11
11009,11629,0.00,9
12667,13268,93.21,10
12711,13407,11.52,10
12563,13592,256.54,11
12579,13274,123.50,10
12502,13117,0.00,11
12537,13255,0.00,11
12149,12816,117.82,9
12301,12691,0.00,11
12914,13421,0.00,10
12909,13840,57.62,8
12889,13706,227.14,11
12889,13488,0.00,9
12880,13615,70.41,9
12838,13714,0.00,9
12783,13293,0.00,8
12752,13484,273.93,11
14062,14712,0.00,10
13999,14910,532.63,9
13998,15164,378.99,11
13528,14522,468.00,11
13382,13942,0.00,9
13360,13935,113.41,9
13329,14074,0.00,8
13136,13732,0.00,8
