1001
0,4330,4415,1,0,0,7,0,193;220;284;404;661;711;657
0,4261,4313,1,0,0,6,0,62;262;21;289;353;473
0,4196,4253,1,0,0,5,0,127;327;86;354;418
0,4191,4271,1,15,0,5,0,132;332;91;359;423
0,4477,4546,1,0,0,8,0,46;73;137;257;514;564;510;658
0,4400,4466,1,0,0,8,0,123;128;214;334;591;641;587;735
0,4395,4474,1,0,0,8,0,128;128;219;339;596;646;592;740
1,4364,4439,1,0,0,8,1,159;186;250;370;627;677;623;771
0,4631,4687,1,0,0,7,0,103;360;410;356;504;841;690
0,4574,4644,1,0,0,7,0,40;160;417;467;413;561;898
0,4553,4607,1,0,0,7,0,61;181;438;488;434;582;919
1,4509,4590,1,0,0,8,1,14;41;105;225;482;532;478;626
0,4714,4793,1,0,0,9,0,20;277;278;273;421;708;607;1129;616
1,4710,4796,1,0,0,9,1,24;281;278;277;425;724;611;1133;620
1,4688,4910,1,0,0,8,6,46;303;353;299;447;724;633;1155
1,4644,4900,1,0,0,8,5,90;347;397;343;491;828;677;1199
1,4755,4827,1,0,0,8,2,236;255;232;380;697;566;1088;575
1,4790,5058,1,0,0,8,5,201;251;197;345;682;531;1053;540
1,4728,4803,1,0,0,9,1,6;263;278;259;407;708;593;1115;602
1,4728,4983,1,0,0,9,6,6;263;255;259;407;708;593;1115;602
1,4875,5152,1,0,0,9,5,116;166;112;260;597;446;968;455;818
1,4879,4943,1,0,0,9,3,112;162;108;256;577;442;964;451;814
1,4793,4877,1,0,0,8,1,198;248;194;337;679;528;1050;537
1,4816,5048,1,0,0,8,7,175;225;171;319;656;505;1020;514
1,4933,4983,1,0,0,9,1,58;108;54;202;539;388;910;397;760
1,4977,5054,1,0,0,10,3,14;64;10;158;495;344;866;353;716;542
1,4886,4955,1,0,0,9,3,105;155;101;249;577;435;957;444;792
1,4908,5170,1,0,0,9,5,83;133;79;227;564;413;935;422;769
1,5002,5077,1,0,0,8,2,39;133;436;319;841;328;691;517
0,5017,5085,1,0,0,8,0,24;118;413;304;826;313;676;502
1,4987,5072,1,0,0,10,3,4;54;0;136;485;334;856;343;706;532
1,5000,5065,1,0,0,8,2,41;135;472;321;843;330;693;519
0,5221,5291,1,0,0,9,0,251;100;622;109;472;298;653;1033;693
1,5182,5407,1,0,0,7,5,290;139;661;148;511;337;692
1,5251,5456,1,0,0,9,5,182;70;592;79;442;268;623;1003;663
1,5241,5532,1,0,0,9,7,231;80;602;89;452;278;633;1013;673
1,5349,5421,1,0,0,8,1,123;494;344;170;525;905;565;765
1,5306,5379,1,0,0,10,1,166;15;537;24;387;213;568;948;608;808
0,5369,5425,1,0,0,9,0,103;474;314;105;505;885;545;745;943
1,5361,5414,1,0,0,9,1,111;482;332;105;513;893;553;753;951
1,5394,5463,1,0,0,10,2,78;449;299;105;480;860;520;720;918;417
0,5375,5429,1,0,0,9,0,97;468;314;105;499;879;539;739;937
1,5412,5475,1,0,0,10,2,60;431;252;105;462;842;502;702;900;399
0,5405,5465,1,0,0,10,0,67;438;252;105;469;849;509;709;907;406
1,5451,5509,1,0,0,10,2,21;392;242;68;309;803;463;663;861;360
1,5450,5662,1,0,0,10,6,22;393;243;69;424;804;464;664;862;361
1,5546,5800,1,0,0,10,8,297;147;309;708;368;568;766;265;533;610
1,5489,5564,1,0,0,9,1,354;204;30;309;765;425;625;823;322
0,5573,5646,1,0,0,10,0,270;120;301;681;341;541;739;238;506;583
1,5630,5689,1,0,0,10,1,213;63;244;624;284;484;682;181;449;526
1,5669,5937,1,0,0,10,6,174;24;205;585;245;445;643;142;410;487
0,5682,5733,1,0,0,10,0,161;11;192;572;232;432;630;6;397;474
1,5690,5754,1,0,0,10,1,153;3;184;564;224;424;622;6;389;466
1,5749,5814,1,0,0,9,1,94;125;505;165;365;563;6;330;407
1,5760,5985,1,0,0,9,4,83;104;494;154;354;552;6;319;396
1,5809,5885,1,0,0,11,1,34;65;373;105;305;503;2;270;347;488;337
0,5861,5921,1,0,0,10,0,13;367;53;253;451;218;295;436;285;630
1,5871,5940,1,0,0,10,1,3;367;43;243;441;208;285;426;275;620
1,5876,5935,1,0,0,9,1,367;38;238;436;203;263;421;270;615
0,5882,5938,1,0,0,9,0,332;32;232;430;197;263;415;264;609
1,5912,5996,1,0,0,9,1,332;2;202;400;167;244;385;234;579
1,5921,5994,1,0,0,8,1,332;151;391;158;235;376;225;570
0,5924,5984,1,0,0,8,0,302;151;388;155;232;373;222;567
1,5986,6235,1,0,0,8,5,268;128;326;93;170;311;160;505
0,6203,6271,1,0,0,5,0,36;109;94;228;608
1,6197,6259,1,0,0,5,1,57;115;100;228;614
0,6183,6255,1,0,0,5,0,71;129;114;228;628
1,6139,6433,1,0,0,7,2,115;173;17;158;7;352;672
0,6131,6182,1,0,0,7,0,123;181;25;166;15;360;680
1,6044,6269,1,0,0,8,4,208;70;268;35;112;253;102;447
1,6034,6099,1,0,0,8,1,220;80;278;45;122;263;112;457
0,6003,6072,1,0,0,8,0,251;111;309;76;153;294;143;488
1,6427,6669,1,0,0,3,2,64;384;475
1,6386,6652,1,0,0,3,2,105;425;478
1,6383,6634,1,0,0,3,2,108;428;545
0,6362,6433,1,0,0,2,0,129;449
0,6359,6447,1,0,0,2,0,132;452
1,6293,6587,1,0,0,4,2,19;4;198;518
1,6210,6286,1,0,0,5,1,36;102;87;228;570
1,6203,6279,1,0,0,5,1,36;109;94;228;608
1,6643,6861,1,0,0,7,5,168;285;746;866;621;755;706
0,6710,6768,1,0,0,8,0,61;218;679;799;554;688;639;403
1,6520,6787,1,0,0,3,3,291;408;869
1,6597,6675,1,0,0,7,1,214;331;792;912;667;801;752
0,6460,6511,1,0,0,3,0,31;351;418
0,6468,6526,1,0,0,3,0,23;343;418
0,6436,6518,1,15,0,3,0,55;375;445
1,6438,6514,1,0,0,3,1,53;373;445
1,7012,7063,1,0,0,9,1,377;497;252;386;337;101;338;658;511
1,7030,7086,1,0,0,9,2,359;479;234;368;319;83;320;640;493
1,6950,7010,1,0,0,9,1,439;559;314;448;399;163;400;720;573
1,6973,7028,1,0,0,9,1,416;536;291;411;376;140;377;697;550
1,6886,6957,1,0,0,8,1,42;503;623;378;512;439;227;464
1,6890,6960,1,0,0,8,1,38;474;619;374;508;439;223;460
1,6753,6990,1,0,0,8,3,58;175;636;756;511;645;596;360
1,6864,6925,1,0,0,8,1,64;525;645;400;534;469;249;486
1,7207,7276,1,0,0,8,1,182;302;57;191;139;143;463;316
1,7170,7251,1,0,0,8,1,219;339;83;228;179;180;500;353
1,7212,7298,1,0,0,8,2,177;297;38;158;137;138;458;311
1,7211,7263,1,0,0,8,1,178;298;53;158;138;139;459;312
1,7110,7192,1,0,0,9,2,279;399;154;288;239;3;240;560;413
1,7056,7106,1,0,0,9,1,333;453;208;342;293;57;294;614;467
1,7119,7193,1,0,0,8,2,270;390;83;279;230;231;551;404
1,7115,7366,1,0,0,8,5,274;394;121;283;234;235;555;408
1,7350,7603,1,0,0,8,2,39;159;10;0;320;173;571;958
1,7322,7539,1,0,0,9,3,41;187;76;27;28;348;201;599;986
1,7392,7687,1,0,0,8,5,117;6;253;131;529;916;826;833
0,7387,7464,1,0,0,9,0,2;122;10;253;136;534;921;831;838
1,7238,7473,1,0,0,10,5,151;271;7;156;111;112;432;285;683;1070
1,7220,7303,1,0,0,8,2,169;289;7;158;129;130;450;303
1,7307,7391,1,0,0,9,3,82;202;91;42;43;363;216;614;1001
0,7249,7303,1,0,0,10,0,140;260;7;149;100;101;421;274;672;1059
0,7552,7630,1,0,0,8,0,118;369;756;666;673;234;488;754
0,7559,7645,1,0,0,8,0,111;362;749;659;666;227;481;747
0,7569,7624,1,0,0,8,0,101;352;739;649;656;217;471;737
0,7586,7675,1,0,0,8,0,84;335;722;632;639;200;454;720
1,7413,7465,1,0,0,8,1,96;253;87;508;895;805;812;373
1,7436,7683,1,0,0,8,4,73;234;87;485;872;782;789;350
0,7507,7583,1,0,0,8,0,2;163;16;414;801;711;718;279
0,7536,7593,1,0,0,8,0,134;385;772;682;689;250;504;770
0,7660,7713,1,0,0,8,0,10;261;648;536;565;126;380;646
0,7686,7764,1,0,0,7,0,235;622;532;539;100;354;620
1,7737,8020,1,0,0,7,4,184;571;481;488;49;303;569
0,7763,7819,1,0,0,7,0,158;545;455;462;23;277;466
0,7610,7686,1,0,0,8,0,60;311;698;608;615;176;430;696
0,7622,7672,1,0,0,8,0,48;299;686;596;603;164;418;684
0,7634,7701,1,0,0,8,0,36;287;674;584;591;152;406;672
1,7646,7702,1,0,0,8,2,24;275;662;572;579;140;394;660
1,599,879,1,0,0,10,8,106;328;447;558;801;534;848;506;729;497
1,607,682,1,0,0,10,1,98;320;439;498;793;526;840;498;721;489
1,526,615,1,0,0,7,1,179;401;520;694;874;607;921
1,574,663,1,0,0,9,1,131;353;472;646;826;559;873;531;754
1,812,868,1,0,0,11,1,115;234;408;588;321;635;293;516;284;599;801
1,910,997,1,0,0,13,2,17;136;310;490;223;537;195;418;186;501;703;991;652
0,631,709,1,0,0,10,0,74;296;415;498;769;502;816;474;697;423
0,674,744,1,0,0,11,0,31;253;372;498;726;459;773;431;654;422;737
1,182,243,1,0,0,2,1,277;406
0,213,278,1,0,0,2,0,266;406
0,137,193,1,0,0,2,0,277;406
0,161,235,1,0,0,2,0,277;406
1,338,424,1,0,0,4,1,167;367;531;708
1,367,614,1,0,0,5,1,138;338;531;679;853
1,320,400,1,0,0,4,1,185;385;607;726
0,320,380,1,0,0,4,0,185;385;531;726
1,1313,1375,1,16,0,11,2,87;134;15;98;300;588;249;364;87;520;597
0,1266,1318,1,0,0,11,0,134;181;62;145;347;635;296;411;120;567;644
1,1214,1415,1,0,0,11,3,6;186;233;114;197;399;681;348;463;186;619
1,1203,1434,1,0,0,11,4,17;197;244;125;208;410;698;359;474;197;630
1,1467,1527,1,0,0,8,1,146;434;95;210;366;443;538;493
1,1396,1676,1,0,0,12,6,4;51;15;217;475;166;281;4;437;514;609;564
1,1390,1637,1,0,0,12,3,10;57;21;223;511;172;287;10;443;520;615;570
0,1371,1437,1,0,0,12,0,29;76;40;242;530;191;306;29;462;539;634;589
0,1086,1174,1,0,0,13,0,134;314;47;361;19;242;10;325;527;815;476;591;314
1,1022,1088,1,0,0,14,3,24;198;378;111;425;83;306;74;389;591;879;540;655;378
1,992,1079,1,0,0,14,5,54;228;392;141;455;113;336;104;419;621;909;570;685;408
1,966,1053,1,0,0,12,3,80;254;434;167;481;139;362;130;445;647;935;596
1,1160,1247,1,0,0,11,3,52;240;287;168;251;453;741;402;517;240;673
1,1145,1221,1,0,0,11,3,75;255;302;183;266;468;756;417;532;255;688
1,1117,1201,1,0,0,12,4,103;283;16;330;211;294;496;784;445;560;283;716
1,1096,1167,1,0,0,13,3,124;304;37;351;9;232;0;315;517;805;466;581;304
1,1780,1858,1,0,0,9,1,27;53;130;225;180;551;555;582;310
1,1788,1875,1,0,0,9,3,27;45;122;217;172;486;547;574;302
1,1791,1845,1,0,0,9,1,27;42;119;214;169;486;544;554;299
1,1844,1926,1,0,0,9,4,27;66;161;116;478;491;518;246;963
1,1849,2103,1,0,0,9,3,27;3;156;111;478;486;513;241;958
1,1873,2112,1,0,0,10,5,27;3;132;87;458;462;489;67;934;407
1,1879,1947,1,0,0,10,1,22;3;126;81;452;456;483;67;928;390
0,1888,1967,1,0,0,10,0,5;3;117;72;443;447;474;67;919;390
0,1507,1577,1,0,0,8,0,106;394;55;170;326;403;498;453
1,1584,1650,1,0,0,7,1,29;317;93;249;326;421;376
1,1584,1856,1,0,0,7,6,29;314;93;249;326;421;376
0,1588,1649,1,0,0,7,0,25;313;39;245;322;417;372
1,1633,1709,1,0,0,6,1,268;39;200;277;372;327
1,1722,2014,1,0,0,9,6,179;111;188;283;238;609;613;640;368
1,1740,1951,1,0,0,9,4,27;93;170;265;220;591;595;622;350
0,1761,1815,1,0,0,9,0,27;72;149;244;199;570;574;601;329
1,2231,2492,1,0,0,12,6,100;104;131;576;49;62;703;482;387;606;700;609
0,2191,2242,1,0,0,12,0,125;144;171;616;89;102;743;522;427;644;740;649
1,2256,2309,1,0,0,12,2,75;79;106;551;24;37;678;457;362;581;675;584
1,2244,2306,1,0,0,12,2,87;91;118;563;36;49;690;469;374;593;687;596
1,2314,2380,1,0,0,10,1,17;21;48;493;620;399;304;523;617;526
0,2268,2319,1,0,0,12,0,63;67;94;539;12;25;666;433;350;569;663;572
0,2345,2413,1,0,0,8,0,11;462;589;360;273;492;586;495
1,2315,2571,1,0,0,10,6,16;20;11;492;619;398;303;522;616;525
0,1926,2004,1,0,0,8,0,79;34;405;409;436;67;881;354
1,1891,2177,1,0,0,10,5,5;3;114;69;440;444;471;67;916;389
1,1975,2033,1,0,0,9,1,30;356;360;387;66;832;305;318;959
1,1934,2018,1,0,0,8,2,71;26;397;401;428;67;873;346
1,2066,2122,1,0,0,9,3,265;269;296;24;741;214;227;868;647
1,1980,2061,1,0,0,9,1,25;351;355;361;66;827;300;313;954
1,2189,2247,1,0,0,12,2,125;146;173;618;91;104;745;524;429;648;742;651
1,2163,2225,1,0,0,11,1,168;172;199;644;117;130;771;550;455;674;768
1,2634,2717,1,0,0,9,3,173;300;79;203;297;206;372;792;594
1,2685,2748,1,0,0,10,2,122;249;28;152;246;155;321;741;543;425
1,2585,2853,1,0,0,9,4,222;349;128;33;252;346;255;421;841
1,2602,2838,1,0,0,9,4,205;332;111;16;235;329;238;404;824
0,2495,2566,1,0,0,9,0,251;439;187;123;342;418;345;504;931
1,2540,2820,1,0,0,9,7,251;394;173;78;297;391;300;466;886
1,2467,2708,1,0,0,8,2,251;467;187;151;370;464;373;539
1,2468,2541,1,0,0,8,2,251;466;187;150;369;418;372;538
0,2454,2506,1,0,0,8,0,251;480;187;164;383;477;386;552
0,2464,2537,1,0,0,8,0,251;470;187;154;373;467;376;542
1,2448,2651,1,0,0,8,3,359;486;265;170;389;483;386;558
1,2452,2534,1,0,0,8,1,251;482;261;166;385;479;386;554
1,2405,2610,1,0,0,8,4,364;529;308;213;432;526;435;601
1,2415,2632,1,0,0,8,5,364;519;298;203;422;516;389;591
1,2365,2583,1,0,0,7,4,442;569;348;253;472;566;475
0,2392,2444,1,0,0,8,0,364;542;321;226;445;539;448;614
1,3205,3255,1,0,0,5,1,221;23;281;379;649
0,3130,3181,1,0,0,5,0,296;44;356;454;724
0,3117,3202,1,0,0,5,0,309;44;369;467;737
1,3083,3340,1,0,0,5,2,343;145;16;403;501
1,3070,3127,1,0,0,5,1,356;158;40;416;514
1,3034,3097,1,0,0,5,1,392;194;76;452;550
0,2979,3055,1,0,0,6,0,27;447;249;90;481;605
1,2977,3027,1,0,0,6,1,29;449;251;133;481;607
1,2894,3098,1,0,0,7,2,40;8;84;532;334;216;592
1,2890,2943,1,0,0,7,2,44;41;84;536;338;220;596
0,2867,2928,1,0,0,7,0,67;64;84;559;361;236;605
1,2833,2892,1,0,0,9,3,101;4;98;7;84;593;395;236;653
1,2830,2911,1,0,0,9,2,104;7;101;10;84;596;398;280;656
1,2765,2834,1,0,0,9,1,42;169;72;166;75;84;661;463;345
1,2719,2931,1,0,0,9,1,88;215;118;212;121;287;707;509;391
0,2691,2768,1,0,0,10,0,116;243;22;146;240;149;313;735;537;419
1,3540,3619,1,0,0,5,1,44;314;326;783;630
1,3560,3625,1,0,0,5,1,24;294;306;763;578
1,3602,3687,1,0,0,4,1,252;264;721;551
0,3612,3697,1,0,0,4,0,242;254;711;551
1,3435,3485,1,0,0,6,1,51;119;419;431;888;735
1,3468,3527,1,0,0,6,1,18;96;386;398;855;702
0,3476,3536,1,0,0,6,0,9;96;378;390;847;694
1,3497,3778,1,0,0,5,5,87;357;369;826;673
1,3417,3472,1,0,0,7,1,9;69;144;437;449;906;753
1,3427,3496,1,0,0,6,2,59;144;427;439;896;743
1,3427,3504,1,0,0,6,2,59;128;427;439;896;743
1,3435,3518,1,0,16,6,1,41;119;419;431;888;735
1,3218,3292,1,0,0,5,1,189;10;268;366;636
1,3285,3362,1,0,0,4,1,141;201;299;569
1,3324,3593,1,0,0,4,2,102;162;260;530
0,3332,3603,1,0,0,4,0,94;154;144;522
1,4078,4315,1,0,0,6,4,245;92;445;204;472;536
0,4065,4124,1,0,0,6,0,258;105;458;214;485;549
1,4124,4339,1,0,0,6,4,199;46;399;158;426;490
0,4099,4149,1,0,0,6,0,224;71;424;183;451;515
1,3917,3971,1,0,0,6,1,406;253;606;82;327;633
1,3912,3981,1,0,0,6,1,411;258;611;87;370;638
1,3976,4253,1,0,0,6,4,347;194;547;23;306;574
1,3919,4004,1,0,0,6,1,404;251;604;37;327;631
0,3782,3867,1,0,0,6,0,72;76;541;388;741;217
1,3745,3991,1,0,0,5,4,109;79;578;425;778
1,3876,4165,1,0,0,5,4,447;294;647;123;406
0,3810,3875,1,0,0,6,0,44;56;513;360;713;189
1,3720,3780,1,0,0,5,1,134;146;603;450;803
1,3676,3935,1,0,0,4,4,178;190;647;494
0,3727,3812,1,0,0,5,0,127;79;596;441;796
1,3724,3797,1,0,0,5,1,130;142;599;441;799
0,112,165,1,0,0,2,0,277;593
1,113,352,1,0,0,2,1,277;592
1,93,323,1,0,0,1,1,412
0,107,173,1,0,0,2,0,277;598
0,81,132,1,0,0,1,0,424
1,19544,19616,1,0,0,14,2,97;74;211;302;103;47;681;443;277;241;523;463;532;671
1,19538,19820,1,0,0,14,9,103;80;217;312;109;53;687;449;283;247;529;469;538;677
1,19580,19827,1,0,0,15,8,61;38;175;270;67;11;645;407;241;205;487;427;496;635;671
1,19545,19775,1,0,0,14,8,96;54;210;302;102;46;680;442;276;240;522;462;531;670
1,19457,19543,1,0,0,11,3,184;161;298;381;190;134;10;768;530;364;328
1,19435,19511,1,0,0,11,3,206;183;320;415;212;156;32;790;552;386;350
0,19490,19559,1,16,0,12,0,151;128;265;358;157;101;735;497;331;295;577;517
1,19470,19551,1,0,0,10,2,171;148;285;358;177;121;755;517;351;315
1,19702,19760,1,0,0,11,1,53;148;523;285;119;83;365;305;374;506;549
1,19696,19753,1,0,0,11,1,59;154;529;291;125;89;371;311;380;519;555
1,19762,19833,1,0,0,11,3,88;463;225;59;23;305;245;314;453;489;898
1,19709,19780,1,0,0,11,2,46;141;516;278;112;76;329;298;367;506;542
1,19611,19664,1,0,0,14,1,30;7;144;239;36;614;376;210;174;426;396;465;604;640
1,19611,19671,1,0,0,14,1,30;7;144;239;1;614;376;210;174;426;396;465;604;640
1,19660,19725,1,0,0,11,1,95;190;565;327;161;125;407;347;416;545;591
1,19646,19733,1,0,0,12,1,109;204;1;579;341;175;139;421;361;430;545;605
1,19889,19970,1,0,0,9,3,336;98;177;118;187;326;362;771;548
1,19938,20221,1,0,15,10,8,287;49;129;69;138;277;313;722;499;699
1,19986,20054,1,0,0,10,2,239;1;81;21;90;229;265;674;451;651
1,20029,20096,1,0,0,9,2,196;38;47;186;222;631;408;608;667
1,19788,20003,1,0,0,11,8,62;437;199;33;279;219;288;427;463;872;649
1,19807,19887,1,0,0,11,2,43;418;180;14;260;200;269;408;444;853;630
1,19825,19898,1,0,0,10,2,25;400;162;242;182;251;363;426;835;612
1,19863,19931,1,0,0,9,1,362;124;204;144;213;352;388;797;574
1,20272,20533,1,0,0,8,7,388;165;363;424;442;536;465;913
1,20274,20338,1,0,0,8,1,361;163;363;422;440;534;463;911
1,20318,20405,1,0,0,9,1,342;119;319;378;396;490;419;867;458
1,20319,20391,1,0,0,9,3,341;118;318;366;395;489;418;866;457
1,20062,20124,1,0,0,11,2,163;5;14;153;189;598;375;575;634;652;746
1,20122,20184,1,16,0,9,1,103;93;129;538;315;515;574;592;686
1,20210,20275,1,0,0,10,2,15;5;41;450;227;427;486;504;598;527
1,20244,20320,1,0,0,8,3,7;416;193;393;452;470;564;493
1,18707,18946,1,0,0,4,2,56;210;139;576
1,18675,18747,1,0,0,5,2,88;210;171;0;608
1,18661,18931,1,0,0,5,2,102;294;185;14;622
0,18654,18730,1,0,0,5,0,109;301;192;21;629
1,18636,18928,1,0,0,5,4,127;319;210;39;647
0,18546,18597,1,0,0,6,0,10;217;409;300;129;737
1,18508,18794,1,0,0,5,4,48;255;447;338;167
0,18486,18561,1,0,0,5,0,70;277;469;360;189
0,18950,19014,1,0,0,6,0,5;249;465;691;668;358
1,18949,19038,1,0,0,6,3,6;325;466;692;669;359
0,18945,19026,1,0,0,6,0,10;325;470;696;673;363
1,18922,18990,1,0,0,6,3,33;361;493;719;696;386
1,18875,19095,1,0,0,4,3,80;408;540;766
0,18802,18880,1,0,0,4,0,131;44;481;613
1,18788,18867,1,0,0,4,1,167;58;495;627
0,18722,18811,1,0,0,4,0,41;210;124;561
0,19143,19193,1,0,0,10,0,140;272;498;475;165;612;707;504;448;324
1,19179,19450,1,0,0,11,9,104;236;462;439;129;576;671;468;412;288;1046
1,19054,19136,1,0,0,8,2,229;361;587;552;254;701;796;587
0,19102,19180,1,0,0,10,0,181;313;539;516;206;653;748;545;489;365
1,19036,19097,1,0,0,8,2,247;379;605;582;272;719;814;611
1,19045,19106,1,0,0,8,2,238;370;596;573;263;710;805;587
0,18952,19027,1,0,0,6,0,3;249;463;689;666;356
1,19011,19081,1,0,0,8,2,249;404;630;607;297;744;839;636
1,19357,19429,1,0,0,10,3,58;284;261;398;493;290;234;110;868;630
0,19402,19472,1,0,0,11,0,13;239;216;353;448;245;189;65;823;585;419
1,19301,19366,1,0,0,11,3,114;340;304;7;454;549;346;290;166;924;686
1,19312,19542,1,0,0,10,5,103;329;293;443;538;335;279;155;913;675
1,19255,19459,1,16,0,12,8,28;160;386;326;53;500;595;392;336;212;970;732
1,19295,19496,1,0,0,11,5,120;346;323;13;460;555;352;296;172;930;692
1,19200,19477,1,0,0,11,7,83;215;441;418;108;555;650;447;391;267;1025
1,19249,19303,1,0,0,12,3,34;166;392;367;59;506;601;398;342;218;976;738
1,21261,21317,1,0,0,9,1,143;332;425;146;253;709;703;760;649
1,21256,21311,1,0,0,9,2,168;337;425;151;258;714;708;765;654
1,21319,21369,1,0,0,11,1,105;274;371;88;195;651;615;702;591;476;810
1,21275,21561,1,0,0,10,8,143;318;415;132;239;695;689;746;634;520
1,21464,21544,1,0,0,11,1,129;226;50;506;500;557;446;331;665;774;801
1,21410,21498,1,0,0,11,1,14;183;280;104;560;554;611;500;385;719;828
0,21519,21595,1,0,0,12,0,74;171;451;445;502;391;276;610;719;746;1148;780
1,21496,21551,1,0,0,12,1,97;194;18;474;468;525;414;299;633;742;769;1171
1,21582,21666,1,0,0,13,1,11;92;388;382;439;328;213;547;656;683;1085;717;990
1,21566,21775,1,0,0,13,11,27;124;404;398;455;344;229;563;672;699;1101;733;1006
1,21649,21729,1,0,0,14,1,25;321;315;372;261;146;480;589;616;1018;650;923;674;933
1,21615,21689,1,0,0,13,2,75;355;349;406;295;180;514;623;650;1052;684;957;708
1,21706,21924,1,0,0,13,7,264;258;315;204;89;423;532;559;961;593;866;617;876
1,21666,21720,1,0,0,14,1,24;304;298;355;244;129;463;572;599;1001;633;906;657;916
0,21785,21841,1,0,0,13,0,185;175;236;125;10;344;453;480;882;514;787;538;797
1,21773,21860,1,0,0,13,1,197;191;248;137;22;356;465;492;894;526;799;550;809
1,21792,21843,1,0,0,13,1,178;172;229;118;3;337;446;473;875;507;780;531;790
1,21828,21898,1,0,0,12,1,142;136;193;82;301;410;437;839;471;744;495;754
1,21900,21989,1,0,0,13,2,70;64;121;10;229;338;365;767;399;672;423;682;397
0,21998,22049,1,0,0,12,0,23;131;240;267;669;301;574;325;584;299;281;619
1,22007,22288,1,0,0,12,6,14;122;231;258;660;292;565;316;575;290;272;610
1,22043,22129,1,0,0,12,2,86;195;222;624;256;529;280;539;202;236;574;730
0,22044,22122,1,0,0,12,0,85;194;221;623;255;528;279;538;202;235;525;729
1,22058,22312,1,0,0,12,8,71;180;207;609;241;514;265;524;202;221;525;715
1,22086,22138,1,0,0,12,1,43;152;179;581;213;486;237;440;202;193;525;687
1,22093,22382,1,0,0,12,8,36;145;172;574;206;479;230;440;202;186;514;680
1,22261,22504,1,0,0,12,4,4;406;38;311;62;321;36;18;356;512;384;719
1,22322,22397,1,0,0,9,1,345;250;1;260;295;451;323;658;875
1,22338,22420,1,0,0,8,2,329;234;244;265;435;307;642;859
1,22432,22494,1,0,0,9,1,235;140;150;185;341;213;548;765;795
1,22437,22489,1,0,0,9,1,230;135;124;180;336;208;543;760;790
1,22456,22514,1,0,0,9,1,211;116;119;161;317;189;524;741;771
0,20453,20516,1,0,0,10,0,207;184;243;261;355;284;732;323;618;748
1,20426,20650,1,0,0,11,4,234;11;211;270;288;382;311;759;350;645;825
1,20335,20416,1,0,0,10,3,325;102;286;361;379;473;402;850;441;736
0,20320,20391,1,0,0,9,0,340;117;286;366;394;488;417;865;456
1,20605,20857,1,0,0,12,8,55;32;91;109;203;132;580;171;466;558;471;819
1,20579,20642,1,0,0,12,1,81;58;117;135;229;158;606;197;492;593;497;845
1,20550,20616,1,0,0,11,1,110;87;146;164;258;187;635;226;521;673;526
1,20546,20842,1,0,0,11,6,114;91;150;168;262;191;639;230;525;705;530
1,20685,20968,1,0,0,11,4,11;29;123;52;500;91;326;558;391;739;908
1,20678,20755,1,0,0,10,1,18;36;130;59;507;98;393;558;398;746
1,20666,20942,1,0,0,10,7,30;48;142;71;519;110;405;558;410;758
0,20610,20685,1,0,0,12,0,50;2;86;104;198;127;575;166;461;558;466;814
0,20855,20927,1,0,0,8,0,330;216;396;221;569;738;835;343
1,20769,20836,1,0,0,10,1,39;416;7;302;482;307;655;824;921;429
1,20762,21004,1,0,0,10,4,46;423;14;309;489;314;662;831;928;436
1,20693,20762,1,0,0,11,1,3;21;115;44;492;83;326;517;383;731;900
1,20895,20955,1,0,0,9,1,290;176;356;181;529;698;795;303;512
0,20916,20968,1,0,0,9,0,269;155;335;160;508;677;774;265;491
1,20858,21082,1,0,0,8,4,327;213;393;218;566;735;832;340
1,20861,20937,1,0,0,8,1,324;210;389;215;563;732;829;337
0,21004,21071,1,0,0,9,0,181;67;247;72;420;589;686;194;403
1,21010,21096,1,0,0,9,1,175;61;241;66;414;583;680;188;397
1,20938,21022,1,0,0,9,1,247;133;313;138;486;655;752;260;469
1,20940,20996,1,0,0,9,1,245;131;311;136;484;653;750;227;467
0,21035,21111,1,0,0,9,0,150;36;216;41;327;558;655;163;312
1,21063,21120,1,0,0,9,1,122;8;188;13;327;530;627;135;312
1,21021,21109,1,0,0,9,1,164;50;230;55;353;572;669;177;386
1,21030,21114,1,0,0,9,1,155;41;221;46;327;563;660;168;377
1,21219,21438,1,0,0,9,7,32;205;374;471;188;295;751;745;802
0,21246,21311,1,0,0,10,0,5;178;347;425;161;268;724;718;775;664
0,21150,21213,1,0,0,10,0,35;101;274;443;540;48;257;364;820;814
1,21170,21402,1,0,0,10,4,15;81;254;423;520;28;237;344;800;794
0,15768,15823,1,0,0,7,0,250;154;529;287;815;721;959
0,15773,15833,1,0,0,7,0,245;154;529;282;810;716;954
1,15860,15936,1,0,0,7,1,158;93;457;195;723;629;867
1,15901,15956,1,0,0,7,1,117;52;416;154;682;588;826
0,15639,15717,1,0,0,6,0,58;51;379;286;678;416
1,15681,15965,1,16,0,6,3,16;9;337;272;636;374
1,15706,15935,1,0,0,5,3,312;247;529;349;877
1,15726,15957,1,0,0,5,1,292;154;529;329;857
0,15466,15541,1,0,0,5,0,231;224;552;487;851
0,15561,15642,1,0,0,5,0,136;129;457;392;756
1,15576,15840,1,0,0,5,3,121;114;442;377;741
1,15610,15694,1,0,0,6,1,87;80;408;286;707;445
0,15380,15448,1,0,0,4,0,290;310;638;573
1,15383,15450,1,0,0,4,1,290;307;635;570
0,15407,15468,1,0,0,4,0,290;283;611;546
0,15419,15501,1,0,0,4,0,278;271;599;534
0,16297,16373,1,0,0,8,0,20;286;192;430;286;468;275;733
0,16285,16336,1,0,0,8,0,32;298;204;442;298;480;287;745
0,16358,16423,1,0,0,7,0,225;131;369;225;407;214;672
0,16312,16367,1,0,0,8,0,5;271;177;415;271;453;260;718
0,16199,16275,1,0,0,7,0,118;384;290;528;384;566;373
1,16148,16356,1,0,0,6,5,169;435;341;579;435;601
0,16282,16343,1,0,0,8,0,35;301;207;445;301;483;290;748
1,16204,16263,1,0,0,7,1,113;379;285;523;379;561;368
0,16029,16084,1,0,0,6,0,283;26;554;460;698;554
0,16021,16101,1,0,0,6,0,283;34;562;468;706;562
1,16109,16336,1,0,0,6,5,208;474;380;618;474;656
0,16081,16157,1,0,0,6,0,236;502;408;646;502;684
1,15987,16049,1,0,0,6,1,31;330;68;596;502;740
0,15975,16056,1,0,0,6,0,43;342;80;608;514;752
0,16005,16066,1,0,0,6,0,13;283;50;578;484;722
0,15989,16060,1,0,0,6,0,29;283;66;594;500;738
1,14977,15039,1,0,0,3,1,313;316;720
1,15036,15120,1,0,0,3,1,254;257;661
1,14884,14945,1,0,0,5,1,73;366;76;409;813
1,14912,14993,1,0,0,5,1,36;366;48;381;785
1,14773,14823,1,0,0,5,1,184;366;4;187;520
0,14863,14939,1,0,0,5,0,94;366;97;430;834
1,14738,14970,1,0,0,5,3,219;521;6;222;555
0,14760,14824,1,0,0,5,0,197;366;6;200;533
1,14644,14716,1,0,0,4,1,313;521;133;316
1,14695,14778,1,0,0,4,1,262;521;64;265
1,14634,14721,1,0,0,4,1,323;521;143;326
0,14637,14708,1,0,0,4,0,317;521;140;323
0,14603,14653,1,0,0,4,0,354;675;174;357
1,14632,14857,1,0,0,4,2,325;658;145;328
0,14515,14582,1,0,0,4,0,442;675;262;445
0,14539,14628,1,0,0,4,0,418;675;238;421
0,15362,15427,1,0,0,4,0,290;328;656;591
0,15344,15395,1,0,0,4,0,290;346;674;609
0,15338,15419,1,0,0,4,0,290;347;680;615
1,15336,15629,1,0,0,4,3,290;354;682;617
0,15320,15391,1,0,0,4,0,290;370;686;633
0,15319,15392,1,16,0,4,0,290;371;686;634
1,15307,15384,1,0,0,4,1,290;383;695;646
1,15303,15569,1,0,0,4,2,290;387;700;650
1,15290,15537,1,0,0,6,4,0;3;407;400;700;663
0,15274,15345,1,0,0,5,0,16;19;423;416;700
0,15249,15331,1,0,0,5,0,41;44;448;441;700
1,15179,15435,1,0,0,5,2,111;114;518;511;839
0,15174,15245,1,0,0,5,0,116;119;523;516;844
0,15096,15155,1,0,0,4,0,194;180;601;576
1,15065,15145,1,0,0,4,1,225;180;632;576
1,15048,15134,1,0,0,4,1,242;180;649;642
1,17549,17817,1,0,0,12,11,199;373;417;405;364;787;1007;326;853;366;725;1214
1,17573,17632,1,0,0,12,1,175;349;393;381;340;754;983;326;829;366;701;1190
1,17605,17658,1,0,0,12,1,137;317;361;349;308;731;951;324;797;338;669;1158
1,17627,17892,1,0,0,12,4,121;295;339;327;286;709;929;302;775;316;647;1136
1,17650,17727,1,0,0,12,2,98;272;316;304;263;686;906;142;752;293;624;1113
0,17694,17767,1,0,0,12,0,54;228;272;260;219;642;862;142;708;249;580;1069
1,17704,17784,1,0,0,12,3,44;218;262;250;209;632;852;142;698;239;570;1059
1,17728,17979,1,0,0,12,10,20;194;238;226;185;608;828;142;674;215;546;1035
1,17414,17499,1,0,0,13,2,27;89;112;334;508;552;540;499;922;1142;515;988;529
1,17432,17700,1,0,0,13,9,9;71;94;292;490;534;522;481;904;1124;497;970;511
1,17432,17504,1,16,0,13,2,9;71;94;292;490;534;522;481;875;1124;497;970;511
1,17487,17556,1,0,0,12,2,16;39;261;435;479;467;426;849;1069;442;915;456
1,17532,17582,1,0,0,11,2,216;390;434;422;381;804;1024;397;870;411;742
1,17533,17612,1,0,0,11,2,215;389;433;421;380;797;1023;396;869;410;741
1,17542,17628,1,0,0,11,2,206;380;424;412;371;794;1014;387;860;383;732
1,17546,17610,1,0,0,11,2,202;376;420;408;367;790;1010;326;856;383;728
1,18088,18171,1,0,0,10,1,248;445;314;186;675;42;382;867;758;587
1,18067,18350,1,0,0,10,6,269;469;335;207;696;63;403;888;779;608
1,18145,18349,1,0,0,9,4,191;411;257;129;618;325;810;701;506
0,18143,18194,1,0,0,9,0,193;413;259;131;620;327;812;703;506
1,18251,18309,1,0,0,9,1,85;305;151;23;512;219;704;595;424
1,18145,18400,1,0,0,9,5,191;411;257;129;618;325;810;701;475
0,18370,18457,1,0,0,7,0,186;32;393;100;585;476;305
1,18269,18534,1,0,0,9,5,38;287;133;5;494;201;686;577;406
1,17848,18135,1,0,0,15,8,74;118;106;65;488;708;81;554;95;426;915;282;622;1107;998
1,17731,17788,1,0,0,12,2,17;191;235;223;182;602;825;142;671;212;543;1032
1,18022,18222,1,0,0,10,2,314;534;380;252;741;108;448;933;824;653
1,17952,18019,1,0,0,12,1,14;2;384;604;450;322;811;178;518;1003;894;723
1,18034,18114,1,0,0,10,2,272;491;368;240;729;96;436;921;812;641
1,18027,18325,1,0,0,10,8,309;491;375;247;736;103;443;928;819;648
0,18061,18132,1,0,0,10,0,272;469;341;213;702;69;409;894;785;614
1,18041,18109,1,0,0,10,1,272;491;361;233;722;89;429;914;791;634
1,16579,16797,1,0,0,9,3,4;148;4;186;440;717;205;500;862
1,16583,16816,1,0,0,9,6,0;144;0;182;440;713;201;439;858
1,16516,16603,1,0,0,9,2,67;211;67;249;56;440;780;246;563
0,16520,16594,1,0,0,10,0,63;207;63;218;52;440;776;246;559;921
1,16633,16694,1,0,0,7,1,94;125;397;663;151;439;774
1,16723,16926,1,0,0,8,3,4;42;307;573;61;356;718;484
1,16606,16674,1,0,0,7,1,121;142;424;690;178;439;835
1,16628,16895,1,0,0,7,7,99;137;402;668;156;439;774
0,16463,16527,1,0,0,9,0,120;26;264;120;302;109;567;833;321
1,16470,16698,1,0,0,9,5,113;19;257;113;295;102;560;826;314
1,16423,16508,1,0,0,9,3,160;66;304;160;342;149;607;873;361
1,16428,16491,1,0,0,9,2,155;61;299;155;322;144;602;868;356
1,16492,16743,1,0,0,9,3,91;235;91;262;80;538;804;246;587
0,16505,16571,1,0,0,9,0,78;222;78;260;67;440;791;246;574
0,16472,16544,1,0,0,9,0,111;17;255;111;262;100;558;824;312
1,16481,16563,1,0,0,9,2,102;8;246;102;262;91;549;815;303
1,17185,17240,1,0,0,8,1,111;256;22;318;295;152;563;737
1,17158,17450,1,0,0,8,6,138;283;49;345;368;152;590;764
1,17144,17222,1,0,0,8,2,152;283;63;359;382;200;604;778
1,17125,17181,1,0,0,8,1,171;316;82;378;401;219;623;797
0,17315,17395,1,0,0,8,0,126;188;211;29;433;607;651;639
1,17250,17321,1,0,0,8,1,46;191;253;276;94;436;672;716
1,17244,17331,1,0,0,8,1,52;197;259;282;100;504;678;722
0,17241,17296,1,0,0,8,0,55;200;262;285;103;507;681;725
1,16895,17183,1,0,0,8,7,135;401;184;546;312;608;631;449
1,16847,16909,1,0,0,8,3,183;449;232;594;360;656;679;497
0,16760,16816,1,0,0,9,0,5;270;536;24;319;677;447;743;766
1,16749,16988,1,0,15,8,4,16;281;547;35;330;692;458;754
0,17028,17084,1,0,0,9,0,2;268;51;413;179;475;498;316;720
1,16997,17057,1,0,0,9,1,33;299;82;443;210;506;529;347;751
1,16988,17040,1,0,0,9,1,42;308;91;453;219;515;538;356;760
1,16921,17005,1,0,0,8,2,109;375;158;520;286;582;552;423
1,12326,12402,1,0,0,5,2,141;192;0;491;596
0,12398,12469,1,0,0,4,0,69;120;419;524
1,12258,12347,1,0,0,6,1,209;260;68;64;559;664
1,12281,12335,1,0,0,6,1,186;218;45;41;536;641
1,12214,12277,1,0,0,6,1,253;304;112;108;603;696
1,12234,12311,1,0,0,6,1,229;284;92;88;583;688
1,12165,12215,1,0,0,7,1,302;334;45;161;157;652;696
0,12189,12254,1,0,0,7,0,278;329;21;137;111;628;696
1,12531,12619,1,0,0,4,1,279;391;668;789
1,12559,12645,1,0,0,4,1,258;329;640;761
1,12496,12560,1,0,0,4,1,22;321;426;703
1,12497,12577,1,0,0,4,1,21;279;425;702
0,12438,12488,1,0,0,5,0,29;80;325;484;761
0,12468,12519,1,0,0,4,0,50;325;454;731
0,12418,12468,1,0,0,5,0,49;100;399;504;781
1,12435,12503,1,0,0,5,1,32;83;382;487;764
0,11996,12060,1,0,0,8,0,12;43;471;407;42;214;330;326
1,11991,12275,1,0,0,8,5,17;43;476;527;47;219;335;331
0,11980,12061,1,0,0,8,0,28;43;486;538;58;230;346;342
1,11951,12021,1,0,0,9,1,57;20;43;516;567;87;259;375;371
1,11921,12122,1,0,0,9,3,87;16;50;120;546;597;117;289;405
1,11906,12176,1,0,0,9,5,102;31;65;206;561;612;132;304;420
1,11857,12132,1,0,0,11,7,36;25;151;80;77;255;610;661;181;353;469
1,11849,11926,1,0,0,11,1,36;33;159;88;122;263;618;669;189;361;477
1,12161,12403,1,0,0,7,1,306;357;49;165;161;656;696
0,12161,12222,1,0,0,7,0,306;334;49;165;161;656;696
1,12142,12227,1,0,0,7,1,314;360;68;184;180;675;760
1,12132,12212,1,0,0,7,2,335;360;78;194;190;685;760
1,12124,12178,1,0,0,7,1,343;394;86;202;198;693;760
1,12109,12349,1,0,0,8,5,3;358;398;101;217;213;708;813
1,12085,12162,1,0,0,7,1,27;382;407;125;241;237;732
1,12011,12216,1,0,0,7,5,43;456;407;27;199;315;311
1,11441,11644,1,0,0,8,5,455;115;441;567;496;530;671;1026
1,11466,11691,1,0,0,8,7,382;90;416;542;471;505;646;1001
1,11472,11552,1,0,0,8,1,382;67;410;536;465;499;640;995
1,11492,11731,1,0,0,8,4,360;64;390;516;445;479;620;975
1,11343,11395,1,0,0,6,1,553;213;539;665;594;628
1,11381,11624,1,0,0,7,6,515;175;501;627;556;590;731
1,11392,11453,1,0,0,7,1,504;164;490;616;545;579;720
0,11437,11523,1,0,0,8,0,459;119;445;571;500;534;675;1030
1,11736,12015,1,0,0,11,9,160;146;272;201;235;376;708;93;782;302;474
1,11789,11841,1,0,0,11,1,107;93;219;148;182;323;678;40;729;249;421
1,11800,11884,1,0,0,11,3,92;82;208;137;171;312;667;29;718;238;410
1,11821,11908,1,0,0,11,1,75;61;187;116;150;291;646;8;697;217;389
1,11501,11718,1,0,0,9,6,360;55;381;507;436;321;611;966;328
1,11506,11568,1,0,0,9,1,360;50;376;502;431;321;606;949;323
1,11633,11878,1,0,0,10,9,263;249;375;304;321;479;834;196;885;405
1,11734,11819,1,0,0,11,1,162;148;274;203;237;378;733;95;784;304;476
1,11132,11344,1,0,0,9,3,12;103;14;57;133;97;764;191;322
1,11131,11411,1,0,0,9,3,13;104;15;58;134;98;765;192;425
1,11169,11240,1,0,0,7,1,66;20;96;60;727;154;320
1,11151,11400,1,0,0,7,3,84;38;114;78;745;172;322
0,11082,11165,1,0,0,8,0,62;153;64;107;183;147;814;241
1,11017,11295,1,0,0,9,3,22;127;204;129;172;248;212;879;306
0,11106,11175,1,0,0,8,0,38;129;40;83;159;123;790;217
0,11102,11164,1,0,0,8,0,42;133;44;87;163;127;794;221
1,11295,11371,1,0,0,4,1,601;28;242;587
1,11289,11378,1,0,0,4,1,607;34;267;593
0,11334,11404,1,0,0,6,0,562;222;548;674;603;637
1,11298,11387,1,0,0,5,1,598;25;242;584;710
1,11211,11263,1,0,0,7,1,24;54;18;685;112;308;671
1,11186,11265,1,16,0,8,1,49;3;79;43;710;137;308;696
1,11289,11360,1,0,0,4,1,607;34;258;593
1,11229,11299,1,0,0,7,1,6;36;0;667;64;308;653
1,14156,14221,1,0,0,12,1,111;288;68;254;92;288;239;276;256;304;801;1134
1,14168,14438,1,0,0,12,10,99;276;35;242;80;276;227;264;244;292;789;1122
1,14099,14360,1,0,0,11,10,168;345;125;311;149;345;296;333;313;361;858
1,14131,14181,1,0,0,11,1,136;313;93;279;117;313;264;281;281;329;826
1,14221,14509,1,15,0,12,5,46;223;3;189;27;223;174;211;131;239;736;1069
1,14224,14519,1,0,0,12,6,43;220;0;186;24;220;171;208;131;196;733;1066
1,14178,14470,1,0,0,12,7,89;266;28;232;70;266;217;254;234;282;779;1112
0,14206,14259,1,0,0,12,0,61;238;18;204;42;238;189;226;131;254;751;1084
1,14332,14402,1,0,0,10,2,112;78;112;63;100;71;128;625;953;445
1,14379,14429,1,0,0,10,1,65;31;65;16;53;33;81;578;911;398
1,14261,14319,1,0,0,11,1,6;183;149;183;134;171;131;196;696;953;516
1,14328,14384,1,0,0,10,1,116;82;116;67;104;84;132;629;953;449
1,14430,14493,1,0,0,8,1,14;14;2;30;527;860;347;530
1,14474,14751,1,0,0,4,4,474;816;303;486
0,14400,14468,1,0,0,9,0,44;10;44;26;12;60;557;890;377
0,14413,14471,1,0,0,7,0,31;31;19;47;544;877;364
1,13617,13671,1,0,0,12,1,51;84;123;270;381;284;650;369;827;607;793;474
1,13559,13611,1,0,0,11,1,109;142;181;328;439;342;708;427;885;665;851
1,13511,13568,1,0,0,11,1,157;36;190;190;376;487;390;756;475;933;713
0,13504,13559,1,0,0,11,0,164;43;197;190;383;494;397;763;482;940;720
1,13747,13833,1,0,0,14,2,140;251;154;520;239;697;477;663;344;501;697;648;685;665
1,13687,13766,1,0,0,13,1,14;53;190;304;214;580;299;757;537;723;404;561;757
1,13646,13704,1,0,0,14,1,22;55;94;241;304;255;621;340;798;578;764;445;602;798
1,13631,13712,1,0,0,13,2,37;70;109;256;367;270;636;355;813;593;779;460;617
1,13935,14004,1,0,0,12,2,63;332;51;509;289;475;156;313;509;460;497;477
1,13895,13975,1,0,0,13,2,103;6;372;91;549;329;515;196;353;549;500;537;517
1,13790,13856,1,0,0,14,1,97;208;111;477;196;654;434;620;301;458;654;605;642;622
1,13769,13992,1,0,0,14,10,118;229;132;498;217;675;455;641;322;479;675;626;663;643
1,14003,14067,1,0,0,10,2,264;385;221;407;88;245;441;392;429;409
1,13985,14266,1,0,0,12,9,13;282;1;390;239;425;106;263;459;410;447;427
1,13973,14057,1,0,0,12,2,25;294;13;471;251;437;118;275;471;422;459;439
0,13969,14053,1,0,0,12,0,29;298;17;475;255;441;122;279;475;426;463;443
0,12955,13029,1,0,0,9,0,244;365;344;713;526;512;592;356;471
1,12989,13212,1,0,0,11,3,210;331;310;679;492;478;558;356;437;712;751
0,12994,13054,1,0,0,11,0,205;326;305;674;487;473;553;245;432;707;746
1,12997,13086,1,0,0,11,5,202;323;302;671;484;470;550;245;429;704;743
1,13047,13117,1,0,0,12,4,152;273;252;621;434;420;500;245;379;654;693;840
0,13113,13173,1,0,0,12,0,86;207;186;555;368;354;434;234;313;588;627;774
0,13122,13188,1,0,0,12,0,77;198;177;546;359;345;425;225;304;579;618;765
1,13139,13210,1,0,0,13,1,60;181;160;529;342;328;408;208;287;562;601;748;859
1,13149,13383,1,0,0,13,6,50;171;150;519;332;318;398;198;277;552;591;681;849
1,13168,13377,1,0,0,13,10,31;152;131;500;313;299;379;109;258;533;572;681;830
1,13199,13288,1,0,0,13,2,0;121;100;469;282;268;348;109;227;502;541;681;799
1,13202,13276,1,0,0,12,1,118;97;466;279;265;345;66;224;499;538;681;796
0,13221,13274,1,16,0,12,0,99;78;447;260;246;326;62;205;480;519;666;777
1,13252,13329,1,0,0,13,3,68;47;416;229;215;295;62;174;449;488;635;746;649
0,13447,13509,1,0,0,11,0,221;34;20;100;254;293;440;551;454;820;539
1,13448,13716,1,0,0,11,7,220;33;19;99;253;292;439;550;453;819;538
1,12579,12835,1,0,0,4,2,238;329;620;741
1,12579,12638,1,0,0,4,1,238;316;620;741
0,12649,12703,1,0,0,4,0,168;273;550;671
1,12602,12686,1,0,0,4,1,215;316;597;718
0,12775,12854,1,0,0,7,0,42;146;424;545;524;893;706
1,12756,12825,1,0,0,6,1,61;166;443;564;543;912
1,12792,12867,1,0,0,8,1,25;115;407;528;507;876;689;675
1,12776,12852,1,0,0,7,1,41;146;423;544;523;892;705
1,12804,12863,1,0,0,8,1,8;113;395;516;495;864;677;663
1,12794,13011,1,16,0,8,2,8;115;405;526;505;874;687;673
0,12860,12918,1,0,0,9,0,62;339;460;439;808;621;607;687;487
0,12850,12900,1,0,0,9,0,72;349;470;449;818;631;617;697;497
0,12905,12974,1,0,0,10,0,17;294;415;394;763;576;562;642;442;521
0,12884,12941,1,0,0,10,0,38;315;436;415;784;597;583;663;463;542
1,12936,13003,1,0,0,9,5,263;384;363;732;545;531;611;356;490
1,12930,12996,1,0,0,9,1,269;390;369;738;551;537;617;417;496
0,9304,9365,1,0,0,3,0,477;6;633
0,9295,9367,1,0,0,3,0,486;6;642
0,9293,9346,1,0,0,3,0,488;6;644
0,9289,9542,1,0,0,4,0,0;492;6;648
0,9278,9335,1,0,0,4,0,11;503;6;656
1,9269,9501,1,0,0,4,2,20;512;6;668
1,9208,9260,1,0,0,4,2,81;573;6;729
0,9186,9401,1,0,0,4,0,103;595;6;751
0,9185,9271,1,0,0,4,0,104;596;6;752
1,9170,9423,1,0,0,4,1,119;611;250;767
0,9166,9254,1,16,0,4,0,123;615;254;771
0,9161,9217,1,0,0,4,0,127;620;259;776
1,9153,9238,1,0,0,4,2,136;628;267;784
1,9123,9360,1,0,0,4,3,20;166;658;297
0,9118,9358,1,0,0,5,0,25;4;171;663;302
1,9081,9153,1,0,0,5,1,62;41;208;700;339
1,9039,9126,1,0,0,5,1,104;83;233;742;381
1,9060,9125,1,0,0,5,2,83;62;229;712;360
1,9016,9069,1,0,0,5,2,127;106;273;765;404
1,9032,9103,1,0,0,5,1,111;87;257;749;388
0,8932,9014,1,0,0,5,0,211;190;357;849;466
1,8987,9059,1,0,0,5,2,156;135;302;794;433
1,8884,8938,1,0,0,5,1,259;238;405;897;536
1,8928,8984,1,0,0,5,2,215;194;361;853;492
0,8798,8853,1,0,0,4,0,345;324;411;983
1,8848,9064,1,0,0,5,1,295;274;411;933;572
1,8769,9015,1,0,0,5,3,1;368;353;520;1012
0,8792,8869,1,0,0,4,0,351;330;411;989
1,8715,8917,1,0,0,6,2,29;55;420;407;574;1066
1,8749,8983,1,0,0,5,2,21;394;373;540;1032
1,8674,8752,1,0,0,5,1,70;96;469;448;615
1,8705,8764,1,0,0,6,1,38;65;438;417;584;1076
1,8530,8618,1,0,0,5,1,24;175;240;613;592
1,8472,8703,1,0,0,5,2,24;175;298;671;650
1,8622,8857,1,0,0,5,2,122;148;521;500;667
1,8548,8608,1,0,0,5,1,6;175;222;595;574
1,8406,8703,1,0,0,4,2,187;175;364;712
1,8381,8440,1,0,0,4,1,212;175;389;717
1,8428,8631,1,0,0,4,1,37;175;342;712
0,8428,8506,1,0,0,4,0,24;175;342;712
1,8314,8369,1,0,0,4,1,279;11;236;456
0,8314,8364,1,0,0,4,0,279;11;175;456
1,8380,8457,1,0,0,4,1,213;175;390;763
0,8335,8403,1,0,0,3,0,258;175;435
0,8260,8314,1,0,0,6,0,48;42;333;65;484;510
1,8248,8308,1,0,0,6,1,60;43;345;77;496;522
0,8295,8360,1,0,0,6,0,13;11;298;30;236;475
1,8280,8570,1,0,0,6,1,28;26;313;45;464;490
0,8111,8190,1,0,0,8,0,197;68;114;195;482;214;633;659
1,8202,8285,1,0,0,8,1,106;16;23;104;391;123;542;568
1,8223,8457,1,0,0,7,3,85;2;83;364;102;521;547
1,8233,8298,1,0,0,6,1,75;59;360;92;511;537
0,8035,8100,1,0,0,8,0,273;183;190;5;271;558;290;709
1,8053,8116,1,0,0,7,1,255;165;172;253;540;272;691
1,8074,8141,1,0,0,8,1,234;144;151;232;496;251;670;696
1,8092,8158,1,0,0,8,2,216;94;133;214;496;233;652;678
0,7870,7922,1,0,0,8,0,25;438;348;355;170;436;718;455
1,7886,8159,1,0,0,8,5,25;422;332;339;154;420;707;439
1,7939,8023,1,0,0,7,2,369;279;286;101;367;654;386
1,7950,8019,1,0,0,8,1,358;268;275;90;356;603;375;794
0,7807,7862,1,0,0,6,0,114;501;411;418;233;466
1,7835,7908,1,0,0,6,1,86;473;383;390;205;466
0,7841,7929,1,0,0,7,0,25;467;377;384;199;465;752
1,7842,8127,1,0,0,7,4,25;466;376;383;198;464;751
1,10933,11154,1,0,0,10,3,96;211;285;213;256;332;70;296;963;390
1,10923,11162,1,0,0,10,3,96;221;312;223;266;342;80;306;973;400
1,10923,10990,1,0,0,10,1,96;221;306;223;266;342;80;306;973;400
1,10907,10966,1,0,0,10,1,132;237;328;239;282;358;96;322;989;416
1,11007,11084,1,16,0,9,1,32;137;228;139;182;258;222;889;316
0,11007,11087,1,0,0,9,0,32;137;204;139;182;258;222;889;316
1,10983,11042,1,0,0,10,1,56;161;252;163;206;282;20;246;913;340
0,10955,11009,1,0,0,10,0,84;189;280;191;234;310;48;274;941;368
1,10768,10838,1,0,0,8,1,12;271;376;467;378;421;497;235
1,10689,10924,1,0,0,8,4,41;350;444;546;457;500;576;314
1,10687,10767,1,0,0,8,2,41;352;457;548;459;502;578;316
1,10685,10769,1,0,0,8,1,95;354;459;550;461;504;580;318
0,10884,10955,1,0,0,10,0,140;260;351;262;305;381;119;345;1012;439
1,10842,10896,1,0,0,8,1,140;293;393;304;347;423;161;387
1,10827,11092,1,0,0,8,5,140;317;408;319;362;438;176;402
1,10813,10900,1,0,0,7,1,226;331;422;333;376;452;190
1,10514,10584,1,0,0,9,1,266;4;525;613;676;632;675;705;489
1,10516,10727,1,0,0,9,4,229;2;523;613;676;630;673;705;487
1,10441,10707,1,0,0,9,3,335;8;77;598;703;676;705;748;824
1,10454,10721,1,0,15,8,4,326;64;585;690;676;692;735;705
0,10572,10625,1,0,0,8,0,98;467;572;611;574;617;693;431
1,10602,10661,1,0,0,8,2,98;437;542;611;544;587;663;401
1,10560,10855,1,0,0,8,8,220;479;584;611;586;629;705;443
1,10568,10644,1,0,0,8,1,166;471;576;611;578;621;697;435
1,10235,10302,1,0,0,8,2,8;545;172;52;127;214;283;804
1,10310,10387,1,0,0,9,2,470;106;52;139;208;729;834;925;836
1,10208,10258,1,0,0,7,1,39;572;208;79;154;241;310
1,10219,10422,1,0,0,7,3,8;561;197;68;143;230;299
0,10402,10459,1,0,0,10,0,335;14;47;116;637;742;833;744;787;863
1,10433,10672,1,0,0,9,3,335;16;85;606;711;802;713;756;832
1,10357,10433,1,0,0,10,2,423;59;5;92;161;682;787;878;789;832
1,10387,10456,1,0,0,9,1,393;29;62;131;652;757;848;759;802
1,9939,10012,1,0,0,8,1,47;308;841;477;53;348;423;510
1,9903,9981,1,0,0,8,3,34;83;344;877;513;53;384;459
1,10031,10095,1,0,0,6,1,216;739;385;256;331;418
1,10010,10062,1,0,0,6,2,237;770;406;277;352;439
1,10037,10121,1,0,0,6,3,189;739;374;250;325;412
1,10033,10317,1,0,0,6,5,189;739;383;254;329;416
1,10159,10246,1,0,0,7,2,73;621;257;128;203;290;359
1,10155,10213,1,0,0,7,2,92;625;261;132;207;294;363
1,9727,9781,1,0,0,8,3,54;210;259;520;1053;689;271;560
1,9612,9677,1,15,0,5,1,169;293;374;612;1168
0,9741,9805,1,0,0,8,0,40;196;245;495;1039;668;257;546
1,9737,9796,1,0,0,8,1,44;200;249;510;1043;668;261;550
0,9868,9935,1,0,0,8,0,69;118;379;912;548;130;419;494
0,9833,9897,1,0,0,7,0,104;153;414;947;583;165;454
1,9886,9970,1,0,0,8,2,51;100;361;894;530;112;401;476
0,9877,9965,1,0,0,8,0,60;109;370;903;539;121;410;485
1,9465,9530,1,0,0,4,1,302;469;521;18
1,9484,9709,1,0,0,5,2,297;452;502;18;763
1,9490,9759,1,0,0,5,3,291;322;496;18;757
1,9529,9772,1,0,0,5,4,252;322;457;17;718
1,9564,9628,1,0,0,4,1,217;322;422;683
1,9568,9641,1,0,0,4,1,213;293;418;679
0,9574,9629,1,0,0,4,0,207;293;412;612
0,9580,9648,1,0,0,4,0,201;293;406;612
0,9310,9376,1,15,0,3,0,471;6;627
0,9351,9440,1,0,0,3,0,430;6;586
1,9357,9441,1,0,0,3,1,424;6;580
1,9369,9433,1,0,0,3,1,412;6;568
1,9387,9651,1,0,0,3,2,394;2;550
1,9437,9490,1,0,0,3,1,302;500;549
1,9452,9684,1,0,0,4,3,302;485;534;94
1,9461,9521,1,0,0,4,1,302;476;525;18
1,28616,28693,1,0,0,8,1,39;20;228;423;404;387;523;435
0,28617,28668,1,0,0,8,0,38;19;227;422;403;386;500;434
1,28669,28740,1,0,0,6,1,175;370;351;334;470;382
1,28694,28756,1,0,0,7,1,150;345;326;309;445;357;384
1,28488,28551,1,16,0,7,3,131;148;356;441;532;515;651
0,28536,28596,1,0,0,7,0,119;100;308;441;484;467;603
1,28538,28601,1,0,0,7,3,117;98;306;441;482;465;601
1,28554,28627,1,0,0,8,1,101;82;290;441;466;449;585;497
1,28394,28660,1,0,0,6,3,63;261;242;450;645;626
1,28429,28480,1,0,0,6,1,28;226;207;415;441;591
1,28465,28523,1,0,0,5,2,190;171;379;441;555
1,28487,28757,1,0,0,7,6,151;149;357;441;533;516;652
1,28274,28347,1,0,0,10,1,9;183;85;381;91;17;362;75;570;765
1,28305,28581,1,0,0,8,5,152;54;350;60;331;44;539;734
1,28312,28601,1,0,15,8,4,145;47;343;53;324;37;532;727
0,28361,28442,1,0,0,7,0,96;294;4;275;483;678;659
1,28193,28453,1,16,0,11,6,90;264;166;42;58;446;172;98;443;124;651
1,28191,28248,1,0,0,11,3,92;266;168;44;60;446;174;100;445;158;653
1,28253,28315,1,0,0,10,1,30;204;106;402;112;38;383;96;591;786
1,28211,28278,1,0,0,12,1,72;246;148;24;40;444;154;80;425;111;633;828
1,28076,28280,1,0,0,13,8,207;381;283;159;175;79;96;579;289;215;560;273;768
1,28059,28124,1,0,0,13,1,224;398;300;176;192;96;113;588;306;232;577;290;785
1,28158,28411,1,0,0,12,6,125;299;201;77;93;14;497;206;133;478;191;686
1,28109,28161,1,0,0,13,1,174;348;250;126;142;46;63;546;206;182;527;240;735
0,27992,28047,1,0,0,13,0,291;465;367;243;259;163;180;651;373;299;644;357;852
1,27955,28044,1,0,0,13,3,328;502;404;280;296;200;217;654;410;336;681;394;889
1,28051,28312,1,0,0,13,10,232;406;308;184;200;102;121;604;314;240;585;298;793
1,28024,28075,1,0,0,13,1,259;433;335;211;227;131;148;631;341;267;612;325;820
1,27840,28075,1,0,0,11,9,443;617;519;395;411;315;306;815;525;451;796
1,27836,27893,1,0,0,11,1,447;621;523;399;415;319;336;819;529;455;800
1,27951,28033,1,0,0,13,3,332;506;408;284;300;204;221;704;414;340;685;398;893
0,27908,27982,1,0,0,12,0,375;549;451;327;343;247;264;747;457;383;728;441
1,28795,29024,1,0,0,8,3,12;244;225;208;344;256;283;672
1,28758,28826,1,0,0,8,1,12;281;262;245;381;293;320;709
1,28735,28821,1,0,0,8,2,12;304;285;268;404;316;343;732
1,28725,28968,1,0,0,8,6,119;314;295;278;408;326;353;742
1,26683,26748,1,0,0,13,2,86;160;338;310;393;748;439;547;253;450;616;494;749
1,26711,26762,1,0,0,13,2,58;132;310;282;365;720;411;519;225;422;588;466;721
0,26759,26832,1,0,0,13,0,10;84;262;234;317;672;365;471;177;374;540;418;673
1,26773,26835,1,0,0,12,2,70;248;220;303;658;351;457;163;360;526;404;659
1,26839,27074,1,0,0,13,6,4;182;154;237;592;285;391;97;294;460;338;593;633
1,26850,27101,1,0,0,12,8,171;143;226;581;274;380;86;283;449;327;558;622
1,26872,26955,1,0,0,12,2,149;121;204;559;252;358;64;261;427;305;558;600
0,26903,26976,1,0,0,12,0,118;90;173;528;221;327;33;230;396;274;529;569
1,26395,26629,1,0,0,8,5,110;374;448;267;626;598;681;1036
1,26428,26685,1,0,0,9,7,77;341;415;234;593;565;648;1003;696
1,26499,26717,1,0,0,12,4,6;270;344;163;522;494;577;932;625;731;437;634
1,26503,26564,1,0,0,12,1,2;266;340;159;518;490;573;928;600;727;433;630
1,26512,26601,1,0,0,11,2,250;331;150;509;481;564;919;600;718;424;621
0,26560,26625,1,0,0,13,0,209;283;102;461;433;516;871;564;670;376;573;739;617
1,26582,26641,1,0,0,13,2,187;261;80;439;411;494;849;542;648;354;551;717;595
1,26679,26905,1,0,0,13,7,90;164;342;314;397;752;445;551;257;454;620;498;753
1,26157,26220,1,0,0,4,1,7;12;348;611
1,26111,26346,1,0,0,4,2,53;58;394;658
1,26197,26250,1,0,0,2,1,308;561
0,26161,26242,1,0,0,4,0,3;8;344;561
1,26280,26359,1,0,0,6,1,225;489;563;382;741;713
0,26277,26329,1,0,0,6,0,228;492;566;385;744;716
1,26303,26380,1,0,0,6,1,202;459;540;332;718;690
1,26297,26348,1,0,0,6,1,208;472;546;332;724;696
1,26001,26053,1,0,0,5,1,163;8;168;504;732
0,25979,26061,1,0,0,5,0,185;30;190;526;732
0,26032,26119,1,0,0,4,0,132;137;473;704
0,26006,26067,1,0,0,5,0,158;3;163;499;704
1,26088,26149,1,0,0,4,1,76;81;417;681
0,26053,26125,1,0,0,4,0,111;116;452;704
0,26105,26176,1,0,0,4,0,59;64;400;664
0,26100,26180,1,0,0,4,0,60;69;405;669
0,27636,27697,1,0,0,7,0,647;821;723;599;615;519;466
0,27642,27709,1,0,0,7,0,641;815;717;593;609;513;466
1,27595,27858,1,0,0,8,6,18;688;862;764;640;656;560;577
0,27629,27684,1,0,0,7,0,654;828;730;606;622;526;466
0,27779,27844,1,0,0,10,0,504;678;580;456;472;376;393;876;586;512
1,27795,27866,1,0,0,10,1,488;662;564;440;456;360;377;860;570;496
1,27738,28019,1,0,0,10,9,545;719;621;497;513;417;434;917;627;553
1,27746,27799,1,0,0,10,1,537;711;613;489;505;409;426;892;619;545
1,27411,27468,1,0,0,8,1,20;21;61;202;872;1046;948;824
0,27455,27509,1,0,0,7,0,17;158;828;1002;904;780;796
0,27345,27407,1,0,0,7,0,86;52;127;268;938;1112;1014
0,27378,27443,1,0,0,8,0,53;52;94;235;905;1079;981;857
1,27539,27615,1,0,0,7,1,74;744;918;820;696;712;616
0,27544,27605,1,0,0,7,0,69;694;913;815;691;707;611
0,27499,27572,1,0,0,7,0,114;784;958;860;736;752;656
0,27504,27578,1,0,0,7,0,109;779;953;855;731;747;651
1,27213,27499,1,0,0,6,1,218;17;86;219;259;400
0,27168,27237,1,0,0,7,0,263;62;131;9;233;304;445
0,27151,27231,1,0,0,7,0,280;79;148;26;233;321;462
1,27138,27225,1,0,0,7,1,293;92;161;39;277;334;475
1,27325,27388,1,0,0,5,2,106;52;147;288;958
1,27324,27399,1,0,0,5,1,107;108;148;289;959
0,27259,27343,1,0,0,5,0,160;40;173;213;354
0,27249,27314,1,0,0,5,0,160;50;183;223;364
1,27030,27115,1,0,0,10,1,46;401;94;200;96;269;147;396;442;583
1,27010,27240,1,0,0,11,4,11;66;421;114;220;96;289;167;422;462;603
1,26972,27049,1,0,0,12,2,49;21;104;459;152;258;96;327;205;460;500;641
1,26966,27039,1,0,0,11,1,55;27;110;465;158;264;167;333;211;466;506
1,27122,27353,1,0,0,9,4,309;2;108;11;177;55;310;350;491
1,27092,27171,1,0,0,9,1,339;32;138;22;207;85;340;380;521
1,27087,27290,1,0,0,9,5,344;37;143;46;212;90;345;385;526
1,27031,27241,1,0,0,10,4,45;400;93;199;59;268;146;396;441;582
1,24618,24672,1,0,0,9,1,130;12;23;13;227;96;264;734;500
0,24600,24672,1,0,0,9,0,148;30;41;13;245;114;264;752;518
1,24647,24712,1,0,0,8,1,101;7;198;67;238;617;471;958
1,24626,24872,1,0,0,9,2,122;4;15;12;219;88;259;726;492
1,24575,24644,1,0,0,9,1,173;55;66;47;270;139;310;777;543
1,24557,24637,1,0,0,10,2,191;73;84;97;15;288;157;328;795;561
1,24595,24667,1,0,0,9,2,153;35;46;47;250;119;264;757;523
1,24587,24832,1,0,0,9,3,161;43;54;47;258;127;290;765;531
1,24794,24883,1,0,0,8,1,51;91;528;324;811;594;684;432
0,24783,24861,1,0,0,8,0,62;102;528;335;822;605;695;443
1,24828,24910,1,0,0,8,2,17;57;524;290;777;560;589;398
1,24824,25033,1,0,0,8,2,21;61;528;294;781;564;599;402
1,24727,24781,1,0,0,8,1,21;118;158;617;391;878;661;751
1,24684,24951,1,0,0,7,4,64;161;20;201;617;434;921
1,24777,24849,1,0,0,8,1,68;108;575;341;828;611;701;449
0,24755,24834,1,0,0,8,0,90;130;579;363;850;633;723;471
0,24281,24347,1,0,0,9,0,20;467;349;360;373;154;258;564;433
0,24284,24346,1,0,0,9,0,17;464;346;357;370;154;258;561;430
1,24330,24408,1,0,0,9,1,418;300;311;324;154;223;515;384;555
1,24406,24477,1,0,0,9,1,342;224;235;248;154;147;439;308;479
1,24244,24311,1,0,0,9,1,57;504;386;397;410;154;309;601;446
1,24266,24498,1,0,0,9,7,35;467;364;375;388;154;287;579;446
0,24270,24353,1,0,0,9,0,31;467;360;371;384;154;272;575;444
1,24278,24332,1,0,0,9,2,23;467;352;363;376;154;272;567;436
1,24465,24552,1,0,0,9,4,283;165;176;189;107;88;380;249;400
1,24477,24767,1,0,0,10,4,271;153;164;177;95;49;368;237;400;875
1,24506,24589,1,0,0,10,4,242;124;135;148;66;47;339;208;379;846
1,24535,24759,1,0,0,10,5,213;95;106;119;37;18;310;179;350;817
0,24407,24458,1,0,0,9,0,341;223;234;247;154;146;438;307;460
1,24414,24497,1,0,0,9,1,334;216;227;240;154;139;431;300;460
0,24420,24491,1,0,0,9,0,328;210;221;234;152;133;425;294;430
1,24427,24489,1,0,0,9,1,321;203;214;227;145;126;418;287;430
1,25559,25848,1,0,0,7,5,46;137;60;376;605;450;610
1,25540,25622,1,0,0,7,1,65;156;79;395;624;469;629
0,25420,25486,1,0,0,6,0,185;58;276;199;446;744
1,25384,25610,1,0,0,7,3,221;4;94;312;235;446;780
1,25360,25609,1,0,0,7,3,245;28;118;336;259;575;804
1,25341,25392,1,0,0,8,1,11;264;47;137;355;278;594;823
1,25324,25382,1,0,0,8,1,28;281;64;154;372;295;611;840
1,25302,25584,1,0,0,8,5,31;303;86;176;394;317;633;862
1,25964,26262,1,0,0,5,3,200;45;205;541;805
1,25844,25920,1,0,0,6,1,91;286;165;325;661;925
1,25765,25843,1,0,0,5,1,170;286;244;404;740
0,25749,25800,1,0,0,5,0,186;286;260;420;756
1,25715,25930,1,0,0,5,4,220;449;294;454;790
0,25705,25781,1,0,0,5,0,230;459;304;464;800
0,25615,25669,1,0,0,7,0,81;4;320;549;343;554;890
1,25604,25691,1,0,0,8,3,1;92;15;331;560;405;565;901
1,24999,25076,1,0,0,7,1,353;119;606;389;466;227;697
0,25027,25108,1,0,0,7,0,296;91;578;361;451;199;669
1,24974,25033,1,0,0,7,1,378;144;631;414;504;252;722
1,24994,25255,1,0,0,7,4,358;124;611;394;481;232;702
1,24903,24955,1,0,0,7,1,449;215;684;434;575;323;793
1,24958,25026,1,0,0,7,1,394;160;647;430;520;268;738
1,24862,25075,1,0,0,7,3,23;490;256;743;526;589;364
1,24867,24926,1,0,0,7,1,18;485;251;738;434;589;359
1,25215,25294,1,0,0,8,3,94;390;173;263;11;481;404;720
1,25278,25557,1,0,0,8,6,74;327;110;200;418;341;657;886
0,25160,25222,1,0,0,8,0,192;445;228;318;66;536;459;775
1,25182,25269,1,0,0,8,2,170;423;206;296;44;514;437;753
1,25096,25178,1,0,0,9,1,256;22;509;292;382;130;600;489;839
1,25138,25191,1,0,0,8,1,214;467;250;340;88;558;481;797
0,25034,25090,1,0,0,8,0,296;84;571;354;444;192;662;585
1,25077,25309,1,0,0,9,7,275;41;528;311;401;149;619;542;858
1,22960,23033,1,0,0,12,2,20;237;267;264;260;388;278;187;298;635;659;860
1,22920,22974,1,0,0,12,2,60;277;307;304;300;428;318;227;338;675;699;900
1,22966,23261,1,0,0,12,6,14;196;214;258;254;382;272;181;292;629;653;854
1,22961,23047,1,0,0,12,1,19;196;266;263;259;387;277;186;297;634;658;859
1,23060,23319,1,0,0,11,7,137;167;164;160;288;178;87;198;535;559;760
1,22968,23022,1,0,0,12,1,12;196;214;256;252;380;270;179;277;627;651;852
1,23092,23372,1,0,0,11,7,105;135;132;128;256;146;55;166;503;527;728
1,23066,23280,1,16,0,11,2,131;161;158;154;282;172;81;192;513;553;754
1,23229,23302,1,0,0,6,2,119;9;29;366;390;591
1,23094,23161,1,0,0,11,3,103;133;130;126;254;144;53;164;486;525;726
0,23284,23366,1,0,0,5,0,64;311;236;536;680
1,23260,23502,1,0,0,5,3,88;335;359;560;704
1,23332,23567,1,0,0,6,3,16;263;236;488;583;880
1,23297,23570,1,0,0,5,3,51;298;236;523;667
1,23417,23473,1,0,0,7,2,178;202;403;547;795;779;884
1,23380,23463,1,0,0,7,2,215;236;440;583;832;816;921
1,22549,22618,1,0,0,11,1,118;23;33;68;224;96;431;648;678;675;671
1,22569,22822,1,0,0,11,6,98;3;13;48;204;76;411;628;658;655;651
1,22581,22634,1,0,0,10,1,49;1;36;192;64;399;616;646;643;639
1,22586,22666,1,0,0,9,1,49;6;187;59;394;611;641;638;634
1,22605,22682,1,0,0,9,1,49;5;168;40;375;592;622;619;615
0,22643,22700,1,0,0,11,0,24;130;2;337;521;584;581;577;705;595;504
0,22683,22759,1,0,0,9,0,90;297;514;544;541;537;665;555;464
1,22702,22760,1,0,0,9,1,71;278;495;525;522;518;646;536;445
1,22805,22858,1,0,0,9,1,175;392;422;419;415;543;433;342;453
1,22807,22861,1,0,0,9,1,173;383;420;417;413;541;431;340;451
1,22808,22864,1,0,0,9,1,172;383;419;416;412;540;430;339;440
1,22819,22878,1,0,0,9,1,161;378;408;405;401;529;419;328;420
1,22827,22889,1,0,0,9,1,153;366;400;397;393;521;411;320;420
1,22839,23090,1,0,0,9,5,141;358;388;385;381;509;399;308;393
1,22886,23135,1,0,0,11,6,94;311;341;338;334;462;352;261;358;709;733
1,22911,22999,1,0,0,12,2,69;283;316;313;309;437;327;236;347;684;708;909
0,23928,23996,1,0,0,10,0,36;284;227;373;274;820;702;713;726;644
1,23927,24009,1,0,0,10,2,37;285;227;374;294;821;703;714;727;645
1,23856,24096,1,0,0,6,3,108;356;340;445;294;892
1,23841,24093,1,0,0,6,4,123;371;355;460;394;907
0,24072,24130,1,0,0,10,0,140;124;229;152;676;558;569;582;500;481
1,24057,24354,1,0,0,10,8,155;139;244;178;687;573;584;597;515;496
1,24018,24071,1,0,0,10,1,194;178;283;217;730;612;623;636;554;535
0,23942,24000,1,0,0,10,0,22;270;227;359;274;806;688;699;712;630
1,24142,24199,1,0,0,11,3,70;54;159;93;606;488;499;512;430;411;703
0,24137,24366,1,0,0,11,0,75;59;164;98;611;493;504;517;435;416;708
1,24109,24192,1,0,0,11,2,103;87;192;116;639;521;532;545;463;444;736
1,24089,24142,1,0,0,10,1,123;107;212;146;659;541;552;565;483;464
1,24227,24524,1,0,0,10,7,74;8;521;403;414;427;154;326;618;487
1,24202,24478,1,0,0,11,3,10;99;33;546;428;439;452;213;351;643;512
1,24199,24454,1,0,0,11,3,13;102;36;549;431;442;455;373;354;646;515
0,24189,24249,1,16,0,12,0,23;7;112;46;559;441;452;465;383;364;656;525
1,23490,23724,1,0,0,7,4,105;129;330;474;722;706;811
1,23603,23892,1,0,0,7,6,16;217;361;609;593;698;632
0,23430,23494,1,0,0,7,0,165;178;390;534;782;766;871
1,23436,23508,1,0,0,7,2,159;178;384;528;776;760;865
1,23662,23745,1,0,0,6,1,158;302;550;534;639;573
0,23690,23753,1,0,0,6,0,130;274;522;506;611;545
0,23613,23667,1,0,0,7,0,6;207;334;599;583;688;622
0,23641,23711,1,0,0,6,0,179;323;571;555;660;594
1,23712,23771,1,0,0,6,1,108;252;500;484;589;523
1,23761,23829,1,0,0,6,1,59;203;451;435;540;474
1,23700,23770,1,0,0,6,1,120;264;512;496;601;535
0,23711,23784,1,0,0,6,0,109;253;501;485;590;524
1,23817,23885,1,0,0,7,1,3;147;395;379;484;418;931
0,23834,23916,1,0,0,6,0,130;378;362;467;401;914
1,23770,23849,1,0,0,6,1,50;194;442;426;531;465
0,23792,23846,1,0,0,6,0,28;172;420;404;509;443
333
319,1046,76.00,11
343,1220,204.52,11
98,705,198.39,10
257,927,76.03,8
509,1447,0.00,11
555,1105,0.00,11
474,1400,59.15,11
480,1133,0.00,9
669,1411,0.00,8
675,1613,0.00,9
565,1328,0.00,9
579,1096,106.05,11
973,1677,82.42,9
986,1400,109.93,11
830,1901,291.44,11
900,1562,0.00,9
6,505,146.58,10
2172,2840,59.71,11
2370,3006,273.12,10
2475,3426,61.29,9
2604,3228,101.38,9
2661,3110,112.38,10
2830,3486,194.50,10
2919,3584,191.55,10
3104,3854,0.00,10
3345,3866,103.67,11
3373,4323,0.00,11
3404,4170,139.45,9
3682,4523,0.00,10
3751,3999,49.56,9
3867,4282,136.27,11
3896,4550,73.23,9
4023,4614,0.00,11
1258,1910,63.98,11
1103,1833,0.00,10
1357,1960,0.00,9
1336,2005,55.60,8
1662,2335,0.00,11
1634,2331,148.03,8
1700,2090,175.26,11
1686,2362,84.83,11
1861,2280,28.17,10
1813,2807,320.33,10
1958,2934,0.00,11
1936,2293,0.00,10
2071,2618,0.00,8
2010,2713,153.41,9
2119,2931,102.50,8
2072,2837,4.37,11
6064,6811,146.31,8
6377,6928,183.76,10
5790,6146,0.00,11
5849,6491,164.29,11
5539,6156,22.87,11
5774,6297,0.00,11
5383,5811,136.55,11
5531,6079,0.00,8
6769,7350,0.00,10
6908,7670,100.42,10
6548,7349,198.23,10
6683,7113,0.00,8
6540,7264,118.48,9
6543,7398,160.65,10
6497,7389,141.14,10
6534,7509,0.00,10
4636,5843,84.78,11
4609,5321,0.00,8
4535,5472,307.78,10
4356,5135,59.20,11
4302,4987,0.00,11
4271,5041,107.15,9
4263,4991,0.00,8
4210,4734,0.00,10
5361,6312,0.00,8
5258,6114,51.32,8
5208,5914,0.00,11
5188,6254,274.60,10
5134,5874,157.66,11
4973,5519,119.86,11
4857,5693,204.55,9
4707,5330,0.00,11
9475,10247,213.45,9
9582,10780,304.86,9
9672,10416,83.09,10
9675,9998,59.60,11
8807,9420,314.83,10
9134,9937,215.76,8
9405,9986,0.00,10
9451,9546,92.06,9
10228,11039,123.48,11
10279,11144,184.39,10
10280,11235,315.56,8
10307,11146,45.68,8
9718,10287,41.32,8
9842,10362,0.00,9
9913,10449,0.00,10
10073,10518,0.00,10
7413,7786,0.00,11
7367,8225,0.00,8
7519,8306,199.49,10
7513,8040,0.00,8
7227,7921,61.26,11
6920,7523,44.80,9
7355,8218,112.80,8
7227,8308,0.00,9
8454,9122,67.87,8
8348,9143,178.49,9
8683,9781,127.05,9
8581,9289,173.32,9
7869,8325,0.00,8
7837,8593,339.30,10
8071,8770,0.00,10
7943,8744,321.98,8
21184,22021,50.88,8
21142,21964,135.28,8
21270,21795,0.00,10
21245,21910,67.87,11
21384,22238,0.00,10
21298,22129,0.00,8
21467,22667,49.86,9
21443,22265,0.00,9
21535,22572,0.00,10
21498,22299,0.00,8
21646,22582,131.19,10
21596,22323,0.00,11
21959,22279,0.00,10
21837,22297,88.27,9
22025,22773,0.00,11
21963,22617,160.36,11
22173,22645,9.45,9
22187,22980,0.00,9
22300,23197,171.39,10
22359,23227,52.33,10
22489,23224,0.00,10
22536,23220,0.00,9
22608,23348,82.60,10
22624,23238,0.00,8
22636,23147,0.00,9
22728,23258,123.14,9
22868,23595,87.05,9
22880,23619,193.62,11
22888,23820,0.00,10
23231,23964,177.45,10
23321,24212,0.00,9
23339,24196,145.76,11
23880,24630,0.00,11
23812,24748,100.13,11
23510,24235,177.29,11
23372,24301,0.00,11
23967,24553,145.96,8
23892,24572,249.15,11
23891,24654,85.06,9
23881,24641,0.00,10
24466,25352,372.83,9
24323,24885,150.76,10
24180,24714,89.35,11
24099,24845,0.00,11
24716,25478,180.20,8
24706,25388,92.40,9
24636,25605,134.72,9
24546,25118,0.00,11
25034,25619,136.56,9
25036,25935,152.84,8
24733,25226,0.00,11
24882,25696,0.00,10
25537,26169,0.00,8
25590,26505,0.00,9
25265,26164,180.13,8
25438,26009,70.62,9
26234,26662,52.74,10
26234,27021,0.00,8
25828,26769,288.37,8
26200,26843,0.00,10
26388,27431,77.78,8
26400,27124,104.81,8
26246,26993,168.46,8
26385,27076,0.00,11
26589,27432,263.90,11
26555,27177,0.00,11
26969,27613,0.00,10
26819,27472,8.01,11
26435,26936,0.00,11
26432,27230,0.00,8
26537,27299,0.00,11
26465,27133,133.35,10
27498,28155,29.31,8
27438,28251,0.00,9
27664,28655,272.34,11
27562,28172,173.95,11
27340,28457,0.00,9
27275,28283,50.97,11
27349,28235,0.00,9
27342,28359,0.00,10
27928,28844,118.83,10
28197,29039,259.36,9
28337,29020,55.17,10
28481,29003,0.00,10
27695,28365,122.26,8
27728,28291,0.00,8
27811,28636,0.00,11
27870,28349,49.43,10
28485,29139,91.75,11
28554,29051,0.00,9
28681,29078,0.00,8
28725,29467,86.86,8
11296,12008,0.00,10
11310,11937,0.00,8
11314,11971,203.29,9
11375,12112,169.43,11
11402,12467,185.24,8
11496,11829,0.00,8
11542,12518,245.32,11
11631,12038,0.00,9
10313,11189,0.00,10
10402,11265,119.80,10
10498,11003,0.00,8
10814,11229,0.00,11
10874,11896,199.36,8
10882,11323,50.62,8
11122,11556,230.32,11
11185,11882,49.71,10
12764,13481,0.00,10
12752,13668,87.97,8
12816,13547,0.00,9
12781,13467,0.00,10
12865,13426,0.00,9
12832,13347,308.88,11
12978,13740,113.20,9
12965,13701,0.00,10
11822,12326,0.00,8
11665,12210,0.00,10
12061,12817,162.38,11
11938,12322,46.17,9
12404,13199,29.50,9
12094,12922,265.17,9
12713,13299,10.38,10
12531,13320,0.00,10
13634,14444,41.89,10
13699,14395,0.00,10
13578,14091,0.00,9
13625,14248,0.00,11
14030,14460,43.80,11
14047,14957,97.93,8
13699,14432,81.61,8
13717,14412,119.00,10
13231,13901,0.00,10
13312,14267,0.00,8
13044,13887,118.70,8
13128,13998,163.34,11
13480,14224,99.86,11
13533,14410,0.00,9
13386,13986,0.00,9
13462,14444,86.75,11
15743,16489,0.00,10
15700,16583,0.00,11
15604,16055,0.00,10
15423,16317,189.88,11
16165,16572,0.00,11
16055,16765,220.55,9
16012,16583,0.00,11
15750,16727,0.00,11
14711,15293,77.89,10
14416,14960,42.99,10
14235,14777,127.98,8
14135,15290,616.38,10
15277,15953,208.60,11
15133,16018,215.37,9
15040,15690,97.84,11
14844,15697,117.55,9
17254,17954,20.40,8
17339,17913,0.00,11
17363,18336,205.09,10
17385,18556,89.48,8
16818,17344,48.40,10
16922,17748,188.64,8
17046,17922,0.00,10
17222,17966,0.00,9
16518,17441,160.39,8
16686,17207,0.00,8
16743,17503,26.95,9
16752,17526,153.40,8
16228,17030,106.87,11
16413,17296,29.49,8
16419,16784,57.52,11
16491,17079,86.97,8
18897,19618,178.49,9
18859,19641,0.00,9
18985,19755,0.00,8
18904,19308,0.00,8
17902,18675,136.28,8
17848,18846,75.93,10
18728,19415,0.00,9
18545,19283,119.31,9
17765,18130,0.00,9
17548,18763,0.00,8
17845,18955,137.34,11
17825,18470,0.00,10
17394,18402,0.00,9
17391,17929,222.17,9
17493,18274,0.00,10
17402,17943,97.11,9
19782,20437,0.00,8
19902,20637,123.23,8
19560,20251,86.81,11
19759,20660,107.35,10
19491,20076,0.00,9
19508,20215,123.57,9
19488,20067,138.25,8
19489,20007,0.00,9
19387,19821,0.00,8
19419,19785,0.00,10
19176,20225,0.00,11
19233,19987,0.00,10
19073,19591,16.16,9
19101,19467,0.00,10
18994,19850,129.75,11
18998,19647,107.58,8
21141,21970,0.00,10
21102,21514,115.91,11
20881,21407,99.11,9
20725,21198,110.97,11
20707,21690,129.56,10
20684,21593,0.00,10
20566,21424,112.83,11
20513,21076,0.00,10
20386,21251,305.21,9
20333,21071,67.51,10
20280,20776,4.75,8
20271,21185,29.33,9
20200,20737,0.00,10
20049,20808,14.46,9
20041,20714,0.00,8
20008,20696,70.45,11
