1001
1,607,682,1,0,0,10,1,98;163;439;558;793;526;840;498;721;489
1,599,879,1,0,0,10,8,106;328;447;558;801;534;848;506;729;497
0,674,744,1,0,0,11,0,31;163;372;546;726;459;773;431;654;422;737
0,631,709,1,0,0,10,0,74;163;415;558;769;502;816;474;697;423
1,910,997,1,0,0,13,2,17;136;310;490;223;537;195;418;186;501;703;991;652
1,812,868,1,0,0,11,1,115;234;408;588;321;635;293;516;284;599;801
1,992,1079,1,0,0,14,5,54;228;392;141;455;113;336;104;419;621;909;570;685;408
1,966,1053,1,0,0,12,3,80;245;434;167;481;139;362;130;445;647;935;596
0,213,278,1,0,0,2,0,266;406
1,182,243,1,0,0,2,1,277;406
0,320,380,1,0,0,4,0,185;385;607;726
1,320,400,1,0,0,4,1,185;385;607;726
1,367,614,1,0,0,5,1,138;338;531;679;853
1,338,424,1,0,0,4,1,167;367;531;708
1,574,663,1,0,0,9,1,131;353;472;646;826;559;873;531;754
1,526,615,1,0,0,7,1,179;401;520;694;874;607;921
0,81,132,1,0,0,1,0,424
1,93,323,1,0,0,1,1,412
0,107,173,1,0,0,2,0,277;598
0,112,165,1,0,0,2,0,277;593
1,113,352,1,0,0,2,1,277;592
0,137,193,1,0,0,2,0,277;406
0,161,235,1,0,0,2,0,277;406
1,1926,2004,1,0,0,8,1,71;20;405;287;436;164;881;354
1,1891,2177,1,0,0,10,5,10;3;71;47;440;287;471;199;916;389
1,1888,1967,1,0,0,10,1,13;3;80;47;443;287;474;202;919;392
1,1879,1947,1,0,0,10,1,22;3;97;47;452;287;483;211;928;401
1,1873,2112,1,0,0,10,5,28;3;97;47;458;288;489;217;934;407
1,1849,2103,1,0,0,9,3,52;3;97;47;478;486;513;241;958
1,1844,1926,1,0,0,9,3,57;66;97;47;478;491;518;246;963
1,1791,1845,1,0,0,9,1,60;42;119;97;47;486;544;554;299
1,1788,1875,1,0,0,9,2,60;45;122;97;47;486;547;574;302
1,1780,1858,1,15,0,9,1,60;53;130;97;47;551;555;582;310
0,1761,1815,1,0,0,9,0,60;72;149;97;47;570;574;601;329
1,1740,1951,1,0,0,9,3,60;93;170;97;220;591;595;622;350
1,1722,2014,1,0,0,9,5,60;111;188;283;238;609;613;640;368
0,1633,1709,1,0,0,6,0,60;44;200;277;372;327
0,1588,1649,1,0,0,7,0,25;60;89;245;322;417;372
1,1584,1856,1,0,0,7,6,29;246;93;249;326;421;376
0,1507,1577,1,0,0,8,0,106;246;55;170;326;403;494;453
0,1584,1650,1,0,0,7,0,29;60;93;249;326;421;376
1,1396,1676,1,0,0,12,6,4;51;15;217;491;166;281;4;437;514;609;564
1,1467,1527,1,0,0,8,1,146;246;95;210;366;443;538;493
0,1371,1437,1,0,0,12,0,29;76;40;242;530;191;306;29;462;539;634;589
1,1390,1637,1,0,0,12,3,10;57;21;223;511;172;287;10;443;520;615;570
0,1266,1318,1,0,0,11,0,134;181;15;145;347;579;296;411;134;567;644
1,1313,1375,1,0,0,11,2,87;134;15;98;300;579;249;364;87;520;597
1,1203,1434,1,0,0,11,4,14;197;244;125;208;410;698;359;474;197;630
1,1214,1415,1,0,0,11,3,6;186;233;15;197;399;687;348;463;186;619
1,1145,1221,1,0,0,11,3,75;250;302;183;266;468;756;417;532;255;688
1,1160,1247,1,0,0,11,3,52;240;287;168;251;453;741;402;517;240;673
1,1096,1167,1,0,0,13,3,124;304;37;351;9;232;0;315;517;805;466;581;304
1,1117,1201,1,0,0,12,4,103;283;16;330;211;294;496;784;445;560;283;716
1,1022,1088,1,0,0,14,3,24;198;358;111;425;83;306;74;389;591;879;540;655;378
0,1086,1174,1,0,0,13,0,134;314;47;361;19;242;10;325;527;815;476;591;314
1,2685,2748,1,0,0,10,4,122;249;12;152;142;155;321;741;543;425
1,2634,2717,1,0,0,9,3,173;300;26;203;142;206;372;792;594
1,2719,2931,1,0,0,9,1,88;215;118;142;121;287;707;509;391
0,2691,2768,1,0,0,10,0,114;243;12;146;142;149;315;735;537;419
1,2540,2820,1,0,0,9,6,267;394;53;68;297;391;230;466;886
0,2495,2566,1,0,0,9,0,282;439;53;68;313;436;230;511;931
1,2602,2838,1,0,0,9,4,205;332;53;16;235;142;230;404;824
1,2585,2853,1,0,0,9,4,222;349;53;33;252;346;230;421;841
0,2464,2537,1,0,0,8,0,282;470;95;68;373;467;230;542
0,2454,2506,1,0,0,8,0,282;480;95;68;383;477;230;552
1,2468,2541,1,0,0,8,2,282;466;53;68;369;463;230;538
1,2467,2708,1,0,0,8,2,282;467;95;68;370;464;230;539
1,2415,2632,1,0,0,8,4,282;519;298;68;422;516;425;591
1,2405,2610,1,0,0,8,3,282;529;308;78;432;526;435;601
0,2452,2534,1,0,0,8,0,282;482;95;68;385;479;230;554
1,2448,2651,1,0,0,8,1,282;486;95;68;389;483;392;558
1,2315,2571,1,0,0,10,7,16;20;11;492;619;398;303;522;616;525
0,2345,2413,1,0,0,8,0,11;282;589;368;273;492;586;495
1,2365,2583,1,0,0,7,3,282;569;348;253;472;566;475
0,2392,2444,1,0,0,8,0,282;542;321;78;445;539;448;614
1,2244,2306,1,0,0,12,2,87;91;118;563;36;49;690;469;374;593;687;596
1,2256,2309,1,0,0,12,3,75;79;106;551;24;37;678;457;362;581;675;584
1,2268,2319,1,0,0,12,1,63;45;94;539;12;25;666;445;350;569;663;572
1,2314,2380,1,0,0,10,1,17;21;48;493;620;399;304;523;617;526
1,2163,2225,1,0,0,11,1,168;172;199;644;117;130;771;550;455;674;768
1,2189,2247,1,0,0,12,3,142;146;173;618;91;104;745;524;429;648;742;651
1,2191,2242,1,0,0,12,2,140;144;171;616;37;102;743;522;427;646;740;649
1,2231,2492,1,0,0,12,7,100;104;131;576;37;62;703;482;387;606;700;609
1,1934,2018,1,0,0,8,1,49;20;397;287;428;156;873;346
1,1975,2033,1,0,0,9,1,30;356;287;387;115;832;305;318;959
1,1980,2061,1,0,0,9,2,25;351;287;361;110;827;300;313;954
1,2066,2122,1,0,0,9,3,265;269;296;24;741;214;227;868;647
1,3417,3472,1,0,0,7,1,9;69;1;437;449;906;753
1,3427,3496,1,0,0,6,1,59;1;427;439;896;743
1,3324,3593,1,0,0,4,3,102;162;260;530
1,3332,3603,1,0,0,4,1,92;154;252;522
0,3435,3485,1,0,0,6,0,51;1;419;371;888;735
0,3468,3527,1,0,0,6,0,18;1;386;351;855;702
0,3427,3504,1,0,0,6,0,59;1;427;371;896;743
1,3435,3518,1,0,0,6,1,51;1;419;371;888;735
1,3540,3619,1,0,0,5,1,1;230;326;783;630
1,3560,3625,1,0,0,5,1,1;230;306;763;578
0,3476,3536,1,0,0,6,0,10;1;378;351;847;694
1,3497,3778,1,0,0,5,4,1;357;351;826;673
1,3676,3935,1,0,0,4,4,178;190;647;494
1,3720,3780,1,0,0,5,1,83;146;603;450;803
1,3602,3687,1,0,0,4,1,230;264;721;551
1,3612,3697,1,0,0,4,2,230;254;711;551
1,2867,2928,1,0,0,7,1,47;64;129;535;361;243;619
1,2833,2892,1,0,0,9,2,47;4;98;7;129;593;395;277;653
1,2830,2911,1,0,0,9,2,104;7;101;10;129;596;398;280;656
1,2765,2834,1,0,0,9,2,42;169;72;142;75;129;661;463;345
1,2979,3055,1,0,0,6,1,27;447;249;131;507;605
0,2977,3027,1,0,0,6,0,29;449;251;133;509;607
1,2894,3098,1,0,0,7,3,40;27;112;532;334;216;554
1,2890,2943,1,0,0,7,1,44;27;116;535;338;220;596
0,3117,3202,1,0,0,5,0,132;111;369;467;737
1,3083,3340,1,0,0,5,4,343;145;4;403;501
1,3070,3127,1,0,0,5,1,356;158;40;416;514
0,3034,3097,1,0,0,5,0,378;194;76;452;550
0,3285,3362,1,0,0,4,0,132;201;299;569
1,3218,3292,1,0,0,5,1,132;10;268;366;636
1,3205,3255,1,0,0,5,1,132;23;281;379;649
0,3130,3181,1,0,0,5,0,132;98;356;454;724
0,4261,4313,1,0,0,6,0,36;262;21;289;353;473
0,4330,4415,1,0,0,7,0,193;220;284;404;661;711;657
1,4364,4439,1,0,0,8,1,159;186;250;370;627;677;623;771
0,4395,4474,1,0,0,8,0,128;128;219;339;596;646;592;740
0,4400,4466,1,0,0,8,0,123;128;214;334;591;641;587;735
0,4477,4546,1,0,0,8,0,46;73;137;257;514;564;510;658
1,4509,4590,1,0,0,8,1,14;41;105;225;482;532;478;626
0,4553,4607,1,0,0,7,0,61;181;438;488;434;582;919
0,4574,4644,1,0,0,7,0,40;160;417;467;413;561;898
0,4631,4687,1,0,0,7,0,103;360;410;356;504;841;690
1,4644,4900,1,0,0,8,5,90;347;397;343;491;828;677;1199
1,4688,4910,1,0,0,8,6,46;172;353;299;447;784;633;1155
0,4710,4796,1,0,0,9,0,24;172;278;277;425;762;611;1133;620
1,4714,4793,1,0,0,9,2,20;172;278;273;421;758;607;1129;616
1,4728,4803,1,0,0,9,1,6;133;278;259;407;744;593;1115;602
1,4728,4983,1,0,0,9,6,6;133;255;259;407;744;593;1115;602
0,3727,3812,1,0,0,5,0,50;139;596;441;796
1,3724,3797,1,0,0,5,2,83;142;599;441;799
0,3782,3867,1,0,0,6,0,36;84;541;388;741;217
1,3745,3991,1,0,0,5,5,50;121;578;425;778
1,3876,4165,1,0,0,5,4,447;294;647;123;406
0,3810,3875,1,0,0,6,0,36;56;513;360;713;189
1,3917,3971,1,0,0,6,1,330;253;606;82;327;633
1,3912,3981,1,0,0,6,1,330;258;611;87;370;638
1,3976,4253,1,0,0,6,4,330;194;547;23;306;574
1,3919,4004,1,0,0,6,1,330;251;604;37;327;631
1,4078,4315,1,0,0,6,3,189;92;445;204;472;536
0,4065,4124,1,0,0,6,0,189;105;458;217;485;549
1,4124,4339,1,0,0,6,3,52;46;399;158;426;490
0,4099,4149,1,0,0,6,0,52;71;424;183;451;515
1,4196,4253,1,0,0,5,1,36;327;86;354;418
0,4191,4271,1,0,0,5,0,36;332;91;359;423
0,5375,5429,1,0,0,9,0,97;373;314;144;499;879;539;739;937
1,5394,5463,1,0,0,10,2,78;373;299;125;480;860;520;720;918;417
1,5361,5414,1,0,0,9,1,110;373;332;146;513;893;553;753;951
0,5369,5425,1,0,0,9,0,103;373;314;146;505;885;545;745;943
1,5306,5379,1,0,0,10,1,110;15;373;24;387;213;568;948;608;808
1,5349,5421,1,16,0,8,1,110;373;344;170;525;905;565;765
1,5241,5532,1,0,0,9,6,110;80;602;89;452;278;633;1013;673
1,5251,5456,1,0,0,9,4,110;70;382;79;442;268;623;1003;663
1,5573,5646,1,0,0,10,1,81;41;301;681;341;541;739;238;506;583
1,5630,5689,1,0,0,10,1,81;41;244;624;284;484;682;181;449;526
1,5489,5564,1,0,0,9,1,313;122;30;385;765;425;625;823;322
1,5546,5800,1,0,0,10,8,297;41;328;708;368;568;766;265;533;610
1,5450,5662,1,0,0,10,5,22;325;243;69;424;804;464;664;862;361
1,5451,5509,1,0,0,10,3,21;325;122;68;423;803;463;663;861;360
0,5405,5465,1,0,0,10,0,67;373;252;114;469;849;509;709;907;406
1,5412,5475,1,0,0,10,3,60;373;252;107;462;842;502;702;900;399
1,4908,5170,1,0,0,9,5,83;39;79;217;564;413;935;422;785
1,4886,4955,1,0,0,9,3,99;39;101;240;586;435;957;444;807
1,4879,4943,1,0,0,9,3,99;39;108;256;593;442;964;451;814
1,4875,5152,1,0,0,9,6,116;39;112;260;597;446;968;455;818
1,4816,5048,1,0,0,8,7,131;99;171;319;656;505;1020;514
1,4793,4877,1,0,0,8,1,131;99;194;342;679;528;1050;537
1,4790,5058,1,0,0,8,5,131;251;197;345;682;531;1053;540
1,4755,4827,1,15,0,8,2,131;255;232;380;717;566;1088;575
0,5221,5291,1,0,0,9,0,110;100;622;109;472;298;653;1033;693
1,5182,5407,1,0,0,7,5,290;139;661;148;511;337;692
0,5017,5085,1,0,0,8,0,5;118;455;304;826;313;676;445
1,5002,5077,1,0,0,8,1,5;133;470;319;841;328;691;468
1,5000,5065,1,15,0,8,1,5;135;472;321;843;330;693;519
1,4987,5072,1,0,0,10,4,4;17;0;148;485;334;856;343;706;532
1,4977,5054,1,0,0,10,4,14;39;10;158;495;344;866;353;716;542
1,4933,4983,1,0,0,9,1,58;39;54;202;539;388;910;397;760
1,6197,6259,1,0,0,5,1,57;115;100;228;614
0,6203,6271,1,0,0,5,0,36;109;94;228;608
1,6203,6279,1,0,0,5,1,36;109;94;228;608
1,6210,6286,1,0,0,5,1,36;102;87;228;570
1,6044,6269,1,0,0,8,4,133;70;268;35;112;253;102;447
0,6131,6182,1,0,0,7,0,123;181;25;166;15;360;680
1,6139,6433,1,0,0,7,2,115;173;17;158;7;352;672
0,6183,6255,1,0,0,5,0,71;129;114;228;628
1,6386,6652,1,0,0,3,2,105;344;542
1,6427,6669,1,0,0,3,2,64;340;501
0,6436,6518,1,0,0,3,0,55;320;492
1,6438,6514,1,0,0,3,2,53;320;490
1,6293,6587,1,0,0,4,2,19;4;198;518
0,6359,6447,1,0,0,2,0,132;452
0,6362,6433,1,0,0,2,0,129;449
1,6383,6634,1,0,0,3,2,108;428;545
1,5809,5885,1,0,0,11,1,34;65;445;105;305;503;2;270;347;488;337
1,5760,5985,1,0,0,9,5,57;114;494;154;354;552;51;319;396
1,5871,5940,1,0,0,10,1,3;383;43;243;441;208;285;426;275;620
0,5861,5921,1,0,0,10,0,13;393;53;253;451;218;295;436;285;630
1,5682,5733,1,0,0,10,1,81;11;137;572;232;432;630;129;397;474
1,5669,5937,1,0,0,10,6,81;20;205;585;245;445;643;142;410;487
0,5749,5814,1,0,0,9,0,57;117;505;165;365;563;62;330;407
1,5690,5754,1,0,0,10,1,81;3;117;564;224;424;622;121;389;466
1,5986,6235,1,0,0,8,5,268;128;326;93;170;311;160;505
0,5924,5984,1,0,0,8,0,330;151;388;155;232;373;222;567
0,6034,6099,1,0,0,8,0,133;80;278;45;122;263;112;457
0,6003,6072,1,0,0,8,0,133;111;309;76;153;294;143;488
0,5882,5938,1,0,0,9,0,372;32;232;430;197;263;415;264;609
0,5876,5935,1,0,0,9,0,378;38;238;436;203;263;421;270;615
0,5921,5994,1,0,0,8,0,333;151;391;158;235;376;225;570
1,5912,5996,1,0,0,9,1,342;2;202;400;167;244;385;234;579
1,15036,15120,1,0,0,3,1,254;257;661
1,14977,15039,1,0,0,3,1,313;316;720
1,15065,15145,1,0,0,4,1,225;180;632;576
1,15048,15134,1,0,0,4,1,242;180;649;642
1,14863,14939,1,0,0,5,1,94;427;97;430;834
1,14773,14823,1,0,0,5,1,125;458;4;187;520
1,14912,14993,1,16,0,5,1,45;378;48;381;785
0,14884,14945,1,0,0,5,0,71;406;76;409;813
1,14695,14778,1,0,0,4,1,125;595;64;265
1,14644,14716,1,0,0,4,1,125;646;133;316
0,14760,14824,1,0,0,5,0,125;458;6;200;533
1,14738,14970,1,0,0,5,3,125;552;6;222;555
1,14632,14857,1,0,0,4,2,262;658;145;328
0,14603,14653,1,0,0,4,0,262;687;174;357
0,14637,14708,1,0,0,4,0,125;653;140;323
0,14634,14721,1,0,0,4,0,125;656;143;326
1,14430,14493,1,0,0,8,2,14;14;2;30;527;860;347;530
1,14474,14751,1,0,0,4,4,483;816;303;486
0,14515,14582,1,0,0,4,0,262;775;262;445
0,14539,14628,1,0,0,4,0,262;751;238;421
1,14332,14402,1,0,0,10,1,90;17;112;92;22;80;128;625;958;445
1,14379,14429,1,0,0,10,1,65;17;65;53;16;33;81;578;911;398
0,14400,14468,1,0,0,9,0,38;10;44;32;12;60;557;890;377
0,14413,14471,1,0,0,7,0,31;31;19;47;544;877;364
1,14221,14509,1,0,0,12,4,46;90;3;18;27;223;211;174;191;239;736;1069
1,14224,14519,1,0,0,12,3,43;90;0;18;24;220;208;22;188;236;733;1066
0,14261,14319,1,0,0,11,0,6;90;18;183;92;22;151;199;696;1029;516
1,14328,14384,1,0,0,10,1,90;18;116;92;22;84;132;629;962;449
1,14156,14221,1,0,0,12,1,111;90;68;254;92;288;262;239;256;304;801;1134
1,14168,14438,1,0,0,12,9,99;90;35;242;80;276;262;227;244;292;789;1122
1,14178,14470,1,0,0,12,6,89;90;28;232;70;266;254;217;234;282;779;1112
0,14206,14259,1,0,0,12,0,61;90;18;18;42;238;226;189;206;254;751;1084
1,14131,14181,1,0,0,11,1,136;90;93;279;117;313;301;264;281;329;826
1,14099,14360,1,0,0,11,10,146;345;125;311;149;345;333;296;313;361;858
1,14003,14067,1,0,0,10,2,146;390;221;407;88;245;441;429;392;409
1,13985,14266,1,0,0,12,9,13;282;1;390;239;425;106;263;459;447;410;427
1,13973,14057,1,0,0,12,2,25;294;13;471;251;437;118;275;471;459;422;439
0,13969,14053,1,0,0,12,0,29;298;17;475;255;441;122;279;475;463;426;443
1,13935,14004,1,0,0,12,2,63;332;51;509;289;475;156;313;509;497;460;477
1,13895,13975,1,0,0,13,2,103;6;372;91;549;329;515;196;353;549;537;500;517
1,13790,13856,1,0,0,14,1,97;208;111;477;196;654;434;620;301;458;654;642;605;622
1,13769,13992,1,0,0,14,10,118;229;132;498;217;675;455;641;322;479;675;663;626;643
1,13747,13833,1,0,0,14,2,140;251;154;520;239;697;477;663;344;501;697;685;648;665
1,13687,13766,1,0,0,13,1,14;53;200;311;214;580;299;757;537;723;404;561;757
1,13646,13704,1,0,0,14,1,5;55;94;241;334;255;621;340;798;578;764;445;602;798
1,13631,13712,1,0,0,13,2,5;70;109;256;367;270;636;355;813;593;779;460;617
1,13617,13671,1,0,0,12,1,15;84;123;270;381;284;650;369;827;607;793;474
0,13559,13611,1,0,0,11,0,15;142;181;328;439;342;708;427;885;665;851
1,13504,13559,1,0,0,11,1,15;43;197;236;383;494;397;763;482;940;720
0,13511,13568,1,0,0,11,0,15;36;190;229;376;453;390;756;475;933;713
0,13447,13509,1,0,0,11,0,221;34;20;100;254;293;440;551;454;820;539
1,13448,13716,1,0,0,11,7,220;33;19;99;253;292;439;550;453;819;538
0,13221,13274,1,0,0,12,0,99;78;447;260;118;326;126;205;480;519;666;736
1,13252,13329,1,0,0,13,3,68;47;416;229;118;295;95;174;449;488;635;736;649
1,13199,13288,1,0,0,13,1,0;121;100;469;282;118;348;148;227;502;541;688;799
0,13202,13276,1,15,0,12,0,118;97;466;279;118;345;145;224;499;538;685;736
1,13149,13383,1,0,0,13,6,50;171;150;519;332;318;386;169;277;552;591;738;849
1,13168,13377,1,0,0,13,8,31;152;131;500;313;118;379;169;258;533;572;719;830
0,13122,13188,1,0,0,12,0,77;198;177;546;359;345;386;225;304;579;618;765
1,13139,13210,1,0,0,13,2,60;181;160;529;342;328;386;208;287;562;601;748;859
1,13047,13117,1,0,0,12,4,152;273;252;621;434;420;386;300;379;654;693;840
0,13113,13173,1,0,0,12,0,86;207;186;555;368;354;386;234;313;588;627;774
0,12994,13054,1,0,0,11,0,205;326;305;674;487;473;386;353;432;707;746
1,12997,13086,1,0,0,11,5,202;323;302;671;484;470;386;350;429;704;743
1,16583,16816,1,0,0,9,5,0;144;0;80;266;713;201;496;858
1,16579,16797,1,0,0,9,3,4;148;4;80;451;717;205;500;862
1,16628,16895,1,0,0,7,5,39;80;266;668;156;451;774
1,16606,16674,1,0,0,7,1,39;80;266;690;178;473;835
1,16723,16926,1,0,0,8,3,4;42;266;573;61;356;718;484
1,16633,16694,1,0,0,7,1,36;80;266;663;151;446;774
0,16760,16816,1,0,0,9,0,5;266;431;24;319;681;447;743;766
1,16749,16988,1,0,0,8,3,16;266;547;35;330;692;458;754
1,16470,16698,1,0,0,9,6,113;19;257;113;295;102;560;826;314
0,16463,16527,1,0,0,9,0,120;26;264;120;302;109;567;833;321
1,16481,16563,1,0,0,9,2,80;8;246;102;284;91;549;815;303
0,16472,16544,1,0,0,9,0,80;17;255;111;293;100;558;824;312
0,16505,16571,1,0,0,9,0,78;165;78;80;67;525;791;279;574
1,16492,16743,1,0,0,9,5,80;165;91;273;80;538;804;292;587
0,16520,16594,1,0,0,10,0,36;165;63;80;52;510;776;264;559;921
1,16516,16603,1,0,0,9,2,67;165;67;80;56;514;780;268;563
1,16204,16263,1,0,0,7,1,113;333;285;523;379;561;368
0,16282,16343,1,0,0,8,0,35;301;207;445;301;483;290;748
0,16285,16336,1,0,0,8,0,32;298;204;442;298;480;287;745
0,16297,16373,1,0,0,8,0,20;286;192;430;286;468;275;733
0,16312,16367,1,0,0,8,0,5;271;177;415;271;453;260;718
0,16358,16423,1,0,0,7,0,225;131;369;225;407;214;672
1,16423,16508,1,0,0,9,4,160;66;304;160;342;149;607;873;361
1,16428,16491,1,0,0,9,3,140;61;299;155;337;144;602;868;356
1,15989,16060,1,0,0,6,1,29;283;66;594;500;738
0,16005,16066,1,0,0,6,0,13;283;50;578;484;722
0,16021,16101,1,16,0,6,0,283;34;562;468;706;562
0,16029,16084,1,0,0,6,0,283;26;554;460;698;554
0,16081,16157,1,0,0,6,0,236;502;408;646;502;684
1,16109,16336,1,0,0,6,5,208;474;380;618;474;656
1,16148,16356,1,0,0,6,5,169;339;341;579;435;617
0,16199,16275,1,0,0,7,0,118;333;290;528;384;566;373
0,15773,15833,1,0,0,7,0,88;180;529;282;810;716;954
0,15768,15823,1,0,0,7,0,88;185;529;287;815;721;959
0,15726,15957,1,0,0,5,0,88;227;529;329;857
1,15706,15935,1,0,0,5,4,182;247;529;349;877
1,15987,16049,1,0,0,6,1,31;330;68;596;502;740
0,15975,16056,1,0,0,6,0,43;342;80;608;514;752
1,15901,15956,1,0,0,7,1,88;52;416;154;682;588;826
0,15860,15936,1,0,0,7,0,88;93;457;195;723;629;867
0,15561,15642,1,0,0,5,0,136;129;457;392;756
1,15466,15541,1,0,0,5,1,169;224;552;487;851
0,15419,15501,1,0,0,4,0,169;271;599;534
0,15407,15468,1,0,0,4,0,169;283;611;546
1,15681,15965,1,0,0,6,2,16;9;182;272;636;374
0,15639,15717,1,0,0,6,0,58;51;182;314;678;416
1,15610,15694,1,0,0,6,1,87;80;182;343;707;445
1,15576,15840,1,0,0,5,3,121;114;442;377;741
1,15336,15629,1,0,0,4,3,290;313;682;617
0,15338,15419,1,0,0,4,0,169;313;680;615
0,15319,15392,1,0,0,4,0,290;313;699;634
0,15320,15391,1,0,0,4,0,290;313;698;633
0,15380,15448,1,0,0,4,0,169;310;634;573
1,15383,15450,1,0,0,4,1,169;307;634;570
0,15344,15395,1,0,0,4,0,169;313;674;609
1,15362,15427,1,0,0,4,1,169;313;656;591
1,15179,15435,1,0,0,5,2,111;114;518;511;839
0,15249,15331,1,0,0,5,0,41;44;448;319;769
0,15096,15155,1,0,0,4,0,194;180;601;576
0,15174,15245,1,0,0,5,0,116;119;523;516;844
1,15303,15569,1,0,0,4,2,290;319;715;650
0,15307,15384,1,0,0,4,0,290;313;711;646
0,15274,15345,1,0,0,5,0,16;19;423;319;744
1,15290,15537,1,0,0,6,3,0;3;407;319;728;663
1,18675,18747,1,0,0,5,2,88;210;171;0;608
1,18707,18946,1,0,0,4,2,56;210;139;576
1,18722,18811,1,0,0,4,1,41;210;124;561
1,18788,18867,1,0,0,4,1,167;58;495;627
0,18546,18597,1,0,0,6,0,10;124;409;300;129;737
1,18636,18928,1,0,0,5,5,124;319;210;39;647
0,18654,18730,1,0,0,5,0,109;301;192;21;629
1,18661,18931,1,0,0,5,2,102;294;185;14;622
1,18949,19038,1,0,0,6,3,6;323;466;692;669;359
0,18950,19014,1,0,0,6,0,5;247;465;691;668;358
0,18952,19027,1,0,0,6,0,3;247;463;689;666;356
1,19011,19081,1,0,0,8,2,247;404;630;607;297;744;839;636
0,18802,18880,1,0,0,4,0,131;44;481;613
1,18875,19095,1,0,0,4,3,80;408;540;766
1,18922,18990,1,0,0,6,3,33;361;493;719;696;386
0,18945,19026,1,0,0,6,0,10;323;470;696;673;363
0,18061,18132,1,0,0,10,0,20;474;341;213;702;69;409;894;785;614
1,18041,18109,1,0,0,10,1,20;504;361;233;722;89;429;914;805;634
1,18088,18171,1,0,0,10,1,20;450;314;186;675;42;382;867;758;587
1,18067,18350,1,0,0,10,5,20;474;335;207;696;63;403;888;779;608
1,18022,18222,1,0,0,10,2,314;534;380;252;741;108;448;933;824;653
0,17952,18019,1,0,0,12,0,14;2;338;604;450;322;811;178;518;1003;894;723
1,18034,18114,1,0,0,10,3,41;504;368;240;729;96;436;921;812;641
1,18027,18325,1,0,0,10,8,309;504;375;247;736;103;443;928;819;648
0,18370,18457,1,0,0,7,0,186;32;373;100;585;476;305
1,18269,18534,1,0,0,9,4,17;213;133;5;494;201;686;577;406
1,18508,18794,1,0,0,5,4,48;255;447;338;167
0,18486,18561,1,0,0,5,0,70;277;469;360;189
1,18145,18349,1,0,0,9,4,20;411;257;129;618;325;810;701;506
0,18143,18194,1,0,0,9,0,20;413;259;131;620;327;812;703;506
1,18251,18309,1,0,0,9,1,20;213;151;23;512;219;704;595;424
1,18145,18400,1,0,0,9,5,20;219;257;129;618;325;810;701;506
1,17549,17817,1,0,0,12,11,132;373;417;405;364;787;979;380;853;394;725;1214
1,17573,17632,1,0,0,12,1,132;340;393;381;340;763;979;356;829;370;701;1190
1,17542,17628,1,0,0,11,2,206;380;424;412;371;794;996;387;860;401;732
1,17546,17610,1,0,0,11,2,132;376;420;408;367;790;996;383;856;397;728
1,17532,17582,1,0,0,11,3,216;390;434;422;381;804;1024;397;870;411;742
1,17533,17612,1,0,0,11,2,215;383;433;421;380;803;1023;396;869;410;741
1,17432,17504,1,0,0,13,2,9;71;94;292;490;534;522;481;904;1124;497;970;511
1,17487,17556,1,0,0,12,3,16;39;261;421;479;467;426;849;1068;442;915;456
1,17731,17788,1,16,0,12,2,17;188;235;223;182;453;825;198;671;212;543;1032
1,17848,18135,1,0,0,15,9,74;118;106;65;453;708;81;554;95;426;915;282;622;1107;998
1,17704,17784,1,0,0,12,2,25;218;262;250;209;453;852;225;698;239;570;1059
1,17728,17979,1,0,0,12,8,20;194;238;226;185;453;828;201;674;215;546;1035
1,17650,17727,1,0,0,12,2,98;272;316;304;263;453;906;279;752;293;624;1113
0,17694,17767,1,0,0,12,0,25;228;272;260;219;453;862;235;708;249;580;1069
1,17605,17658,1,0,0,12,1,132;317;361;349;308;731;951;324;797;338;669;1158
1,17627,17892,1,0,0,12,5,121;295;339;327;286;709;929;302;775;316;647;1136
1,17144,17222,1,0,0,8,3,152;283;63;359;382;200;604;778
1,17125,17181,1,0,0,8,1,171;316;82;378;401;219;623;797
0,17028,17084,1,0,0,9,0,2;228;51;413;179;475;498;316;720
1,16997,17057,1,0,0,9,1,33;228;82;435;210;506;529;347;751
1,16988,17040,1,0,0,9,1,42;228;91;453;219;515;538;356;760
1,16921,17005,1,15,0,8,1,109;228;158;520;286;582;605;423
1,16895,17183,1,0,0,8,7,135;401;184;546;312;608;631;449
1,16847,16909,1,0,0,8,3,183;431;232;594;360;656;679;497
1,17432,17700,1,0,0,13,9,9;71;94;292;490;534;522;481;904;1068;497;970;511
1,17414,17499,1,0,0,13,2,27;89;112;334;508;552;540;499;922;1142;515;988;529
1,17315,17395,1,0,0,8,1,126;188;211;29;433;607;651;639
1,17250,17321,1,15,0,8,1,46;191;253;276;94;436;672;716
1,17244,17331,1,0,0,8,1,52;197;259;282;100;504;678;722
0,17241,17296,1,0,0,8,0,55;200;262;285;103;507;681;725
1,17185,17240,1,0,0,8,1,65;256;15;318;341;159;563;737
1,17158,17450,1,0,0,8,7,138;283;15;345;368;186;590;764
1,20426,20650,1,0,0,11,4,234;11;211;270;288;382;311;759;350;645;825
0,20453,20516,1,0,0,10,0,207;184;65;261;355;284;732;323;618;798
1,20546,20842,1,0,0,11,7,114;91;65;168;262;191;639;230;525;705;530
1,20550,20616,1,0,0,11,1,110;87;64;164;258;187;635;226;521;701;526
0,20579,20642,1,0,0,12,0,81;58;64;135;229;158;606;197;492;637;497;845
1,20605,20857,1,0,0,12,9,55;32;64;109;203;132;580;171;466;637;471;819
1,20610,20685,1,0,0,12,2,50;24;64;104;198;127;575;166;461;637;466;814
1,20666,20942,1,0,0,10,7,30;48;142;71;519;110;405;585;410;758
1,20678,20755,1,0,0,10,1,18;36;54;59;507;98;393;573;398;746
1,20685,20968,1,0,0,11,4,11;29;54;52;500;91;326;566;391;739;908
0,20693,20762,1,0,0,11,0,3;21;54;44;255;83;326;558;383;731;900
1,20762,21004,1,0,0,10,5,46;255;14;309;489;314;662;831;928;436
1,20769,20836,1,0,0,10,1,39;251;7;302;482;307;655;824;921;429
0,20855,20927,1,0,0,8,0,251;216;396;221;569;738;835;343
1,20858,21082,1,0,0,8,5,251;213;393;218;566;735;832;340
1,20861,20937,1,0,0,8,1,251;210;390;215;563;732;829;337
1,19863,19931,1,0,0,9,2,362;1;204;144;213;352;388;797;574
1,19825,19898,1,15,0,10,3,25;400;1;242;182;251;390;426;835;612
1,19938,20221,1,0,0,10,8,287;1;129;69;138;262;313;722;499;699
1,19889,19970,1,0,0,9,2,336;1;178;118;187;326;362;771;548
1,20029,20096,1,0,0,9,2,34;38;47;186;222;631;408;608;667
1,19986,20054,1,16,0,10,2,34;1;81;21;90;229;265;674;451;651
1,20122,20184,1,0,0,9,1,34;93;129;538;315;515;574;592;686
1,20062,20124,1,0,0,11,2,34;5;14;153;184;598;375;575;634;652;746
1,20244,20320,1,0,0,8,3,7;416;193;393;452;470;564;493
1,20210,20275,1,0,0,10,2,15;5;41;450;227;427;486;504;598;527
1,20274,20338,1,0,0,8,1,317;133;363;422;440;534;463;911
1,20272,20533,1,0,0,8,7,388;133;365;424;442;536;465;913
1,20319,20391,1,0,0,9,4,317;118;318;366;395;489;418;866;457
1,20318,20405,1,0,0,9,1,317;119;319;378;396;490;419;867;458
1,20335,20416,1,0,0,10,1,317;86;302;361;379;473;402;850;441;736
0,20320,20391,1,0,0,9,0,317;86;317;366;394;488;417;865;456
1,19538,19820,1,0,0,14,9,103;80;217;312;109;53;687;449;283;247;529;469;538;677
1,19544,19616,1,0,0,14,2,97;74;200;306;103;47;681;443;277;241;523;463;532;671
1,19470,19551,1,0,0,10,3,171;148;263;380;177;121;755;517;351;315
0,19490,19559,1,0,0,12,0,151;128;236;360;157;101;735;497;331;295;577;517
1,19611,19671,1,0,0,14,2,30;7;144;142;36;492;376;210;174;456;396;465;604;640
1,19611,19664,1,0,0,14,1,30;7;144;142;21;492;376;210;174;456;396;465;604;640
1,19545,19775,1,0,0,14,7,96;45;200;305;102;46;680;442;276;240;522;462;531;670
1,19580,19827,1,0,0,15,6,61;38;175;142;67;11;645;407;241;205;487;427;496;635;671
1,19696,19753,1,0,0,11,1,59;127;492;291;125;89;348;311;380;519;555
1,19702,19760,1,0,0,11,2,53;103;492;285;119;83;348;305;374;513;549
1,19646,19733,1,0,0,12,1,109;142;1;492;341;175;139;421;361;430;569;605
1,19660,19725,1,0,0,11,2,95;142;492;327;161;125;348;347;416;555;591
1,19788,20003,1,0,0,11,7,62;437;199;33;279;212;288;427;463;872;649
1,19807,19887,1,0,0,11,3,43;418;1;14;260;200;269;408;444;853;630
1,19709,19780,1,0,0,11,2,46;103;486;278;112;76;348;298;367;506;542
1,19762,19833,1,0,0,11,3,88;463;225;59;23;305;237;314;453;489;898
0,19102,19180,1,0,0,10,0,181;313;539;516;206;643;748;545;489;365
1,19054,19136,1,0,0,8,2,229;335;587;564;239;679;796;593
1,19045,19106,1,0,0,8,2,238;370;596;573;239;679;805;602
1,19036,19097,1,0,0,8,2,247;379;605;582;272;679;814;611
1,19249,19303,1,0,0,12,3,30;164;392;369;59;506;601;398;342;218;976;738
1,19200,19477,1,0,0,11,6,30;215;441;418;108;555;650;447;391;267;1025
1,19179,19450,1,0,0,11,9,104;236;462;439;129;576;671;468;412;288;1046
0,19143,19193,1,0,0,10,0,140;272;498;475;165;612;707;504;448;324
1,19312,19542,1,0,0,10,5,90;329;306;443;538;335;279;155;913;675
1,19301,19366,1,0,0,11,3,101;340;317;7;454;549;346;290;166;924;686
1,19295,19496,1,0,0,11,5,120;346;323;13;460;555;352;296;172;930;692
1,19255,19459,1,0,0,12,10,28;123;386;363;53;500;595;392;336;212;970;732
1,19457,19543,1,0,0,11,3,184;161;286;393;190;134;10;768;530;364;328
1,19435,19511,1,0,0,11,3,206;183;320;415;212;156;32;790;552;386;350
0,19402,19472,1,0,0,11,0,13;239;216;353;448;245;189;65;823;585;419
1,19357,19429,1,0,0,10,3,58;284;261;398;493;290;234;110;868;630
0,7807,7862,1,0,0,6,0,114;295;411;418;233;499
1,7835,7908,1,0,0,6,1,86;295;383;390;205;471
1,7737,8020,1,0,0,7,4,184;571;481;488;49;303;569
0,7763,7819,1,0,0,7,0,158;295;455;462;23;277;543
0,7660,7713,1,0,0,8,0,10;261;648;536;565;126;380;646
0,7686,7764,1,0,0,7,0,235;622;532;539;100;354;620
0,7634,7701,1,0,0,8,0,36;287;674;584;591;152;406;672
1,7646,7702,1,0,0,8,2,24;275;662;572;579;140;394;660
0,7610,7686,1,0,0,8,0,60;311;698;608;615;176;430;696
0,7622,7672,1,0,0,8,0,48;299;686;596;603;164;418;684
0,7569,7624,1,0,0,8,0,101;352;739;649;656;217;471;737
0,7586,7675,1,0,0,8,0,84;335;722;632;639;200;454;720
0,7552,7630,1,0,0,8,0,118;369;756;666;673;234;488;754
0,7559,7645,1,16,0,8,0,111;362;749;659;666;227;481;747
0,7507,7583,1,0,0,8,0,2;163;16;414;801;711;718;279
0,7536,7593,1,0,0,8,0,134;385;772;682;689;250;504;770
0,8260,8314,1,0,0,6,0,42;46;333;65;484;510
1,8248,8308,1,0,0,6,1,57;58;345;77;496;522
1,8233,8298,1,0,0,6,1,73;73;346;92;511;537
1,8223,8457,1,0,0,7,3,85;2;83;346;102;521;547
1,8202,8285,1,0,0,8,1,106;16;23;104;391;123;542;568
0,8111,8190,1,0,0,8,0,197;92;114;195;468;214;633;659
1,8092,8158,1,0,0,8,2,216;121;133;214;468;233;652;678
1,8074,8141,1,0,0,8,1,234;121;151;232;519;251;670;696
1,8053,8116,1,0,0,7,2,255;165;172;253;540;272;691
0,8035,8100,1,0,0,8,0,273;183;190;5;271;558;290;709
0,7950,8019,1,0,0,8,0,277;217;275;90;356;643;375;794
1,7939,8023,1,0,0,7,2,277;269;286;101;367;654;386
1,7886,8159,1,0,0,8,5,25;295;269;339;154;420;707;439
0,7870,7922,1,0,0,8,0,25;295;269;355;170;436;723;455
1,7842,8127,1,0,0,7,3,25;295;376;383;198;464;751
0,7841,7929,1,0,0,7,0,25;295;377;384;199;465;752
1,7012,7063,1,0,0,9,1,377;497;252;386;337;101;338;658;511
1,7030,7086,1,15,0,9,1,359;479;234;368;319;83;320;640;493
1,7056,7106,1,0,0,9,1,333;453;208;342;293;57;294;614;440
1,7110,7192,1,0,0,9,2,279;399;154;288;239;3;240;560;413
0,6886,6957,1,0,0,8,0,42;435;623;378;512;463;227;464
0,6890,6960,1,0,0,8,0,38;435;619;374;508;459;223;460
1,6950,7010,1,0,0,9,1,435;559;314;448;399;163;400;720;573
1,6973,7028,1,0,0,9,1,416;536;291;411;376;140;377;697;550
1,6643,6861,1,0,0,7,3,168;285;746;866;621;755;706
0,6710,6768,1,0,0,8,0,101;218;553;799;554;688;639;403
1,6753,6990,1,0,0,8,3,58;175;553;756;511;645;596;360
0,6864,6925,1,0,0,8,0,64;435;645;400;534;485;249;486
1,6460,6511,1,0,0,3,1,31;301;468
0,6468,6526,1,0,0,3,0,23;301;448
1,6520,6787,1,0,0,3,3,291;408;869
1,6597,6675,1,0,0,7,1,214;331;792;912;667;801;752
1,7392,7687,1,0,0,8,5,117;6;253;131;529;916;826;833
0,7387,7464,1,0,0,9,0,2;122;10;253;136;534;921;831;838
1,7436,7683,1,0,0,8,4,73;234;87;485;872;782;789;350
1,7413,7465,1,0,0,8,1,96;253;110;508;895;805;812;373
1,7307,7391,1,0,0,9,3,82;202;91;42;43;363;216;614;1001
0,7249,7303,1,0,0,10,0,140;245;15;149;100;101;421;274;672;1059
1,7350,7603,1,0,0,8,2,39;159;10;0;320;173;571;958
1,7322,7539,1,0,0,9,3,67;187;76;1;28;348;201;599;986
1,7212,7298,1,0,0,8,2,177;274;52;158;137;138;458;311
1,7211,7263,1,0,0,8,1,178;289;53;158;138;139;459;312
1,7238,7473,1,0,0,10,3,151;247;26;156;111;112;432;285;683;1070
1,7220,7303,1,0,0,8,2,169;247;44;158;129;130;450;303
1,7119,7193,1,0,0,8,2,270;289;145;279;230;231;551;404
1,7115,7366,1,0,0,8,5,274;328;149;283;234;235;555;408
1,7207,7276,1,0,0,8,1,182;289;57;191;142;143;463;316
1,7170,7251,1,0,0,8,1,219;289;94;228;173;180;500;353
1,9289,9542,1,0,0,4,1,0;400;8;648
0,9293,9346,1,0,0,3,0,400;2;644
1,9269,9501,1,0,0,4,2,20;512;8;668
0,9278,9335,1,0,0,4,0,11;400;8;659
0,9310,9376,1,0,0,3,0,400;2;627
0,9351,9440,1,0,0,3,0,400;2;586
0,9295,9367,1,0,0,3,0,400;2;642
0,9304,9365,1,0,0,3,0,400;2;633
0,9161,9217,1,0,0,4,0,37;620;259;761
0,9166,9254,1,0,0,4,0,37;615;254;761
1,9123,9360,1,0,0,4,3,20;166;658;297
1,9153,9238,1,0,0,4,1,37;628;267;784
0,9186,9401,1,0,0,4,0,37;595;8;751
1,9208,9260,1,0,0,4,1,37;573;8;729
1,9170,9423,1,0,0,4,1,37;611;250;761
0,9185,9271,1,0,0,4,0,37;596;8;752
1,9568,9641,1,0,0,4,1,192;290;418;679
0,9564,9628,1,0,0,4,0,192;290;422;683
1,9529,9772,1,0,0,5,2,192;307;457;17;718
1,9490,9759,1,0,0,5,3,193;307;496;56;757
1,9727,9781,1,0,0,8,2,54;210;259;520;1053;689;271;560
1,9612,9677,1,0,0,5,1,169;290;374;612;1168
0,9580,9648,1,0,0,4,0,192;290;406;612
0,9574,9629,1,0,0,4,0,192;290;412;612
1,9437,9490,1,0,0,3,1,193;500;549
1,9387,9651,1,0,0,3,2,394;2;550
0,9369,9433,1,0,0,3,0,400;2;568
1,9357,9441,1,0,0,3,1,400;2;580
1,9484,9709,1,16,0,5,2,193;336;502;62;763
1,9465,9530,1,0,0,4,1,193;342;521;81
1,9461,9521,1,0,0,4,1,193;356;525;85
1,9452,9684,1,0,0,4,3,193;477;534;94
0,8428,8506,1,0,0,4,0,37;175;342;712
1,8428,8631,1,0,0,4,1,37;175;342;712
1,8472,8703,1,0,0,5,2,24;175;298;671;650
1,8530,8618,1,0,0,5,1,24;175;156;613;592
1,8548,8608,1,0,0,5,1,6;175;156;595;574
1,8622,8857,1,0,0,5,3,122;148;521;500;667
1,8674,8752,1,0,0,5,1,70;96;469;448;615
1,8705,8764,1,16,0,6,1,38;65;438;417;584;1076
1,8280,8570,1,0,0,6,1,28;26;313;45;464;490
0,8295,8360,1,0,0,6,0,13;11;298;30;236;475
0,8314,8364,1,0,0,4,0,279;11;236;456
1,8314,8369,1,0,0,4,1,279;11;236;456
0,8335,8403,1,0,0,3,0,258;175;435
1,8380,8457,1,0,0,4,1,213;175;390;763
1,8381,8440,1,0,0,4,1,212;175;389;717
1,8406,8703,1,0,0,4,2,187;175;364;712
1,8987,9059,1,0,0,5,1,156;135;302;794;433
0,8932,9014,1,0,0,5,0,211;187;357;849;466
1,9032,9103,1,0,0,5,1,111;90;257;749;384
1,9016,9069,1,0,0,5,1,127;106;273;765;404
1,9060,9125,1,0,0,5,1,83;62;229;712;360
1,9039,9126,1,0,0,5,1,104;66;250;742;381
0,9118,9358,1,0,0,5,0,25;4;171;663;302
1,9081,9153,1,0,0,5,1,62;41;208;700;334
1,8749,8983,1,0,0,5,3,21;394;373;540;1032
1,8715,8917,1,0,0,6,2,29;55;420;407;574;1066
0,8792,8869,1,0,0,4,0,351;187;497;989
1,8769,9015,1,0,0,5,3,1;368;353;520;1012
1,8848,9064,1,0,0,5,2,295;187;441;933;572
0,8798,8853,1,0,0,4,0,345;187;491;983
1,8928,8984,1,0,0,5,1,215;187;361;853;492
1,8884,8938,1,0,0,5,1,259;187;405;897;536
0,10923,10990,1,0,0,10,0,116;221;312;223;266;342;80;306;973;400
0,10907,10966,1,0,0,10,0,132;231;328;239;282;358;96;322;989;416
1,10884,10955,1,0,0,10,2,155;231;351;262;305;381;119;345;1012;439
0,10842,10896,1,0,0,8,0,197;231;393;304;347;423;161;387
1,10827,11092,1,0,0,8,5,212;254;408;319;362;438;176;402
0,10813,10900,1,0,0,7,0,226;254;422;333;376;452;190
1,10768,10838,1,0,0,8,1,12;271;254;467;378;421;497;235
1,10689,10924,1,0,0,8,3,91;299;429;546;457;500;576;303
1,11082,11165,1,0,0,8,1,1;153;62;107;183;147;814;241
1,11017,11295,1,16,0,9,2,18;1;218;72;172;248;212;879;306
1,11007,11084,1,0,0,9,1,32;1;228;96;182;258;222;889;316
1,11007,11087,1,0,0,9,2,32;1;228;72;182;258;222;889;316
1,10983,11042,1,0,0,10,1,56;1;252;96;206;282;20;246;913;340
1,10955,11009,1,0,0,10,2,84;1;280;96;234;310;48;274;941;368
1,10933,11154,1,0,0,10,1,106;1;302;213;256;332;70;296;963;390
1,10923,11162,1,0,0,10,2,116;221;312;223;266;342;80;306;973;400
1,11186,11265,1,0,0,8,1,49;3;78;43;710;137;370;696
1,11211,11263,1,0,0,7,1,24;54;18;685;112;345;671
1,11151,11400,1,0,0,7,4,84;38;93;78;745;172;405
1,11169,11240,1,0,0,7,1,66;20;91;60;727;154;387
1,11131,11411,1,0,0,9,4,1;104;15;58;134;98;765;192;425
1,11132,11344,1,0,0,9,4,1;103;14;57;117;97;764;191;424
0,11102,11164,1,0,0,8,0,1;133;39;87;163;127;794;221
1,11106,11175,1,0,0,8,1,1;129;39;83;159;123;790;217
1,11343,11395,1,0,0,6,1,553;181;539;665;594;628
1,11381,11624,1,0,0,7,6,515;175;501;627;556;590;731
1,11298,11387,1,0,0,5,1,598;25;186;584;710
0,11334,11404,1,0,0,6,0,562;181;548;674;603;637
1,11289,11378,1,0,0,4,1,607;34;267;593
1,11295,11371,1,0,0,4,1,601;28;186;587
1,11229,11299,1,0,0,7,1,6;36;0;667;64;327;653
0,11289,11360,1,0,0,4,0,607;34;186;593
1,9886,9970,1,0,0,8,2,51;100;361;894;530;112;401;476
0,9877,9965,1,0,0,8,0,60;109;370;903;539;121;410;485
1,9939,10012,1,0,0,8,1,32;308;841;477;59;348;423;510
1,9903,9981,1,0,0,8,2,34;32;344;877;513;95;384;459
0,9741,9805,1,0,0,8,0,40;196;245;495;1003;675;257;546
1,9737,9796,1,0,0,8,1,44;200;249;510;1003;679;261;550
0,9868,9935,1,0,0,8,0,69;118;379;912;548;130;419;494
0,9833,9897,1,0,0,7,0,104;153;414;947;583;165;454
1,10159,10246,1,0,0,7,2,73;621;257;128;203;290;359
1,10155,10213,1,0,0,7,2,92;625;261;132;207;294;363
1,10219,10422,1,0,0,7,3,8;561;197;68;143;230;299
1,10208,10258,1,0,0,7,1,39;572;208;79;154;241;310
1,10031,10095,1,0,0,6,1,216;722;385;256;331;418
1,10010,10062,1,0,0,6,2,237;770;406;277;352;439
1,10037,10121,1,0,0,6,3,189;685;379;250;325;412
1,10033,10317,1,0,0,6,5,189;722;383;254;329;416
0,10402,10459,1,0,0,10,0,360;14;47;116;637;742;833;744;787;863
1,10433,10672,1,0,0,9,3,347;16;85;606;711;802;713;756;832
1,10441,10707,1,0,0,9,2,339;8;77;598;496;794;705;748;824
1,10454,10721,1,0,0,8,3,326;64;585;496;581;692;735;811
1,10235,10302,1,0,0,8,2,8;536;181;52;127;214;283;804
1,10310,10387,1,0,0,9,2,470;106;52;139;208;729;834;925;836
1,10357,10433,1,0,0,10,2,423;59;5;92;161;682;787;878;789;832
1,10387,10456,1,0,0,9,1,393;29;62;131;652;757;848;759;802
0,10572,10625,1,0,0,8,0,208;353;429;581;574;617;669;431
1,10602,10661,1,0,0,8,1,178;353;429;581;544;587;663;401
1,10685,10769,1,0,0,8,2,95;353;429;550;461;504;580;318
1,10687,10767,1,0,0,8,1,93;299;429;548;459;502;578;316
1,10514,10584,1,15,0,9,1,266;4;525;494;581;632;675;751;489
1,10516,10727,1,0,0,9,3,264;2;523;494;581;630;673;696;487
1,10560,10855,1,0,0,8,5,220;479;429;581;586;629;696;443
1,10568,10644,1,0,0,8,1,212;353;429;581;578;621;696;435
1,12281,12335,1,0,0,6,1,185;186;45;41;536;641
1,12258,12347,1,0,0,6,1,195;186;68;64;559;664
1,12234,12311,1,0,0,6,1,198;186;92;88;579;688
1,12214,12277,1,0,0,6,1,198;186;112;108;603;708
1,12435,12503,1,0,0,5,1,32;83;382;487;764
0,12418,12468,1,0,0,5,0,49;100;399;504;781
0,12398,12469,1,0,0,4,0,69;120;419;524
1,12326,12402,1,0,0,5,1,141;186;0;491;596
1,12497,12577,1,0,0,4,1,21;302;425;702
1,12496,12560,1,0,0,4,1,22;316;426;703
1,12468,12519,1,0,0,4,1,50;344;454;731
1,12438,12488,1,0,0,5,1,29;80;351;484;761
1,12579,12835,1,0,0,4,2,238;329;620;741
1,12579,12638,1,0,0,4,1,92;329;620;741
1,12559,12645,1,15,0,4,1,258;329;640;761
1,12531,12619,1,0,0,4,1,286;391;668;789
1,12756,12825,1,0,0,6,1,61;166;443;564;543;912
0,12775,12854,1,0,0,7,0,42;147;424;545;524;893;706
0,12602,12686,1,0,0,4,0,78;320;597;718
0,12649,12703,1,0,0,4,0,78;273;550;671
1,12794,13011,1,0,0,8,2,23;115;405;526;505;874;687;673
1,12804,12863,1,0,0,8,1,13;113;395;516;495;864;677;663
1,12776,12852,1,0,0,7,1,41;146;423;544;523;892;705
0,12792,12867,1,0,0,8,0,25;115;407;528;507;876;689;675
0,12884,12941,1,0,0,10,0,38;315;436;415;784;597;583;663;463;542
0,12905,12974,1,0,0,10,0,17;294;415;394;763;576;562;642;442;521
0,12850,12900,1,0,0,9,0,72;349;470;449;818;631;617;697;497
0,12860,12918,1,0,0,9,0,62;339;460;439;808;621;607;687;487
0,12955,13029,1,0,0,9,0,208;365;344;713;526;512;592;356;471
1,12989,13212,1,0,0,11,3,208;331;310;679;492;478;558;356;437;712;751
1,12930,12996,1,0,0,9,1,269;390;369;738;551;537;617;417;496
1,12936,13003,1,0,0,9,5,263;384;363;732;545;531;611;356;490
0,11437,11523,1,0,0,8,0,378;119;445;571;500;534;675;1030
1,11392,11453,1,0,0,7,1,378;164;490;616;545;579;720
1,11466,11691,1,0,0,8,7,279;90;416;542;471;505;646;1001
1,11441,11644,1,0,0,8,5,378;115;441;567;496;530;671;1026
1,11492,11731,1,0,0,8,4,252;64;390;516;445;479;620;975
0,11472,11552,1,0,0,8,0,252;84;410;536;465;499;640;995
0,11506,11568,1,15,0,9,0,249;50;158;502;431;465;606;961;323
1,11501,11718,1,0,0,9,8,252;55;158;507;436;470;611;966;328
1,11734,11819,1,16,0,11,1,111;148;274;203;237;378;733;95;784;304;476
1,11633,11878,1,0,0,10,9,249;158;375;304;338;479;834;196;885;405
1,11789,11841,1,0,0,11,1,86;93;219;148;182;323;678;40;729;249;421
1,11736,12015,1,0,0,11,10,111;146;272;201;235;376;707;93;782;302;474
1,11821,11908,1,0,0,11,1,72;61;187;59;150;291;646;8;697;217;389
1,11800,11884,1,0,0,11,2,72;82;208;137;171;312;667;29;718;238;410
1,11857,12132,1,0,0,11,8,39;25;151;59;114;255;610;661;181;353;469
0,11849,11926,1,0,0,11,0,47;33;159;59;122;263;618;669;189;361;477
1,11906,12176,1,0,0,9,5,41;31;65;206;561;612;132;304;420
1,11921,12122,1,0,0,9,3,41;16;50;120;546;597;117;289;405
1,11951,12021,1,0,0,9,2,41;20;43;516;567;87;259;375;371
0,11980,12061,1,0,0,8,0,11;43;487;538;58;230;346;342
1,11991,12275,1,0,0,8,5,11;43;476;527;47;219;335;331
0,11996,12060,1,0,0,8,0,11;43;201;522;42;214;330;326
1,12011,12216,1,0,0,7,4,43;201;507;27;199;315;311
0,12085,12162,1,0,0,7,0,27;201;433;125;241;237;732
1,12109,12349,1,0,0,8,5,3;201;409;101;217;213;708;813
0,12124,12178,1,0,0,7,0,201;186;86;202;198;693;798
1,12132,12212,1,0,0,7,1,201;186;78;194;190;685;790
1,12142,12227,1,0,0,7,1,201;186;68;184;180;628;780
0,12161,12222,1,0,0,7,0,201;186;49;165;161;628;724
1,12161,12403,1,0,0,7,1,201;186;49;165;161;628;724
1,12165,12215,1,0,0,7,1,198;186;45;161;157;628;724
0,12189,12254,1,0,0,7,0,198;186;21;137;111;628;724
1,28795,29024,1,15,0,8,3,12;244;225;208;344;256;283;672
1,28758,28826,1,0,0,8,1,12;281;262;245;381;293;320;709
1,28394,28660,1,0,0,6,2,63;207;242;450;645;626
1,28429,28480,1,0,0,6,1,28;207;207;415;441;591
1,28312,28601,1,16,0,8,3,65;47;343;53;324;37;532;727
0,28361,28442,1,0,0,7,0,65;207;4;275;483;678;659
1,28488,28551,1,0,0,7,2,18;119;356;441;532;515;651
0,28536,28596,1,0,0,7,0,18;100;308;441;484;467;603
1,28465,28523,1,0,0,5,1,190;171;379;441;555
1,28487,28757,1,15,0,7,6,168;119;357;441;533;516;652
1,28616,28693,1,0,0,8,1,18;20;228;423;404;387;523;435
0,28617,28668,1,0,0,8,0,18;19;227;422;403;386;500;434
1,28538,28601,1,0,0,7,2,18;98;306;441;482;465;601
1,28554,28627,1,0,0,8,1,18;82;290;441;466;449;585;497
1,28725,28968,1,0,0,8,6,119;314;295;278;408;326;353;742
1,28735,28821,1,0,0,8,2,12;304;285;268;404;316;343;732
1,28669,28740,1,0,0,6,1,175;370;351;334;470;382
1,28694,28756,1,0,0,7,1,150;345;326;309;445;357;384
1,23066,23280,1,0,0,11,2,94;161;28;154;282;172;81;192;529;553;754
1,23092,23372,1,16,0,11,7,94;135;28;128;256;146;55;166;503;527;728
1,23094,23161,1,0,0,11,3,94;133;17;126;254;144;53;164;501;525;726
1,23229,23302,1,0,0,6,2,119;9;29;366;390;591
1,22961,23047,1,0,0,12,1,19;137;266;263;259;387;277;116;297;634;658;859
1,22966,23261,1,0,0,12,6,14;137;214;258;254;382;272;116;292;629;653;854
0,22968,23022,1,0,0,12,0,12;94;214;256;252;380;270;116;290;627;651;852
1,23060,23319,1,0,0,11,7,94;167;164;160;288;178;87;198;535;559;760
1,23380,23463,1,0,0,7,1,75;236;440;584;832;816;921
1,23417,23473,1,0,0,7,2,75;202;403;547;752;779;884
0,23430,23494,1,0,0,7,0,75;178;390;534;752;766;871
1,23436,23508,1,0,0,7,2,75;178;384;528;752;760;865
1,23260,23502,1,0,0,5,2,86;335;359;560;704
0,23284,23366,1,0,0,5,0,64;311;236;536;680
1,23297,23570,1,0,0,5,3,51;298;236;523;667
1,23332,23567,1,0,0,6,2,16;75;236;488;632;880
0,23690,23753,1,0,0,6,0,11;274;522;506;611;545
1,23662,23745,1,0,0,6,1,11;302;550;534;639;573
0,23711,23784,1,0,0,6,0,11;253;492;485;590;524
1,23700,23770,1,0,0,6,1,11;264;512;496;601;535
1,23603,23892,1,0,0,7,6,16;217;361;609;593;698;632
1,23490,23724,1,0,0,7,4,75;129;330;474;722;706;811
0,23641,23711,1,0,0,6,0,11;323;571;555;660;594
0,23613,23667,1,0,0,7,0,6;11;351;599;583;688;622
0,23834,23916,1,0,0,6,0,130;378;362;467;401;914
1,23817,23885,1,0,0,7,1,3;147;395;379;484;418;931
1,23856,24096,1,0,0,6,4,108;170;340;445;379;892
1,23841,24093,1,0,0,6,5,123;371;355;460;394;907
1,23761,23829,1,0,0,6,1,11;203;451;435;540;474
1,23712,23771,1,0,0,6,1,11;252;492;484;589;523
0,23792,23846,1,0,0,6,0,11;172;420;404;509;443
1,23770,23849,1,0,0,6,1,11;194;442;426;531;465
1,24089,24142,1,0,0,10,2,109;107;212;146;659;541;552;565;483;464
1,24109,24192,1,0,0,11,2,79;87;192;126;639;521;532;545;463;444;736
1,24057,24354,1,0,0,10,9,155;139;244;178;687;573;584;597;515;496
0,24072,24130,1,0,0,10,0,109;124;229;163;676;558;569;582;500;481
0,23942,24000,1,0,0,10,0,22;170;227;359;293;806;688;699;664;630
1,24018,24071,1,0,0,10,1,170;178;283;217;730;612;623;636;554;535
1,23927,24009,1,0,0,10,1,37;170;227;374;308;821;703;714;727;645
0,23928,23996,1,0,0,10,0,36;170;227;373;307;820;702;713;664;644
1,24244,24311,1,0,0,9,1,57;330;242;397;410;328;309;601;470
1,24266,24498,1,0,0,9,6,35;288;242;375;388;306;287;579;448
1,24202,24478,1,0,0,11,3,10;99;33;389;428;439;452;370;351;643;512
1,24227,24524,1,0,0,10,7,74;8;330;403;414;427;345;326;618;487
0,24189,24249,1,0,0,12,0,23;7;112;46;559;441;452;465;383;364;656;525
1,24199,24454,1,0,0,11,3,13;102;36;549;431;442;455;373;354;646;515
0,24137,24366,1,0,0,11,0,75;59;164;98;611;493;504;517;435;416;708
1,24142,24199,1,0,0,11,3,70;54;159;93;606;488;499;512;430;411;703
1,24414,24497,1,0,0,9,1,276;168;227;240;158;139;431;300;460
1,24407,24458,1,0,0,9,1,288;168;234;247;165;146;438;307;460
1,24406,24477,1,0,0,9,1,288;168;235;248;166;147;439;308;479
1,24330,24408,1,0,0,9,1,288;168;311;324;242;223;515;384;555
0,24284,24346,1,0,0,9,0,17;288;168;357;350;288;269;561;430
0,24281,24347,1,0,0,9,0,20;288;168;360;350;291;272;564;433
1,24278,24332,1,0,0,9,2,23;288;168;363;376;294;275;567;436
0,24270,24353,1,0,0,9,0,31;288;168;371;384;302;283;575;444
1,24575,24644,1,0,0,9,1,173;40;66;79;270;139;310;777;543
1,24557,24637,1,0,0,10,3,191;73;84;97;15;288;157;328;795;561
1,24535,24759,1,0,0,10,4,213;95;106;119;37;18;310;179;350;817
1,24506,24589,1,0,0,10,4,242;124;135;148;66;47;339;208;379;846
1,24477,24767,1,0,0,10,3,271;136;164;177;88;76;368;237;400;875
1,24465,24552,1,0,0,9,5,276;165;176;189;88;88;380;249;400
1,24427,24489,1,0,0,9,1,276;168;214;227;88;126;418;287;430
1,24420,24491,1,0,0,9,1,276;168;221;234;152;133;425;294;430
1,20895,20955,1,0,0,9,1,251;176;335;181;529;698;795;303;512
0,20916,20968,1,0,0,9,0,251;155;335;160;508;677;774;265;491
1,20938,21022,1,0,0,9,1,247;133;313;138;486;655;752;260;469
1,20940,20996,1,0,0,9,2,245;131;311;136;484;653;750;227;467
0,21004,21071,1,0,0,9,0,181;67;247;72;420;589;686;194;403
1,21010,21096,1,0,0,9,3,175;61;241;66;414;583;680;188;397
1,21021,21109,1,0,0,9,3,138;50;230;55;403;572;669;177;386
1,21030,21114,1,0,0,9,1,121;41;221;46;394;563;660;168;377
0,21035,21111,1,0,0,9,0,121;36;216;41;389;558;655;163;312
1,21063,21120,1,0,0,9,1,121;8;188;13;361;530;627;135;312
0,21150,21213,1,0,0,10,0,35;101;274;443;540;48;257;364;820;814
1,21170,21402,1,0,0,10,4,15;81;254;423;520;28;237;344;800;794
1,21219,21438,1,0,0,9,5,32;36;374;471;188;295;751;745;802
0,21246,21311,1,0,0,10,0,5;36;261;444;161;268;724;718;775;664
1,21256,21311,1,0,0,9,1,36;261;434;151;258;714;708;765;654
0,21261,21317,1,0,0,9,0,36;261;429;146;253;709;703;760;610
1,21319,21369,1,0,0,11,1,36;156;371;88;195;651;645;702;591;476;810
1,21275,21561,1,0,0,10,7,36;261;415;132;239;695;689;746;610;520
1,21464,21544,1,0,0,11,1,129;226;50;506;500;557;446;331;665;774;801
1,21410,21498,1,0,0,11,1,14;156;280;104;560;554;611;500;385;719;828
0,21519,21595,1,0,0,12,0,74;171;451;445;502;391;276;610;719;746;1148;780
1,21496,21551,1,0,0,12,1,97;194;18;474;468;525;414;299;633;742;769;1171
1,21582,21666,1,0,0,13,1,11;51;388;382;439;328;213;547;656;683;1085;717;990
1,21566,21775,1,0,0,13,11,27;124;404;398;455;344;229;563;672;699;1101;733;1006
1,21649,21729,1,0,0,14,1,41;321;315;372;261;146;480;589;616;1018;650;923;674;933
0,21615,21689,1,0,0,13,0,51;355;349;406;295;180;514;623;650;1052;684;957;708
1,21706,21924,1,0,0,13,7,264;236;315;204;89;423;532;559;961;593;866;617;876
0,21666,21720,1,0,0,14,0,24;304;236;355;244;129;463;572;599;1001;633;906;657;916
0,21785,21841,1,0,0,13,0,185;179;236;125;10;344;453;480;882;514;787;538;797
1,21773,21860,1,0,0,13,1,197;191;248;137;22;356;465;492;894;526;799;550;809
1,21828,21898,1,0,0,12,1,142;136;193;82;301;410;437;839;471;744;495;754
1,21792,21843,1,0,0,13,1,178;172;229;118;3;337;446;473;875;507;780;531;790
1,22007,22288,1,15,0,12,6,14;122;231;258;660;292;565;316;575;290;272;610
1,22043,22129,1,0,0,12,2,86;195;222;450;256;529;280;539;254;236;574;730
1,21900,21989,1,0,0,13,2,70;64;121;10;229;338;365;767;399;672;423;682;397
0,21998,22049,1,0,0,12,0,23;131;240;267;669;301;574;325;584;299;281;619
1,22086,22138,1,0,0,12,1,43;76;179;450;213;486;237;496;211;193;531;687
1,22093,22382,1,0,0,12,8,36;76;172;450;206;479;230;489;201;186;524;680
0,22044,22122,1,0,0,12,0,85;194;221;450;255;528;279;538;217;235;573;729
1,22058,22312,1,0,0,12,7,71;180;207;450;241;514;265;524;217;221;559;715
1,22338,22420,1,0,0,8,2,241;234;244;279;435;307;642;859
1,22432,22494,1,0,0,9,1,235;140;150;185;341;213;548;765;795
1,22261,22504,1,0,0,12,7,4;406;38;311;62;321;36;18;356;512;384;719
1,22322,22397,1,0,0,9,2,258;250;1;260;295;451;323;658;875
1,22549,22618,1,0,0,11,1,118;23;33;68;224;96;431;648;678;675;671
1,22569,22822,1,0,0,11,5,83;3;13;48;204;76;411;628;658;655;651
1,22437,22489,1,0,0,9,1,230;135;124;180;336;208;543;760;790
1,22456,22514,1,0,0,9,1,211;116;119;161;317;189;524;741;771
0,22643,22700,1,0,0,11,0,24;130;2;337;554;584;581;577;705;595;504
1,22605,22682,1,16,0,9,2,52;12;144;40;375;592;622;619;615
1,22586,22666,1,0,0,9,1,53;31;144;59;394;611;641;638;634
1,22581,22634,1,0,0,10,1,83;1;36;144;64;399;616;646;643;639
1,22807,22861,1,0,0,9,1,173;390;420;417;413;541;431;340;451
0,22805,22858,1,0,0,9,0,175;392;422;419;415;543;433;342;453
1,22702,22760,1,0,0,9,1,71;278;495;525;522;518;646;536;445
0,22683,22759,1,0,0,9,0,90;297;514;544;541;537;665;555;464
1,22839,23090,1,0,0,9,5,141;358;388;385;381;509;399;308;393
1,22827,22889,1,0,0,9,1,153;370;400;397;393;521;411;320;420
0,22819,22878,1,0,0,9,0,161;378;408;405;401;529;419;328;420
1,22808,22864,1,0,0,9,1,172;389;419;416;412;540;430;339;440
1,22960,23033,1,0,0,12,1,20;137;267;264;260;387;278;187;298;635;659;860
1,22920,22974,1,0,0,12,2,60;137;307;304;300;428;318;227;338;675;699;900
1,22911,22999,1,0,0,12,3,69;138;316;313;309;437;327;236;347;684;708;909
1,22886,23135,1,0,0,11,6,94;247;341;338;334;462;352;261;372;709;733
1,26903,26976,1,0,0,12,1,117;90;173;505;221;327;33;230;396;274;529;569
1,26872,26955,1,0,0,12,2,117;121;204;559;252;358;64;261;427;305;560;600
1,26972,27049,1,0,0,12,2,49;21;104;459;152;258;136;327;205;460;500;641
1,26966,27039,1,0,0,11,1,55;27;110;465;158;264;167;333;211;466;506
1,26773,26835,1,0,0,12,3,70;248;220;303;658;351;457;163;355;526;404;659
1,26759,26832,1,0,0,13,1,10;84;262;234;317;672;365;471;177;374;540;418;673
1,26850,27101,1,0,0,12,8,147;143;226;581;274;380;86;283;449;327;582;622
1,26839,27074,1,16,0,13,6,4;182;154;237;592;285;391;97;294;460;338;593;633
1,26679,26905,1,0,0,13,7,90;148;342;314;397;752;445;551;257;454;620;498;753
1,26582,26641,1,0,0,13,2,121;148;80;439;411;494;849;542;648;354;518;717;595
1,26711,26762,1,0,0,13,4,58;121;310;282;365;720;413;519;225;422;588;466;721
1,26683,26748,1,0,0,13,3,86;141;338;310;393;748;441;547;253;450;616;494;749
0,26503,26564,1,0,0,12,0,2;121;148;159;518;490;573;928;621;727;433;630
1,26499,26717,1,0,0,12,3,6;121;333;163;522;494;577;932;625;731;437;634
1,26560,26625,1,0,0,13,1,121;148;102;461;433;516;871;564;670;376;559;739;617
1,26512,26601,1,0,0,11,1,121;148;150;509;481;564;919;612;718;424;621
0,27324,27399,1,0,0,5,0,67;108;148;289;959
1,27325,27388,1,0,0,5,2,67;107;147;288;958
1,27345,27407,1,0,0,7,1,67;87;127;268;938;1112;1014
0,27378,27443,1,0,0,8,0,53;30;94;235;905;1079;981;857
0,27168,27237,1,0,0,7,0,222;19;131;9;264;304;445
1,27213,27499,1,0,0,6,1,218;17;86;219;259;400
0,27249,27314,1,0,0,5,0,67;50;183;223;364
0,27259,27343,1,0,0,5,0,67;40;173;213;354
1,27092,27171,1,15,0,9,2,224;32;107;41;207;85;340;380;521
1,27122,27353,1,0,0,9,4,224;2;89;11;177;55;310;350;491
1,27138,27225,1,0,0,7,2,224;42;161;39;294;334;475
1,27151,27231,1,0,0,7,1,224;19;148;26;281;321;462
1,27010,27240,1,0,0,11,4,11;66;421;114;220;123;289;167;422;462;603
1,27030,27115,1,0,0,10,1,46;401;94;108;103;269;147;402;442;583
1,27031,27241,1,0,0,10,4,45;400;93;108;66;268;146;401;441;582
1,27087,27290,1,0,0,9,5,344;37;107;46;212;90;345;385;526
1,27840,28075,1,0,0,11,10,267;617;519;395;411;315;332;815;525;451;796
0,27836,27893,1,0,0,11,0,267;621;523;399;415;319;336;819;529;455;800
1,27795,27866,1,0,0,10,1,267;662;564;440;456;360;377;860;570;496
0,27779,27844,1,0,0,10,0,267;678;580;456;472;376;393;876;586;512
0,27746,27799,1,16,0,10,0,267;711;613;489;505;409;426;909;619;545
1,27738,28019,1,0,0,10,9,516;719;621;497;513;417;434;917;627;553
0,27642,27709,1,0,0,7,0,516;815;717;593;609;513;530
0,27636,27697,1,0,0,7,0,516;821;723;599;615;519;536
0,27629,27684,1,0,0,7,0,516;828;730;606;622;526;543
1,27595,27858,1,0,0,8,6,18;688;862;764;640;656;560;577
0,27544,27605,1,0,0,7,0,69;694;913;815;691;707;611
1,27539,27615,1,0,0,7,1,74;744;918;820;696;712;616
0,27504,27578,1,0,0,7,0,109;779;953;855;731;747;651
0,27499,27572,1,0,0,7,0,114;784;958;860;736;752;656
0,27455,27509,1,0,0,7,0,17;158;828;1002;904;780;796
1,27411,27468,1,0,0,8,1,20;21;61;202;872;1046;948;824
1,28274,28347,1,0,0,10,1,9;80;85;381;91;17;362;75;570;765
1,28305,28581,1,0,0,8,6,80;54;350;60;331;44;539;734
1,28211,28278,1,0,0,12,1,35;80;148;24;40;444;154;80;425;138;633;828
1,28253,28315,1,0,0,10,1,30;80;106;402;112;38;383;96;591;786
1,28191,28248,1,0,0,11,3,35;132;168;44;60;464;174;100;445;158;653
1,28193,28453,1,0,0,11,6,35;132;166;42;58;444;172;98;443;156;651
0,28109,28161,1,0,0,13,0,35;348;250;126;142;46;63;546;256;182;527;240;735
1,28158,28411,1,0,0,12,6,35;299;201;77;93;14;497;207;133;478;191;686
0,28059,28124,1,0,0,13,0,185;398;300;176;192;96;113;596;306;232;577;290;785
1,28076,28280,1,0,0,13,8,185;381;283;159;175;79;96;579;289;215;560;273;768
1,28024,28075,1,0,0,13,1,220;433;335;211;227;131;148;631;341;267;612;325;820
1,28051,28312,1,0,0,13,10,220;406;308;184;200;102;121;604;314;240;585;298;793
1,27955,28044,1,0,0,13,3,220;502;404;280;296;200;217;678;410;336;681;394;889
0,27992,28047,1,0,0,13,0,220;465;367;243;259;163;180;663;373;299;644;357;852
0,27908,27982,1,0,0,12,0,220;549;451;327;343;247;264;747;457;383;728;441
1,27951,28033,1,0,0,13,3,220;506;408;284;300;204;221;704;414;340;685;398;893
1,24777,24849,1,0,0,8,1,68;108;575;341;828;611;701;449
0,24755,24834,1,0,0,8,0,90;120;597;363;850;633;723;471
1,24794,24883,1,0,0,8,1,51;87;558;324;811;594;684;432
0,24783,24861,1,0,0,8,0,62;87;569;335;822;605;695;443
1,24828,24910,1,0,0,8,1,17;57;524;163;777;560;599;398
1,24824,25033,1,0,0,8,2,21;61;528;294;781;564;599;402
1,24867,24926,1,0,0,7,1,18;485;163;738;434;599;359
1,24862,25075,1,0,0,7,2,23;490;163;743;526;599;364
1,24595,24667,1,0,0,9,3,39;35;46;59;250;119;290;757;523
1,24587,24832,1,0,0,9,4,161;40;54;67;258;127;290;765;531
1,24618,24672,1,0,0,9,3,39;2;23;22;227;96;267;734;500
1,24600,24672,1,0,0,9,2,39;2;41;54;245;114;285;752;518
1,24647,24712,1,0,0,8,1,39;7;198;67;124;705;471;958
1,24626,24872,1,0,0,9,2,39;1;15;22;219;88;259;726;492
0,24727,24781,1,0,0,8,0,21;118;120;625;391;878;661;751
1,24684,24951,1,0,0,7,4,39;161;30;124;668;434;921
0,25096,25178,1,0,0,9,0,132;22;306;292;382;130;600;523;839
0,25138,25191,1,0,0,8,0,132;306;250;340;88;558;481;797
1,25160,25222,1,0,0,8,1,132;306;228;318;66;536;459;775
1,25182,25269,1,0,0,8,1,132;297;206;296;44;514;437;753
1,25215,25294,1,0,0,8,2,132;297;173;263;11;429;404;720
1,25278,25557,1,0,0,8,5,74;297;108;200;418;341;657;886
1,25302,25584,1,0,0,8,6,50;170;86;176;394;317;633;862
1,25324,25382,1,0,0,8,2,28;105;64;154;372;295;611;840
1,24903,24955,1,0,0,7,2,449;163;684;434;575;323;793
1,24958,25026,1,0,0,7,2,394;160;647;430;520;268;738
1,24974,25033,1,0,0,7,2,378;136;631;414;504;252;722
1,24994,25255,1,0,0,7,5,358;113;611;394;484;232;702
0,24999,25076,1,0,0,7,0,132;113;606;389;479;227;697
0,25027,25108,1,0,0,7,0,132;91;578;361;451;199;669
0,25034,25090,1,0,0,8,0,132;84;571;354;444;192;662;585
1,25077,25309,1,0,0,9,6,132;41;528;311;401;149;619;542;858
1,25765,25843,1,0,0,5,1,143;399;244;404;740
0,25749,25800,1,0,0,5,0,143;415;260;420;756
1,25715,25930,1,0,0,5,3,143;449;294;454;790
1,25705,25781,1,0,0,5,1,164;459;304;464;800
1,26001,26053,1,0,0,5,1,163;8;91;504;768
0,25979,26061,1,0,0,5,0,185;30;91;526;790
1,25964,26262,1,0,0,5,3,200;45;205;541;805
0,25844,25920,1,0,0,6,0,91;320;165;325;661;925
1,25420,25486,1,0,0,6,1,83;58;276;199;515;744
1,25384,25610,1,0,0,7,5,105;4;94;312;235;551;780
1,25360,25609,1,0,0,7,3,105;28;118;336;259;575;804
1,25341,25392,1,0,0,8,2,11;105;47;137;355;278;594;823
0,25615,25669,1,0,0,7,0,79;4;164;549;394;554;890
1,25604,25691,1,0,0,8,3,1;92;15;164;560;405;565;901
1,25559,25848,1,0,0,7,4,46;137;60;376;605;450;610
0,25540,25622,1,0,0,7,0,65;156;79;395;624;469;629
0,26277,26329,1,0,0,6,0,228;492;566;385;744;716
1,26280,26359,1,0,0,6,1,225;489;563;382;741;713
0,26161,26242,1,0,0,4,0,3;8;344;552
1,26197,26250,1,0,0,2,1,308;552
1,26395,26629,1,0,0,8,5,110;374;448;267;626;598;681;1036
1,26428,26685,1,0,0,9,6,77;341;333;234;593;565;648;1003;696
1,26297,26348,1,0,0,6,1,208;472;546;332;724;696
1,26303,26380,1,0,0,6,1,202;459;540;332;718;690
0,26053,26125,1,0,0,4,0,111;88;452;716
0,26088,26149,1,0,0,4,0,76;81;417;681
0,26006,26067,1,0,0,5,0,158;3;88;499;763
0,26032,26119,1,0,0,4,0,132;88;473;737
1,26111,26346,1,0,0,4,3,53;58;394;658
1,26157,26220,1,0,0,4,1,7;11;348;612
0,26100,26180,1,0,0,4,0,64;69;405;669
0,26105,26176,1,0,0,4,0,59;64;400;664
333
22300,23197,264.56,10
22359,23227,52.33,10
22489,23224,147.19,10
22536,23220,0.00,9
22608,23348,177.53,10
22624,23238,0.00,8
22636,23147,71.69,9
22728,23258,70.79,9
21596,22323,0.00,11
21646,22582,104.19,10
21837,22297,48.12,9
21959,22279,0.00,10
21963,22617,0.00,11
22025,22773,60.65,11
22173,22645,9.45,9
22187,22980,0.00,9
21270,21795,0.00,10
21245,21910,116.03,11
21384,22238,104.89,10
21298,22129,0.00,8
21467,22667,457.27,9
21443,22265,162.10,9
21535,22572,0.00,10
21498,22299,0.00,8
20707,21690,73.05,10
20684,21593,218.46,10
20881,21407,65.30,9
20725,21198,110.97,11
21141,21970,0.00,10
21102,21514,115.91,11
21184,22021,50.88,8
21142,21964,108.20,8
20271,21185,329.69,9
20280,20776,0.00,8
20049,20808,88.03,9
20200,20737,0.00,10
20513,21076,0.00,10
20566,21424,218.41,11
20333,21071,67.51,10
20386,21251,119.87,9
19560,20251,81.65,11
19759,20660,103.38,10
19491,20076,0.00,9
19508,20215,64.61,9
20008,20696,287.27,11
20041,20714,44.93,8
19782,20437,92.39,8
19902,20637,8.63,8
19233,19987,198.59,10
19176,20225,415.93,11
19101,19467,0.00,10
19073,19591,0.00,9
19489,20007,86.90,9
19488,20067,73.19,8
19419,19785,0.00,10
19387,19821,0.00,8
18897,19618,29.56,9
18859,19641,0.00,9
18728,19415,171.97,9
18545,19283,215.38,9
18998,19647,18.83,8
18994,19850,241.63,11
18985,19755,217.61,8
18904,19308,33.54,8
17825,18470,0.00,10
17845,18955,137.34,11
17848,18846,42.43,10
17902,18675,81.57,8
17402,17943,0.00,9
17493,18274,0.00,10
17548,18763,292.21,8
17765,18130,0.00,9
17363,18336,663.92,10
17385,18556,384.30,8
17391,17929,43.14,9
17394,18402,0.00,9
17046,17922,171.99,10
17222,17966,0.00,9
17254,17954,0.00,8
17339,17913,0.00,11
16752,17526,74.45,8
16743,17503,26.95,9
16922,17748,258.89,8
16818,17344,0.00,10
16491,17079,0.00,8
16419,16784,0.00,11
16686,17207,48.42,8
16518,17441,152.94,8
16165,16572,0.00,11
16055,16765,202.66,9
16413,17296,394.11,8
16228,17030,211.52,11
15743,16489,0.00,10
15700,16583,246.38,11
16012,16583,0.00,11
15750,16727,189.65,11
15423,16317,189.88,11
15604,16055,0.00,10
15133,16018,426.85,9
15277,15953,0.00,11
14844,15697,262.28,9
15040,15690,286.22,11
14416,14960,42.99,10
14711,15293,77.89,10
14135,15290,160.77,10
14235,14777,127.98,8
14030,14460,29.41,11
14047,14957,382.44,8
13699,14432,156.45,8
13717,14412,0.00,10
13634,14444,41.89,10
13699,14395,152.39,10
13625,14248,0.00,11
13578,14091,0.00,9
13533,14410,215.68,9
13480,14224,99.86,11
13462,14444,364.54,11
13386,13986,0.00,9
13312,14267,136.38,8
13231,13901,0.00,10
13128,13998,238.15,11
13044,13887,19.55,8
12978,13740,0.00,9
12965,13701,0.00,10
12865,13426,0.00,9
12832,13347,100.35,11
12816,13547,172.81,9
12781,13467,200.87,10
11375,12112,169.43,11
11314,11971,0.00,9
11496,11829,0.00,8
11402,12467,318.21,8
11631,12038,0.00,9
11542,12518,223.14,11
11822,12326,0.00,8
11665,12210,0.00,10
12061,12817,366.80,11
11938,12322,46.17,9
12404,13199,125.84,9
12094,12922,185.89,9
12713,13299,0.00,10
12531,13320,50.34,10
12764,13481,0.00,10
12752,13668,215.42,8
9913,10449,0.00,10
10073,10518,0.00,10
10228,11039,224.59,11
10279,11144,701.68,10
10280,11235,213.82,8
10307,11146,226.23,8
10313,11189,0.00,10
10402,11265,156.07,10
10498,11003,79.62,8
10814,11229,0.00,11
10874,11896,467.66,8
10882,11323,50.62,8
11122,11556,103.60,11
11185,11882,258.51,10
11296,12008,140.81,10
11310,11937,78.90,8
8454,9122,207.71,8
8348,9143,178.49,9
8071,8770,142.70,10
7943,8744,321.98,8
9134,9937,247.68,8
8807,9420,341.26,10
8683,9781,345.56,9
8581,9289,129.00,9
9582,10780,235.28,9
9475,10247,213.45,9
9451,9546,0.00,9
9405,9986,68.68,10
9842,10362,0.00,9
9718,10287,41.32,8
9675,9998,0.00,11
9672,10416,0.00,10
6548,7349,99.22,10
6683,7113,0.00,8
6540,7264,0.00,9
6543,7398,160.65,10
6920,7523,63.65,9
7227,7921,61.26,11
6769,7350,0.00,10
6908,7670,100.42,10
7367,8225,0.00,8
7413,7786,0.00,11
7227,8308,338.30,9
7355,8218,269.02,8
7837,8593,278.19,10
7869,8325,0.00,8
7513,8040,0.00,8
7519,8306,0.00,10
5361,6312,0.00,8
5258,6114,51.32,8
5531,6079,0.00,8
5383,5811,0.00,11
5134,5874,168.27,11
4973,5519,99.63,11
5208,5914,0.00,11
5188,6254,182.67,10
6377,6928,21.00,10
6064,6811,196.70,8
6534,7509,154.19,10
6497,7389,352.93,10
5774,6297,0.00,11
5539,6156,22.87,11
5849,6491,164.29,11
5790,6146,0.00,11
3896,4550,73.23,9
4023,4614,0.00,11
4210,4734,0.00,10
4263,4991,278.84,8
3404,4170,88.16,9
3682,4523,0.00,10
3751,3999,49.56,9
3867,4282,56.16,11
4609,5321,0.00,8
4636,5843,559.51,11
4707,5330,0.00,11
4857,5693,317.57,9
4271,5041,345.52,9
4302,4987,0.00,11
4356,5135,67.43,11
4535,5472,180.35,10
2370,3006,158.06,10
2172,2840,162.50,11
2119,2931,297.22,8
2072,2837,56.51,11
2071,2618,185.23,8
2010,2713,307.52,9
1958,2934,57.21,11
1936,2293,0.00,10
3373,4323,411.32,11
3345,3866,88.37,11
3104,3854,303.98,10
2919,3584,251.64,10
2830,3486,81.40,10
2661,3110,36.41,10
2604,3228,0.00,9
2475,3426,349.62,9
1103,1833,0.00,10
1258,1910,63.98,11
973,1677,0.00,9
986,1400,0.00,11
830,1901,603.51,11
900,1562,0.00,9
669,1411,0.00,8
675,1613,0.00,9
1813,2807,244.07,10
1861,2280,78.04,10
1686,2362,84.83,11
1700,2090,0.00,11
1634,2331,138.35,8
1662,2335,274.26,11
1336,2005,303.26,8
1357,1960,200.05,9
565,1328,110.21,9
579,1096,106.05,11
509,1447,0.00,11
555,1105,0.00,11
474,1400,121.26,11
480,1133,0.00,9
319,1046,76.00,11
343,1220,229.08,11
98,705,198.39,10
257,927,241.65,8
6,505,146.58,10
28681,29078,0.00,8
28725,29467,0.00,8
26432,27230,201.24,8
26435,26936,0.00,11
26388,27431,371.32,8
26400,27124,0.00,8
26246,26993,76.19,8
26385,27076,0.00,11
26234,26662,50.75,10
26234,27021,144.24,8
27275,28283,721.01,11
27340,28457,234.99,9
26819,27472,8.01,11
26969,27613,0.00,10
26555,27177,0.00,11
26589,27432,57.78,11
26465,27133,213.03,10
26537,27299,0.00,11
27728,28291,0.00,8
27695,28365,0.00,8
27664,28655,371.08,11
27562,28172,0.00,11
27498,28155,29.31,8
27438,28251,0.00,9
27349,28235,0.00,9
27342,28359,0.00,10
28554,29051,0.00,9
28485,29139,91.75,11
28481,29003,0.00,10
28337,29020,267.99,10
28197,29039,259.36,9
27928,28844,118.83,10
27870,28349,0.00,10
27811,28636,66.68,11
23321,24212,462.80,9
23339,24196,145.76,11
23372,24301,0.00,11
23510,24235,0.00,11
22868,23595,223.21,9
22880,23619,193.62,11
22888,23820,206.02,10
23231,23964,0.00,10
23892,24572,64.15,11
23967,24553,0.00,8
24099,24845,0.00,11
24180,24714,33.54,11
23812,24748,487.88,11
23880,24630,379.08,11
23881,24641,0.00,10
23891,24654,122.07,9
24716,25478,102.52,8
24706,25388,157.52,9
24882,25696,137.19,10
24733,25226,0.00,11
24466,25352,246.02,9
24323,24885,285.07,10
24636,25605,535.42,9
24546,25118,178.70,11
25590,26505,0.00,9
25537,26169,164.69,8
26200,26843,327.88,10
25828,26769,368.84,8
25036,25935,233.56,8
25034,25619,0.00,9
25438,26009,56.86,9
25265,26164,0.00,8
