1001
0,24270,24353,1,15,0,9,0,31;478;360;198;384;291;283;476;444
1,24266,24498,1,0,0,9,7,35;482;364;198;388;291;287;550;448
1,24244,24311,1,0,0,9,1,57;504;386;198;410;328;309;550;470
1,24227,24524,1,0,16,10,7,74;8;521;401;198;427;345;326;618;487
1,24330,24408,1,0,0,9,1,418;300;198;324;242;223;476;384;555
0,24284,24346,1,0,0,9,0,17;464;346;198;370;288;244;476;430
0,24281,24347,1,0,0,9,0,20;467;349;198;373;291;244;476;433
1,24278,24332,1,0,0,9,4,23;470;352;198;376;291;275;476;436
1,24137,24366,1,0,0,11,1,75;59;164;98;611;401;504;517;405;416;708
1,24109,24192,1,0,0,11,2,103;87;192;126;632;401;532;545;463;444;736
1,24089,24142,1,0,0,10,2,123;103;212;146;659;401;552;565;483;464
1,24072,24130,1,0,0,10,1,140;124;229;163;668;401;569;582;500;481
1,24202,24478,1,0,0,11,3,10;81;33;546;401;257;452;370;351;643;512
1,24199,24454,1,0,0,11,2,13;81;36;549;401;442;455;373;354;646;515
1,24189,24249,1,0,0,12,1,23;7;81;46;559;401;452;465;383;364;656;525
1,24142,24199,1,0,0,11,3,70;54;81;93;606;401;499;512;405;411;703
1,24575,24644,1,0,0,9,1,173;55;66;79;270;99;310;764;543
1,24587,24832,1,0,0,9,3,161;43;54;67;258;99;290;764;531
1,24535,24759,1,0,0,10,5,213;95;106;119;37;18;310;179;350;764
1,24557,24637,1,0,0,10,5,191;73;84;97;15;288;157;328;764;561
1,24618,24672,1,0,0,9,4,130;2;23;36;227;96;267;641;500
1,24626,24872,1,0,0,9,2,122;2;15;28;219;88;259;641;492
1,24595,24667,1,0,0,9,5,153;35;46;59;250;99;290;641;523
1,24600,24672,1,0,0,9,5,148;30;41;54;245;99;285;641;518
1,24414,24497,1,0,0,9,1,334;216;168;240;158;139;431;300;460
0,24420,24491,1,0,0,9,0,328;210;168;234;152;133;425;294;430
1,24406,24477,1,0,0,9,1,342;224;198;248;166;147;439;308;479
1,24407,24458,1,0,0,9,1,341;223;198;247;165;146;438;307;460
1,24477,24767,1,0,0,10,3,271;153;164;177;95;76;351;237;400;875
1,24506,24589,1,0,0,10,5,242;124;135;148;66;47;339;208;379;764
1,24427,24489,1,0,0,9,1,321;203;168;227;145;126;418;287;430
1,24465,24552,1,0,0,9,6,283;165;168;189;107;88;380;249;400
0,23430,23494,1,0,0,7,0,165;189;390;534;752;728;871
1,23417,23473,1,0,0,7,2,178;202;403;547;752;779;884
1,23490,23724,1,0,0,7,3,105;129;330;474;722;691;811
1,23436,23508,1,0,0,7,2,159;183;384;528;752;728;865
0,23613,23667,1,0,0,7,0,6;207;351;582;583;627;622
1,23603,23892,1,0,0,7,4,16;217;361;609;593;627;632
1,23662,23745,1,0,0,6,3,158;302;550;534;627;573
0,23641,23711,1,0,0,6,0,179;323;571;555;627;594
1,23094,23161,1,0,0,11,2,103;133;130;126;254;144;53;164;495;316;593
1,23092,23372,1,0,0,11,5,105;135;132;128;256;146;55;166;503;316;593
1,23260,23502,1,0,0,5,1,88;333;316;560;704
1,23229,23302,1,0,0,6,2,119;9;29;366;316;591
1,23297,23570,1,0,0,5,3,51;298;316;421;667
0,23284,23366,1,0,0,5,0,64;311;316;421;680
1,23380,23463,1,0,0,7,2,215;239;421;583;832;816;921
1,23332,23567,1,0,0,6,2,16;263;287;421;583;880
0,23834,23916,1,0,0,6,0,122;378;362;467;401;914
1,23841,24093,1,0,0,6,5,122;371;355;460;394;907
1,23856,24096,1,0,0,6,4,108;356;340;445;379;668
1,23927,24009,1,0,0,10,1,37;285;269;374;177;668;703;714;727;645
1,23928,23996,1,0,0,10,2,36;284;268;373;177;668;702;713;664;644
1,23942,24000,1,0,0,10,2,22;270;254;322;177;668;688;699;664;630
1,24018,24071,1,0,0,10,1,194;178;283;177;668;612;623;636;554;535
1,24057,24354,1,0,0,10,6,155;139;244;177;668;573;584;597;515;496
0,23690,23753,1,0,0,6,0,130;274;522;506;611;545
1,23700,23770,1,0,0,6,2,120;264;512;496;601;535
0,23711,23784,1,0,0,6,0,109;247;501;485;590;524
1,23712,23771,1,0,15,6,2,108;247;500;484;589;523
1,23761,23829,1,0,0,6,3,59;203;451;435;540;474
1,23770,23849,1,0,0,6,2,50;194;442;426;530;465
0,23792,23846,1,0,0,6,0,28;172;420;404;509;443
1,23817,23885,1,0,0,7,2,3;147;395;379;484;418;931
0,26100,26180,1,0,0,4,0,64;59;405;669
1,26088,26149,1,0,0,4,2,76;81;417;681
0,26053,26125,1,0,0,4,0,111;116;452;704
0,26032,26119,1,0,0,4,0,132;137;473;704
0,26006,26067,1,0,0,5,0,158;3;163;499;704
1,26001,26053,1,0,0,5,2,163;8;168;504;732
0,25979,26061,1,0,0,5,0,185;30;190;526;732
1,25964,26262,1,0,0,5,3,200;45;205;541;805
1,25844,25920,1,0,0,6,1,91;320;165;325;586;925
1,25765,25843,1,0,0,5,1,170;399;244;337;586
1,25749,25800,1,0,0,5,1,186;415;260;337;586
1,25715,25930,1,0,0,5,4,220;449;294;337;790
0,25705,25781,1,0,0,5,0,230;459;304;337;800
0,25615,25669,1,0,0,7,0,81;4;320;549;343;337;890
1,25604,25691,1,16,0,8,1,1;92;15;331;560;405;337;901
1,25559,25848,1,0,0,7,4,46;137;60;374;605;450;610
1,26560,26625,1,0,0,13,2,209;199;461;102;433;516;871;564;670;376;559;739;617
1,26582,26641,1,0,0,13,3,187;199;439;80;411;494;849;542;648;354;518;717;595
1,26503,26564,1,0,0,12,1,2;266;199;518;159;490;573;890;600;727;433;630
1,26512,26601,1,0,0,11,2,250;199;509;150;481;564;890;600;718;424;621
1,26428,26685,1,0,0,9,6,77;341;415;593;234;565;648;890;696
1,26499,26717,1,0,0,12,2,6;270;199;522;163;494;577;890;625;731;437;634
1,26303,26380,1,0,0,6,1,202;459;540;718;332;690
1,26395,26629,1,0,0,8,6,110;374;448;626;267;598;681;1036
1,26280,26359,1,0,16,6,2,210;489;563;741;382;713
1,26297,26348,1,0,0,6,1,208;472;546;724;332;696
1,26197,26250,1,0,0,2,1,308;572
1,26277,26329,1,0,0,6,1,228;492;566;744;385;716
1,26157,26220,1,0,0,4,1,1;12;348;612
0,26161,26242,1,0,0,4,0,1;8;344;577
0,26105,26176,1,0,0,4,0,59;59;400;664
1,26111,26346,1,0,0,4,3,53;58;394;658
1,24974,25033,1,0,0,7,1,378;144;631;414;504;224;722
1,24958,25026,1,0,0,7,1,394;160;647;430;520;224;738
1,24999,25076,1,0,0,7,1,353;119;606;389;479;224;494
1,24994,25255,1,0,0,7,4,358;124;611;394;481;224;702
1,24862,25075,1,0,0,7,3,23;490;222;694;526;589;364
1,24828,24910,1,0,0,8,1,17;57;524;290;694;560;589;398
1,24903,24955,1,0,0,7,1,449;215;694;485;575;224;793
0,24867,24926,1,0,0,7,0,18;485;222;694;521;589;224
1,24783,24861,1,0,0,8,1,62;102;569;335;694;605;695;443
0,24777,24849,1,0,0,8,0,68;108;575;341;694;611;701;449
1,24824,25033,1,0,0,8,3,21;61;528;294;694;564;599;402
1,24794,24883,1,0,0,8,2,51;91;558;324;694;594;684;432
1,24684,24951,1,0,0,7,4,64;161;30;201;581;434;921
1,24647,24712,1,0,0,8,3,101;7;198;67;238;581;471;958
1,24755,24834,1,0,0,8,1,90;130;581;363;694;633;723;471
0,24727,24781,1,0,0,8,0,21;118;158;581;391;694;661;751
1,25360,25609,1,0,0,7,4,245;28;118;336;259;575;680
1,25384,25610,1,0,0,7,3,221;4;94;312;235;374;680
1,25420,25486,1,0,0,6,1,185;58;276;199;374;677
1,25540,25622,1,0,0,7,1,65;156;79;374;624;469;629
1,25278,25557,1,0,0,8,5,74;327;110;200;418;341;657;886
1,25302,25584,1,0,0,8,7,50;303;86;176;394;317;633;817
1,25324,25382,1,0,0,8,2,28;281;64;154;372;295;611;680
1,25341,25392,1,0,0,8,2,11;264;47;137;355;278;594;680
0,25138,25191,1,0,0,8,0,214;467;250;340;88;494;481;781
0,25160,25222,1,0,0,8,0,192;445;228;318;66;494;459;775
1,25182,25269,1,0,0,8,1,170;423;206;296;44;494;437;753
1,25215,25294,1,0,0,8,4,137;390;173;263;11;481;404;720
1,25027,25108,1,0,0,7,1,325;91;572;361;451;199;494
0,25034,25090,1,0,0,8,0,318;84;517;354;444;192;494;585
1,25077,25309,1,0,0,9,7,275;41;517;311;401;149;494;542;858
0,25096,25178,1,0,0,9,0,256;22;509;292;382;130;494;523;781
0,27629,27684,1,0,0,7,0,654;748;730;606;622;526;543
0,27636,27697,1,0,0,7,0,647;748;723;599;615;519;536
1,27544,27605,1,0,0,7,1,58;694;913;815;691;707;611
1,27595,27858,1,0,0,8,7,18;688;862;764;640;656;560;577
1,27746,27799,1,0,0,10,1,537;711;613;489;315;409;426;909;619;545
0,27779,27844,1,0,0,10,0,504;678;580;456;315;376;393;876;586;512
0,27642,27709,1,0,0,7,0,641;748;717;593;609;513;530
1,27738,28019,1,0,0,10,9,545;719;621;497;513;417;434;917;627;553
1,27840,28075,1,0,0,11,9,443;591;519;395;315;315;332;815;525;451;796
0,27908,27982,1,0,0,12,0,375;549;451;327;315;247;264;747;379;383;728;441
1,27795,27866,1,0,0,10,1,488;662;564;440;315;360;377;860;570;496
1,27836,27893,1,0,0,11,1,447;621;523;399;315;319;336;819;529;455;800
1,27992,28047,1,0,0,13,2,291;465;367;243;259;163;180;663;373;299;625;357;852
1,28024,28075,1,0,0,13,1,259;433;335;211;227;131;148;620;341;267;612;325;820
1,27951,28033,1,0,0,13,5,332;506;408;284;300;204;221;704;379;340;685;398;893
1,27955,28044,1,0,0,13,5,328;502;404;280;296;200;217;700;379;336;626;394;889
1,28109,28161,1,0,0,13,1,174;348;250;126;142;46;63;415;256;182;527;240;676
1,28076,28280,1,0,0,13,8,207;381;283;159;175;79;96;579;289;215;560;273;676
1,28059,28124,1,0,0,13,1,224;398;300;176;192;96;113;596;306;232;577;290;676
1,28051,28312,1,0,0,13,10,232;406;308;184;200;102;121;604;314;240;585;298;793
1,28211,28278,1,0,0,12,2,72;246;148;24;34;287;154;80;425;138;633;828
1,28193,28453,1,0,0,11,7,90;264;166;42;47;287;172;98;443;156;651
1,28191,28248,1,0,0,11,5,92;266;168;44;60;287;174;100;445;158;653
1,28158,28411,1,16,0,12,7,125;299;201;77;93;14;415;207;133;478;191;676
1,28312,28601,1,0,0,8,3,145;47;283;53;324;37;525;727
1,28305,28581,1,0,0,8,6,152;54;283;60;331;44;539;734
1,28274,28347,1,0,0,10,2,9;183;85;283;91;17;362;75;570;765
1,28253,28315,1,0,0,10,1,30;204;106;287;112;38;383;96;591;786
1,28465,28523,1,0,0,5,2,190;171;379;574;394
0,28429,28480,1,0,0,6,0,28;226;207;387;610;394
1,28394,28660,1,0,0,6,3,63;261;242;387;645;626
0,28361,28442,1,0,0,7,0,96;283;4;275;387;678;659
1,26679,26905,1,0,0,13,6,90;164;342;314;397;752;445;551;257;454;620;498;753
1,26683,26748,1,16,0,13,1,86;160;338;310;393;748;441;547;253;450;520;494;749
1,26711,26762,1,0,0,13,4,58;132;310;282;365;720;413;519;225;422;520;466;721
1,26759,26832,1,0,0,13,2,10;84;262;234;317;672;365;471;177;374;520;418;673
1,26773,26835,1,0,0,12,4,70;248;220;303;658;351;457;163;355;520;404;659
1,26839,27074,1,0,0,13,7,4;182;154;237;592;285;391;97;294;460;338;593;633
1,26850,27101,1,0,0,12,8,171;143;226;581;274;380;86;283;449;327;582;443
1,26872,26955,1,0,0,12,2,149;121;204;559;252;358;64;261;427;305;560;442
1,26903,26976,1,0,0,12,1,118;90;173;528;221;327;33;230;396;274;529;442
1,26966,27039,1,0,0,11,1,55;27;110;465;158;264;167;333;211;466;442
1,26972,27049,1,0,0,12,2,49;21;104;459;152;258;136;327;205;460;442;641
1,27010,27240,1,0,0,11,5,11;66;421;114;220;123;289;167;422;442;603
1,27030,27115,1,0,0,10,1,46;401;94;200;103;269;147;402;442;441
1,27031,27241,1,0,0,10,4,45;400;93;199;66;268;146;401;441;441
1,27087,27290,1,0,0,9,2,344;37;143;46;212;90;345;385;440
1,27092,27171,1,0,0,9,3,339;32;138;41;92;85;340;380;440
1,27138,27225,1,15,0,7,3,293;92;92;39;294;334;417
1,27122,27353,1,0,0,9,5,309;2;108;11;92;55;310;350;423
1,27168,27237,1,0,0,7,1,263;62;90;9;264;304;392
1,27151,27231,1,0,0,7,1,280;79;92;26;281;321;392
0,27249,27314,1,0,0,5,0,43;50;183;223;364
1,27213,27499,1,0,0,6,1,218;17;86;219;259;392
1,27324,27399,1,0,0,5,2,43;108;148;289;959
0,27259,27343,1,16,0,5,0,43;40;173;213;354
1,27345,27407,1,0,0,7,2,43;87;127;233;938;1112;1014
0,27325,27388,1,0,0,5,0,43;107;147;233;958
1,27411,27468,1,16,0,8,1,20;21;61;202;872;1046;948;824
0,27378,27443,1,0,0,8,0,43;54;82;233;905;1079;981;857
1,27499,27572,1,0,0,7,1,114;784;958;860;736;752;656
0,27455,27509,1,0,0,7,0,17;158;828;1002;904;780;796
1,27539,27615,1,0,0,7,1,58;744;918;820;696;712;616
1,27504,27578,1,0,0,7,1,68;779;953;855;731;747;651
1,28554,28627,1,0,0,8,1,101;82;290;485;363;258;585;497
1,28616,28693,1,0,0,8,2,39;20;228;423;363;258;523;435
1,28617,28668,1,0,0,8,1,38;19;227;422;363;258;488;434
1,28669,28740,1,0,0,6,1,175;370;351;258;470;382
1,28487,28757,1,0,0,7,6,151;149;357;552;394;516;652
1,28488,28551,1,0,0,7,3,151;148;356;551;394;258;651
1,28536,28596,1,0,0,7,1,119;100;308;503;394;258;603
1,28538,28601,1,0,0,7,3,117;98;306;501;363;258;601
1,28795,29024,1,0,0,8,4,49;244;225;208;341;239;283;532
1,28694,28756,1,0,0,7,2,150;345;326;258;445;357;384
1,28725,28968,1,0,0,8,7,119;314;295;258;414;326;353;742
1,28735,28821,1,0,0,8,3,109;304;285;258;404;316;343;532
1,28758,28826,1,0,0,8,3,86;281;262;245;381;239;320;532
1,7211,7263,1,0,0,8,3,178;298;53;158;138;95;459;312
1,7207,7276,1,0,0,8,1,182;302;57;191;139;95;463;316
1,7170,7251,1,0,0,8,1,219;328;94;228;179;95;500;353
1,7119,7193,1,0,0,8,1,270;328;145;279;230;95;551;404
1,7115,7366,1,0,0,8,5,274;328;149;283;234;235;555;408
1,7110,7192,1,0,0,9,3,279;399;154;288;239;3;240;560;413
1,7056,7106,1,0,0,9,1,333;453;208;342;293;57;294;614;440
1,7030,7086,1,0,0,9,1,359;479;234;368;319;83;320;640;493
1,7012,7063,1,16,0,9,1,377;497;252;386;337;101;338;658;511
1,6973,7028,1,0,0,9,1,416;536;291;411;376;140;377;697;550
1,6950,7010,1,0,0,9,1,439;559;314;448;399;163;400;720;573
1,6890,6960,1,0,0,8,2,38;499;619;374;508;436;223;460
0,6886,6957,1,0,0,8,0,42;503;623;378;512;436;227;464
1,6864,6925,1,0,0,8,1,64;525;645;400;534;466;249;486
1,6753,6990,1,0,0,8,3,58;175;623;756;511;645;584;360
1,6710,6768,1,0,0,8,1,101;218;623;799;554;688;584;403
1,7559,7645,1,0,0,8,1,111;362;749;622;666;227;481;747
1,7569,7624,1,0,0,8,1,101;343;739;622;656;217;471;737
0,7536,7593,1,0,0,8,0,134;385;772;622;689;250;504;770
0,7552,7630,1,0,0,8,0,118;369;756;622;673;234;488;754
1,7436,7683,1,0,0,8,4,73;234;87;485;780;782;789;350
0,7507,7583,1,0,0,8,0,2;163;16;414;780;622;718;279
1,7392,7687,1,0,0,8,5,117;6;258;131;529;916;826;833
0,7413,7465,1,0,0,8,0,96;257;110;508;780;805;812;373
1,7350,7603,1,0,0,8,2,39;159;48;0;282;173;532;958
0,7387,7464,1,0,0,9,0,2;122;11;258;136;532;921;831;838
1,7307,7391,1,0,0,9,1,82;202;91;42;43;363;216;532;1001
1,7322,7539,1,0,0,9,2,67;187;76;27;28;348;175;532;986
1,7238,7473,1,0,0,10,5,151;271;26;158;111;65;371;285;683;1070
1,7249,7303,1,0,0,10,2,140;260;15;149;100;65;371;274;532;1059
1,7212,7298,1,0,0,8,4,177;297;52;158;137;86;458;311
1,7220,7303,1,0,0,8,2,169;289;44;158;129;65;450;303
0,7870,7922,1,0,0,8,0,51;438;348;355;170;436;718;455
1,7842,8127,1,0,0,7,4,79;464;376;383;198;464;751
1,7939,8023,1,0,0,7,2,369;279;286;101;367;654;206
1,7886,8159,1,0,0,8,4,35;422;332;339;154;420;707;439
0,7807,7862,1,0,0,6,0,114;501;411;418;233;466
1,7763,7819,1,0,0,7,1,158;545;455;462;23;277;466
0,7841,7929,1,0,0,7,0,80;464;377;384;199;465;752
1,7835,7908,1,0,0,6,1,86;473;383;390;205;466
0,7660,7713,1,0,0,8,0,10;261;648;558;533;126;380;646
1,7646,7702,1,0,0,8,1,24;271;662;572;579;140;394;660
1,7737,8020,1,0,0,7,3,184;571;481;488;49;303;569
0,7686,7764,1,0,0,7,0,235;622;532;533;100;354;620
1,7610,7686,1,0,0,8,1,60;311;698;608;615;176;430;696
0,7586,7675,1,0,0,8,0,84;321;722;622;639;200;454;720
1,7634,7701,1,0,0,8,1,36;287;674;584;591;152;406;672
0,7622,7672,1,0,0,8,0,48;287;686;596;603;164;418;684
0,8295,8360,1,0,0,6,0,13;11;298;30;236;339
0,8314,8364,1,0,0,4,0,279;11;236;339
1,8314,8369,1,0,0,4,1,279;11;236;339
0,8335,8403,1,0,0,3,0,258;175;339
1,8233,8298,1,0,0,6,2,75;73;360;92;511;339
1,8248,8308,1,0,0,6,2,60;44;345;77;496;339
0,8260,8314,1,0,0,6,0,48;44;333;65;484;339
1,8280,8570,1,0,0,6,1,28;26;313;45;464;339
1,8092,8158,1,16,0,8,2,216;126;101;214;496;206;652;678
1,8111,8190,1,0,0,8,1,197;107;101;195;467;206;633;659
1,8202,8285,1,0,0,8,1,106;16;23;104;391;123;542;568
1,8223,8457,1,0,0,7,4,85;2;83;363;102;521;547
1,7950,8019,1,0,0,8,2,358;268;275;90;356;603;206;794
0,8035,8100,1,0,0,8,0,273;183;190;5;271;558;206;709
1,8053,8116,1,0,0,7,1,255;165;172;253;540;206;691
1,8074,8141,1,0,0,8,1,234;144;151;232;496;206;670;696
1,5241,5532,1,0,0,9,5,231;80;602;89;452;278;481;1013;673
1,5221,5291,1,0,0,9,1,251;100;622;109;472;298;481;1033;693
1,5182,5407,1,0,0,7,4,290;139;661;148;511;337;692
0,5017,5085,1,0,0,8,0,24;118;455;304;784;313;676;502
1,5361,5414,1,0,0,9,1,111;482;332;158;481;859;553;753;951
1,5349,5421,1,0,0,8,3,123;494;344;170;481;902;565;765
1,5306,5379,1,0,0,10,2,166;15;537;24;387;213;481;902;608;808
1,5251,5456,1,0,0,9,3,221;70;592;79;442;268;481;926;663
1,4933,4983,1,0,0,9,1,58;108;54;202;539;388;907;336;760
1,4908,5170,1,0,0,9,3,83;133;79;227;564;413;925;336;769
1,4886,4955,1,16,0,9,3,105;155;101;249;566;435;925;336;792
1,4879,4943,1,0,0,9,3,112;162;108;256;566;442;925;336;814
1,5002,5077,1,0,0,8,2,39;133;470;319;807;313;691;517
1,5000,5065,1,0,0,8,2,41;135;472;321;843;313;693;519
1,4987,5072,1,0,0,10,4,4;54;0;148;485;334;856;313;706;532
1,4977,5054,1,0,0,10,4,14;64;10;158;495;344;864;336;716;542
1,5630,5689,1,0,0,10,1,213;63;244;624;256;484;682;181;348;526
1,5669,5937,1,0,0,10,4,174;24;205;585;235;445;643;142;348;487
1,5546,5800,1,0,16,10,7,297;147;328;708;256;568;766;265;533;610
0,5573,5646,1,0,0,10,0,270;120;301;681;256;541;739;238;348;583
1,5749,5814,1,0,0,9,1,94;125;505;165;365;478;62;298;407
1,5760,5985,1,0,0,9,2,83;114;494;144;354;478;51;298;396
0,5682,5733,1,0,0,10,0,161;11;192;572;232;432;478;129;348;474
1,5690,5754,1,0,0,10,2,153;3;184;564;224;424;478;121;348;466
1,5394,5463,1,0,0,10,1,78;449;299;125;480;859;520;720;918;417
1,5405,5465,1,0,0,10,1,67;438;252;114;469;849;509;709;907;406
0,5369,5425,1,0,0,9,0,103;474;314;150;481;859;545;745;943
1,5375,5429,1,0,0,9,1,97;468;314;144;481;859;539;739;937
1,5451,5509,1,0,0,10,4,21;392;242;68;423;803;256;663;861;360
1,5489,5564,1,0,0,9,1,354;204;30;385;765;256;609;823;322
1,5412,5475,1,0,0,10,3,53;431;252;107;462;842;502;702;900;399
1,5450,5662,1,0,0,10,5,22;393;243;69;424;804;464;664;862;361
0,6003,6072,1,0,0,8,0,251;111;309;76;153;294;143;312
1,5986,6235,1,0,0,8,4,268;128;326;93;170;311;160;505
1,6044,6269,1,0,0,8,4,210;70;263;35;112;253;102;312
1,6034,6099,1,0,0,8,2,220;80;278;45;122;263;112;312
1,6139,6433,1,0,0,7,2,104;173;17;87;7;312;672
1,6131,6182,1,0,0,7,1,123;181;25;87;15;312;680
1,6197,6259,1,0,0,5,3,57;115;87;294;509
1,6183,6255,1,0,0,5,1,71;129;87;308;509
1,5861,5921,1,0,0,10,1,13;393;53;253;434;218;265;436;285;630
1,5809,5885,1,0,0,11,1,34;65;445;105;305;478;2;270;265;488;337
1,5876,5935,1,0,0,9,2,378;33;238;434;203;265;421;270;615
0,5871,5940,1,0,0,10,0,3;383;33;243;434;208;265;426;275;620
1,5912,5996,1,0,0,9,2,342;2;202;400;167;230;385;234;579
1,5882,5938,1,0,0,9,1,372;32;232;430;197;230;415;264;609
0,5924,5984,1,0,0,8,0,330;175;372;155;230;373;222;567
1,5921,5994,1,0,0,8,2,333;175;391;158;230;376;225;570
1,6427,6669,1,0,0,3,2,64;384;475
0,6436,6518,1,0,0,3,0,55;375;445
1,6438,6514,1,0,15,3,2,53;373;445
0,6460,6511,1,0,0,3,0,31;351;418
0,6468,6526,1,0,0,3,0,23;343;418
1,6520,6787,1,0,0,3,2,291;408;869
1,6597,6675,1,0,0,7,1,214;331;736;912;667;801;752
1,6643,6861,1,0,0,7,4,168;285;623;866;621;755;706
0,6203,6271,1,0,0,5,0,51;109;87;275;509
1,6203,6279,1,0,0,5,1,51;109;87;275;509
1,6210,6286,1,0,0,5,2,44;42;87;275;509
1,6293,6587,1,0,0,4,1,19;4;198;509
1,6359,6447,1,0,0,2,1,132;452
0,6362,6433,1,0,0,2,0,113;449
1,6383,6634,1,0,0,3,2,108;428;545
1,6386,6652,1,0,0,3,2,105;425;478
0,3117,3202,1,0,0,5,0,309;111;369;394;737
0,3130,3181,1,0,0,5,0,296;98;356;394;724
1,3070,3127,1,0,0,5,2,356;158;40;416;514
1,3083,3340,1,0,0,5,3,343;145;16;403;501
0,2979,3055,1,0,0,6,0,27;406;249;131;481;605
1,3034,3097,1,0,0,5,1,392;194;76;452;550
1,2894,3098,1,0,0,7,2,40;37;95;532;334;216;592
1,2977,3027,1,0,0,6,2,29;449;251;133;481;607
1,3427,3496,1,0,0,6,2,59;15;394;439;896;743
1,3427,3504,1,0,0,6,1,59;15;394;371;896;743
1,3332,3603,1,0,0,4,1,94;154;252;394
0,3417,3472,1,0,0,7,0,9;69;15;394;449;906;753
1,3285,3362,1,0,0,4,1,141;201;299;569
1,3324,3593,1,0,0,4,3,102;162;260;530
0,3205,3255,1,16,0,5,0,221;23;281;379;649
0,3218,3292,1,0,0,5,0,208;10;268;366;636
1,3602,3687,1,0,0,4,1,252;264;721;551
1,3560,3625,1,0,0,5,1,15;294;306;738;578
1,3540,3619,1,15,0,5,1,15;314;326;738;630
1,3497,3778,1,0,0,5,4,15;357;351;826;673
0,3476,3536,1,0,0,6,0,9;15;369;351;847;694
1,3468,3527,1,0,0,6,1,18;15;369;351;855;702
1,3435,3485,1,0,0,6,1,51;15;369;371;888;735
1,3435,3518,1,0,0,6,2,41;15;369;371;888;735
0,3810,3875,1,0,0,6,0,44;56;513;329;648;189
0,3782,3867,1,0,0,6,0,72;84;541;329;648;217
1,3745,3991,1,0,0,5,5,109;121;578;329;778
0,3727,3812,1,0,0,5,0,127;139;589;329;796
1,3724,3797,1,0,0,5,3,130;142;599;329;799
0,3720,3780,1,0,0,5,0,134;146;603;329;803
1,3676,3935,1,0,0,4,4,178;190;647;494
1,3612,3697,1,0,0,4,3,242;254;711;551
1,3976,4253,1,0,0,6,2,251;194;547;23;306;574
0,4065,4124,1,0,0,6,0,110;105;458;217;485;549
1,4078,4315,1,0,0,6,2,110;92;445;204;472;536
0,4099,4149,1,0,0,6,0,110;71;228;183;451;515
1,3876,4165,1,0,0,5,4,447;294;647;123;406
1,3912,3981,1,0,0,6,1,251;258;611;87;370;638
1,3917,3971,1,0,0,6,1,251;253;606;82;327;633
1,3919,4004,1,0,0,6,1,251;251;604;37;327;631
1,4330,4415,1,0,0,7,1,193;220;284;404;661;711;657
1,4364,4439,1,0,0,8,1,159;186;250;370;627;677;623;771
1,4395,4474,1,15,0,8,1,128;128;219;339;596;646;592;740
0,4400,4466,1,0,0,8,0,110;128;214;334;591;641;587;735
1,4124,4339,1,0,0,6,1,110;46;228;158;426;490
0,4191,4271,1,0,0,5,0,110;227;91;359;423
1,4196,4253,1,0,0,5,1,110;227;86;354;418
0,4261,4313,1,0,0,6,0,62;227;21;289;353;473
1,4644,4900,1,0,16,8,5,90;347;397;343;491;828;677;1199
0,4631,4687,1,0,0,7,0,103;360;410;356;504;841;690
0,4710,4796,1,16,0,9,0,24;281;331;277;425;572;611;966;620
1,4688,4910,1,0,0,8,6,46;303;353;299;447;784;633;966
1,4509,4590,1,0,0,8,1,14;41;105;225;482;532;478;626
1,4477,4546,1,16,0,8,1,46;73;137;257;514;564;510;658
0,4574,4644,1,0,0,7,0,40;160;417;467;413;561;898
0,4553,4607,1,0,0,7,0,61;181;438;488;434;582;919
0,4793,4877,1,0,0,8,0,198;248;194;342;572;528;953;336
1,4790,5058,1,0,0,8,6,201;251;197;345;572;531;953;540
1,4875,5152,1,0,0,9,3,116;166;112;260;566;446;953;336;818
1,4816,5048,1,0,0,8,6,175;225;171;319;572;505;953;336
1,4728,4803,1,0,0,9,1,6;263;313;259;407;572;593;966;602
0,4714,4793,1,0,0,9,0,20;277;327;273;421;572;607;966;616
1,4755,4827,1,0,0,8,2,236;263;232;380;572;566;953;575
1,4728,4983,1,0,0,9,5,6;263;263;259;407;572;593;966;602
1,1214,1415,1,0,0,11,2,6;186;233;114;197;399;687;348;463;186;456
0,1266,1318,1,0,0,11,0,134;181;62;145;347;606;296;411;134;456;644
1,1160,1247,1,0,0,11,2,60;240;287;168;251;453;733;402;517;240;673
1,1203,1434,1,0,0,11,6,17;197;244;125;208;410;695;359;474;197;630
1,1390,1637,1,0,0,12,3,10;57;21;223;511;172;287;10;443;520;615;570
1,1396,1676,1,0,16,12,6,4;51;15;217;505;166;281;4;437;514;609;402
1,1313,1375,1,0,0,11,2,87;134;15;98;300;588;249;364;87;456;597
0,1371,1437,1,0,0,12,0,29;76;40;242;530;191;306;29;456;539;634;589
1,1584,1650,1,0,0,7,3,29;317;93;249;326;421;376
1,1584,1856,1,0,0,7,6,29;317;93;249;326;421;373
1,1467,1527,1,0,0,8,2,146;434;95;210;366;442;538;402
0,1507,1577,1,0,0,8,0,106;394;55;170;326;403;494;402
1,1722,2014,1,0,0,9,7,179;111;188;234;238;609;613;640;368
1,1740,1951,1,0,0,9,5,161;93;170;234;220;434;595;622;350
0,1588,1649,1,0,0,7,0,25;313;89;245;322;234;372
1,1633,1709,1,0,0,6,3,268;44;200;277;234;327
1,1791,1845,1,0,0,9,4,110;42;119;214;169;434;494;554;299
1,1788,1875,1,0,0,9,3,113;45;122;217;172;434;494;574;302
1,1780,1858,1,0,0,9,5,121;53;130;218;180;434;505;582;310
1,1761,1815,1,16,0,9,1,140;72;149;234;199;434;505;601;329
1,1879,1947,1,0,0,10,1,22;31;126;81;434;456;453;67;705;401
1,1873,2112,1,0,0,10,4,28;37;132;87;434;462;453;67;934;407
1,1849,2103,1,0,0,9,2,52;61;156;111;434;486;453;241;958
1,1844,1926,1,0,0,9,3,57;66;161;116;434;491;518;246;963
1,1934,2018,1,0,0,8,2,71;26;383;401;428;67;705;163
1,1926,2004,1,0,0,8,1,79;34;405;409;436;67;705;163
1,1891,2177,1,0,0,10,4,10;19;114;69;409;444;453;67;705;389
1,1888,1967,1,15,0,10,1,13;22;117;72;417;447;453;67;705;392
1,2163,2225,1,0,0,11,2,168;172;199;644;117;130;771;550;455;674;768
1,2066,2122,1,0,0,9,3,265;269;296;24;705;163;227;868;647
1,1980,2061,1,0,0,9,1,25;351;355;342;66;705;163;313;954
1,1975,2033,1,0,0,9,1,30;356;360;387;66;705;163;318;959
1,2189,2247,1,0,0,12,2,142;146;173;618;91;104;745;524;429;648;742;651
1,2191,2242,1,0,0,12,2,140;144;171;616;89;102;721;522;427;646;740;649
1,2231,2492,1,16,0,12,6,100;104;131;576;49;62;703;482;387;606;700;609
1,2244,2306,1,0,0,12,2,87;91;118;563;36;49;634;469;374;593;687;596
1,2256,2309,1,0,0,12,4,75;79;106;548;24;37;634;457;362;581;675;584
1,2268,2319,1,0,0,12,2,63;67;94;539;12;25;634;445;350;538;663;572
1,2314,2380,1,0,0,10,1,17;21;48;493;620;399;304;523;617;526
1,2315,2571,1,15,0,10,7,16;20;11;492;619;398;303;522;616;525
0,2345,2413,1,0,0,8,0,11;462;589;368;273;492;365;495
1,2365,2583,1,0,0,7,2,442;569;348;253;472;365;475
0,2392,2444,1,0,0,8,0,415;542;321;226;445;365;376;614
1,2405,2610,1,0,0,8,2,402;529;308;213;432;365;376;601
1,2415,2632,1,0,0,8,3,392;519;298;83;422;365;376;591
1,2448,2651,1,0,0,8,1,189;486;265;83;389;365;376;558
1,2452,2534,1,0,0,8,2,189;482;261;83;385;365;268;554
0,2454,2506,1,0,0,8,0,189;415;259;83;383;365;268;552
1,2467,2708,1,0,0,8,2,189;415;246;83;370;365;268;539
0,2464,2537,1,16,0,8,0,189;415;249;83;373;365;268;542
0,2495,2566,1,16,0,9,0,147;415;218;83;342;365;268;504;931
1,2468,2541,1,0,0,8,3,147;415;245;83;369;365;268;538
1,2585,2853,1,0,0,9,2,147;349;128;33;252;346;255;421;616
1,2540,2820,1,0,0,9,6,147;394;173;78;297;365;268;466;886
1,2634,2717,1,0,0,9,1,120;300;79;203;83;206;372;616;594
1,2602,2838,1,0,0,9,4,147;332;111;16;235;83;238;404;616
0,2691,2768,1,0,0,10,0,106;243;22;146;83;149;315;616;537;376
1,2685,2748,1,0,0,10,5,106;249;28;152;83;155;321;616;543;425
1,2765,2834,1,0,0,9,1,42;169;72;83;75;95;616;463;345
1,2719,2931,1,0,0,9,1,88;215;118;83;121;287;616;509;376
1,2833,2892,1,0,0,9,1,101;4;83;7;95;559;395;277;653
1,2830,2911,1,0,0,9,3,104;7;83;10;95;596;398;280;656
0,2890,2943,1,0,0,7,0,44;41;95;536;338;220;596
1,2867,2928,1,0,0,7,1,67;64;95;559;361;243;605
1,1117,1201,1,0,0,12,4,103;283;16;330;211;294;496;784;445;560;283;716
1,1145,1221,1,0,0,11,2,75;255;302;183;266;468;756;417;532;255;688
0,1086,1174,1,0,0,13,0,134;314;47;361;19;242;10;325;527;815;476;591;314
1,1096,1167,1,0,0,13,3,124;304;37;351;9;232;0;315;517;805;466;581;304
1,992,1079,1,0,0,14,5,54;228;408;141;455;113;336;104;419;570;909;570;685;408
1,1022,1088,1,0,0,14,4,24;198;378;111;425;83;306;74;389;570;879;540;655;378
1,910,997,1,0,0,13,3,17;136;310;490;223;537;195;418;186;501;703;991;652
1,966,1053,1,0,0,12,3,80;254;434;167;481;139;362;130;445;647;935;596
0,674,744,1,0,0,11,0,31;253;372;546;726;332;773;431;654;422;737
1,812,868,1,0,0,11,1,115;234;408;588;321;635;293;516;284;599;801
1,607,682,1,0,0,10,1,98;320;439;558;793;332;840;498;721;489
0,631,709,1,0,0,10,0,74;296;415;558;769;332;816;474;697;423
1,574,663,1,0,0,9,1,131;353;472;646;826;559;873;531;754
1,599,879,1,0,0,10,8,106;328;447;558;801;534;848;506;729;497
1,367,614,1,0,0,5,1,138;338;531;679;853
1,526,615,1,0,0,7,1,179;401;520;694;874;607;921
1,338,424,1,0,0,4,1,167;367;531;708
0,320,380,1,0,0,4,0,185;385;607;726
1,320,400,1,0,0,4,1,185;385;607;726
0,213,278,1,15,0,2,0,266;406
1,182,243,1,0,0,2,1,277;406
0,161,235,1,0,0,2,0,277;406
0,137,193,1,0,0,2,0,277;406
1,113,352,1,0,0,2,1,277;592
0,112,165,1,0,0,2,0,277;593
0,107,173,1,0,0,2,0,277;598
1,93,323,1,0,0,1,1,412
0,81,132,1,0,0,1,0,424
1,22549,22618,1,0,0,11,3,118;23;33;68;224;96;431;648;678;675;671
1,22456,22514,1,0,0,9,2,211;116;126;161;310;189;524;741;771
1,22581,22634,1,0,0,10,2,86;1;36;192;64;396;616;646;643;528
1,22569,22822,1,0,0,11,4,98;3;13;48;204;76;396;628;658;655;651
1,22605,22682,1,0,0,9,3,62;12;168;40;365;592;622;619;528
1,22586,22666,1,0,0,9,2,81;31;187;59;366;611;641;638;528
1,22683,22759,1,0,0,9,1,90;297;514;544;541;528;665;555;464
1,22643,22700,1,0,0,11,1,24;130;2;337;521;584;581;528;705;595;504
1,22086,22138,1,0,0,12,3,43;152;179;581;213;486;237;496;211;193;380;528
1,22058,22312,1,0,0,12,8,71;180;207;609;241;514;265;524;239;221;380;715
1,22261,22504,1,0,0,12,6,4;292;38;311;62;321;36;18;356;512;384;719
1,22093,22382,1,0,0,12,8,36;145;172;574;206;479;230;489;163;186;380;528
1,22338,22420,1,0,0,8,2,287;234;244;279;435;307;541;859
1,22322,22397,1,0,0,9,2,292;250;1;260;295;451;323;541;875
1,22437,22489,1,0,0,9,2,230;135;145;180;315;208;541;760;790
1,22432,22494,1,0,0,9,2,235;140;150;185;341;213;541;765;795
1,22911,22999,1,0,0,12,2,69;286;165;313;309;437;327;236;347;684;643;909
1,22920,22974,1,0,0,12,2,60;277;165;304;300;428;318;227;338;675;544;900
1,22960,23033,1,0,0,12,2,20;237;165;264;260;388;278;187;298;635;544;860
1,22961,23047,1,0,0,12,1,19;236;165;263;259;387;277;116;297;634;544;859
1,22966,23261,1,0,0,12,8,14;231;165;258;234;382;272;116;292;629;544;854
1,22968,23022,1,0,0,12,1,12;229;165;256;234;380;270;116;290;627;544;599
1,23060,23319,1,0,0,11,5,137;165;164;160;288;178;87;198;535;544;599
1,23066,23280,1,0,0,11,3,131;161;158;154;282;172;81;192;529;316;599
1,22702,22760,1,0,0,9,2,71;278;495;525;522;518;646;536;445
1,22805,22858,1,0,0,9,2,175;392;422;419;415;543;433;342;453
1,22807,22861,1,0,0,9,1,173;383;420;417;413;541;431;340;451
1,22808,22864,1,0,0,9,1,172;383;419;416;412;540;430;339;440
1,22819,22878,1,0,0,9,2,161;378;408;405;401;529;419;328;420
1,22827,22889,1,0,0,9,1,153;366;400;397;393;521;411;320;420
1,22839,23090,1,0,0,9,7,141;358;388;385;381;509;399;308;393
1,22886,23135,1,0,0,11,8,94;311;165;338;334;462;352;261;372;709;733
1,21275,21561,1,0,0,10,7,149;236;415;132;239;626;689;746;610;520
1,21261,21317,1,0,0,9,1,163;236;429;146;253;626;703;760;610
1,21256,21311,1,0,0,9,2,168;236;434;151;258;626;708;765;654
0,21246,21311,1,0,0,10,0,5;178;236;444;161;268;626;718;775;664
1,21496,21551,1,0,0,12,1,97;194;18;474;468;461;414;299;633;742;769;1171
1,21464,21544,1,0,0,11,1,129;226;50;506;500;461;446;331;665;774;801
1,21410,21498,1,0,0,11,1,14;183;280;104;560;554;461;500;385;719;828
1,21319,21369,1,0,0,11,1,105;236;371;88;195;626;645;461;591;476;810
1,21035,21111,1,0,0,9,1,150;36;216;41;389;529;655;163;312
1,21030,21114,1,0,0,9,1,155;41;221;46;394;529;660;168;377
1,21021,21109,1,0,0,9,2,164;50;230;55;403;546;669;177;386
1,21010,21096,1,0,0,9,2,175;61;241;66;414;583;680;188;397
1,21219,21438,1,0,0,9,5,32;205;236;471;188;295;751;745;802
1,21170,21402,1,0,0,10,4,15;81;254;423;520;28;237;344;800;794
1,21150,21213,1,0,0,10,1,35;101;274;443;540;48;257;364;820;814
1,21063,21120,1,0,0,9,2,122;8;188;13;361;529;627;135;312
1,21828,21898,1,0,0,12,2,142;136;193;82;301;410;437;839;471;731;495;754
1,21900,21989,1,0,0,13,1,70;64;121;10;229;338;365;767;399;672;423;682;397
0,21785,21841,1,0,0,13,0,185;179;236;125;10;344;453;480;882;514;731;538;765
1,21792,21843,1,0,0,13,2,178;172;229;118;3;337;446;473;875;507;731;531;765
1,22043,22129,1,0,16,12,3,86;195;222;624;256;529;280;539;254;236;508;730
1,22044,22122,1,0,0,12,1,85;194;221;623;255;528;279;538;253;235;380;729
1,21998,22049,1,0,0,12,1,23;131;240;267;669;301;574;325;584;299;281;619
1,22007,22288,1,0,0,12,7,14;122;231;258;660;292;565;316;571;290;272;610
1,21582,21666,1,0,0,13,2,11;108;388;382;439;328;213;547;656;683;1085;717;883
1,21615,21689,1,0,0,13,2,75;355;349;406;295;180;514;623;650;1052;684;883;708
0,21519,21595,1,0,0,12,0,74;171;451;445;461;391;276;610;719;746;1148;780
1,21566,21775,1,0,0,13,11,27;124;404;398;455;344;229;563;672;699;1101;733;1006
1,21706,21924,1,0,16,13,8,264;236;315;204;89;423;532;559;961;593;866;617;876
1,21773,21860,1,0,0,13,4,197;191;248;137;22;356;465;492;894;526;799;550;765
1,21649,21729,1,0,0,14,2,41;283;315;372;261;146;480;589;616;1018;650;883;674;933
1,21666,21720,1,0,0,14,1,24;283;236;355;244;129;463;572;599;1001;633;883;657;916
1,20546,20842,1,0,0,11,6,114;91;150;168;262;191;639;230;525;705;530
0,20453,20516,1,0,0,10,0,207;184;243;261;355;284;692;323;618;748
1,20579,20642,1,15,0,12,1,81;58;117;135;229;158;606;197;492;593;497;845
1,20550,20616,1,0,0,11,1,110;87;146;164;258;187;635;226;521;673;526
0,20320,20391,1,0,0,9,0,340;117;317;366;394;488;417;692;456
1,20319,20391,1,0,0,9,5,341;118;318;366;395;489;418;692;457
1,20426,20650,1,0,0,11,4,234;11;211;270;288;382;311;692;350;645;825
1,20335,20416,1,0,0,10,2,325;102;302;361;379;473;402;692;441;736
1,20272,20533,1,0,0,8,7,388;165;365;424;442;491;465;913
1,20244,20320,1,0,0,8,3,7;416;193;393;452;470;564;493
1,20318,20405,1,0,0,9,1,342;119;319;378;396;490;419;692;458
1,20274,20338,1,0,0,8,1,386;163;363;422;440;491;463;692
1,20062,20124,1,0,0,11,2,163;5;14;153;189;598;375;575;634;652;746
1,20029,20096,1,0,0,9,4,196;38;47;186;222;631;408;608;667
1,20210,20275,1,0,0,10,3,15;5;41;450;227;427;486;504;598;527
1,20122,20184,1,0,0,9,2,103;93;129;538;315;515;574;592;686
0,20916,20968,1,0,0,9,0,269;155;327;160;508;672;774;265;491
1,20938,21022,1,0,0,9,2,247;133;313;138;486;655;752;260;469
1,20940,20996,1,0,0,9,2,245;131;311;136;484;653;750;227;467
0,21004,21071,1,15,0,9,0,181;67;247;72;420;589;686;194;403
1,20855,20927,1,0,0,8,1,330;216;396;221;569;693;820;343
1,20858,21082,1,0,0,8,3,327;213;327;218;566;693;820;340
1,20861,20937,1,0,0,8,2,324;210;327;215;563;693;820;337
1,20895,20955,1,0,0,9,2,290;176;327;181;529;672;795;303;512
1,20685,20968,1,0,0,11,2,11;29;123;52;500;91;326;558;391;608;908
0,20693,20762,1,0,0,11,0,3;21;115;44;492;83;326;558;383;608;693
1,20762,21004,1,0,0,10,3,46;423;14;309;489;314;608;693;928;436
1,20769,20836,1,0,0,10,2,39;416;7;302;482;307;608;693;820;429
1,20605,20857,1,0,0,12,8,55;32;91;109;203;132;580;171;466;558;471;819
0,20610,20685,1,0,0,12,0,50;27;86;104;198;127;575;166;461;558;466;610
1,20666,20942,1,0,0,10,7,30;48;142;71;519;110;405;558;410;610
1,20678,20755,1,0,0,10,2,18;36;130;59;507;98;393;558;398;608
1,19545,19775,1,0,16,14,10,96;73;210;305;102;46;663;442;276;240;522;462;531;515
1,19544,19616,1,0,0,14,3,97;74;211;306;103;47;681;443;277;241;523;463;532;515
1,19538,19820,1,0,0,14,10,103;80;217;312;109;53;687;449;283;247;529;469;538;677
0,19490,19559,1,0,0,12,0,151;128;236;360;157;101;735;497;331;295;577;517
1,19470,19551,1,0,0,10,3,171;148;263;380;177;121;755;517;351;315
1,19457,19543,1,0,0,11,3,184;161;286;393;190;134;10;761;530;364;328
1,19435,19511,1,0,0,11,3,206;183;320;415;212;156;32;761;552;386;350
0,19402,19472,1,0,0,11,0,13;239;216;353;448;245;189;65;761;585;419
1,19357,19429,1,0,0,10,3,58;241;255;398;493;290;234;110;761;630
1,19312,19542,1,0,0,10,7,103;241;255;443;538;335;279;155;763;649
1,19301,19366,1,0,0,11,3,114;241;317;7;454;549;346;290;166;763;649
1,19295,19496,1,0,0,11,6,120;241;323;13;460;555;352;296;172;789;649
1,19255,19459,1,0,0,12,9,28;160;241;363;53;500;595;392;336;176;789;732
1,19249,19303,1,0,0,12,2,34;166;241;369;59;506;601;398;342;218;789;738
1,19200,19477,1,0,0,11,6,83;215;241;418;108;555;650;447;391;267;1025
1,19179,19450,1,0,0,11,9,104;236;462;439;129;576;671;468;412;288;1046
1,19938,20221,1,0,0,10,8,287;49;129;69;138;277;313;685;499;699
1,19986,20054,1,0,0,10,4,239;1;81;21;90;229;265;674;451;651
1,19863,19931,1,0,0,9,1,362;124;204;144;213;352;388;685;556
1,19889,19970,1,0,0,9,3,336;98;177;118;187;326;362;685;548
1,19807,19887,1,0,0,11,3,43;418;180;14;260;200;269;408;444;685;630
1,19825,19898,1,0,0,10,3,25;400;162;242;182;251;390;426;685;578
1,19762,19833,1,0,0,11,3,88;463;225;59;23;305;245;314;453;489;898
1,19788,20003,1,0,0,11,7,62;437;199;33;279;219;288;427;463;872;649
1,19702,19760,1,0,0,11,1,53;148;523;278;119;83;365;305;354;513;549
1,19709,19780,1,0,0,11,3,46;141;516;278;112;76;329;298;354;506;542
1,19660,19725,1,0,0,11,1,95;190;565;327;161;125;407;347;354;515;591
1,19696,19753,1,0,0,11,1,59;154;529;291;125;89;371;311;354;515;555
1,19611,19664,1,0,0,14,2,30;7;144;239;36;614;376;210;174;426;396;354;515;640
1,19646,19733,1,0,0,12,1,109;204;1;579;341;175;139;421;361;354;515;605
1,19580,19827,1,0,0,15,4,61;38;175;270;67;11;645;407;241;205;487;427;354;515;671
1,19611,19671,1,0,0,14,3,30;7;144;239;36;614;342;210;174;426;396;354;515;640
1,18061,18132,1,0,0,10,1,275;495;341;213;546;69;354;894;785;575
1,18067,18350,1,0,16,10,8,269;479;335;207;546;63;354;888;779;575
1,18088,18171,1,0,0,10,1,248;468;314;186;522;42;354;867;758;575
1,18143,18194,1,0,0,9,1,193;413;259;131;522;327;812;703;532
1,18145,18349,1,0,0,9,4,191;376;257;129;522;325;810;701;530
1,18145,18400,1,0,0,9,4,191;376;257;129;522;325;810;554;530
1,18251,18309,1,0,0,9,4,85;305;151;23;512;219;704;552;424
1,18269,18534,1,0,0,9,5,67;287;133;5;494;172;686;552;406
1,18370,18457,1,0,0,7,2,145;32;393;100;585;476;305
0,18486,18561,1,0,0,5,0,70;277;469;360;189
1,18508,18794,1,0,0,5,4,48;255;447;338;167
0,18546,18597,1,0,0,6,0,10;217;325;300;129;737
1,18636,18928,1,0,0,5,3,127;319;210;39;647
1,18654,18730,1,0,0,5,1,109;301;192;21;629
1,18661,18931,1,0,0,5,4,87;294;185;14;622
1,18675,18747,1,0,0,5,1,87;280;171;0;405
1,18722,18811,1,0,0,4,2,41;137;124;358
1,18707,18946,1,0,16,4,2,56;248;139;358
0,18802,18880,1,0,0,4,0,137;44;358;613
0,18788,18867,1,0,0,4,0,137;58;358;627
1,18922,18990,1,16,0,6,2,33;358;493;604;696;386
1,18875,19095,1,0,0,4,3,80;358;540;766
1,18949,19038,1,0,0,6,2,6;290;466;604;658;359
1,18945,19026,1,0,0,6,1,10;338;470;604;658;363
0,18952,19027,1,0,0,6,0,3;290;463;604;582;356
0,18950,19014,1,0,0,6,0,5;290;465;604;582;358
1,19036,19097,1,16,0,8,2,247;379;604;582;272;679;814;611
1,19011,19081,1,0,0,8,4,272;404;604;582;297;744;839;636
1,19054,19136,1,0,0,8,4,229;335;587;564;254;679;796;587
1,19045,19106,1,0,0,8,1,238;370;596;573;263;679;805;587
0,19143,19193,1,0,0,10,0,140;272;498;475;165;612;707;504;448;324
0,19102,19180,1,0,0,10,0,181;313;539;516;206;653;748;545;489;365
1,17144,17222,1,0,0,8,2,152;297;63;345;382;200;604;778
1,17158,17450,1,0,0,8,7,138;283;49;345;368;186;590;764
1,17028,17084,1,0,0,9,1,2;268;51;413;179;475;498;316;720
1,17125,17181,1,0,0,8,1,171;316;82;378;401;219;623;797
1,17244,17331,1,0,0,8,3,52;197;259;282;100;504;645;722
1,17250,17321,1,0,0,8,1,46;191;253;276;94;436;645;716
1,17185,17240,1,0,0,8,1,111;256;22;318;341;159;563;645
0,17241,17296,1,0,0,8,0,55;200;262;285;103;507;645;725
1,17432,17700,1,0,0,13,9,9;71;94;316;490;534;522;481;904;1124;456;970;511
1,17432,17504,1,0,0,13,2,9;71;94;316;490;534;522;481;904;1124;456;797;511
1,17315,17395,1,0,0,8,1,126;188;211;29;433;607;651;639
1,17414,17499,1,0,0,13,3,27;89;112;334;508;552;540;499;922;1142;515;988;529
1,17533,17612,1,0,0,11,2,215;389;433;421;380;797;1023;396;797;410;741
1,17542,17628,1,0,0,11,3,206;380;424;412;371;794;996;387;797;401;732
1,17487,17556,1,0,0,12,2,16;39;261;435;479;467;426;849;1068;442;797;456
1,17532,17582,1,0,0,11,2,216;390;434;422;381;804;1024;397;797;411;742
1,17605,17658,1,0,0,12,2,143;298;361;349;308;731;951;318;797;338;669;1016
1,17573,17632,1,0,0,12,2,175;298;393;381;340;763;979;356;797;370;701;1016
1,17549,17817,1,0,0,12,11,199;298;417;405;364;787;979;380;797;394;725;1214
1,17546,17610,1,0,0,11,2,202;298;420;408;367;790;996;383;797;397;728
1,17704,17784,1,0,0,12,4,44;199;262;250;209;632;721;225;698;239;570;1016
0,17694,17767,1,0,0,12,0,54;199;272;260;219;642;721;235;708;249;580;1016
1,17650,17727,1,0,0,12,3,98;272;316;304;263;686;721;279;752;293;624;1016
1,17627,17892,1,0,15,12,4,121;295;339;327;286;709;929;302;775;316;647;1016
1,17952,18019,1,0,0,12,4,14;2;384;604;450;322;811;178;518;937;894;723
1,17848,18135,1,0,0,15,10,74;118;106;65;488;708;81;554;95;421;915;282;622;1107;998
1,17731,17788,1,0,0,12,4,17;191;235;223;182;605;721;198;671;212;421;999
1,17728,17979,1,0,0,12,7,20;194;238;226;185;608;721;201;674;215;546;999
0,18041,18109,1,0,0,10,0,295;515;361;233;546;89;354;914;805;575
1,18034,18114,1,0,0,10,3,302;522;368;240;546;96;354;921;812;641
1,18027,18325,1,0,0,10,6,309;529;375;247;546;103;443;928;819;648
1,18022,18222,1,0,0,10,2,314;534;380;252;741;108;448;933;824;653
1,16282,16343,1,0,0,8,1,35;301;207;445;246;483;290;748
1,16285,16336,1,0,0,8,1,20;298;204;442;246;480;287;745
0,16297,16373,1,0,0,8,0,13;286;192;430;246;468;275;733
0,16312,16367,1,0,0,8,0,5;271;177;415;246;453;260;718
1,16109,16336,1,0,0,6,6,208;474;380;618;474;656
1,16148,16356,1,0,0,6,6,169;435;341;535;435;617
1,16199,16275,1,0,0,7,1,118;384;290;528;246;566;373
0,16204,16263,1,0,0,7,0,103;379;285;523;246;561;368
1,16470,16698,1,0,0,9,7,113;19;257;113;287;102;560;826;284
0,16472,16544,1,0,0,9,0,111;17;255;111;287;100;558;675;284
0,16481,16563,1,0,0,9,0,102;8;246;102;284;91;549;675;284
1,16492,16743,1,0,0,9,3,91;235;91;273;80;538;675;284;587
0,16358,16423,1,0,0,7,0,225;131;369;225;407;214;672
1,16423,16508,1,0,0,9,5,160;66;304;160;342;149;607;873;361
1,16428,16491,1,0,0,9,4,155;61;299;155;337;144;602;868;284
0,16463,16527,1,0,0,9,0,120;26;264;120;287;109;567;833;284
1,16606,16674,1,0,0,7,1,121;159;424;675;178;439;743
1,16583,16816,1,0,0,9,6,0;144;0;182;440;675;201;439;858
0,16633,16694,1,0,0,7,0,94;132;397;663;151;439;667
1,16628,16895,1,0,0,7,7,99;137;402;668;156;439;679
1,16516,16603,1,0,0,9,5,67;211;67;249;56;440;675;268;563
0,16505,16571,1,0,0,9,0,78;222;78;260;67;440;675;279;574
1,16579,16797,1,0,0,9,2,4;148;4;186;440;675;205;500;862
0,16520,16594,1,0,0,10,0,63;193;63;245;52;440;675;264;559;921
0,16921,17005,1,0,0,8,0,109;375;158;520;286;582;552;423
1,16895,17183,1,0,0,8,6,135;401;159;546;312;608;631;442
1,16997,17057,1,0,0,9,1,33;299;82;444;210;505;529;347;751
1,16988,17040,1,0,0,9,1,42;308;91;453;219;515;538;356;760
1,16749,16988,1,0,0,8,4,16;281;547;35;159;667;458;754
1,16723,16926,1,0,0,8,2,4;42;307;573;61;356;667;484
1,16847,16909,1,0,0,8,2,183;449;159;594;360;656;679;497
1,16760,16816,1,0,0,9,3,5;270;536;24;159;667;447;657;766
0,15338,15419,1,0,0,4,0,167;352;680;448
0,15344,15395,1,0,0,4,0,167;346;674;448
0,15320,15391,1,0,0,4,0,377;370;686;448
1,15336,15629,1,0,0,4,4,361;354;682;448
1,15307,15384,1,0,0,4,1,390;383;695;448
0,15319,15392,1,0,0,4,0,378;371;686;448
1,15290,15537,1,0,0,6,4,0;3;407;400;700;663
1,15303,15569,1,0,0,4,2,394;387;700;448
0,15561,15642,1,0,0,5,0,136;129;457;392;756
1,15576,15840,1,0,0,5,3,121;114;442;377;741
0,15419,15501,1,0,0,4,0,167;271;599;428
0,15466,15541,1,0,0,5,0,167;224;552;428;851
1,15383,15450,1,0,0,4,1,167;307;635;444
1,15407,15468,1,0,0,4,1,167;283;611;444
0,15362,15427,1,0,0,4,0,167;328;656;448
1,15380,15448,1,0,0,4,1,167;310;638;448
1,15860,15936,1,0,0,7,2,158;28;457;195;723;629;867
0,15773,15833,1,0,0,7,0,245;28;480;261;755;716;954
1,15768,15823,1,0,0,7,1,250;28;512;261;755;721;959
1,15726,15957,1,0,0,5,2,292;227;512;261;755
1,15706,15935,1,0,15,5,3,312;247;512;261;877
1,15681,15965,1,0,0,6,3,16;9;337;272;512;374
0,15639,15717,1,0,0,6,0,58;51;379;314;512;416
1,15610,15694,1,0,0,6,2,87;80;408;343;512;445
0,16081,16157,1,0,0,6,0,236;502;408;646;502;684
1,16029,16084,1,0,0,6,1,264;21;554;460;698;554
1,16021,16101,1,0,0,6,1,296;21;562;468;706;562
1,16005,16066,1,0,0,6,1,13;312;21;578;484;722
1,15989,16060,1,0,0,6,1,29;327;21;594;500;738
1,15987,16049,1,0,0,6,1,31;327;68;596;502;740
1,15975,16056,1,0,0,6,1,43;342;80;608;514;752
1,15901,15956,1,0,0,7,1,117;28;416;154;682;588;826
1,15065,15145,1,0,0,4,1,225;228;632;576
0,15096,15155,1,0,0,4,0,194;197;601;576
0,15036,15120,1,0,0,3,0,254;257;661
1,15048,15134,1,0,0,4,1,242;245;649;642
1,15249,15331,1,0,0,5,1,41;44;448;441;700
0,15274,15345,1,0,0,5,0,16;19;423;416;700
0,15174,15245,1,0,0,5,0,116;119;523;516;844
1,15179,15435,1,0,0,5,2,111;114;518;511;839
0,14760,14824,1,0,0,5,0,197;521;6;200;382
1,14773,14823,1,0,0,5,1,184;517;4;187;382
1,14695,14778,1,0,0,4,1,262;521;64;265
1,14738,14970,1,0,0,5,4,219;521;6;222;555
1,14912,14993,1,0,0,5,2,45;378;48;381;785
1,14977,15039,1,0,0,3,1,313;316;720
1,14863,14939,1,0,0,5,1,94;427;97;382;834
0,14884,14945,1,0,0,5,0,73;404;76;382;813
0,14603,14653,1,0,0,4,0,354;666;174;357
0,14539,14628,1,0,0,4,0,388;666;238;421
1,14515,14582,1,0,0,4,1,442;666;262;445
1,14474,14751,1,0,0,4,4,483;816;303;486
1,14644,14716,1,0,0,4,1,313;521;133;316
0,14637,14708,1,0,0,4,0,320;521;140;323
0,14634,14721,1,0,0,4,0,323;521;143;326
1,14632,14857,1,0,0,4,2,325;658;145;328
1,14332,14402,1,0,0,10,3,112;78;112;100;7;80;128;625;958;445
1,14328,14384,1,0,0,10,1,116;82;116;104;7;84;132;629;962;449
0,14261,14319,1,0,0,11,0,6;183;149;183;171;7;129;199;647;979;516
1,14224,14519,1,0,0,12,6,43;220;0;186;24;220;208;7;129;236;647;985
1,14430,14493,1,0,0,8,1,14;14;2;30;527;860;347;530
0,14413,14471,1,0,0,7,0,31;31;19;47;544;877;364
0,14400,14468,1,0,0,9,0,44;10;42;32;12;60;557;890;377
1,14379,14429,1,0,0,10,2,65;31;65;53;7;33;81;562;911;398
1,14003,14067,1,0,0,10,1,264;390;221;407;88;245;441;429;392;263
1,14099,14360,1,0,0,11,9,168;345;125;311;149;345;333;296;263;361;858
1,14131,14181,1,0,0,11,3,136;313;93;279;117;313;301;264;263;329;647
1,14156,14221,1,0,0,12,1,111;288;68;254;92;288;276;239;256;304;647;1134
1,14168,14438,1,0,0,12,9,99;276;35;242;80;276;264;227;244;292;647;1122
1,14178,14470,1,0,0,12,6,89;266;35;232;70;266;254;217;234;282;647;985
0,14206,14259,1,0,0,12,0,61;238;18;204;42;238;226;7;206;254;647;985
1,14221,14509,1,0,0,12,4,46;223;3;189;27;223;211;7;191;239;647;985
1,13747,13833,1,0,0,14,2,140;251;154;520;239;697;477;663;344;501;697;685;648;665
1,13769,13992,1,0,0,14,9,118;229;132;498;217;675;455;641;322;479;675;633;626;643
1,13790,13856,1,0,0,14,3,97;208;111;477;196;654;434;620;301;458;578;633;605;622
1,13895,13975,1,0,0,13,3,103;6;372;91;549;329;515;196;353;549;537;500;517
1,13935,14004,1,0,0,12,3,63;332;51;509;289;475;156;313;509;497;460;477
0,13969,14053,1,0,0,12,0,29;298;17;475;255;441;122;279;475;463;426;443
1,13973,14057,1,0,0,12,3,25;294;13;471;251;437;118;275;471;459;422;439
1,13985,14266,1,0,0,12,9,13;282;1;390;239;425;106;263;459;447;410;427
0,13504,13559,1,0,0,11,0,164;43;197;236;383;494;397;694;482;940;720
1,13448,13716,1,0,0,11,6,220;33;19;99;253;292;439;550;453;819;538
1,13559,13611,1,0,0,11,2,109;142;181;328;439;342;694;427;885;665;851
1,13511,13568,1,0,0,11,2,157;36;190;229;376;487;390;694;475;933;713
1,13631,13712,1,0,0,13,2,37;70;109;256;367;270;636;355;813;593;779;460;617
1,13617,13671,1,0,0,12,1,51;84;123;270;381;284;650;369;827;607;793;474
1,13687,13766,1,0,0,13,1,14;53;190;311;214;580;299;757;537;723;404;544;757
1,13646,13704,1,16,0,14,1,22;55;94;241;352;255;621;340;798;578;764;445;544;798
1,13149,13383,1,0,0,13,6,50;171;150;519;332;318;398;198;277;552;563;681;849
1,13139,13210,1,0,16,13,3,60;181;160;529;342;328;408;208;287;562;563;748;859
0,13199,13288,1,0,0,13,0,0;121;100;469;282;268;348;148;227;349;541;681;635
1,13168,13377,1,0,0,13,7,31;152;131;500;313;299;379;179;258;349;563;681;830
0,13221,13274,1,0,0,12,0,99;78;447;260;246;326;126;205;349;519;666;635
0,13202,13276,1,0,0,12,0,118;97;466;279;265;345;145;224;349;538;681;635
0,13447,13509,1,0,0,11,0,221;34;20;100;254;293;440;551;454;820;539
1,13252,13329,1,0,0,13,4,68;47;416;229;215;295;95;174;349;488;635;635;649
0,13113,13173,1,0,0,12,0,86;207;186;555;368;354;434;234;313;588;563;774
0,13122,13188,1,0,0,12,0,77;198;177;546;359;345;425;225;304;579;563;765
1,12997,13086,1,0,0,11,5,202;323;302;671;484;470;550;350;429;704;563
1,13047,13117,1,0,0,12,5,152;273;252;621;434;420;500;300;379;654;563;840
1,12989,13212,1,0,0,11,4,210;331;310;679;486;478;558;358;437;712;751
0,12994,13054,1,0,0,11,0,205;326;305;674;486;473;553;353;432;707;563
1,12936,13003,1,0,0,9,5,263;384;363;732;545;478;611;411;490
0,12955,13029,1,0,0,9,0,244;365;344;713;486;478;592;392;471
0,12905,12974,1,0,0,10,0,17;294;415;394;763;576;495;642;442;521
1,12930,12996,1,0,0,9,2,269;390;369;738;551;495;617;417;496
0,12860,12918,1,0,0,9,0,62;339;460;439;808;621;495;687;487
0,12884,12941,1,0,0,10,0,38;315;436;415;784;597;495;663;463;542
1,12804,12863,1,0,0,8,1,13;115;395;516;495;864;677;495
0,12850,12900,1,0,0,9,0,72;349;470;449;818;631;495;697;497
0,12792,12867,1,0,0,8,0,25;115;407;528;507;876;689;675
1,12794,13011,1,0,0,8,2,23;115;405;526;505;874;687;673
1,12776,12852,1,0,0,7,1,41;146;423;544;523;892;705
0,12775,12854,1,0,0,7,0,42;146;424;545;524;893;706
1,12756,12825,1,0,0,6,1,61;166;443;564;543;912
0,12649,12703,1,0,0,4,0,168;273;550;671
1,12602,12686,1,0,0,4,1,215;316;597;718
1,12579,12835,1,0,0,4,2,238;329;620;741
1,12579,12638,1,0,0,4,1,238;316;620;741
1,12559,12645,1,0,0,4,1,258;329;640;761
1,12531,12619,1,0,0,4,1,286;391;668;789
1,12497,12577,1,0,0,4,1,21;302;425;702
1,12496,12560,1,0,0,4,1,22;316;426;703
1,12468,12519,1,0,0,4,1,50;344;454;731
1,12438,12488,1,0,0,5,1,29;80;351;484;761
1,12435,12503,1,0,0,5,2,32;83;382;487;764
0,12418,12468,1,0,0,5,0,49;100;399;504;781
0,12398,12469,1,0,0,4,0,69;120;419;524
1,12234,12311,1,0,0,6,1,233;284;92;88;579;688
1,12258,12347,1,0,0,6,1,209;260;68;57;559;664
1,12281,12335,1,0,0,6,3,186;237;45;15;536;641
1,12326,12402,1,0,0,5,2,141;192;0;491;596
1,12161,12403,1,15,0,7,1,306;357;49;165;120;628;696
1,12165,12215,1,0,0,7,1,302;326;45;161;114;628;696
1,12189,12254,1,0,0,7,1,278;326;13;137;114;628;696
1,12214,12277,1,0,0,6,3,253;304;112;108;603;696
1,12124,12178,1,0,0,7,1,343;394;86;202;151;693;760
1,12132,12212,1,0,0,7,3,335;386;78;194;120;685;760
1,12142,12227,1,0,0,7,2,325;376;68;184;120;628;760
1,12161,12222,1,0,0,7,1,306;357;49;165;114;628;696
0,11996,12060,1,0,0,8,0,12;116;471;512;42;214;256;151
1,12011,12216,1,0,0,7,4,101;456;507;27;199;256;151
0,12085,12162,1,0,0,7,0,27;382;433;125;241;151;732
1,12109,12349,1,0,0,8,5,3;358;409;101;217;151;708;813
1,11951,12021,1,0,0,9,2,57;20;161;516;512;87;259;256;371
1,11921,12122,1,0,0,9,3,87;16;50;191;546;589;117;289;256
1,11991,12275,1,0,0,8,3,17;121;476;512;47;219;256;331
0,11980,12061,1,0,0,8,0,28;132;487;512;58;230;256;342
1,11849,11926,1,0,0,11,1,47;33;159;88;122;263;618;618;189;361;477
1,11821,11908,1,0,0,11,2,75;61;187;116;150;291;646;8;643;217;387
1,11906,12176,1,0,0,9,4,102;31;65;206;561;612;132;304;256
1,11857,12132,1,0,0,11,8,39;25;151;80;77;255;610;618;181;353;469
1,11736,12015,1,0,0,11,8,160;146;272;201;235;376;694;93;667;302;474
1,11734,11819,1,0,0,11,3,162;148;274;203;237;378;733;95;667;304;476
1,11800,11884,1,0,0,11,2,96;82;208;137;171;312;667;29;643;238;410
1,11789,11841,1,0,0,11,1,107;93;219;148;182;323;678;40;643;249;421
1,11501,11718,1,0,0,9,5,395;55;381;507;436;321;544;966;328
1,11492,11731,1,0,0,8,4,404;64;390;509;445;479;544;975
1,11633,11878,1,0,0,10,8,263;249;375;270;321;479;834;196;885;405
1,11506,11568,1,0,0,9,1,390;50;376;502;270;321;544;961;323
1,11229,11299,1,0,0,7,2,6;36;0;600;66;327;653
0,11211,11263,1,15,0,7,0,24;54;18;600;66;345;671
1,11186,11265,1,0,0,8,3,49;3;78;43;600;66;370;696
1,11169,11240,1,0,0,7,1,66;20;96;60;600;66;387
1,11298,11387,1,16,0,5,1,546;25;204;584;710
1,11295,11371,1,47,0,4,1,546;28;261;587
1,11289,11378,1,0,0,4,2,548;34;267;593
1,11289,11360,1,16,0,4,1,546;34;267;593
1,11392,11453,1,0,0,7,1,504;164;490;509;545;579;720
1,11381,11624,1,0,0,7,6,515;175;501;627;556;590;731
1,11343,11395,1,0,0,6,1,537;204;539;665;594;628
0,11334,11404,1,0,0,6,0,537;204;548;674;603;637
1,11472,11552,1,0,0,8,2,424;84;410;509;465;499;565;976
1,11466,11691,1,0,0,8,5,430;90;416;509;471;505;565;1001
1,11441,11644,1,0,0,8,6,455;115;441;509;496;530;671;1026
0,11437,11523,1,0,0,8,0,459;119;445;509;500;534;675;1030
1,10923,10990,1,0,0,10,1,96;205;312;223;266;342;80;302;973;400
1,10923,11162,1,0,0,10,3,96;205;292;223;266;342;80;302;973;400
1,10884,10955,1,0,0,10,2,140;260;351;262;305;381;119;302;1012;439
1,10907,10966,1,0,0,10,1,132;205;328;239;282;358;96;302;989;416
1,10983,11042,1,0,0,10,2,56;161;252;163;206;282;20;81;913;340
1,11007,11087,1,0,0,9,2,32;137;228;139;182;258;81;889;316
1,10933,11154,1,0,0,10,3,96;205;292;213;256;332;70;81;963;390
1,10955,11009,1,0,0,10,2,84;189;280;191;234;310;48;81;941;368
1,11082,11165,1,0,0,8,2,62;153;64;107;183;81;814;66
0,11102,11164,1,0,0,8,0,42;133;44;87;163;81;794;66
1,11007,11084,1,0,0,9,1,32;126;228;139;182;258;81;889;316
1,11017,11295,1,0,0,9,3,22;126;204;129;172;248;81;879;306
1,11132,11344,1,0,0,9,4,12;103;14;57;133;81;609;66;424
1,11151,11400,1,0,0,7,3,84;38;114;78;601;66;405
1,11106,11175,1,0,0,8,2,38;129;40;83;159;81;790;66
1,11131,11411,1,0,0,9,3,13;104;15;58;134;81;765;66;425
1,10441,10707,1,0,0,9,4,339;8;77;598;703;794;570;748;824
1,10433,10672,1,0,0,9,3,347;16;85;606;711;802;713;756;832
1,10514,10584,1,0,0,9,2,266;4;525;576;684;570;675;751;489
1,10454,10721,1,16,0,8,4,326;64;585;576;781;570;735;811
1,10560,10855,1,0,0,8,7,220;479;576;511;570;629;696;443
1,10516,10727,1,0,0,9,3,264;2;523;576;684;570;673;696;487
0,10572,10625,1,0,0,8,0,208;467;355;511;570;617;669;431
1,10568,10644,1,0,0,8,2,212;471;355;511;570;621;696;435
1,10685,10769,1,0,0,8,3,95;354;355;511;461;504;580;318
1,10602,10661,1,0,0,8,1,178;437;355;511;544;587;663;401
1,10689,10924,1,0,0,8,3,91;350;334;511;457;500;576;303
1,10687,10767,1,0,0,8,1,93;352;334;511;459;502;578;316
1,10813,10900,1,0,0,7,2,226;331;422;328;376;452;190
0,10768,10838,1,0,0,8,0,12;271;334;467;328;421;497;235
1,10842,10896,1,0,0,8,1,140;302;393;304;347;423;161;302
1,10827,11092,1,0,0,8,6,140;317;408;319;362;438;176;402
1,9886,9970,1,0,0,8,1,15;100;313;894;530;112;401;476
1,9903,9981,1,0,0,8,3,15;83;313;877;513;53;384;459
1,9939,10012,1,0,0,8,1,47;308;841;477;53;348;423;510
1,10010,10062,1,0,0,6,2,237;770;406;277;352;439
0,10031,10095,1,0,0,6,0,216;749;358;256;331;418
1,10033,10317,1,0,0,6,5,214;747;358;254;329;416
1,10037,10121,1,15,0,6,2,210;743;358;250;325;200
1,10155,10213,1,0,0,7,1,92;625;261;132;207;200;363
1,10159,10246,1,0,0,7,1,88;621;257;128;188;200;359
1,10208,10258,1,0,16,7,1,39;572;208;79;154;200;310
1,10219,10422,1,0,0,7,4,28;561;197;68;123;200;299
1,10235,10302,1,0,0,8,3,12;545;181;52;123;200;102;804
1,10310,10387,1,0,0,9,3,470;106;52;139;102;729;834;925;836
1,10357,10433,1,0,0,10,3,423;59;5;92;102;682;787;878;789;832
1,10387,10456,1,0,0,9,3,393;29;62;102;652;757;848;759;802
0,10402,10459,1,0,0,10,0,360;14;47;102;637;742;833;744;787;863
0,9574,9629,1,0,0,4,0,203;349;304;544
1,9568,9641,1,15,0,4,1,213;349;304;544
1,9564,9628,1,0,0,4,1,217;349;325;544
1,9529,9772,1,0,0,5,1,242;349;331;17;544
1,9490,9759,1,0,0,5,3,242;349;331;56;757
1,9484,9709,1,0,0,5,1,242;349;360;62;763
0,9465,9530,1,0,0,4,0,242;349;360;81
0,9461,9521,1,0,0,4,0,242;349;360;85
1,9877,9965,1,0,0,8,1,15;109;370;903;539;121;410;485
1,9868,9935,1,0,0,8,2,69;118;379;912;548;130;419;494
0,9833,9897,1,0,0,7,0,104;153;414;947;583;165;454
0,9741,9805,1,0,0,8,0,29;196;245;506;1003;675;257;546
1,9737,9796,1,0,0,8,1,44;200;249;510;1003;679;261;550
1,9727,9781,1,0,0,8,3,54;210;259;520;1053;689;271;560
1,9612,9677,1,0,0,5,1,169;325;304;544;1168
0,9580,9648,1,0,0,4,0,201;349;304;544
0,9293,9346,1,0,0,3,0,242;8;644
0,9295,9367,1,0,0,3,0,242;8;642
0,9278,9335,1,0,0,4,0,11;503;8;648
1,9289,9542,1,0,0,4,2,0;492;8;648
1,9208,9260,1,0,0,4,1,73;532;8;729
1,9269,9501,1,0,0,4,2,20;512;8;668
1,9185,9271,1,0,0,4,1,81;532;8;752
0,9186,9401,1,0,0,4,0,73;532;8;751
0,9437,9490,1,0,0,3,0,242;349;549
1,9452,9684,1,0,0,4,2,242;349;534;94
1,9369,9433,1,0,0,3,1,242;8;568
1,9387,9651,1,0,0,3,1,242;4;550
0,9351,9440,1,0,0,3,0,242;8;586
1,9357,9441,1,0,0,3,1,242;8;580
0,9304,9365,1,0,0,3,0,242;8;633
0,9310,9376,1,0,0,3,0,242;8;627
1,9016,9069,1,0,0,5,2,127;106;273;765;404
1,8987,9059,1,0,0,5,2,156;135;302;794;433
0,9039,9126,1,0,0,5,0,104;83;250;725;381
1,9032,9103,1,0,0,5,1,111;87;257;749;388
1,8884,8938,1,0,0,5,2,259;238;403;882;536
1,8848,9064,1,0,0,5,2,295;274;441;882;572
0,8932,9014,1,0,0,5,0,211;190;357;849;466
1,8928,8984,1,0,0,5,2,215;194;361;853;492
1,9161,9217,1,0,0,4,1,128;532;259;761
1,9153,9238,1,0,0,4,2,136;532;267;784
1,9170,9423,1,0,0,4,2,81;532;250;761
1,9166,9254,1,0,0,4,1,107;532;254;761
1,9081,9153,1,0,0,5,1,62;41;208;700;339
1,9060,9125,1,0,0,5,2,83;62;229;721;360
1,9123,9360,1,0,0,4,2,20;147;658;297
1,9118,9358,1,0,0,5,2,25;4;171;663;302
1,8428,8631,1,0,0,4,1,37;175;339;712
1,8472,8703,1,0,0,5,1,24;175;298;671;650
1,8530,8618,1,0,0,5,1,24;175;240;613;592
1,8548,8608,1,0,0,5,2,6;175;222;595;574
1,8380,8457,1,0,0,4,2,213;175;339;763
1,8381,8440,1,0,15,4,2,212;175;339;717
1,8406,8703,1,0,0,4,1,187;175;339;712
0,8428,8506,1,0,0,4,0,24;175;339;712
1,8749,8983,1,0,0,5,3,21;394;373;467;1032
1,8769,9015,1,0,0,5,2,1;374;353;448;1012
0,8792,8869,1,0,0,4,0,351;330;448;882
0,8798,8853,1,0,0,4,0,345;324;448;882
1,8622,8857,1,0,0,5,3,122;148;521;500;667
1,8674,8752,1,0,0,5,1,70;96;469;448;491
1,8705,8764,1,0,0,6,2,38;65;438;417;491;1076
1,8715,8917,1,0,16,6,3,29;55;428;407;491;1066
333
19419,19785,0.00,10
19488,20067,138.25,8
19489,20007,0.00,9
19491,20076,177.07,9
19101,19467,42.07,10
19176,20225,296.64,11
19233,19987,145.29,10
19387,19821,0.00,8
19902,20637,29.29,8
20008,20696,70.45,11
20041,20714,53.79,8
20049,20808,87.96,9
19508,20215,162.93,9
19560,20251,84.56,11
19759,20660,187.92,10
19782,20437,105.47,8
17848,18846,161.73,10
17845,18955,412.80,11
18545,19283,313.46,9
17902,18675,66.34,8
17548,18763,476.90,8
17493,18274,137.00,10
17825,18470,182.15,10
17765,18130,0.00,9
18994,19850,42.40,11
18985,19755,191.84,8
19073,19591,0.00,9
18998,19647,24.03,8
18859,19641,384.40,9
18728,19415,35.42,9
18904,19308,0.00,8
18897,19618,176.71,9
16922,17748,90.00,8
17046,17922,275.73,10
16752,17526,118.69,8
16818,17344,67.73,10
16686,17207,0.00,8
16743,17503,181.06,9
16491,17079,283.02,8
16518,17441,212.34,8
17394,18402,173.23,9
17402,17943,0.00,9
17385,18556,521.98,8
17391,17929,98.08,9
17339,17913,0.00,11
17363,18336,36.92,10
17222,17966,0.00,9
17254,17954,0.00,8
15700,16583,166.53,11
15604,16055,160.88,10
15423,16317,352.84,11
15277,15953,434.74,11
15133,16018,182.15,9
15040,15690,66.76,11
14844,15697,218.82,9
14711,15293,239.13,10
16419,16784,77.86,11
16413,17296,151.96,8
16228,17030,98.14,11
16165,16572,0.00,11
16055,16765,50.56,9
16012,16583,189.46,11
15750,16727,101.96,11
15743,16489,0.00,10
23880,24630,224.51,11
23881,24641,274.24,10
23891,24654,89.43,9
23892,24572,96.44,11
23967,24553,31.60,8
24099,24845,224.28,11
24180,24714,58.69,11
24323,24885,124.85,10
24466,25352,294.22,9
24546,25118,68.87,11
24636,25605,380.24,9
24706,25388,35.86,9
24716,25478,145.73,8
24733,25226,140.69,11
24882,25696,228.02,10
25034,25619,0.00,9
22489,23224,0.00,10
22359,23227,223.07,10
22608,23348,50.53,10
22536,23220,148.54,9
22636,23147,71.69,9
22624,23238,0.00,8
22868,23595,88.88,9
22728,23258,58.02,9
22888,23820,400.94,10
22880,23619,436.22,11
23321,24212,146.47,9
23231,23964,151.06,10
23372,24301,330.30,11
23339,24196,127.10,11
23812,24748,266.72,11
23510,24235,209.44,11
21384,22238,0.00,10
21443,22265,0.00,9
21270,21795,0.00,10
21298,22129,0.00,8
21535,22572,191.80,10
21596,22323,0.00,11
21467,22667,368.23,9
21498,22299,0.00,8
21959,22279,0.00,10
21963,22617,230.10,11
21646,22582,166.14,10
21837,22297,48.10,9
22187,22980,244.76,9
22300,23197,104.72,10
22025,22773,256.22,11
22173,22645,9.45,9
20333,21071,67.51,10
20280,20776,0.00,8
20271,21185,221.10,9
20200,20737,0.00,10
20684,21593,487.60,10
20566,21424,248.50,11
20513,21076,0.00,10
20386,21251,294.63,9
21102,21514,115.91,11
20881,21407,65.30,9
20725,21198,110.97,11
20707,21690,116.19,10
21245,21910,74.64,11
21184,22021,306.92,8
21142,21964,79.78,8
21141,21970,198.12,10
8807,9420,306.98,10
8683,9781,582.15,9
9405,9986,230.91,10
9134,9937,313.63,8
8348,9143,65.93,9
8071,8770,208.94,10
8581,9289,359.09,9
8454,9122,67.87,8
7837,8593,368.43,10
7519,8306,151.17,10
7943,8744,321.98,8
7869,8325,244.81,8
7367,8225,96.94,8
7355,8218,160.90,8
7513,8040,0.00,8
7413,7786,0.00,11
6908,7670,170.01,10
6920,7523,125.13,9
7227,7921,257.33,11
7227,8308,153.23,9
6543,7398,92.01,10
6548,7349,311.06,10
6683,7113,0.00,8
6769,7350,170.90,10
6377,6928,147.68,10
6497,7389,266.65,10
6534,7509,71.62,10
6540,7264,0.00,9
5774,6297,166.11,11
5790,6146,0.00,11
5849,6491,256.24,11
6064,6811,212.56,8
5539,6156,166.64,11
5531,6079,235.81,8
5383,5811,0.00,11
5361,6312,312.16,8
5258,6114,82.12,8
5208,5914,285.07,11
5188,6254,223.49,10
5134,5874,211.08,11
4973,5519,0.00,11
4857,5693,204.55,9
4707,5330,227.19,11
4636,5843,395.03,11
4609,5321,0.00,8
4535,5472,260.05,10
4356,5135,28.30,11
4302,4987,0.00,11
4263,4991,0.00,8
4271,5041,50.25,9
4023,4614,0.00,11
4210,4734,0.00,10
3867,4282,56.16,11
3896,4550,73.23,9
3682,4523,396.98,10
3751,3999,49.56,9
3373,4323,437.23,11
3404,4170,244.14,9
3104,3854,202.42,10
3345,3866,88.37,11
2830,3486,194.50,10
2919,3584,345.20,10
2604,3228,0.00,9
2661,3110,73.76,10
13699,14432,52.63,8
13699,14395,210.51,10
14030,14460,29.41,11
13717,14412,226.69,10
14135,15290,477.66,10
14047,14957,328.44,8
14416,14960,42.99,10
14235,14777,127.98,8
13386,13986,0.00,9
13312,14267,136.20,8
13480,14224,93.73,11
13462,14444,81.36,11
13578,14091,0.00,9
13533,14410,0.00,9
13634,14444,158.47,10
13625,14248,98.69,11
12816,13547,0.00,9
12832,13347,0.00,11
12865,13426,0.00,9
12965,13701,203.74,10
12978,13740,188.78,9
13044,13887,118.70,8
13128,13998,224.01,11
13231,13901,0.00,10
12061,12817,251.78,11
12094,12922,263.74,9
12404,13199,0.00,9
12531,13320,0.00,10
12713,13299,0.00,10
12752,13668,66.56,8
12764,13481,59.50,10
12781,13467,195.14,10
11542,12518,467.31,11
11496,11829,0.00,8
11402,12467,93.01,8
11375,12112,129.90,11
11938,12322,290.93,9
11822,12326,213.69,8
11665,12210,56.72,10
11631,12038,0.00,9
11122,11556,57.27,11
10882,11323,240.58,8
10874,11896,253.16,8
10814,11229,321.05,11
11314,11971,203.29,9
11310,11937,166.32,8
11296,12008,118.91,10
11185,11882,42.94,10
10279,11144,435.85,10
10280,11235,361.59,8
10073,10518,197.91,10
10228,11039,123.48,11
10402,11265,124.97,10
10498,11003,69.31,8
10307,11146,279.41,8
10313,11189,0.00,10
9582,10780,122.83,9
9672,10416,77.13,10
9451,9546,0.00,9
9475,10247,271.41,9
9842,10362,118.19,9
9913,10449,216.54,10
9675,9998,59.60,11
9718,10287,41.32,8
6,505,146.58,10
98,705,198.39,10
257,927,76.03,8
319,1046,76.00,11
669,1411,0.00,8
579,1096,106.05,11
565,1328,0.00,9
555,1105,0.00,11
509,1447,0.00,11
480,1133,202.03,9
474,1400,0.00,11
343,1220,88.07,11
1336,2005,247.40,8
1258,1910,72.41,11
1103,1833,174.89,10
986,1400,0.00,11
973,1677,34.43,9
900,1562,30.55,9
830,1901,266.23,11
675,1613,78.65,9
1861,2280,226.24,10
1936,2293,0.00,10
1700,2090,175.26,11
1813,2807,559.42,10
1662,2335,155.17,11
1686,2362,168.17,11
1357,1960,192.48,9
1634,2331,247.70,8
2370,3006,227.33,10
2475,3426,351.42,9
2119,2931,518.42,8
2172,2840,249.34,11
2071,2618,130.77,8
2072,2837,43.83,11
1958,2934,161.60,11
2010,2713,0.00,9
28725,29467,210.54,8
28554,29051,77.73,9
28681,29078,0.00,8
28481,29003,258.72,10
28485,29139,280.96,11
28197,29039,82.72,9
28337,29020,263.86,10
27870,28349,0.00,10
27928,28844,295.42,10
26400,27124,46.18,8
26432,27230,0.00,8
26435,26936,0.00,11
26465,27133,213.03,10
26234,27021,48.65,8
26246,26993,86.33,8
26385,27076,0.00,11
26388,27431,355.83,8
25590,26505,222.48,9
25828,26769,195.35,8
26200,26843,216.84,10
26234,26662,50.75,10
25036,25935,301.83,8
25265,26164,283.52,8
25438,26009,70.62,9
25537,26169,295.73,8
27695,28365,146.98,8
27664,28655,411.38,11
27811,28636,60.30,11
27728,28291,0.00,8
27438,28251,225.05,9
27349,28235,0.00,9
27562,28172,0.00,11
27498,28155,29.31,8
27275,28283,50.97,11
26969,27613,354.90,10
27342,28359,0.00,10
27340,28457,177.17,9
26555,27177,0.00,11
26537,27299,251.69,11
26819,27472,236.33,11
26589,27432,29.18,11
