101
1,1742,2004,1,0,94,5,2,5;42;14;426;745
1,1769,1978,1,0,140,4,3,15;399;551;664
0,1798,1851,1,0,0,3,0,370;538;635
1,1803,2081,1,0,94,3,1,365;538;630
1,1835,2051,1,0,94,3,1,333;538;450
0,1841,1923,1,0,0,3,0,327;538;399
0,1866,1926,1,0,0,3,0,302;538;399
0,1869,1924,1,0,0,3,0,299;538;399
1,1561,1631,1,0,156,6,2,185;142;136;223;195;607
0,1562,1645,1,0,0,6,0,165;141;135;222;194;606
1,1564,1618,1,0,125,6,2,165;139;133;220;192;604
1,1634,1693,1,0,125,6,2,113;69;63;150;122;534
0,1703,1774,1,0,0,5,0,44;0;81;53;465
0,1710,1797,1,0,0,4,0,37;74;46;458
1,1711,1929,1,0,94,4,2,36;73;45;457
0,1731,1816,1,0,0,5,0,16;53;25;437;756
1,1354,1436,1,0,203,7,1,88;6;393;349;343;430;301
1,1338,1588,1,0,187,7,5,104;22;393;365;359;446;326
1,1453,1541,1,0,141,5,2,294;250;244;331;301
1,1379,1600,1,0,203,6,4,63;368;324;318;393;301
1,1525,1734,1,0,156,6,3,194;178;172;259;231;643
1,1521,1580,1,0,156,6,2,226;182;176;263;235;647
1,1554,1632,1,0,156,6,2,193;149;143;225;202;614
0,1530,1609,1,0,0,6,0,194;173;167;225;226;638
1,1162,1233,1,0,265,10,2,89;280;102;152;198;585;541;535;557;594
1,1119,1359,1,0,296,10,5,132;323;145;195;241;628;584;578;665;637
1,1181,1238,1,0,250,10,1,70;261;56;133;179;566;462;516;557;575
1,1164,1248,1,0,265,10,2,87;278;56;150;196;583;539;533;557;592
1,1303,1380,1,0,202,8,2,139;11;57;444;400;394;481;453
1,1193,1275,1,0,203,10,2,58;249;56;121;167;554;462;504;557;563
1,1310,1516,1,0,203,8,5,132;4;50;393;393;387;474;446
0,1308,1378,1,0,0,8,0,134;6;52;393;395;389;476;448
0,2612,2678,1,0,0,9,0,344;331;215;376;553;144;566;812;765
1,2623,2900,1,0,344,9,8,333;320;204;365;542;133;566;801;754
1,2520,2572,1,0,421,11,1,436;423;63;40;30;307;59;468;645;236;670
1,2592,2676,1,0,297,8,2,364;351;235;396;573;164;598;832
0,2642,2693,1,0,0,9,0,314;301;185;346;523;114;548;658;735
1,2668,2947,1,0,359,10,9,288;275;159;320;497;88;522;658;709;897
1,2334,2386,1,0,499,13,2,153;99;622;609;249;226;216;493;245;654;831;422;856
1,2254,2318,1,0,359,11,1,233;179;664;689;329;306;296;573;325;734;911
1,2221,2304,1,0,374,11,1,266;212;711;722;362;339;329;606;358;767;944
1,2213,2270,1,0,359,11,1,274;220;743;730;370;347;337;614;366;775;952
0,2508,2587,1,0,0,11,0,448;435;75;52;42;319;71;480;657;248;682
1,2461,2523,1,0,405,12,1,26;495;482;122;99;89;366;118;527;704;295;729
1,2412,2473,1,0,437,13,2,75;21;544;531;171;148;138;387;167;576;753;344;778
1,2409,2470,1,0,406,13,1,78;24;547;534;174;151;141;418;170;579;756;347;781
1,1950,2018,1,0,218,7,1,218;526;398;957;993;633;610
1,1945,2004,1,0,219,7,1,223;538;398;957;998;638;615
1,1879,2175,1,0,140,4,2,289;538;398;1077
1,1875,2077,1,0,110,3,1,293;538;399
1,2186,2257,1,15,328,10,1,301;247;770;757;397;374;364;641;393;802
0,2042,2094,1,0,0,10,0,126;445;391;914;901;541;518;508;785;537
1,2018,2090,1,0,234,9,1,150;465;398;938;925;565;542;532;809
1,1962,2046,1,0,187,7,2,206;501;398;957;981;621;598
0,88,142,1,0,0,1,0,616
0,82,134,1,0,0,1,0,622
1,120,204,1,0,86,2,1,584;676
0,90,162,1,0,0,1,0,614
0,21,230,1,0,0,0,0,
0,79,132,1,0,0,1,0,625
0,71,138,1,0,0,1,0,633
1,220,476,1,0,78,2,1,295;576
0,218,279,1,0,0,2,0,295;578
0,254,339,1,0,0,3,0,282;542;236
0,222,292,1,0,0,2,0,282;574
1,171,239,1,0,69,2,1,533;625
0,166,218,1,0,0,2,0,538;630
1,203,497,1,0,78,2,1,501;593
0,173,454,1,0,0,2,0,525;623
1,758,839,1,0,188,6,2,38;451;684;506;556;532
1,709,978,1,0,203,6,4,87;542;733;534;605;532
1,688,932,1,0,250,7,5,16;108;563;754;534;626;541
1,662,951,1,0,250,7,5,42;128;589;780;534;652;698
1,642,703,1,0,249,7,1,62;139;609;800;534;672;718
0,631,710,1,0,0,7,0,73;139;620;811;534;683;729
1,628,892,1,0,234,7,5,76;139;623;814;538;686;732
0,599,680,1,0,0,6,0,105;139;652;843;538;715
1,1074,1137,1,0,234,9,1,177;368;190;240;286;673;629;623;710
0,972,1026,1,0,0,8,0,279;470;292;342;388;775;731;725
0,931,984,1,0,0,8,0,320;511;301;383;429;816;772;766
1,894,974,1,0,249,8,2,357;548;370;403;466;853;809;803
1,840,921,1,0,156,7,1,411;602;424;474;505;907;863
1,834,915,1,0,140,6,2,417;608;430;480;520;913
1,833,897,1,0,141,6,2,418;609;431;481;527;914
1,817,894,1,0,141,6,2,434;625;447;497;532;930
0,338,394,1,0,0,3,0,282;458;152
0,439,503,1,0,0,3,0,265;357;51
0,318,370,1,0,0,3,0,282;478;172
0,333,407,1,0,0,3,0,282;463;157
0,284,369,1,0,0,3,0,282;512;206
0,301,355,1,0,0,3,0,282;495;189
0,274,349,1,0,0,3,0,282;522;216
0,275,354,1,0,0,3,0,282;521;215
0,586,672,1,0,0,6,0,118;139;665;856;678;728
1,595,812,1,0,203,6,4,109;139;656;847;669;719
0,520,577,1,0,0,5,0,184;139;731;922;744
0,550,606,1,0,0,5,0,154;139;701;892;714
1,491,783,1,15,203,5,4,213;139;760;951;773
0,501,577,1,0,0,5,0,198;139;750;941;763
1,464,722,1,0,140,4,3,240;332;26;787
0,479,563,1,0,0,4,0,225;139;11;772
30
45,704,289.35,8
113,796,204.26,11
488,1264,251.24,11
485,1442,0.00,11
455,1251,137.38,11
253,490,0.00,9
838,1703,140.11,9
801,1747,155.96,9
625,1360,188.03,11
563,1314,71.75,8
1506,2168,6.59,9
1080,1756,145.93,8
1012,1784,213.18,8
865,1697,0.00,8
1891,2943,0.00,11
1878,2956,216.12,9
1757,2433,243.82,8
1721,2487,323.28,10
2573,3424,164.91,11
2319,3190,32.95,9
2651,3565,0.00,8
2611,3377,0.00,10
2165,2988,0.00,8
2030,2579,0.00,9
2267,2756,0.00,9
2204,3165,0.00,10
1918,2560,0.00,11
1902,2583,0.00,10
2018,2827,45.18,11
2008,2550,49.80,9
