101
1,709,978,1,0,0,6,3,87;542;683;445;564;501
0,88,142,1,0,0,1,0,616
1,688,932,1,0,0,7,2,16;108;563;683;451;564;501
0,90,162,1,0,0,1,0,614
1,817,894,1,0,0,6,2,434;625;445;497;493;930
1,120,204,1,0,0,2,1,584;676
1,758,839,1,0,0,6,1,38;493;683;445;556;493
0,166,218,1,0,0,2,0,538;630
1,834,915,1,0,0,6,3,417;608;430;480;475;869
1,171,239,1,0,0,2,1,533;625
1,833,897,1,0,0,6,3,418;609;431;481;475;914
0,173,454,1,0,0,2,0,525;623
1,894,974,1,0,0,8,2,357;548;370;420;466;853;809;803
1,203,497,1,0,0,2,1,501;593
1,840,921,1,0,0,7,1,411;602;424;474;475;858;863
0,218,279,1,0,0,2,0,295;578
0,972,1026,1,0,0,8,0,279;470;292;342;388;775;731;725
1,220,476,1,0,0,2,1,295;576
0,931,984,1,0,0,8,0,320;511;333;344;429;816;772;766
0,222,292,1,0,0,2,0,282;574
1,1119,1359,1,0,0,10,5,132;323;145;195;241;628;584;578;665;637
0,254,339,1,0,0,3,0,282;542;236
1,1074,1137,1,0,15,9,1,177;368;190;240;286;673;629;623;710
0,274,349,1,0,0,3,0,282;522;216
0,275,354,1,0,0,3,0,282;521;215
1,1164,1248,1,0,0,10,2,87;278;100;106;196;583;539;533;557;592
1,1162,1233,1,0,0,10,2,89;280;102;152;198;585;541;535;557;594
0,284,369,1,0,0,3,0,282;512;206
0,301,355,1,0,0,3,0,282;495;189
1,1193,1275,1,0,0,10,2,58;249;71;106;167;554;462;504;557;563
0,318,370,1,0,0,3,0,282;478;172
1,1181,1238,1,0,0,10,1,70;261;83;106;179;566;462;516;557;575
0,333,407,1,0,0,3,0,282;463;157
0,338,394,1,0,0,3,0,282;458;152
0,439,503,1,0,0,3,0,265;357;51
1,464,722,1,0,0,4,3,240;332;26;787
0,479,563,1,0,0,4,0,225;317;11;636
1,491,783,1,0,0,5,3,213;305;636;951;773
0,501,577,1,0,0,5,0,203;295;636;683;763
0,520,577,1,0,0,5,0,184;276;636;683;744
0,550,606,1,0,0,5,0,154;246;636;683;714
0,586,672,1,0,0,6,0,118;210;636;683;678;728
1,595,812,1,0,0,6,3,109;201;636;683;669;719
0,599,680,1,0,0,6,0,105;197;636;683;665;564
1,628,892,1,0,0,7,4,76;168;623;683;636;564;732
0,71,138,1,0,0,1,0,633
0,631,710,1,0,0,7,0,73;165;620;683;633;564;501
0,21,230,1,0,0,0,0,
1,642,703,1,0,0,7,1,62;154;609;683;622;564;501
0,82,134,1,0,0,1,0,622
1,662,951,1,0,0,7,2,42;134;589;683;602;564;501
0,79,132,1,0,0,1,0,625
1,1742,2004,1,0,0,5,2,5;42;14;426;745
0,1731,1816,1,0,0,5,0,16;53;25;433;756
1,1711,1929,1,0,0,4,2,36;73;45;457
0,1710,1797,1,0,0,4,0,37;74;46;458
1,1835,2051,1,0,0,3,1,333;538;450
1,1803,2081,1,0,15,3,1,365;538;630
0,1798,1851,1,0,0,3,0,370;538;635
1,1769,1978,1,0,0,4,3,15;399;551;664
1,1875,2077,1,16,0,3,1,293;538;399
0,1869,1924,1,0,0,3,0,299;538;399
0,1866,1926,1,0,0,3,0,302;538;399
0,1841,1923,1,0,0,3,0,327;538;399
1,1962,2046,1,0,0,7,2,206;501;398;957;981;621;598
1,1950,2018,1,0,0,7,1,218;526;398;957;993;633;610
1,1945,2004,1,0,0,7,1,223;538;398;957;998;638;615
1,1879,2175,1,0,0,4,2,289;538;398;1077
1,1310,1516,1,0,0,8,4,132;4;19;414;393;387;474;446
1,1338,1588,1,0,0,7,4,104;19;409;365;359;446;326
1,1303,1380,1,0,0,8,1,139;11;57;444;400;394;481;453
1,1308,1378,1,0,0,8,2,134;6;52;414;395;389;476;448
1,1453,1541,1,0,0,5,2,294;250;163;331;301
1,1521,1580,1,0,0,6,2,226;182;163;263;235;647
1,1354,1436,1,0,0,7,1,88;6;393;349;343;430;301
1,1379,1600,1,0,0,6,5,63;368;324;318;393;301
1,1554,1632,1,0,0,6,2,193;149;143;230;202;603
1,1561,1631,1,0,0,6,2,185;142;136;223;195;603
1,1525,1734,1,0,0,6,3,194;178;163;259;231;643
0,1530,1609,1,0,0,6,0,194;173;163;254;226;603
1,1634,1693,1,0,0,6,2,113;69;63;150;122;534
0,1703,1774,1,0,0,5,0,44;0;81;53;465
0,1562,1645,1,0,0,6,0,165;141;135;222;194;603
1,1564,1618,1,0,0,6,2,165;139;133;220;192;603
1,2668,2947,1,0,0,10,9,288;275;159;320;497;88;522;658;709;897
1,2221,2304,1,0,0,11,1,266;212;711;722;362;339;329;606;358;767;944
1,2254,2318,1,0,0,11,2,233;179;664;689;329;306;296;573;325;734;911
1,2334,2386,1,0,0,13,2,153;99;622;609;249;226;216;493;245;654;831;422;856
1,2409,2470,1,0,0,13,1,78;24;547;534;174;151;141;418;170;579;756;347;781
1,2018,2090,1,0,0,9,1,150;469;398;938;923;565;542;532;809
0,2042,2094,1,16,0,10,0,126;445;391;914;901;541;518;508;785;537
1,2186,2257,1,0,0,10,2,301;247;770;757;397;374;364;641;393;802
1,2213,2270,1,0,0,11,1,274;220;743;730;370;347;337;614;366;775;952
1,2592,2676,1,0,0,8,2,364;351;235;396;573;164;598;832
0,2612,2678,1,0,0,9,0,344;331;215;376;553;144;566;812;765
1,2623,2900,1,0,0,9,8,333;320;204;365;542;133;566;801;754
0,2642,2693,1,0,0,9,0,314;301;185;346;523;114;548;658;735
1,2412,2473,1,0,0,13,2,75;21;544;531;171;148;138;387;167;576;753;344;778
1,2461,2523,1,0,0,12,1,26;495;482;122;99;89;366;118;527;704;295;729
0,2508,2587,1,0,0,11,0,448;435;75;52;42;319;71;480;657;248;682
1,2520,2572,1,0,0,11,1,436;423;63;40;30;307;59;468;645;236;670
30
1902,2583,0.00,10
1918,2560,0.00,11
1878,2956,216.12,9
1891,2943,101.76,11
2030,2579,0.00,9
2165,2988,0.00,8
2008,2550,74.03,9
2018,2827,45.18,11
2319,3190,32.95,9
2573,3424,164.91,11
2204,3165,0.00,10
2267,2756,0.00,9
2611,3377,0.00,10
2651,3565,0.00,8
113,796,0.00,11
45,704,274.16,8
455,1251,161.81,11
253,490,0.00,9
488,1264,157.48,11
485,1442,309.87,11
625,1360,317.10,11
563,1314,305.11,8
838,1703,97.93,9
801,1747,190.10,9
1012,1784,146.15,8
865,1697,155.62,8
1506,2168,100.36,9
1080,1756,145.93,8
1757,2433,232.57,8
1721,2487,244.85,10
