502
1,11128,11217,1,0,0,10,2,87;388;299;197;205;283;261;371;377;558
1,11115,11180,1,0,0,10,2,100;401;313;210;218;296;274;384;390;558
1,11150,11202,1,0,0,10,3,65;366;278;175;174;261;239;349;355;542
1,11146,11219,1,0,0,10,1,69;370;282;179;187;265;243;353;359;542
1,10986,11048,1,0,0,11,1,47;16;229;530;442;339;347;425;355;513;519
0,10979,11068,1,0,0,11,0,54;23;236;537;449;346;354;432;355;520;526
1,11031,11293,1,0,0,11,8,2;184;465;397;294;302;380;355;452;474;731
1,11029,11109,1,0,0,11,1,4;186;487;399;296;304;382;355;452;476;733
1,11307,11372,1,0,0,12,1,209;121;18;26;104;82;192;184;361;515;923;925
1,11282,11486,1,0,0,10,3,234;146;43;51;129;107;217;184;361;667
1,11313,11396,1,0,0,12,3,161;115;12;20;98;76;165;184;361;515;917;919
1,11307,11372,1,0,0,12,1,161;121;18;26;104;82;192;184;361;515;923;925
1,11174,11258,1,0,0,11,2,41;342;247;151;159;237;215;306;331;542;775
1,11173,11230,1,0,0,11,1,42;343;247;152;160;238;216;326;332;542;776
1,11269,11487,1,0,0,10,5,247;159;56;64;142;120;230;184;493;680
1,11256,11334,1,0,0,10,2,260;172;69;77;155;133;243;249;506;693
1,10581,10660,1,0,0,8,2,126;27;92;145;273;452;421;471
0,10601,10667,1,0,0,8,0,106;7;72;125;253;432;401;471
1,10649,10718,1,0,0,10,2,58;24;77;205;384;353;471;867;779;676
1,10652,10726,1,0,0,10,1,51;21;74;202;381;350;471;864;776;673
1,10453,10525,1,0,0,8,1,254;54;155;180;182;387;580;521
1,10511,10586,1,0,0,7,2,196;97;162;182;343;522;491
1,10547,10839,1,0,0,8,4,160;61;126;179;307;486;455;668
0,10575,10642,1,0,0,8,0,132;33;98;151;279;458;427;471
0,10759,10848,1,0,0,9,0,95;274;243;456;757;602;566;562;652
1,10847,10908,1,0,0,11,1,7;186;155;368;669;581;478;486;564;542;652
1,10912,10997,1,0,0,11,1,121;90;303;604;516;413;421;499;477;587;593
1,10969,11037,1,0,0,11,3,64;33;246;547;459;356;364;442;420;530;536
1,10671,10753,1,0,0,12,1,36;2;55;183;362;331;471;813;757;654;662;740
1,10678,10883,1,0,0,11,6,29;48;176;355;324;471;813;750;647;593;733
1,10705,10773,1,0,0,11,2,2;21;149;328;297;471;811;602;620;593;706
1,10757,10810,1,0,0,9,1,97;276;245;458;759;602;568;576;654
0,11937,11991,1,0,0,6,0,12;179;165;96;627;751
0,11936,12015,1,0,0,6,0,13;179;165;97;628;752
1,11871,12109,1,0,0,6,1,78;179;361;162;51;693
0,11830,11918,1,0,0,5,0,109;400;402;203;92
1,11830,12058,1,0,0,5,3,109;400;402;203;92
1,11819,11887,1,0,0,5,3,130;411;413;214;103
1,11687,11754,1,0,0,6,2,75;262;412;506;294;235
0,11641,11726,1,0,0,6,0,121;308;412;506;294;281
1,12222,12291,1,15,0,9,1,8;10;342;296;686;746;229;156;753
1,12220,12497,1,0,0,9,5,10;12;344;296;688;746;382;158;755
1,12211,12476,1,0,0,8,6,19;21;353;477;697;746;391;167
1,12170,12247,1,0,0,8,1,60;62;394;518;738;746;432;208
1,12126,12185,1,0,0,8,1,104;106;438;562;782;746;476;252
1,12111,12318,1,0,0,8,6,119;121;453;577;789;897;491;267
0,12096,12173,1,0,0,8,0,134;136;468;592;789;912;506;282
1,11975,12220,1,0,0,6,3,179;165;58;589;713;933
1,11415,11502,1,0,0,10,1,99;13;84;90;347;515;795;817;417;507
1,11422,11481,1,0,0,10,1,76;6;77;83;340;515;795;810;417;500
1,11386,11466,1,0,0,11,2,130;42;25;3;113;119;361;515;803;846;417
1,11396,11448,1,16,0,10,1,120;32;15;103;109;361;515;795;836;417
1,11366,11619,1,0,0,11,4,150;62;45;23;133;138;361;515;803;856;667
0,11378,11437,1,0,0,11,0,138;50;33;11;121;127;361;515;803;854;417
1,11324,11623,1,16,0,13,4,161;104;1;9;87;65;165;181;361;515;906;856;709
1,11336,11402,1,0,0,11,1,161;92;75;53;163;169;361;515;803;856;697
1,11559,11783,1,0,0,6,2,203;390;671;506;406;353
1,11603,11847,1,15,0,6,3,159;346;627;506;294;319
1,11521,11597,1,0,0,6,2,241;428;709;506;406;401
1,11528,11732,1,0,0,6,1,234;421;702;506;406;353
1,11483,11737,1,0,0,9,7,33;16;22;279;466;747;749;417;439
1,11514,11723,1,0,0,7,3,2;248;435;716;506;417;408
1,11439,11520,1,0,0,9,2,63;60;66;323;510;791;793;417;483
1,11483,11568,1,0,0,9,1,33;16;22;279;466;747;506;417;439
1,13023,13101,1,0,0,6,2,400;503;415;322;904;595
0,12949,13031,1,0,0,7,0,59;26;474;554;489;396;978
1,13036,13123,1,0,0,6,3,387;490;402;241;859;582
1,13032,13111,1,0,0,6,1,391;494;406;313;859;586
1,13089,13171,1,0,0,6,2,334;437;349;241;831;529
0,13044,13113,1,0,0,6,0,379;482;394;241;831;574
1,13190,13270,1,0,0,8,1,233;336;248;155;737;359;1150;746
1,13090,13366,1,0,0,6,6,333;436;348;241;800;528
1,13258,13345,1,0,0,9,2,85;268;180;87;669;359;1082;678;933
1,13236,13498,1,0,0,9,7,187;290;202;109;691;359;1104;700;955
1,13290,13373,1,0,0,10,1,85;230;148;55;637;328;1050;646;901;381
1,13263,13326,1,0,0,9,1,85;230;175;82;664;355;1077;673;928
1,13380,13631,1,0,0,9,4,43;146;58;547;238;960;556;811;291
1,13314,13380,1,0,0,10,2,85;212;124;31;613;304;1026;622;877;357
1,13392,13478,1,0,0,10,2,31;134;46;535;226;841;544;799;279;797
0,13389,13447,1,0,0,10,0,34;137;49;538;229;841;547;802;282;800
0,12270,12329,1,0,0,7,0,294;296;638;738;229;108;705
1,12314,12393,1,0,0,7,1,250;296;594;694;229;64;661
0,12374,12436,1,0,0,7,0,190;296;534;634;228;4;601
1,12379,12435,1,0,0,6,1,185;296;529;629;223;596
1,12384,12446,1,0,0,6,2,180;296;524;624;218;589
1,12389,12447,1,0,0,6,2,175;296;494;619;213;586
1,12435,12486,1,0,0,6,2,129;253;463;573;167;540
1,12458,12535,1,0,0,6,2,106;230;445;550;144;517
0,12530,12605,1,0,0,6,0,34;158;378;478;72;445
1,12690,12755,1,0,0,5,1,218;318;285;733;836
1,12713,12780,1,0,0,5,1,195;295;262;710;813
1,12737,12959,1,0,0,5,2,148;271;238;686;789
0,12745,12801,1,0,0,5,0,148;263;230;558;781
1,12785,13028,1,0,0,5,3,123;223;190;558;741
1,12872,12925,1,0,0,8,2,36;136;103;551;611;566;473;1055
1,12932,13012,1,0,0,7,2,76;43;491;594;506;413;995
1,13887,13951,1,0,0,10,3,40;453;49;304;302;350;222;596;883;515
1,13859,13944,1,0,0,10,1,68;481;77;305;330;378;250;596;911;543
1,13833,13914,1,0,0,9,1,94;507;103;305;356;404;276;596;937
1,13807,13887,1,0,0,8,1,120;533;129;305;382;430;302;596
1,13929,13988,1,0,0,11,2,397;7;262;260;308;180;558;671;473;660;822
1,13908,13992,1,0,0,10,1,19;397;28;283;281;329;201;579;671;494
1,13896,14103,1,0,0,10,6,31;397;40;295;293;341;213;591;874;506
1,13892,13953,1,0,0,10,2,35;430;44;299;297;345;217;595;878;510
1,14121,14191,1,0,0,11,3,219;70;49;116;366;649;281;468;630;819;560
1,14116,14188,1,0,0,11,1,224;75;73;121;371;654;286;473;635;824;565
1,13988,14041,1,0,0,10,2,352;203;201;242;121;499;671;414;601;763
1,13961,14049,1,0,0,10,1,379;230;228;276;148;526;671;441;628;790
1,14158,14243,1,0,0,11,1,182;33;31;79;329;612;244;431;593;782;284
1,14142,14437,1,16,0,11,7,198;49;47;95;345;628;260;447;609;798;539
1,13499,13573,1,0,0,9,1,27;428;119;700;437;692;172;690;738
1,13505,13792,1,0,0,9,8,21;422;113;681;431;686;166;684;732
1,13397,13665,1,0,0,10,6,26;120;41;530;221;841;539;794;274;792
1,13408,13492,1,0,0,10,2,15;118;30;519;210;700;528;783;263;781
1,13525,13788,1,0,0,9,4,1;402;93;681;411;666;146;664;476
0,13557,13633,1,0,0,8,0,370;61;681;379;427;114;632;476
0,13511,13596,1,0,0,9,0,15;416;107;681;425;680;160;678;476
0,13525,13600,1,0,0,9,0,1;402;93;681;411;427;146;664;476
1,13717,13776,1,0,0,7,2,210;623;219;320;472;476;392
1,13736,13813,1,0,0,8,2,191;604;200;320;453;476;373;751
1,13603,13685,1,0,0,9,2,324;15;681;333;427;68;586;476;506
1,13675,13900,1,15,0,7,3,252;665;261;427;514;476;434
1,13744,13830,1,0,0,8,3,183;596;192;320;418;476;365;615
1,13766,13967,1,0,0,8,4,161;574;170;305;418;471;343;615
1,13737,13987,1,0,0,8,5,190;603;199;320;418;476;372;750
0,13741,13813,1,0,0,8,0,186;599;195;320;418;476;368;615
1,2271,2554,1,0,16,10,8,83;300;275;345;355;104;264;428;496;506
1,2205,2284,1,0,0,10,1,149;366;341;411;421;170;330;446;496;572
1,2204,2254,1,0,0,10,2,150;367;342;412;422;171;331;473;496;573
1,2169,2238,1,0,0,10,2,185;402;377;438;457;206;366;473;496;608
1,2166,2406,1,0,0,10,8,188;405;380;438;460;209;369;473;628;611
1,2124,2210,1,0,0,10,2,230;447;422;438;502;251;411;473;628;653
1,2103,2154,1,0,0,9,2,251;468;443;438;523;272;432;473;628
1,2085,2320,1,0,0,9,6,269;486;461;438;541;290;450;614;628
1,2637,2699,1,0,0,10,4,62;258;140;547;405;592;706;409;679;675
0,2499,2562,1,0,0,14,0,72;47;117;127;36;200;396;278;685;543;617;737;547;817
1,2483,2725,1,0,0,13,9,88;63;133;143;52;216;412;294;701;559;617;860;563
1,2450,2515,1,0,0,12,2,121;96;166;176;85;249;445;327;734;592;617;893
1,2416,2695,1,0,0,12,7,155;130;200;210;119;283;479;361;768;626;813;927
1,2372,2453,1,0,0,12,1,197;174;221;254;3;163;321;496;405;812;670;857
1,2363,2424,1,0,0,11,1,197;183;221;263;12;172;336;496;414;821;679
1,2343,2397,1,0,0,10,1,11;228;203;221;283;32;192;356;496;434
1,2829,2888,1,0,0,11,2,66;355;213;400;514;217;309;483;347;820;693
1,2835,2924,1,0,0,11,2,60;349;207;394;494;211;309;477;347;820;687
1,2825,3027,1,0,0,11,6,70;359;217;404;518;221;491;487;347;877;697
1,2826,2901,1,0,0,11,3,69;358;216;403;517;220;309;486;347;876;696
1,2796,3022,1,0,0,11,8,99;388;246;433;547;250;520;516;567;906;707
0,2824,2876,1,0,0,11,0,71;360;218;405;519;222;492;488;347;878;698
1,2692,2757,1,0,0,10,1,7;203;85;492;350;537;651;351;624;620
1,2723,2973,1,0,16,12,11,172;54;461;319;506;620;323;593;588;640;979;799
1,3092,3163,1,0,0,11,2,92;137;251;224;220;271;610;430;82;477;363
1,3155,3428,1,0,15,11,6,29;74;188;161;157;208;547;367;19;414;300
1,3022,3081,1,0,0,12,1,162;20;207;321;24;294;290;341;680;500;152;547
1,3077,3147,1,0,0,11,2,107;152;266;239;235;286;625;445;97;492;378
1,2893,2969,1,0,0,11,2,2;291;149;336;450;153;309;419;347;809;629
1,3001,3085,1,0,0,12,2,183;41;228;342;45;309;311;347;701;521;173;568
1,2837,2905,1,0,0,11,2,58;347;205;392;493;209;309;475;347;820;685
1,2864,2936,1,0,0,11,2,31;320;178;365;479;182;309;448;347;816;658
1,1359,1416,1,0,0,16,3,72;114;177;89;8;668;234;446;675;425;172;379;351;444;582;488
1,1287,1362,1,15,0,15,3,144;186;249;161;80;740;306;446;747;466;244;451;355;516;654
1,1421,1720,1,0,0,15,8,10;52;115;27;606;172;399;613;389;110;317;289;351;520;426
1,1399,1474,1,0,0,15,1,32;74;137;49;628;194;421;635;411;132;339;311;404;542;448
1,1237,1488,1,16,0,13,5,194;236;299;211;130;790;356;463;797;466;274;501;473
1,1220,1468,1,0,0,13,8,211;253;316;228;147;807;373;463;814;466;274;518;490
0,1240,1306,1,15,0,13,0,191;233;296;208;127;787;353;446;794;466;274;498;355
1,1239,1467,1,0,0,13,9,192;234;297;209;128;788;354;463;795;466;274;499;355
1,1525,1727,1,0,0,12,5,11;502;68;295;509;285;6;213;185;214;280;322
1,1520,1763,1,0,0,12,5,16;507;73;300;514;290;11;218;190;283;280;327
1,1584,1660,1,0,0,11,3,443;9;236;434;226;154;126;214;280;190;770
1,1578,1641,1,0,0,10,3,449;15;242;456;232;160;132;214;280;190
1,1462,1686,1,0,0,13,8,11;74;565;131;358;518;348;69;276;248;341;479;377
1,1444,1532,1,0,0,14,4,29;92;4;583;149;376;518;366;87;294;266;351;497;403
1,1497,1574,1,0,0,12,3,39;530;96;323;518;313;34;241;213;306;280;350
1,1470,1526,1,0,0,13,2,3;66;557;123;350;518;340;61;268;240;333;280;377
1,1816,2058,1,0,0,7,4,211;4;218;125;31;538;755
1,1837,1899,1,0,0,6,2,190;197;104;10;517;626
1,1856,1911,1,0,0,5,1,171;178;85;498;626
1,1875,2105,1,0,0,5,2,152;159;66;479;626
1,1592,1801,1,0,0,11,6,435;1;228;418;218;146;118;211;280;190;762
1,1600,1660,1,0,0,10,2,427;220;418;210;63;110;203;280;190;754
1,1705,1915,1,0,0,11,3,322;115;329;105;33;5;98;236;142;649;866
1,1715,2012,1,0,0,10,4,312;105;319;95;23;88;226;132;550;856
1,1992,2057,1,0,0,8,1,35;42;362;579;500;624;549;383
1,1995,2255,1,0,0,8,3,32;39;359;576;499;621;549;380
0,2058,2122,1,0,0,9,0,296;513;488;438;549;317;477;641;837
1,2068,2348,1,0,0,9,8,286;503;478;438;549;307;467;631;827
0,1912,1998,1,0,0,6,0,115;112;29;442;626;634
1,1922,2166,1,0,0,8,4,105;112;19;432;626;624;694;704
1,1928,2194,1,0,0,8,4,99;106;13;426;626;500;688;698
0,1929,1986,1,0,0,8,0,98;105;12;425;626;500;687;549
1,639,902,1,0,0,6,4,258;114;365;564;360;792
1,624,703,1,0,0,6,2,258;129;380;581;360;807
0,613,684,1,0,0,6,0,258;140;391;592;360;818
0,592,643,1,0,0,6,0,258;161;412;613;360;839
1,687,743,1,0,0,6,1,191;66;317;515;319;744
1,672,722,1,0,0,6,1,191;81;332;515;334;759
1,646,700,1,0,0,6,1,191;107;358;515;360;785
1,642,720,1,0,0,6,2,258;111;362;515;360;789
1,787,1057,1,0,16,8,6,120;217;418;219;644;686;749;661
1,695,784,1,0,0,6,1,191;58;309;467;307;693
1,692,772,1,0,0,6,1,191;61;312;467;314;693
1,688,770,1,0,0,6,2,191;65;316;515;318;693
1,886,943,1,0,0,9,2,21;118;319;120;545;587;520;285;481
1,885,1177,1,0,0,9,6,22;119;320;121;546;588;520;563;482
1,849,910,1,0,0,9,2,58;155;355;157;582;624;520;599;518
1,825,892,1,0,0,8,1,82;179;380;181;606;648;520;623
1,913,1182,1,0,0,8,5,91;292;93;518;499;520;285;447
1,915,997,1,0,0,8,1,89;290;91;516;499;381;285;447
1,889,948,1,0,0,9,1,18;115;316;117;542;584;520;285;447
1,908,983,1,0,0,8,2,94;297;98;523;565;520;285;447
1,1083,1153,1,0,0,14,2,122;348;390;381;285;284;944;510;737;951;727;448;655;627
1,1098,1186,1,0,16,14,5,107;333;375;381;285;269;929;495;722;936;712;433;640;612
0,930,986,1,0,0,10,0,35;275;76;501;499;381;285;437;1097;663
1,975,1034,1,0,0,11,2,29;230;31;456;498;381;285;392;1052;618;845
1,1170,1451,1,0,16,14,8,35;261;303;366;278;197;842;423;473;864;640;361;568;540
1,1174,1231,1,0,0,14,1,31;257;299;362;274;193;842;419;473;860;466;357;564;536
1,1128,1206,1,0,0,14,4,77;303;345;381;285;239;870;465;692;906;682;403;610;582
1,1164,1430,1,0,0,14,10,41;267;309;372;284;203;842;429;656;870;646;367;574;546
1,1212,1500,1,0,0,13,11,219;261;324;236;155;815;381;470;822;466;319;526;498
1,1214,1288,1,0,0,13,1,217;259;322;234;153;813;379;463;820;466;317;524;496
1,1175,1472,1,0,0,14,10,30;256;298;361;252;192;842;418;473;859;466;356;563;535
1,1180,1231,1,0,15,14,4,25;251;293;356;252;187;842;413;470;854;466;351;558;530
0,63,134,1,0,0,2,0,396;844
0,54,142,1,0,0,0,0,
0,82,146,1,0,0,2,0,332;825
1,68,134,1,0,0,2,1,391;839
0,183,255,1,0,0,4,0,276;724;570;821
0,124,186,1,0,0,2,0,332;783
1,236,302,1,0,0,4,2,223;671;517;768
0,216,288,1,0,0,4,0,243;691;537;788
0,342,555,1,0,0,4,0,117;565;411;662
1,342,396,1,0,0,4,1,117;565;411;662
0,350,408,1,0,0,5,0,109;557;360;654;855
1,356,445,1,0,0,6,2,103;551;360;648;849;650
0,365,433,1,0,0,6,0,94;542;360;639;814;641
0,391,475,1,15,0,6,0,68;516;360;613;814;615
1,455,540,1,0,0,6,2,4;452;298;549;750;551
1,463,727,1,0,0,5,5,444;290;541;742;543
0,468,541,1,0,0,5,0,371;285;536;737;538
1,469,741,1,0,0,5,3,371;284;535;736;537
0,479,531,1,0,0,5,0,371;274;525;726;360
0,496,730,1,0,0,5,0,371;257;508;709;360
1,498,551,1,0,0,5,2,371;255;506;707;360
0,510,560,1,0,0,5,0,371;243;494;695;360
0,575,664,1,0,0,5,0,332;178;429;630;360
1,580,656,1,0,0,5,2,327;173;424;625;360
0,10168,10242,1,0,0,12,0,54;22;29;114;243;36;539;255;315;193;505;442
0,10184,10264,1,0,0,12,0,38;14;13;98;227;20;523;239;315;193;489;442
0,10237,10319,1,0,0,8,0,45;174;470;186;270;193;436;442
1,10252,10341,1,0,0,8,1,30;159;455;171;255;193;421;442
1,10142,10206,1,0,0,13,1,80;42;18;55;140;269;62;565;281;319;193;531;495
0,10148,10206,1,0,0,13,0,74;22;12;49;134;263;56;559;275;319;193;525;495
1,10154,10209,1,0,0,13,1,68;22;6;43;128;257;50;553;269;319;193;519;495
1,10158,10214,1,0,0,13,5,64;22;2;39;124;253;46;549;265;315;193;515;495
1,10369,10436,1,0,0,8,1,42;338;54;138;193;304;182;387
0,10379,10461,1,0,0,9,0,32;328;44;128;193;294;182;387;654
1,10424,10691,1,0,0,8,4,283;83;184;249;182;387;609;578
1,10441,10529,1,0,0,8,2,266;66;167;232;182;387;592;521
0,10261,10326,1,0,0,8,0,21;150;446;162;237;193;412;442
1,10285,10581,1,0,0,8,6,126;422;138;222;193;388;441;569
1,10300,10365,1,0,16,8,1,111;407;123;207;193;373;182;554
1,10323,10524,1,0,0,8,5,66;384;100;184;193;350;182;531
1,9905,9967,1,0,0,12,1,83;317;293;255;292;191;377;506;55;292;802;518
1,9866,9927,1,0,0,11,1,122;356;332;294;331;230;416;543;94;292;841
1,9936,10024,1,0,0,13,3,52;286;262;224;261;160;346;461;24;268;750;487;571
1,9915,9986,1,0,0,12,3,73;307;283;245;282;181;367;461;45;289;792;508
1,9773,9843,1,0,0,10,3,215;422;385;387;424;314;509;638;187;431
1,9769,9824,1,0,0,10,3,219;422;385;391;428;327;513;642;191;435
1,9842,9901,1,0,0,11,1,146;380;356;318;355;254;440;569;118;292;865
1,9827,10073,1,0,0,10,7,161;395;371;333;370;269;455;584;133;377
1,10124,10411,1,0,0,13,4,98;74;36;73;158;287;80;583;299;319;484;549;602
1,10120,10198,1,0,0,13,2,102;78;40;77;162;291;84;587;303;387;488;553;606
1,10131,10187,1,0,0,13,2,91;67;29;66;151;280;73;576;292;319;193;542;495
1,10127,10422,1,0,0,13,8,95;71;33;70;155;284;77;580;296;319;481;546;495
1,10010,10066,1,0,0,14,4,212;175;150;187;86;272;401;194;697;413;497;598;663;716
1,10003,10055,1,0,0,14,3,219;181;157;194;93;279;408;201;704;420;504;605;670;723
1,10100,10158,1,0,0,13,2,122;98;60;97;182;311;104;607;323;407;508;573;626
1,10062,10144,1,0,0,14,3,160;136;98;135;34;220;349;142;645;361;445;546;611;664
0,9576,9637,1,0,0,9,0,39;96;412;646;587;584;621;520;706
1,9583,9648,1,0,0,9,4,32;89;405;639;587;577;614;513;699
1,9541,9629,1,0,0,6,3,74;131;447;681;657;619
0,9552,9602,1,0,0,7,0,63;120;436;670;587;608;645
0,9461,9520,1,0,0,7,0,65;59;154;0;211;527;761
0,9474,9528,1,0,0,6,0,52;46;141;198;514;748
1,9362,9424,1,0,0,5,1,164;158;253;99;310
0,9459,9523,1,0,0,7,0,67;61;156;2;213;529;763
1,9752,9809,1,0,0,10,1,236;441;433;408;445;344;530;659;208;452
1,9763,9836,1,0,0,10,3,225;422;433;397;434;333;519;648;197;441
1,9742,9797,1,0,0,10,1,246;449;456;418;455;354;540;669;218;462
1,9749,9814,1,0,0,10,3,239;441;449;411;448;347;533;662;211;455
1,9696,9780,1,0,0,10,1,292;526;502;442;501;400;586;706;264;508
1,9727,9788,1,0,0,10,3,261;449;471;433;470;369;555;684;233;477
1,9655,9740,1,0,0,11,1,17;333;567;543;505;542;441;627;756;305;549
1,9665,9736,1,0,0,11,3,7;323;557;533;495;532;431;617;706;295;539
0,9135,9199,1,0,0,7,0,142;197;235;385;480;326;537
0,9133,9188,1,0,0,7,0,144;199;235;387;482;328;539
1,9086,9318,1,0,0,6,1,191;246;440;434;529;375
0,9072,9135,1,0,0,6,0,205;260;454;448;543;389
0,9056,9140,1,0,0,6,0,221;276;470;464;559;405
0,9040,9113,1,0,0,6,0,237;292;486;480;575;421
0,8998,9079,1,0,0,6,0,279;334;528;522;617;463
0,8976,9065,1,0,0,5,0,301;356;550;544;637
0,9313,9402,1,0,0,6,0,19;191;207;302;148;359
1,9292,9342,1,0,0,6,4,40;191;228;323;169;380
1,9287,9339,1,0,0,6,1,45;222;233;328;174;385
1,9277,9543,1,0,0,7,1,0;55;235;243;338;184;395
0,9240,9307,1,0,0,7,0,37;92;235;261;375;221;432
0,9239,9440,1,0,0,7,0,38;93;235;261;376;222;433
1,9224,9311,1,0,0,7,4,53;108;235;296;391;237;448
0,9205,9269,1,0,0,7,0,72;127;235;315;410;256;467
1,8251,8307,1,0,0,7,2,55;159;384;361;467;460;352
1,8301,8583,1,0,16,7,4,5;109;334;325;467;411;302
1,8323,8403,1,0,0,6,3,87;312;303;467;191;280
0,8350,8403,1,0,0,6,0,60;285;276;440;191;253
0,8357,8416,1,0,0,6,0,53;278;269;433;191;246
1,8400,8488,1,0,0,6,2,10;235;226;390;191;203
0,8425,8476,1,0,0,5,0,149;201;365;191;178
0,8503,8578,1,0,0,5,0,132;123;287;191;100
0,8592,8816,1,0,0,5,0,43;34;198;120;11
1,8594,8657,1,15,0,5,3,41;32;196;118;9
1,8611,8684,1,0,0,6,3,24;15;179;101;666;721
0,8634,8721,1,0,0,6,0,1;156;78;643;666;892
0,8702,8765,1,0,0,5,0,88;10;575;630;824
1,8761,8819,1,0,0,4,2,29;516;571;765
0,8875,8944,1,0,0,4,0,402;457;651;645
1,8942,9154,1,0,0,5,4,335;390;584;578;673
1,7829,8054,1,0,0,5,1,5;17;477;413;806
0,7826,7909,1,0,0,5,0,8;17;480;413;809
1,7877,7958,1,0,0,4,1,429;413;758;749
0,7851,7930,1,0,0,5,0,16;455;413;784;775
1,8038,8124,1,0,0,7,1,268;372;597;588;752;674;565
0,7969,8039,1,0,0,4,0,337;413;666;657
1,8174,8231,1,0,0,7,1,132;236;461;452;616;538;429
1,8075,8145,1,0,0,7,1,231;335;560;551;715;637;528
1,8182,8257,1,0,0,7,1,124;228;453;420;608;530;421
1,8176,8261,1,0,0,7,2,127;234;459;450;614;536;427
1,8200,8266,1,0,0,7,1,106;210;435;420;467;502;403
1,8184,8422,1,0,0,7,3,122;226;451;420;606;502;419
0,8215,8294,1,0,0,7,0,91;195;420;411;467;460;388
1,8212,8282,1,0,0,7,1,94;198;423;414;467;473;391
1,8235,8309,1,0,0,7,2,71;175;400;391;467;460;368
0,8223,8278,1,0,0,7,0,83;187;412;403;467;460;380
1,7573,7846,1,0,0,8,1,195;27;261;153;143;239;292;733
0,7593,7645,1,0,0,8,0,175;7;241;133;123;219;113;713
1,7524,7601,1,0,0,8,2,244;15;76;310;202;192;284;292
1,7535,7617,1,0,0,8,1,233;4;65;299;191;169;277;292
1,7644,7706,1,0,0,7,1,124;182;82;72;168;113;662
1,7653,7882,1,0,0,7,1,115;181;73;45;159;113;653
0,7612,7672,1,0,0,7,0,156;222;114;104;200;113;694
1,7643,7724,1,0,0,7,3,125;191;83;73;169;113;663
1,7689,7942,1,0,0,7,4,79;145;37;25;123;113;617
1,7745,8042,1,0,0,6,2,23;89;67;113;493;665
0,7668,7745,1,0,0,7,0,100;166;58;25;144;113;638
0,7682,7770,1,0,0,7,0,86;152;44;25;130;113;624
0,7804,7879,1,0,0,6,0,30;8;17;493;413;831
0,7808,7872,1,0,0,6,0,26;4;17;493;413;827
0,7761,7819,1,0,0,6,0,7;73;51;106;493;413
1,7770,7996,1,0,0,6,1,64;42;97;493;413;865
1,7308,7382,1,0,0,9,2,140;460;231;292;526;411;408;498;559
1,7244,7330,1,0,0,9,3,204;524;295;356;590;411;472;568;623
1,7193,7266,1,0,16,9,1,255;575;339;407;35;641;411;523;619
1,7188,7267,1,0,0,9,2,260;580;339;409;40;644;427;528;624
1,7375,7632,1,0,140,9,5,73;393;164;225;457;351;340;437;492
1,7350,7406,1,0,0,9,3,98;418;189;250;457;357;366;462;517
1,7333,7411,1,0,0,9,3,115;435;206;267;457;393;383;479;534
1,7315,7397,1,0,0,9,1,133;453;224;285;457;411;401;497;552
1,7465,7536,1,0,0,8,2,303;74;135;362;245;251;284;402
1,7447,7507,1,0,0,9,2,1;321;92;153;362;279;269;284;420
1,7426,7498,1,0,0,9,2,22;342;113;174;408;300;290;284;441
1,7393,7453,1,0,0,9,3,55;375;146;207;441;333;323;284;474
1,7512,7566,1,0,0,8,2,256;27;88;322;214;204;284;292
0,7502,7554,1,0,0,8,0,266;37;98;332;224;214;284;292
1,7472,7537,1,0,0,8,3,296;67;128;362;245;244;284;395
1,7472,7763,1,0,0,8,5,296;67;128;339;245;244;284;395
1,7138,7195,1,0,0,8,3,310;630;401;462;90;644;588;578
1,7114,7190,1,0,0,7,1,334;654;425;486;114;644;612
1,7170,7418,1,0,0,8,4,278;598;369;409;58;644;556;546
1,7170,7225,1,0,0,8,1,278;598;369;409;58;644;427;546
0,7008,7095,1,0,0,8,0,21;67;440;88;760;467;592;220
1,6983,7062,1,0,0,8,1,46;92;465;115;785;467;617;245
1,7063,7357,1,0,0,9,6,12;385;35;705;467;537;165;771;663
1,7026,7097,1,0,0,9,1,3;49;422;72;742;467;574;202;808
1,6919,6994,1,0,0,8,2,110;156;529;179;797;495;681;309
0,6916,6970,1,0,0,8,0,113;159;532;182;797;495;684;312
1,6957,7044,1,0,0,8,1,72;118;491;141;797;467;643;271
1,6929,6982,1,0,0,8,2,100;146;519;169;797;467;671;299
1,6861,7158,1,0,0,8,6,168;38;214;580;218;797;678;739
1,6811,7014,1,0,0,9,3,18;218;88;264;580;218;916;728;789
0,6877,6931,1,0,0,9,0,152;22;198;558;218;797;495;723;351
1,6866,6937,1,0,0,8,2,163;33;209;580;218;797;495;734
0,6634,6701,1,0,0,7,0,74;163;88;395;265;272;814
1,6692,6914,1,0,0,7,3,16;137;30;337;207;272;756
1,6710,6994,1,0,0,7,5,119;12;319;189;272;580;388
1,6810,6891,1,0,0,9,3,19;219;89;265;580;218;958;729;790
1,6550,6632,1,0,0,7,1,158;279;172;428;57;349;525
1,6606,6875,1,0,0,7,5,102;223;116;423;1;293;469
0,6626,6702,1,0,0,7,0,82;203;96;403;273;272;822
1,6631,6703,1,0,0,7,2,77;198;91;398;268;272;817
0,6442,6497,1,0,0,6,0,266;19;387;233;428;165
1,6473,6557,1,0,0,6,2,235;356;233;428;134;426
0,6527,6599,1,0,0,6,0,181;296;195;428;80;372
0,6535,6617,1,0,0,7,0,173;294;187;428;72;364;540
1,6343,6633,1,0,0,7,3,63;89;365;118;486;379;686
0,6406,6458,1,0,0,8,0,0;26;302;55;423;316;446;201
1,6410,6706,1,0,0,7,4,22;298;51;419;312;446;197
1,6438,6510,1,0,0,6,1,270;23;391;284;428;169
0,6329,6397,1,0,0,8,0,77;9;103;379;132;500;393;700
0,6299,6376,1,0,0,8,0,107;39;133;409;162;530;423;730
1,6239,6306,1,0,0,9,3,58;167;99;193;469;222;590;483;790
0,6217,6269,1,0,0,9,0,80;189;121;208;491;244;612;505;812
0,6201,6271,1,0,0,9,0,96;205;137;208;507;260;627;521;828
1,6159,6234,1,0,0,8,1,138;247;179;273;549;302;627;563
1,6144,6215,1,0,0,8,4,153;262;194;288;564;317;685;578
1,6002,6079,1,15,0,11,1,114;295;43;404;50;336;68;430;706;362;827
1,5955,6210,1,0,0,12,7,161;36;342;90;451;97;383;115;477;708;506;855
1,5931,6008,1,0,0,12,3,185;60;366;114;475;121;407;139;501;708;530;898
1,5890,6178,1,0,16,13,8,15;226;101;407;155;516;162;448;180;542;818;571;939
1,5723,5792,1,0,0,12,2,182;138;20;393;268;481;322;683;329;615;347;709
1,5661,5914,1,0,0,12,8,244;200;82;455;330;636;384;745;391;628;409;771
1,5644,5883,1,0,0,12,7,261;217;99;472;347;653;401;762;408;694;426;788
0,5518,5582,1,0,0,9,0,38;387;341;225;598;473;779;527;888
1,5510,5562,1,0,0,8,3,46;395;351;233;606;481;787;535
0,5453,5522,1,0,0,11,0,21;103;14;452;408;290;14;663;538;844;582
1,5486,5548,1,0,0,8,1,70;419;375;257;630;505;811;559
0,5434,5519,1,0,0,11,0,40;122;47;471;427;309;33;682;557;863;582
1,5437,5506,1,0,0,11,2,37;119;44;468;424;306;30;679;554;860;582
1,5381,5433,1,15,0,10,3,93;175;100;524;480;362;86;701;610;916
1,5432,5484,1,0,0,11,2,42;124;49;473;429;311;35;684;559;865;613
1,5330,5387,1,0,0,9,2,144;226;151;575;531;413;137;727;661
1,5370,5459,1,0,0,10,2,104;186;111;535;491;373;97;727;621;927
1,5208,5297,1,0,0,9,3,97;266;348;273;697;653;535;259;727
1,5272,5322,1,0,0,9,3,33;202;284;209;633;589;471;195;727
1,5122,5173,1,0,0,11,3,21;49;183;352;434;359;69;767;739;621;345
1,5199,5419,1,0,0,9,5,106;275;357;282;706;662;544;268;917
1,5081,5134,1,0,0,11,2,62;90;224;393;475;388;110;767;762;662;386
1,5096,5152,1,0,0,11,2,47;75;209;376;460;385;95;767;762;647;371
1,5073,5161,1,0,0,11,3,70;98;232;401;483;388;118;812;788;670;394
1,5076,5142,1,15,0,11,3,67;95;229;398;480;388;115;812;762;667;391
1,4875,5106,1,0,0,9,5,268;296;46;44;253;501;681;606;316
1,4853,5059,1,0,0,10,2,290;318;68;66;18;253;501;703;628;338
1,4917,5003,1,0,0,9,1,226;254;4;2;253;501;639;388;274
1,4876,4957,1,0,0,9,1,267;295;45;43;253;501;680;388;315
1,4964,5218,1,16,0,7,2,179;207;253;501;592;388;189
1,4929,5011,1,0,0,7,1,214;242;253;501;627;388;189
1,5053,5253,1,0,0,11,3,90;118;252;421;503;388;138;852;808;690;414
1,5035,5087,1,0,16,9,2,108;136;253;439;521;388;156;870;826
1,4746,4804,1,0,0,10,1,51;397;411;175;173;6;125;559;728;810
1,4619,4838,1,0,15,9,6,178;524;552;302;73;300;133;252;605
1,4798,5059,1,0,0,9,7,345;373;123;121;73;507;676;758;683
1,4782,4864,1,0,0,10,2,15;361;389;139;137;89;523;692;774;699
1,4807,4888,1,0,15,9,2,336;364;114;112;40;498;501;749;674
1,4801,4878,1,0,0,9,1,342;370;120;118;70;504;501;755;680
0,4851,4928,1,0,0,10,0,292;320;70;68;20;253;501;705;630;340
1,4848,5119,1,0,0,9,3,295;323;73;71;23;457;501;708;633
1,4330,4414,1,0,0,13,4,237;35;112;467;813;174;236;841;591;362;589;422;541
0,4353,4419,1,0,0,13,0,214;12;89;444;790;151;213;818;518;339;566;399;518
0,4354,4416,1,0,0,13,0,213;11;88;443;789;150;212;817;518;338;565;398;517
1,4356,4426,1,0,0,13,2,211;9;86;441;787;148;210;815;518;336;563;396;515
1,4367,4417,1,0,0,12,1,200;75;430;776;137;199;804;518;325;552;385;468
1,4539,4597,1,0,0,11,1,28;258;604;27;632;382;153;380;213;332;766
0,4589,4675,1,0,0,9,0,208;554;582;332;103;330;163;282;716
1,4600,4877,1,0,0,9,8,197;543;571;321;92;319;152;271;705
1,4042,4324,1,0,0,5,3,525;323;102;400;755
0,4048,4107,1,0,0,5,0,519;317;96;394;584
0,4067,4140,1,0,0,5,0,500;298;77;375;584
1,4077,4156,1,0,0,5,1,490;288;67;365;584
0,4126,4207,1,0,0,7,0,441;239;18;316;584;1017;378
0,4142,4228,1,0,0,8,0,425;223;2;300;584;1001;362;424
1,4182,4246,1,15,0,11,2,385;183;260;584;961;322;384;989;739;510;737
1,4242,4312,1,0,0,12,1,325;123;200;555;901;262;324;929;679;450;677;510
1,3764,3819,1,0,0,4,1,110;164;81;803
0,3753,3838,1,0,0,4,0,121;175;92;814
1,3753,3826,1,0,0,4,1,121;175;92;814
1,3723,3782,1,0,0,4,1,151;205;122;844
1,3793,3846,1,0,0,6,1,77;135;52;774;457;226
1,3782,4017,1,0,0,6,2,77;146;63;785;583;362
1,3782,4075,1,0,0,6,2,77;146;63;785;457;362
1,3777,3844,1,0,0,5,1,97;151;68;790;588
1,3557,3772,1,0,0,4,2,145;12;272;371
0,3544,3595,1,0,0,4,0,158;25;272;384
1,3509,3587,1,0,0,5,2,193;13;60;272;419
1,3459,3524,1,0,0,5,2,243;63;110;272;457
1,3648,3699,1,0,0,4,1,54;226;280;197
0,3622,3685,1,0,0,4,0,80;249;306;223
1,3584,3645,1,0,0,3,1,118;272;326
1,3582,3854,1,0,0,3,2,120;272;346
1,3356,3415,1,0,0,7,1,7;346;166;213;99;469;500
1,3379,3455,1,0,0,6,2,323;143;190;76;469;500
1,3348,3415,1,0,0,7,2,15;354;174;221;107;469;580
1,3355,3435,1,0,0,7,2,8;347;167;214;100;469;515
0,3411,3476,1,0,0,6,0,291;111;158;44;272;479
1,3443,3494,1,0,0,6,2,259;79;126;12;272;479
1,3399,3464,1,0,0,6,3,303;123;170;56;469;479
1,3404,3679,1,0,0,6,1,298;118;165;51;415;479
1,3211,3270,1,0,0,9,1,18;132;105;101;152;491;311;293;244
0,3235,3324,1,0,0,8,0,108;81;76;128;467;287;293;220
1,3162,3236,1,0,0,11,4,22;67;181;154;150;201;540;360;12;293;293
1,3162,3250,1,0,0,11,4,22;67;181;154;150;196;540;360;12;293;293
1,3280,3348,1,0,0,9,5,63;36;32;83;422;242;285;175;594
1,3326,3560,1,0,0,8,4,17;37;376;196;243;129;548;602
1,3236,3300,1,0,0,8,5,107;80;76;127;466;286;293;219
1,3257,3324,1,0,0,8,1,86;59;55;106;445;265;285;198
174
12560,13423,230.31,8
12615,13526,240.34,8
12023,12378,0.00,8
12219,12975,45.59,8
12863,13927,117.91,10
12962,13618,169.34,8
12792,13438,0.00,10
12811,13345,131.42,10
11398,11922,48.64,11
11867,12564,0.00,10
11293,12232,518.28,9
11321,12033,373.37,10
11995,13008,169.64,10
12001,12602,153.03,10
11886,12688,186.25,9
11954,12908,336.79,10
10837,11499,108.98,10
10760,11389,65.65,10
10662,11411,0.00,10
10657,11333,112.78,8
11284,12230,583.38,10
11167,11949,173.23,10
11026,11762,366.31,8
10910,11505,96.11,11
10406,11002,93.20,11
10375,11033,0.00,8
10268,10854,144.41,10
9989,10726,419.48,10
10635,11325,0.00,8
10615,11428,194.74,9
10608,11516,210.52,9
10529,11215,197.58,9
13838,14402,0.00,10
13825,14770,219.05,11
13926,14751,0.00,11
13919,14589,0.00,10
14045,14681,255.22,10
14004,14940,0.00,10
13135,13936,0.00,9
13095,14340,382.50,9
13279,13671,0.00,8
13198,14191,361.35,10
13429,14237,397.69,8
13382,14189,142.55,9
13729,14487,163.32,11
13597,14109,0.00,11
7016,7834,276.87,10
7038,7726,258.57,8
6800,7600,53.82,9
6869,7228,0.00,11
6786,7768,170.88,9
6793,7539,299.48,11
6626,7448,229.22,8
6696,7098,216.19,8
6458,6899,0.00,8
6535,7075,197.70,11
6179,7029,260.09,8
6347,6607,0.00,8
5851,6829,252.17,9
6009,6722,51.41,9
5821,6708,110.69,11
5846,6461,144.73,11
5641,6432,65.95,9
5614,6070,0.00,8
5585,6338,66.76,9
5531,6052,0.00,8
5514,6406,0.00,9
5428,6045,69.95,11
5356,6297,205.74,11
5313,5991,0.00,8
5170,6116,216.61,11
5049,5467,0.00,9
5042,5743,0.00,11
5014,5861,60.43,11
4978,5905,85.70,11
4849,5191,85.40,10
4751,5481,293.81,11
4680,5556,157.54,11
9889,10423,0.00,10
9918,10507,91.04,10
9949,10608,288.20,10
9965,10673,52.10,10
9595,10411,168.27,10
9606,9960,0.00,8
9612,10204,85.98,8
9840,10707,63.70,9
9536,10160,53.60,9
9546,10197,0.00,8
9567,10096,82.61,11
9574,10282,0.00,11
9087,9672,0.00,8
9398,9988,0.00,9
9446,10222,121.28,10
9477,10198,320.99,10
8852,9520,35.98,10
8634,9526,282.79,8
8998,9461,0.00,8
8924,9615,57.72,11
8038,8603,0.00,10
7986,8712,352.57,9
8611,9332,67.44,9
8605,9277,0.00,8
7767,8635,86.88,11
7736,8410,252.43,8
7980,8790,159.30,11
7847,8626,110.72,9
7181,7812,223.22,9
7122,7716,97.99,10
7565,8306,140.99,10
7228,7867,362.79,11
56,459,59.12,11
60,907,238.79,9
145,753,55.79,11
166,1004,108.17,9
345,1205,183.98,11
355,1006,205.22,9
587,1431,82.54,10
722,1473,79.69,10
748,1536,368.23,9
755,1448,301.84,11
846,1367,34.44,9
925,2027,122.50,9
927,1593,0.00,11
959,1820,210.18,11
980,2034,181.87,8
986,1810,215.26,9
1051,1738,83.70,10
1017,1531,51.11,10
1264,1803,122.62,10
1074,1710,134.28,11
1291,1847,192.07,10
1287,1941,203.34,11
1696,2571,248.14,10
1583,2354,104.64,10
1915,2616,331.34,8
1889,2546,125.66,8
1967,2375,0.00,9
1919,2626,248.45,9
2047,2699,184.15,9
2007,2535,0.00,9
2123,2777,0.00,9
2057,2895,331.55,9
2365,3229,196.19,9
2377,3343,145.28,9
2344,3184,0.00,11
2357,3042,0.00,11
2516,3312,67.03,8
2697,3363,251.12,9
2473,3046,83.00,8
2498,3316,182.12,11
2895,3174,0.00,10
2915,3569,180.51,10
2697,3702,101.81,8
2708,3522,131.74,11
3313,3928,202.00,11
3615,3845,0.00,8
3065,3455,0.00,11
3263,3874,372.89,8
3801,4442,0.00,8
3782,4144,136.30,10
3772,4365,142.73,11
3652,4567,0.00,11
4136,4566,112.29,8
4103,4504,0.00,9
4093,5143,0.00,11
3979,4797,183.26,8
4170,4919,49.35,11
4161,4692,0.00,11
4159,4921,73.95,11
4147,5171,151.77,11
4665,5474,192.73,11
4521,5305,305.37,10
4295,4871,78.13,8
4189,4752,0.00,11
