1001
0,251,330,1,0,0,1,0,980
0,292,379,1,0,0,1,0,939
0,229,307,1,0,0,0,0,
0,246,305,1,0,0,0,0,
0,337,414,1,0,0,1,0,785
0,372,453,1,0,0,1,0,785
1,318,544,1,0,0,1,1,913
0,328,390,1,0,0,1,0,785
0,134,187,1,0,0,0,0,
0,139,217,1,0,0,0,0,
0,85,151,1,0,0,0,0,
0,122,189,1,0,0,0,0,
0,197,271,1,0,0,0,0,
0,224,469,1,0,0,0,0,
0,149,213,1,0,0,0,0,
0,168,254,1,0,0,0,0,
0,549,605,1,0,0,3,0,682;669;880
1,529,823,1,0,0,3,2,702;824;900
0,525,614,1,0,0,3,0,706;828;904
0,473,532,1,0,0,3,0,727;880;956
1,745,828,1,0,0,5,2,486;608;684;638;603
1,620,687,1,15,0,3,1,611;669;809
0,565,620,1,0,0,3,0,666;669;824
1,550,636,1,0,0,3,1,681;669;879
0,399,456,1,0,0,1,0,785
0,392,467,1,0,0,1,0,785
0,388,476,1,0,0,1,0,785
0,373,434,1,0,0,1,0,785
1,461,515,1,0,0,2,1,770;892
0,458,527,1,0,0,2,0,773;895
0,458,540,1,0,0,2,0,773;895
0,445,529,1,0,0,2,0,785;908
1,1038,1247,1,0,0,7,2,193;315;391;345;310;541;396
1,1055,1108,1,0,0,7,2,176;298;272;328;293;524;396
1,1063,1327,1,0,0,8,3,168;262;272;320;285;516;396;871
0,1065,1125,1,0,0,9,0,166;262;272;318;283;514;396;765;784
1,1110,1194,1,0,0,10,1,121;243;272;273;238;469;396;765;739;960
1,1117,1201,1,1,0,10,2,114;236;272;266;231;462;385;765;732;953
1,1162,1410,1,0,1,10,7,69;191;245;221;186;417;383;765;687;908
1,1176,1256,1,0,0,10,2,55;177;245;207;172;403;369;758;673;723
1,777,862,1,0,0,5,1,454;576;652;606;571
1,801,886,1,0,0,5,2,430;552;623;582;547
1,830,905,1,0,0,5,1,401;521;599;553;518
1,907,994,1,0,0,6,1,324;446;522;476;441;672
1,940,1009,1,0,0,7,3,291;413;489;443;408;639;605
0,959,1035,1,0,0,7,0,272;394;470;424;389;584;586
1,974,1038,1,0,0,7,2,257;379;455;409;374;584;571
1,1035,1262,1,0,0,7,6,196;318;394;348;313;544;510
1,1790,1867,1,0,0,11,3,144;59;280;65;72;463;317;104;497;670;541
1,1762,1821,1,0,0,9,1,172;87;308;93;100;491;345;132;525
1,1867,1939,1,1,0,9,2,67;188;386;240;27;420;593;464;758
1,1817,1894,1,1,0,11,1,117;32;253;38;45;436;290;77;470;601;514
1,1904,1987,1,0,0,8,2,30;166;349;203;383;556;413;721
1,1904,1972,1,0,0,8,2,30;166;349;203;383;479;413;721
1,1913,1987,1,0,0,8,2,21;157;340;124;374;479;413;665
1,1909,1991,1,0,0,8,1,25;161;344;198;378;479;413;665
1,1290,1357,1,1,0,11,3,63;139;93;58;289;255;644;559;723;276;565
1,1177,1237,1,0,0,10,1,54;176;245;206;171;402;368;756;672;723
0,1449,1525,1,0,0,9,0,130;96;485;400;607;117;406;413;804
1,1321,1536,1,0,1,11,4,32;108;62;27;258;224;613;528;723;245;529
1,1660,1711,1,0,0,9,2,274;189;410;195;202;593;447;234;627
1,1543,1755,1,0,0,11,6,36;2;391;306;527;23;312;319;710;564;351
1,1688,1749,1,0,0,9,1,246;161;382;167;174;565;419;206;572
1,1663,1745,1,0,0,9,2,271;186;400;192;199;590;444;231;624
1,2398,2468,1,0,0,7,3,62;227;347;746;497;769;488
1,2417,2678,1,0,0,7,5,43;208;328;727;478;750;469
1,2243,2299,1,0,0,10,1,10;44;217;88;382;502;901;652;924;643
1,2389,2471,1,0,0,7,4,71;236;356;755;506;778;497
1,2196,2285,1,0,0,9,3,57;91;264;135;429;549;948;699;971
1,2229,2315,1,0,0,9,3,24;58;231;102;396;516;915;666;938
1,2141,2196,1,0,0,5,1,112;146;319;190;484
1,2158,2242,1,0,0,7,2,95;129;302;173;452;587;986
1,2084,2139,1,0,0,6,1,169;23;203;376;247;541
1,2121,2196,1,0,0,5,2,132;166;339;210;504
1,2006,2075,1,0,0,7,1,64;219;101;281;454;286;619
1,2033,2108,1,0,0,7,1,37;219;69;254;427;286;592
1,1980,2055,1,0,0,7,1,90;273;124;289;479;351;628
1,1998,2061,1,0,0,7,1,72;219;109;289;462;333;627
1,1934,2001,1,0,0,8,1,0;136;319;124;353;479;397;665
1,1935,2154,1,0,0,7,4,135;318;124;289;479;396;665
0,2910,2962,1,0,0,6,0,234;257;170;168;357;440
1,2881,2943,1,0,0,8,2,263;14;286;5;199;197;386;469
1,2727,2815,1,0,0,9,3,18;417;168;440;159;331;351;524;623
1,2719,2789,1,0,0,9,2,26;425;176;448;167;361;359;524;631
0,2712,2787,1,0,0,9,0,33;432;183;455;174;368;366;524;638
1,2691,2774,1,0,0,9,3,54;453;204;476;195;389;387;576;659
0,2673,2734,1,0,0,9,0,72;471;222;494;213;407;405;594;677
1,2525,2729,1,0,0,9,6,100;220;619;370;621;361;549;553;742
1,2524,2819,1,0,0,9,9,101;221;620;371;621;362;549;554;743
1,2521,2604,1,0,0,9,4,104;224;623;374;646;365;549;557;746
1,2481,2565,1,0,0,9,1,144;264;663;414;674;405;588;597;786
1,2480,2568,1,0,0,9,4,145;265;664;415;687;406;588;598;787
0,2469,2519,1,0,0,8,0,156;276;675;426;698;417;588;609
0,2467,2539,1,0,0,8,0,158;278;677;428;700;419;588;611
0,2458,2512,1,0,0,9,0,2;167;287;686;437;709;428;588;620
1,2450,2506,1,0,0,8,1,10;175;295;694;445;716;436;630
1,3411,3670,1,0,0,8,7,201;435;389;660;777;652;822;730
1,3498,3584,1,0,0,8,2,114;348;302;660;690;565;735;637
1,3514,3796,1,0,0,8,7,98;322;286;660;674;549;719;627
1,3536,3799,1,0,0,8,7,76;310;264;650;652;527;616;605
0,3283,3351,1,0,0,7,0,67;329;563;517;903;905;780
1,3313,3555,1,0,0,7,5,37;299;533;487;873;875;750
1,3360,3421,1,0,0,7,1,252;486;440;660;828;703;873
0,3407,3462,1,0,0,8,0,205;439;393;660;781;656;826;734
1,3113,3163,1,0,0,7,2,31;54;154;185;498;733;687
1,3166,3250,1,0,0,8,3,1;101;184;446;680;634;1020;1022
1,3204,3264,1,0,0,7,1,63;146;408;605;596;982;984
0,3270,3327,1,0,0,7,0,80;342;576;530;916;918;793
1,2920,2979,1,0,0,6,1,224;247;160;158;347;430
1,2934,3223,1,0,0,6,3,168;233;146;144;333;416
0,3037,3102,1,0,0,8,0,107;130;43;41;230;185;575;809
1,3105,3168,1,0,0,7,1,39;62;162;185;507;741;695
0,3972,4060,1,0,0,7,0,214;216;91;261;169;389;777
1,3950,4003,1,0,0,7,1,236;238;113;283;191;389;799
1,4058,4269,1,0,0,9,5,128;130;5;161;83;352;691;501;370
1,4037,4095,1,0,0,9,1,149;151;26;196;104;373;712;522;391
1,3932,4019,1,0,0,7,1,254;256;131;301;209;478;817
1,3866,3949,1,0,0,6,2,320;322;197;367;275;544
1,3935,4189,1,0,0,7,5,251;253;128;298;206;409;814
1,3932,4020,1,0,0,7,1,254;256;131;301;209;433;817
1,3695,3946,1,0,0,7,6,151;105;412;493;368;462;446
1,3684,3942,1,0,0,7,4,162;116;469;504;379;462;457
1,3756,3828,1,0,0,8,1,90;44;412;432;307;444;385;654
1,3706,3764,1,0,0,8,1,140;94;412;482;357;444;435;704
1,3611,3681,1,0,0,8,3,1;235;189;469;577;452;616;530
0,3592,3655,1,0,0,8,0,20;254;208;469;596;471;616;549
0,3661,3722,1,0,0,7,0,185;139;469;527;402;462;480
1,3650,3926,1,0,0,7,7,196;150;469;538;413;583;491
0,44,319,1,0,0,0,0,
1,8261,8466,1,0,0,12,6,54;201;335;98;377;303;174;97;98;110;547;897
1,8259,8347,1,0,0,12,1,56;203;337;104;379;305;176;99;100;112;547;899
1,8353,8422,1,0,0,14,1,109;243;10;285;211;82;5;6;18;543;760;913;745;698
1,8345,8395,1,0,0,14,3,117;251;18;293;219;90;13;14;26;547;760;921;753;706
1,8388,8473,1,0,0,10,1,74;208;250;176;47;519;737;878;710;663
1,8356,8444,1,0,0,14,1,106;240;7;282;208;79;2;3;15;543;756;910;742;695
1,8395,8689,1,0,0,10,6,67;201;243;169;40;512;734;871;703;656
1,8395,8454,1,0,0,10,1,67;201;243;169;40;512;733;871;703;656
1,7876,7962,1,0,0,5,1,431;283;357;529;433
1,7873,7961,1,0,0,5,2,431;283;357;529;490
1,8087,8336,1,0,0,12,8,228;162;357;509;276;551;477;348;271;272;284;820
1,7958,8040,1,0,0,10,2,357;283;357;529;405;680;606;477;400;401
1,8150,8209,1,0,0,12,2,165;99;312;446;213;417;414;285;208;209;221;757
0,8112,8181,1,0,0,12,0,203;137;350;484;251;417;452;323;246;247;259;795
1,8161,8247,1,0,0,12,2,154;88;289;435;202;417;403;274;197;198;210;547
1,8154,8447,1,0,0,12,8,161;95;289;442;209;417;410;281;204;205;217;753
0,7730,7804,1,0,0,4,0,3;15;449;283
0,7745,7824,1,0,0,3,0,0;449;283
0,7790,7859,1,0,0,2,0,449;283
1,7793,8067,1,0,0,3,1,449;283;669
0,7824,7894,1,0,0,4,0,449;283;422;772
1,7854,7939,1,0,0,4,1,449;283;422;742
1,7863,8081,1,0,0,5,3,431;283;422;733;500
1,7871,8124,1,0,0,5,2,431;283;422;529;492
0,7560,7615,1,0,0,4,0,165;185;755;557
1,7619,7875,1,0,0,4,1,114;126;696;557
1,7626,7891,1,0,0,4,2,107;119;499;557
1,7630,7711,1,0,0,4,1,103;115;449;557
1,7633,7870,1,15,0,4,1,100;112;449;543
1,7634,7837,1,0,0,4,1,89;111;449;543
1,7681,7969,1,0,0,4,1,52;64;449;543
0,7690,7764,1,0,0,4,0,43;55;449;283
1,9138,9197,1,0,0,9,2,20;128;350;224;373;420;834;757;419
1,9100,9150,1,0,0,9,1,58;166;388;262;411;458;834;795;457
1,9066,9335,1,0,0,11,6,92;200;32;7;422;30;296;425;492;941;829
1,9008,9095,1,0,0,10,1,150;258;90;43;65;430;88;341;425;550
1,9278,9349,1,0,0,8,3,210;84;233;280;729;617;279;524
1,9199,9253,1,0,0,8,2,67;289;163;312;359;808;672;358
1,9157,9450,1,0,0,9,7,1;109;331;205;354;401;811;738;400
1,9144,9222,1,0,0,9,2,14;122;344;218;367;414;825;751;413
0,8922,8990,1,0,0,9,0,236;344;176;129;151;566;174;341;425
1,8911,9117,1,0,0,9,5,247;355;187;140;162;577;185;451;425
1,8891,9158,1,0,0,10,5,16;267;375;207;160;182;597;193;471;620
1,8881,8961,1,0,0,10,1,26;277;385;217;170;192;607;215;481;630
1,8985,9071,1,0,0,9,1,173;281;113;66;88;503;111;341;425
0,8949,9001,1,0,0,9,0,209;317;149;102;90;539;147;341;425
1,8941,9002,1,0,0,9,1,217;325;157;110;132;547;155;341;425
0,8924,8979,1,0,0,9,0,234;342;174;127;149;564;172;341;425
1,8696,8777,1,0,0,8,1,211;462;414;402;355;377;792;400
0,8751,8804,1,0,0,9,0,156;407;414;347;300;322;737;335;611
1,8642,8716,1,0,0,8,1,227;516;624;456;409;431;846;454
1,8678,8968,1,0,0,8,6,227;480;588;420;373;395;810;418
1,8785,8835,1,0,0,9,1,122;373;414;313;266;288;703;311;577
1,8808,8865,1,0,0,9,2,99;350;414;290;243;265;680;288;554
0,8773,8837,1,0,0,9,0,134;385;414;325;278;300;715;323;589
1,8773,8828,1,0,0,9,1,134;385;414;325;278;300;715;323;589
1,8498,8580,1,0,0,10,1,98;140;66;409;660;701;600;553;575;990
1,8516,8577,1,16,0,11,1,80;122;48;391;642;701;582;535;557;972;580
1,8423,8628,1,0,0,11,7,39;173;215;141;12;484;732;843;675;628;650
1,8449,8538,1,0,0,10,1,13;147;189;115;458;709;701;649;602;624
0,8590,8649,1,0,0,10,0,6;48;317;568;648;508;461;483;898;506
1,8639,8689,1,0,0,8,1,268;519;627;459;412;434;849;457
1,8550,8618,1,0,0,11,1,46;88;14;357;608;701;548;501;523;938;546
1,8559,8634,1,0,0,11,1,37;79;5;324;599;701;539;492;514;929;537
1,10350,10407,1,0,0,11,1,28;121;120;133;278;343;331;174;320;954;485
1,10348,10408,1,0,0,11,2,30;123;122;135;283;345;333;174;322;956;487
0,10412,10477,1,0,0,10,0,59;58;71;222;281;269;118;258;892;423
0,10360,10426,1,0,0,11,0,18;111;110;123;274;333;321;159;310;944;475
0,10287,10345,1,0,0,10,0,91;184;183;196;347;406;394;227;383;1017
1,10248,10312,1,0,0,11,1,130;223;222;35;32;235;386;445;433;251;422
1,10339,10394,1,0,0,11,2,39;132;131;144;295;354;342;174;331;965;496
1,10319,10406,1,0,0,11,2,59;152;151;164;315;374;362;211;351;985;516
1,10083,10169,1,0,0,14,4,14;35;252;388;52;351;200;26;197;114;400;535;610;598
1,10068,10147,1,0,0,13,1,29;50;310;403;67;351;215;41;212;129;415;535;625
1,10220,10466,1,0,0,11,6,158;251;250;63;60;263;414;473;461;251;450
1,10217,10298,1,0,0,11,2,161;254;253;66;63;266;417;476;464;313;453
1,10001,10082,1,0,0,13,2,6;85;117;377;470;134;351;282;108;279;196;482;633
1,9997,10069,1,0,0,13,1,10;100;121;381;474;138;351;286;112;283;200;486;637
1,10045,10119,1,0,0,13,3,52;73;333;426;90;351;238;64;235;152;438;589;648
1,10010,10072,1,0,0,12,2,85;108;368;461;125;351;273;99;257;187;473;624
1,9896,10175,1,0,0,11,7,111;201;222;482;575;239;574;387;213;384;301
1,9922,9986,1,0,0,12,1,85;175;196;456;549;213;351;361;187;358;275;561
1,9949,10018,1,0,0,12,2,58;148;169;429;522;186;351;334;160;331;248;534
0,9976,10057,1,0,0,13,0,31;121;142;402;495;159;351;307;133;295;221;507;658
1,9644,9723,1,0,0,9,1,363;251;158;453;474;719;827;491;799
1,9705,9773,1,0,0,11,2,302;190;97;392;413;673;766;430;765;578;404
1,9776,9837,1,0,0,13,1,231;119;26;321;342;602;695;359;694;507;333;504;421
1,9829,10065,1,0,0,12,6,178;66;268;289;549;642;306;641;454;280;451;368
1,9485,9697,1,0,0,10,5,3;26;73;522;410;72;317;612;616;893
1,9598,9659,1,0,0,8,2,409;297;204;499;520;719;873;537
0,9608,9695,1,0,0,9,0,399;287;194;489;496;719;863;527;862
1,9636,9712,1,0,0,9,3,371;259;166;461;482;719;835;499;834
1,9319,9381,1,0,0,9,2,169;43;192;239;688;576;238;483;778
1,9384,9453,1,0,0,9,2,104;127;174;623;511;173;418;713;734
1,9447,9510,1,0,0,9,2,41;64;111;560;448;110;355;650;671
1,9451,9530,1,0,0,9,3,37;60;107;536;444;106;351;646;667
0,11307,11374,1,0,0,6,0,390;129;457;444;747;745
0,11304,11369,1,0,0,7,0,0;393;132;460;444;750;748
1,11254,11305,1,0,0,7,2,50;443;182;464;444;800;798
1,11185,11267,1,0,0,6,2,119;63;512;251;464;444
1,11137,11422,1,0,0,6,2,167;111;526;299;627;444
1,11116,11330,1,0,0,6,3,188;132;526;320;648;653
1,11115,11175,1,0,0,6,2,189;133;545;321;649;654
1,11112,11183,1,0,0,6,2,192;136;585;324;652;657
1,11075,11149,1,0,0,6,1,229;173;622;361;689;694
0,11033,11102,1,0,0,6,0,271;215;664;403;731;736
1,11007,11064,1,0,0,6,2,297;241;690;429;757;762
1,10949,11009,1,0,0,6,1,355;299;748;487;815;820
0,10939,11003,1,0,0,6,0,365;309;758;497;825;830
1,10883,10948,1,0,0,6,2,421;365;814;553;881;881
1,10839,10898,1,0,0,6,1,465;409;837;597;925;881
0,10837,10908,1,15,0,6,0,467;411;837;599;927;881
0,10824,10890,1,0,0,7,0,480;11;424;837;612;940;945
1,10835,11094,1,0,0,7,4,469;0;413;837;601;929;934
1,10787,10843,1,0,0,5,2,517;48;461;910;649
1,10808,11080,1,0,0,7,4,496;27;440;876;628;956;961
0,10734,10817,1,0,0,5,0,570;101;514;963;702
0,10737,10803,1,0,0,5,0,567;98;511;960;699
1,10647,10705,1,0,0,8,1,46;34;23;657;188;601;1050;789
1,10661,10921,1,0,0,8,4,20;20;9;643;174;587;1036;775
0,10536,10617,1,0,0,7,0,98;157;145;134;718;299;712
1,10586,10653,1,0,0,7,1,48;107;95;84;718;249;662
1,10507,10566,1,0,0,8,1,127;181;174;23;163;732;328;741
1,10514,10575,1,0,0,8,2,120;179;167;16;156;732;321;715
1,10462,10540,1,0,0,10,1,9;8;21;172;181;219;62;208;842;373
1,10463,10680,1,0,0,10,4,8;7;20;155;181;218;62;207;841;372
1,10429,10494,1,0,0,10,1,42;41;54;205;264;252;101;241;875;406
1,10451,10537,1,0,0,10,1,20;19;32;183;242;230;62;219;853;384
0,4449,4500,1,0,0,4,0,220;110;661;717
0,4471,4522,1,0,0,4,0,220;88;639;695
0,4499,4551,1,0,0,4,0,220;60;611;667
1,4506,4747,1,0,0,4,2,220;53;604;660
0,4564,4633,1,0,0,4,0,185;546;498;819
1,4581,4785,1,15,0,4,2,168;529;498;802
1,4584,4821,1,0,0,4,2,165;526;488;799
1,4623,4676,1,0,0,4,1,126;487;473;760
0,4635,4687,1,0,0,5,0,114;461;473;748;351
1,4669,4753,1,0,0,5,1,80;441;473;714;317
1,4710,4949,1,16,0,5,2,39;400;456;673;276
1,4794,4847,1,0,0,4,2,316;372;589;192
0,4839,4889,1,0,0,6,0,271;327;544;147;728;510
1,4852,4933,1,0,0,7,1,258;314;531;134;715;497;933
1,5010,5067,1,0,0,8,1,100;156;373;557;339;775;478;963
1,5011,5068,1,0,0,9,1,99;137;372;556;338;774;477;962;570
1,4071,4126,1,0,0,8,1,115;117;161;58;339;678;354;357
1,4070,4123,1,0,0,8,1,116;118;161;71;340;679;354;358
1,4084,4134,1,0,0,8,1,102;104;149;45;326;598;354;344
1,4079,4305,1,15,0,8,3,107;109;154;45;331;670;354;349
1,4115,4175,1,0,0,8,1,71;73;118;26;295;598;354;105
1,4103,4346,1,0,0,8,1,83;85;130;38;300;598;354;325
1,4150,4428,1,0,0,8,3,36;38;83;260;598;354;105;960
0,4119,4169,1,0,0,8,0,67;69;114;22;277;598;354;105
1,4239,4324,1,0,0,5,1,171;510;303;105;686
1,4195,4266,1,0,0,6,2,38;215;554;354;105;686
1,4324,4554,1,0,0,5,2,86;425;235;94;686
1,4251,4470,1,0,0,5,1,159;469;303;105;686
0,4426,4488,1,0,0,5,0,220;133;2;684;740
1,4335,4419,1,0,0,5,1,75;220;224;93;686
0,4444,4514,1,0,0,4,0,220;115;666;722
0,4434,4497,1,0,0,4,0,220;125;676;732
1,5657,5716,1,0,0,11,1,128;316;291;123;32;544;402;461;797;453;997
1,5666,5732,1,0,0,11,1,119;307;260;114;23;535;393;452;797;453;988
1,5599,5854,1,0,0,10,6,186;374;349;181;90;602;460;519;797;698
1,5638,5727,1,0,0,11,2,147;335;310;142;51;563;421;480;797;453;1016
1,5716,5951,1,0,0,10,1,69;257;232;64;485;343;402;797;453;731
1,5747,5831,1,0,0,10,1,38;226;180;33;454;312;371;763;453;731
1,5691,5925,1,0,0,10,5,94;282;257;89;510;368;427;797;453;963
1,5716,5784,1,0,0,10,3,69;257;180;64;485;343;402;797;453;731
0,5776,5846,1,0,0,10,0,9;197;172;4;425;283;333;700;453;731
1,5814,5877,1,0,0,11,1,159;134;387;245;304;700;453;731;622;1075;849
1,5756,6017,1,0,0,10,5,29;217;176;24;445;303;362;763;453;731
1,5767,5832,1,0,0,10,1,18;206;176;13;434;292;351;700;453;731
1,5899,5959,1,0,0,11,2,74;49;302;160;219;621;398;731;537;990;764
1,5909,5978,1,0,0,11,3,64;39;284;150;209;611;388;731;527;980;754
1,5845,5903,1,0,0,11,1,128;103;356;214;273;675;452;731;591;1044;818
1,5862,5917,1,0,0,11,2,111;86;339;197;256;658;435;731;574;1027;801
1,5147,5230,1,0,0,10,1,16;236;420;202;638;341;752;434;394;801
0,5139,5192,1,0,0,10,0,16;244;428;210;646;349;752;442;402;809
1,5133,5211,1,0,0,10,1,33;250;434;216;652;355;752;448;408;815
1,5052,5263,1,0,0,10,6,58;114;331;515;297;733;436;921;529;489
0,5218,5281,1,0,0,10,0,165;349;131;567;270;723;363;323;671;562
1,5179,5417,1,0,0,9,8,204;388;170;606;309;723;375;362;769
0,5176,5238,1,0,0,9,0,207;391;173;609;312;723;375;365;772
1,5158,5232,1,0,0,10,1,8;225;409;191;627;330;723;423;383;790
1,5343,5612,1,0,0,13,8,40;224;6;442;145;611;238;198;605;437;346;829;716
1,5334,5397,1,0,0,12,1,49;233;15;451;154;639;247;207;614;446;355;829
1,5300,5585,1,0,0,12,9,83;267;49;485;188;673;281;241;633;480;389;901
1,5292,5353,1,0,0,12,2,91;275;57;493;196;681;289;249;656;488;397;909
1,5518,5602,1,0,0,12,1,49;267;455;63;23;430;262;171;656;541;548;797
1,5510,5809,1,0,0,12,6,57;275;463;71;31;438;270;179;656;549;608;797
1,5498,5747,1,0,0,12,9,69;287;475;83;43;450;282;191;656;561;620;1022
0,5354,5425,1,0,0,12,0,29;213;431;134;611;227;187;594;426;335;656;705
1,6566,6638,1,0,0,11,1,88;323;97;67;76;19;9;288;253;345;337
1,6679,6909,1,0,0,7,3,210;175;140;296;224;877;737
0,6715,6791,1,0,0,8,0,174;139;104;260;188;841;556;842
1,6721,6778,1,0,0,8,1,168;133;98;254;182;835;556;836
1,6445,6695,1,0,0,12,3,75;209;444;218;188;197;140;130;28;409;374;345
1,6460,6531,1,0,0,12,2,60;194;404;203;173;182;125;115;13;394;359;345
1,6476,6564,1,0,0,11,2,44;178;372;187;157;166;109;99;378;343;345
1,6482,6551,1,0,0,11,2,38;172;367;181;151;160;103;93;372;337;345
0,6754,6812,1,0,0,8,0,135;100;65;221;125;802;556;727
1,6765,6820,1,0,0,8,1,124;89;54;210;125;791;556;727
1,6792,6860,1,0,0,8,1,97;62;27;183;111;764;556;727
0,6809,6859,1,0,0,9,0,80;45;10;166;94;747;556;721;404
0,6732,6794,1,0,0,8,0,157;122;87;243;171;824;556;802
1,6751,6803,1,0,0,8,1,138;103;68;224;152;805;556;802
1,6751,6823,1,0,0,8,1,138;103;68;224;125;805;556;802
1,6751,6992,1,0,0,8,3,138;103;68;224;125;805;556;735
1,6063,6118,1,0,0,12,2,138;55;457;234;556;373;826;600;570;579;522;512
1,6058,6267,1,0,0,13,5,143;1;60;462;239;596;378;831;605;575;584;527;517
1,6112,6190,1,0,0,13,1,89;6;408;185;451;324;777;551;521;530;473;463;361
1,6087,6154,1,0,0,13,1,114;31;433;210;556;349;802;576;546;555;498;488;386
0,5934,5999,1,0,0,11,0,39;14;267;125;184;524;363;720;502;955;729
1,5925,6011,1,0,0,11,3,48;23;276;134;193;544;372;729;511;964;738
1,6045,6116,1,0,0,13,2,156;14;73;475;252;609;391;844;618;588;597;540;530
1,5993,6067,1,0,0,12,2,208;66;125;524;304;661;443;896;670;640;649;592
1,6353,6437,1,0,0,13,1,167;301;83;486;310;280;289;232;222;120;501;466;622
1,6335,6424,1,0,0,13,2,185;319;101;554;328;298;307;250;240;138;519;484;640
1,6419,6493,1,0,0,13,2,101;235;17;462;244;214;223;166;156;54;435;400;345
1,6378,6632,1,0,0,13,8,142;276;58;462;285;255;264;207;197;95;476;441;597
1,6127,6195,1,0,0,12,2,74;393;170;442;309;762;536;506;515;458;448;346
1,6127,6213,1,0,0,12,3,74;355;170;442;309;762;536;506;515;458;448;346
1,6224,6310,1,0,0,13,2,296;73;430;212;665;439;409;418;361;344;249;630;595
1,6154,6234,1,0,0,12,3,47;355;143;442;282;735;509;479;488;431;366;319
1,7314,7544,1,0,0,5,1,242;102;243;349;431
1,7316,7373,1,0,0,5,3,240;100;241;209;429
1,7295,7366,1,0,0,5,3,261;121;262;349;450
0,7311,7390,1,0,0,5,0,245;105;246;349;434
1,7223,7496,1,0,0,5,4,333;193;299;349;522
0,7271,7346,1,0,0,5,0,285;145;286;349;457
0,7218,7280,1,0,0,5,0,338;198;339;349;527
1,7220,7273,1,0,0,5,2,336;196;337;349;525
1,7459,7744,1,16,0,5,2,73;98;209;286;773
1,7556,7788,1,0,0,6,2,0;1;165;189;759;693
1,7421,7502,1,0,0,5,1,135;136;209;324;869
1,7441,7667,1,0,0,5,3,73;116;209;304;869
1,7397,7448,1,0,0,6,1,159;19;160;209;348;918
0,7413,7502,1,0,0,6,0,143;3;144;209;332;869
1,7324,7572,1,0,0,5,4,232;92;233;209;417
1,7325,7378,1,0,0,5,1,231;91;232;209;381
1,7059,7135,1,0,0,5,1,497;357;498;154;674
0,7049,7126,1,16,0,5,0,497;367;508;164;684
1,7047,7101,1,0,0,5,1,509;369;510;166;686
0,7016,7066,1,0,0,5,0,540;400;541;197;717
0,6954,7004,1,0,0,6,0,21;602;462;603;259;779
0,6953,7004,1,0,0,6,0,22;603;463;604;260;780
0,6923,6977,1,0,0,6,0,52;633;493;634;290;810
1,6846,7067,1,0,0,9,5,43;8;129;57;710;556;711;367;887
0,7203,7274,1,0,0,6,0,353;213;354;10;349;542
0,7164,7243,1,0,0,5,0,392;252;389;49;349
1,7154,7429,1,0,0,5,3,402;262;403;59;579
1,7154,7228,1,0,0,5,3,402;262;403;59;349
1,7122,7382,1,0,0,5,5,434;294;435;91;611
0,7115,7175,1,0,0,5,0,441;301;442;98;618
1,7066,7317,1,0,0,5,5,480;350;491;147;667
0,7062,7144,1,0,0,5,0,480;354;495;151;671
1,28972,29060,1,0,0,7,1,54;69;119;167;118;659;611
1,28989,29050,1,0,0,7,1,37;39;102;167;101;659;594
1,28944,29161,1,0,0,8,3,78;97;23;147;167;146;843;639
1,28971,29266,1,0,0,7,3,55;70;120;167;119;660;612
1,28895,28963,1,0,0,8,1,108;113;72;33;196;167;195;843
1,28904,29116,1,0,0,8,2,105;113;63;24;187;167;186;843
1,28884,28969,1,0,0,8,1,141;113;83;44;207;167;195;843
1,28890,28973,1,0,0,8,1,122;113;77;38;201;167;195;843
1,28863,28950,1,0,0,8,1,163;178;104;65;228;167;195;843
1,28881,28958,1,0,0,8,1,141;160;86;47;210;167;195;843
1,28820,29098,1,0,0,8,5,183;221;147;108;271;374;270;843
1,28839,28904,1,0,0,8,1,183;202;128;89;252;167;251;843
1,28799,29084,1,0,0,8,5,225;242;168;129;292;395;291;1006
1,28808,29031,1,0,0,8,3,218;233;159;120;283;386;282;843
1,28782,28849,1,0,0,8,1,244;259;185;146;309;412;308;1006
0,28785,28857,1,0,0,8,0,225;256;182;143;306;409;305;1006
1,28765,28834,1,0,0,8,2,261;276;202;163;326;429;325;1023
1,28683,28940,1,0,0,8,5,330;358;284;245;408;511;407;1060
1,28680,28766,1,0,0,8,1,346;361;287;248;411;514;410;1060
1,28673,28736,1,0,0,8,2,353;368;294;255;418;521;417;1088
1,28663,28870,1,0,0,8,4,363;378;304;265;428;531;427;1149
1,28628,28837,1,0,0,5,3,398;413;339;300;463
0,28472,28539,1,0,0,5,0,97;554;499;495;456
1,28435,28487,1,0,0,5,1,134;591;499;532;493
1,28360,28580,1,0,0,6,3,2;209;611;640;607;568
1,28347,28429,1,0,0,5,2,15;222;611;651;620
1,28344,28586,1,0,0,5,2,18;225;611;697;623
0,28322,28378,1,0,0,6,0,40;18;247;611;719;645
0,28305,28366,1,0,0,6,0,57;35;264;611;736;662
0,28271,28345,1,0,0,5,0,91;69;280;611;770
1,28261,28330,1,0,0,5,1,101;79;308;611;780
1,28229,28496,1,0,0,4,2,133;111;340;797
0,29062,29333,1,0,0,5,0,29;132;7;659;521
1,29061,29306,1,0,0,5,1,30;133;29;659;522
0,29085,29135,1,0,0,5,0,6;109;4;659;498
1,29063,29129,1,0,0,5,1,28;131;7;659;520
1,29009,29090,1,0,0,7,1,17;32;82;167;66;659;574
1,28990,29057,1,0,0,7,1,29;39;101;167;100;659;593
0,29034,29123,1,0,0,6,0,7;57;160;47;659;549
0,29011,29064,1,0,0,7,0,15;30;80;167;47;659;572
1,26987,27269,1,0,0,10,6,104;313;172;178;16;438;429;684;711;372
1,26994,27069,1,0,0,10,3,97;306;165;171;9;431;429;484;704;365
1,26967,27038,1,0,0,11,1,124;333;192;198;6;16;458;440;690;731;392
1,26981,27033,1,0,0,10,1,110;319;178;184;16;444;440;690;717;378
1,27060,27149,1,0,0,9,4,31;240;99;104;365;364;484;456;299
1,27066,27140,1,0,0,9,1,25;234;93;99;359;358;484;456;293
1,27015,27282,1,0,0,9,5,76;285;144;150;366;409;484;683;344
1,27057,27119,1,0,0,9,1,34;243;102;108;366;367;484;456;302
1,26897,26979,1,0,0,11,2,194;14;397;262;268;76;106;528;442;745;801
1,26902,26978,1,0,0,11,1,189;9;349;257;263;71;101;523;442;745;796
1,26822,26877,1,0,0,13,1,65;269;0;89;478;337;343;151;181;603;442;745;876
1,26831,26911,1,0,0,12,2,58;260;80;469;328;334;142;172;594;442;745;867
1,26938,27006,1,0,0,11,1,153;349;221;227;35;16;487;440;733;760;421
1,26961,27046,1,0,0,11,1,130;339;198;204;12;16;464;440;710;737;398
1,26919,26974,1,0,0,10,1,172;349;240;246;54;84;506;440;745;779
1,26927,27014,1,0,0,10,1,164;349;232;238;46;76;498;440;736;771
1,26733,26800,1,15,0,12,1,156;358;89;178;567;426;432;240;270;692;691;751
1,26675,26959,1,0,0,13,10,24;214;416;147;236;625;484;463;298;328;750;749;996
1,26661,26712,1,0,0,13,1,38;228;430;161;250;639;498;482;312;342;764;763;1010
1,26655,26706,1,0,0,13,1,44;234;436;167;256;645;504;509;318;348;770;769;1016
1,26769,27007,1,0,0,12,6,65;322;53;142;531;390;360;204;234;656;655;745
1,26764,26822,1,0,0,12,1,65;327;58;147;536;395;401;209;239;661;660;745
1,26750,26831,1,0,0,12,1,116;341;72;161;550;409;415;223;253;675;674;745
1,26747,26966,1,0,0,12,7,116;344;75;164;553;412;418;226;256;678;677;751
1,26461,26537,1,0,0,9,2,10;238;428;630;361;450;839;698;704
1,26407,26469,1,0,0,10,2,64;292;38;482;684;415;504;893;752;758
1,26373,26441,1,0,0,11,1,98;326;18;72;516;718;449;538;923;786;792
1,26357,26424,1,0,0,9,1,114;342;34;88;532;718;465;554;943
1,26610,26661,1,0,0,12,1,89;279;481;212;301;690;549;555;363;393;815;814
0,26605,26656,1,0,0,12,0,94;284;486;217;306;695;554;560;368;398;820;819
1,26491,26555,1,0,0,9,2,208;398;600;331;420;809;668;674;482
0,26480,26535,1,0,0,9,0,219;409;604;342;431;820;679;685;493
0,28062,28129,1,0,0,11,0,15;300;94;48;15;150;56;278;102;135;507
1,28090,28170,1,0,0,10,2,272;66;20;122;28;250;74;107;479;936
1,28133,28204,1,0,0,8,2,229;23;79;207;31;64;436;893
1,28180,28266,1,0,0,6,1,182;32;160;17;389;846
1,28192,28275,1,0,0,6,1,137;20;148;5;377;834
0,28204,28282,1,0,0,5,0,137;8;133;365;822
1,28209,28293,1,0,0,5,1,137;3;131;360;817
0,28225,28312,1,0,0,4,0,137;115;344;801
1,27740,27810,1,0,0,11,1,152;337;439;416;370;337;472;378;600;424;457
1,27742,27976,1,0,0,11,8,150;335;439;414;368;335;470;376;574;422;455
1,27802,27872,1,0,0,11,1,90;275;439;354;308;275;410;316;451;362;395
1,27818,28044,1,0,0,11,7,74;259;439;338;292;259;394;300;451;346;379
1,27850,27915,1,0,0,11,1,42;227;439;306;260;227;362;268;318;314;347
1,27856,27924,1,0,0,11,1,36;221;439;300;254;221;333;262;318;308;341
1,27883,27940,1,0,0,11,1,9;194;439;273;227;194;329;235;318;261;314
0,28007,28085,1,0,0,11,0,70;355;149;103;70;205;111;318;157;190;562
1,27643,27713,1,0,0,11,2,28;55;249;434;719;513;467;434;569;475;697
0,27542,27631,1,0,0,9,0,129;156;350;535;806;614;568;535;670
1,27648,27731,1,0,0,11,1,23;50;244;429;680;508;462;429;564;470;692
1,27644,27719,1,0,0,11,2,27;54;248;433;687;512;466;433;568;474;696
1,27698,27786,1,0,0,11,1,0;194;379;664;458;412;360;498;420;642;466
1,27692,27769,1,0,0,11,1,6;200;385;670;464;418;360;520;426;648;472
1,27730,27957,1,0,0,11,8,162;347;632;426;380;347;482;388;605;434;467
1,27700,27771,1,0,0,10,2,192;377;662;456;410;360;497;418;640;464
1,27102,27159,1,0,0,8,3,198;57;63;323;322;484;453;257
1,27076,27141,1,0,0,9,3,15;224;83;88;349;348;484;456;283
1,27275,27349,1,0,0,7,1,25;150;149;396;423;84;617
1,27138,27205,1,0,0,8,2,162;21;27;287;286;484;444;221
0,27428,27481,1,0,0,6,0,243;270;464;649;934;728
1,27292,27371,1,0,0,7,1,8;118;132;379;406;67;600
1,27530,27581,1,0,0,9,1,141;168;362;547;806;626;580;547;682
1,27525,27576,1,0,0,9,2,146;173;367;552;837;631;585;552;687
0,15001,15058,1,0,0,10,0,151;7;280;313;479;211;525;456;717;382
1,15023,15223,1,0,0,9,6,129;258;291;457;189;525;434;695;360
0,15047,15109,1,0,0,10,0,105;234;267;433;165;525;410;648;336;657
1,15060,15146,1,0,0,10,4,92;221;254;420;152;525;397;648;323;644
0,15066,15116,1,0,0,10,0,86;215;248;414;146;525;391;638;317;638
1,15068,15122,1,0,0,10,2,84;213;246;412;144;525;389;638;315;636
1,15078,15152,1,0,0,10,1,74;197;236;402;134;525;379;638;305;626
0,15084,15164,1,0,0,11,0,68;197;230;396;128;525;337;634;299;620;663
1,14741,14971,1,0,0,10,5,15;137;5;411;267;540;573;739;471;943
1,14792,14877,1,0,0,9,2,86;360;216;489;522;688;420;887;665
1,14809,15035,1,0,0,10,4,69;343;199;472;505;671;403;875;648;909
1,14868,15095,1,0,0,10,5,10;284;140;413;446;612;344;715;589;850
0,14909,14976,1,0,0,10,0,243;99;372;405;571;303;715;548;719;474
1,14933,15165,1,15,0,10,6,219;75;348;381;547;279;715;524;719;450
0,14975,15052,1,0,0,10,0,177;33;306;339;505;237;542;482;719;408
1,14976,15061,1,0,0,10,3,176;32;305;338;504;236;542;481;719;407
1,14604,14869,1,0,0,8,3,152;16;274;142;483;404;677;710
1,14534,14738,1,0,0,6,3,222;86;344;212;485;474
1,14628,14716,1,0,0,7,2,128;250;118;483;380;572;686
1,14608,14668,1,0,0,8,1,148;12;270;138;483;400;572;706
1,14669,14747,1,0,0,9,2,87;209;77;483;339;572;645;811;543
0,14668,14753,1,0,0,9,0,88;210;78;483;340;572;646;812;544
1,14727,14783,1,0,0,10,2,29;151;19;425;281;554;587;753;485;957
1,14685,14753,1,0,0,9,1,71;193;61;467;323;572;625;795;527
1,14327,14386,1,16,0,6,1,182;429;115;293;528;419
1,14307,14576,1,0,0,6,5,182;449;135;313;546;439
1,14370,14447,1,0,0,6,2,107;386;72;250;508;376
1,14362,14441,1,0,0,6,1,128;394;80;258;516;384
1,14436,14501,1,0,0,7,1,74;320;6;184;442;310;547
1,14419,14619,1,0,0,7,2,91;337;23;201;459;327;733
1,14494,14779,1,0,0,6,3,16;262;126;384;252;547
0,14443,14512,1,0,0,6,0,57;313;177;435;303;547
1,14071,14157,1,0,0,7,1,37;229;439;685;371;549;576
1,14133,14189,1,0,0,6,1,167;377;623;309;487;576
1,13987,14056,1,0,0,5,1,121;313;523;769;446
1,14040,14329,1,0,0,7,5,68;260;470;716;402;580;838
1,14297,14362,1,0,0,7,2,3;213;459;145;323;576;449
1,14298,14376,1,0,0,7,1,2;212;458;144;322;546;448
0,14165,14216,1,0,0,6,0,135;345;591;277;455;576
0,14250,14309,1,0,0,7,0,50;260;506;192;370;576;496
1,13727,13800,1,0,0,9,1,41;48;131;320;573;80;783;254;1029
0,13788,13868,1,0,0,8,0,18;70;320;512;19;722;193;968
0,13663,13732,1,0,0,8,0,105;48;195;320;578;144;847;318
0,13685,13745,1,0,0,9,0,83;48;173;320;578;122;825;296;1071
0,13892,13966,1,0,0,5,0,216;408;618;89;864
1,13958,14014,1,0,0,6,1,150;342;552;23;798;484
1,13810,13891,1,0,0,6,2,48;298;490;700;171;946
0,13891,13943,1,0,0,5,0,217;409;619;90;865
0,13475,13558,1,0,0,5,0,226;133;287;383;633
1,13448,13740,1,0,0,5,3,320;160;287;410;660
0,13399,13474,1,0,0,6,0,32;341;209;287;447;709
1,13359,13442,1,0,0,6,2,72;409;249;287;447;749
1,13608,13844,1,0,0,9,4,160;0;48;250;500;578;199;902;373
1,13558,13831,1,0,0,6,2,210;50;248;290;550;578
1,13554,13793,1,0,0,6,3,214;54;252;290;554;746
1,13515,13594,1,0,0,6,2,226;93;287;343;593;785
1,13240,13315,1,0,0,7,2,30;30;191;528;368;566;514
1,13204,13260,1,0,0,9,1,4;66;66;32;192;564;404;602;514
1,13193,13249,1,0,0,9,1,15;77;77;43;238;575;415;613;514
1,13179,13439,1,0,0,9,5,29;91;91;57;252;589;429;627;627
1,13313,13368,1,0,0,6,2,118;455;287;287;472;795
1,13309,13548,1,0,0,6,2,122;459;287;497;472;799
1,13308,13371,1,0,0,6,1,123;460;300;498;472;800
1,13243,13324,1,0,0,7,2,27;27;188;525;365;563;472
1,13047,13099,1,0,0,9,1,161;223;223;189;305;613;482;758;627
1,13080,13319,1,0,0,9,5,128;190;190;156;305;613;482;726;627
1,13103,13191,1,0,0,9,1,105;167;167;133;305;613;482;665;627
0,13159,13244,1,0,0,9,0,49;111;111;77;272;609;449;647;627
1,12994,13242,1,0,0,7,5,214;276;276;242;305;613;502
1,12995,13071,1,0,0,7,1,213;275;275;241;305;613;482
1,13003,13085,1,0,0,8,3,205;248;267;233;305;613;482;803
1,13034,13307,1,0,0,9,7,174;236;236;202;305;613;482;758;824
1,12959,13237,1,0,0,7,6,249;298;311;277;472;613;649
0,12963,13019,1,0,0,7,0,245;298;307;273;468;613;502
0,12975,13035,1,0,0,7,0,233;295;295;261;456;613;502
1,12981,13187,1,0,0,7,5,227;289;289;255;450;613;502
1,12931,13166,1,0,0,7,6,277;339;339;305;500;830;677
1,12937,13020,1,0,0,7,1,271;333;333;299;494;636;671
1,12937,13003,1,15,0,7,1,271;333;333;299;494;636;671
1,12953,13019,1,0,0,7,1,255;317;317;283;478;613;655
1,12795,12865,1,16,0,7,1,67;413;447;475;441;636;965
1,12784,12850,1,0,0,7,1,78;424;447;486;452;647;984
1,12928,12996,1,0,0,7,1,280;342;342;308;503;840;680
1,12851,12904,1,0,0,7,1,11;357;419;419;385;580;917
1,12674,12973,1,0,0,7,5,188;35;66;534;596;596;562
0,12644,12697,1,0,0,8,0,12;218;65;96;564;601;626;592
0,12701,12778,1,0,0,7,0,161;8;39;507;447;569;535
0,12676,12733,1,0,0,7,0,186;33;64;532;447;594;560
1,12573,12816,1,0,0,6,4,83;289;136;167;635;697
0,12568,12633,1,0,0,6,0,88;294;139;172;640;702
0,12624,12680,1,0,0,7,0,32;238;85;116;584;601;646
1,12596,12675,1,0,0,6,1,60;266;113;144;612;601
1,12404,12663,1,0,0,6,3,112;252;431;133;139;336
1,12397,12480,1,0,0,6,2,119;259;434;140;139;343
0,12462,12541,1,0,0,6,0,54;194;325;75;139;237
1,12443,12738,1,0,0,6,5,73;213;325;94;139;297
1,12376,12447,1,0,0,6,1,140;280;434;161;171;364
0,12385,12447,1,0,0,6,0,131;271;434;152;139;355
1,12323,12619,1,0,0,5,4,193;333;434;214;386
1,12375,12652,1,0,0,6,5,141;281;434;162;334;365
1,12294,12373,1,0,0,5,1,222;362;434;240;415
1,12301,12581,1,0,0,5,2,215;355;434;236;400
1,12257,12339,1,0,0,6,2,35;259;372;434;280;423
1,12293,12550,1,0,0,5,4,223;363;434;244;416
1,12234,12466,1,0,0,6,4,58;282;422;434;303;465
1,12240,12324,1,0,0,6,1,52;276;416;434;297;423
1,12180,12447,1,0,0,6,4,112;336;476;676;357;465
0,12226,12295,1,0,0,6,0,66;290;430;434;311;465
1,12112,12406,1,0,0,7,6,180;404;8;527;684;425;597
1,12172,12374,1,0,0,6,4,120;344;484;676;365;537
1,12069,12136,1,0,0,6,1,223;447;51;587;684;468
0,12082,12136,1,0,0,6,0,210;434;38;527;684;455
1,12047,12269,1,0,0,8,4,7;5;245;469;73;609;815;490
1,11874,11954,1,0,0,5,1,172;178;418;642;246
1,11863,11950,1,0,0,5,1,191;189;429;649;257
1,11839,11922,1,0,0,5,1,215;213;453;667;281
1,11834,12049,1,0,0,5,4,220;218;458;682;286
1,11744,11798,1,0,0,6,1,20;25;300;308;548;772
1,11725,11928,1,0,0,6,1,39;36;329;327;567;791
1,11699,11761,1,0,0,5,1,65;70;341;353;593
1,11681,11732,1,0,0,6,1,16;83;88;373;371;611
1,11558,11620,1,0,0,5,1,139;206;211;473;494
1,11397,11478,1,0,0,6,1,300;39;367;372;473;536
0,11391,11473,1,0,0,6,0,306;45;373;378;473;536
1,11386,11633,1,0,0,6,2,311;50;378;383;668;536
1,11352,11601,1,0,0,6,2,345;84;412;417;702;536
1,11323,11565,1,0,0,6,3,374;113;431;444;731;729
1,11315,11379,1,0,0,6,1,382;121;449;444;739;737
0,18599,18687,1,0,0,10,0,250;87;254;98;187;303;654;486;870;1066
0,18531,18589,1,0,0,11,0,4;40;50;318;155;322;166;255;371;654;486
1,18631,18875,1,0,0,10,3,218;55;222;66;155;271;654;486;838;1034
0,18604,18679,1,0,0,10,0,245;82;249;93;182;298;654;486;865;1061
1,18704,18968,1,0,0,8,4,145;149;82;198;632;432;765;959
0,18653,18719,1,0,0,10,0,196;33;200;44;133;249;654;483;816;959
0,18803,18876,1,0,0,7,0,46;50;99;533;333;666;679
1,18770,19040,1,0,0,8,5,79;83;16;132;566;366;699;895
1,18895,18947,1,0,0,5,1,7;441;241;574;660
1,18889,19156,1,0,0,5,4,13;447;247;580;679
0,18978,19029,1,0,0,5,0,358;158;401;660;674
1,18936,19223,1,15,0,4,3,396;200;533;660
1,18995,19062,1,0,0,5,1,341;141;401;612;657
1,18979,19068,1,0,0,5,1,357;157;401;660;673
1,19054,19301,1,0,0,7,4,282;82;376;611;598;984;617
1,19008,19078,1,0,0,5,1,328;128;376;612;644
1,18233,18311,1,0,0,10,3,302;338;348;196;616;453;617;464;553;669
1,18233,18316,1,0,0,10,2,302;338;348;196;616;453;586;464;553;669
1,18245,18326,1,0,0,10,1,290;326;336;184;604;441;572;452;541;657
1,18255,18333,1,0,0,10,1,280;316;326;174;594;391;572;442;531;647
1,18286,18360,1,0,0,10,3,249;285;295;143;563;391;567;385;500;616
1,18296,18347,1,0,0,10,1,239;275;285;133;553;390;557;385;490;594
1,18309,18383,1,0,0,10,1,215;262;272;120;540;377;544;385;477;593
1,18311,18396,1,0,0,10,1,215;260;270;118;538;375;542;339;475;591
1,18344,18423,1,16,0,10,1,191;227;237;85;505;342;509;339;442;558
1,18384,18679,1,0,0,10,7,151;187;197;45;465;302;469;313;402;518
1,18441,18514,1,0,0,11,3,94;130;140;408;245;412;256;345;461;895;695
1,18448,18725,1,0,0,11,7,87;123;133;401;238;405;249;338;454;858;688
1,18451,18714,1,0,0,11,7,84;120;130;398;235;402;246;335;451;654;685
1,18460,18544,1,16,0,11,3,75;111;121;389;226;393;237;326;442;654;505
1,18460,18695,1,0,0,11,7,75;111;121;389;226;393;237;326;377;654;505
1,18484,18552,1,0,0,11,1,51;87;97;365;202;369;213;302;377;654;486
1,17684,17742,1,0,0,7,2,115;184;253;62;173;432;851
1,17627,17710,1,0,0,7,1,172;7;241;310;119;230;489
1,17564,17626,1,0,0,7,3,235;70;304;373;182;293;547
1,17541,17753,1,0,0,7,4,258;93;327;396;205;316;575
1,17795,17861,1,0,0,8,1,4;73;142;62;321;740;776;786
1,17762,17823,1,0,0,6,1,37;106;175;76;354;773
1,17758,17820,1,0,0,6,1,41;110;179;99;358;777
1,17727,17785,1,0,0,7,2,72;141;210;19;119;389;808
1,17968,18028,1,0,0,5,2,148;567;603;537;461
1,17965,18035,1,0,0,5,1,151;570;606;556;464
1,17960,18198,1,0,0,5,3,156;575;611;621;469
1,17877,17940,1,0,0,6,1,60;239;658;694;704;552
1,18169,18238,1,0,0,10,1,366;402;412;260;680;517;617;528;617;733
1,18141,18418,1,0,0,8,8,394;430;440;288;708;545;712;556
1,18091,18164,1,0,0,8,1,25;444;480;490;338;758;595;762
0,17975,18047,1,0,0,5,0,141;560;590;537;454
1,17068,17130,1,0,0,8,1,123;201;45;148;234;731;565;742
0,17091,17172,1,0,0,8,0,76;178;22;125;211;708;543;742
1,17020,17094,1,15,0,8,2,146;249;93;196;282;779;614;742
1,17053,17138,1,0,0,8,2,138;216;60;163;249;746;581;742
1,17155,17404,1,0,0,9,5,36;114;61;147;644;479;713;764;591
1,17255,17332,1,0,0,7,1,14;47;544;379;613;682;491
1,17141,17410,1,0,0,9,6,50;128;75;161;658;493;727;796;605
1,17146,17202,1,0,0,9,3,45;123;70;156;653;488;722;777;600
1,17355,17419,1,0,0,6,1,444;279;513;582;240;502
0,17413,17464,1,0,0,6,0,386;221;455;524;240;444
1,17303,17520,1,0,0,5,2,496;331;565;634;443
1,17324,17391,1,0,0,5,2,475;310;544;613;240
0,17486,17546,1,0,0,7,0,276;148;382;451;240;371;594
1,17527,17731,1,0,0,7,5,272;107;341;410;219;330;589
1,17444,17531,1,0,0,6,1,355;190;424;493;240;413
1,17472,17536,1,0,0,7,3,276;162;396;465;240;385;644
1,16691,16758,1,0,0,7,1,3;12;384;578;422;525;611
1,16661,16951,1,0,0,7,3,33;42;530;608;452;555;641
0,16738,16801,1,0,0,5,0,370;531;375;478;564
0,16725,16799,1,0,0,5,0,370;544;388;491;577
1,16442,16531,1,0,0,6,2,111;102;215;211;261;749
1,16421,16477,1,0,0,7,2,11;132;123;221;232;282;770
0,16493,16580,1,0,0,6,0,60;51;197;120;210;698
1,16450,16534,1,15,0,6,1,103;94;197;203;253;741
1,16991,17211,1,0,0,8,3,200;278;122;225;311;808;643;877
0,16979,17039,1,0,0,8,0,212;290;134;237;323;820;655;889
1,16998,17083,1,0,0,8,1,193;271;115;218;304;801;636;742
1,16996,17247,1,0,0,8,4,195;273;117;220;306;803;638;754
1,16901,16978,1,0,0,7,2,290;368;212;315;401;898;733
0,16856,16929,1,0,0,7,0,335;413;257;360;446;943;778
0,16952,17012,1,0,0,7,0,239;317;161;264;350;847;666
1,16908,16961,1,0,0,7,1,283;361;205;308;394;891;666
1,16187,16398,1,0,0,7,3,87;40;245;187;251;357;507
1,16239,16504,1,0,0,6,4,35;193;135;248;305;455
1,16246,16305,1,0,0,6,1,28;186;128;248;298;363
1,16249,16307,1,0,0,6,1,25;183;125;247;295;363
1,16095,16308,1,0,0,6,1,179;132;337;279;391;410
1,16106,16328,1,0,0,7,3,168;121;326;249;391;410;588
1,16115,16196,1,0,0,7,3,159;112;317;249;251;410;579
1,16126,16203,1,0,0,7,1,148;101;291;248;251;410;568
1,16329,16388,1,0,0,6,1,103;26;214;215;221;324
1,16363,16428,1,0,0,7,1,69;11;190;181;221;290;340
0,16393,16476,1,0,0,6,0,39;160;151;221;260;310
0,16403,16481,1,0,0,6,0,29;150;141;221;250;300
1,16249,16515,1,15,0,6,4,25;183;125;220;295;363
1,16291,16374,1,0,0,6,1,141;83;220;253;223;362
1,16292,16354,1,0,0,6,1,140;26;220;252;223;361
1,16323,16379,1,0,0,6,2,109;26;214;221;223;330
1,15922,16131,1,0,0,9,2,115;19;352;152;305;142;510;452;602
0,15897,15968,1,0,0,9,0,140;44;377;177;330;167;535;477;602
1,15880,15955,1,0,0,9,1,157;61;394;194;347;184;552;494;673
1,15838,15901,1,0,0,9,1,199;103;436;236;365;226;594;536;715
1,15808,15864,1,0,0,9,2,229;133;466;266;419;256;624;566;745
0,15781,15844,1,0,0,8,0,256;160;493;293;446;283;651;593
0,15778,15830,1,0,0,8,0,259;163;496;296;449;286;654;596
0,15733,15783,1,0,0,8,0,14;304;208;541;341;494;331;699
1,16090,16149,1,0,0,6,2,184;137;342;284;391;410
1,16081,16145,1,0,0,6,2,193;146;351;293;391;463
1,16037,16275,1,0,0,9,3,0;237;37;190;27;353;337;516;507
1,16027,16104,1,0,0,9,3,10;247;47;200;37;377;347;526;517
1,16002,16057,1,0,0,8,3,35;272;72;225;62;430;372;551
0,15994,16047,1,0,0,8,0,43;280;80;233;70;438;380;559
1,15926,16012,1,0,0,9,2,111;15;348;148;301;138;506;432;600
1,15923,16183,1,0,0,9,5,114;18;351;151;304;141;509;432;602
0,15397,15486,1,0,0,7,0,83;287;60;321;307;350;513
1,15412,15464,1,0,0,7,2,68;272;45;306;292;335;513
1,15318,15398,1,0,0,8,2,162;366;139;400;65;386;429;651
0,15396,15456,1,0,0,7,0,84;288;61;322;308;351;513
0,15262,15319,1,0,0,9,0,19;52;218;422;195;456;121;442;485
1,15279,15563,1,0,0,10,3,2;35;201;405;178;439;104;425;468;758
1,15220,15296,1,0,0,9,1,61;94;260;464;237;498;163;484;527
0,15244,15313,1,0,0,9,0,27;70;236;440;213;474;139;460;503
1,15586,15659,1,0,0,9,4,98;132;118;161;396;355;560;488;611
1,15652,15871,1,0,0,10,5,32;66;52;95;385;289;560;422;575;412
1,15580,15831,1,0,0,9,5,104;138;124;167;396;361;560;494;647
0,15582,15637,1,0,0,9,0,102;136;122;165;396;359;560;492;611
1,15507,15774,1,0,0,6,4,177;211;197;240;513;434
1,15552,15829,1,0,0,8,3,132;166;152;195;396;389;722;522
1,15439,15504,1,0,0,7,1,41;245;18;279;265;289;513
0,15481,15568,1,0,0,6,0,203;237;201;266;513;460
0,21936,22021,1,0,0,6,0,133;435;35;548;808;504
0,21899,21987,1,0,0,4,0,170;468;72;548
1,21898,21971,1,0,0,4,1,171;468;73;559
0,21821,21876,1,0,0,4,0,205;468;150;559
1,22062,22124,1,15,0,6,1,7;309;455;682;378;655
1,22032,22101,1,0,0,6,1,37;339;485;712;408;685
1,22022,22109,1,0,0,6,1,47;349;495;722;418;695
1,21951,22187,1,0,0,7,3,118;420;20;548;793;489;766
0,21623,21710,1,0,0,4,0,13;446;724;348
1,21523,21587,1,0,0,4,1,94;113;520;724
1,21490,21767,1,0,0,5,1,12;127;146;520;881
1,21469,21736,1,0,0,5,1,33;147;150;541;902
1,21808,22107,1,0,0,4,1,205;468;157;709
1,21781,21993,1,0,0,3,1,205;468;190
1,21712,21983,1,0,0,3,1,357;468;259
1,21671,21907,1,0,0,3,2,398;700;300
1,22466,22677,1,0,0,8,5,51;262;251;484;367;393;572;981
1,22483,22560,1,0,0,8,3,34;261;234;484;367;376;555;807
1,22346,22606,1,0,0,8,5,25;171;398;94;371;484;566;513
1,22456,22524,1,0,0,8,1,61;288;261;484;367;403;582;991
1,22595,22652,1,0,0,10,5,149;122;421;317;264;443;785;503;814;657
1,22634,22700,1,0,0,10,5,110;83;382;278;225;404;751;464;775;618
1,22489,22732,1,0,0,8,6,28;255;228;484;367;370;480;807
1,22514,22596,1,0,0,11,2,3;230;203;484;367;345;480;785;584;895;738
1,22131,22389,1,0,0,5,3,240;386;610;309;586
1,22133,22202,1,0,0,5,1,238;384;610;307;557
1,22077,22154,1,0,0,5,1,294;440;622;363;640
1,22102,22307,1,0,0,5,2,269;415;610;338;615
1,22254,22323,1,0,0,6,1,117;263;490;186;463;762
1,22312,22548,1,0,0,8,4,59;205;432;128;405;704;600;547
0,22152,22234,1,0,0,5,0,219;365;584;288;557
1,22179,22267,1,0,0,6,1,192;338;565;261;538;837
1,21045,21100,1,0,0,7,2,69;151;33;26;320;435;522
1,21036,21106,1,0,0,7,2,78;160;42;35;329;466;522
1,21128,21400,1,0,0,6,4,68;237;374;489;508;884
1,21125,21353,1,0,0,6,3,71;240;377;492;511;944
0,21154,21204,1,0,0,6,0,42;211;343;463;482;884
1,21136,21216,1,0,0,6,1,60;229;352;481;500;884
1,21188,21269,1,0,0,6,1,8;177;314;429;448;868
1,21179,21469,1,0,0,6,3,17;186;323;438;457;884
1,20817,20894,1,0,0,11,2,82;150;215;152;297;379;261;254;548;672;800
1,20751,20831,1,0,0,11,3,148;216;281;218;363;445;327;320;614;751;866
1,20819,20887,1,0,0,11,3,80;148;213;150;295;377;259;252;508;658;798
1,20818,21034,1,0,0,11,6,81;149;214;151;296;378;260;253;508;672;799
1,20966,21039,1,0,0,10,2,1;66;3;148;230;112;105;399;536;522
1,20959,21175,1,0,0,10,4,8;73;10;155;237;119;112;406;543;658
1,21010,21074,1,0,0,8,1,22;104;186;68;61;341;492;522
1,20976,21026,1,0,0,8,2,56;138;220;102;95;389;509;522
1,21363,21452,1,0,0,5,1,2;139;254;150;553
0,21365,21430,1,0,0,5,0,0;137;252;150;553
0,21371,21449,1,0,0,4,0,131;246;150;553
1,21376,21440,1,0,0,4,1,126;241;150;553
0,21425,21480,1,0,0,5,0,77;192;150;553;946
0,21452,21515,1,0,0,5,0,50;165;150;553;919
1,21454,21543,1,0,0,5,1,48;163;150;553;917
1,21463,21533,1,0,0,5,1,39;147;150;553;908
1,21215,21440,1,0,0,5,4,150;287;402;421;854
1,21219,21283,1,0,0,5,2,146;278;398;417;850
0,21223,21310,1,0,0,5,0,142;278;394;413;830
1,21252,21488,1,0,0,5,3,113;250;365;384;817
1,21253,21539,1,0,0,5,4,112;249;364;383;787
0,21268,21335,1,0,0,5,0,97;234;349;368;553
1,21303,21544,1,0,0,5,2,62;199;314;333;553
0,21341,21399,1,0,0,5,0,24;161;276;150;553
1,20436,20520,1,0,0,10,4,125;463;21;531;596;533;678;760;642;635
0,20417,20476,1,0,0,11,0,3;144;482;40;550;615;552;697;779;661;654
1,20346,20409,1,0,0,10,2,74;215;553;111;621;686;623;768;850;732
0,20237,20312,1,0,0,4,0,183;324;645;220
1,20191,20249,1,0,0,4,1,229;370;645;266
1,20114,20339,1,0,0,5,3,45;306;62;447;785
1,20080,20142,1,0,0,5,2,15;79;340;96;481
1,20043,20129,1,0,0,6,2,52;116;377;16;133;518
1,20038,20093,1,0,0,7,1,0;57;121;382;21;138;523
0,20031,20084,1,0,0,9,0,7;64;128;2;4;389;28;145;530
1,20007,20057,1,0,0,9,1,31;88;152;26;28;413;52;169;554
1,19932,19998,1,0,0,10,2,106;67;163;227;101;103;451;127;244;589
1,19927,19986,1,0,0,10,3,111;72;168;232;106;108;481;132;249;589
1,19890,20155,1,0,0,10,5,148;109;205;269;143;145;481;169;286;600
1,19880,19940,1,0,0,10,3,158;119;215;279;153;155;540;179;296;600
1,19822,19907,1,0,0,11,1,216;6;177;273;337;211;213;598;214;354;600
1,20641,20718,1,0,0,10,3,258;326;391;315;473;532;417;430;724;861
1,20682,20735,1,0,0,11,1,217;285;350;287;432;514;396;389;683;820;935
0,20625,20701,1,0,0,10,0,274;342;407;315;489;571;417;446;740;877
1,20637,20722,1,0,0,10,2,262;330;395;315;477;559;417;434;728;865
1,20618,20674,1,0,0,9,2,281;349;414;351;496;578;444;453;747
1,20619,20687,1,0,0,9,1,280;348;413;350;495;577;417;452;746
0,20598,20654,1,0,0,9,0,301;369;434;371;516;598;444;473;767
1,20603,20669,1,0,0,9,1,296;364;429;366;511;593;444;468;762
0,20548,20633,1,0,0,9,0,13;351;419;484;405;545;648;444;523
1,20548,20622,1,0,0,9,3,13;351;419;484;405;545;648;444;523
1,20540,20621,1,0,0,9,2,21;359;427;492;429;545;656;538;531
1,20544,20758,1,0,0,9,5,17;355;423;488;405;545;652;534;527
1,20492,20542,1,0,0,9,2,69;407;475;540;477;545;704;586;579
1,20496,20549,1,0,0,9,2,65;403;471;536;473;545;691;582;575
1,20449,20674,1,0,0,10,4,112;450;8;518;583;520;665;721;629;622
0,20485,20548,1,0,0,9,0,76;414;482;547;484;545;711;593;586
1,19318,19403,1,0,0,11,1,18;151;320;334;546;353;378;681;205;318;400
1,19298,19356,1,0,0,11,2,38;171;367;354;546;373;378;701;225;338;400
1,19363,19601,1,0,0,10,3,106;302;289;546;308;378;614;160;273;376
1,19341,19412,1,0,0,10,1,128;320;311;546;330;378;614;182;295;398
0,19247,19312,1,0,0,10,0,89;222;418;405;546;424;581;721;276;389
1,19236,19491,1,0,0,10,6,100;233;429;416;546;435;592;728;287;400
1,19282,19513,1,0,0,11,5,54;187;383;370;546;389;546;717;241;354;400
1,19273,19362,1,0,0,11,5,63;196;392;379;546;398;555;721;250;363;466
0,19196,19278,1,0,0,10,0,140;273;469;456;842;475;632;728;327;440
1,19195,19282,1,0,0,10,2,141;274;470;457;843;476;633;746;328;441
1,19214,19301,1,0,0,10,2,122;255;451;438;603;457;614;728;309;422
1,19203,19499,1,0,0,10,8,133;266;462;449;835;468;625;728;320;433
1,19112,19181,1,0,0,9,1,224;24;357;553;540;893;559;716;746
1,19094,19295,1,0,0,9,4,242;42;375;571;558;893;577;734;905
0,19140,19212,1,0,0,8,0,196;329;525;512;864;531;688;746
1,19124,19200,1,0,0,9,2,212;12;345;541;528;893;547;704;746
1,19764,20044,1,0,0,11,9,271;64;235;331;375;269;271;656;295;412;601
1,19765,19853,1,0,0,11,1,271;63;234;330;375;268;270;655;294;411;600
0,19771,19830,1,0,0,11,0,267;57;228;324;375;262;264;649;214;405;600
1,19804,19860,1,0,0,11,1,234;24;195;291;355;229;231;616;214;372;600
1,19724,19796,1,0,0,12,2,314;104;275;15;371;435;309;311;696;335;452;837
1,19725,19810,1,0,0,12,3,313;103;274;14;370;434;308;310;695;334;451;806
1,19743,20006,1,0,0,11,8,295;85;256;352;375;290;292;677;316;433;806
1,19761,19819,1,0,0,11,1,277;67;238;334;375;272;274;659;298;415;601
0,19537,19610,1,0,0,12,0,128;115;501;134;291;462;99;202;558;622;496;498
1,19560,19809,1,0,0,13,7,105;92;478;111;268;439;76;179;535;599;473;475;860
0,19590,19656,1,0,0,13,0,75;62;448;81;238;409;46;149;505;569;443;445;830
1,19614,19703,1,0,0,14,1,51;38;424;57;214;385;22;125;481;545;419;421;806;445
1,19379,19454,1,0,0,11,3,90;286;273;546;292;349;614;144;257;360;716
1,19447,19510,1,0,0,12,2,22;218;205;546;224;349;552;76;189;292;648;712
1,19448,19517,1,0,0,12,1,21;217;204;546;223;349;551;75;188;291;647;711
1,19452,19520,1,15,0,12,1,17;213;200;546;219;343;547;71;184;287;643;707
1,25524,25773,1,0,0,6,3,64;149;426;728;682;589
1,25563,25854,1,0,0,6,3,25;110;387;728;516;550
1,25467,25746,1,0,0,6,2,3;121;34;206;483;1004
0,25522,25605,1,0,0,6,0,66;151;428;728;684;591
0,25688,25738,1,0,0,4,0,262;728;497;425
0,25730,25817,1,0,0,5,0,220;728;476;383;969
0,25592,25665,1,0,0,5,0,81;358;728;497;521
0,25622,25676,1,0,0,5,0,51;328;728;497;491
1,25803,25870,1,0,0,5,1,147;668;403;310;698
1,25844,25922,1,0,0,5,1,106;627;362;252;698
1,25760,25815,1,0,0,5,1,190;711;446;353;939
1,25796,26051,1,0,0,5,5,154;675;410;317;903
0,25867,25948,1,0,0,6,0,83;604;339;246;698;524
1,25872,25925,1,0,0,6,1,78;599;334;241;698;519
0,25849,25900,1,0,0,5,0,101;613;357;252;698
0,25860,25936,1,0,0,6,0,90;611;346;252;698;531
0,26021,26108,1,0,0,8,0,450;185;92;668;370;424;868;1070
1,25955,26039,1,0,0,7,2,516;251;158;698;436;490;934
0,25893,25945,1,0,0,7,0,57;578;313;220;698;498;552
1,25874,25941,1,0,0,7,1,76;597;328;239;698;517;571
1,26125,26326,1,0,0,8,1,346;81;574;266;320;716;840;697
1,26125,26201,1,0,0,8,1,346;81;574;202;320;716;840;697
1,26092,26175,1,0,0,9,3,379;114;21;607;299;353;797;840;730
1,26067,26277,1,0,0,9,5,404;139;46;632;324;378;822;1024;755
1,26265,26529,1,0,0,9,7,206;434;126;180;624;826;557;646;1035
1,26249,26332,1,0,0,9,3,222;450;142;196;640;835;573;662;1051
1,26183,26271,1,0,0,9,3,288;23;516;171;262;706;835;639;728
1,26158,26427,1,0,0,8,7,313;48;541;171;287;716;840;664
1,26356,26438,1,0,0,9,2,115;343;35;89;533;735;466;555;944
1,26343,26404,1,0,0,9,1,128;356;48;102;546;743;479;568;957
1,26330,26384,1,0,0,9,2,141;369;61;115;559;761;492;581;970
1,26277,26356,1,0,0,9,1,194;422;114;168;594;814;545;634;1023
0,24592,24643,1,0,0,5,0,79;666;765;575;552
1,24597,24672,1,0,0,6,2,74;661;765;570;547;727
0,24598,24648,1,0,0,6,0,73;660;765;558;546;726
1,24673,24747,1,0,0,7,1,585;765;494;471;651;915;754
1,24678,24754,1,0,0,8,1,580;765;489;466;646;910;685;823
1,24712,24787,1,0,0,8,1,546;732;455;432;612;876;685;789
1,24730,24800,1,0,0,9,1,501;732;437;414;594;858;685;771;402
1,24756,24841,1,0,0,9,1,501;694;411;388;568;832;671;745;376
1,24786,24841,1,0,0,9,1,465;684;381;358;538;802;641;715;346
1,24803,24882,1,0,0,9,1,455;667;364;341;521;785;621;698;329
1,24803,24864,1,0,0,9,1,455;667;364;341;521;785;616;698;329
1,24816,25029,1,0,0,9,5,442;654;351;328;508;772;604;685;316
0,24823,24911,1,0,0,9,0,435;452;344;321;501;765;604;678;309
0,24861,24936,1,0,0,10,0,397;452;306;283;463;727;566;640;271;812
1,24864,24949,1,0,0,10,1,394;452;303;280;460;724;563;637;268;809
1,24883,24971,1,0,0,10,1,375;452;284;261;441;705;534;618;249;790
1,24914,24999,1,0,0,10,1,344;452;253;230;410;674;508;587;218;759
1,24889,24945,1,0,0,10,1,369;452;278;255;435;699;508;612;243;784
1,24948,25017,1,0,0,10,1,310;447;219;196;376;640;479;553;184;725
1,24926,24988,1,0,0,10,1,332;452;241;218;398;662;501;575;206;747
1,25013,25099,1,0,0,10,1,245;447;154;131;311;575;414;488;119;522
1,24965,25175,1,0,0,10,6,286;447;202;179;359;623;462;536;167;708
1,25099,25149,1,0,0,10,3,159;371;68;45;225;489;328;402;33;522
0,25026,25094,1,0,0,10,0,222;444;141;118;298;562;401;475;106;522
1,25241,25316,1,0,0,7,2,17;229;83;347;186;260;432
1,25144,25194,1,0,0,9,2,114;326;23;0;180;444;283;357;522
1,25277,25533,1,0,0,6,4,193;47;311;150;224;393
1,25265,25318,1,0,0,6,2,205;59;323;162;236;408
1,25405,25484,1,0,0,6,1,65;183;22;96;268;545
1,25279,25334,1,0,0,6,2,191;45;309;148;222;372
0,25460,25531,1,0,0,6,0,10;128;41;213;490;1011
1,25407,25471,1,0,0,6,1,63;181;20;94;243;543
0,23925,23983,1,0,0,4,0,204;410;163;332
1,23950,24218,1,0,0,4,2,179;410;138;307
0,23899,23949,1,0,0,4,0,230;423;189;358
1,23906,24188,1,0,0,4,4,223;423;182;351
1,23849,24115,1,0,0,4,4,280;531;239;408
0,23849,23936,1,0,0,4,0,280;423;239;408
0,23715,23776,1,0,0,5,0,60;114;414;665;373
0,23827,23898,1,0,0,4,0,2;302;553;261
1,24127,24197,1,0,0,5,1,2;253;130;442;544
0,24250,24302,1,0,0,5,0,130;7;319;421;1008
0,24005,24057,1,0,0,4,0,124;259;83;208
0,24007,24077,1,0,0,4,0,122;259;81;208
0,23978,24055,1,0,0,4,0,151;259;110;279
1,24001,24073,1,0,0,4,2,128;259;87;256
1,23952,24024,1,15,0,4,2,177;266;136;305
0,23960,24020,1,0,0,4,0,169;259;128;297
0,24428,24497,1,0,0,5,0,141;243;773;847;739
0,24424,24510,1,0,0,5,0,145;247;773;847;743
1,24415,24500,1,0,0,4,1,154;256;843;847
0,24393,24450,1,0,0,4,0,176;278;865;847
1,24368,24652,1,0,0,5,3,12;201;303;890;1102
1,24299,24367,1,0,0,5,1,81;270;372;955;1171
0,24278,24342,1,0,0,4,0,102;291;393;955
1,24266,24331,1,0,0,4,2,114;303;405;992
1,24575,24787,1,0,0,5,1,96;671;847;592;569
1,24537,24747,1,0,0,6,3,32;134;671;847;617;607
1,24528,24612,1,0,0,6,1,41;143;730;847;617;616
1,24515,24572,1,0,0,6,2,54;156;743;847;652;629
0,24512,24570,1,0,0,6,0,57;159;746;847;655;632
0,24500,24575,1,0,0,6,0,69;171;758;847;667;644
0,24451,24523,1,0,0,5,0,118;220;773;847;716
1,24437,24716,1,0,0,5,3,132;234;773;847;730
1,22748,22965,1,0,0,9,3,268;164;111;290;699;350;661;504;877
1,22784,22834,1,0,0,10,4,232;128;75;254;663;314;625;468;715;729
0,22819,22879,1,0,0,10,0,197;93;40;219;628;279;590;433;715;694
1,22853,22916,1,0,0,11,1,163;59;6;185;594;245;556;399;715;660;609
1,22634,22708,1,0,0,10,1,110;83;382;278;225;404;751;464;775;580
0,22651,22705,1,0,0,10,0,93;66;365;261;208;387;751;447;732;580
0,22687,22737,1,0,0,10,0,57;30;329;225;172;351;751;411;722;565
0,22744,22794,1,0,0,10,0,0;272;168;115;294;703;354;665;508;881
1,23096,23161,1,0,0,10,3,351;2;313;156;529;403;366;554;600;582
1,23099,23171,1,0,0,9,3,348;310;153;526;403;363;528;597;579
0,23112,23181,1,0,0,9,0,335;297;140;513;401;350;519;584;566
1,23128,23214,1,0,0,9,1,319;281;124;497;385;334;519;568;550
1,22967,23039,1,0,0,11,2,49;71;480;131;442;285;658;546;495;808;729
1,22987,23270,1,0,0,11,7,29;51;460;111;422;265;638;526;426;788;709
1,23034,23087,1,0,0,11,3,4;413;64;375;218;591;479;426;634;662;644
1,23051,23114,1,0,0,10,1,396;47;358;201;574;462;411;554;645;627
1,23270,23480,1,0,0,9,5,177;139;355;243;192;490;369;408;559
1,23222,23295,1,0,0,10,3,225;187;30;403;291;219;518;369;456;591
1,23314,23384,1,0,0,10,1,133;95;311;199;148;352;369;364;515;315
1,23277,23349,1,0,0,9,1,170;132;348;236;185;352;369;401;552
1,23179,23255,1,0,0,10,2,268;230;73;446;334;283;518;517;499;650
1,23135,23389,1,0,0,9,6,312;274;117;452;378;327;519;561;543
1,23187,23437,1,0,0,10,3,260;222;65;438;326;219;518;509;491;591
1,23179,23426,1,0,0,10,5,268;230;73;446;334;219;518;517;499;650
0,23654,23705,1,0,0,6,0,121;42;24;175;475;726
1,23604,23659,1,0,0,8,1,21;171;92;74;225;25;514;776
1,23685,23754,1,0,0,5,1,90;11;144;444;695
0,23658,23709,1,0,0,6,0,117;38;20;171;471;722
1,23454,23693,1,0,0,9,6,171;59;8;321;242;224;375;175;675
0,23378,23440,1,0,0,10,0,69;31;247;135;84;352;318;300;451;251
1,23529,23590,1,0,0,7,1,96;246;167;149;300;100;514
1,23490,23543,1,0,0,8,1,135;23;285;206;188;339;139;514
318
18168,18902,87.99,11
18167,18786,0.00,11
18408,19136,210.59,11
18395,19336,286.81,8
18012,18686,50.63,8
18004,18849,0.00,8
18103,18697,103.71,10
18066,18853,156.60,8
17767,18571,92.20,10
17660,18535,157.02,8
17805,18429,0.00,9
17767,18581,84.46,8
17123,17746,203.11,9
17092,17937,61.36,9
17462,18116,105.59,8
17326,17857,90.05,11
16656,17302,0.00,9
16764,17799,79.53,10
16790,17634,195.82,11
16978,17868,135.26,9
16419,17191,255.55,10
16522,17269,0.00,10
16565,17113,0.00,9
16588,17216,11.16,9
16009,16544,71.19,10
16106,16694,258.70,10
16287,16653,83.98,9
16360,16703,0.00,9
15640,16064,0.00,8
15693,16432,121.64,11
15743,16374,180.35,9
15805,16553,376.11,11
15562,16227,91.19,8
15549,16074,0.00,11
15522,16274,172.84,10
15448,15941,65.94,10
15264,16037,362.12,10
15083,15747,46.11,11
15035,15704,64.44,8
14895,15383,0.00,9
14805,15718,188.55,11
14747,15457,42.68,10
14687,15684,406.66,9
14665,15212,0.00,11
14640,15480,0.00,11
14576,15314,54.81,10
14559,15281,165.01,8
14508,15008,24.19,11
14168,14746,0.00,11
14399,15152,250.22,8
13989,14620,0.00,10
14000,14878,312.81,10
13683,14756,0.00,8
13905,14442,54.49,9
13581,14510,123.33,10
13601,13981,0.00,9
13509,14300,206.60,10
13576,13807,0.00,10
13033,13858,430.32,8
13276,14108,215.26,10
12870,13608,229.09,9
12996,13806,518.05,9
12717,13431,191.56,9
12759,13768,425.04,8
23845,24257,110.13,10
23699,24088,0.00,8
24094,24671,0.00,11
24038,24569,0.00,9
24291,25470,654.73,10
24173,25258,372.57,11
24462,25144,0.00,8
24422,25167,72.83,10
22893,23775,475.82,9
22830,23462,134.58,10
22990,23678,0.00,10
22958,23696,140.70,11
23291,23629,0.00,11
23171,23829,134.09,9
23564,24380,272.06,9
23390,24129,161.53,11
22305,22859,0.00,11
22442,23038,75.68,10
22450,23447,257.10,10
22497,23098,0.00,10
22498,23409,43.96,10
22505,23252,38.12,10
22692,23625,208.13,8
22776,23513,59.44,9
21394,22371,389.11,10
21588,21971,33.93,10
21785,22517,220.56,10
21928,22744,132.87,10
21932,22440,0.00,8
21951,22717,108.62,9
22165,23016,261.59,9
22276,22912,199.94,8
20555,21365,121.77,8
20399,21071,0.00,9
20343,21078,117.70,9
20332,21196,165.17,9
21095,22069,593.23,9
21081,21636,183.65,9
20679,21617,152.96,10
20625,21502,273.83,10
20133,20457,0.00,10
20111,20899,140.32,8
19632,20561,262.31,11
19624,20176,0.00,10
20326,21114,130.07,9
20277,20969,83.26,8
20269,21032,0.00,8
20259,20967,0.00,8
19373,20095,0.00,11
19431,20159,189.67,10
19182,19636,0.00,10
19248,19739,66.16,11
19557,20420,125.97,8
19599,20059,80.49,9
19457,20033,0.00,8
19518,20035,0.00,8
18944,19652,0.00,8
19009,20038,456.47,8
18537,19469,201.14,9
18591,19665,416.74,11
19090,19999,252.49,10
19149,19523,0.00,11
19016,19671,0.00,8
19062,19828,203.26,8
5984,6585,0.00,8
6000,6575,136.97,8
6075,6473,0.00,9
6161,6854,0.00,8
5789,6889,188.13,9
5796,6663,0.00,11
5969,6633,0.00,9
5980,6642,0.00,10
6638,7416,181.24,9
6711,7557,169.00,11
6808,7213,0.00,11
6834,7733,483.76,10
6168,6819,0.00,9
6286,6975,252.81,10
6511,6903,84.57,10
6580,7556,140.71,9
5046,5541,0.00,9
5011,5581,48.61,10
5202,5780,0.00,8
5060,5948,244.64,8
4845,5785,0.00,11
4834,5349,0.00,9
4979,5973,227.27,11
4903,5488,0.00,10
5592,6297,245.65,11
5430,6520,496.70,10
5780,6436,0.00,11
5637,6654,440.86,8
5290,6201,308.81,11
5245,5689,0.00,11
5369,6118,109.96,8
5341,6059,0.00,11
3385,4141,146.94,9
3705,4410,134.90,8
3218,4063,0.00,11
3354,4233,335.94,9
3128,4186,452.14,11
3154,4188,0.00,11
3017,3846,102.45,9
3081,3800,0.00,11
4624,4986,0.00,8
4812,5567,0.00,9
4420,5166,285.25,10
4515,5383,0.00,10
4030,4428,262.62,8
4144,5110,308.52,9
3879,4749,328.22,11
4013,4559,198.93,11
2147,3144,56.07,9
2142,2745,43.79,8
1824,2625,125.90,8
1776,2331,116.74,11
1763,2460,153.49,11
1614,2287,116.19,11
1500,1894,0.00,11
1461,2107,131.94,9
2956,3612,36.05,11
2672,3350,248.42,11
2473,3267,52.52,9
2451,3078,0.00,9
2420,3080,112.05,10
2230,2886,0.00,9
2185,3167,171.23,11
2169,2895,0.00,9
10789,11764,246.17,9
10805,11769,325.98,10
11207,12054,312.44,8
11244,12052,219.21,10
11606,12292,0.00,10
11706,12516,33.43,8
11798,12120,0.00,9
11893,12656,105.36,11
11897,12862,490.34,10
12005,12537,21.51,8
12105,12709,328.33,10
12337,12740,87.49,9
12484,13208,0.00,10
12530,13270,373.46,10
12623,13270,0.00,10
12637,13236,0.00,9
9679,10283,0.00,11
9604,10470,259.09,9
9735,10280,88.40,9
9685,10109,0.00,9
9899,10483,0.00,9
9739,10197,0.00,11
10015,10693,94.00,8
9952,10634,143.82,8
10100,10530,177.83,11
10069,10681,0.00,11
10287,11304,123.37,9
10201,10670,0.00,8
10482,11248,60.73,11
10313,10835,0.00,10
10613,11436,0.00,9
10595,11697,223.57,10
8473,9488,73.62,8
8502,9096,101.49,8
8319,9051,0.00,8
8396,9073,90.47,10
8995,9558,0.00,10
9016,10007,167.76,9
8733,9362,110.03,8
8861,9511,201.13,8
9226,9802,0.00,8
9315,10097,64.97,10
9025,9895,102.16,8
9084,9557,0.00,8
9572,10471,0.00,8
9581,10135,0.00,9
9343,10118,92.13,11
9467,10378,256.66,8
7793,8462,343.03,8
7540,8249,410.35,11
7391,8315,418.11,8
7183,7745,122.19,9
7911,8564,0.00,9
7900,8638,134.50,10
7857,8363,95.12,10
7801,8596,204.87,9
7993,8371,0.00,11
7931,8359,0.00,8
7928,8358,0.00,11
7913,8435,0.00,9
8274,9098,0.00,10
8269,9266,391.39,10
8165,9158,201.95,9
8026,8907,293.32,8
1066,2070,377.36,9
1065,1849,0.00,9
1059,1934,108.48,11
927,1545,141.94,9
1432,2253,170.41,11
1426,1862,0.00,10
1220,1855,67.72,8
1188,1566,0.00,10
418,1353,250.56,11
250,1231,212.13,11
841,1579,93.59,9
692,1348,0.00,8
690,1383,0.00,10
469,1429,231.68,8
24655,25588,0.00,9
24597,25324,0.00,10
24674,25501,0.00,8
24666,25427,181.50,11
24858,25673,264.39,9
24718,25132,0.00,11
25444,26471,290.58,10
25325,25950,0.00,11
25519,26113,69.74,11
25473,26206,205.27,8
25850,26391,142.01,10
25720,26699,235.37,8
25947,26889,242.50,11
25874,26445,0.00,11
26028,26822,0.00,9
25980,27091,271.92,9
26180,26911,0.00,8
26220,27300,203.44,9
26360,27159,0.00,10
26366,27165,168.67,10
26474,26973,0.00,9
26511,27003,60.42,8
26517,27425,147.62,10
26595,27424,226.73,11
26641,27671,480.78,9
26780,27698,278.45,8
26928,27359,0.00,8
27139,27892,0.00,9
27303,28077,0.00,10
27339,28362,309.92,9
27340,28156,0.00,9
27443,28110,0.00,11
27604,28340,382.95,10
27575,28118,0.00,8
27479,28212,97.05,10
27443,28077,69.74,10
28064,29026,374.90,11
27937,28569,28.81,9
27726,28197,0.00,11
27660,28164,47.91,11
28530,29091,0.00,9
28350,28928,0.00,9
28293,28967,0.00,9
28250,29041,297.65,11
28910,29583,0.00,11
28651,29812,490.02,11
28646,29090,134.85,9
28631,29194,207.37,8
