100
1,1346,1402,1,0,296,6,1,350;393;569;874;636;446
1,1487,1782,1,0,421,8,7,209;252;428;744;495;311;828;388
1,1326,1380,1,0,343,7,1,5;370;413;589;905;647;446
1,1327,1399,1,0,343,7,2,4;355;412;588;904;647;446
1,1278,1528,1,0,374,6,5,53;418;461;637;953;704
1,1316,1403,1,0,390,7,2,15;380;423;599;915;647;482
1,1234,1308,1,0,327,5,1,97;462;505;681;997
1,1234,1311,1,0,281,5,1,82;462;505;681;997
0,1662,1742,1,15,0,9,0,34;77;253;569;273;136;653;213;449
1,1730,1942,1,0,422,8,3,9;185;501;252;68;585;145;389
1,1632,1704,1,0,578,9,3,64;107;283;599;275;166;683;243;487
1,1638,1851,1,0,500,9,5,58;101;277;593;275;160;677;237;449
1,1547,1622,1,0,530,8,1,149;192;368;679;275;240;768;328
1,1585,1863,1,0,499,8,6,97;154;330;646;275;213;730;290
1,1514,1565,1,0,436,8,1,182;225;401;717;275;284;801;361
1,1516,1579,1,0,390,8,2,180;223;399;715;275;240;799;359
1,2019,2084,1,0,375,5,1,212;296;100;689;716
1,1982,2053,1,15,375,6,1,243;0;333;137;726;731
1,1963,2022,1,0,359,6,1,268;19;352;156;745;731
1,1949,2231,1,0,436,6,4,282;33;366;170;759;786
1,1837,1924,1,0,390,6,1,78;394;145;478;38;282
0,1769,1849,1,0,0,7,0,146;462;208;29;546;106;350
1,1743,1805,1,0,421,7,2,172;488;239;55;572;132;370
1,1736,1811,1,0,421,8,2,3;179;492;246;62;579;139;383
1,2182,2244,1,0,374,5,1,49;133;526;553;444
1,2149,2355,1,0,359,5,3,63;166;559;566;477
1,2147,2198,1,0,359,5,1,84;168;561;566;479
1,2141,2211,1,0,359,5,1,90;174;567;566;485
1,2140,2190,1,0,374,5,1,91;175;568;595;486
1,2086,2162,1,0,390,6,2,145;229;33;622;649;540
1,2045,2108,1,0,468,6,1,186;270;74;663;690;581
0,2028,2104,1,0,0,6,0,203;287;91;680;707;598
1,351,649,1,0,609,8,8,492;278;530;372;595;557;377;447
1,411,492,1,0,531,9,2,432;218;470;325;535;557;281;387;920
1,442,517,1,0,515,9,2,380;187;439;294;504;556;281;356;889
1,515,596,1,0,453,9,1,328;114;366;221;431;483;213;283;816
0,277,352,1,0,0,7,0,566;352;604;459;669;721;451
1,298,577,1,0,1108,7,5,545;331;583;438;648;700;430
1,325,399,1,0,562,7,1,518;304;556;411;621;557;403
0,334,401,1,0,0,8,0,509;295;547;372;612;557;394;464
0,730,783,1,0,0,7,0,113;151;6;216;268;68;601
1,733,1011,1,0,343,7,4,110;148;3;213;265;65;598
1,741,982,1,0,359,6,4,102;140;205;257;57;514
1,813,1015,1,0,250,5,1,30;68;133;185;471
1,538,606,1,0,546,9,2,305;91;290;198;408;460;190;260;793
0,604,662,1,0,0,9,0,239;25;277;132;342;394;124;194;727
1,608,661,1,0,436,9,1,235;21;273;128;338;390;120;190;723
0,692,755,1,0,0,8,0,151;189;44;254;306;36;106;639
0,917,969,1,0,0,4,0,29;81;414;779
0,906,958,1,0,0,4,0,40;92;425;790
0,949,1020,1,0,0,3,0,49;382;747
0,942,992,1,0,0,4,0,4;56;389;754
1,826,894,1,0,187,5,1,17;55;120;172;471
0,817,901,1,0,0,5,0,26;63;129;181;471
0,861,929,1,0,0,4,0,20;85;137;434
1,855,918,1,0,265,4,2,26;91;143;471
0,1190,1247,1,0,0,5,0,141;506;549;725;1041
0,1164,1214,1,0,0,4,0,167;520;555;751
0,1221,1273,1,0,0,5,0,110;475;518;682;1010
1,1193,1453,1,0,328,5,3,138;503;546;722;1038
0,963,1021,1,0,0,3,0,35;360;733
1,952,1031,1,0,219,3,2,46;379;744
1,1141,1398,1,0,359,4,2,190;520;598;774
1,1009,1250,1,0,265,3,1,322;687;730
1,2242,2330,1,0,265,4,1,73;466;493;384
0,2338,2412,1,0,0,4,0,370;397;288;759
1,2363,2431,1,0,452,5,1,345;372;263;734;536
1,2399,2452,1,0,468,6,1,309;336;227;698;500;764
1,2413,2478,1,0,624,7,1,295;322;213;684;486;716;993
1,2428,2716,1,0,656,8,5,280;307;198;669;471;716;978;290
1,2467,2544,1,0,670,8,1,241;268;159;630;432;696;806;251
1,2474,2531,1,0,656,8,1,234;237;152;623;425;689;806;244
1,2474,2760,1,0,655,8,5,234;236;152;623;425;689;806;244
1,2484,2543,1,0,514,8,1,224;236;142;613;190;679;806;234
1,2509,2735,1,0,874,11,6,199;226;117;588;169;654;806;209;621;570;557
1,2516,2604,1,0,889,11,2,192;219;110;404;169;647;806;202;614;563;550
0,2520,2606,1,0,0,11,0,188;215;106;404;169;643;806;198;555;559;546
1,2527,2606,1,0,748,11,2,181;208;99;404;169;636;806;191;555;552;539
1,2551,2784,1,0,749,11,4,157;184;75;404;169;612;801;167;555;528;515
1,2555,2835,1,0,733,11,6,153;180;71;404;169;608;681;163;555;524;511
1,2636,2704,1,0,765,11,1,72;90;404;169;527;681;82;494;286;430;412
1,2631,2705,1,0,733,11,1,77;104;404;169;532;681;87;499;286;435;417
1,2690,2911,1,0,749,11,5,18;45;391;169;473;681;28;440;286;376;358
1,2671,2725,1,0,796,11,2,37;64;404;169;492;681;47;442;286;395;377
0,2880,2954,1,0,0,9,0,217;19;283;526;250;199;186;168;421
0,2833,2905,1,0,0,9,0,264;66;330;573;297;246;219;215;468
0,2890,2971,1,0,0,10,0,207;9;273;516;240;189;176;158;411;705
0,2883,2935,1,0,0,9,0,214;16;280;523;247;196;183;165;418
0,140,219,1,0,0,0,0,
0,156,233,1,0,0,1,0,687
0,218,270,1,0,0,4,0,625;411;663;518
0,239,320,1,0,0,5,0,604;390;642;497;707
0,83,148,1,0,0,0,0,
0,105,192,1,0,0,0,0,
0,105,158,1,0,0,0,0,
0,119,196,1,0,0,0,0,
0,27,97,1,0,0,0,0,
0,59,117,1,0,0,0,0,
0,64,292,1,0,0,0,0,
0,67,327,1,0,0,0,0,
33
2902,3841,0.00,11
2884,3595,0.00,11
2504,3066,157.02,9
2503,3079,238.22,10
2766,3301,0.00,9
2598,3048,0.00,8
273,728,96.45,9
270,998,162.22,8
234,946,0.00,10
215,736,48.54,8
1004,1739,43.45,10
892,1696,250.58,10
369,1331,199.92,8
331,798,28.89,10
208,881,94.13,9
191,629,0.00,10
151,843,52.42,10
2302,3097,197.55,11
2341,2899,256.19,10
1913,2735,156.81,10
2027,2626,68.08,9
2415,2718,0.00,9
2486,3130,111.40,10
2368,3163,48.38,11
2403,3406,297.32,8
1268,1982,322.55,11
1308,1798,80.15,9
1082,1915,40.31,9
1189,2231,144.03,8
1625,2119,51.99,8
1874,2708,0.00,8
1400,2315,94.71,10
1443,1875,0.00,9
