501
1,693,933,1,0,1388,12,6,105;85;421;255;291;415;160;376;138;262;657;739
0,695,754,1,0,0,12,0,103;83;419;253;98;413;158;376;136;262;655;737
1,699,751,1,0,1404,12,4,99;79;415;249;98;409;154;376;132;262;651;733
1,789,863,1,0,1139,12,2,9;325;159;98;319;64;348;42;182;561;643;937
0,825,888,1,0,0,12,0,289;123;98;283;28;312;6;146;525;607;901;489
0,827,877,1,0,0,12,0,287;121;98;281;26;310;4;144;523;605;899;487
1,829,893,1,0,1217,12,1,285;119;98;279;24;308;2;142;521;603;897;485
1,830,917,1,0,1201,12,1,284;113;98;278;23;307;1;141;520;602;896;484
1,623,681,1,0,1076,12,4,10;23;175;155;474;325;361;485;230;514;184;309
1,632,857,1,0,952,12,5,1;14;166;146;474;316;352;463;221;505;184;309
1,643,928,1,0,889,11,6,3;155;135;471;305;341;442;210;494;184;309
1,646,734,1,0,1076,12,4,0;152;132;468;302;338;442;207;378;184;309;704
1,661,713,1,0,1358,12,1,137;117;453;287;323;442;192;378;170;281;689;771
0,666,733,1,0,0,12,0,132;112;432;282;318;442;187;378;165;281;684;766
1,667,915,1,0,1388,12,6,131;111;432;281;317;441;186;378;164;281;683;765
1,690,757,1,0,1326,12,4,108;88;424;258;294;418;163;376;141;281;660;742
1,1097,1329,1,0,1123,10,4,17;11;40;253;234;629;217;495;558;717
0,1092,1157,1,0,0,10,0,22;16;45;258;234;634;222;500;563;722
1,1109,1336,1,0,905,9,3,5;28;241;234;617;205;284;525;705
1,1106,1328,1,0,1014,10,4,8;2;31;244;234;620;208;486;525;708
1,1183,1247,1,0,1014,8,3,167;234;543;131;284;472;563;753
1,1153,1231,1,0,1092,8,1,197;234;573;161;284;502;563;783
1,1292,1372,1,0,671,8,1,58;140;434;22;284;363;522;474
1,1277,1501,1,0,702,8,4,73;155;449;37;284;378;537;659
1,894,950,1,0,842,10,4,220;54;90;214;243;77;456;538;832;420
1,847,933,1,0,1108,11,4,267;99;98;261;6;290;124;503;585;879;467
1,929,1205,1,0,780,11,7,185;19;55;179;208;42;421;503;797;385;663
0,915,991,1,0,0,11,0,199;33;69;190;222;56;435;517;811;399;677
0,994,1045,1,0,0,8,0,120;114;143;331;234;732;320;598
1,968,1032,1,0,749,10,4,146;16;140;169;3;382;234;758;346;624
1,1013,1064,1,0,671,8,2,101;95;124;331;234;713;301;579
0,1000,1066,1,0,0,8,0,114;108;137;331;234;726;314;592
0,29,113,1,0,0,1,0,604
0,51,135,1,0,0,3,0,582;595;747
0,4,251,1,0,0,0,0,
0,119,180,1,0,0,3,0,514;527;679
0,147,200,1,0,0,3,0,486;499;651
0,71,151,1,0,0,3,0,562;575;727
0,100,150,1,0,0,3,0,533;546;698
1,456,516,1,0,1216,11,3,177;190;342;279;658;448;528;652;397;681;375
1,396,614,1,0,1326,10,5,237;250;402;382;718;448;588;712;457;741
1,394,651,1,0,1264,10,7,239;252;404;384;720;554;590;712;459;743
1,297,574,1,0,1232,8,7,336;349;495;481;817;651;687;811
1,621,707,1,0,1108,12,1,12;25;177;157;493;327;363;487;232;516;184;309
1,608,685,1,0,1107,12,4,25;38;190;170;506;340;376;500;245;529;184;363
1,493,735,1,0,1233,11,10,140;153;305;265;621;448;491;601;360;644;338
1,483,540,1,0,1107,11,3,150;163;315;265;631;448;501;625;370;654;348
1,184,245,1,0,546,3,1,449;459;513
1,173,376,1,0,484,3,2,460;459;625
1,152,219,1,0,594,3,1,481;494;646
0,148,223,1,0,0,3,0,485;498;650
1,275,333,1,0,717,5,1,358;369;513;503;839
1,272,342,1,0,718,5,1,361;374;513;506;842
0,252,306,1,0,0,4,0,381;394;513;526
0,239,290,1,0,0,4,0,394;407;513;539
1,2435,2515,1,0,936,7,1,201;218;137;36;240;297;494
1,2526,2590,1,0,1014,6,1,110;127;46;149;297;403
0,2535,2610,1,0,0,6,0,101;118;37;140;297;379
1,2555,2840,1,0,858,6,4,81;98;17;120;297;374
1,2298,2352,1,0,842,7,1,338;355;274;173;377;533;631
1,2319,2381,1,0,905,7,2,317;334;253;150;356;533;610
1,2360,2430,1,0,1014,7,1,276;293;212;111;315;514;569
1,2374,2639,1,0,904,7,6,225;279;198;97;301;500;555
1,2222,2293,1,0,952,7,1,414;431;350;249;389;652;662
1,2233,2293,1,0,967,7,1,403;420;339;238;389;641;644
1,2244,2486,1,0,983,7,5,392;409;328;227;389;630;643
1,2257,2342,1,0,874,7,3,379;396;315;214;389;617;643
0,2194,2278,1,0,0,6,0,442;449;378;277;481;680
0,2195,2283,1,0,0,6,0,423;449;377;276;480;679
1,2215,2293,1,0,1029,7,2,421;438;357;256;460;659;714
1,2217,2280,1,0,952,7,1,419;436;355;254;389;657;712
1,2959,3224,1,0,546,3,2,30;218;696
0,2889,2967,1,0,0,4,0,40;30;218;766
1,3025,3257,1,16,484,3,1,17;215;630
0,3018,3070,1,0,0,3,0,17;218;637
0,2847,2914,1,0,0,5,0,27;82;34;393;808
1,2802,3086,1,0,452,3,1,72;127;80
1,2872,3095,1,0,749,5,2,2;57;34;218;783
1,2850,3139,1,0,702,5,2,24;79;34;390;805
0,2759,2821,1,0,0,3,0,115;170;81
1,2738,3037,1,0,500,3,1,117;191;367
1,2781,2870,1,0,484,3,2,93;148;81
0,2769,2844,1,0,0,3,0,105;160;81
1,2627,2829,1,0,608,5,1,9;26;48;247;302
1,2587,2669,1,0,593,5,2,49;66;88;273;342
1,2733,2785,1,0,483,3,1,141;196;372
1,2687,2741,1,0,515,3,1,187;242;418
1,1633,1691,1,0,702,7,1,93;22;181;303;78;537;456
1,1635,1718,1,0,562,7,2,91;20;179;301;51;535;454
1,1561,1639,1,0,717,8,2,165;31;94;244;375;150;576;528
1,1619,1698,1,15,702,7,2,107;36;195;317;92;551;470
1,1556,1643,1,0,748,8,2,170;36;99;244;380;155;614;533
1,1557,1641,1,0,702,8,1,169;35;98;244;379;154;576;532
1,1515,1569,1,0,640,7,1,211;77;140;299;410;196;640
1,1551,1601,1,0,748,8,2,175;41;104;263;385;160;619;538
1,1487,1559,1,0,671,7,2,239;105;168;327;449;224;683
1,1501,1572,1,0,655,7,1,225;91;154;313;435;210;640
1,1423,1717,1,0,702,8,7,9;303;169;232;391;474;288;747
1,1444,1515,1,0,702,7,2,282;148;211;370;474;229;726
0,1379,1437,1,0,0,8,0,53;347;213;276;435;474;332;791
1,1407,1457,1,0,749,8,1,25;319;185;248;407;474;304;763
0,1341,1395,1,0,0,7,0,9;91;385;251;314;473;474
0,1344,1409,1,0,0,7,0,6;88;382;248;311;470;474
1,2194,2275,1,0,858,6,2,442;449;378;277;481;680
1,2187,2269,1,0,889,6,1,449;466;385;284;488;687
1,2079,2166,1,0,671,6,1,91;10;557;574;493;379
0,2059,2130,1,0,0,6,0,111;30;577;594;513;379
1,2029,2108,1,0,624,6,2,141;60;587;624;543;442
1,1989,2075,1,0,827,6,3,181;100;592;664;583;482
1,1919,1986,1,0,592,5,1,17;251;170;592;707
1,1884,1965,1,0,593,5,1,52;286;205;592;737
0,1874,1935,1,0,0,5,0,62;296;215;592;737
1,1850,2084,1,0,593,5,1,86;320;239;592;803
1,1844,2068,1,0,640,5,4,92;326;245;792;809
1,1806,1858,1,0,640,6,2,8;130;364;283;830;847
1,1785,1874,1,0,562,6,1,29;151;385;304;851;868
0,1741,1797,1,0,0,6,0,73;195;429;348;895;912
0,1704,1758,1,15,0,6,0,22;110;232;7;466;385
1,1664,1737,1,0,671,6,2,62;150;272;47;506;425
1,10770,10859,1,0,765,6,1,302;283;272;676;423;590
0,10769,10851,1,0,0,6,0,303;283;272;677;424;591
1,10760,10828,1,0,827,6,1,312;304;272;686;433;600
1,10750,10805,1,0,873,6,1,322;323;272;696;443;610
1,10749,11042,1,0,843,6,6,323;324;388;697;444;611
1,10700,10961,1,0,717,6,4,5;372;373;437;746;493
0,10677,10733,1,0,0,5,0,28;372;396;460;769
1,10666,10730,1,0,687,5,3,39;406;407;467;780
1,10992,11064,1,0,749,7,1,80;81;141;200;201;368;1047
1,10978,11038,1,0,795,7,1,94;95;159;200;215;382;1061
1,10965,11026,1,0,936,7,1,107;108;172;200;228;395;1074
1,10962,11248,1,0,1092,7,4,110;111;175;484;231;398;1077
1,10907,10963,1,0,702,6,1,154;166;226;539;286;453
1,10889,10950,1,0,702,6,1,183;184;226;557;304;471
1,10883,10952,1,0,702,6,1,189;190;254;563;310;477
0,10819,10870,1,0,0,6,0,253;254;272;627;374;541
1,11224,11287,1,0,639,4,1,200;136;815;683
1,11226,11513,1,0,733,4,3,200;134;813;650
1,11184,11245,1,0,578,4,1,200;9;176;820
0,11190,11275,1,0,0,4,0,200;3;170;820
1,11113,11337,1,0,687,5,1,24;200;80;247;926
0,11173,11257,1,0,0,4,0,200;20;187;820
1,10993,11072,1,0,593,7,1,79;48;141;200;200;367;1046
0,11112,11164,1,0,0,5,0,25;200;81;248;927
0,11461,11530,1,0,0,5,0,578;446;706;293;323
1,11552,11619,1,0,920,7,1,487;355;615;202;323;947;566
1,11432,11504,1,0,1092,6,1,14;607;475;735;322;466
1,11444,11703,1,0,889,6,4,2;591;463;723;310;454
1,11298,11539,1,0,1077,6,5,148;62;741;489;869;456
0,11364,11424,1,15,0,6,0,32;675;489;803;390;534
1,11234,11299,1,0,702,4,1,200;126;805;489
0,11295,11373,1,0,0,5,0,149;65;744;489;872
1,11673,11728,1,0,1030,10,1,366;234;287;81;225;826;445;834;756;412
1,11665,11960,1,0,1139,10,6,374;242;502;89;233;834;453;842;764;420
1,11733,11796,1,0,1154,11,1,306;134;287;21;165;766;385;774;696;352;515
1,11705,11782,1,0,1248,11,2,334;202;287;49;193;794;413;802;724;380;543
1,11567,11648,1,0,1154,7,1,472;340;600;187;323;890;551
1,11561,11830,1,0,1092,7,6,478;346;606;193;323;911;557
1,11632,11884,1,0,999,9,6,407;275;535;122;266;867;486;875;797
1,11601,11658,1,0,765,8,1,438;306;566;153;291;890;517;906
1,11884,11961,1,0,998,11,1,155;23;283;14;615;234;623;545;201;293;680
1,11858,11917,1,0,905,10,1,181;49;287;40;641;260;649;571;227;293
1,11990,12217,1,0,1046,9,4,49;177;509;128;517;439;95;258;574
0,11900,11965,1,0,0,10,0,139;7;267;599;218;607;529;185;293;664
1,11805,11861,1,0,1045,10,2,234;102;287;74;694;313;702;624;280;443
1,11797,11854,1,0,936,10,1,242;110;287;101;702;321;710;632;288;451
1,11845,12140,1,0,1123,10,6,194;62;287;53;654;273;662;584;240;403
1,11807,11886,1,0,843,10,4,232;100;287;74;692;304;700;622;278;441
0,12108,12179,1,0,0,9,0,6;391;10;399;286;119;378;820;706
1,12113,12329,1,0,1138,9,5,6;386;5;394;286;119;378;815;701
1,12127,12193,1,0,1076,8,1,6;372;380;286;119;378;698;687
0,12152,12208,1,0,0,9,0,6;347;355;277;81;378;698;662;852
1,12006,12068,1,0,1045,9,2,33;161;493;112;501;423;79;242;378
1,12083,12164,1,0,1264,10,1,84;416;35;424;346;2;165;378;845;731
1,12096,12168,1,0,1076,9,3,71;403;22;411;333;119;378;832;718
1,12105,12187,1,0,1030,9,2,6;394;13;402;324;119;378;823;709
1,12336,12410,1,0,827,8,1,163;171;93;228;592;478;458;541
1,12372,12640,1,0,780,8,6,127;135;57;192;556;442;458;505
1,12381,12470,1,0,951,10,3,118;126;48;183;547;183;458;496;438;805
1,12424,12497,1,0,1139,11,1,75;83;5;140;504;183;458;453;395;762;845
1,12159,12227,1,0,1014,9,2,6;340;348;270;81;378;698;655;845
1,12174,12234,1,0,811,8,1,325;333;255;74;378;698;608;830
1,12319,12554,1,0,843,8,5,180;188;110;245;609;495;685;558
1,12333,12573,1,0,826,8,5,166;174;96;231;595;481;489;544
1,12581,12638,1,0,1607,11,2,347;183;423;296;238;605;688;733;778;554;560
1,12554,12630,1,0,1264,11,2,10;374;183;450;323;265;632;715;760;805;581
1,12467,12533,1,16,1170,10,2,31;40;97;461;183;458;410;352;719;802
1,12456,12527,1,0,1419,10,1,43;51;108;472;183;458;421;363;730;813
1,12759,13019,1,0,1357,12,7,169;55;245;118;60;427;510;555;600;373;382;504
1,12746,12828,1,0,1420,12,2,182;68;258;131;73;440;523;568;613;389;395;517
1,12598,12661,1,0,1420,11,2,330;183;406;279;221;532;671;716;761;533;543
1,12596,12680,1,0,1435,11,4,332;183;408;281;223;590;673;718;763;533;545
1,12865,12936,1,0,1185,11,2,63;139;12;321;291;449;492;270;276;398;275
1,12829,13032,1,0,1217,11,4,99;175;48;357;291;453;492;306;312;434;311
1,12790,13053,1,0,1357,12,5,138;24;214;87;29;396;291;453;569;345;351;473
1,12786,13024,1,0,1420,12,2,142;28;218;91;33;400;483;453;573;349;355;477
1,12975,13061,1,0,1077,10,1,29;211;291;215;384;160;95;288;165;511
1,12936,13190,1,0,1123,10,3,68;250;291;215;423;199;205;327;204;550
1,12911,13121,1,0,983,10,6,17;93;264;291;403;448;224;230;352;229
1,12896,12958,1,0,982,10,2,32;108;290;291;418;463;239;245;367;244
1,13025,13103,1,0,1092,9,2,161;244;215;334;110;91;238;115;461
1,13040,13098,1,0,999,9,2,146;229;215;319;95;91;223;100;415
1,12980,13053,1,0,1077,10,1,24;206;289;215;379;148;95;283;160;506
1,13001,13064,1,0,1139,10,2,3;185;268;215;358;120;95;262;139;485
1,13105,13184,1,0,811,10,1,81;164;209;254;21;7;158;35;381;1257
0,13106,13186,1,0,0,10,0,80;114;208;253;21;7;157;34;380;1256
1,13070,13157,1,0,858,9,1,116;199;215;289;65;71;193;70;399
1,13093,13164,1,0,734,9,2,93;176;215;266;21;48;170;47;393
1,13144,13233,1,0,671,7,1,42;96;170;175;119;342;1218
1,13179,13250,1,0,843,8,3,7;90;135;172;84;307;1183;1237
1,13129,13218,1,0,858,10,1,57;114;185;230;6;7;134;11;357;1233
1,13142,13207,1,0,671,7,1,44;96;172;217;121;344;1220
1,13289,13496,1,0,998,8,3,25;70;197;1073;1127;772;575;729
1,13291,13348,1,0,890,8,2,23;68;195;877;1125;772;573;727
1,13214,13293,1,0,827,8,1,55;100;145;49;272;1148;1202;910
1,13268,13523,1,0,671,8,2,1;46;91;218;1094;1148;856;596
1,13306,13510,1,0,936,8,3,8;53;180;877;1110;772;540;712
0,13293,13345,1,0,0,8,0,21;66;193;877;1123;772;540;725
1,13336,13550,1,0,889,8,1,23;150;875;882;772;528;682;866
1,13324,13586,1,0,812,7,5,35;162;875;1092;772;540;694
0,13420,13470,1,0,0,8,0,66;875;882;704;426;598;782;441
1,13416,13466,1,0,1060,8,1,70;875;882;708;448;602;786;445
1,13452,13659,1,0,1046,8,4,34;875;882;672;412;566;561;409
1,13432,13651,1,0,967,8,4,54;875;882;692;426;586;770;429
1,13474,13526,1,0,905,8,1,12;875;841;650;390;544;561;387
1,13454,13700,1,16,998,8,4,32;875;870;670;410;564;561;407
1,13518,13587,1,0,796,7,2,844;841;606;346;500;561;343
0,13506,13570,1,0,0,7,0,856;841;618;358;512;561;355
1,13623,13693,1,0,811,8,1,739;793;501;241;395;561;238;912
1,13567,13623,1,0,795,7,2,795;841;557;297;451;561;294
1,13689,13742,1,0,967,9,2,673;727;435;175;329;513;172;662;466
1,13632,13886,1,0,967,8,6,730;784;492;225;386;561;229;903
0,13736,13800,1,0,0,11,0,626;680;388;128;282;466;125;662;419;421;830
1,13758,13810,1,0,1279,11,2,604;658;366;106;260;444;103;662;397;399;808
1,13791,13863,1,0,1311,12,1,571;625;333;73;227;411;70;662;364;366;775;676
1,13802,14069,1,0,1466,12,7,560;614;322;57;216;400;59;662;353;355;764;665
1,13820,13889,1,0,1311,12,1,542;596;304;44;198;382;41;662;335;337;746;496
1,13822,13884,1,0,1420,12,3,540;594;302;42;196;377;39;662;333;335;744;496
1,13826,14085,1,16,1544,12,5,536;590;298;38;192;376;35;662;329;331;740;469
1,13827,14116,1,0,1388,12,9,535;589;297;37;191;375;34;662;328;253;739;469
1,13875,13943,1,0,967,11,2,487;541;249;143;327;660;280;253;691;445;574
1,13880,13950,1,0,1076,11,1,482;536;222;138;322;655;275;253;686;445;569
1,13917,13984,1,0,1139,11,1,445;499;207;101;279;618;238;240;649;445;532
0,13917,13994,1,0,0,11,0,445;499;207;101;279;579;238;240;649;445;532
1,13962,14049,1,0,1170,11,2,400;454;162;56;240;573;193;195;604;445;487
1,13978,14220,1,0,1419,11,5,384;438;146;40;224;557;177;179;588;405;471
1,8082,8156,1,0,531,6,1,30;106;72;345;364;287
1,8054,8117,1,0,889,6,1,58;167;72;373;392;315
0,8150,8200,1,0,0,5,0,71;63;277;117;219
1,8103,8353,1,0,686,6,3,9;106;63;324;343;266
1,7955,8008,1,0,983,7,1,157;50;266;72;472;491;414
1,7940,8155,1,0,967,7,2,172;65;281;278;487;506;429
0,8028,8115,1,0,0,6,0,84;193;72;399;418;341
0,8025,8114,1,0,0,6,0,87;196;72;402;421;344
1,7764,7817,1,0,842,6,2,348;241;457;454;663;517
1,7752,7975,1,0,967,6,6,360;253;469;466;675;694
0,7771,7859,1,0,0,7,0,341;167;450;447;656;517;598
1,7767,7848,1,0,952,6,2,345;218;454;451;660;517
1,7577,7665,1,0,1014,8,4,35;104;535;428;644;641;850;869
1,7576,7642,1,0,874,8,1,45;104;536;429;645;642;851;870
1,7727,7811,1,0,904,6,2,385;278;494;491;700;719
0,7699,7750,1,0,0,6,0,413;306;522;519;728;747
1,7447,7520,1,0,687,5,1,174;112;665;515;774
1,7480,7539,1,0,780,6,1,141;112;632;515;741;738
1,7494,7559,1,0,764,6,2,127;112;618;501;727;724
1,7542,7614,1,0,749,6,1,79;104;570;463;679;676
1,7360,7417,1,0,780,7,1,261;73;28;326;752;645;861
1,7429,7644,1,0,671,6,3,192;4;257;683;576;792
1,7436,7641,1,0,702,5,3,185;114;676;569;785
1,7439,7511,1,0,656,5,1,182;112;673;566;782
1,7185,7236,1,0,842,6,2,436;135;53;248;187;501
1,7258,7544,1,0,858,7,6,363;62;175;130;428;854;747
1,7298,7363,1,0,827,8,1,323;22;135;90;388;814;707;923
1,7328,7380,1,0,780,7,2,293;105;60;358;784;677;874
1,7082,7137,1,0,749,8,1,539;40;238;54;156;327;277;604
1,7141,7193,1,0,718,6,1,480;179;97;292;247;545
1,7167,7255,1,0,796,6,2,454;153;71;266;221;519
1,7167,7246,1,0,733,6,1,454;153;71;266;187;519
0,8950,9038,1,0,0,5,0,143;616;362;826;543
0,8934,9004,1,0,0,4,0,143;616;378;842
1,8924,8979,1,0,515,3,1,172;616;378
0,8911,8975,1,0,0,3,0,185;616;378
1,8905,9163,1,0,500,3,2,191;618;378
1,8893,8949,1,0,515,4,1,10;203;618;419
0,8890,8952,1,0,0,4,0,13;206;618;422
0,8870,8945,1,0,0,5,0,33;14;226;618;442
0,8835,8901,1,0,0,5,0,68;49;261;618;477
0,8827,8884,1,16,0,5,0,76;57;269;618;485
0,8774,9021,1,0,0,4,0,129;110;295;618
0,8772,8980,1,0,0,4,0,131;112;295;618
1,8765,9043,1,0,421,4,1,138;119;295;888
1,8729,9014,1,0,499,3,3,174;155;295
1,8711,8993,1,0,327,3,1,192;173;385
0,8599,8673,1,0,0,3,0,259;285;497
0,8554,8613,1,0,0,3,0,259;294;542
0,8580,8662,1,0,0,3,0,259;294;516
1,8546,8603,1,0,530,3,1,259;303;550
0,8552,8638,1,0,0,3,0,259;294;544
1,8531,8606,1,0,531,3,1,259;353;565
1,8532,8607,1,0,530,3,1,259;326;564
0,8430,8493,1,0,0,2,0,16;259
1,8457,8544,1,0,359,2,1,259;427
0,8403,8462,1,0,0,3,0,24;43;259
0,8430,8504,1,0,0,2,0,16;259
1,8366,8444,1,0,562,4,1,61;80;3;537
1,8401,8668,1,0,359,3,2,26;45;476
1,8318,8405,1,0,655,4,1,109;117;51;585
1,8322,8540,1,0,624,4,1,105;101;47;581
0,8202,8286,1,0,0,5,0,19;16;225;117;167
0,8241,8294,1,0,0,4,0,186;117;128;662
0,9628,9679,1,0,0,9,0,25;148;322;273;398;731;239;503;593
1,9620,9703,1,0,982,9,2,33;156;330;281;432;739;247;511;601
1,9663,9716,1,0,826,8,1,113;287;238;389;696;204;468;558
0,9646,9710,1,0,0,9,0,7;130;304;255;398;713;221;485;575
0,9675,9753,1,0,0,8,0,101;275;226;377;684;137;456;546
1,9667,9739,1,0,968,8,1,109;283;234;385;692;160;464;554
1,9735,9793,1,0,967,8,2,41;215;166;317;624;132;396;486
1,9675,9727,1,0,1061,8,1,101;275;226;377;684;137;456;546
1,9382,9443,1,0,998,7,1,73;394;111;568;519;670;923
1,9362,9446,1,0,811,7,4,73;414;131;588;539;690;997
1,9393,9473,1,0,983,7,1,73;377;100;557;508;659;923
0,9384,9449,1,0,0,7,0,73;377;109;566;517;668;923
1,9414,9467,1,0,812,7,2,73;343;79;536;487;638;923
1,9399,9479,1,0,998,7,1,73;369;94;551;502;653;923
1,9571,9621,1,0,1030,9,2,73;205;379;330;481;788;296;560;650
1,9472,9558,1,0,967,9,1,73;304;21;478;429;580;887;395;659
1,9206,9285,1,0,499,5,2,447;106;570;287;744
0,9266,9353,1,0,0,6,0,387;46;510;227;684;635
1,9283,9350,1,0,687,6,3,370;29;493;210;667;618
1,9290,9354,1,0,686,6,3,363;22;486;203;660;582
1,9301,9351,1,0,624,6,1,352;11;475;186;649;582
1,9310,9585,1,0,624,6,4,343;2;466;183;640;582
0,9326,9384,1,0,0,6,0,73;450;167;624;575;726
1,9356,9421,1,0,578,7,1,73;420;137;594;545;696;1003
1,8952,9007,1,0,780,5,1,143;616;360;824;541
1,8953,9163,1,0,686,5,1,143;616;359;823;525
0,8955,9018,1,0,0,5,0,141;616;357;707;525
1,8993,9059,1,0,717,5,1,103;616;319;707;500
1,9036,9099,1,0,406,5,1,60;616;258;707;457
1,9039,9101,1,0,359,5,1,57;614;234;707;454
1,9092,9152,1,0,405,5,2,4;561;220;684;401
0,9130,9197,1,0,0,4,0,523;182;646;363
1,10499,10563,1,0,640,7,1,109;151;206;82;452;574;638
1,10474,10559,1,0,686,6,3,134;176;231;107;452;599
1,10464,10694,1,0,718,6,1,144;186;241;117;603;609
1,10441,10500,1,0,842,7,1,1;167;209;264;140;603;631
1,10639,10701,1,0,593,6,3,11;66;433;434;498;807
1,10611,10820,1,0,702,6,2,39;94;439;462;526;835
0,10572,10643,1,0,0,8,0,36;78;133;9;439;501;565;874
1,10506,10578,1,0,608,7,1,102;144;199;75;439;567;631
1,10375,10454,1,0,842,9,1,67;206;60;22;275;330;206;690;698
1,10371,10439,1,0,905,9,1,71;237;64;26;279;334;210;690;702
0,10320,10385,1,0,0,9,0,39;122;288;115;77;326;385;261;690
1,10318,10376,1,0,1155,9,2,41;124;290;117;79;332;387;263;690
1,10438,10505,1,0,796,7,1,4;170;212;267;143;634;631
1,10424,10491,1,0,967,8,3,18;184;11;226;281;157;648;649
1,10407,10473,1,0,952,8,1,35;201;28;243;298;174;665;666
0,10378,10459,1,0,0,9,0,64;206;57;3;272;327;203;690;695
1,10077,10139,1,0,1528,10,1,282;54;144;227;365;499;358;320;370;628
1,10189,10258,1,0,1326,10,2,170;32;115;253;419;246;208;370;516;392
1,10062,10135,1,0,1575,10,1,297;69;159;242;380;499;373;335;476;643
1,10076,10164,1,0,1358,10,1,283;55;145;228;366;499;359;321;476;629
0,10273,10349,1,0,0,10,0,80;31;169;335;162;124;370;432;308;690
1,10288,10526,1,0,1326,10,6,71;16;154;320;147;109;362;417;293;690
1,10227,10476,1,0,1451,10,4,132;77;215;381;208;170;370;463;354;845
1,10264,10335,1,0,1248,10,1,95;40;178;344;171;133;370;441;317;690
1,9830,9914,1,0,1029,9,1,120;71;222;529;37;301;391;474;612
1,9860,10130,1,0,1326,11,5,90;41;192;499;7;271;319;444;582;748;575
1,9767,9830,1,0,842,8,2,9;183;134;285;592;100;364;454
0,9784,9847,1,0,0,7,0,166;117;240;575;83;347;437
1,10000,10266,1,0,1466,10,4,52;359;82;221;304;442;608;435;397;650
1,10058,10295,1,0,1420,9,2,301;73;163;246;384;499;377;339;592
1,9887,9974,1,0,1264,10,1,63;14;165;472;82;319;417;555;721;548
1,9913,10139,1,15,1326,10,1,37;139;446;82;308;391;529;695;522;484
0,3669,3746,1,0,0,6,0,257;304;397;198;382;128
1,3681,3891,1,0,951,6,2,245;292;385;186;382;128
1,3704,3765,1,0,951,7,1,222;173;362;163;382;128;1014
0,3724,3779,1,0,0,7,0,202;173;342;143;382;128;994
1,3592,3659,1,0,936,8,2,63;334;10;381;474;275;586;353
1,3613,3858,1,0,874,7,5,26;313;360;453;254;565;332
1,3617,3896,1,0,920,7,6,26;309;356;449;250;382;328
1,3663,3728,1,0,795,6,2,263;310;403;204;382;183
1,3878,3940,1,0,546,6,3,48;95;188;300;67;840
1,3880,3941,1,0,640,6,2,46;93;186;298;50;838
1,3882,4174,1,16,640,6,4,44;91;184;296;20;836
1,3898,3976,1,0,686,7,1,28;75;168;280;20;588;1006
1,3728,3789,1,0,874,7,1,198;173;338;139;382;128;990
0,3732,3793,1,0,0,7,0,175;173;334;135;382;128;986
1,3819,3874,1,0,468,7,3,107;154;247;48;359;126;899
1,3844,3928,1,0,468,7,1,82;129;222;23;334;101;874
0,3255,3325,1,0,0,4,0,386;671;347;718
1,3240,3321,1,0,640,5,1,0;415;686;362;733
1,3293,3364,1,0,764,6,1,362;633;309;680;773;574
0,3291,3345,1,0,0,6,0,364;635;311;682;775;576
0,3060,3120,1,0,0,3,0,17;180;564
0,3032,3095,1,0,0,3,0,17;208;564
1,3140,3412,1,0,437,3,2,100;515;786
0,3096,3176,1,0,0,3,0,9;144;559
1,3416,3489,1,0,1061,8,1,239;510;186;557;650;451;762;529
1,3366,3416,1,0,1061,8,2,289;560;236;607;700;501;812;579
1,3564,3848,1,0,1045,8,5,91;362;38;409;502;303;614;381
1,3525,3609,1,0,999,8,1,130;401;77;448;541;342;653;420
1,3296,3363,1,0,905,6,1,359;630;251;677;770;532
1,3294,3514,1,0,874,6,3,361;632;251;679;772;573
1,3330,3415,1,0,873,7,1,295;596;251;643;715;532;848
1,3314,3366,1,0,1092,7,1,341;612;251;659;715;532;864
1,4402,4489,1,0,327,2,1,316;502
0,4418,4485,1,0,0,2,0,295;486
0,4346,4402,1,0,0,2,0,372;520
0,4355,4407,1,0,0,2,0,363;520
0,4314,4375,1,0,0,2,0,404;520
1,4316,4398,1,0,375,2,1,402;520
0,4291,4341,1,0,0,2,0,418;520
0,4302,4385,1,0,0,2,0,416;520
1,4587,4674,1,0,733,5,2,131;251;413;782;875
1,4628,4698,1,0,624,5,1,90;251;372;782;834
0,4538,4601,1,0,0,4,0,180;251;462;876
1,4560,4793,1,0,671,4,1,158;251;440;854
1,4459,4727,1,0,328,2,2,259;445
1,4480,4745,1,0,343,2,2,238;266
0,4445,4512,1,0,0,2,0,273;459
0,4456,4526,1,0,0,2,0,262;448
1,4139,4425,1,0,359,3,2,39;579;700
0,4117,4197,1,0,0,3,0,61;588;700
0,4076,4127,1,0,0,3,0,102;588;700
0,4052,4109,1,0,0,4,0,14;126;588;700
1,4014,4244,1,0,499,4,3,52;164;588;710
1,3960,4016,1,15,640,5,1,13;106;218;588;710
1,3935,4202,1,0,843,6,3,38;131;243;10;588;969
0,3922,3976,1,16,0,7,0,4;51;144;256;20;588;982
0,4288,4340,1,0,0,2,0,418;520
1,4285,4344,1,0,358,2,1,433;520
0,4283,4355,1,0,0,2,0,435;520
0,4268,4334,1,0,0,2,0,437;520
0,4249,4325,1,0,0,2,0,469;520
1,4249,4327,1,0,343,2,1,469;520
0,4225,4308,1,0,0,2,0,493;520
0,4163,4252,1,0,0,3,0,15;555;520
1,5279,5516,1,0,1045,8,5,135;107;284;301;236;188;140;559
1,5295,5352,1,0,952,8,1,119;107;268;285;220;188;124;412
1,5347,5419,1,0,718,9,2,67;107;216;233;168;179;72;412;675
0,5380,5435,1,0,0,9,0,34;82;183;200;135;179;39;412;632
1,5480,5554,1,0,780,7,1,83;100;35;179;358;542;635
1,5493,5560,1,0,873,7,2,70;87;22;166;345;529;622
1,5534,5830,1,0,671,7,6,29;46;166;304;488;581;800
0,5569,5627,1,0,0,6,0,11;149;269;453;546;521
1,5593,5644,1,0,717,5,1,125;245;429;522;521
0,5619,5674,1,0,0,5,0,99;219;403;496;521
1,5625,5871,1,0,780,5,3,93;213;397;490;521
0,5674,5762,1,16,0,5,0,44;164;348;338;521
0,5746,5812,1,0,0,5,0,92;276;338;521;727
1,5793,5865,1,0,889,6,2,45;229;322;521;680;457
1,5863,5940,1,0,967,7,3,159;252;471;610;387;671;567
1,5883,5964,1,0,749,7,1,139;232;451;551;367;651;547
0,4666,4722,1,0,0,5,0,52;222;334;748;796
1,4649,4705,1,0,640,5,1,69;249;351;765;813
1,4725,4805,1,0,812,6,1,179;275;689;709;838;532
1,4698,4783,1,0,748,6,1,20;206;302;716;764;865
1,4745,4817,1,0,982,7,1,159;255;669;687;818;512;286
0,4736,4803,1,0,0,6,0,168;264;678;687;827;521
1,4777,5023,1,0,842,7,4,85;223;637;685;786;480;254
1,4775,4837,1,0,983,7,1,129;225;639;687;788;482;256
1,4879,4962,1,16,1201,9,3,25;121;535;583;583;378;152;574;392
1,4800,5041,1,0,1185,8,7,85;200;614;662;583;457;231;780
1,4920,5001,1,0,1513,8,1,80;494;369;583;299;111;574;351
1,4904,5136,1,0,1514,9,1,0;96;510;558;583;299;127;574;367
1,5188,5465,1,0,921,8,5,226;274;375;69;392;83;327;530
0,5017,5104,1,0,0,9,0,397;329;546;240;14;563;254;498;701
1,5265,5560,1,0,1311,9,6,149;107;298;315;6;250;401;154;573
1,5192,5478,1,0,1014,8,5,222;270;371;65;388;79;323;401
1,6606,6852,1,0,1107,9,4,44;174;286;1015;490;516;471;530;632
1,6684,6957,1,0,1046,8,4,96;208;937;438;516;393;452;450
0,6577,6652,1,0,0,9,0,73;26;21;197;315;1044;545;516;500
1,6591,6657,1,0,1124,10,2,59;12;7;189;301;1030;531;516;486;545
1,6782,7002,1,0,827,7,4,110;801;340;516;260;354;406
1,6811,7068,1,0,702,7,4,81;801;311;509;260;244;406
1,6711,6912,1,0,967,8,4,69;181;801;411;516;366;425;450
1,6728,6971,1,0,999,8,3,52;164;801;394;516;260;408;450
1,6880,6956,1,0,717,7,1,12;741;242;300;197;244;311
1,6912,7167,1,0,780,8,6,709;210;300;165;224;311;521;476
1,6820,7057,1,0,811,7,3,72;801;302;500;257;244;406
1,6859,6932,1,0,921,7,2,33;762;263;300;218;244;379
1,7007,7081,1,0,812,9,2,614;115;300;70;129;231;327;277;679
1,7033,7098,1,0,780,9,2,588;89;287;44;103;205;327;277;653
1,6912,6968,1,0,873,8,1,709;210;300;165;224;311;521;277
1,6953,7240,1,0,1077,8,6,668;169;300;124;183;285;480;277
1,5997,6285,1,15,921,9,5,25;118;337;476;122;386;433;626;420
1,5975,6261,1,0,1046,9,6,47;140;359;498;275;386;455;626;442
1,5958,6164,1,0,998,8,5,64;157;376;515;292;386;472;692
1,5939,6173,1,0,858,8,2,83;176;395;534;311;595;491;711
1,6185,6265,1,0,795,9,1,149;288;65;349;245;465;232;418;413
1,6123,6202,1,0,827,8,1,211;323;122;386;307;527;294;480
0,6075,6149,1,0,0,9,0,40;259;323;122;386;337;575;342;528
1,6029,6248,1,0,967,8,5,86;305;444;122;386;337;621;388
1,6408,6487,1,0,1248,11,1,65;126;22;242;9;195;190;372;457;1213;714
1,6364,6443,1,0,1154,11,4,109;170;66;286;53;239;234;416;528;1257;758
1,6302,6358,1,0,733,10,1,32;171;232;128;331;115;301;296;478;590
1,6297,6365,1,0,780,10,3,37;176;237;133;353;120;306;301;483;595
1,6562,6817,1,0,1077,9,4,88;41;36;197;330;1059;560;758;515
1,6521,6598,1,16,1154,9,2,13;129;82;77;259;371;1100;601;799
1,6462,6534,1,0,904,9,2,11;72;188;141;136;318;430;1159;660
1,6430,6513,1,0,905,10,1,43;104;0;220;173;168;350;457;1191;692
150
13147,14416,291.11,9
13182,14124,111.72,10
13224,13864,155.91,11
13285,14018,0.00,10
13328,14202,259.59,11
13363,13861,0.00,8
13578,14535,280.97,9
13637,14155,0.00,9
12513,13314,313.10,10
12526,13359,161.55,10
12534,13135,138.67,10
12579,13141,155.58,9
12630,13263,0.00,8
12810,13140,0.00,10
12929,13486,84.37,8
13096,14362,198.59,10
12033,12928,132.70,11
11866,12564,248.01,10
12152,13004,241.76,8
12075,12814,306.71,11
12373,12819,0.00,8
12239,12877,0.00,9
12399,13269,261.36,8
12376,13186,99.45,10
11318,11898,219.50,8
11296,11754,0.00,10
11525,12118,9.38,9
11521,12499,175.12,9
11619,12429,38.62,10
11600,12507,64.54,11
11675,12248,200.54,10
11651,12085,0.00,8
13868,14449,0.00,10
13767,14467,260.24,9
13722,14566,0.00,10
13691,14157,109.27,9
189,778,117.93,9
37,798,130.78,9
281,948,126.68,8
266,1114,40.22,11
296,1108,203.04,9
285,984,193.03,11
366,1137,118.81,11
357,853,0.00,8
606,971,120.75,10
443,831,154.85,9
660,1432,269.10,11
644,1350,81.83,8
821,1314,45.08,10
756,1726,0.00,8
1028,1655,66.02,10
895,1592,208.57,9
21,633,0.00,8
34,646,69.84,10
3278,3867,46.29,8
3272,4066,85.41,9
3200,3973,119.65,8
3152,3602,58.15,11
3894,4904,716.81,9
3698,4718,353.79,11
3334,3945,247.99,8
3300,4178,256.91,9
4693,5563,203.30,8
4574,5462,471.00,10
4531,5414,96.28,11
4481,5000,0.00,11
4820,5271,0.00,11
4789,5580,234.33,8
4742,5031,0.00,9
4714,5257,79.33,11
1350,1711,86.65,9
1370,2170,165.06,8
1047,1814,228.38,11
1116,1936,223.03,11
1735,2653,136.26,11
1920,2572,0.00,11
1545,2089,58.50,10
1719,2636,308.83,10
2180,2874,345.01,10
2204,2929,93.79,9
1953,2471,103.74,11
2148,2675,130.93,11
2828,3655,179.78,9
3132,3926,122.45,8
2629,3105,350.12,9
2810,3240,172.45,8
6585,7136,153.43,8
6522,7077,116.31,10
6882,7433,179.87,10
6604,7238,364.51,11
6352,7621,181.00,9
6263,6892,71.90,8
6490,7320,449.75,11
6358,7122,100.78,10
7478,8218,215.11,9
7283,8221,134.93,10
7569,8446,419.98,10
7565,8427,123.65,10
6963,7686,153.37,9
6903,7388,254.99,8
7258,8005,139.87,8
7207,8112,0.00,9
5313,6022,52.88,8
5448,6115,175.29,8
5529,6334,279.49,11
5731,6473,180.55,11
4932,5515,0.00,11
4942,5718,364.53,10
5202,5419,0.00,8
5212,5838,147.83,11
5974,6417,0.00,10
6072,6603,0.00,11
6162,6598,13.30,11
6232,6780,62.71,11
5782,6250,153.84,8
5804,6534,215.24,11
5825,6430,136.84,10
5904,6650,125.00,11
10209,11072,449.23,11
10098,10581,0.00,9
10059,10705,104.65,10
9983,10650,229.53,10
9894,10397,32.52,10
9849,10435,0.00,10
9841,10608,219.84,8
9799,10442,0.00,9
11255,12167,281.16,10
11195,11907,262.80,9
10941,12039,123.20,8
10735,11360,0.00,9
10696,11193,38.92,11
10528,11446,451.55,10
10481,11137,211.58,8
10338,11073,93.35,11
8927,9776,205.56,9
8936,9493,81.46,8
8734,9653,543.27,10
8786,9312,126.78,11
8446,8884,123.72,10
8515,9096,119.93,11
7771,8369,0.00,9
8212,8903,298.76,8
9497,10221,80.80,8
9798,10304,0.00,11
9416,9867,67.84,9
9451,10131,236.28,8
9320,10052,79.80,8
9355,10359,114.52,8
9146,9950,0.00,11
9212,9901,67.09,8
