1000
1,19980,20048,1,0,0,6,2,146;124;263;556;578;711
1,19978,20236,1,0,0,6,3,148;126;405;558;580;713
1,19908,19978,1,0,0,6,2,218;196;475;628;650;783
1,19856,19942,1,0,0,6,2,260;248;502;680;702;835
1,19807,19887,1,0,0,5,3,260;297;576;729;721
1,19802,19864,1,0,0,5,1,260;302;581;734;756
1,19769,19832,1,0,0,6,2,260;335;16;614;767;789
1,19750,19972,1,0,0,6,2,376;354;35;633;786;808
1,20209,20449,1,0,0,4,3,174;309;349;482
0,20206,20269,1,0,0,4,0,177;309;352;485
1,20202,20262,1,0,0,4,2,181;334;356;489
1,20175,20242,1,0,0,4,1,208;361;383;516
1,20115,20192,1,0,0,5,1,11;263;413;443;576
1,20063,20133,1,0,0,6,2,63;41;263;473;495;628
1,20019,20087,1,0,0,6,2,96;85;263;517;539;672
1,20003,20060,1,0,0,6,2,106;101;263;533;555;688
1,20442,20502,1,0,0,6,2,94;116;249;671;508;773
0,20444,20507,1,0,0,6,0,92;114;243;669;506;771
1,20360,20630,1,0,0,6,5,23;176;198;331;753;590
1,20381,20671,1,0,0,6,5,2;138;177;310;732;569
1,20294,20584,1,0,0,5,4,89;242;264;397;819
1,20318,20533,1,0,0,5,2,65;218;240;373;795
1,20233,20306,1,0,0,4,1,150;303;325;458
1,20244,20303,1,0,0,4,2,139;292;314;445
1,20632,20682,1,0,0,7,3,59;481;318;583;764;471;344
1,20657,20933,1,0,0,7,7,34;456;293;558;739;446;319
1,20510,20560,1,0,0,7,2,26;33;181;603;440;705;886
1,20526,20606,1,0,0,7,1,10;32;165;587;424;689;870
0,20492,20546,1,0,0,7,0,44;66;188;621;458;723;904
1,20507,20745,1,0,0,7,3,29;51;184;606;443;708;889
0,20464,20539,1,0,0,6,0,72;94;227;649;486;751
1,20480,20551,1,0,0,6,2,56;78;211;633;470;735
1,20870,20947,1,0,0,10,2,243;80;345;526;233;106;650;499;694;646
0,20835,20914,1,0,0,10,0,278;115;380;561;268;141;685;534;729;681
1,21022,21299,1,0,0,9,5,91;193;374;81;498;347;542;494;820
1,20940,21197,1,0,0,11,4,173;10;275;456;163;36;580;429;624;576;902
1,20719,20783,1,0,0,6,1,394;231;496;677;384;257
0,20666,20716,1,0,0,7,0,6;447;284;549;730;437;310
0,20825,20906,1,0,0,9,0,288;120;390;571;278;151;695;544;739
1,20805,20892,1,0,0,8,2,308;145;410;591;298;171;715;564
1,21155,21234,1,0,0,7,1,60;126;365;214;374;361;687
1,21114,21192,1,0,0,7,1,101;126;406;255;450;402;721
1,21180,21264,1,0,0,7,1,35;126;340;189;367;336;662
1,21159,21214,1,0,0,7,1,56;126;361;210;367;357;683
0,21080,21149,1,0,0,9,0,33;135;126;23;440;289;484;436;762
0,21056,21127,1,0,0,9,0,57;159;126;47;464;313;508;460;786
1,21093,21154,1,0,0,9,1,20;122;126;10;427;276;471;423;749
0,21086,21143,1,0,0,9,0,27;129;126;17;434;283;478;430;756
1,21362,21447,1,0,0,9,1,34;139;7;202;154;480;470;336;878
1,21434,21522,1,0,0,8,1,86;130;82;408;398;264;806;794
0,21466,21523,1,0,0,8,0,54;98;50;376;366;232;774;762
1,21474,21546,1,0,0,8,1,46;90;42;368;358;224;766;754
0,21239,21293,1,0,0,7,0,126;281;130;325;277;603;593
1,21256,21317,1,0,0,8,1,126;264;113;308;260;586;576;442
1,21264,21485,1,0,0,8,5,126;256;105;295;252;578;568;434
1,21311,21388,1,0,0,9,1,85;139;58;253;205;531;521;387;929
0,21686,21770,1,0,0,7,0,156;146;12;554;542;538;353
1,21693,21924,1,0,0,7,2,149;139;5;547;535;531;346
1,21723,21783,1,0,0,7,1,119;109;433;505;501;316;717
1,21828,21883,1,0,0,9,1,14;4;412;400;396;211;612;355;1070
1,21515,21581,1,0,0,8,2,5;49;1;327;317;183;725;713
1,21526,21774,1,0,0,6,3,38;281;306;172;714;702
1,21545,21630,1,0,0,6,2,19;281;287;153;695;683
1,21630,21681,1,0,0,7,1,212;202;68;610;598;594;409
1,21994,22233,1,0,0,9,4,221;234;230;45;446;189;904;696;671
1,21991,22048,1,0,0,9,1,249;237;233;48;449;192;907;699;674
1,21871,21931,1,0,0,7,1,348;357;353;168;569;312;1027
1,21856,21918,1,0,0,7,1,384;372;368;183;584;327;1042
0,22068,22154,1,0,0,8,0,26;152;156;372;115;830;622;597
1,22028,22107,1,16,0,9,3,26;160;196;11;412;155;870;662;637
1,22010,22069,1,0,0,9,2,26;178;214;29;430;173;888;680;655
1,22005,22073,1,0,0,9,2,26;223;219;34;435;178;893;685;660
0,22166,22238,1,16,0,9,0,26;62;58;274;17;696;524;499;540
1,22136,22221,1,0,0,8,1,26;92;88;304;47;762;554;529
1,22088,22174,1,0,0,8,3,26;131;136;352;95;810;602;577
1,22077,22130,1,0,0,8,1,26;151;147;363;106;821;613;588
1,22221,22450,1,0,0,12,4,19;7;3;219;666;469;444;485;838;934;758;657
1,22213,22286,1,0,0,11,1,26;15;11;227;666;477;452;493;846;942;782
1,22188,22271,1,0,0,8,1,26;40;36;252;696;502;477;518
0,22188,22277,1,0,0,8,0,26;40;36;252;666;502;477;518
1,22237,22528,1,0,0,11,10,3;125;616;453;428;424;822;918;758;641;705
1,22253,22518,1,0,0,10,5,5;616;437;412;424;806;902;742;625;689
1,22229,22312,1,0,0,11,2,11;125;666;461;436;477;830;926;758;649;713
1,22235,22443,1,0,0,11,4,5;125;663;455;430;424;824;920;758;643;707
1,22302,22362,1,16,0,11,1,5;465;388;363;404;757;853;679;576;640;1158
0,22407,22460,1,0,0,11,0,5;465;283;258;299;652;748;588;471;535;1053
1,22284,22338,1,0,0,11,1,5;490;406;381;422;775;871;711;594;658;1176
1,22288,22361,1,0,0,11,1,5;465;402;377;418;771;867;707;590;654;1172
1,22523,22590,1,0,0,12,2,311;167;142;183;536;632;472;355;419;937;452;444
1,22531,22608,1,0,0,12,2,311;159;134;175;528;624;464;347;391;929;444;436
1,22434,22652,1,0,0,12,8,5;464;256;231;272;625;721;561;444;508;1026;541
1,22512,22597,1,0,0,11,1,335;178;153;194;547;643;483;366;430;948;463
1,22584,22640,1,0,0,14,1,306;106;4;122;475;571;411;294;358;876;391;317;764;687
1,22591,22673,1,0,0,14,2,306;99;4;115;468;564;404;287;331;869;384;317;757;680
1,22562,22805,1,0,0,14,10,306;128;103;144;497;593;433;316;380;898;413;405;786;709
1,22573,22655,1,0,0,14,1,306;117;4;133;486;582;422;305;369;887;402;394;775;698
1,22612,22874,1,0,0,14,6,286;78;4;94;447;543;368;266;330;848;363;317;736;659
1,22607,22659,1,0,0,14,1,291;83;4;99;452;548;381;271;331;853;368;317;741;664
1,22676,22750,1,0,0,13,2,222;14;30;278;479;317;202;266;784;299;291;672;595
1,22647,22706,1,0,0,14,1,251;43;4;59;278;508;348;231;295;813;328;317;701;624
1,22847,22932,1,0,0,12,2,51;212;308;148;31;95;613;128;120;501;424;533
1,22716,22769,1,0,0,11,1,182;278;439;279;162;226;744;259;251;632;555
1,22861,22917,1,0,0,12,1,37;58;294;134;17;81;599;114;106;487;410;519
1,22853,23094,1,0,0,12,6,45;200;302;142;25;89;607;122;114;495;418;527
1,22880,22944,1,0,0,11,1,18;58;275;112;62;375;95;87;468;391;500
1,22879,23171,1,0,0,11,4,19;58;276;112;63;581;96;88;469;392;501
1,22999,23267,1,0,0,8,4,58;156;375;349;272;381;763;1141
0,22881,22960,1,0,0,11,0,17;58;274;112;41;375;94;86;467;390;499
1,23090,23160,1,0,0,8,1,65;370;94;181;290;672;1050;883
1,23004,23071,1,0,0,9,1,55;151;375;94;267;376;758;1136;969
1,23097,23394,1,0,0,8,3,30;363;94;174;283;665;1013;876
1,23095,23149,1,0,0,8,1,60;365;94;176;285;667;1013;878
1,23137,23219,1,0,0,8,1,18;323;94;134;243;625;1003;836
0,23181,23236,1,0,0,8,0,279;94;90;199;553;959;792;729
1,23185,23247,1,0,0,8,1,275;94;86;195;553;955;788;725
1,23211,23277,1,0,0,9,1,246;94;60;169;551;929;762;699;999
1,23213,23426,1,0,0,9,4,246;94;58;167;534;927;760;697;997
1,23250,23308,1,0,0,9,1,210;94;21;130;512;890;723;660;960
1,23291,23506,1,0,0,9,6,169;57;89;471;849;682;619;919;558
1,23292,23361,1,0,0,9,1,168;49;88;470;848;681;618;918;557
1,23302,23354,1,0,0,9,2,155;46;78;460;838;671;608;908;547
1,23338,23420,1,0,0,9,2,122;10;42;424;802;635;572;872;511
1,23380,23463,1,16,0,8,2,80;0;382;760;567;530;830;469
1,23446,23734,1,0,0,7,5,14;316;694;522;464;764;403
1,23456,23524,1,0,0,7,1,4;70;684;517;454;754;393
1,23473,23684,1,0,0,6,5,70;645;500;437;737;376
1,23496,23742,1,0,0,6,5,70;610;477;414;714;353
1,23531,23615,1,0,0,6,1,70;609;442;379;679;318
0,16227,16301,1,0,0,5,0,17;60;92;84;481
0,16345,16638,1,0,0,1,0,367
1,16209,16289,1,0,0,5,1,56;78;110;102;503
1,16211,16418,1,0,0,5,1,17;76;108;100;501
1,16068,16137,1,0,0,9,2,191;14;219;20;107;251;132;82;243
1,16175,16422,1,0,0,7,1,72;112;0;144;25;136;537
1,16044,16130,1,0,0,9,1,191;38;243;43;131;275;156;122;267
1,16049,16105,1,0,0,9,1,191;33;238;20;126;270;151;117;262
1,16002,16291,1,0,0,13,7,18;263;80;4;39;285;129;173;317;198;164;38;309
1,16027,16108,1,0,0,11,1,191;55;14;260;104;148;292;173;139;13;284
1,15711,15765,1,0,0,16,1,14;148;309;89;540;371;295;312;576;420;464;608;489;455;329;600
1,15862,15949,1,15,0,13,3,158;403;220;144;179;425;269;313;457;338;304;178;449
1,15672,15746,1,0,0,17,2,35;187;6;348;128;593;410;334;358;615;459;503;647;528;494;368;639
1,15697,15773,1,0,0,16,1,28;162;323;103;540;385;309;344;590;434;478;622;503;469;343;614
1,15625,15704,1,0,0,16,3,40;35;234;53;395;175;634;457;381;416;662;506;550;694;575;541
1,15667,15720,1,0,0,17,1,35;192;11;353;133;598;415;339;374;620;464;508;652;533;499;373;644
1,16943,17031,1,0,0,6,1,301;169;367;220;657;731
0,16864,16934,1,0,0,5,0,380;169;446;299;736
1,16828,17084,1,0,0,4,2,384;370;482;335
0,16821,16905,1,0,0,4,0,384;377;489;342
1,16812,16897,1,0,0,4,3,432;386;498;351
0,16791,16855,1,0,0,4,0,453;407;519;372
0,16766,16827,1,0,0,4,0,478;432;544;397
0,16707,16786,1,0,0,4,0,5;537;491;603
0,16647,16724,1,0,0,2,0,46;597
0,16562,16649,1,0,0,2,0,46;682
0,16551,16636,1,0,0,2,0,46;693
1,16537,16778,1,0,0,2,1,49;707
1,16507,16759,1,0,0,2,1,193;737
0,16491,16718,1,0,0,2,0,193;753
1,16404,16690,1,0,0,1,1,308
0,16351,16408,1,0,0,1,0,361
1,17311,17560,1,0,0,7,4,289;333;702;791;500;726;593
0,17343,17414,1,0,0,7,0,135;331;670;759;468;694;561
0,17363,17445,1,0,0,7,0,135;311;650;739;448;674;541
0,17374,17449,1,16,0,7,0,135;300;639;728;437;663;530
0,17193,17243,1,0,0,10,0,3;5;39;407;333;820;909;618;844;711
1,17216,17288,1,0,0,9,1,3;39;384;333;797;886;595;821;688
0,17288,17347,1,0,0,8,0,11;312;333;725;814;523;749;616
1,17299,17383,1,0,0,8,1,11;301;333;714;803;512;738;605
1,17105,17309,1,0,0,9,6,14;93;205;58;495;569;908;997;706
1,17119,17195,1,0,0,9,1,3;79;191;44;481;555;894;983;692
1,17132,17386,1,0,0,10,6,3;58;178;31;468;542;881;970;679;905
1,17138,17358,1,0,0,10,4,3;58;39;25;462;536;875;964;673;899
1,16955,17026,1,15,0,6,1,289;168;355;208;645;719
1,16996,17245,1,0,0,7,6,248;168;314;142;604;678;1017
0,17015,17095,1,0,0,7,0,14;168;295;142;585;659;998
1,17055,17105,1,0,0,8,1,14;143;255;108;545;619;958;1047
1,17761,17817,1,0,0,8,2,141;341;50;276;143;502;559;646
0,17671,17745,1,0,0,8,0,3;141;431;140;366;233;592;649
0,17792,17850,1,0,0,8,0,141;162;19;245;112;471;528;615
1,17783,18074,1,0,0,8,5,141;319;21;254;121;480;537;624
0,17637,17716,1,0,0,7,0,37;315;465;174;400;267;626
0,17609,17665,1,0,0,6,0,65;315;493;202;428;295
1,17657,17922,1,0,0,7,6,17;315;445;154;380;247;606
0,17643,17731,1,0,0,7,0,31;315;459;168;394;261;620
0,17521,17571,1,0,0,7,0,79;153;492;581;290;516;383
0,17484,17550,1,0,0,7,0,116;190;507;618;327;553;420
0,17609,17675,1,0,0,6,0,65;315;493;202;428;295
1,17566,17775,1,0,0,7,4,34;108;447;536;245;471;338
0,17416,17486,1,0,0,7,0,135;258;597;686;395;621;488
0,17388,17451,1,0,0,7,0,135;286;625;714;423;649;516
1,17446,17508,1,0,0,7,1,135;228;567;656;328;591;458
1,17431,17512,1,0,0,7,1,135;243;582;671;380;606;473
0,18128,18191,1,0,0,5,0,133;192;279;333;491
0,18200,18268,1,0,0,8,0,63;120;207;261;419;909;738;760
1,18088,18148,1,0,0,5,2,14;175;232;319;373
1,18110,18199,1,0,0,4,1,153;210;297;351
0,18291,18374,1,0,0,9,0,14;116;170;328;818;644;669;806;296
1,18434,18513,1,0,0,9,2,27;185;675;504;526;663;153;266;765
1,18266,18329,1,0,0,8,3,54;141;195;353;843;672;694;831
1,18275,18336,1,0,0,8,2,14;132;186;344;834;663;685;822
1,17951,18180,1,0,0,7,2,62;151;24;312;369;456;510
0,17975,18058,1,0,0,7,0,38;42;24;288;345;432;486
1,17907,17961,1,0,0,7,1,106;162;130;356;413;500;554
1,17931,18017,1,0,0,7,3,82;162;106;332;389;476;530
0,18048,18121,1,0,0,5,0,18;215;272;359;413
0,18061,18150,1,0,0,5,0,18;202;259;346;400
0,17993,18057,1,0,0,7,0,20;42;24;270;327;414;468
1,18040,18127,1,0,0,5,2,42;223;280;367;421
1,18790,18859,1,0,0,12,1,319;148;170;307;409;9;696;431;647;494;431;654
0,18746,18797,1,0,0,12,0,363;192;214;351;453;53;740;475;691;538;475;698
1,18676,18739,1,0,0,12,1,409;262;284;421;24;523;123;810;545;761;608;545
1,18637,18689,1,0,0,10,2,409;301;323;460;63;562;162;830;584;800
1,18841,19096,1,0,0,11,7,128;97;119;256;358;629;380;596;443;380;603
1,18828,19098,1,0,0,11,8,281;110;132;269;371;629;393;609;456;393;616
1,18814,18881,1,0,0,11,1,295;124;135;283;385;662;407;623;470;407;630
1,18804,18867,1,0,0,11,1,305;134;156;293;395;662;417;633;480;417;640
1,18525,18612,1,0,0,10,2,94;409;413;435;572;62;175;674;274;961
0,18520,18588,1,0,0,10,0,99;409;418;440;577;67;180;679;279;966
1,18492,18704,1,0,0,10,5,108;617;446;468;605;95;208;707;307;994
1,18458,18667,1,0,0,10,5,3;123;651;480;502;639;129;242;741;341
1,18607,18673,1,0,0,10,1,12;409;331;353;490;93;592;192;830;614
1,18605,18691,1,0,0,10,1,14;409;333;355;492;95;594;194;867;616
1,18572,18652,1,0,0,11,3,47;409;366;388;525;15;128;627;227;914;649
1,18572,18640,1,0,0,11,1,41;409;366;388;525;15;128;627;227;914;649
0,19108,19172,1,0,0,13,0,1;91;378;113;252;176;113;336;555;566;548;551;425
1,19120,19187,1,0,0,12,1,79;366;101;252;164;101;324;543;554;536;539;413
1,19126,19183,1,0,0,12,1,73;353;95;252;158;95;318;537;548;530;533;407
1,19153,19397,1,0,0,14,8,46;333;68;251;131;68;291;510;521;503;506;380;973;470
1,19179,19254,1,0,0,15,2,20;307;42;251;105;42;265;484;495;477;480;354;947;444;925
1,19195,19418,1,16,0,15,8,4;291;26;242;36;26;249;468;479;461;464;338;931;428;909
1,19221,19301,1,0,0,14,1,265;0;46;36;0;223;442;453;435;438;312;905;402;883
0,19228,19284,1,0,0,12,0,258;46;36;216;435;446;428;431;305;898;334;876
1,18877,19100,1,0,0,13,8,110;61;83;220;322;609;344;560;407;344;567;786;797
1,18877,19083,1,0,0,13,7,110;61;83;1;322;609;344;560;407;344;567;786;797
0,18909,18959,1,0,0,13,0,95;29;51;1;290;577;312;528;375;312;535;754;765
1,18925,19002,1,0,0,13,2,95;13;35;1;274;561;296;512;359;296;519;738;749
1,18970,19027,1,0,0,14,1,95;1;229;516;234;467;314;251;474;693;704;686;689;563
0,19012,19066,1,0,0,14,0,95;1;187;474;209;425;272;209;432;651;662;644;647;521
1,19047,19118,1,0,0,14,1,62;1;152;439;174;390;237;174;397;616;627;609;612;486
1,19102,19191,1,0,0,13,3,7;97;384;119;335;182;119;342;561;572;554;557;431
1,19429,19496,1,0,0,12,1,57;8;15;234;245;227;230;104;697;194;675;356
0,19335,19399,1,0,0,11,0,147;46;84;328;339;321;324;198;791;288;769
1,19437,19718,1,0,0,12,7,49;0;7;226;237;219;222;96;689;142;667;348
1,19429,19512,1,0,0,12,1,57;8;15;234;245;227;230;104;697;142;675;356
0,19549,19627,1,0,0,8,0,114;125;107;110;577;74;555;236
0,19453,19503,1,0,0,10,0,33;135;221;203;206;80;673;142;651;332
1,19660,19732,1,0,0,7,2,3;14;466;444;125;723;876
1,19559,19645,1,0,0,8,1,104;115;97;100;567;64;545;226
1,19266,19330,1,0,0,12,1,220;46;18;178;397;408;390;393;267;860;334;838
0,19249,19302,1,0,0,12,0,237;46;35;195;414;425;407;410;284;877;334;855
1,19282,19368,1,15,0,12,2,204;46;2;162;381;392;374;377;251;844;334;822
0,19275,19348,1,0,0,12,0,207;46;9;169;388;399;381;384;258;851;334;829
0,19291,19368,1,0,0,11,0,195;46;84;372;383;365;368;242;835;332;813
0,19286,19337,1,0,0,11,0,200;46;84;377;388;370;373;247;840;334;818
0,19312,19394,1,0,0,11,0,147;46;84;351;362;344;347;221;814;311;792
1,19295,19346,1,0,0,11,1,191;46;84;368;379;361;364;238;831;328;809
1,27806,28078,1,0,0,11,7,137;356;55;154;327;4;642;585;418;426;520
1,27864,28160,1,0,0,10,7,129;295;26;96;269;584;527;360;368;487
1,27916,27994,1,0,0,10,1,77;57;44;217;532;475;308;316;435;889
1,27942,28225,1,0,0,10,7,51;57;18;191;506;449;282;290;398;863
1,27643,27879,1,0,0,9,5,344;519;247;317;490;167;805;748;581
1,27752,27840,1,0,0,11,1,137;410;138;208;381;58;696;639;472;480;599
1,27792,27847,1,0,0,11,1,137;370;92;168;341;18;656;599;432;440;559
1,27795,27872,1,0,0,11,1,137;367;92;165;338;15;653;596;429;437;520
1,27994,28054,1,0,0,8,2,57;19;442;397;230;226;357;811
0,27999,28054,1,0,0,8,0,57;19;420;392;225;226;352;806
1,28042,28121,1,0,0,8,4,57;19;406;349;182;190;309;763
1,28043,28101,1,0,0,8,2,46;19;405;348;181;189;308;762
1,27958,28015,1,0,0,10,2,35;57;2;19;490;433;266;274;393;847
1,27972,28048,1,0,0,9,3,11;57;19;476;419;252;260;379;833
1,27973,28041,1,0,0,9,3,11;57;19;452;418;251;259;378;832
1,27979,28060,1,0,0,9,1,11;57;19;442;412;245;253;372;826
1,27364,27617,1,0,0,9,3,144;629;88;798;526;596;769;446;1060
1,27348,27405,1,0,0,9,1,144;645;104;814;542;612;785;462;1100
1,27401,27485,1,0,0,9,2,144;344;51;761;289;559;732;409;1047
1,27368,27651,1,0,0,9,5,144;625;84;794;289;592;765;442;1060
0,27199,27274,1,0,0,10,0,26;35;332;108;794;253;963;691;761;934
1,27196,27248,1,0,0,10,1,26;68;332;111;797;256;966;694;764;937
0,27323,27399,1,0,0,9,0,144;670;129;839;567;637;810;487;1125
1,27227,27428,1,0,0,10,3,26;35;332;80;766;225;935;663;733;906
1,27569,27867,1,0,0,9,6,344;593;289;391;564;241;879;822;655
1,27558,27772,1,0,0,10,4,8;344;604;289;402;575;252;890;833;666
1,27583,27655,1,15,0,9,2,344;579;267;377;550;227;865;808;641
1,27577,27850,1,0,0,9,6,344;585;277;383;556;233;871;814;647
0,27496,27577,1,0,0,9,0,70;344;666;289;464;637;314;952;895
1,27454,27509,1,0,0,9,1,112;344;708;289;506;679;356;994;937
0,27519,27572,1,0,0,9,0,47;344;643;289;441;614;291;929;872
0,27499,27563,1,16,0,9,0,67;344;663;289;461;634;311;949;892
0,28631,28685,1,0,0,11,0,39;97;128;181;201;631;228;617;704;652;535
1,28642,28728,1,0,0,11,1,39;86;128;170;190;620;222;606;693;641;524
1,28610,28876,1,0,0,11,7,53;118;323;182;222;652;228;638;725;673;556
1,28613,28877,1,0,0,11,6,39;115;320;182;219;649;228;635;722;670;553
1,28603,28672,1,0,0,11,3,53;125;330;209;229;659;228;645;732;680;563
0,28610,28665,1,0,0,11,0,39;118;323;182;222;652;228;638;725;673;556
1,28547,28623,1,0,0,10,1,54;176;386;265;285;715;317;701;788;736
1,28599,28680,1,0,0,11,1,53;129;334;213;233;663;265;649;736;684;567
1,28902,28962,1,0,0,9,2,31;360;346;433;381;264;405;825;612
1,28944,29179,1,0,0,8,5,318;304;391;339;222;363;803;570
1,28825,29084,1,0,0,9,7,108;7;437;39;423;510;458;341;482
1,28882,28968,1,0,0,9,2,51;380;366;453;401;284;425;865;632
1,28725,28787,1,0,0,12,1,39;3;128;87;107;537;139;523;610;558;441;582
1,28726,28807,1,0,0,12,2,39;2;128;86;106;536;127;522;609;557;440;581
0,28661,28745,1,0,0,11,0,39;67;128;151;171;601;203;587;674;622;505
1,28678,28755,1,0,0,12,1,39;50;128;134;154;584;186;570;657;605;488;629
1,28232,28297,1,0,0,8,1,187;159;0;119;573;496;701;580
1,28227,28501,1,0,0,8,4,221;164;5;124;578;501;706;585
0,28199,28282,1,15,0,9,0,249;192;25;33;152;606;529;734;613
1,28174,28233,1,0,0,9,1,274;217;50;40;177;631;554;759;638
1,28169,28466,1,0,0,9,4,279;222;55;63;182;636;559;764;643
1,28137,28387,1,0,0,9,7,25;311;254;87;95;214;668;591;796
1,28074,28130,1,0,0,8,2,46;19;372;317;150;152;277;731
1,28070,28150,1,0,0,8,1,46;19;372;321;154;162;281;735
1,28530,28589,1,0,0,9,3,275;198;403;282;302;732;334;718;805
1,28530,28801,1,0,0,9,6,275;176;403;282;302;732;334;718;805
1,28489,28554,1,0,0,9,1,288;212;444;323;343;773;375;759;846
1,28484,28552,1,0,0,9,3,288;244;449;328;348;778;380;764;851
1,28346,28593,1,16,0,8,4,102;45;5;314;382;587;386;486
1,28338,28558,1,0,0,8,3,110;53;13;465;390;595;386;494
1,28320,28409,1,0,0,8,3,128;71;31;485;408;613;386;512
1,28283,28532,1,0,0,7,1,165;108;68;522;445;650;529
1,29050,29120,1,0,0,9,2,181;198;285;233;116;257;697;464;695
1,29011,29240,1,0,0,8,5,181;237;324;272;155;296;736;503
1,29099,29171,1,0,0,10,1,163;149;236;184;67;208;648;415;646;660
0,29068,29133,1,0,0,10,0,181;163;267;215;98;239;679;446;677;691
0,29149,29203,1,0,0,10,0,113;99;186;134;17;158;598;365;596;610
0,29132,29210,1,0,0,10,0,130;116;203;151;34;175;615;382;613;627
1,29207,29294,1,0,0,9,3,55;41;128;76;100;540;307;538;552
1,29153,29223,1,0,0,10,1,109;95;182;130;13;154;594;361;592;606
0,29266,29323,1,0,0,7,0,33;17;41;481;248;479;493
1,29224,29500,1,0,0,9,4,38;24;111;59;83;523;290;521;535
0,29299,29362,1,0,0,6,0,33;8;343;215;446;460
1,29290,29522,1,0,0,6,4,33;17;457;224;455;469
1,29370,29572,1,0,0,5,3,343;144;374;389;648
1,29333,29390,1,0,0,6,1,2;343;181;412;426;685
1,29393,29467,1,0,0,5,1,343;121;337;366;625
1,29393,29482,1,0,0,5,2,343;121;317;366;625
0,24389,24451,1,0,0,8,0,109;421;9;344;175;381;503;881
0,24355,24408,1,0,0,8,0,110;442;43;378;209;415;537;915
1,24443,24687,1,0,0,9,6,55;367;290;121;327;449;827;719;602
1,24413,24481,1,0,0,9,3,85;397;320;151;357;479;857;749;632
1,24274,24338,1,0,0,7,1,131;536;124;419;290;496;618
1,24263,24470,1,0,0,7,5,136;547;135;419;301;507;629
1,24345,24404,1,0,0,8,1,110;465;53;388;219;425;547;925
1,24302,24376,1,15,0,7,2,126;508;96;419;262;468;590
1,24146,24419,1,0,0,7,5,64;319;575;252;587;418;624
1,24146,24396,1,0,0,7,5,64;183;575;252;587;418;624
1,24257,24323,1,0,0,7,2,136;553;141;476;307;513;635
1,24184,24407,1,0,0,7,4,26;156;575;214;549;380;586
1,24111,24358,1,0,0,8,6,29;99;319;699;287;622;453;659
1,24106,24192,1,0,0,8,1,34;104;392;704;292;627;458;664
0,24135,24192,1,0,0,8,0,5;75;319;575;263;598;429;635
1,24119,24327,1,0,0,8,4,8;91;319;691;279;614;445;651
1,23934,23993,1,0,0,5,1,206;39;276;564;876
1,24017,24276,1,0,0,6,4,123;193;481;793;381;716
1,24041,24112,1,0,0,7,1,99;169;457;769;357;692;523
0,24041,24115,1,0,0,7,0,46;169;457;769;357;692;523
1,23744,23826,1,0,0,6,2,18;396;229;163;466;105
0,23763,23835,1,0,0,5,0,377;210;147;447;86
1,23780,23844,1,0,0,6,2,360;193;130;430;69;718
1,23781,24039,1,0,0,6,3,359;185;129;429;68;717
0,23652,23724,1,0,0,6,0,70;488;321;239;558;197
1,23698,23779,1,0,0,6,1,64;442;275;212;512;151
1,23710,23796,1,0,0,6,1,52;427;263;200;500;139
1,23720,23801,1,0,0,6,1,42;420;253;163;490;129
1,23542,23606,1,0,0,6,2,70;585;431;368;668;307
0,23586,23644,1,0,0,6,0,70;554;387;324;624;263
0,23591,23648,1,0,0,6,0,70;549;382;319;619;258
1,23612,23698,1,0,0,6,1,70;528;361;298;598;237
1,25450,25513,1,0,0,6,1,62;554;143;609;262;314
1,25429,25496,1,0,0,5,1,83;575;164;659;269
1,25403,25483,1,0,0,5,1,109;601;190;685;309
0,25379,25430,1,0,0,6,0,3;133;625;214;709;333
0,25372,25428,1,0,0,6,0,10;140;632;221;716;340
1,25282,25530,1,0,0,6,6,80;230;722;311;806;430
1,25206,25279,1,0,0,7,1,60;80;8;306;782;387;882
1,25201,25405,1,0,0,7,3,60;181;13;311;782;392;887
1,25197,25270,1,0,0,7,1,73;185;17;315;782;396;891
0,25174,25224,1,0,0,7,0,96;208;40;338;782;419;914
1,25167,25243,1,0,0,7,1,103;215;47;345;837;426;921
1,25123,25185,1,0,0,7,1,147;39;259;91;389;881;470
0,25086,25175,1,0,0,6,0,184;44;296;128;426;918
1,25018,25102,1,0,0,6,2,185;49;27;364;196;494
0,24964,25014,1,0,0,7,0,185;49;81;418;46;250;548
0,24951,25001,1,0,0,7,0,185;49;94;431;59;263;561
0,24904,24989,1,0,0,7,0,366;49;141;478;106;310;608
1,24927,25158,1,0,0,7,3,343;49;118;455;83;287;585
0,24847,24905,1,0,0,8,0,45;423;315;198;535;163;367;665
1,24898,25153,1,0,0,7,4,372;264;147;484;112;316;614
1,24743,24796,1,0,0,9,1,67;27;131;527;419;302;639;267;471
0,24765,24815,1,0,0,9,0,45;5;107;505;397;280;617;245;449
1,24682,24746,1,0,0,10,1,115;51;88;131;588;480;363;700;328;532
0,24732,24794,1,0,0,10,0,78;1;38;131;538;430;313;650;278;482
1,24665,24740,1,0,0,10,3,145;68;105;227;605;497;380;717;345;549
1,24678,24763,1,0,0,10,2,115;55;92;214;592;484;367;704;332;536
1,24570,24636,1,0,0,10,1,153;125;200;322;700;592;475;812;440;644
1,24607,24660,1,0,0,10,1,153;116;163;285;663;555;438;775;403;607
1,24559,24622,1,0,0,11,1,153;145;5;211;333;711;603;486;823;451;655
0,24564,24645,1,0,0,11,0,153;125;0;206;328;706;598;481;818;446;650
1,24446,24686,1,0,0,9,3,8;364;287;118;324;446;824;716;599
1,24551,24634,1,0,0,10,2,153;182;13;219;341;719;611;494;831;459
0,26219,26301,1,0,0,7,0,97;13;66;250;86;15;617
1,26204,26256,1,0,0,7,1,112;13;96;250;101;30;632
0,26342,26392,1,0,0,4,0,7;250;494;696
0,26303,26361,1,0,0,5,0,13;13;250;2;533
0,26407,26490,1,16,0,3,0,250;429;631
0,26387,26450,1,0,0,3,0,250;449;651
0,26452,26517,1,0,0,3,0,222;384;586
1,26407,26617,1,0,0,3,1,250;429;631
1,26043,26117,1,0,0,8,1,45;187;125;306;231;631;262;191
1,26038,26094,1,0,0,8,1,50;187;130;311;262;636;267;196
1,26060,26333,1,0,0,8,4,28;187;108;92;231;568;245;174
1,26050,26346,1,0,0,8,3,38;187;118;299;231;568;255;184
1,26127,26187,1,0,0,8,1,182;41;92;160;547;178;107;709
1,26114,26175,1,0,0,7,1,182;54;92;186;560;191;120
1,26196,26495,1,0,0,7,2,120;13;104;478;109;38;640
1,26172,26259,1,0,0,7,3,144;13;128;502;133;62;664
0,25776,25841,1,0,0,8,0,228;312;540;392;573;524;898;529
1,25836,25896,1,0,0,9,1,168;252;480;332;513;464;838;469;398
1,25894,25968,1,0,0,9,1,110;194;422;274;455;406;780;411;340
1,25896,25959,1,0,0,9,1,108;192;420;272;453;393;778;409;338
1,25916,26122,1,0,0,9,6,88;172;400;252;433;377;758;389;318
1,25994,26248,1,0,0,9,4,10;94;322;174;355;306;680;311;240
0,26001,26070,1,0,0,9,0,3;87;187;167;348;299;673;304;233
0,26026,26093,1,0,0,8,0,62;187;142;323;274;648;279;208
0,25455,25518,1,0,0,6,0,57;549;138;607;257;309
1,25465,25718,1,0,0,6,4,47;539;128;607;247;299
0,25553,25611,1,0,0,5,0,451;40;535;159;211
1,25555,25618,1,0,0,5,1,449;38;533;157;209
0,25614,25683,1,0,0,7,0,390;474;98;150;702;554;735
0,25680,25746,1,0,0,8,0,324;408;32;84;636;488;669;620
1,25716,25958,1,0,0,7,4,288;372;48;600;452;633;584
0,25764,25853,1,0,0,8,0,240;324;0;552;404;585;536;910
0,27039,27099,1,0,0,9,0,75;189;527;268;34;954;413;1123;851
1,27027,27092,1,0,0,10,1,11;75;189;539;280;82;966;425;1135;863
0,27016,27086,1,0,0,10,0,22;75;189;550;291;93;977;436;1146;874
1,26996,27083,1,0,0,8,2,42;75;189;570;311;113;997;456
1,27167,27447,1,0,0,9,5,62;97;332;140;826;285;995;723;793
0,27085,27141,1,0,0,9,0,62;179;332;222;24;908;367;1077;805
1,27080,27285,1,0,0,9,4,75;184;332;227;29;913;372;1082;810
1,27049,27347,1,0,0,9,4,75;189;517;258;34;944;403;1113;841
1,26841,27111,1,16,0,7,3,83;280;126;423;725;466;268
1,26819,27104,1,0,0,8,5,7;83;471;148;445;747;488;290
1,26812,26874,1,0,0,8,1,7;101;471;155;452;754;495;297
1,26804,27028,1,0,0,8,2,7;234;471;163;460;762;503;305
1,26962,27257,1,0,0,8,6,68;257;5;189;604;345;147;1031
0,26960,27013,1,0,0,8,0,68;257;7;189;606;347;149;1033
1,26917,26977,1,0,0,7,2,83;257;50;189;649;390;192
1,26877,27175,1,0,0,7,4,83;257;90;387;689;430;232
1,26606,26848,1,0,0,5,3,18;230;432;701;361
1,26606,26684,1,0,0,5,2,18;7;432;701;361
0,26590,26666,1,0,0,5,0,54;246;441;717;377
1,26602,26838,1,0,0,5,2,54;234;436;705;365
1,26770,27066,1,0,0,8,6,7;268;537;197;494;796;537;339
1,26788,26853,1,0,0,8,1,7;250;519;179;476;778;519;321
0,26696,26784,1,0,0,5,0,7;342;611;271;568
0,26728,26790,1,15,0,7,0,7;310;579;239;536;838;579
1,26513,26600,1,0,0,4,1,161;323;525;794
1,26518,26803,1,0,0,5,2,156;318;441;789;449
1,26459,26533,1,0,0,3,1,215;377;579
0,26510,26566,1,0,0,4,0,164;326;528;797
0,26524,26591,1,0,0,5,0,54;302;441;783;443
1,26530,26601,1,0,0,5,2,54;302;441;777;437
1,26520,26592,1,0,0,5,1,54;316;441;787;447
0,26523,26573,1,0,0,5,0,54;302;441;784;444
1,7568,7644,1,0,0,9,1,308;164;197;725;688;490;625;758;612
1,7555,7809,1,0,0,9,5,321;177;420;725;701;503;638;771;625
1,7597,7670,1,0,0,9,2,279;135;197;725;659;461;596;729;583
1,7570,7657,1,0,0,9,2,306;162;197;725;686;488;623;756;602
0,7434,7520,1,0,0,5,0,442;298;541;892;822
0,7405,7480,1,0,0,5,0,451;327;570;921;851
0,7518,7568,1,0,0,7,0,358;214;457;725;738;540;675
1,7450,7656,1,0,0,6,1,426;282;525;876;806;608
0,7294,7372,1,0,0,5,0,35;451;438;681;1032
0,7239,7295,1,0,0,6,0,12;35;451;493;736;1087
0,7335,7414,1,15,0,5,0,22;451;397;640;991
0,7299,7370,1,0,0,5,0,35;451;433;676;1027
0,7214,7272,1,0,0,6,0,37;35;662;518;761;1112
0,7115,7170,1,0,0,4,0,101;35;761;617
1,7234,7525,1,0,0,6,4,17;35;642;498;741;1092
0,7220,7284,1,0,0,6,0,31;35;656;512;755;1106
1,7801,7878,1,0,0,9,2,75;35;525;455;257;392;525;379;796
1,7810,7892,1,0,0,9,3,58;35;516;446;248;383;516;370;787
1,7851,7926,1,0,0,9,3,25;35;475;405;207;342;475;329;746
1,7857,7921,1,0,0,9,1,4;35;469;399;201;336;469;323;740
1,7741,8017,1,0,0,9,8,135;55;576;515;317;452;585;439;856
1,7752,7816,1,0,0,9,1,109;55;574;504;306;441;574;428;845
1,7754,7825,1,0,0,9,1,109;35;572;502;304;439;572;426;843
0,7759,7811,1,0,0,9,0,109;35;567;497;299;434;567;408;838
0,7620,7704,1,0,0,9,0,215;112;197;706;636;438;573;706;560
1,7622,7891,1,0,0,9,5,215;110;197;704;634;436;571;704;558
1,7684,7758,1,0,0,10,1,192;48;197;601;572;374;509;642;496;913
1,7716,8002,1,0,0,10,8,160;16;197;576;540;342;477;610;464;881
0,7608,7678,1,0,0,9,0,247;124;197;718;648;450;585;718;572
1,7609,7840,1,0,0,9,6,247;123;197;717;647;449;584;717;571
0,7618,7680,1,0,0,9,0,215;114;197;708;638;440;575;708;562
0,7618,7674,1,0,0,9,0,215;114;197;708;638;440;575;708;562
0,6631,6685,1,16,0,7,0,275;266;211;73;170;620;450
1,6611,6677,1,0,0,7,1,275;266;231;134;190;640;470
1,6595,6669,1,0,0,8,1,10;275;303;236;150;206;656;486
0,6593,6645,1,0,0,8,0,12;275;305;236;152;208;658;488
0,6583,6650,1,0,0,8,0,22;275;315;236;162;218;668;498
1,6561,6616,1,0,0,9,1,8;44;275;337;281;184;240;690;520
1,6486,6775,1,15,0,8,6,16;57;515;412;356;259;315;765
1,6427,6651,1,0,0,9,5,35;16;178;574;54;471;415;318;374
1,6388,6443,1,0,0,9,1,60;16;217;30;613;93;510;454;357
1,6373,6601,1,0,0,9,6,89;16;232;45;628;108;525;469;372
1,6355,6556,1,0,0,9,4,107;214;250;63;637;126;543;487;390
1,6292,6378,1,0,0,9,1,170;277;313;126;709;189;606;550;453
1,6146,6365,1,0,0,10,7,33;301;423;459;272;855;335;752;696;599
1,6117,6414,1,0,0,12,9,14;62;335;13;452;488;301;884;364;781;725;628
1,6117,6173,1,0,0,12,1,14;62;301;13;452;488;301;884;364;781;725;628
1,6082,6159,1,0,0,12,3,49;90;354;48;487;523;336;919;399;816;760;663
1,7055,7126,1,0,0,5,1,101;26;302;821;677
1,7094,7342,1,0,0,4,2,101;263;782;638
1,7003,7061,1,0,0,5,1,248;78;354;873;729
1,7037,7336,1,0,0,5,4,214;44;320;839;695
1,6946,7002,1,0,0,5,1,55;305;135;411;930
1,6949,7214,1,0,0,5,3,52;302;132;360;927
0,6859,6937,1,0,0,5,0,142;18;392;222;498
0,6940,7001,1,0,0,5,0,61;311;141;417;936
1,6834,6907,1,0,0,6,1,167;18;8;417;247;523
1,6835,6913,1,0,0,6,1,142;18;7;416;246;522
0,6773,6823,1,0,0,7,0,228;18;69;28;478;308;584
1,6776,6839,1,0,0,7,1,225;18;66;25;475;305;581
1,6741,6960,1,0,0,8,3,260;157;101;4;60;510;340;616
0,6754,6809,1,0,0,7,0,247;18;88;47;497;327;603
0,6668,6748,1,0,0,7,0,275;230;174;73;133;583;413
1,6718,6769,1,0,0,8,1,275;180;124;27;83;533;363;639
0,5597,5673,1,0,0,9,0,24;534;256;349;403;582;456;172;865
1,5593,5682,1,0,0,9,2,31;538;260;353;407;586;460;176;869
1,5629,5899,1,0,0,9,6,7;502;224;317;371;509;424;140;833
1,5619,5674,1,0,0,9,1,17;512;234;327;381;560;434;150;843
1,5734,5807,1,0,0,11,2,358;101;212;266;445;319;35;728;396;835;871
1,5673,5940,1,0,0,10,9,458;101;273;327;506;380;96;789;457;896
1,5775,6054,1,0,0,10,9,197;60;171;225;404;278;687;355;794;830
1,5765,5848,1,0,0,11,3,358;60;181;235;414;288;4;697;365;804;840
0,5309,5372,1,0,0,7,0,110;269;11;822;544;637;691
1,5257,5308,1,0,0,7,1,162;343;63;874;596;689;743
0,5413,5476,1,0,0,9,0,6;171;718;440;533;587;766;640;356
1,5380,5467,1,0,0,8,2,39;256;751;473;566;620;799;673
0,5526,5585,1,0,0,9,0,110;605;327;420;474;653;527;243;936
1,5473,5555,1,0,0,9,2,163;658;380;473;527;706;580;296;989
1,5579,5658,1,0,0,9,2,54;552;274;367;421;600;474;190;883
1,5562,5633,1,0,0,9,2,74;569;291;384;438;617;491;207;900
1,5926,5992,1,0,0,12,2,197;20;74;253;127;494;204;643;679;492;1075;555
1,5936,6020,1,0,0,12,4,195;10;64;217;117;494;194;633;669;482;1065;545
1,5974,6052,1,0,0,11,2,125;26;205;79;488;156;595;631;444;1027;507
1,5983,6196,1,0,0,11,4,125;17;196;70;479;147;586;622;435;1018;498
1,5998,6063,1,0,0,12,1,125;2;181;55;464;132;571;607;420;1003;483;900
0,6011,6069,1,0,0,11,0,120;168;42;427;119;558;594;407;990;470;887
1,6066,6141,1,0,0,12,3,65;113;396;64;503;539;352;935;415;832;776;679
1,6078,6135,1,0,0,12,2,53;101;354;52;491;527;340;923;403;820;764;667
0,5794,5848,1,0,0,10,0,197;48;152;206;385;259;668;336;775;811
1,5819,5900,1,0,0,10,1,197;34;127;181;360;234;643;311;750;786
1,5848,5915,1,0,0,10,1,197;5;98;152;331;205;614;282;721;757
0,5864,5927,1,0,0,9,0,197;82;136;301;189;598;266;705;741
0,5872,5941,1,0,0,9,0,197;74;128;301;181;590;258;697;733
0,5878,5939,1,0,0,9,0,197;68;122;301;175;584;252;691;727
1,5879,6087,1,0,0,9,4,197;67;121;300;174;583;251;690;726
0,5880,5934,1,0,0,9,0,197;66;120;299;173;494;250;689;725
1,4575,4657,1,0,0,5,1,244;105;190;331;844
1,4544,4803,1,0,0,4,2,263;136;310;362
1,4539,4624,1,0,0,3,1,280;141;315
1,4523,4736,1,0,0,4,2,1;296;157;331
1,4647,4725,1,0,0,5,1,172;33;180;259;720
1,4644,4718,1,0,0,5,1,175;36;190;262;720
1,4633,4860,1,0,0,5,1,186;36;190;273;786
1,4624,4698,1,0,0,5,1,195;56;190;282;795
0,4360,4431,1,0,0,10,0,36;158;153;90;68;87;164;416;320;494
1,4343,4567,1,0,0,10,2,53;162;170;107;85;104;181;476;337;511
1,4334,4403,1,0,0,10,3,62;184;179;116;94;113;190;485;346;520
1,4241,4294,1,0,0,10,2,129;213;272;209;187;206;283;578;439;613
0,4503,4581,1,0,0,6,0,15;10;21;316;177;351
1,4433,4707,1,0,0,8,2,85;60;17;14;91;386;231;421
1,4422,4479,1,0,0,9,1,96;60;28;6;25;102;397;258;432
1,4415,4472,1,0,0,9,1,103;98;35;13;32;109;404;265;439
0,5052,5133,1,0,0,4,0,311;584;268;1079
0,5070,5141,1,0,0,5,0,311;566;250;1061;783
1,5030,5114,1,0,0,4,2,336;606;290;1101
1,5036,5267,1,15,0,4,3,312;600;284;1095
0,5217,5275,1,0,0,7,0,202;343;103;914;636;729;783
0,5250,5304,1,0,0,7,0,169;343;70;881;603;696;750
1,5099,5153,1,0,0,6,2,311;537;221;1032;754;847
1,5136,5389,1,0,0,6,3,275;500;184;995;717;810
1,4786,4863,1,0,0,5,1,33;68;120;379;850
0,4792,4864,1,0,0,5,0,27;58;114;379;844
0,4782,4838,1,0,0,5,0,37;72;124;637;854
1,4785,5079,1,0,0,5,2,34;69;121;634;851
1,4936,5146,1,0,0,2,2,379;700
0,4939,4995,1,0,0,2,0,336;697
0,4866,4954,1,0,0,3,0,40;379;770
0,4934,5005,1,0,0,2,0,379;702
1,3662,3738,1,0,0,9,2,232;24;64;265;31;494;339;734;856
1,3681,3916,1,0,0,9,3,213;5;45;246;18;475;320;715;837
1,3683,3736,1,0,0,9,2,211;3;43;244;16;453;318;713;835
1,3702,3777,1,0,0,8,2,192;24;225;453;299;694;816;811
1,3590,3880,1,0,0,8,5,304;96;136;337;109;566;408;806
1,3616,3669,1,0,0,8,1,278;70;110;311;83;540;385;780
1,3628,3700,1,0,0,9,2,266;58;98;299;31;528;373;768;890
1,3638,3711,1,0,0,9,1,256;48;88;289;31;504;363;758;880
0,3845,3929,1,0,0,9,0,49;65;231;156;551;673;668;605;583
1,3864,4117,1,0,0,11,7,30;63;231;137;532;654;649;586;564;583;660
1,3868,3934,1,0,0,11,2,9;59;231;133;528;650;645;582;560;579;656
1,3915,3990,1,0,0,10,1,12;231;86;481;603;598;521;513;532;609
1,3720,4019,1,0,0,8,4,174;6;207;390;281;676;798;793
1,3728,3814,1,0,0,7,1,166;199;231;273;668;790;785
1,3786,3871,1,0,0,7,2,108;141;231;215;610;732;727
1,3822,4075,1,0,0,7,3,72;105;231;179;574;696;691
1,4022,4102,1,0,0,11,1,134;374;496;491;428;406;425;502;797;631;832
1,4015,4103,1,0,0,11,1,141;381;503;498;435;413;432;509;804;665;839
1,4051,4110,1,0,0,11,2,101;345;467;462;399;377;396;473;768;614;803
1,4049,4250,1,0,0,11,5,107;347;469;464;401;379;398;475;770;614;805
0,3969,4025,1,0,0,10,0,187;32;427;549;544;481;459;478;555;850
1,3929,3980,1,0,0,10,2,227;72;467;589;584;521;499;518;595;890
1,3987,4067,1,0,0,11,2,169;14;409;531;526;463;441;460;537;832;693
1,3971,4025,1,0,0,10,2,185;30;425;547;542;479;457;476;553;848
1,4118,4368,1,0,0,11,7,38;129;400;395;332;310;329;406;701;562;736
0,4118,4182,1,0,0,11,0,38;129;213;395;332;310;329;406;701;562;736
1,4167,4254,1,0,0,10,2,129;213;346;283;261;280;357;652;513;687
0,4147,4220,1,0,0,11,0,9;129;213;366;303;281;300;377;672;533;707
1,4074,4159,1,0,0,11,1,82;183;444;439;376;354;373;450;745;606;780
1,4061,4328,1,0,0,11,10,95;335;457;452;389;367;386;463;758;614;793
1,4083,4335,1,0,0,11,6,73;143;435;430;367;345;364;441;736;581;771
1,4079,4330,1,0,0,11,7,77;183;439;434;371;349;368;445;740;581;775
1,2642,2915,1,0,0,12,7,75;188;468;476;301;285;252;777;465;716;380;502
1,2700,2767,1,0,0,12,1,17;130;410;229;243;227;194;719;447;658;322;444
1,2544,2624,1,0,0,13,2,16;173;237;1;534;574;399;383;350;875;603;814;478
1,2638,2725,1,0,0,12,1,79;192;472;480;305;289;256;781;509;720;384;506
1,2515,2592,1,0,0,13,1,57;190;237;30;552;603;428;412;379;904;632;843;507
1,2528,2615,1,0,0,13,2,57;189;237;17;534;590;415;399;366;891;619;830;494
1,2500,2718,1,0,0,13,7,57;190;330;45;589;618;443;427;394;919;647;858;522
1,2512,2792,1,0,0,13,8,57;190;318;33;552;606;431;415;382;907;635;846;510
1,3104,3165,1,0,0,12,4,6;14;315;43;254;40;344;790;582;622;422;823
0,3123,3187,1,0,0,10,0,296;24;235;21;325;771;563;603;403;804
1,3070,3146,1,0,0,12,2,31;48;349;77;288;74;378;824;616;656;456;857
0,3086,3142,1,0,0,12,0,15;32;333;61;272;58;362;808;600;640;440;841
0,3026,3090,1,0,0,11,0,84;92;393;121;332;118;422;868;660;700;500
1,3042,3098,1,0,0,12,2,68;76;377;105;316;102;406;852;644;684;484;885
0,2872,2948,1,15,0,12,0,238;229;71;55;22;547;275;486;150;272;576;1022
0,2925,2995,1,0,0,11,0,185;193;18;2;494;222;433;97;219;523;969
1,3403,3612,1,0,0,10,5,16;45;491;264;323;123;524;296;753;598
1,3385,3460,1,0,0,10,1,34;63;509;301;341;141;542;314;771;616
1,3310,3580,1,0,0,10,7,109;48;128;584;376;416;216;617;389;846
1,3304,3378,1,0,0,10,2,115;54;144;590;382;422;222;623;395;852
1,3238,3313,1,0,0,9,1,181;120;210;656;448;488;288;689;461
1,3186,3267,1,0,0,9,1,233;172;262;708;495;540;340;741;513
0,3161,3236,1,0,0,8,0,258;197;287;733;495;565;365;766
1,3158,3244,1,0,0,8,1,261;200;290;736;528;568;368;769
1,3555,3642,1,0,0,8,2,339;131;171;372;144;566;408;841
1,3549,3624,1,0,0,8,1,345;137;177;378;150;566;452;847
1,3544,3618,1,0,0,8,2,350;142;182;383;155;612;457;852
0,3538,3588,1,0,0,8,0,356;148;188;389;161;618;463;858
1,3509,3598,1,0,0,9,1,385;177;217;17;418;190;647;492;887
1,3466,3725,1,0,0,9,6,423;220;260;60;461;233;690;535;930
1,3426,3514,1,0,0,10,3,22;424;260;300;100;501;273;730;575;970
1,3407,3457,1,0,0,10,2,12;41;424;264;319;119;520;292;749;594
1,1688,1973,1,0,0,4,3,607;464;545;268
1,1694,1911,1,0,0,4,1,467;458;539;262
1,1728,1983,1,0,0,5,3,467;424;405;228;275
0,1750,1810,1,0,0,7,0,350;402;405;206;253;688;473
1,1860,1942,1,0,0,8,1,350;292;373;96;143;578;363;460
1,1868,1939,1,0,0,8,1,350;284;361;88;135;570;355;452
1,1878,2172,1,0,0,9,5,350;274;355;42;125;560;345;442;709
1,1884,1937,1,0,0,9,1,350;268;339;42;119;554;339;436;703
1,1972,2056,1,0,0,11,1,323;180;261;31;466;251;348;615;745;858;573
1,1991,2076,1,0,0,11,1,304;161;242;12;447;232;329;596;726;839;554
1,2036,2307,1,0,0,11,6,259;116;197;402;164;284;551;681;794;509;1074
0,2044,2110,1,0,0,11,0,243;108;189;394;164;276;543;673;786;501;1066
1,2062,2358,1,0,0,12,9,233;90;171;376;161;258;525;655;768;483;1048;1056
1,2070,2131,1,0,0,12,1,109;82;163;368;153;250;517;647;760;475;1040;1048
1,2076,2144,1,0,0,12,2,109;76;157;362;133;244;511;641;754;469;1034;1042
1,2077,2129,1,0,0,12,2,109;75;154;361;133;243;510;640;753;468;1033;1041
1,2111,2188,1,0,0,14,2,109;41;122;327;112;209;476;606;719;434;999;1007;369;832
1,2092,2170,1,0,0,13,2,109;60;136;346;131;228;495;625;738;453;1018;1026;388
0,2192,2259,1,0,0,14,0,99;41;246;31;128;395;525;638;353;918;926;288;751;735
1,2170,2429,1,0,0,13,8,109;63;268;53;150;417;547;660;375;940;948;310;773
1,2266,2333,1,0,0,13,1,29;172;54;321;451;564;279;844;852;214;677;661;628
1,2202,2498,1,0,0,14,9,93;31;236;21;118;385;515;628;343;908;916;278;741;725
0,2299,2351,1,0,0,12,0,139;21;288;418;531;246;811;819;181;644;628;562
0,2297,2381,1,0,0,12,0,141;23;290;420;533;248;813;821;183;646;630;562
1,2323,2564,1,0,0,11,7,115;264;394;507;222;787;795;157;620;604;562
0,2322,2373,1,0,0,11,0,116;265;395;508;223;788;796;158;621;605;562
0,2435,2492,1,0,0,12,0,3;82;282;395;110;675;683;45;508;492;459;984
1,2377,2428,1,0,0,11,1,61;82;340;453;168;733;741;103;566;550;517
1,2471,2557,1,0,0,13,1,82;245;359;74;639;647;9;472;456;423;948;676;887
1,2445,2499,1,0,0,11,1,82;272;385;100;665;673;35;498;482;449;974
1,2481,2749,1,0,0,12,8,82;190;349;64;589;637;462;446;413;938;666;877
1,2474,2549,1,0,0,13,2,82;243;356;71;589;644;6;469;453;420;945;673;884
1,591,853,1,0,0,4,3,51;1;41;478
0,621,696,1,0,0,5,0,24;1;11;478;778
0,574,628,1,0,0,3,0,51;1;58
1,582,638,1,0,0,4,1,51;1;50;529
0,718,769,1,0,0,3,0,1;244;681
0,752,802,1,0,0,4,0,1;244;647;820
1,659,869,1,0,0,4,2,0;1;452;740
0,661,731,1,0,0,3,0,1;244;738
0,808,887,1,0,0,3,0,244;591;764
0,866,929,1,0,0,3,0,244;533;706
0,767,992,1,0,0,4,0,1;244;632;805
0,803,889,1,0,0,3,0,244;596;769
0,901,982,1,0,0,4,0,210;498;413;500
1,1076,1342,1,0,0,5,3,35;323;413;325;552
0,884,940,1,0,0,3,0,227;515;688
1,895,1181,1,0,0,4,2,216;504;677;506
1,1152,1441,1,0,0,4,3,247;254;249;476
1,1141,1194,1,0,0,4,1,258;272;260;487
0,1134,1223,1,0,0,4,0,265;272;267;494
0,1102,1167,1,0,0,5,0,9;297;272;299;526
0,1270,1341,1,0,0,4,0,129;226;131;358
1,1208,1431,1,0,0,4,3,191;226;193;420
0,1193,1272,1,0,0,4,0,206;226;208;435
1,1179,1414,1,0,0,4,3,220;236;222;449
0,1460,1543,1,0,0,4,0,112;168;835;692
0,1365,1421,1,0,0,4,0,13;195;36;263
1,1364,1418,1,0,0,4,1,13;208;37;264
1,1353,1427,1,0,0,4,1,46;219;48;275
0,1660,1727,1,0,0,4,0,635;492;573;296
0,1608,1693,1,0,0,4,0,20;687;544;625
0,1604,1660,1,0,0,4,0,24;691;548;629
1,1501,1564,1,0,0,4,1,71;127;794;651
1,15540,15596,1,0,0,15,1,43;35;319;138;480;260;699;542;466;501;747;591;635;779;660
1,15585,15643,1,0,0,15,1,43;35;274;93;435;215;680;497;421;456;702;546;590;734;615
1,15480,15544,1,0,0,14,2,43;35;379;198;39;540;320;785;602;526;561;807;651;695
1,15522,15601,1,0,0,15,1,43;35;337;156;498;278;743;560;484;519;765;609;653;797;678
1,15463,15701,1,0,0,14,10,170;262;396;215;56;557;337;802;619;543;578;824;668;712
1,15468,15727,1,0,0,14,12,170;35;391;210;51;552;332;797;614;538;573;819;663;707
1,15373,15579,1,0,0,12,7,30;292;352;43;486;305;146;647;427;892;709;633
1,15414,15648,1,0,0,15,10,251;311;2;445;264;105;606;386;851;668;592;627;873;717;761
1,15344,15589,1,0,0,13,7,59;2;321;381;72;515;334;175;664;456;921;738;662
0,15371,15426,1,0,0,12,0,32;294;354;45;488;307;148;649;429;894;711;635
1,15327,15568,1,0,0,13,7,8;76;30;338;398;89;532;351;192;693;473;938;755
1,15334,15399,1,0,0,13,1,1;69;2;331;391;82;525;344;185;686;466;931;748
0,15206,15265,1,0,0,10,0,36;197;151;459;417;210;653;472;313;814
0,15268,15329,1,0,0,11,0,36;135;89;397;417;148;591;410;251;752;532
1,15143,15352,1,0,0,10,8,192;260;214;522;582;273;716;535;376;877
1,15151,15365,1,0,0,10,5,36;252;206;514;574;265;708;527;368;869
1,15074,15156,1,0,0,11,2,23;261;329;271;591;651;342;785;604;445;902
1,15068,15140,1,0,0,11,1,29;267;335;271;597;657;348;791;610;451;952
1,15046,15135,1,0,0,12,2,51;1;289;357;311;619;679;370;813;632;473;974
0,15012,15080,1,0,0,10,0,85;35;323;391;345;653;713;404;847;666
0,14968,15022,1,0,0,8,0,129;50;367;435;389;697;757;448
1,14907,15130,1,0,0,8,2,184;50;428;496;450;758;818;509
1,14881,15124,1,0,0,9,7,24;184;54;454;522;476;784;844;535
0,14826,14899,1,0,0,7,0,79;184;54;509;577;531;839
1,14821,15075,1,0,0,7,5,84;184;226;514;582;536;844
0,14818,14871,1,0,0,7,0,87;184;229;517;585;539;847
1,14816,15093,1,0,0,7,4,89;281;231;519;587;541;849
1,14747,14822,1,0,0,6,1,122;350;300;588;656;610
1,14696,14752,1,0,0,7,1,47;122;401;351;639;707;661
1,14692,14773,1,0,0,7,1,51;141;405;355;643;711;665
1,14616,14677,1,0,0,8,1,110;141;4;481;431;719;787;741
1,14570,14816,1,0,0,7,3,38;110;316;50;527;477;765
1,14461,14531,1,0,0,9,1,11;34;147;282;444;159;636;586;874
1,14465,14708,1,0,0,9,5,7;22;143;278;440;155;632;582;870
1,14518,14749,1,0,0,8,3,5;90;225;387;102;579;529;817
1,14562,14833,1,0,0,7,3,46;110;343;58;535;485;773
0,14314,14375,1,0,0,8,0,145;209;294;429;591;306;783;733
0,14383,14462,1,0,0,9,0,89;140;225;360;522;237;714;664;952
1,14393,14479,1,0,0,9,1,79;130;215;350;512;227;704;654;942
1,14401,14687,1,0,0,9,7,33;122;207;342;504;219;696;646;934
0,14233,14301,1,0,0,8,0,239;14;290;375;510;663;387;864
1,14241,14311,1,0,0,9,2,231;6;282;367;502;663;379;856;806
0,14250,14315,1,0,0,8,0,177;273;358;493;655;370;847;797
1,14265,14540,1,0,0,8,7,177;258;343;478;640;355;832;782
1,14172,14230,1,0,0,8,1,300;75;57;351;436;571;733;448
0,14202,14289,1,0,0,9,0,270;45;27;321;406;541;703;418;895
1,14212,14287,1,0,0,9,1,260;35;17;311;396;531;693;408;885
1,14217,14304,1,0,0,9,1,255;30;12;306;391;526;665;403;880
1,14107,14183,1,0,0,8,1,365;140;122;416;501;636;798;513
1,14028,14096,1,0,0,6,1,426;219;161;495;580;715
0,14147,14209,1,0,0,8,0,317;100;82;376;461;596;735;473
1,14117,14203,1,0,0,8,1,355;130;112;406;491;626;735;503
0,13894,13964,1,0,0,6,0,12;578;353;335;629;714
1,13885,14130,1,0,0,6,6,142;587;362;344;638;723
1,14017,14088,1,0,0,6,1,10;426;230;212;506;591
1,13979,14048,1,0,0,6,1,12;493;268;250;544;629
0,13688,13769,1,0,0,5,0,36;339;784;559;541
1,13652,13707,1,0,0,6,2,29;21;36;375;820;595
0,13835,13902,1,0,0,5,0,192;637;412;394;688
0,13778,13858,1,0,0,5,0,36;249;694;469;451
1,13551,13801,1,0,0,4,3,39;122;266;476
0,13485,13551,1,0,0,6,0,39;6;188;25;332;542
0,13619,13705,1,0,0,6,0,39;23;36;408;853;628
1,13571,13806,1,0,0,5,2,39;23;246;456;901
1,13291,13356,1,0,0,4,2,390;185;382;219
1,13301,13518,1,0,0,4,3,340;185;372;209
1,13196,13248,1,0,0,4,1,485;194;477;314
1,13238,13473,1,0,0,4,3,443;194;435;272
1,13419,13713,1,0,0,5,4,260;72;254;91;398
1,13446,13526,1,0,0,5,1,39;45;227;64;371
1,13394,13474,1,0,0,4,2,287;97;279;116
1,13397,13628,1,0,0,4,2,260;94;276;113
0,13072,13140,1,0,0,3,0,7;578;419
0,13082,13169,1,0,0,2,0,578;409
1,12992,13073,1,0,0,4,1,10;87;578;499
0,13037,13114,1,0,0,3,0,42;578;454
0,13153,13216,1,0,0,3,0,528;338;520
1,13180,13407,1,0,0,4,3,501;311;493;330
0,13112,13171,1,0,0,2,0,569;379
1,13122,13348,1,0,0,2,1,559;369
1,12905,13145,1,0,0,6,3,74;31;97;174;776;586
1,12860,12940,1,0,0,6,1,119;76;142;219;821;631
0,12822,12893,1,0,0,6,0,141;114;180;257;859;669
1,12772,12849,1,0,0,6,2,141;164;230;294;909;719
1,12949,13157,1,0,0,5,1,30;53;123;594;542
1,12948,13004,1,0,0,5,1,31;54;131;594;543
1,12926,13013,1,0,0,6,1,53;10;76;153;594;565
1,12918,13211,1,0,0,6,1,61;18;84;161;763;573
0,12662,12734,1,0,0,4,0,141;272;340;417
1,12625,12890,1,0,0,3,3,354;272;377
0,12615,12681,1,0,0,3,0,364;272;387
1,12519,12596,1,0,0,4,1,460;37;272;483
1,12749,12799,1,0,0,6,1,141;176;253;328;932;742
1,12709,12947,1,0,0,5,2,141;227;293;328;972
1,12701,12757,1,0,0,4,1,141;235;301;378
1,12686,12975,1,0,0,4,2,141;250;316;393
1,12247,12300,1,0,0,8,1,133;10;73;85;522;260;309;689
1,12257,12458,1,0,0,8,3,133;0;63;61;522;250;299;679
1,12310,12555,1,0,0,7,2,133;10;22;517;197;246;626
1,12326,12394,1,0,0,6,1,133;6;517;181;144;610
1,12327,12532,1,0,0,6,3,133;5;517;154;144;609
1,12402,12687,1,0,0,5,1,61;509;105;144;534
1,12435,12507,1,0,0,5,1,28;509;72;121;272
0,12449,12511,1,0,0,6,0,14;509;58;107;272;553
1,12095,12379,1,0,0,9,6,119;127;368;162;225;237;884;412;461
1,12108,12377,1,0,0,9,5,106;114;133;149;212;224;871;399;448
1,12123,12182,1,0,0,9,1,87;99;133;134;197;209;856;384;433
1,12143,12220,1,0,0,9,1,71;79;133;114;177;189;836;340;413
1,12143,12217,1,0,0,9,4,71;79;133;114;177;189;836;301;413
1,12149,12211,1,0,0,9,3,25;73;133;108;171;183;830;301;407
1,12209,12502,1,0,0,10,4,5;13;133;48;111;123;770;298;347;727
1,12231,12282,1,0,0,8,1,133;26;89;101;522;276;325;705
0,11758,11834,1,0,0,9,0,253;456;464;318;14;705;499;562;574
1,11754,11955,1,0,0,9,6,287;460;468;322;18;709;503;566;578
1,11780,12063,1,0,0,8,4,253;434;442;296;683;477;540;552
0,11764,11839,1,0,0,9,0,253;450;458;312;8;699;493;556;568
1,11906,11988,1,0,0,10,1,135;308;316;124;557;351;414;426;1073;601
1,11886,11943,1,0,0,10,1,155;328;336;124;577;371;434;446;1093;621
1,11972,12026,1,0,0,11,2,69;242;250;104;491;285;348;360;1007;535;584
1,11935,12001,1,0,0,11,1,106;279;287;124;528;322;385;397;1044;572;621
0,11521,11574,1,0,0,7,0,124;146;520;693;701;526;251
1,11495,11568,1,0,0,7,1,150;172;546;719;702;581;277
1,11609,11684,1,0,0,8,1,36;58;432;597;613;467;163;854
1,11572,11658,1,0,0,7,2,73;95;469;642;650;504;200
0,11623,11704,1,0,0,8,0,22;44;418;591;599;453;149;804
1,11617,11673,1,0,0,8,1,28;50;424;597;605;459;155;804
1,11722,11795,1,0,0,9,2,319;492;500;354;50;726;535;598;610
1,11702,11774,1,0,0,8,2,339;512;520;374;70;761;555;618
1,11259,11340,1,0,0,7,2,152;182;386;408;782;955;963
0,11254,11319,1,0,0,7,0,157;187;391;413;787;960;968
1,11184,11273,1,0,0,7,2,220;257;461;483;857;1030;1038
0,11173,11244,1,0,0,7,0,220;268;472;494;868;1041;1049
1,11124,11412,1,0,0,8,6,6;44;255;295;521;543;917;1090
1,11102,11160,1,0,0,9,1,3;12;66;255;339;543;565;939;1112
1,11099,11177,1,0,0,9,2,3;31;69;255;342;546;568;942;1115
0,11086,11141,1,0,0,8,0,3;44;82;255;355;559;581;955
0,11491,11546,1,0,0,7,0,154;176;546;723;702;585;281
1,11487,11541,1,0,0,7,1,158;180;546;727;735;589;285
1,11480,11537,1,0,0,7,1,165;187;552;734;742;596;292
1,11446,11501,1,0,0,7,1,199;221;595;768;776;630;326
0,11428,11500,1,0,0,8,0,13;217;239;613;786;794;648;344
0,11369,11453,1,0,0,9,0,42;72;276;298;672;845;853;707;403
0,11369,11440,1,0,0,9,0,42;72;276;298;672;845;853;707;403
1,11307,11373,1,0,0,7,2,104;134;338;360;734;907;915
1,10793,11015,1,0,0,8,3,85;270;56;272;375;618;648;852
0,10900,10986,1,0,0,7,0,148;230;268;511;541;745;767
1,10772,11013,1,0,0,8,4,85;288;77;358;396;639;669;873
1,10787,10871,1,16,0,8,2,85;270;62;343;381;624;654;858
1,10754,10990,1,0,0,8,5,131;288;95;376;414;657;687;891
1,10764,10845,1,0,0,8,1,85;288;85;366;404;647;677;881
0,10707,10784,1,0,0,8,0,178;307;142;423;461;704;734;938
1,10721,10800,1,0,0,8,1,164;307;128;409;447;690;720;924
1,11076,11355,1,0,0,8,6,31;54;92;255;365;569;591;965
0,11077,11156,1,0,0,8,0,3;53;91;255;364;568;590;964
1,11007,11207,1,0,0,7,3,100;85;138;404;434;638;660
0,11044,11095,1,0,0,8,0,63;85;124;255;397;601;623;997
1,10972,11217,1,0,0,7,6,135;158;138;439;469;673;695
0,10988,11038,1,0,0,7,0,119;85;138;423;453;657;679
0,10957,11022,1,0,0,7,0,148;173;211;454;484;688;710
1,10969,11055,1,0,0,7,2,138;161;199;442;472;676;698
0,10295,10346,1,0,0,7,0,57;106;15;440;812;554;835
1,10288,10539,1,0,0,6,2,81;113;15;440;819;561
1,10317,10603,1,0,0,7,3,57;84;15;440;790;532;813
0,10309,10359,1,0,0,7,0,57;92;15;440;798;540;821
0,10228,10285,1,0,0,4,0,83;173;15;657
1,10211,10470,1,0,0,4,1,83;190;273;669
1,10248,10526,1,0,0,4,1,83;153;15;440
1,10237,10450,1,0,0,4,1,83;164;15;648
1,10602,10673,1,0,0,7,1,283;505;247;528;566;809;839
0,10539,10601,1,0,0,6,0,346;521;310;591;629;872
1,10648,10872,1,0,0,8,6,237;307;201;482;520;763;793;997
1,10610,10846,1,0,0,8,4,275;497;239;504;558;801;831;1035
0,10345,10426,1,0,0,8,0,57;56;15;440;521;504;732;823
1,10338,10402,1,15,0,8,2,57;63;15;440;521;511;792;830
1,10483,10572,1,0,0,8,1,24;1;402;521;366;647;685;928
0,10355,10420,1,0,0,8,0,57;46;15;440;521;494;732;813
1,9824,10063,1,0,0,9,4,13;151;318;97;683;577;347;266;660
1,9902,10166,1,0,0,8,3,73;240;19;446;499;269;188;582
0,9966,10031,1,0,0,7,0,9;15;446;435;205;124;518
0,9969,10049,1,0,0,7,0,6;15;446;432;202;121;515
1,9714,10003,1,0,0,10,7,123;46;109;261;428;207;104;793;687;457
1,9760,9833,1,0,0,10,1,36;0;63;215;382;161;58;747;641;411
0,9788,9846,1,0,0,11,0,20;35;187;354;133;30;719;613;383;302;696
0,9802,9883,1,0,0,11,0,20;21;173;340;119;16;705;599;369;288;682
1,10151,10234,1,0,0,5,1,356;250;20;333;734
1,10173,10243,1,0,0,4,1,334;228;311;678
0,10175,10228,1,0,0,4,0,332;226;309;669
1,10182,10431,1,0,0,4,4,325;219;302;669
0,9976,10034,1,0,0,6,0,15;446;425;195;114;508
1,9978,10046,1,0,0,6,1,15;446;423;193;112;506
1,10012,10074,1,0,0,6,1,15;446;389;159;78;441
1,10114,10195,1,16,0,6,1,15;393;287;57;370;771
1,9264,9341,1,0,0,17,2,29;3;80;201;205;213;71;360;324;275;570;496;559;374;331;411;711
1,9232,9308,1,0,0,17,2,61;35;112;233;237;245;103;392;356;307;605;528;591;406;363;443;743
1,9192,9268,1,0,0,18,1,101;22;75;152;14;273;277;262;143;432;396;347;645;568;631;446;403;483
1,9180,9255,1,0,0,18,1,113;34;87;164;26;285;289;297;155;444;408;359;657;580;643;458;415;495
1,9365,9642,1,0,0,14,8,100;104;112;259;223;174;472;395;458;273;230;310;610;777
0,9317,9377,1,0,0,16,0,27;148;152;119;18;290;271;222;520;443;506;321;278;358;658;825
1,9315,9389,1,0,0,16,2,29;150;154;162;20;290;273;224;522;445;508;323;280;360;660;827
0,9291,9366,1,0,0,16,0,2;53;174;178;186;44;290;297;248;546;469;532;347;304;384;684
1,9489,9545,1,0,0,13,1,135;99;50;348;271;334;149;106;186;486;653;425;329
1,9469,9549,1,0,0,15,2,0;8;155;119;70;368;291;354;169;126;206;506;673;452;349
1,9441,9735,1,0,0,16,11,24;19;36;183;147;98;396;319;382;197;154;234;534;701;480;377
1,9392,9453,1,0,0,15,2,73;19;85;232;196;147;445;368;431;246;203;283;583;750;529
0,9708,9794,1,0,0,10,0,129;52;115;267;434;213;110;799;693;463
0,9634,9694,1,0,0,12,0,203;126;189;4;41;341;508;287;184;873;767;537
1,9535,9771,1,0,0,14,8,89;53;4;302;219;288;103;60;140;378;607;386;283;972
1,9527,9598,1,0,0,14,2,97;61;12;310;219;296;111;68;148;448;615;394;291;980
0,8724,8789,1,0,0,13,0,140;442;193;569;490;543;364;620;482;741;745;753;611
1,8727,8778,1,0,0,13,1,137;439;190;566;487;540;361;617;479;738;742;750;608
1,8673,8750,1,0,0,13,1,191;493;244;620;541;594;415;671;533;792;796;804;662
1,8710,8780,1,0,0,13,1,154;456;207;583;504;557;378;634;496;755;759;767;625
1,8839,8921,1,0,0,16,1,25;249;78;454;375;428;249;505;367;626;630;638;496;785;749;700
1,8843,8911,1,0,0,16,1,21;249;74;450;371;424;245;501;363;622;626;622;492;781;745;696
1,8746,8960,1,0,0,14,9,118;420;171;547;468;521;342;598;460;719;723;731;589;878
1,8794,8871,1,0,0,16,2,70;249;123;499;420;473;294;550;412;671;675;683;541;830;794;745
0,9053,9108,1,0,0,17,0,113;240;161;214;35;291;153;412;416;424;282;571;535;486;784;707;770
1,9084,9153,1,0,0,18,4,82;209;130;183;4;260;122;381;385;393;251;540;504;455;753;676;739;554
1,9013,9078,1,0,0,17,3,153;280;201;254;75;331;193;452;456;464;322;611;575;526;824;747;810
1,9044,9095,1,0,0,17,1,122;249;170;223;44;300;162;421;425;433;291;580;544;495;793;716;779
1,9129,9179,1,0,0,17,1,37;164;85;136;215;77;336;340;325;206;495;459;410;708;631;694;509
0,9146,9210,1,0,0,17,0,20;147;68;121;198;60;319;323;323;189;478;442;393;691;614;677;492
1,9109,9164,1,0,0,17,1,57;184;105;158;235;97;356;360;368;226;515;479;430;728;651;714;529
1,9123,9206,1,0,0,17,1,43;170;91;136;221;83;342;346;354;212;501;465;416;714;637;700;515
0,8349,8399,1,0,0,5,0,78;515;817;568;944
1,8337,8565,1,0,0,4,4,78;527;829;580
1,8397,8633,1,0,0,5,2,78;467;769;520;896
0,8388,8450,1,0,0,5,0,78;476;778;529;905
0,8419,8501,1,0,0,6,0,78;356;747;456;874;795
1,8413,8483,1,0,0,5,1,78;356;753;504;880
1,8527,8610,1,0,0,10,2,56;337;639;390;766;687;740;561;817;679
1,8478,8547,1,0,0,9,3,78;356;688;439;815;736;789;610;866
1,8594,8682,1,0,0,13,2,3;270;572;323;699;620;673;494;750;612;871;875;883
1,8549,8636,1,0,0,12,4,48;315;617;368;744;665;680;539;795;657;916;920
1,8617,8903,1,0,0,13,10,243;549;300;676;597;650;471;727;589;848;852;860;718
1,8603,8675,1,0,0,12,3,243;563;314;690;611;664;485;741;603;862;866;874
1,8639,8696,1,0,0,13,2,225;517;278;654;575;628;449;705;567;826;830;838;696
1,8620,8690,1,0,0,13,3,243;517;297;673;594;647;468;724;586;845;849;857;715
1,8673,8761,1,0,0,13,2,191;493;244;620;541;574;415;671;533;792;796;804;662
0,8643,8712,1,0,0,13,0,221;517;251;650;571;624;445;701;563;822;826;834;692
1,7860,7917,1,0,0,9,1,4;35;466;396;198;333;419;320;737
1,7879,8129,1,0,0,8,4,35;447;377;179;314;419;301;718
0,7922,7987,1,0,0,8,0,35;322;334;136;271;404;258;675
1,7989,8054,1,0,0,7,1,322;267;69;204;337;191;608
1,8006,8063,1,0,0,7,1,320;250;52;187;320;174;591
1,8045,8108,1,0,0,7,1,281;211;13;148;281;135;552
1,8147,8388,1,0,0,6,2,179;109;46;179;33;450
1,8149,8230,1,0,0,6,2,177;103;44;177;31;448
1,8201,8270,1,0,0,4,2,125;55;125;396
1,8210,8264,1,0,0,4,2,113;46;116;387
0,8266,8331,1,0,0,4,0,60;60;331;598
0,8270,8327,1,0,0,4,0,56;56;327;594
0,8270,8342,1,0,0,4,0,56;56;327;594
0,8306,8357,1,0,0,6,0,20;20;291;558;860;611
0,8314,8370,1,0,0,6,0,12;12;283;550;852;603
1,8330,8624,1,0,0,4,4,267;534;836;587
0,408,486,1,1,0,4,0,51;304;224;164
0,420,507,1,0,0,4,0,51;304;212;152
1,358,617,1,1,0,4,4,301;304;274;214
0,363,440,1,1,0,4,0,51;304;269;209
0,540,772,1,0,0,4,0,51;259;92;32
1,550,810,1,0,0,4,1,51;249;82;22
1,427,513,1,1,0,4,2,51;304;205;145
0,526,609,1,0,0,4,0,51;273;106;46
0,224,292,1,0,0,4,0,337;575;405;348
1,229,517,1,1,0,4,4,337;570;403;343
0,203,282,1,0,0,4,0,341;596;405;369
1,210,412,1,0,0,4,3,341;589;405;362
1,291,356,1,6,0,4,1,330;304;341;281
0,323,412,1,0,0,4,0,330;304;309;249
1,231,521,1,1,0,4,3,335;568;401;341
1,255,334,1,2,0,4,2,335;304;377;317
0,19,70,1,0,0,1,0,640
0,18,97,1,0,0,1,0,641
0,14,83,1,0,0,1,0,645
0,0,80,1,0,0,0,0,
1,195,401,1,1,0,4,3,464;604;405;377
1,135,406,1,0,0,3,1,524;664;497
0,96,167,1,0,0,2,0,563;703
0,51,303,1,0,0,2,0,608;748
327
1597,2233,210.79,11
13146,13673,99.76,10
1611,1956,46.89,9
13177,13510,30.08,11
1366,2295,448.10,11
12704,13681,514.91,10
1443,2152,0.00,10
12729,13491,146.72,11
1743,2223,89.70,9
12441,13002,0.00,9
1781,2320,0.00,11
12637,13079,177.38,11
1714,2003,0.00,8
11915,12556,102.90,11
1740,2438,0.00,11
12191,12936,346.25,8
1912,2830,81.42,9
13883,14608,0.00,9
1966,2545,0.00,9
14023,14743,115.40,9
1876,2587,259.11,8
13665,14229,51.37,11
1897,2717,127.88,9
13788,14523,116.31,11
2083,2480,0.00,9
13569,14472,266.74,9
2103,2943,0.00,8
13592,14247,0.00,8
2002,3110,159.83,11
13402,13817,210.77,9
2060,3118,247.58,8
13472,14027,130.98,10
2451,3147,44.10,8
14782,15665,208.21,11
2401,3419,57.49,8
14592,15357,170.42,8
2257,2894,66.53,8
14584,15403,0.00,9
2172,2927,0.00,10
14327,15335,156.22,11
2807,3448,65.48,8
14234,15047,176.85,9
2562,3144,0.00,11
14176,15097,124.30,9
2497,3022,0.00,11
14093,14620,0.00,10
2467,3358,0.00,8
14073,14905,342.59,11
3006,3526,0.00,11
15280,16265,416.47,9
2969,3726,0.00,11
15250,15800,0.00,8
2961,3686,108.83,11
15025,16020,110.26,9
2872,3894,169.73,9
15013,15519,0.00,11
3353,4001,58.98,8
14989,15678,0.00,8
3265,4156,321.56,10
14979,15859,0.00,8
3172,3699,52.06,9
14843,15416,0.00,11
3027,3927,40.44,10
14829,15725,430.66,11
3412,4396,230.21,11
15401,16131,84.29,9
3619,4518,209.88,11
15413,16175,0.00,10
3685,4513,38.20,10
15481,16319,0.00,8
3829,4450,128.44,8
15496,16200,0.00,10
3842,4428,0.00,11
15291,16082,0.00,8
3854,4447,0.00,11
15344,16006,68.01,11
3855,4524,0.00,11
15387,16041,86.47,11
3926,4819,175.18,10
15395,16287,0.00,9
3980,4680,125.42,11
16481,17244,293.47,8
3988,4854,152.28,8
16667,17198,224.22,11
4540,4906,0.00,10
16689,17310,170.46,11
4545,5419,425.71,11
16761,17163,66.14,11
4711,5636,390.48,11
15624,16166,35.25,10
4969,5320,0.00,8
15631,16040,0.00,9
4970,6131,332.05,8
15648,16311,0.00,8
5059,5853,176.35,9
16082,16712,318.02,9
5208,6000,0.00,9
17128,18037,82.24,9
5089,5946,0.00,9
17104,17811,81.27,8
5376,6053,0.00,9
17626,18263,20.56,9
5361,6179,173.41,8
17143,17904,0.00,9
5429,6462,272.01,10
16909,17674,230.95,8
5404,5769,0.00,9
16838,17600,154.28,8
5668,6569,198.67,10
17019,18102,301.29,11
5663,6130,0.00,8
16993,18013,366.78,9
18158,18938,35.68,11
5885,6418,0.00,9
18152,19109,395.13,10
5715,6605,121.56,11
18208,19097,219.90,11
5925,6481,0.00,8
18192,18960,80.65,9
5896,7001,352.38,10
17683,18407,17.15,9
6017,6842,81.89,9
17666,18320,40.93,11
5998,6898,176.98,11
18118,18619,84.29,10
6426,6801,0.00,10
17811,18461,0.00,9
6060,6745,99.66,10
6706,7357,324.18,9
6899,7876,361.77,11
6450,7251,113.22,9
6511,7081,0.00,9
7214,8326,442.60,10
7353,8256,36.66,8
6957,7732,0.00,11
7197,7975,385.25,10
7522,8326,50.25,9
7543,8180,28.19,9
7436,8058,10.75,9
7514,8193,0.00,9
8275,9166,236.40,8
8293,8917,92.92,8
7670,8597,224.11,8
8222,8864,156.55,11
8477,9088,0.00,10
8442,9267,148.15,11
8416,9214,0.00,10
8343,9293,0.00,9
8543,9469,85.51,9
8529,9465,0.00,8
8507,9206,0.00,8
8478,9344,0.00,10
8794,9588,0.00,10
8746,9624,129.37,8
8605,9335,0.00,9
8590,9477,136.82,8
8982,9823,0.00,11
8962,9760,52.85,10
8865,9837,139.01,11
8794,9539,0.00,9
9075,9638,0.00,9
9157,9595,0.00,9
9165,9675,0.00,9
9202,9975,70.61,8
9294,10142,225.65,11
9375,9921,27.77,10
9426,9818,0.00,10
9509,10507,505.85,10
9547,10401,0.00,10
9593,10171,0.00,11
9769,10090,0.00,10
9774,10484,353.99,11
10080,10885,359.89,10
10259,11107,647.71,9
10263,10849,0.00,11
10295,11130,248.90,8
10482,11411,274.79,11
10329,11168,61.11,8
11,659,411.34,8
10607,11645,0.00,11
10567,11441,44.90,10
11027,12041,146.26,9
10810,11667,0.00,10
11133,12222,33.86,9
11096,12214,145.75,11
737,1572,483.85,10
11361,11772,0.00,9
616,1399,80.25,10
11338,12076,242.41,9
936,1628,0.00,8
11679,12257,0.00,9
889,1401,0.00,10
11591,12463,329.73,9
108,632,119.38,9
11708,12332,40.58,10
26,799,520.36,9
11687,12320,0.00,8
577,1111,259.28,9
11831,12507,110.25,9
166,572,0.00,11
11796,12979,494.51,11
25152,26088,155.03,10
25105,25593,69.93,9
25019,26004,55.20,8
24827,25512,0.00,8
24559,25214,0.00,8
24540,25010,0.00,9
24504,25382,133.20,10
24391,25045,0.00,10
24390,25162,254.32,11
24336,25270,180.30,11
24188,24892,107.40,11
24081,24770,0.00,8
24020,24564,0.00,11
24007,24733,195.63,10
24004,24398,0.00,8
23861,24810,381.79,11
26718,27566,392.33,8
26722,27307,0.00,10
26514,26967,0.00,8
26635,27264,232.18,8
26315,27038,282.79,9
26475,27307,493.89,8
25800,26234,0.00,9
26126,26836,312.48,11
25722,26674,435.27,10
25770,26305,0.00,9
25614,26349,286.81,9
25664,26300,118.31,10
25567,26316,146.84,9
25584,26168,0.00,11
25268,25712,40.86,11
25450,25764,0.00,11
27912,28805,445.49,8
27714,28351,115.31,9
28114,28933,204.05,11
28091,28728,54.47,11
27442,28391,0.00,8
27292,28448,195.70,8
27663,28232,62.08,11
27524,28224,0.00,10
27120,27960,0.00,8
27013,28162,313.42,10
27278,27810,0.00,10
27169,28133,189.64,9
26952,27993,512.24,9
26731,27109,48.63,10
27013,27890,342.85,10
26966,27452,0.00,11
29065,29759,0.00,9
29323,30018,0.00,9
28663,29307,0.00,10
28835,29747,154.50,8
28852,29514,23.63,11
29013,29745,95.72,8
28386,29248,126.38,9
28466,29335,78.04,8
28537,29283,0.00,9
28586,29166,0.00,9
28163,28812,170.94,8
28287,28832,0.00,10
28359,29262,157.02,10
28366,28864,83.38,10
18875,19674,0.00,10
18869,19663,91.21,10
18694,19444,78.83,10
18669,19221,27.81,9
19133,20126,216.75,9
18958,19533,0.00,9
18956,19659,0.00,10
18928,19656,0.00,9
18439,18799,0.00,10
18399,19199,30.51,9
18325,18700,0.00,11
18277,18587,0.00,10
18656,19284,69.78,9
18632,19437,280.46,11
18565,19221,62.72,11
18477,19486,280.77,9
20490,21396,248.21,9
20550,21103,0.00,10
20322,20950,86.86,9
20390,21215,0.00,10
20795,21369,0.00,8
20824,21564,157.18,8
20580,20976,0.00,11
20741,21520,123.69,11
19413,19785,31.43,10
19579,20383,243.57,8
19147,19623,163.25,9
19164,20104,0.00,10
19825,20691,145.31,10
20274,21113,47.51,10
19657,20536,229.28,11
19676,20558,64.95,10
21738,22183,0.00,10
21712,22440,214.23,10
21897,22690,0.00,9
21782,22898,453.25,8
22146,22706,53.97,10
21906,22665,99.61,9
22204,23155,83.20,9
22200,23059,323.94,11
20873,21842,115.84,9
20828,21516,0.00,11
21243,21698,0.00,11
21205,21832,0.00,9
21386,22228,200.06,8
21298,22240,395.05,9
21628,22039,0.00,10
21576,22224,0.00,11
22804,23380,0.00,10
22967,23762,336.10,11
22986,24140,267.29,10
23004,23973,163.24,11
23149,23910,96.75,10
23191,24210,6.94,8
23261,23849,0.00,8
23774,24498,349.37,11
22209,22995,209.28,11
22215,22878,0.00,8
22222,22942,126.21,11
22265,23460,293.39,11
22429,22975,0.00,9
22520,22967,77.29,9
22536,23348,298.74,10
22547,23271,0.00,10
