1001
1,1904,1987,1,0,0,8,2,30;166;349;203;383;556;413;721
1,1904,1972,1,0,0,8,2,30;166;349;203;302;556;413;721
1,1867,1939,1,0,0,9,1,67;203;386;240;27;420;593;464;758
1,1817,1894,1,0,0,11,1,117;32;253;38;27;436;290;77;470;643;514
1,1790,1867,1,0,0,11,3,144;59;280;65;72;463;317;104;497;670;541
1,1762,1821,1,0,0,9,1,172;87;308;93;100;491;345;132;525
1,1688,1749,1,0,0,9,1,246;161;382;167;159;565;419;206;599
1,1663,1745,1,0,0,9,2,271;172;407;192;199;590;444;231;624
1,2033,2108,1,0,0,7,1,37;220;69;254;427;286;592
1,2006,2075,1,0,0,7,1,64;224;101;281;454;286;619
1,1998,2061,1,0,0,7,1,72;224;109;289;462;333;627
0,1980,2055,1,0,0,7,0,90;224;124;302;480;351;645
1,1935,2154,1,0,0,7,4,135;318;124;302;525;396;685
0,1934,2001,1,0,0,8,0,0;136;319;124;302;526;397;685
1,1913,1987,1,0,0,8,1,16;157;340;124;302;547;413;712
1,1909,1991,1,0,0,8,1,16;161;344;198;302;551;413;716
1,2243,2299,1,0,0,10,1,10;44;217;88;382;502;901;652;924;643
1,2389,2471,1,0,0,7,4,71;236;356;755;506;778;497
1,2196,2285,1,0,0,9,4,57;91;225;135;429;549;948;699;971
1,2229,2315,1,0,0,9,4,24;58;225;102;396;516;915;666;938
1,2141,2196,1,0,0,5,2,112;146;319;190;484
1,2158,2242,1,0,0,7,2,80;129;302;173;467;587;986
1,2084,2139,1,0,0,6,1,169;23;203;376;247;541
1,2121,2196,1,0,0,5,1,132;166;339;210;504
1,2480,2568,1,0,0,9,4,145;265;664;415;687;406;588;598;787
1,2481,2565,1,0,0,9,1,132;264;663;414;686;405;588;597;786
0,2467,2539,1,16,0,8,0,158;278;677;428;700;419;588;611
0,2469,2519,1,0,0,8,0,156;276;675;426;698;417;588;609
1,2450,2506,1,0,0,8,1,10;174;295;694;445;717;436;630
0,2458,2512,1,0,0,9,0,2;167;287;686;437;709;428;588;620
1,2398,2468,1,0,0,7,3,62;227;347;746;497;769;488
1,2417,2678,1,0,0,7,5,43;208;328;727;478;750;469
0,2712,2787,1,0,0,9,0,33;432;183;455;174;368;366;555;638
1,2691,2774,1,0,0,9,3,54;453;204;476;195;389;387;576;659
1,2727,2815,1,0,0,9,3,18;417;107;440;159;353;351;540;623
1,2719,2789,1,0,0,9,2,26;425;176;448;167;361;359;548;631
1,2524,2819,1,0,0,9,9,79;221;620;371;643;362;549;554;743
1,2521,2604,1,0,0,9,4,104;224;623;374;646;365;549;557;746
0,2673,2734,1,0,0,9,0,72;471;222;494;213;407;405;594;677
1,2525,2729,1,0,0,9,6,79;220;619;370;642;361;549;553;742
1,3105,3168,1,0,0,7,1,39;62;162;245;507;741;695
0,3037,3102,1,0,0,8,0,107;130;43;41;230;313;575;809
1,3166,3250,1,0,0,8,2,1;101;184;446;680;634;1020;1022
1,3113,3163,1,0,0,7,2,31;54;154;237;498;733;687
0,2910,2962,1,0,0,6,0,234;257;170;168;357;440
1,2881,2943,1,0,0,8,2,263;14;286;5;199;197;386;469
1,2934,3223,1,0,0,6,4,199;233;146;144;333;416
1,2920,2979,1,0,0,6,2,224;247;160;158;347;430
1,3360,3421,1,0,0,7,1,252;486;440;826;828;703;873
0,3407,3462,1,0,0,8,0,205;439;393;779;781;656;826;734
1,3411,3670,1,0,0,8,6,201;435;389;775;777;652;822;730
1,3498,3584,1,0,0,8,2,114;348;302;688;690;565;735;643
0,3204,3264,1,0,0,7,0,63;146;408;605;596;982;984
0,3270,3327,1,0,0,7,0,80;342;576;530;916;918;793
0,3283,3351,1,0,0,7,0,67;329;563;517;903;905;780
1,3313,3555,1,0,0,7,6,37;299;533;487;873;875;750
1,3650,3926,1,0,0,7,7,62;150;536;538;413;583;491
0,3661,3722,1,0,0,7,0,60;139;525;527;402;572;480
1,3684,3942,1,0,0,7,4,60;116;502;504;379;549;457
1,3695,3946,1,0,0,7,3,3;105;491;493;368;538;446
1,3514,3796,1,0,0,8,6,98;322;286;672;674;549;719;627
1,3536,3799,1,0,0,8,5,76;293;264;650;652;527;697;605
0,3592,3655,1,0,0,8,0,20;143;208;594;596;471;641;549
1,3611,3681,1,0,0,8,2,1;143;189;575;577;452;622;530
0,122,189,1,0,0,0,0,
0,85,151,1,0,0,0,0,
0,44,319,1,0,0,0,0,
0,168,254,1,0,0,0,0,
0,149,213,1,0,0,0,0,
0,139,217,1,0,0,0,0,
0,134,187,1,0,0,0,0,
0,229,307,1,0,0,0,0,
0,246,305,1,0,0,0,0,
0,197,271,1,0,0,0,0,
0,224,469,1,0,0,0,0,
1,318,544,1,0,0,1,1,913
0,328,390,1,0,0,1,0,785
0,251,330,1,0,0,1,0,980
0,292,379,1,0,0,1,0,939
0,373,434,1,0,0,1,0,785
0,388,476,1,0,0,1,0,785
0,337,414,1,0,0,1,0,785
0,372,453,1,0,0,1,0,785
0,445,529,1,0,0,2,0,785;908
0,458,540,1,0,0,2,0,773;895
0,392,467,1,0,0,1,0,785
0,399,456,1,0,0,1,0,785
1,461,515,1,0,0,2,1,770;892
0,458,527,1,0,0,2,0,773;895
0,525,614,1,0,0,3,0,706;828;904
0,473,532,1,0,0,3,0,727;880;956
0,549,605,1,0,0,3,0,422;804;880
1,529,823,1,0,0,3,2,702;824;900
0,565,620,1,0,0,3,0,422;788;824
1,550,636,1,0,0,3,1,422;803;879
1,745,828,1,0,0,5,1,422;608;684;638;603
0,620,687,1,0,0,3,0,422;733;809
1,801,886,1,0,0,5,2,422;552;623;582;524
1,777,862,1,0,0,5,1,422;576;652;606;524
0,907,994,1,0,0,6,0,324;446;522;476;441;672
1,830,905,1,0,0,5,2,386;523;599;553;518
0,959,1035,1,0,0,7,0,260;394;470;424;389;620;586
1,940,1009,1,0,0,7,3,291;413;489;443;408;639;605
1,974,1038,1,15,0,7,3,257;379;455;409;374;605;571
1,1035,1262,1,0,0,7,6,196;318;394;348;313;544;510
1,1038,1247,1,0,0,7,2,193;260;391;345;310;541;507
1,1055,1108,1,0,0,7,2,176;260;272;328;293;524;490
1,1063,1327,1,0,0,8,5,168;260;272;320;246;516;482;871
1,1065,1125,1,0,0,9,1,166;40;272;318;246;514;480;869;784
1,1110,1194,1,16,0,10,1,121;30;272;273;238;469;435;824;739;960
1,1117,1201,1,0,0,10,2,114;30;272;266;231;462;359;817;732;953
1,1162,1410,1,0,0,10,5,69;30;245;221;186;417;359;772;687;908
1,1176,1256,1,0,0,10,1,55;30;209;207;172;403;359;758;673;894
1,1177,1237,1,0,0,10,1,54;30;209;206;171;402;359;757;612;893
1,1290,1357,1,0,0,11,3,30;139;93;58;289;255;644;559;780;276;565
1,1321,1536,1,0,0,11,4,30;108;62;27;258;224;613;528;749;245;534
1,1449,1525,1,0,0,9,1,130;96;485;400;621;117;406;413;804
1,1543,1755,1,0,0,11,7,36;2;391;306;527;23;312;319;710;564;351
1,1660,1711,1,0,0,9,1,274;189;410;195;202;593;447;234;627
1,6058,6267,1,0,0,13,6,143;1;60;462;239;596;378;831;605;575;584;527;517
1,6063,6118,1,16,0,12,1,138;55;418;234;591;373;826;600;570;579;522;512
1,5993,6067,1,0,0,12,1,205;66;125;527;304;661;443;896;670;640;649;592
1,6045,6116,1,0,0,13,1,156;14;73;475;252;609;391;844;618;588;597;540;530
1,5925,6011,1,0,0,11,1,48;23;225;134;193;595;372;729;511;964;738
0,5934,5999,1,0,0,11,0,39;14;205;125;184;586;363;720;502;955;729
0,5899,5959,1,0,0,11,0,74;49;302;160;219;621;398;755;537;990;764
1,5909,5978,1,0,0,11,1,64;39;292;150;209;611;388;745;527;980;754
1,5845,5903,1,0,0,11,2,78;103;320;214;273;675;452;809;591;1044;818
0,5862,5917,1,0,0,11,0,78;86;320;197;256;658;435;792;574;1027;801
0,5776,5846,1,0,0,10,0,9;78;172;4;320;283;333;737;521;878
1,5814,5877,1,0,0,11,1,78;134;320;245;304;706;483;840;622;1075;849
1,5756,6017,1,0,0,10,6,15;78;192;24;445;303;362;737;541;898
1,5767,5832,1,0,0,10,1,15;78;181;13;320;292;351;737;530;887
1,5716,5951,1,0,0,10,4,49;127;211;64;485;343;402;804;581;938
1,5747,5831,1,0,0,10,1,15;78;201;33;454;312;371;773;550;907
1,6679,6909,1,0,0,7,2,210;175;140;296;224;877;737
1,6566,6638,1,0,0,11,2,88;323;97;67;76;19;9;288;253;409;337
1,6482,6551,1,0,0,11,1,38;96;389;181;151;160;103;93;372;337;493
1,6476,6564,1,0,0,11,2,44;96;389;187;157;166;109;99;378;343;499
1,6460,6531,1,0,0,12,2,60;96;429;203;173;182;125;115;13;394;359;515
1,6445,6695,1,0,0,12,5,75;209;444;218;188;197;140;130;28;409;374;530
1,6419,6493,1,0,0,13,1,101;235;17;462;244;214;223;166;156;54;435;400;556
1,6378,6632,1,0,0,13,10,142;276;58;462;285;255;264;207;197;95;476;441;597
1,6353,6437,1,0,0,13,1,167;301;83;486;310;280;289;232;222;120;501;466;622
1,6335,6424,1,0,0,13,2,185;319;101;554;328;298;307;250;240;138;519;484;640
1,6224,6310,1,0,0,13,2,296;73;430;212;665;439;409;418;361;351;249;630;595
1,6154,6234,1,0,0,12,1,33;302;143;500;282;735;509;479;488;431;421;319
1,6127,6195,1,0,0,12,1,74;302;170;527;309;762;536;506;515;458;448;346
1,6127,6213,1,0,0,12,2,36;302;170;527;309;762;536;506;515;458;448;346
1,6112,6190,1,0,0,13,1,89;6;311;185;542;324;777;551;521;530;473;463;361
1,6087,6154,1,0,0,13,1,114;31;418;210;567;349;802;576;546;555;498;488;386
0,6953,7004,1,0,0,6,0,22;603;463;604;260;780
0,6954,7004,1,0,0,6,0,21;602;462;603;259;779
0,7016,7066,1,0,0,5,0,540;400;541;197;717
1,7047,7101,1,0,0,5,1,509;369;510;166;686
1,6792,6860,1,0,0,8,1,4;62;27;183;111;764;624;735
0,6809,6859,1,0,0,9,0,4;45;10;166;94;747;607;721;404
1,6846,7067,1,0,0,9,4,4;8;129;57;710;570;711;367;887
0,6923,6977,1,0,0,6,0,52;633;493;634;290;810
1,6751,6823,1,0,0,8,1,10;103;68;224;152;805;665;802
1,6751,6992,1,0,0,8,3,10;103;68;224;152;805;665;735
0,6754,6812,1,0,0,8,0,4;100;65;197;149;802;662;735
0,6765,6820,1,0,0,8,0,4;89;54;197;138;791;651;735
0,6715,6791,1,0,0,8,0,10;139;104;260;188;841;701;842
1,6721,6778,1,0,0,8,1,10;133;98;254;182;835;695;836
0,6732,6794,1,0,0,8,0,10;122;87;243;171;824;684;802
1,6751,6803,1,0,0,8,1,4;103;68;224;152;805;665;735
0,7271,7346,1,0,0,5,0,226;145;161;462;474
1,7223,7496,1,0,0,5,3,259;188;161;474;522
0,7311,7390,1,0,0,5,0,218;105;161;422;434
1,7295,7366,1,0,0,5,2,226;121;161;438;450
0,7203,7274,1,0,0,6,0,259;188;161;10;530;542
0,7164,7243,1,0,0,5,0,259;188;161;49;569
1,7220,7273,1,0,0,5,1,259;188;161;513;525
0,7218,7280,1,0,0,5,0,259;188;161;515;527
1,7122,7382,1,0,0,5,4,259;294;435;91;611
0,7115,7175,1,0,0,5,0,259;301;442;98;618
1,7154,7429,1,0,0,5,2,259;188;403;59;579
1,7154,7228,1,0,0,5,2,259;188;182;59;579
1,7059,7135,1,0,0,5,1,497;330;498;154;674
1,7049,7126,1,0,0,5,1,497;367;508;164;684
1,7066,7317,1,0,0,5,5,480;330;491;147;667
0,7062,7144,1,0,0,5,0,480;330;495;151;671
0,4070,4123,1,0,0,8,0,86;91;163;71;340;679;489;358
0,4071,4126,1,0,0,8,0,86;91;162;70;339;678;488;357
1,4037,4095,1,0,0,9,1,86;151;26;196;104;373;712;522;391
1,4058,4269,1,0,0,9,4,86;116;5;175;83;352;691;501;370
1,4103,4346,1,0,0,8,2,59;85;130;38;307;598;456;325
1,4115,4175,1,0,0,8,2,59;73;118;26;295;598;253;313
1,4079,4305,1,0,0,8,3,86;91;154;62;331;670;480;349
1,4084,4134,1,0,0,8,2,86;91;149;57;326;598;475;344
0,3866,3949,1,0,0,6,0,320;255;197;367;275;544
1,3932,4019,1,0,0,7,1,254;255;131;301;209;478;817
0,3706,3764,1,0,0,8,0,3;94;480;255;357;527;435;704
0,3756,3828,1,0,0,8,0,3;44;430;255;307;477;385;654
1,3950,4003,1,0,0,7,1,86;238;113;283;191;409;799
0,3972,4060,1,0,0,7,0,86;213;91;261;169;409;777
1,3932,4020,1,0,0,7,1,254;255;131;301;209;433;817
1,3935,4189,1,0,0,7,5,251;253;128;298;206;409;814
1,4471,4522,1,0,0,4,1,220;88;639;695
0,4449,4500,1,0,0,4,0,220;110;641;717
1,4444,4514,1,0,0,4,1,220;115;664;722
0,4434,4497,1,0,0,4,0,220;125;664;732
1,4581,4785,1,0,0,4,2,168;529;585;802
0,4564,4633,1,0,0,4,0,185;546;602;819
1,4506,4747,1,0,0,4,2,220;53;604;660
0,4499,4551,1,0,0,4,0,220;60;611;667
1,4239,4324,1,0,0,5,1,20;510;253;189;871
0,4195,4266,1,0,0,6,0,38;20;554;253;233;915
1,4150,4428,1,0,0,8,4,36;38;83;260;598;253;278;960
0,4119,4169,1,0,0,8,0,40;69;114;22;291;598;253;309
1,4426,4488,1,0,0,5,1,220;133;2;684;740
1,4335,4419,1,0,0,5,1,20;220;224;93;775
1,4324,4554,1,0,0,5,2,20;425;235;104;786
1,4251,4470,1,0,0,5,1,20;469;253;177;859
1,5010,5067,1,0,0,8,1,100;156;373;557;339;775;478;963
0,5011,5068,1,0,0,9,0,81;155;372;556;338;774;477;962;570
1,5052,5263,1,16,0,10,5,58;114;331;515;297;733;436;921;529;489
0,5133,5211,1,0,0,10,0,33;250;434;115;652;355;840;448;408;815
0,5139,5192,1,0,0,10,0,27;244;428;115;646;349;834;442;402;809
0,5147,5230,1,0,0,10,0,19;236;420;115;638;341;826;434;394;801
1,5158,5232,1,0,0,10,1,8;225;409;115;627;330;815;423;383;790
1,5176,5238,1,0,0,9,1,207;391;115;609;312;797;375;365;772
1,4584,4821,1,0,0,4,2,165;488;582;799
0,4623,4676,1,0,0,4,0,126;472;543;760
0,4635,4687,1,0,0,5,0,114;472;531;748;351
1,4669,4753,1,0,0,5,1,80;441;497;714;317
1,4710,4949,1,0,0,5,3,39;400;456;673;276
1,4794,4847,1,0,0,4,2,316;372;589;192
0,4839,4889,1,0,0,6,0,271;327;544;147;728;510
0,4852,4933,1,0,0,7,0,258;314;531;134;715;497;933
1,5518,5602,1,0,0,12,1,21;49;455;63;23;430;262;171;683;541;600;1002
1,5510,5809,1,0,0,12,7,21;155;463;71;31;438;270;179;691;549;608;1010
0,5638,5727,1,0,0,11,0,49;335;211;142;51;563;421;480;882;659;1016
1,5599,5854,1,0,0,10,5,49;374;349;181;90;602;460;519;921;698
1,5666,5732,1,0,0,11,1,49;307;211;114;23;535;393;452;832;631;988
1,5657,5716,1,0,0,11,1,49;316;211;123;32;544;402;461;863;640;997
1,5716,5784,1,0,0,10,1,49;78;211;64;485;343;402;804;581;938
1,5691,5925,1,0,0,10,5,49;282;211;89;510;368;427;829;606;963
0,5218,5281,1,0,0,10,0,73;349;110;567;270;755;363;323;730;562
1,5179,5417,1,15,0,9,8,204;388;110;606;309;794;375;362;769
1,5300,5585,1,0,0,12,9,49;267;49;485;188;673;281;241;648;480;389;901
1,5292,5353,1,0,0,12,2,73;275;57;493;196;681;289;249;656;488;397;909
1,5343,5612,1,0,0,13,8,40;224;6;376;145;630;238;198;605;437;346;858;716
0,5334,5397,1,0,0,12,0,49;233;15;376;154;639;247;207;614;446;355;867
1,5498,5747,1,0,0,12,9,21;287;475;83;43;450;282;191;703;561;620;1022
0,5354,5425,1,0,0,12,0,29;21;376;134;619;227;187;594;426;335;847;705
1,28904,29116,1,0,0,8,2,42;63;63;24;45;290;186;871
1,28895,28963,1,0,0,8,1,42;67;72;33;45;299;195;871
1,28971,29266,1,0,0,7,3,42;47;45;61;119;841;612
1,28944,29161,1,0,0,8,3,42;47;23;45;250;146;868;639
1,28881,28958,1,0,0,8,1,42;76;86;47;45;313;195;931
0,28863,28950,1,0,0,8,0,42;76;104;65;45;331;195;949
1,28890,28973,1,0,0,8,1,42;67;77;38;45;304;195;871
1,28884,28969,1,0,0,8,1,42;76;83;44;45;310;195;871
1,29034,29123,1,0,0,6,1,7;45;61;47;778;549
1,29011,29064,1,0,0,7,1,15;15;45;61;47;801;572
1,29062,29333,1,0,0,5,1,29;61;7;750;521
1,29061,29306,1,0,0,5,1,30;61;29;751;522
1,28989,29050,1,0,0,7,1,37;47;45;61;101;810;594
1,28972,29060,1,0,0,7,1,41;47;45;61;118;840;611
1,29009,29090,1,0,0,7,1,17;15;45;61;66;803;574
1,28990,29057,1,0,0,7,1,36;15;45;61;100;810;593
1,29063,29129,1,0,0,5,1,28;61;7;544;520
0,29085,29135,1,0,0,5,0,6;61;4;544;498
0,28204,28282,1,0,0,5,0,158;8;133;365;822
1,28192,28275,1,0,0,6,1,170;20;148;5;377;834
0,28180,28266,1,0,0,6,0,182;32;160;17;389;846
1,28133,28204,1,0,0,8,1,229;23;79;207;31;64;436;893
1,28090,28170,1,0,0,10,2,246;66;20;122;28;250;74;107;479;936
1,28062,28129,1,0,0,11,1,15;300;94;48;15;150;56;278;102;135;507
1,28007,28085,1,0,0,11,1,70;355;149;103;70;205;111;333;157;190;562
1,27883,27940,1,0,0,11,1,9;111;479;273;227;194;329;235;455;281;314
1,28344,28586,1,0,0,5,2,5;225;682;697;623
0,28322,28378,1,0,0,6,0,5;18;247;704;719;645
0,28305,28366,1,0,0,6,0,5;35;264;721;736;662
0,28271,28345,1,0,0,5,0,5;69;280;755;770
1,28261,28330,1,0,0,5,1,5;79;308;765;780
1,28229,28496,1,0,0,4,3,133;111;340;797
0,28225,28312,1,0,0,4,0,137;115;344;801
1,28209,28293,1,0,0,5,1,153;3;131;360;817
1,28673,28736,1,0,0,8,2,240;368;294;255;418;521;417;1139
0,28680,28766,1,0,0,8,0,240;346;287;248;411;514;410;1132
1,28628,28837,1,0,0,5,3,398;413;339;300;463
1,28663,28870,1,0,0,8,4,264;378;304;265;428;531;427;1149
0,28435,28487,1,0,0,5,0,134;541;499;532;493
0,28472,28539,1,0,0,5,0,97;541;499;495;456
1,28347,28429,1,0,0,5,1,5;222;541;694;620
1,28360,28580,1,0,0,6,2,2;209;541;642;607;568
1,28820,29098,1,0,0,8,4,42;76;147;108;271;374;270;992
1,28839,28904,1,0,0,8,1,42;76;128;89;45;355;251;973
1,28799,29084,1,0,0,8,6,202;242;168;129;292;395;291;1013
1,28808,29031,1,16,0,8,3,42;233;159;120;283;386;282;1004
0,28782,28849,1,0,0,8,0,202;259;185;146;309;412;308;1030
0,28785,28857,1,0,0,8,0,202;256;182;143;306;409;305;1027
1,28683,28940,1,0,0,8,5,240;346;284;245;408;511;407;1129
1,28765,28834,1,0,0,8,3,207;276;202;163;326;429;325;1047
1,26961,27046,1,0,0,11,2,130;339;198;204;12;16;464;463;710;737;398
1,26938,27006,1,0,0,11,1,153;362;221;227;35;16;487;480;733;760;421
0,26981,27033,1,0,0,10,0,110;319;178;184;16;444;443;690;717;378
1,26967,27038,1,0,0,11,1,111;333;192;198;6;16;458;457;704;731;392
1,26994,27069,1,0,0,10,2,97;109;165;171;9;431;430;677;704;365
1,26987,27269,1,0,0,10,6,104;313;172;178;16;438;437;684;711;372
1,27057,27119,1,0,0,9,1,34;109;102;108;366;367;614;641;302
1,27015,27282,1,0,0,9,7,76;109;144;150;366;409;656;683;344
1,27066,27140,1,0,0,9,1,25;109;93;99;332;358;605;632;293
1,27060,27149,1,0,0,9,2,31;109;99;104;365;364;611;638;299
1,27102,27159,1,0,0,8,2,109;57;63;323;322;569;596;257
1,27076,27141,1,0,0,9,2,15;109;83;88;332;348;595;622;283
1,27275,27349,1,0,0,7,2,25;150;149;396;423;84;617
1,27138,27205,1,0,0,8,2,109;21;27;287;286;533;560;221
0,27428,27481,1,0,0,6,0,243;270;464;649;934;728
0,27292,27371,1,0,0,7,0,8;118;132;379;406;67;600
1,27525,27576,1,0,0,9,1,146;173;367;552;837;631;585;552;687
1,27530,27581,1,0,0,9,1,141;168;362;547;806;626;580;547;682
1,27542,27631,1,0,0,9,1,129;156;350;535;806;614;568;535;670
1,27643,27713,1,0,0,11,1,28;55;249;434;719;513;467;434;569;475;697
1,27644,27719,1,0,0,11,1,27;54;248;433;687;512;466;433;568;474;696
1,27648,27731,1,0,0,11,1,23;50;244;429;680;508;462;429;564;470;692
1,27692,27769,1,0,0,11,1,6;200;385;670;464;418;360;520;426;648;472
1,27698,27786,1,0,0,11,1,0;194;379;664;458;412;360;498;420;642;466
1,27700,27771,1,0,0,10,2,192;377;662;456;410;360;497;418;640;464
1,27730,27957,1,0,0,11,8,162;347;632;426;380;347;482;388;605;434;467
1,27740,27810,1,0,0,11,1,78;337;622;416;370;337;472;378;600;424;457
1,27742,27976,1,0,0,11,8,78;335;620;414;368;335;470;376;574;422;455
1,27802,27872,1,0,0,11,1,78;244;560;354;308;275;410;316;538;362;395
1,27818,28044,1,0,0,11,8,74;244;544;338;292;259;394;300;522;346;379
1,27850,27915,1,0,0,11,1,42;111;512;306;260;227;362;268;490;314;347
1,27856,27924,1,0,0,11,2,36;111;506;300;254;221;333;262;484;308;341
0,26183,26271,1,0,0,9,0,256;23;516;171;262;706;908;639;728
1,26158,26427,1,0,0,8,6,269;48;541;171;287;731;933;664
1,26125,26326,1,0,0,8,3,269;81;574;266;320;764;966;697
1,26125,26201,1,0,0,8,1,269;81;574;202;320;764;966;697
1,26330,26384,1,0,0,9,2,141;223;61;115;559;761;492;581;970
1,26277,26356,1,0,0,9,1,194;223;114;168;561;814;545;634;1023
1,26265,26529,1,0,0,9,6,206;434;126;180;561;826;557;646;1035
1,26249,26332,1,0,0,9,1,222;450;142;196;640;842;573;662;1051
1,26373,26441,1,0,0,11,1,93;223;18;72;516;718;449;538;923;786;792
1,26357,26424,1,0,0,9,1,93;223;34;88;532;734;465;554;943
1,26356,26438,1,0,0,9,2,110;223;35;89;533;735;466;555;944
1,26343,26404,1,0,0,9,1,110;223;48;102;546;748;479;568;957
0,26491,26555,1,16,0,9,0,208;398;600;331;420;809;668;674;482
0,26480,26535,1,0,0,9,0,219;409;611;342;431;820;679;685;493
0,26461,26537,1,0,0,9,0,10;223;428;630;361;450;839;698;704
1,26407,26469,1,0,0,10,2,64;223;38;482;684;415;504;893;752;758
1,26655,26706,1,0,0,13,1,44;234;436;167;256;645;504;509;318;348;770;769;1016
1,26661,26712,1,0,0,13,1,38;228;430;161;250;639;498;482;312;342;764;763;1010
1,26605,26656,1,0,0,12,1,94;284;486;217;306;695;554;560;368;398;820;819
1,26610,26661,1,0,0,12,1,89;279;481;212;301;676;549;555;363;393;815;814
1,26747,26966,1,0,0,12,6,141;275;75;164;553;412;418;226;256;678;677;924
1,26750,26831,1,0,0,12,1,139;256;72;161;550;409;415;223;253;675;674;921
1,26675,26959,1,0,0,13,10,24;214;416;147;236;625;484;463;298;328;750;749;996
1,26733,26800,1,0,0,12,1,156;275;89;178;567;426;432;240;270;692;691;938
1,26822,26877,1,0,0,13,1,67;256;0;89;478;337;343;151;181;603;602;849;876
1,26831,26911,1,0,0,12,1,58;256;80;469;328;334;142;172;594;552;840;867
1,26764,26822,1,0,0,12,1,89;256;58;147;536;395;401;209;239;661;660;907
1,26769,27007,1,0,0,12,7,89;256;53;142;531;390;360;204;234;656;655;902
1,26919,26974,1,0,0,10,2,172;381;240;246;54;84;506;480;752;779
1,26927,27014,1,0,0,10,2,163;373;232;238;46;76;498;480;744;771
1,26897,26979,1,0,0,11,1,194;14;403;262;268;76;106;528;527;774;801
0,26902,26978,1,0,0,11,0,189;9;398;257;263;71;101;523;480;769;796
1,25524,25773,1,0,0,6,3,64;107;426;896;682;589
1,25563,25854,1,0,0,6,3,25;107;346;896;643;550
1,25592,25665,1,0,0,5,1,81;326;879;614;521
1,25622,25676,1,0,0,5,1,47;326;849;584;491
1,25407,25471,1,0,0,6,1,63;181;20;94;266;543
1,25460,25531,1,0,0,6,1,10;128;41;213;490;1011
1,25467,25746,1,0,0,6,3,3;121;34;151;483;1004
1,25522,25605,1,0,0,6,1,66;107;428;949;684;591
1,25265,25318,1,0,0,6,2,205;59;323;162;236;408
1,25277,25533,1,0,0,6,5,193;44;311;150;224;396
1,25279,25334,1,0,0,6,2,191;23;309;148;222;394
0,25405,25484,1,0,0,6,0,65;183;22;96;268;545
1,25026,25094,1,0,0,10,1,232;444;141;118;159;562;401;475;106;647
1,25099,25149,1,0,0,10,3,159;371;68;45;159;489;328;402;33;574
1,25144,25194,1,0,0,9,2,114;326;23;0;159;444;283;357;529
1,25241,25316,1,0,0,7,2,17;229;83;347;186;260;432
1,26021,26108,1,0,0,8,1,450;185;92;678;370;424;868;1070
1,25955,26039,1,0,0,7,1,516;251;158;744;436;490;934
1,26092,26175,1,0,0,9,2,269;114;21;607;299;353;797;999;730
1,26067,26277,1,0,0,9,6,404;139;46;632;324;378;822;1024;755
1,25872,25925,1,0,0,6,1,78;559;256;241;827;519
1,25867,25948,1,0,0,6,1,83;577;256;246;832;524
1,25893,25945,1,0,0,7,1,57;559;256;220;806;498;552
1,25874,25941,1,0,0,7,1,72;559;256;239;825;517;571
0,25844,25922,1,0,0,5,0,106;627;256;252;855
1,25803,25870,1,0,0,5,1,147;668;256;310;896
0,25860,25936,1,0,0,6,0,90;577;256;252;839;531
1,25849,25900,1,0,0,5,1,101;622;256;252;850
1,25730,25817,1,0,0,5,1,220;741;476;383;969
0,25688,25738,1,0,0,4,0,262;783;518;425
1,25796,26051,1,0,0,5,3,154;671;410;317;903
1,25760,25815,1,0,0,5,1,190;671;446;353;939
0,24678,24754,1,0,0,8,0,580;792;388;466;646;910;685;823
1,24712,24787,1,0,0,8,1,546;758;388;432;612;876;685;789
0,24598,24648,1,0,0,6,0,55;660;864;388;546;726
1,24673,24747,1,0,0,7,1,585;797;388;471;651;915;754
0,24592,24643,1,0,0,5,0,55;666;878;388;552
1,24597,24672,1,0,0,6,2,55;661;873;388;547;727
1,24537,24747,1,0,0,6,3,19;55;697;933;630;607
1,24575,24787,1,0,0,5,1,55;683;881;592;569
1,24515,24572,1,0,0,6,4,54;55;743;955;652;629
1,24528,24612,1,0,0,6,1,19;55;730;942;639;616
0,24500,24575,1,0,0,6,0,66;55;758;970;667;644
0,24512,24570,1,0,0,6,0,57;55;746;958;655;632
1,24437,24716,1,0,0,5,4,132;55;821;1033;730
0,24451,24523,1,0,0,5,0,66;55;807;1019;716
0,24424,24510,1,0,0,5,0,145;55;834;1046;743
0,24428,24497,1,0,0,5,0,141;55;830;1042;739
0,25013,25099,1,0,0,10,0,236;457;154;131;159;575;414;488;119;660
1,24965,25175,1,0,0,10,5,236;505;202;179;359;623;462;536;167;708
0,24948,25017,1,0,0,10,0,236;522;219;196;376;640;479;553;184;725
0,24926,24988,1,0,0,10,0,236;544;241;218;398;662;501;575;206;747
0,24914,24999,1,0,0,10,0,236;556;253;230;410;674;508;587;218;759
0,24889,24945,1,0,0,10,0,236;581;264;255;435;699;508;612;243;784
1,24883,24971,1,0,0,10,1,236;587;264;261;441;705;534;618;249;790
1,24864,24949,1,0,0,10,1,236;606;264;280;460;724;563;637;268;809
1,24861,24936,1,0,0,10,1,236;609;306;283;463;727;566;640;271;812
1,24823,24911,1,0,0,9,1,236;647;344;321;501;765;604;678;309
1,24816,25029,1,0,0,9,4,442;654;351;328;508;772;604;685;316
1,24803,24864,1,0,0,9,1,455;667;364;341;521;785;621;698;329
1,24803,24882,1,0,0,9,1,455;667;364;341;521;785;611;698;329
1,24786,24841,1,0,0,9,1,465;684;381;358;538;802;641;715;346
1,24756,24841,1,0,0,9,1,501;714;388;388;568;832;671;745;376
0,24730,24800,1,0,0,9,0,501;740;388;414;594;858;685;771;402
0,23658,23709,1,0,0,6,0,85;38;20;171;471;722
0,23685,23754,1,0,0,5,0,85;11;144;444;695
0,23715,23776,1,0,0,5,0,60;114;414;665;373
0,23827,23898,1,0,0,4,0,2;302;553;261
1,23849,24115,1,0,0,4,3,280;531;239;408
0,23849,23936,1,0,0,4,0,280;423;239;408
0,23899,23949,1,0,0,4,0,230;423;189;358
1,23906,24188,1,0,0,4,3,223;423;182;351
1,23277,23349,1,0,0,9,1,40;132;238;164;185;498;419;401;552
1,23314,23384,1,0,0,10,2,40;95;238;156;148;461;382;364;515;315
0,23378,23440,1,0,0,10,0,40;31;238;134;84;397;318;300;451;251
1,23454,23693,1,0,0,9,6,171;59;8;321;242;224;375;175;675
0,23490,23543,1,0,0,8,0,135;23;85;206;188;339;139;639
0,23529,23590,1,0,0,7,0,96;85;167;149;300;100;600
0,23604,23659,1,0,0,8,0,21;85;92;74;225;25;525;776
0,23654,23705,1,0,0,6,0,85;42;24;175;475;726
0,24250,24302,1,0,0,5,0,130;7;319;421;1008
1,24127,24197,1,0,0,5,1,2;184;130;442;544
0,24278,24342,1,0,0,4,0,79;291;393;980
1,24266,24331,1,0,0,4,2,114;303;405;992
1,24368,24652,1,0,0,5,2,12;201;303;890;1102
1,24299,24367,1,0,0,5,1,79;270;372;959;1171
0,24415,24500,1,0,0,4,0,154;55;843;1055
0,24393,24450,1,0,0,4,0,176;55;865;1077
1,23950,24218,1,0,0,4,2,179;410;138;307
0,23925,23983,1,0,0,4,0,204;410;163;332
0,23960,24020,1,0,0,4,0,169;259;128;297
1,23952,24024,1,15,0,4,2,177;266;136;305
1,24001,24073,1,0,0,4,2,128;259;87;256
0,23978,24055,1,0,0,4,0,151;259;110;279
0,24007,24077,1,0,0,4,0,122;184;81;250
0,24005,24057,1,0,0,4,0,124;184;83;252
1,22634,22708,1,0,0,10,1,110;83;382;278;225;404;813;464;775;618
0,22651,22705,1,0,0,10,0,80;66;365;261;208;387;796;447;732;601
1,22595,22652,1,0,0,10,3,126;122;421;317;264;443;852;503;814;657
1,22634,22700,1,0,0,10,4,110;83;382;278;225;404;813;464;732;618
1,22748,22965,1,0,0,9,6,267;164;111;290;699;350;661;504;877
1,22784,22834,1,0,0,10,1,232;128;75;254;663;314;625;468;841;729
1,22687,22737,1,0,0,10,1,57;30;329;225;172;351;760;411;722;565
1,22744,22794,1,0,0,10,1,0;272;168;115;294;703;354;665;508;881
1,22346,22606,1,0,0,8,5,25;65;398;94;371;670;566;513
1,22456,22524,1,0,0,8,1,61;151;261;560;456;403;582;991
0,22254,22323,1,0,0,6,0,117;263;490;186;463;762
1,22312,22548,1,0,0,8,5,59;205;432;128;405;704;600;547
1,22489,22732,1,0,0,8,7,28;144;208;527;423;370;549;958
0,22514,22596,1,16,0,11,0,3;126;203;502;398;345;524;933;584;895;738
1,22466,22677,1,0,0,8,7,35;151;251;550;446;393;572;981
1,22483,22560,1,0,0,8,2,34;144;234;533;429;376;555;964
1,23179,23255,1,0,0,10,3,268;230;73;446;334;283;596;517;499;650
1,23135,23389,1,0,0,9,8,312;274;117;490;378;327;640;561;543
0,23128,23214,1,0,0,9,0,319;281;121;497;385;334;647;568;550
0,23112,23181,1,15,0,9,0,335;297;121;513;401;350;663;584;566
1,23270,23480,1,0,0,9,5,177;139;238;164;192;505;426;408;559
1,23222,23295,1,0,0,10,2,225;187;30;238;164;240;553;474;456;607
1,23187,23437,1,0,0,10,4,239;222;65;438;164;275;588;509;491;642
1,23179,23426,1,0,0,10,4,239;230;73;446;334;283;596;517;499;650
1,22987,23270,1,0,0,11,7,29;15;460;111;422;265;638;526;475;788;709
1,22967,23039,1,0,0,11,4,49;71;480;131;442;285;658;546;495;808;729
0,22853,22916,1,0,0,11,0,163;59;6;185;594;245;556;399;772;660;609
1,22819,22879,1,0,0,10,2,197;93;40;219;628;279;590;433;806;694
1,23099,23171,1,0,0,9,3,348;310;129;526;403;363;676;597;579
1,23096,23161,1,0,0,10,2,351;2;313;156;529;403;366;679;600;582
1,23051,23114,1,0,0,10,1,396;47;358;201;574;462;411;724;645;627
1,23034,23087,1,0,0,11,2,4;404;64;375;218;591;479;428;741;662;644
0,20976,21026,1,0,0,8,0,56;138;220;72;95;328;526;641
1,21010,21074,1,0,0,8,1,22;104;186;68;61;328;492;607
1,21036,21106,1,0,0,7,2,78;160;42;35;328;466;581
1,21045,21100,1,0,0,7,1,69;151;11;26;320;457;572
1,21125,21353,1,0,0,6,3,71;240;377;492;511;944
1,21128,21400,1,0,0,6,4,58;237;374;489;508;941
1,21136,21216,1,0,0,6,1,58;109;366;481;500;933
0,21154,21204,1,0,0,6,0,42;109;291;463;482;915
1,21179,21469,1,0,0,6,3,17;109;291;438;457;890
1,21188,21269,1,0,0,6,2,8;109;291;186;448;881
1,21215,21440,1,0,0,5,3,93;287;186;421;854
1,21219,21283,1,0,0,5,2,75;283;186;417;850
0,21223,21310,1,0,0,5,0,75;279;186;362;846
1,21252,21488,1,0,0,5,3,75;250;186;362;817
1,21253,21539,1,0,0,5,3,75;249;136;362;816
0,21268,21335,1,0,0,5,0,68;234;136;362;801
1,20548,20622,1,0,0,9,2,13;185;300;484;405;566;648;530;523
1,20548,20633,1,0,0,9,1,13;185;300;484;405;566;631;530;523
1,20603,20669,1,0,0,9,1,185;300;429;366;482;593;475;468;762
0,20598,20654,1,0,0,9,0,185;300;434;371;482;598;480;473;767
1,20619,20687,1,0,0,9,1,185;295;413;317;482;577;459;452;746
1,20618,20674,1,0,0,9,1,185;295;414;351;482;578;460;453;747
1,20637,20722,1,0,0,10,2,185;295;395;317;477;559;402;434;728;865
0,20625,20701,1,0,0,10,0,185;295;407;317;482;571;402;446;740;877
1,20682,20735,1,0,0,11,1,185;285;350;287;432;514;396;389;683;820;935
1,20641,20718,1,0,0,10,2,185;295;391;317;473;532;402;430;724;861
1,20817,20894,1,0,0,11,2,82;150;215;152;297;379;261;254;548;685;800
1,20751,20831,1,0,0,11,4,148;216;281;218;363;445;327;320;614;751;866
1,20819,20887,1,0,0,11,3,68;113;213;150;295;377;259;252;546;683;798
1,20818,21034,1,0,0,11,5,81;113;214;151;296;378;260;253;547;684;799
1,20966,21039,1,0,0,10,1,1;66;3;148;230;112;105;328;536;651
1,20959,21175,1,0,0,10,3,8;73;10;155;237;119;112;406;543;658
0,21821,21876,1,0,0,4,0,168;480;150;696
1,21898,21971,1,0,0,4,1,168;473;73;619
1,21781,21993,1,0,0,3,1,168;481;190
1,21808,22107,1,0,0,4,2,168;481;157;709
1,21951,22187,1,0,0,7,4,118;352;20;566;793;489;766
1,22022,22109,1,0,0,6,1,47;225;495;722;418;695
0,21899,21987,1,0,0,4,0,168;464;72;618
1,21936,22021,1,0,0,6,1,133;435;35;581;808;504
1,22077,22154,1,0,0,5,1,225;440;622;363;636
1,22102,22307,1,0,0,5,3,225;415;610;338;615
0,22032,22101,1,0,0,6,0,37;225;485;712;408;636
1,22062,22124,1,0,0,6,1,7;225;455;682;378;636
0,22152,22234,1,0,0,5,0,191;365;584;288;565
1,22179,22267,1,0,0,6,1,191;338;565;261;538;837
1,22131,22389,1,0,0,5,4,213;386;610;309;586
1,22133,22202,1,0,0,5,1,191;384;610;307;584
0,21365,21430,1,0,0,5,0,0;137;136;125;704
0,21363,21452,1,0,0,5,0,2;139;136;125;706
0,21341,21399,1,0,0,5,0,24;161;136;125;728
1,21303,21544,1,0,0,5,1,62;199;136;333;766
1,21452,21515,1,0,0,5,2,50;136;125;617;919
0,21425,21480,1,0,0,5,0,77;136;125;642;946
1,21376,21440,1,0,0,4,1,126;136;125;642
1,21371,21449,1,0,0,4,1,131;136;125;698
1,21490,21767,1,0,0,5,3,12;127;125;579;881
0,21469,21736,1,0,0,5,0,22;135;125;600;902
1,21463,21533,1,0,0,5,1,39;135;125;606;908
0,21454,21543,1,0,0,5,0,48;135;125;615;917
1,21712,21983,1,0,0,3,1,168;659;259
1,21671,21907,1,0,0,3,3,398;667;300
1,21623,21710,1,0,0,4,1,13;446;748;348
0,21523,21587,1,0,0,4,0,94;113;546;848
1,19273,19362,1,0,0,11,4,63;34;392;379;765;398;555;726;250;363;466
1,19282,19513,1,0,0,11,7,54;34;383;370;756;342;546;717;241;354;457
1,19298,19356,1,0,0,11,1,24;34;367;354;740;342;530;701;225;338;441
1,19318,19403,1,0,0,11,1,18;34;347;334;720;342;510;681;194;318;421
1,19203,19499,1,0,0,10,7,113;240;452;449;835;468;625;796;320;433
1,19214,19301,1,0,0,10,1,113;34;451;438;824;457;614;785;309;422
1,19236,19491,1,0,0,10,6,80;34;429;416;802;435;592;763;287;400
1,19247,19312,1,0,0,10,1,80;34;408;405;791;424;581;752;276;389
0,19448,19517,1,0,0,12,0,21;217;147;590;223;380;551;75;188;291;647;711
1,19452,19520,1,0,0,12,1,17;213;147;586;219;376;547;71;184;287;643;707
1,19537,19610,1,0,0,12,1,128;115;501;134;291;462;99;202;558;622;496;498
1,19560,19809,1,0,0,13,7,105;92;478;111;253;439;76;179;535;599;473;475;860
0,19341,19412,1,0,0,10,0,34;282;311;697;330;487;658;182;295;398
1,19363,19601,1,0,0,10,5,34;282;289;675;308;465;636;160;273;376
1,19379,19454,1,0,0,11,2,34;282;150;659;292;449;620;144;257;360;716
1,19447,19510,1,0,0,12,1,22;218;150;591;224;381;552;76;189;292;648;712
0,18978,19029,1,0,0,5,0,136;158;491;687;674
1,18936,19223,1,0,0,4,4,400;200;533;729
1,18995,19062,1,0,0,5,1,132;141;474;670;657
1,18979,19068,1,0,0,5,1,136;157;490;686;673
0,18803,18876,1,0,0,7,0,46;50;99;512;333;666;862
1,18770,19040,1,0,0,8,3,79;83;16;132;566;366;699;895
0,18895,18947,1,0,0,5,0,7;428;241;574;770
1,18889,19156,1,0,0,5,3,13;447;247;580;776
1,19140,19212,1,0,0,8,1,113;319;506;512;898;531;688;859
1,19124,19200,1,0,0,9,1,124;12;319;506;528;914;547;704;875
1,19196,19278,1,0,0,10,1,113;273;452;456;842;475;632;803;327;440
1,19195,19282,1,0,0,10,1,113;274;470;457;843;476;633;804;328;441
1,19054,19301,1,0,0,7,5,132;82;415;611;598;984;617
0,19008,19078,1,0,0,5,0,132;108;461;657;644
1,19112,19181,1,0,0,9,1,124;24;357;506;540;926;559;716;887
1,19094,19295,1,0,0,9,3,124;42;375;571;558;944;577;734;905
0,20237,20312,1,0,0,4,0,94;324;662;220
1,20346,20409,1,0,0,10,1,74;215;553;111;621;686;623;768;850;732
1,20114,20339,1,0,0,5,3,45;306;62;447;785
0,20191,20249,1,0,0,4,0,94;370;708;266
1,20043,20129,1,0,0,6,1,52;116;377;16;133;518
1,20080,20142,1,0,0,5,1,15;79;340;96;481
0,20031,20084,1,0,0,9,0,7;64;128;2;4;389;28;145;530
1,20038,20093,1,0,0,7,1,0;57;121;382;21;138;523
1,20540,20621,1,0,0,9,1,21;359;300;492;429;574;656;538;531
1,20544,20758,1,0,0,9,4,17;355;300;488;405;570;652;534;527
1,20492,20542,1,0,0,9,1,51;407;300;540;477;622;704;586;579
1,20496,20549,1,0,0,9,1,51;403;300;536;473;618;691;582;575
1,20449,20674,1,0,0,10,4,112;450;8;518;583;520;665;721;629;622
1,20485,20548,1,0,0,9,1,76;414;300;547;484;629;711;593;586
1,20417,20476,1,0,0,11,1,3;144;482;40;550;615;552;697;779;661;654
1,20436,20520,1,0,0,10,2,125;463;21;531;596;533;678;760;642;635
1,19765,19853,1,15,0,11,2,59;63;234;330;375;268;270;655;294;411;762
1,19764,20044,1,0,0,11,9,73;64;235;331;375;269;271;656;295;412;762
1,19761,19819,1,0,0,11,1,73;67;238;334;375;272;274;659;298;415;800
1,19743,20006,1,0,0,11,8,295;85;256;352;375;290;292;677;316;433;806
1,19725,19810,1,0,0,12,2,313;103;274;14;370;434;308;310;695;334;451;806
1,19724,19796,1,0,0,12,1,314;104;275;15;371;435;309;311;696;335;452;837
1,19614,19703,1,0,0,14,1,51;38;424;26;214;385;22;125;481;545;419;421;806;445
0,19590,19656,1,0,0,13,0,75;62;448;26;238;409;46;149;505;569;443;445;830
1,20007,20057,1,0,0,9,1,31;88;152;26;28;413;52;169;554
1,19932,19998,1,0,0,10,1,48;67;163;227;101;78;488;127;244;629
1,19927,19986,1,0,0,10,2,48;72;168;232;106;108;493;132;249;634
1,19890,20155,1,0,0,10,4,59;109;205;269;143;115;530;169;286;671
1,19880,19940,1,0,0,10,3,59;119;215;279;153;155;540;179;296;681
1,19822,19907,1,0,0,11,1,59;6;177;273;337;211;213;598;237;354;739
1,19804,19860,1,0,0,11,1,59;24;195;291;355;229;231;616;255;372;757
0,19771,19830,1,0,0,11,0,59;57;199;324;375;262;264;649;288;405;762
1,17527,17731,1,0,0,7,6,272;107;341;410;219;330;589
0,17486,17546,1,0,0,7,0,276;134;382;441;260;371;630
1,17564,17626,1,0,0,7,3,146;70;304;373;182;293;552
1,17541,17753,1,0,0,7,5,168;93;327;396;205;316;575
1,17684,17742,1,0,0,7,1,115;184;253;62;173;432;851
0,17627,17710,1,0,0,7,0,133;7;241;310;119;230;489
1,17758,17820,1,0,0,6,1,41;110;179;99;358;777
1,17727,17785,1,0,0,7,1,72;141;210;19;119;389;808
1,17255,17332,1,0,0,7,1,14;47;544;379;613;682;491
1,17155,17404,1,0,0,9,6,20;114;61;147;644;479;713;782;591
1,17324,17391,1,0,0,5,1,475;134;544;613;422
1,17303,17520,1,0,0,5,3,496;331;565;634;443
0,17413,17464,1,0,0,6,0,386;134;455;524;333;444
0,17355,17419,1,0,0,6,0,444;134;513;582;391;502
1,17472,17536,1,0,0,7,2,276;134;396;465;274;385;644
1,17444,17531,1,0,0,6,1,355;134;424;493;302;413
1,16996,17247,1,0,0,8,4,170;273;117;220;306;803;638;872
1,16998,17083,1,0,0,8,1,158;271;115;218;304;801;636;870
1,17020,17094,1,0,0,8,1,130;249;93;196;282;779;614;848
1,17053,17138,1,0,0,8,1,130;216;60;163;249;746;581;815
1,17068,17130,1,0,0,8,1,123;201;44;148;234;731;566;800
0,17091,17172,1,0,0,8,0,76;178;22;125;211;708;543;777
1,17141,17410,1,0,0,9,6,50;128;75;161;658;493;727;796;605
1,17146,17202,1,0,0,9,2,33;123;70;156;653;488;722;791;600
0,16725,16799,1,0,0,5,0,370;544;388;491;577
0,16738,16801,1,0,0,5,0,370;531;375;478;564
0,16856,16929,1,0,0,7,0,335;413;257;360;446;943;778
1,16901,16978,1,0,0,7,2,290;368;212;315;401;898;733
1,16908,16961,1,0,0,7,1,283;361;156;308;394;891;726
0,16952,17012,1,0,0,7,0,239;317;156;264;350;847;682
0,16979,17039,1,0,0,8,0,212;290;134;237;323;820;655;889
1,16991,17211,1,0,0,8,4,200;278;122;225;311;808;643;877
1,18599,18687,1,0,0,10,1,250;87;254;98;187;303;737;537;870;1066
1,18531,18589,1,0,0,11,1,4;40;50;302;132;322;166;255;371;805;605
1,18484,18552,1,0,0,11,2,51;87;97;302;132;369;213;302;418;852;652
1,18460,18695,1,0,0,11,6,75;111;120;333;132;393;237;326;442;876;676
1,18704,18968,1,0,0,8,5,145;149;82;198;632;432;765;961
1,18653,18719,1,0,0,10,1,196;24;200;44;133;249;683;470;816;1012
1,18631,18875,1,0,0,10,4,218;55;222;66;155;271;705;470;838;1034
0,18604,18679,1,0,0,10,0,245;82;249;93;182;298;732;470;865;1061
1,18384,18679,1,0,0,10,8,151;187;197;45;465;302;469;313;402;518
1,18344,18423,1,0,0,10,1,191;227;237;85;497;342;509;339;442;558
1,18311,18396,1,0,0,10,1,224;260;270;118;497;375;542;339;475;591
1,18309,18383,1,0,0,10,1,226;262;272;120;497;377;544;385;477;593
1,18460,18544,1,0,0,11,2,75;111;120;312;132;393;237;326;442;876;676
1,18451,18714,1,0,0,11,6,84;120;120;398;132;402;246;335;451;885;685
1,18448,18725,1,0,0,11,7,87;123;120;401;238;405;249;338;454;888;688
1,18441,18514,1,0,0,11,2,94;130;140;408;245;412;256;345;461;895;695
1,18233,18311,1,0,0,10,3,302;338;348;196;616;453;620;464;553;669
1,18233,18316,1,0,0,10,3,271;338;348;196;616;453;620;464;553;669
1,18141,18418,1,0,0,8,8,338;430;440;288;708;545;712;556
1,18169,18238,1,0,0,10,1,320;402;412;260;680;517;684;528;617;733
1,18286,18360,1,0,0,10,3,249;285;295;143;563;391;567;385;500;616
0,18296,18347,1,0,0,10,0,239;275;285;133;497;390;557;385;490;606
1,18245,18326,1,0,0,10,1,257;326;336;184;604;441;608;452;541;657
1,18255,18333,1,0,0,10,1,257;316;326;174;594;391;598;442;531;647
1,17877,17940,1,0,0,6,1,60;239;658;694;704;552
1,17960,18198,1,0,0,5,3,156;575;611;621;469
1,17762,17823,1,0,0,6,1,37;106;175;76;354;773
1,17795,17861,1,0,0,8,1,4;73;142;62;321;740;776;786
0,17975,18047,1,0,0,5,0,120;338;596;555;454
0,18091,18164,1,0,0,8,0,25;338;480;490;338;758;595;762
1,17965,18035,1,0,0,5,1,151;338;606;616;464
1,17968,18028,1,0,0,5,2,148;338;603;555;461
0,15808,15864,1,0,0,9,0,229;133;466;266;419;256;624;566;745
0,15781,15844,1,0,0,8,0,256;160;493;293;446;283;651;593
1,15880,15955,1,0,0,9,1,157;61;394;194;347;184;552;494;673
0,15838,15901,1,0,0,9,0,199;103;436;236;389;226;594;536;715
1,15652,15871,1,0,0,10,5,32;66;52;95;385;289;622;422;575;412
1,15586,15659,1,0,0,9,4,32;132;118;161;451;355;688;488;641
0,15778,15830,1,0,0,8,0,259;163;496;296;449;286;654;596
0,15733,15783,1,0,0,8,0,14;304;208;541;341;494;331;699
1,15552,15829,1,16,0,8,5,57;153;152;195;485;389;722;522
1,15507,15774,1,0,0,6,3,174;153;197;240;530;434
0,15582,15637,1,0,0,9,0,32;136;122;165;455;359;692;492;645
1,15580,15831,1,0,0,9,5,57;138;124;167;457;361;694;494;647
1,15412,15464,1,0,0,7,2,68;174;45;306;292;335;625
0,15397,15486,1,0,0,7,0,83;174;60;321;307;350;640
1,15481,15568,1,0,0,6,1,174;237;210;266;556;460
1,15439,15504,1,0,0,7,1,41;174;18;279;265;308;598
0,15262,15319,1,0,0,9,0,19;52;218;422;195;456;121;442;485
1,15279,15563,1,0,0,10,3,2;35;201;405;178;439;104;425;468;758
1,15318,15398,1,0,0,8,2,162;270;139;400;65;386;429;719
0,15396,15456,1,0,0,7,0,84;174;61;322;308;351;641
1,15078,15152,1,0,0,10,2,46;203;234;402;134;606;379;640;305;626
1,15084,15164,1,0,0,11,1,46;197;230;396;128;600;337;634;299;620;663
0,15220,15296,1,0,0,9,0,61;94;260;464;237;498;163;484;527
0,15244,15313,1,0,0,9,0,37;70;236;440;213;474;139;460;503
0,15047,15109,1,0,0,10,0,46;234;244;433;165;637;410;671;336;657
1,15060,15146,1,0,0,10,3,46;221;244;420;152;624;397;658;323;644
0,15066,15116,1,0,0,10,0,46;215;234;414;146;618;391;652;317;638
0,15068,15122,1,0,0,10,0,46;213;234;412;144;616;389;650;315;636
1,14975,15052,1,0,0,10,1,46;33;306;339;505;237;709;482;743;408
0,14976,15061,1,0,0,10,0,46;32;263;338;504;236;708;481;742;407
1,15001,15058,1,0,0,10,1,46;7;263;313;479;211;683;456;717;382
1,15023,15223,1,0,0,9,6,46;258;291;457;189;661;434;695;360
1,16691,16758,1,0,0,7,1,3;12;384;578;422;525;611
1,16661,16951,1,0,0,7,3,33;42;530;608;452;555;641
0,16493,16580,1,0,0,6,0,60;51;201;120;210;698
1,16450,16534,1,0,0,6,1,93;94;235;203;253;741
1,16442,16531,1,0,0,6,1,111;102;235;211;261;749
1,16421,16477,1,16,0,7,1,1;132;123;235;232;282;770
1,16403,16481,1,0,0,6,1,13;150;141;235;250;300
1,16393,16476,1,0,0,6,1,13;160;151;301;260;310
0,16363,16428,1,0,0,7,0,13;4;190;181;331;290;340
1,16329,16388,1,0,0,6,1,13;4;224;215;365;324
0,16323,16379,1,0,0,6,0,13;4;230;221;371;330
1,16292,16354,1,0,0,6,1,13;4;261;252;402;361
1,16291,16374,1,0,0,6,1,13;83;262;253;403;362
1,16249,16515,1,16,0,6,4,25;22;125;304;295;445
1,16249,16307,1,0,0,6,2,25;21;125;304;295;445
1,16246,16305,1,0,0,6,2,28;22;128;307;298;448
1,16187,16398,1,0,0,7,3,87;40;172;187;366;357;507
1,16239,16504,1,0,0,6,4,35;168;135;314;305;455
1,16115,16196,1,0,0,7,2,159;112;172;259;438;410;579
1,16126,16203,1,0,0,7,2,148;100;172;248;427;410;568
1,16095,16308,1,0,0,6,2,179;127;337;279;458;410
1,16106,16328,1,0,0,7,3,162;121;326;268;447;410;588
1,16081,16145,1,0,0,6,1,193;127;351;293;472;463
1,16090,16149,1,0,0,6,1,184;127;342;284;463;410
1,16027,16104,1,0,0,9,2,10;199;35;200;37;377;347;526;517
1,16037,16275,1,0,0,9,4,0;199;35;147;27;377;337;516;507
1,15994,16047,1,0,0,8,2,43;246;35;233;70;438;380;559
1,16002,16057,1,0,0,8,1,35;199;35;225;62;430;372;551
1,15923,16183,1,0,0,9,4,114;18;253;151;304;141;509;451;602
1,15926,16012,1,0,0,9,2,111;15;253;35;301;138;506;448;602
0,15897,15968,1,0,0,9,0,140;44;377;177;330;167;535;477;602
1,15922,16131,1,0,0,9,4,115;19;352;152;305;142;510;452;602
0,12995,13071,1,0,0,7,0,109;203;275;241;436;773;613
1,12994,13242,1,0,0,7,4,109;204;276;242;437;774;614
1,12981,13187,1,0,0,7,6,227;204;289;255;450;785;627
0,12975,13035,1,0,0,7,0,227;204;295;261;456;785;633
1,13080,13319,1,0,0,9,5,10;190;190;156;351;688;528;726;778
0,13047,13099,1,0,0,9,0,10;203;223;189;384;721;561;759;811
1,13034,13307,1,0,0,9,7,109;203;236;202;389;734;574;772;824
1,13003,13085,1,0,0,8,2,109;203;267;233;428;765;605;803
0,13193,13249,1,0,0,9,0,10;43;77;43;238;551;415;613;665
1,13179,13439,1,0,0,9,6,10;91;91;57;252;551;429;627;679
1,13159,13244,1,0,0,9,1,10;111;111;77;272;609;449;647;699
0,13103,13191,1,0,0,9,0,10;167;167;133;290;665;505;703;755
0,13308,13371,1,0,0,6,0,123;460;300;498;550;800
0,13243,13324,1,0,0,7,0,27;27;188;525;365;563;615
0,13240,13315,1,0,0,7,0,30;30;191;528;368;566;618
0,13204,13260,1,0,0,9,0,4;43;66;32;227;551;404;602;654
0,13359,13442,1,0,0,6,0,72;388;249;447;499;749
1,13399,13474,1,0,0,6,1,32;369;209;407;459;709
1,13309,13548,1,0,0,6,4,122;459;299;497;549;799
0,13313,13368,1,0,0,6,0,118;388;295;493;545;795
1,13515,13594,1,0,0,6,1,253;93;291;343;593;785
1,13554,13793,1,0,0,6,4,214;54;252;270;554;746
1,13448,13740,1,0,0,5,2,320;160;358;410;660
1,13475,13558,1,0,0,5,1,293;133;300;383;633
0,13663,13732,1,0,0,8,0,105;53;195;445;637;144;847;318
0,13685,13745,1,0,0,9,0,83;53;173;423;615;122;825;296;1071
1,13558,13831,1,0,0,6,2,210;50;53;270;550;742
1,13608,13844,1,0,0,9,5,160;0;53;250;500;692;199;902;373
1,13810,13891,1,0,0,6,1,48;298;490;700;171;946
0,13891,13943,1,0,0,5,0,217;409;619;90;865
1,13727,13800,1,0,0,9,1,41;53;131;381;573;80;783;254;1029
0,13788,13868,1,0,0,8,0,18;70;320;512;19;722;193;968
1,13958,14014,1,0,0,6,1,150;342;552;23;798;484
0,13892,13966,1,0,0,5,0,216;408;618;89;864
1,14040,14329,1,0,0,7,6,68;260;470;716;402;580;838
0,13987,14056,1,0,0,5,0,121;313;523;769;446
1,14133,14189,1,0,0,6,1,136;377;623;309;487;745
0,14071,14157,1,0,0,7,0,37;136;439;685;371;549;807
0,14250,14309,1,0,0,7,0,50;260;506;192;370;628;496
0,14165,14216,1,0,0,6,0,135;345;591;277;455;713
1,14298,14376,1,0,0,7,2,2;212;458;116;322;580;448
1,14297,14362,1,0,0,7,1,3;213;459;145;323;581;449
1,14327,14386,1,0,0,6,1,182;293;115;293;551;419
1,14307,14576,1,0,0,6,4,182;449;116;313;571;439
1,14370,14447,1,0,0,6,2,107;293;72;250;508;376
1,14362,14441,1,0,0,6,2,128;293;80;258;516;384
1,14436,14501,1,0,0,7,1,74;293;6;184;442;310;547
1,14419,14619,1,0,0,7,1,91;293;23;201;459;327;733
0,14443,14512,1,0,0,6,0,57;293;177;435;303;547
1,14494,14779,1,0,0,6,3,16;262;126;384;252;547
1,14534,14738,1,0,0,6,2,222;86;114;212;547;474
1,14604,14869,1,0,0,8,4,152;16;114;9;547;404;677;710
1,14608,14668,1,0,0,8,1,148;12;108;9;544;400;673;706
1,14628,14716,1,0,0,7,2,128;108;9;524;380;653;686
0,14668,14753,1,0,0,9,0,88;108;9;484;340;613;646;812;544
1,14669,14747,1,0,0,9,2,87;108;9;483;339;612;645;811;543
1,14685,14753,1,0,0,9,1,67;108;9;467;323;596;629;795;527
1,14727,14783,1,0,0,10,2,29;108;9;425;281;554;587;753;485;957
1,14741,14971,1,0,0,10,5,15;108;5;411;267;540;573;739;471;943
1,14792,14877,1,0,0,9,2,9;360;216;489;522;688;420;892;665
1,14809,15035,1,0,0,10,4,9;338;199;472;505;671;403;875;648;909
1,14868,15095,1,0,0,10,5,9;284;140;413;446;612;344;816;589;850
1,14909,14976,1,0,0,10,1,243;99;372;405;571;303;775;548;809;474
1,14933,15165,1,0,0,10,6,219;75;348;381;547;279;721;524;785;450
1,11254,11305,1,0,0,7,1,50;312;182;510;515;800;798
1,11185,11267,1,0,0,6,1,119;63;312;251;579;584
1,11137,11422,1,0,0,6,3,133;111;560;266;627;632
1,11116,11330,1,0,0,6,2,133;132;581;320;648;653
1,11115,11175,1,0,0,6,2,152;133;582;321;649;654
1,11112,11183,1,0,0,6,2,192;136;585;324;652;657
1,11075,11149,1,0,0,6,2,229;173;622;361;689;694
0,11033,11102,1,0,0,6,0,271;176;664;403;731;736
1,11397,11478,1,0,0,6,1,171;39;367;370;473;655
1,11391,11473,1,0,0,6,1,171;45;373;378;473;661
1,11386,11633,1,0,0,6,2,171;50;378;383;668;666
1,11352,11601,1,0,0,6,4,172;84;412;415;702;700
1,11323,11565,1,0,0,6,4,312;113;441;415;731;729
0,11315,11379,1,0,0,6,0,312;121;449;415;739;737
1,11307,11374,1,0,0,6,1,312;129;457;415;747;745
1,11304,11369,1,0,0,7,1,0;312;132;460;465;750;748
1,11839,11922,1,0,0,5,1,215;74;453;677;281
1,11863,11950,1,0,0,5,1,191;74;429;652;257
1,11744,11798,1,0,0,6,1,20;25;300;308;548;772
1,11834,12049,1,0,0,5,4,220;218;458;682;286
0,11699,11761,1,0,0,5,0,65;70;341;353;593
1,11725,11928,1,0,0,6,2,39;44;329;327;567;791
0,11558,11620,1,0,0,5,0,139;206;211;473;494
1,11681,11732,1,0,0,6,1,16;83;88;373;371;611
1,12180,12447,1,0,0,6,4,112;150;476;682;357;529
0,12226,12295,1,0,0,6,0,66;150;429;636;311;483
1,12112,12406,1,0,0,7,6,134;404;8;527;750;425;597
1,12172,12374,1,0,0,6,4,120;344;484;690;365;537
1,12069,12136,1,0,0,6,1,134;447;51;587;793;468
0,12082,12136,1,0,0,6,0,134;434;38;527;780;455
1,11874,11954,1,0,0,5,1,172;74;418;642;246
1,12047,12269,1,0,0,8,4,7;5;245;469;73;609;815;490
1,12301,12581,1,0,0,5,3,108;141;561;236;383
1,12294,12373,1,0,0,5,1,108;141;568;243;415
1,12375,12652,1,0,0,6,4,91;139;487;162;334;365
1,12323,12619,1,0,0,5,4,91;141;539;214;383
1,12240,12324,1,0,0,6,1,52;108;416;622;297;469
1,12234,12466,1,0,0,6,5,58;150;422;628;303;475
1,12293,12550,1,0,0,5,3,108;363;569;244;416
1,12257,12339,1,0,0,6,2,35;108;396;605;280;452
1,12462,12541,1,0,0,6,2,44;119;219;75;247;278
1,12443,12738,1,0,0,6,4,44;139;219;94;266;297
1,12573,12816,1,0,0,6,5,83;219;136;167;635;697
0,12568,12633,1,0,0,6,0,88;219;141;172;640;702
0,12385,12447,1,0,0,6,0,44;139;271;152;324;355
1,12376,12447,1,0,0,6,2,91;139;271;161;333;364
1,12404,12663,1,0,0,6,3,44;139;271;133;305;336
0,12397,12480,1,0,0,6,0,44;139;271;140;312;343
0,12676,12733,1,0,0,7,0,155;33;64;532;594;594;560
1,12701,12778,1,0,0,7,1,155;8;39;507;569;569;535
1,12784,12850,1,0,0,7,1,78;424;486;486;452;647;984
1,12795,12865,1,0,0,7,1,67;413;475;475;441;636;965
1,12596,12675,1,0,0,6,2,60;219;113;144;612;674
0,12624,12680,1,0,0,7,0,26;219;85;116;584;646;646
0,12644,12697,1,0,0,8,0,12;218;65;96;564;626;626;592
1,12674,12973,1,0,0,7,5,188;35;66;534;596;596;562
1,12937,13003,1,0,0,7,1,227;333;333;299;494;830;671
0,12953,13019,1,0,0,7,0,227;317;317;283;478;785;655
1,12959,13237,1,0,0,7,6,227;311;311;277;472;785;649
0,12963,13019,1,0,0,7,0,227;204;307;273;468;785;645
0,12851,12904,1,0,0,7,0,11;357;419;419;385;580;917
1,12928,12996,1,0,0,7,1,280;342;342;308;503;840;680
1,12931,13166,1,0,0,7,5,277;339;339;305;500;830;677
1,12937,13020,1,0,0,7,1,227;333;333;299;494;812;671
0,9319,9381,1,0,0,9,0,142;43;192;213;688;576;238;483;778
0,9384,9453,1,0,0,9,0,104;127;174;623;511;173;418;713;734
0,9199,9253,1,0,0,8,0,67;142;163;312;359;808;696;358
1,9278,9349,1,0,0,8,1,142;84;233;280;729;617;279;524
1,9485,9697,1,0,0,10,5,3;26;73;522;410;72;317;612;633;893
1,9598,9659,1,0,0,8,1,409;297;204;499;520;780;873;537
0,9447,9510,1,0,0,9,0,41;64;111;560;448;110;355;650;671
1,9451,9530,1,0,0,9,3,37;60;107;556;444;106;351;646;667
1,9008,9095,1,0,0,10,1,140;258;24;43;65;430;88;354;503;550
1,9066,9335,1,0,0,11,6,92;200;24;7;422;30;296;445;492;941;829
0,8949,9001,1,0,0,9,0,140;317;24;102;90;539;147;413;562
1,8985,9071,1,0,0,9,1,140;281;24;66;88;503;111;377;526
0,9144,9222,1,0,0,9,0,4;122;344;218;367;414;863;751;413
1,9157,9450,1,0,0,9,7,1;109;331;205;354;401;850;738;400
1,9100,9150,1,0,0,9,1,58;166;388;262;411;458;907;795;457
1,9138,9197,1,0,0,9,1,20;128;350;224;373;420;869;757;419
1,10001,10082,1,0,0,13,2,6;85;117;377;470;134;469;282;108;279;196;482;633
1,9997,10069,1,0,0,13,2,10;100;121;381;474;138;473;286;112;283;200;486;637
0,9976,10057,1,0,0,13,0,31;121;142;402;495;159;494;307;133;304;221;507;658
1,9949,10018,1,0,0,12,2,58;148;169;429;522;186;521;334;160;331;248;534
1,10083,10169,1,0,0,14,1,14;35;295;388;52;344;200;26;197;114;400;551;610;598
1,10068,10147,1,0,0,13,1,29;46;310;403;67;402;215;41;212;129;415;566;625
1,10045,10119,1,0,0,13,3,52;73;333;426;90;425;238;64;235;152;438;589;648
1,10010,10072,1,0,0,12,2,85;95;368;461;125;460;273;99;270;187;473;624
1,9705,9773,1,0,0,11,1,302;190;97;392;413;673;766;430;765;578;404
1,9644,9723,1,0,0,9,2,361;251;158;453;462;734;827;491;826
1,9636,9712,1,0,0,9,2,371;259;166;461;462;742;835;499;834
0,9608,9695,1,0,0,9,0,399;287;194;489;462;770;863;527;862
1,9922,9986,1,0,0,12,1,85;175;189;456;549;213;548;361;187;358;275;561
1,9896,10175,1,0,0,11,6,111;201;222;482;575;239;574;387;213;384;301
1,9829,10065,1,0,0,12,5,178;66;268;289;549;642;306;641;454;280;451;368
1,9776,9837,1,0,0,13,2,231;119;26;321;342;602;695;359;694;507;333;504;421
0,10360,10426,1,0,0,11,0,18;111;110;119;274;333;321;170;310;944;475
1,10412,10477,1,0,0,10,1,59;58;71;222;281;269;118;258;892;423
1,10429,10494,1,0,0,10,1,42;33;54;205;264;252;101;241;875;406
1,10451,10537,1,0,0,10,1,20;19;15;183;242;230;79;219;853;384
0,10462,10540,1,0,0,10,0,9;8;15;172;181;219;68;208;842;373
1,10463,10680,1,0,0,10,4,8;7;15;171;181;218;67;207;841;372
1,10507,10566,1,0,0,8,1,73;181;174;23;163;797;328;741
1,10514,10575,1,0,0,8,1,73;179;167;16;156;790;321;715
1,10217,10298,1,0,0,11,2,161;254;253;66;63;266;417;476;464;313;453
1,10220,10466,1,0,0,11,5,158;251;250;63;60;193;414;473;461;310;450
0,10248,10312,1,0,0,11,0,130;223;222;35;32;193;386;445;433;282;422
0,10287,10345,1,0,0,10,0,91;184;183;193;347;406;394;243;383;1017
1,10319,10406,1,0,0,11,2,59;152;151;164;315;374;362;211;351;985;516
0,10339,10394,1,0,0,11,0,39;132;131;143;295;354;342;191;331;965;496
0,10348,10408,1,0,0,11,0,30;123;122;135;286;345;333;182;322;956;487
1,10350,10407,1,0,0,11,1,28;121;120;133;284;343;331;180;320;954;485
1,10835,11094,1,15,0,7,4,440;0;413;862;601;929;934
0,10824,10890,1,0,0,7,0,440;11;424;873;612;940;945
1,10839,10898,1,0,0,6,1,440;193;858;597;925;930
0,10837,10908,1,0,0,6,0,440;193;860;599;927;932
0,10939,11003,1,0,0,6,0,365;176;758;497;825;830
1,10883,10948,1,0,0,6,2,421;176;814;553;881;886
1,11007,11064,1,0,0,6,1,297;176;690;429;757;762
0,10949,11009,1,0,0,6,0,355;176;748;487;815;820
1,10586,10653,1,0,0,7,1,48;107;95;84;718;249;662
0,10536,10617,1,0,0,7,0,60;157;145;134;768;299;712
1,10661,10921,1,0,0,8,4,20;20;9;643;174;587;1036;775
1,10647,10705,1,0,0,8,1,46;34;23;657;188;601;1050;789
0,10737,10803,1,0,0,5,0,513;98;511;960;699
0,10734,10817,1,0,0,5,0,513;101;514;963;702
1,10808,11080,1,0,0,7,4,479;27;440;889;628;956;961
1,10787,10843,1,0,0,5,2,513;48;461;910;649
1,7633,7870,1,0,0,4,2,52;42;594;473
1,7634,7837,1,0,0,4,2,52;42;594;473
1,7626,7891,1,0,0,4,1,52;119;594;473
0,7630,7711,1,0,0,4,0,52;42;594;473
0,7560,7615,1,0,0,4,0,52;185;594;689
1,7619,7875,1,0,0,4,1,52;126;594;630
1,7459,7744,1,0,0,5,3,88;21;274;286;856
1,7556,7788,1,0,0,6,2,0;1;52;189;759;693
0,7421,7502,1,0,0,5,0,135;21;312;324;869
1,7441,7667,1,0,0,5,4,115;21;292;304;869
1,7397,7448,1,0,0,6,1,159;19;21;336;348;918
0,7413,7502,1,0,0,6,0,143;3;21;320;332;869
1,7324,7572,1,0,0,5,3,217;92;21;409;421
1,7325,7378,1,0,0,5,1,188;91;21;408;420
1,7314,7544,1,0,0,5,1,218;102;161;419;431
1,7316,7373,1,0,0,5,2,218;100;21;417;429
1,8150,8209,1,0,0,12,1,46;99;312;446;213;488;414;285;208;209;221;757
0,8112,8181,1,16,0,12,0,46;137;350;484;251;526;452;323;246;247;259;795
1,8087,8336,1,0,0,12,8,228;162;375;509;276;551;477;348;271;272;284;820
1,7958,8040,1,0,0,10,2,357;291;504;638;405;680;606;477;400;401
1,7876,7962,1,0,0,5,1,379;354;539;720;487
1,7873,7961,1,0,0,5,2,379;354;589;723;490
1,7871,8124,1,0,0,5,3,444;354;591;725;492
1,7863,8081,1,0,0,5,4,447;378;599;733;500
1,7854,7939,1,0,0,4,1,447;395;608;742
1,7824,7894,1,0,0,4,1,447;425;638;772
1,7793,8067,1,0,0,3,3,522;456;669
0,7790,7859,1,0,0,2,0,525;459
0,7745,7824,1,0,0,3,0,0;570;473
0,7730,7804,1,0,0,4,0,3;15;585;473
0,7690,7764,1,0,0,4,0,7;42;594;473
1,7681,7969,1,0,0,4,3,47;42;594;473
1,8498,8580,1,0,0,10,1,61;140;66;409;660;768;600;553;575;990
0,8516,8577,1,0,0,11,0,6;122;48;391;642;750;582;535;557;972;580
0,8550,8618,1,0,0,11,0,6;88;14;357;608;716;548;501;523;938;546
0,8559,8634,1,0,0,11,0,6;79;5;348;599;707;539;492;514;929;537
1,8395,8454,1,0,0,10,1,40;185;243;169;40;512;763;871;703;656
1,8395,8689,1,0,0,10,6,40;162;243;169;40;512;763;871;703;656
1,8423,8628,1,0,0,11,7,39;162;215;141;12;484;735;843;675;628;650
1,8449,8538,1,0,0,10,1,13;103;189;115;458;709;817;649;602;624
1,8345,8395,1,0,0,14,1,40;223;18;293;219;90;13;14;26;562;813;921;753;706
1,8353,8422,1,0,0,14,1,40;223;10;285;211;81;5;6;18;554;805;913;745;698
1,8356,8444,1,0,0,14,1,40;207;7;282;208;79;2;3;15;551;802;910;742;695
1,8388,8473,1,0,0,10,1,40;186;250;176;47;519;770;878;710;663
1,8154,8447,1,0,0,12,9,46;95;308;442;209;484;410;232;204;205;217;753
1,8161,8247,1,0,0,12,1,46;88;40;435;202;477;403;232;197;198;210;746
1,8259,8347,1,0,0,12,1,46;40;337;104;379;305;176;99;100;112;648;899
1,8261,8466,1,0,0,12,7,46;40;335;30;377;303;174;97;98;110;646;897
0,8922,8990,1,0,0,9,0,140;344;24;129;151;566;174;440;589
1,8911,9117,1,0,0,9,5,140;355;187;140;162;577;185;451;600
1,8941,9002,1,0,0,9,1,140;325;24;110;132;547;155;421;570
0,8924,8979,1,0,0,9,0,140;342;24;127;149;564;172;438;587
1,8808,8865,1,0,0,9,1,99;350;458;290;243;265;680;288;554
1,8785,8835,1,0,0,9,1,122;373;481;313;266;288;703;311;577
1,8891,9158,1,0,0,10,6,16;255;375;207;160;182;597;205;471;620
1,8881,8961,1,0,0,10,2,26;277;385;217;170;192;607;215;481;630
0,8751,8804,1,0,0,9,0,156;407;515;347;300;322;737;345;611
1,8696,8777,1,0,0,8,2,183;462;570;402;355;377;792;400
0,8773,8828,1,0,0,9,0,134;385;493;325;278;300;715;323;589
0,8773,8837,1,0,0,9,0,134;385;493;325;278;300;715;323;589
0,8639,8689,1,0,0,8,0,268;519;627;459;412;434;849;457
0,8590,8649,1,0,0,10,0,6;48;317;568;676;508;461;483;898;506
1,8678,8968,1,0,0,8,7,229;480;588;420;373;395;810;418
0,8642,8716,1,0,0,8,0,265;516;624;456;409;431;846;454
318
16360,16703,0.00,9
16287,16653,83.98,9
16106,16694,66.75,10
16009,16544,71.19,10
16588,17216,11.16,9
16565,17113,99.50,9
16522,17269,0.00,10
16419,17191,309.26,10
16978,17868,0.00,9
16790,17634,243.38,11
16764,17799,219.05,10
16656,17302,0.00,9
17462,18116,28.07,8
17326,17857,90.05,11
17123,17746,0.00,9
17092,17937,48.77,9
14747,15457,42.68,10
14805,15718,92.41,11
14665,15212,0.00,11
14687,15684,512.64,9
15083,15747,0.00,11
15264,16037,0.00,10
14895,15383,0.00,9
15035,15704,133.06,8
15549,16074,116.44,11
15562,16227,85.46,8
15448,15941,0.00,10
15522,16274,201.84,10
15743,16374,79.80,9
15805,16553,131.28,11
15640,16064,0.00,8
15693,16432,379.07,11
13276,14108,0.00,10
13033,13858,134.95,8
13576,13807,0.00,10
13509,14300,124.52,10
13601,13981,0.00,9
13581,14510,123.33,10
13905,14442,83.54,9
13683,14756,200.08,8
14000,14878,375.65,10
13989,14620,0.00,10
14399,15152,419.25,8
14168,14746,203.41,11
14559,15281,43.67,8
14508,15008,24.19,11
14640,15480,0.00,11
14576,15314,66.92,10
11606,12292,132.34,10
11706,12516,342.62,8
11798,12120,0.00,9
11893,12656,423.36,11
11897,12862,342.64,10
12005,12537,0.00,8
12105,12709,32.28,10
12337,12740,0.00,9
12484,13208,267.77,10
12530,13270,156.72,10
12623,13270,0.00,10
12637,13236,0.00,9
12717,13431,101.18,9
12759,13768,236.77,8
12870,13608,0.00,9
12996,13806,271.82,9
22497,23098,0.00,10
22450,23447,255.75,10
22442,23038,89.68,10
22305,22859,0.00,11
22276,22912,0.00,8
22165,23016,57.08,9
21951,22717,86.15,9
21932,22440,0.00,8
22990,23678,0.00,10
22958,23696,0.00,11
22893,23775,236.64,9
22830,23462,0.00,10
22776,23513,259.57,9
22692,23625,200.29,8
22505,23252,62.38,10
22498,23409,43.96,10
20399,21071,0.00,9
20555,21365,280.76,8
20332,21196,178.88,9
20343,21078,129.27,9
20277,20969,82.47,8
20326,21114,84.86,9
20259,20967,261.11,8
20269,21032,0.00,8
21785,22517,166.63,10
21928,22744,417.92,10
21394,22371,515.44,10
21588,21971,33.93,10
21081,21636,264.28,9
21095,22069,287.39,9
20625,21502,103.54,10
20679,21617,319.83,10
19248,19739,0.00,11
19182,19636,0.00,10
19431,20159,189.67,10
19373,20095,0.00,11
19062,19828,38.89,8
19016,19671,142.14,8
19149,19523,31.51,11
19090,19999,35.69,10
19632,20561,123.58,11
19624,20176,50.08,10
20133,20457,0.00,10
20111,20899,238.68,8
19518,20035,70.24,8
19457,20033,0.00,8
19599,20059,0.00,9
19557,20420,212.36,8
18004,18849,186.78,8
18012,18686,216.51,8
18066,18853,0.00,8
18103,18697,103.71,10
17660,18535,422.90,8
17767,18571,68.36,10
17767,18581,82.25,8
17805,18429,0.00,9
18537,19469,313.10,9
18591,19665,170.87,11
18944,19652,142.32,8
19009,20038,250.81,8
18167,18786,0.00,11
18168,18902,0.00,11
18395,19336,424.98,8
18408,19136,115.60,11
28651,29812,315.89,11
28910,29583,0.00,11
28631,29194,189.86,8
28646,29090,134.85,9
27937,28569,28.81,9
28064,29026,507.90,11
27660,28164,0.00,11
27726,28197,0.00,11
28350,28928,0.00,9
28530,29091,226.22,9
28250,29041,436.14,11
28293,28967,0.00,9
27443,28110,0.00,11
27340,28156,0.00,9
27339,28362,269.37,9
27303,28077,224.57,10
27604,28340,141.17,10
27575,28118,0.00,8
27479,28212,97.05,10
27443,28077,69.74,10
26595,27424,115.11,11
26517,27425,198.79,10
26511,27003,60.42,8
26474,26973,0.00,9
27139,27892,84.34,9
26928,27359,0.00,8
26780,27698,86.70,8
26641,27671,0.00,9
25874,26445,0.00,11
25947,26889,145.57,11
25980,27091,223.41,9
26028,26822,29.68,9
26180,26911,0.00,8
26220,27300,262.36,9
26360,27159,0.00,10
26366,27165,168.67,10
24718,25132,0.00,11
24858,25673,176.35,9
25325,25950,170.42,11
25444,26471,413.70,10
25473,26206,206.92,8
25519,26113,69.74,11
25720,26699,211.01,8
25850,26391,142.01,10
24291,25470,61.77,10
24173,25258,360.51,11
24462,25144,0.00,8
24422,25167,267.58,10
24655,25588,0.00,9
24597,25324,252.87,10
24674,25501,0.00,8
24666,25427,181.50,11
23291,23629,0.00,11
23171,23829,0.00,9
23564,24380,434.67,9
23390,24129,0.00,11
23845,24257,17.62,10
23699,24088,0.00,8
24094,24671,248.75,11
24038,24569,101.73,9
418,1353,294.34,11
250,1231,559.15,11
1763,2460,77.64,11
1614,2287,87.51,11
1500,1894,0.00,11
1461,2107,131.94,9
1432,2253,187.66,11
1426,1862,85.40,10
1220,1855,58.77,8
1188,1566,0.00,10
1066,2070,0.00,9
1065,1849,79.31,9
1059,1934,103.93,11
927,1545,110.20,9
841,1579,0.00,9
692,1348,151.37,8
690,1383,0.00,10
469,1429,268.30,8
3128,4186,211.42,11
3154,4188,324.74,11
3017,3846,421.35,9
3081,3800,0.00,11
2672,3350,28.66,11
2956,3612,44.71,11
2451,3078,0.00,9
2473,3267,0.00,9
2230,2886,0.00,9
2420,3080,81.70,10
2169,2895,69.07,9
2185,3167,0.00,11
2142,2745,60.78,8
2147,3144,122.48,9
1776,2331,99.53,11
1824,2625,130.33,8
4845,5785,381.85,11
4834,5349,187.15,9
4979,5973,204.51,11
4903,5488,0.00,10
4515,5383,155.57,10
4420,5166,0.00,10
4812,5567,203.08,9
4624,4986,0.00,8
4013,4559,246.58,11
3879,4749,328.22,11
4144,5110,251.06,9
4030,4428,0.00,8
3354,4233,0.00,9
3218,4063,0.00,11
3705,4410,309.10,8
3385,4141,0.00,9
5789,6889,340.32,9
5796,6663,0.00,11
5969,6633,0.00,9
5980,6642,0.00,10
5430,6520,308.30,10
5592,6297,0.00,11
5637,6654,113.84,8
5780,6436,0.00,11
5245,5689,0.00,11
5290,6201,328.58,11
5341,6059,0.00,11
5369,6118,108.91,8
5011,5581,48.61,10
5046,5541,0.00,9
5060,5948,138.09,8
5202,5780,0.00,8
6834,7733,307.40,10
6808,7213,0.00,11
6711,7557,498.58,11
6638,7416,152.59,9
7793,8462,380.18,8
7540,8249,218.41,11
7391,8315,538.45,8
7183,7745,77.73,9
6161,6854,0.00,8
6075,6473,0.00,9
6000,6575,0.00,8
5984,6585,0.00,8
6580,7556,387.44,9
6511,6903,0.00,10
6286,6975,97.28,10
6168,6819,0.00,9
8269,9266,0.00,10
8274,9098,163.67,10
8026,8907,46.72,8
8165,9158,197.30,9
8473,9488,285.09,8
8502,9096,0.00,8
8319,9051,0.00,8
8396,9073,90.47,10
7900,8638,0.00,10
7911,8564,0.00,9
7801,8596,329.56,9
7857,8363,74.58,10
7931,8359,0.00,8
7993,8371,0.00,11
7913,8435,79.76,9
7928,8358,0.00,11
9467,10378,0.00,8
9343,10118,193.59,11
9581,10135,0.00,9
9572,10471,0.00,8
9679,10283,0.00,11
9604,10470,106.06,9
9735,10280,75.78,9
9685,10109,0.00,9
8861,9511,0.00,8
8733,9362,0.00,8
9016,10007,111.06,9
8995,9558,67.38,10
9084,9557,0.00,8
9025,9895,0.00,8
9315,10097,64.97,10
9226,9802,0.00,8
10313,10835,0.00,10
10482,11248,292.94,11
10595,11697,415.79,10
10613,11436,54.06,9
10789,11764,0.00,9
10805,11769,73.70,10
11207,12054,312.44,8
11244,12052,144.94,10
9739,10197,0.00,11
9899,10483,148.28,9
9952,10634,111.89,8
10015,10693,94.00,8
10069,10681,0.00,11
10100,10530,0.00,11
10201,10670,0.00,8
10287,11304,317.54,9
