500
1,12150,12370,1,0,0,14,6,71;62;142;266;298;17;148;299;640;582;350;967;353;1077
1,12184,12461,1,0,0,13,9,37;28;108;232;276;114;265;612;548;316;950;319;930
0,12277,12357,1,0,0,11,0,15;139;183;21;172;519;455;223;857;226;770
1,12295,12378,1,0,0,10,1,121;165;3;154;501;437;205;839;208;770
1,12071,12136,1,0,0,15,3,150;37;141;65;221;345;389;96;227;378;640;661;403;1063;432
1,12094,12330,1,0,15,15,9,127;14;118;42;198;322;366;73;204;355;640;638;403;1036;409
1,12112,12192,1,0,0,14,4,109;100;24;180;304;348;55;186;337;640;620;388;978;391
1,12126,12185,1,0,0,14,1,95;86;10;166;290;334;41;172;323;640;606;374;967;377
0,12410,12474,1,0,0,10,0,6;50;39;386;322;90;724;93;770;589
0,12415,12472,1,0,0,10,0,1;45;34;381;317;85;719;88;770;584
0,12416,12471,1,0,0,10,0,0;44;33;380;316;84;718;87;770;583
1,12421,12483,1,0,0,9,2,39;28;375;311;79;713;82;770;578
1,12341,12423,1,0,0,9,2,75;119;108;455;391;159;793;162;770
1,12364,12452,1,0,0,9,1,52;96;85;432;368;136;764;139;770
0,12376,12430,1,0,0,9,0,40;72;73;420;356;124;758;127;770
1,12403,12470,1,0,0,10,2,13;57;46;393;329;97;731;100;770;596
1,11785,11842,1,15,0,12,2,13;436;323;425;351;507;267;631;276;651;382;513
1,11775,11862,1,0,0,12,2,23;446;333;437;361;517;277;641;286;651;392;523
1,11791,11855,1,0,0,12,1,7;430;317;415;344;501;261;625;270;651;376;507
1,11788,11862,1,0,0,12,1,10;433;320;424;344;504;264;628;273;651;379;510
1,11710,11786,1,0,0,12,1,88;511;392;502;426;564;342;706;351;750;457;588
1,11708,11781,1,0,0,12,1,90;513;400;504;428;564;344;708;353;752;459;590
1,11721,11932,1,0,0,12,8,77;500;387;474;415;564;331;695;340;739;446;577
1,11711,11799,1,0,0,12,2,87;510;392;488;425;564;341;705;350;749;456;587
1,11949,12026,1,0,0,13,4,272;159;263;187;343;103;467;112;511;218;349;500;640
1,11921,12137,1,0,0,13,7,300;184;291;215;371;131;495;140;539;246;377;528;640
1,12035,12101,1,0,0,16,2,186;73;177;101;257;17;377;26;425;132;263;414;640;697;465;1099
1,12012,12073,1,0,0,15,1,209;96;200;124;280;40;404;49;448;155;286;437;640;720;488
1,11852,11914,1,0,0,12,2,369;256;360;284;440;200;564;209;608;315;446;579
1,11841,11911,1,0,0,12,3,380;267;371;295;451;211;575;220;619;326;457;608
1,11910,12175,1,0,0,13,11,311;184;302;226;382;142;506;151;550;257;388;539;886
1,11904,11969,1,0,0,13,1,317;204;308;232;388;148;512;157;556;263;394;545;892
1,11507,11727,1,0,0,5,1,291;18;714;176;601
1,11528,11581,1,0,0,6,2,270;693;155;416;684;608
1,11455,11525,1,0,0,4,2,343;70;766;228
1,11462,11539,1,0,0,4,1,336;63;740;221
1,11302,11590,1,0,0,9,6,30;131;25;50;88;496;220;919;381
0,11323,11384,1,0,0,9,0,9;110;4;29;67;475;202;898;360
1,11238,11317,1,0,0,9,5,62;94;195;89;114;152;560;225;981
1,11276,11511,1,0,0,10,2,24;56;157;51;76;114;522;225;945;407
1,11696,11777,1,0,0,12,3,102;525;411;516;440;596;356;720;365;764;471;602
1,11707,11793,1,0,0,12,3,91;514;401;505;429;570;345;709;354;753;460;591
1,11628,11704,1,15,0,12,3,170;593;55;411;565;508;664;424;788;433;832;539
1,11644,11732,1,0,0,13,2,154;577;39;411;565;492;616;408;772;417;816;523;654
1,11606,11695,1,0,0,12,2,192;615;77;416;606;530;686;446;810;455;854;561
1,11627,11716,1,0,0,12,1,171;594;56;416;565;509;665;425;789;434;833;540
0,11536,11615,1,0,0,7,0,262;680;147;416;676;600;756
1,11558,11610,1,0,0,8,3,240;663;125;416;654;578;734;494
1,10950,11026,1,0,0,13,4,275;350;120;382;483;377;402;147;272;440;848;129;553
1,10913,10998,1,0,0,13,2,312;387;157;419;520;409;439;184;309;477;885;166;612
1,10913,10994,1,0,0,13,3,312;387;157;419;520;409;439;184;309;477;885;166;557
1,10870,10922,1,0,0,13,1,355;430;15;200;462;563;457;482;227;352;520;928;209
1,10845,10904,1,0,0,13,2,380;455;40;225;487;588;482;507;252;377;545;952;234
1,10819,10890,1,0,0,14,3,406;24;481;66;251;513;614;508;533;278;379;571;979;260
1,10799,11052,1,16,0,14,7,426;16;44;501;86;271;533;634;528;553;298;423;591;999
1,10675,10752,1,0,0,9,2,550;140;95;168;625;210;395;657;758
1,11209,11296,1,0,0,11,2,16;91;123;224;118;143;13;181;589;233;981
1,11198,11271,1,0,0,11,4,27;102;134;235;129;154;24;192;600;233;1023
1,11158,11229,1,15,0,11,2,67;142;174;275;169;194;64;232;640;242;1063
1,11083,11306,1,0,0,11,6,142;217;249;350;244;269;14;139;307;715;392
1,11065,11138,1,0,0,13,3,160;235;5;267;368;253;287;32;157;325;733;14;392
1,11052,11123,1,0,0,13,1,173;248;18;280;381;275;300;45;170;338;746;27;392
1,10984,11265,1,0,0,13,7,241;316;86;348;449;343;368;113;238;406;810;95;541
1,10978,11034,1,0,0,13,3,247;322;92;354;455;349;374;119;244;412;820;101;547
1,14292,14369,1,0,0,6,1,106;334;516;366;539;408
1,14313,14363,1,0,0,6,2,49;313;516;366;518;387
0,14314,14372,1,0,0,6,0,49;312;512;366;517;386
0,14332,14409,1,0,0,6,0,49;294;512;366;499;368
1,14334,14419,1,0,0,6,1,49;292;512;366;497;366
0,14339,14416,1,0,0,6,0,8;287;512;366;492;361
1,14411,14616,1,0,0,6,2,215;440;366;420;289;942
1,14440,14655,1,0,0,9,3,186;301;366;391;260;913;547;491;404
0,14493,14554,1,0,0,9,0,133;301;345;286;207;860;494;438;351
0,14511,14574,1,0,0,9,0,115;301;327;286;189;842;476;420;333
1,14511,14790,1,0,0,9,5,115;301;327;286;189;842;476;420;333
1,14524,14585,1,0,0,9,1,102;301;314;271;176;829;463;407;320
1,14555,14617,1,0,0,10,2,71;269;283;271;145;798;432;376;289;610
1,14697,14751,1,16,0,11,1,154;141;134;3;656;290;234;147;468;807;205
1,14719,14922,1,0,0,10,3,121;119;112;634;268;212;125;446;785;183
1,14837,14924,1,0,0,9,3,14;1;516;150;94;7;328;667;65
1,13720,14011,1,0,0,11,10,11;164;307;487;485;524;397;673;537;550;325
1,13707,13762,1,0,0,11,2,24;177;320;487;498;526;410;691;550;563;338
1,13799,13874,1,0,0,11,3,85;211;410;406;445;318;465;458;471;246;827
1,13767,13828,1,0,0,10,1,117;260;442;438;477;350;465;490;503;278
1,13862,13913,1,0,0,11,1,22;165;347;343;382;255;465;395;408;183;764
1,13823,13876,1,0,0,11,2,61;204;367;382;421;294;465;434;447;222;803
1,14020,14103,1,0,0,14,3,7;189;185;224;97;378;237;250;25;467;242;831;818;811
1,13942,14240,1,0,0,11,9,85;267;263;302;175;456;315;328;103;684;320
1,14096,14168,1,0,0,13,4,113;109;148;21;299;161;174;467;166;750;742;735;604
1,14073,14150,1,0,0,13,4,136;132;171;44;299;184;197;467;189;778;765;758;627
1,14237,14304,1,0,0,10,3,7;161;20;33;389;25;614;601;594;463
1,14210,14274,1,0,0,10,1,34;188;47;60;416;52;641;628;621;490
1,14256,14310,1,0,0,9,1,142;1;14;370;6;595;366;575;444
1,14251,14491,1,0,0,9,3,147;6;19;375;11;600;587;580;449
1,14281,14367,1,0,0,6,2,117;345;570;366;550;419
1,14258,14342,1,0,0,8,2,120;12;368;4;593;366;573;442
1,13200,13277,1,0,0,4,1,27;477;531;551
0,13208,13269,1,0,0,4,0,19;463;523;551
0,13151,13221,1,0,0,4,0,76;526;580;733
1,13172,13392,1,0,0,4,2,55;505;559;712
0,13313,13401,1,0,0,6,0,364;418;550;80;714;896
1,13330,13616,1,0,0,6,5,347;401;550;63;697;879
1,13253,13472,1,0,0,4,3,424;478;551;140
0,13294,13382,1,0,0,5,0,383;437;550;99;733
1,13554,13620,1,0,0,9,3,123;177;330;473;655;651;690;563;814
1,13559,13630,1,0,0,9,2,118;172;325;468;650;646;666;558;814
1,13400,13450,1,0,0,5,2,277;331;484;627;764
1,13535,13622,1,0,0,9,2,142;196;349;492;674;670;709;582;863
1,13698,13754,1,0,0,11,2,33;186;329;511;507;546;419;700;559;572;347
1,13704,13763,1,0,0,11,2,27;180;323;487;501;540;413;694;553;566;341
1,13590,13791,1,0,0,11,5,87;141;294;437;619;615;654;527;798;667;680
0,13636,13693,1,0,0,12,0,41;95;248;391;573;569;608;481;762;621;634;409
0,12551,12614,1,0,0,5,0,245;181;583;676;448
0,12512,12576,1,0,0,5,0,284;220;608;715;487
1,12474,12536,1,0,0,7,1,322;258;26;660;29;752;525
0,12457,12534,1,0,0,8,0,3;339;275;43;677;46;752;542
1,12661,12949,1,0,0,5,2,135;71;391;553;338
1,12650,12909,1,0,0,5,3,146;82;484;553;349
1,12645,12724,1,0,0,5,1,151;87;489;582;354
0,12599,12679,1,0,0,5,0,197;133;535;628;400
0,12755,12827,1,0,0,5,0,41;379;472;244;784
0,12716,12796,1,0,0,6,0,80;16;391;500;283;784
1,12713,12988,1,0,0,6,2,83;19;391;514;286;784
1,12698,12974,1,0,0,6,2,98;34;391;520;301;979
0,12949,13017,1,0,0,5,0,185;278;50;728;782
1,12926,12994,1,0,0,5,1,208;301;73;751;805
0,12867,12932,1,0,0,5,0,267;360;132;755;864
1,12808,12875,1,0,0,5,1,326;419;191;784;923
1,8853,9121,1,0,0,9,5,10;401;200;320;421;122;695;551;636
1,8809,8864,1,0,0,9,1,54;7;440;244;364;465;166;739;556
1,8883,8948,1,0,0,8,2,371;170;290;391;92;665;483;606
1,8857,8934,1,0,0,9,2,6;397;196;316;417;118;681;547;632
1,8727,8998,1,0,0,9,5,136;31;89;527;326;446;547;217;821
1,8723,8779,1,0,0,9,1,140;35;93;531;330;450;551;252;825
1,8789,8872,1,0,0,9,2,74;27;440;264;384;485;186;743;615
1,8756,8815,1,0,0,9,2,107;2;60;440;297;417;518;217;792
1,8637,8713,1,0,0,10,1,26;27;226;121;179;617;416;536;595;338
1,8619,8703,1,0,0,10,1,44;45;244;139;197;635;434;554;595;356
1,8652,8734,1,0,0,10,1,11;12;211;106;164;602;391;491;595;323
1,8648,8713,1,0,0,10,3,15;16;215;110;168;606;405;491;595;327
1,8522,8767,1,0,0,11,4,93;141;142;19;341;236;294;732;531;651;752
0,8496,8572,1,0,0,9,0,119;167;168;45;367;262;320;758;543
1,8613,8696,1,0,0,11,2,2;50;51;250;145;203;641;440;560;607;362
1,8541,8596,1,0,0,11,4,74;122;123;0;322;217;275;713;512;632;607
1,8272,8341,1,0,0,13,3,70;187;4;65;130;221;343;263;392;269;591;486;544
1,8421,8506,1,0,0,11,5,38;72;194;242;243;120;442;337;395;833;632
1,8431,8502,1,0,0,11,3,28;62;184;232;233;110;432;327;385;823;569
1,8484,8566,1,0,0,10,4,9;131;179;180;57;379;274;332;770;569
1,8188,8249,1,0,0,13,1,154;271;88;149;213;305;427;464;476;353;675;570;608
1,8190,8249,1,0,0,13,1,152;269;86;147;212;296;425;464;474;351;673;568;608
1,8210,8285,1,0,0,13,3,132;249;66;127;192;266;405;453;454;331;653;548;606
1,8259,8485,1,0,0,13,3,83;200;17;78;143;234;356;404;405;282;604;499;557
1,8158,8247,1,0,0,13,2,184;301;118;179;244;335;457;505;506;383;688;600;658
1,8159,8216,1,0,0,13,2,183;300;117;178;243;334;456;490;505;382;688;599;657
1,8174,8258,1,0,0,13,4,168;285;102;163;228;319;441;489;490;367;688;584;608
1,8184,8234,1,0,0,13,2,158;275;92;153;213;309;431;479;480;357;679;574;608
1,7939,8226,1,0,0,10,6,403;520;337;398;445;554;562;724;725;602
1,8005,8211,1,0,0,12,6,337;454;271;332;397;488;562;658;659;536;858;753
1,8014,8069,1,0,0,13,2,328;445;262;323;388;479;562;649;650;527;688;744;802
1,8109,8176,1,0,0,13,2,233;350;167;228;293;384;506;554;555;432;688;649;707
1,7916,8124,1,0,0,9,3,426;543;360;421;445;577;699;747;748
1,7896,7981,1,0,0,9,4,446;563;380;441;506;597;719;759;768
1,7854,7931,1,0,0,9,2,7;488;605;422;483;548;639;761;809
1,7823,7887,1,0,0,8,1,38;519;636;453;514;579;670;792
0,7770,7825,1,0,0,7,0,91;572;689;506;567;632;723
1,7720,7790,1,0,0,7,1,141;622;724;556;617;682;773
0,7646,7722,1,0,0,5,0,61;215;654;724;630
1,7637,7718,1,0,0,5,2,70;224;705;724;639
1,7618,7850,1,0,0,4,2,89;243;724;841
1,7493,7574,1,0,0,4,1,19;214;301;849
1,7470,7533,1,0,0,4,1,42;237;301;872
0,7449,7527,1,0,0,4,0,63;258;301;893
0,7438,7523,1,0,0,3,0,74;269;301
0,7429,7483,1,15,0,3,0,83;271;301
1,7426,7634,1,0,0,3,2,86;271;435
1,7407,7484,1,0,0,3,1,105;300;454
1,7359,7432,1,0,0,3,1,153;333;502
0,7384,7446,1,0,0,3,0,128;315;477
0,7297,7371,1,0,0,5,0,215;43;44;333;564
0,7356,7584,1,0,0,3,0,156;333;505
1,7262,7342,1,0,0,6,1,27;250;78;79;333;599
0,7267,7321,1,0,0,6,0,22;245;47;74;333;594
0,7165,7236,1,0,0,6,0,124;94;347;175;176;339
1,7198,7494,1,0,0,6,3,91;61;314;142;143;339
1,7134,7184,1,0,0,6,2,155;125;378;206;207;486
1,7148,7406,1,0,0,6,3,141;111;360;192;193;486
1,7058,7302,1,0,0,6,4,231;201;454;282;283;623
1,7085,7160,1,0,0,6,3,204;174;427;255;256;486
1,7036,7119,1,0,0,6,2,253;223;476;304;305;661
1,7038,7101,1,0,0,6,2,251;221;474;302;303;623
1,6900,6976,1,0,0,6,1,389;359;612;440;441;661
0,6906,6978,1,0,0,6,0,383;353;606;371;435;661
0,10492,10550,1,15,0,12,0,82;28;733;307;110;103;46;279;351;808;393;578
1,10488,10563,1,0,0,12,2,86;32;737;327;114;107;50;283;355;812;397;582
1,10524,10724,1,0,0,12,6,50;676;291;78;71;14;247;319;776;361;546;808
1,10515,10732,1,0,0,13,7,59;5;710;300;87;80;23;256;328;785;370;555;817
1,10531,10592,1,0,0,12,1,43;675;284;71;64;7;186;312;769;354;539;801
1,10526,10605,1,0,0,12,1,48;675;289;76;69;12;245;317;774;359;544;806
1,10659,10720,1,0,0,9,2,566;156;95;184;641;226;411;673;774
1,10657,10715,1,0,0,9,1,568;158;114;186;643;228;413;675;776
1,10356,10425,1,0,0,13,1,15;74;218;157;869;442;246;131;239;182;415;487;944
0,10313,10379,1,0,0,12,0,58;117;261;157;912;442;289;174;282;225;458;530
1,10379,10605,1,0,0,13,7,51;195;141;846;406;223;108;216;122;392;464;921;506
1,10361,10418,1,0,0,13,4,10;69;213;157;864;442;241;126;234;122;410;482;939
1,10387,10460,1,0,0,13,2,43;187;133;787;406;215;100;208;122;384;456;913;498
0,10384,10437,1,0,0,13,0,46;190;136;787;406;218;103;211;122;387;459;916;501
1,10432,10491,1,0,0,13,2,142;88;787;383;170;55;161;106;339;411;868;453;638
1,10391,10457,1,0,0,13,5,39;183;129;787;406;211;96;161;122;380;452;909;494
1,10070,10133,1,0,0,10,1,301;360;504;185;450;1155;745;532;417;475
1,10100,10172,1,0,0,10,1,271;330;474;155;420;1107;715;502;387;475
1,10118,10363,1,0,0,10,4,253;312;456;137;402;1088;697;484;369;475
1,10199,10417,1,0,0,11,7,172;231;375;56;321;1026;616;403;288;396;339
1,10202,10270,1,16,0,11,1,169;228;372;53;318;1023;445;400;285;393;336
0,10280,10343,1,0,0,10,0,91;150;294;240;945;445;322;207;315;258
1,10283,10563,1,0,0,10,8,88;147;291;237;942;445;319;204;312;255
1,10295,10382,1,0,0,10,2,76;135;279;225;930;442;307;192;300;243
1,9924,9996,1,0,0,9,2,9;58;120;112;447;506;650;331;596
1,9927,10005,1,0,0,9,2,6;55;117;109;444;493;647;328;593
1,9939,9992,1,0,0,9,1,43;105;97;432;468;635;316;581;1286
0,9963,10037,1,0,0,10,0,19;81;73;408;467;611;292;557;1262;852
1,9986,10054,1,0,0,10,1,58;50;385;444;588;269;534;1239;829;616
1,9993,10067,1,0,0,10,1,51;43;378;412;581;262;527;1232;822;609
1,10003,10061,1,0,0,11,2,41;33;368;412;571;252;517;1222;812;599;484
1,10062,10144,1,0,0,10,5,309;368;512;193;458;1163;753;540;425;533
0,9792,9852,1,0,0,8,0,141;190;252;244;579;638;782;463
1,9754,9834,1,0,0,8,1,179;228;290;282;604;676;820;501
1,9751,9811,1,0,0,9,1,182;231;2;293;285;620;679;823;504
0,9701,9772,1,0,0,9,0,232;281;52;304;298;670;718;873;554
1,9876,9947,1,0,0,9,1,57;106;168;160;495;554;698;379;644
1,9852,9927,1,0,0,8,2,81;130;192;184;496;578;722;403
1,9849,10124,1,0,0,8,4,84;133;195;187;522;581;725;406
1,9813,9884,1,16,0,8,2,120;169;231;223;558;617;761;442
1,9579,9650,1,0,0,8,1,49;354;403;174;465;457;792;718
1,9579,9659,1,0,0,8,2,49;354;403;174;442;457;792;718
1,9533,9822,1,0,0,9,6,15;95;400;449;220;511;482;838;897
1,9499,9574,1,0,0,9,1,49;129;434;33;483;254;526;537;872
1,9695,9771,1,0,0,9,2,238;287;58;332;298;676;718;879;560
1,9683,9742,1,0,0,9,1,250;299;70;332;353;688;718;891;572
1,9668,9752,1,0,0,9,2,265;314;85;364;368;703;718;906;587
1,9665,9915,1,0,0,9,4,268;317;88;379;371;706;718;909;590
1,9302,9384,1,0,0,10,3,246;102;187;326;631;230;680;451;691;707
1,9337,9402,1,0,0,10,2,211;67;152;291;596;195;645;416;691;699
1,9274,9565,1,15,0,11,8,0;274;130;215;354;659;258;708;479;770;762
1,9295,9540,1,0,0,10,6,253;109;194;333;638;237;687;458;691;741
1,9439,9524,1,0,0,9,2,109;50;189;488;93;543;314;605;597
1,9495,9773,1,0,0,8,5,53;133;438;37;487;258;549;541
1,9372,9430,1,0,0,10,2,176;32;117;256;561;160;610;381;672;664
1,9414,9684,1,0,0,9,5,134;75;214;519;118;568;339;630;622
0,8964,9038,1,0,0,9,0,290;89;209;310;11;584;440;525;660
1,8995,9280,1,0,0,8,3,259;58;178;279;553;409;494;633
1,8944,9007,1,0,0,9,3,310;109;229;330;31;604;460;545;684
1,8950,9242,1,0,0,9,6,304;103;223;324;25;598;454;539;675
1,9181,9243,1,0,0,10,2,73;93;367;223;308;447;752;351;801;572
1,9229,9526,1,0,0,11,8,25;45;316;175;260;399;704;303;753;524;815
1,9075,9137,1,0,0,9,3,179;98;199;473;329;414;553;858;457
1,9091,9368,1,0,0,9,6,163;82;183;457;313;398;526;842;441
0,14948,15003,1,0,0,4,0,405;39;217;512
0,14949,15031,1,0,0,4,0,404;38;216;512
0,14967,15030,1,0,0,4,0,386;20;198;512
0,14995,15060,1,0,0,3,0,358;170;509
0,14890,14941,1,0,0,6,0,463;97;41;275;584;12
0,14906,14956,1,0,0,5,0,447;81;25;259;584
1,14941,15004,1,0,0,4,1,412;46;224;563
0,14942,14995,1,0,0,4,0,411;45;223;512
1,3300,3578,1,0,0,4,2,170;157;377;335
0,3170,3246,1,0,0,3,0,300;157;507
1,3403,3668,1,0,0,5,4,67;98;274;232;891
1,3342,3579,1,0,0,5,2,128;156;335;293;952
0,3436,3500,1,0,0,5,0,34;65;241;199;638
1,3417,3488,1,0,0,5,1,53;84;260;218;638
0,3458,3543,1,15,0,5,0,12;43;219;177;638
0,3457,3539,1,0,0,5,0,13;44;220;178;638
1,3467,3672,1,0,0,5,1,3;34;210;168;638
0,3464,3528,1,0,0,5,0,6;37;213;171;638
0,3531,3583,1,0,0,3,0,146;10;638
0,3494,3571,1,0,0,4,0,7;183;10;638
0,3545,3597,1,0,0,3,0,132;10;638
0,3536,3606,1,0,0,3,0,141;10;638
0,3622,3689,1,0,0,3,0,55;10;638
0,3577,3838,1,0,0,3,0,100;10;638
0,3712,3783,1,0,0,3,0,582;416;555
1,3730,3789,1,0,0,3,1,564;398;537
0,3750,3807,1,0,0,3,0,533;378;517
0,3752,3829,1,0,0,3,0,533;376;515
1,3784,3992,1,0,0,3,1,510;344;483
1,3790,3846,1,0,0,3,1,504;206;477
1,3856,3930,1,0,0,7,1,438;206;411;671;491;1155;600
1,3888,4172,1,0,0,7,6,406;171;379;639;459;1123;568
1,3894,4181,1,0,0,7,5,400;171;373;633;453;1002;562
1,3984,4047,1,0,0,9,2,310;144;283;432;363;1002;472;595;687
1,3991,4230,1,0,0,9,5,303;137;276;432;356;1002;465;588;680
1,4017,4076,1,0,0,10,2,277;111;250;432;330;994;439;535;654;879
1,4121,4173,1,0,0,10,2,173;7;146;406;226;890;335;458;550;775
1,4130,4216,1,0,0,9,1,164;137;397;217;865;326;449;541;766
1,4154,4233,1,0,0,9,2,140;113;373;193;857;302;425;459;742
1,4210,4288,1,0,0,11,3,84;57;317;137;801;246;369;459;686;667;632
1,4375,4461,1,0,0,8,3,152;636;81;204;296;521;455;467
1,4240,4482,1,0,0,11,4,54;27;287;107;730;216;316;431;656;637;602
1,4229,4284,1,0,0,11,2,65;38;298;118;730;227;350;442;667;648;613
1,4221,4293,1,0,0,11,3,73;46;306;126;775;235;358;450;675;656;621
1,4513,4574,1,0,0,7,1,14;388;66;158;383;364;329
1,4491,4725,1,0,0,7,4,36;520;88;180;405;386;351
1,4491,4568,1,0,0,7,3,36;388;88;180;405;386;351
1,4407,4489,1,0,0,8,2,120;604;49;172;264;489;447;435
1,4557,4619,1,0,0,6,1,388;22;114;339;307;252
1,4552,4615,1,0,0,6,1,388;27;119;344;321;252
1,4542,4631,1,0,0,6,2,388;37;129;354;321;300
1,4533,4586,1,0,0,6,2,388;46;138;363;344;309
1,4654,4927,1,0,0,5,3,287;17;242;217;188
1,4632,4925,1,0,0,5,4,287;39;264;245;210
1,4604,4672,1,0,0,5,1,388;67;292;273;232
1,4590,4652,1,0,0,5,2,388;81;306;287;252
0,4695,4749,1,0,0,4,0,287;176;164;143
1,4712,4778,1,0,0,5,1,287;176;164;130;391
1,4676,4920,1,0,0,4,1,287;176;201;166
1,4692,4935,1,0,0,4,2,287;176;164;150
1,4772,4855,1,0,0,5,1,239;70;105;64;331
1,4781,4869,1,0,0,5,1,230;65;96;61;322
1,4755,4821,1,0,0,5,1,256;137;122;87;348
1,4756,4839,1,0,0,5,1,255;137;121;64;347
1,4832,4884,1,0,0,5,1,168;64;45;10;271
1,4835,4887,1,0,0,5,1,168;61;24;7;268
0,4786,4836,1,0,0,5,0,168;65;91;56;317
0,4802,4869,1,0,0,5,0,168;65;75;40;301
1,4907,5197,1,16,0,4,2,104;196;756;458
1,4908,5128,1,0,0,4,2,103;195;756;273
0,4850,5129,1,0,0,4,0,129;46;24;253
1,4862,5160,1,0,0,5,1,129;34;15;241;816
1,5078,5160,1,0,0,6,1,25;600;252;592;461;696
1,5044,5247,1,15,0,5,2,59;634;252;626;495
0,5114,5199,1,0,0,5,0,379;251;556;425;660
1,5099,5389,1,0,0,6,3,4;579;252;571;440;675
1,4944,5186,1,0,0,4,2,67;159;734;256
0,4938,5008,1,0,0,4,0,73;165;740;256
0,5005,5066,1,0,0,6,0,6;98;673;252;665;534
0,4964,5028,1,0,0,4,0,47;139;714;252
0,5269,5326,1,0,0,5,0,379;96;401;270;380
1,5227,5277,1,0,0,5,2,379;138;443;312;380
0,5285,5363,1,0,0,5,0,379;80;358;254;380
1,5279,5333,1,0,0,5,2,379;86;391;260;380
1,5168,5427,1,0,0,5,3,379;197;502;371;606
0,5165,5228,1,0,0,5,0,379;200;505;374;609
1,5181,5264,1,0,0,5,2,379;184;489;358;380
1,5181,5256,1,0,0,5,2,379;184;472;358;380
1,5398,5469,1,0,0,6,1,280;272;141;376;540;657
1,5422,5495,1,0,0,6,1,256;241;117;352;540;633
1,5474,5525,1,0,0,7,1,204;196;65;300;540;581;803
1,5474,5555,1,0,0,7,2,202;196;65;300;540;581;803
1,5318,5586,1,0,0,6,3,360;47;352;221;380;788
1,5341,5624,1,15,0,6,5,322;24;329;198;380;765
1,5343,5415,1,0,0,6,1,322;22;327;196;380;638
1,5375,5456,1,0,0,5,1,303;295;164;380;540
1,5709,5773,1,0,0,6,1,65;397;304;568;376;694
0,5713,5775,1,0,0,6,0,61;393;284;564;372;694
1,5717,5767,1,0,0,6,1,57;389;284;560;368;694
0,5759,5830,1,0,0,7,0,15;347;275;518;326;694;789
1,5539,5806,1,0,0,8,1,139;131;0;235;540;516;724;546
0,5568,5655,1,0,0,7,0,110;64;206;538;487;709;517
1,5695,5943,1,0,0,6,6,79;411;360;582;390;787
1,5697,5781,1,0,0,6,1,77;409;358;580;388;694
1,6149,6232,1,0,0,11,3,128;333;399;293;538;466;429;460;455;521;492
1,6147,6389,1,0,0,11,10,130;335;401;295;599;468;431;462;457;523;494
1,6029,6105,1,0,0,12,1,77;26;248;56;453;519;413;717;586;549;580;575
0,5984,6066,1,0,0,10,0,122;71;293;101;498;564;458;762;631;594
0,5946,6019,1,0,0,7,0,160;109;331;139;536;602;468
1,5920,5996,1,0,0,7,2,186;135;357;165;562;628;522
1,5824,5893,1,0,0,7,5,282;231;453;261;658;724;618
0,5820,5897,1,0,0,7,0,286;235;457;265;662;728;622
1,6392,6474,1,0,0,13,1,90;156;50;354;223;186;217;212;278;249;446;897;451
1,6361,6421,1,0,0,11,4,121;187;81;385;254;217;239;243;309;280;477
1,6355,6435,1,0,0,11,1,127;193;87;391;260;223;254;249;315;286;483
1,6323,6407,1,0,0,11,4,159;225;119;423;292;255;286;274;347;318;515
1,6306,6373,1,0,0,11,2,176;242;136;440;309;272;303;298;364;335;532
1,6238,6321,1,0,0,12,1,39;244;310;204;508;377;340;371;338;432;403;600
1,6229,6282,1,0,0,12,2,48;253;319;213;517;386;349;380;375;441;412;609
1,6188,6244,1,0,0,11,1,89;294;360;254;538;427;390;421;375;482;453
1,6565,6641,1,0,0,11,1,181;50;13;44;39;105;76;273;724;278;694
1,6627,6696,1,0,0,7,2,119;43;14;211;662;216;632
1,6487,6774,1,0,0,12,7,61;259;128;91;122;117;183;154;351;802;356;772
1,6492,6560,1,0,0,12,4,56;254;123;86;117;112;178;149;346;728;351;767
1,6417,6500,1,0,0,13,5,65;131;25;329;198;161;192;152;253;224;421;872;426
1,6436,6510,1,0,0,13,1,46;112;6;310;179;142;173;152;234;205;402;853;394
0,6414,6493,1,0,0,13,0,68;134;28;332;201;164;195;190;256;227;424;875;429
1,6415,6486,1,0,0,13,2,67;133;27;331;200;163;194;189;255;226;423;874;428
1,6866,6945,1,0,0,6,3,423;393;646;474;475;679
1,6893,7155,1,0,0,6,6,396;366;619;447;448;678
0,6789,6842,1,0,0,8,0,49;479;54;470;656;551;552;918
1,6859,7128,1,0,0,6,6,430;400;653;481;482;848
1,6688,6901,1,0,0,8,4,58;150;601;155;571;824;652;653
1,6760,6818,1,0,0,8,1,78;529;83;499;656;580;581;947
1,6670,6759,1,0,0,9,2,76;0;168;619;173;589;842;670;671
0,6674,6730,1,0,0,8,0,72;164;602;169;585;838;666;667
1,263,475,1,0,0,4,2,619;230;630;951
1,233,520,1,0,0,3,2,649;230;630
0,316,366,1,0,0,4,0,566;223;590;898
1,266,336,1,0,0,4,1,616;230;612;948
1,389,459,1,0,0,5,1,493;150;517;825;837
1,335,395,1,0,0,5,1,547;204;571;879;891
1,450,520,1,0,0,7,1,432;89;456;764;641;683;747
1,430,687,1,0,0,6,3,452;109;476;784;796;703
1,115,393,1,0,0,3,3,767;424;791
0,10,277,1,0,0,0,0,
0,202,253,1,0,0,3,0,680;230;630
1,153,369,1,0,0,3,1,729;386;630
1,667,751,1,0,0,8,2,215;239;547;559;466;530;561;771
1,668,740,1,0,0,8,2,214;238;546;558;465;485;561;770
1,653,899,1,0,0,7,5,229;253;561;573;480;540;604
1,665,717,1,0,0,8,3,217;241;549;561;468;532;587;773
1,815,1047,1,0,0,11,8,67;91;399;411;318;382;442;623;836;887;866
1,844,925,1,1,0,11,1,38;62;370;382;289;353;413;594;813;858;837
1,717,947,1,0,0,9,4,165;189;497;509;416;480;540;721;971
1,751,825,1,0,0,9,3,131;155;463;475;382;446;506;687;874
1,502,756,1,0,0,7,3,380;37;391;712;612;631;695
1,541,592,1,0,0,6,2,341;365;673;612;592;622
1,460,717,1,0,0,7,2,418;79;446;754;641;673;737
1,479,531,1,0,0,7,1,403;60;427;735;612;654;718
1,642,926,1,0,0,7,5,240;264;565;584;491;555;615
0,642,718,1,0,0,7,0,240;264;565;584;491;540;615
1,586,843,1,0,0,7,5,296;320;628;596;547;611;671
1,590,663,1,0,0,7,3,292;316;565;596;543;607;667
1,1198,1251,1,0,0,10,3,16;28;59;240;490;504;483;478;295;927
1,1104,1170,1,0,0,12,2,110;122;29;93;153;334;576;598;577;572;389;1021
1,1100,1175,1,0,0,12,2,114;126;33;97;157;338;579;602;581;576;393;1025
1,1096,1161,1,0,0,12,2,118;130;37;101;161;342;592;606;585;580;397;1029
0,1290,1367,1,0,0,7,0,148;398;412;391;386;203;722
0,1274,1336,1,0,0,7,0,164;414;428;407;402;219;722
1,1257,1328,1,0,0,8,1,0;181;431;445;424;419;236;722
1,1199,1427,1,0,0,10,7,15;27;58;239;489;503;482;477;294;907
1,946,1002,1,0,0,11,2,268;280;187;251;311;492;742;756;643;730;547
1,916,1179,1,0,0,10,5,298;310;217;281;341;522;772;786;643;760
1,912,1152,1,1,0,9,7,302;314;221;285;345;526;776;790;769
0,879,959,1,0,0,11,0,3;27;335;347;254;318;378;559;809;823;802
1,1037,1118,1,0,0,12,1,177;189;96;160;220;401;651;665;643;639;456;1083
1,1010,1239,1,0,0,12,8,204;216;123;187;247;428;678;692;643;666;483;1115
1,977,1040,1,0,0,11,2,237;249;156;220;267;461;703;725;643;699;516
1,951,1027,1,0,0,11,2,263;275;182;246;306;487;703;751;643;725;542
0,1644,1710,1,0,0,8,0,44;58;37;32;481;625;694;519
1,1673,1879,1,0,0,10,4,15;29;8;3;452;596;665;490;1128;703
0,1722,1774,1,0,0,6,0,403;547;616;441;1079;654
1,1796,1864,1,0,0,8,1,329;473;542;367;1005;580;743;527
0,1528,1588,1,0,0,8,0,160;174;153;148;597;699;770;635
1,1534,1622,1,0,0,8,2,154;168;147;142;591;699;770;629
0,1543,1622,1,0,0,8,0,145;159;138;133;574;699;770;620
1,1587,1640,1,0,0,8,3,101;115;94;89;538;682;751;576
1,1499,1555,1,0,0,8,1,189;203;182;177;626;699;770;664
1,1505,1746,1,0,0,8,2,169;197;176;171;620;699;770;658
0,1509,1591,1,0,0,8,0,169;193;172;167;605;699;770;654
0,1512,1568,1,0,0,8,0,169;190;169;164;605;699;770;651
1,1331,1592,1,0,0,7,4,107;357;371;350;345;162;722
1,1348,1427,1,0,0,7,1,90;340;203;333;328;145;722
1,1405,1621,1,0,0,8,3,33;283;203;276;271;88;720;864
1,1494,1738,1,0,0,8,5,194;203;187;182;631;699;844;669
1,1994,2069,1,0,0,12,3,131;275;344;169;727;382;540;329;468;83;664;980
1,1974,2247,1,0,0,11,7,151;295;364;189;827;402;540;349;488;103;664
1,2051,2301,1,0,0,14,10,74;195;287;112;727;325;488;272;411;26;625;923;435;691
1,2047,2118,1,0,0,14,2,78;222;291;116;727;329;492;276;415;30;629;927;439;695
1,1934,2193,1,0,0,11,9,166;335;404;229;867;442;558;389;528;143;742
1,1930,1990,1,0,0,11,1,195;336;408;233;871;446;558;393;532;147;746
0,1968,2039,1,0,0,11,0,157;301;370;195;833;408;540;355;494;109;664
1,1964,2015,1,0,0,11,2,161;305;374;199;837;412;558;359;498;113;664
0,1885,1949,1,0,0,11,0,240;384;453;278;916;491;558;438;577;192;791
0,1883,1943,1,0,0,11,0,242;386;455;280;918;493;558;440;579;194;793
0,1901,1960,1,0,0,11,0,224;336;437;262;900;475;558;422;561;176;775
1,1888,1954,1,0,0,11,3,237;381;450;275;913;488;558;435;574;189;788
0,1834,1899,1,0,0,10,0,291;435;504;329;967;542;558;489;628;243
1,1809,2027,1,0,0,8,5,316;460;518;354;992;567;730;514
0,1837,1909,1,0,0,10,0,288;411;501;326;964;539;558;486;625;240
1,1836,1901,1,0,0,10,3,289;433;502;327;965;540;558;487;626;241
1,2618,2875,1,0,0,8,3,183;58;356;124;285;286;240;784
1,2627,2710,1,0,0,8,2,174;49;347;115;276;173;240;784
1,2597,2822,1,0,0,8,4,204;79;377;145;306;307;240;873
1,2609,2905,1,0,0,8,5,192;67;357;133;294;295;240;861
0,2549,2603,1,0,0,8,0,252;127;425;193;354;355;250;921
1,2583,2880,1,0,0,8,5,218;93;391;159;320;321;250;887
1,2303,2377,1,0,0,12,6,35;498;73;236;20;159;373;671;183;439;600;601
1,2539,2750,1,0,0,9,4,262;0;137;435;203;364;365;393;931
1,2277,2345,1,0,0,12,1,61;524;99;262;46;185;399;680;209;465;626;627
0,2288,2370,1,0,0,12,0,50;504;88;251;35;174;388;680;198;454;615;616
1,2241,2312,1,0,0,13,6,28;97;560;135;298;82;221;435;733;245;501;662;663
0,2242,2303,1,0,0,13,0,27;96;559;134;297;81;220;434;680;244;500;661;662
1,2218,2306,1,0,0,13,1,51;120;583;158;321;105;244;458;756;268;524;685;686
0,2230,2288,1,0,0,13,0,39;108;565;146;309;93;232;446;744;256;512;673;674
1,2052,2108,1,0,0,14,4,73;195;286;111;727;324;487;271;410;25;624;879;434;690
1,2129,2197,1,0,0,12,1,140;209;34;672;247;410;194;333;547;832;357;613
1,3142,3354,1,0,0,3,1,328;286;535
1,3129,3215,1,0,0,3,1,341;286;548
1,3081,3141,1,0,0,3,1,389;286;596
1,3076,3288,1,0,0,3,1,394;425;601
0,3071,3152,1,0,0,3,0,399;430;606
0,3058,3110,1,0,0,3,0,412;443;619
0,3045,3108,1,0,0,3,0,423;456;632
0,3044,3104,1,0,0,3,0,423;457;633
1,3036,3111,1,0,0,3,1,434;465;641
0,2991,3058,1,0,0,3,0,447;510;686
0,2986,3071,1,0,0,3,0,447;515;691
1,2958,3035,1,0,0,2,1,16;512
1,2923,3132,1,0,0,3,1,51;9;547
1,2723,2941,1,0,0,7,3,78;251;19;180;156;209;732
1,2704,2787,1,0,0,7,2,97;270;38;199;173;228;732
1,2700,2960,1,0,0,7,3,101;274;42;203;173;232;770
176
7789,8615,137.24,8
7847,8663,238.09,11
7700,8402,80.86,10
7701,8493,70.93,11
7962,8863,206.70,11
8005,8758,48.05,10
7856,8664,0.00,8
7924,8541,0.00,8
8363,9053,123.10,10
8517,9173,45.52,8
8008,8816,49.29,10
8286,9254,87.65,11
8706,9548,131.17,9
8780,9404,140.23,10
8517,9274,157.61,8
8544,8975,99.29,11
6201,6838,0.00,9
6050,6641,0.00,9
6043,6670,0.00,9
6020,6604,194.03,11
6650,7512,246.49,8
6453,7259,0.00,9
6375,6843,48.98,8
6363,7289,160.32,9
7250,7861,142.55,9
6693,7707,563.04,9
6654,7341,0.00,10
6652,7340,100.19,9
7689,8337,0.00,8
7636,8276,0.00,8
7612,8459,136.23,8
7439,8342,51.55,10
4859,5678,329.30,8
4896,5365,206.46,9
4987,5670,238.00,11
5002,5539,0.00,10
5049,5774,256.69,9
5304,6106,225.14,8
5377,6055,83.50,11
5441,6277,79.63,9
5482,6085,0.00,11
5635,6482,93.94,10
5743,6548,45.37,9
5779,6442,86.72,11
5947,6746,105.85,9
5977,6615,0.00,11
5977,6578,0.00,9
6005,6609,148.42,9
2985,3677,0.00,8
2971,3501,292.41,10
3318,4294,317.54,10
3223,3635,158.16,9
3689,4267,0.00,9
3667,4128,173.34,8
3824,4347,0.00,10
3808,4527,201.17,11
3846,4456,0.00,8
3825,5011,596.29,10
3938,4671,92.97,9
3908,4579,114.41,8
4161,4877,345.78,9
4011,4896,177.36,9
4706,5103,0.00,9
4196,4842,99.95,8
1817,2462,0.00,8
1830,2077,0.00,11
1746,2539,190.20,9
1753,2323,0.00,8
1653,2801,139.01,11
1654,2376,0.00,8
1434,2338,98.90,10
1469,2163,0.00,8
2426,2932,176.57,10
2512,3470,253.36,10
2168,2903,0.00,9
2204,2904,130.64,11
2025,2486,52.94,10
2043,2742,0.00,8
1871,2676,78.16,9
1989,2974,192.22,10
556,1257,156.48,8
431,1197,134.06,9
390,1133,0.00,10
319,1226,200.61,9
253,1214,90.51,9
114,906,236.08,9
97,539,156.19,10
71,882,93.05,8
1404,2269,321.81,8
1001,2125,299.63,8
945,1493,0.00,11
916,1676,49.71,8
808,1681,150.95,10
792,1702,168.80,8
715,1688,257.48,9
657,1438,0.00,11
14412,14987,0.00,11
14413,14931,0.00,8
14046,14700,0.00,8
14396,15353,0.00,8
14568,15504,134.53,11
14619,14902,0.00,10
14431,14844,0.00,11
14543,15165,0.00,9
13597,14045,0.00,11
13768,14626,217.84,11
13572,14257,0.00,10
13580,14270,0.00,11
13990,14838,221.09,8
14015,14831,140.27,9
13871,14262,0.00,9
13976,14851,374.40,10
11595,12167,0.00,10
11644,12298,0.00,8
11809,12449,55.54,10
11890,12796,246.35,11
11542,12052,0.00,8
11575,12416,27.32,9
11579,12061,0.00,10
11579,12460,219.25,10
11505,12108,243.58,8
11508,12212,103.61,8
11523,12136,7.90,8
11534,12292,98.45,8
10815,11079,0.00,11
10895,11525,406.53,9
11131,12221,100.05,11
11244,11683,0.00,10
13469,14244,70.45,11
13409,14205,0.00,10
13524,14398,507.96,9
13483,14117,0.00,8
13221,13393,0.00,10
13125,13884,162.88,10
13313,14209,200.85,11
13275,14027,65.44,8
12386,12999,0.00,10
12146,13227,409.77,8
12782,13731,0.00,9
12690,13677,238.91,8
11968,12500,98.77,11
11951,12732,0.00,11
12037,12503,0.00,11
12030,13134,270.63,9
9961,10815,235.09,11
9972,10602,0.00,10
9860,10520,68.53,9
9938,11225,264.71,10
9638,10574,0.00,8
9661,10255,0.00,10
9497,10371,121.29,9
9506,10430,250.89,11
9198,10044,273.40,9
9264,10036,222.70,10
9136,9982,0.00,10
9143,9753,0.00,10
9005,9933,125.95,9
9041,9532,0.00,9
8827,9489,0.00,11
8892,9628,52.45,10
10798,11798,58.24,9
10782,11390,17.47,8
10755,11222,44.94,10
10723,11097,0.00,10
10694,11352,0.00,10
10687,11327,70.81,9
10533,11433,0.00,11
10500,11332,32.46,9
10416,11070,0.00,8
10376,10885,0.00,11
10336,11300,0.00,11
10313,10843,0.00,11
10299,10771,80.78,11
10133,10538,60.82,10
10018,10595,105.70,10
9996,10487,42.39,9
