1000
1,5936,6020,1,0,0,12,4,195;10;64;243;117;526;194;633;669;482;1016;545
1,5926,5992,1,0,0,12,1,204;20;74;253;127;536;204;635;679;492;1075;555
1,5983,6196,1,0,0,11,3,143;17;196;70;479;147;586;622;435;1016;498
1,5974,6052,1,0,0,11,1,143;26;205;79;488;156;595;631;444;1016;507
0,6011,6069,1,0,0,11,0,120;168;42;451;119;534;594;407;990;470;887
1,5998,6063,1,16,0,12,2,133;2;181;55;464;132;571;607;420;1003;483;900
1,6078,6135,1,0,0,12,1,53;101;384;52;491;527;340;923;403;820;764;667
1,6066,6141,1,0,0,12,2,65;113;396;64;503;539;352;935;415;832;776;679
1,6117,6173,1,0,0,12,1,14;62;345;13;452;488;301;884;364;781;725;628
1,6082,6159,1,0,0,12,2,49;97;380;48;487;523;336;912;399;816;760;663
1,6146,6365,1,0,0,10,7,33;316;423;459;272;855;335;752;696;599
1,6117,6414,1,0,0,12,9,14;62;345;13;452;488;301;873;364;781;725;628
1,6355,6556,1,0,0,9,5,107;214;250;63;646;126;543;487;390
1,6292,6378,1,0,0,9,1,170;277;313;126;709;189;606;550;453
0,6388,6443,1,0,0,9,0,19;181;217;30;613;93;510;454;357
1,6373,6601,1,0,0,9,5,19;196;232;45;628;108;525;469;372
1,6427,6651,1,0,0,9,6,19;142;178;574;54;471;415;318;374
1,6486,6775,1,0,0,8,8,83;119;515;412;356;259;315;765
1,6561,6616,1,0,0,9,1,8;44;440;337;281;184;240;690;520
1,6583,6650,1,0,0,8,1,22;418;315;236;162;218;668;498
0,6593,6645,1,0,0,8,0,12;369;305;236;152;208;658;488
1,6595,6669,1,0,0,8,1,10;369;303;236;150;206;656;486
1,6611,6677,1,0,0,7,1,369;266;231;134;190;640;470
1,6631,6685,1,0,0,7,1,369;266;211;114;170;620;450
1,6668,6748,1,0,0,7,1,333;230;174;77;133;583;413
1,6718,6769,1,0,0,8,1,283;180;124;27;83;533;363;639
1,6741,6960,1,0,0,8,3,260;157;101;4;60;510;340;616
0,6754,6809,1,0,0,7,0,247;144;88;47;497;327;558
0,6773,6823,1,0,0,7,0,228;125;69;28;478;308;558
1,6776,6839,1,0,0,7,1,225;122;66;25;475;305;558
0,6834,6907,1,0,0,6,0,167;64;8;417;247;523
0,6835,6913,1,0,0,6,0,166;63;7;416;246;522
1,5070,5141,1,0,0,5,1,349;545;250;1061;783
1,5052,5133,1,0,0,4,1,367;545;268;1079
1,5036,5267,1,0,0,4,2,383;558;284;1095
1,5030,5114,1,0,0,4,2,389;606;290;1101
0,5250,5304,1,0,0,7,0,169;386;70;881;603;690;750
0,5217,5275,1,0,0,7,0,202;419;103;914;636;690;783
1,5136,5389,1,0,0,6,3,283;500;184;995;717;810
1,5099,5153,1,0,0,6,2,320;537;221;1032;754;847
1,5413,5476,1,0,0,9,1,6;223;718;440;533;587;729;640;356
1,5380,5467,1,0,0,8,2,39;256;751;473;566;620;799;673
0,5309,5372,1,0,0,7,0,110;327;11;822;544;637;691
0,5257,5308,1,0,0,7,0,162;379;63;874;596;689;743
1,5579,5658,1,0,0,9,2,57;552;274;367;421;597;474;190;883
1,5562,5633,1,0,0,9,2,74;569;291;384;438;617;491;207;900
0,5526,5585,1,0,0,9,0,110;605;327;420;474;653;527;243;936
1,5473,5555,1,0,0,9,2,163;658;380;473;527;706;580;296;989
1,5619,5674,1,0,0,9,1,17;512;234;327;381;560;434;150;843
1,5629,5899,1,0,0,9,6,7;502;224;317;371;534;424;140;833
1,5593,5682,1,0,0,9,2,43;538;260;353;407;574;460;176;869
0,5597,5673,1,0,0,9,0,39;534;256;349;403;567;456;172;865
1,5765,5848,1,0,0,11,3,366;88;181;235;414;288;4;697;365;804;840
1,5775,6054,1,0,0,10,8,311;78;171;225;404;278;687;355;794;830
1,5673,5940,1,0,0,10,9,458;180;273;327;506;380;96;789;457;896
1,5734,5807,1,0,0,11,2,397;119;212;266;445;319;35;728;396;835;871
1,5848,5915,1,0,0,10,1,283;5;98;152;331;205;614;282;721;757
0,5864,5927,1,0,0,9,0,267;68;136;315;189;598;266;705;741
0,5794,5848,1,15,0,10,0,311;59;114;206;385;259;668;336;775;811
1,5819,5900,1,0,0,10,1,311;34;114;181;360;234;643;311;750;786
1,5879,6087,1,0,0,9,4,233;67;121;300;174;583;251;690;726
1,5880,5934,1,0,0,9,1,233;66;120;299;173;582;250;635;725
0,5872,5941,1,0,0,9,0,259;68;128;307;181;590;258;697;733
1,5878,5939,1,0,0,9,1,253;68;122;301;175;584;252;691;727
1,7810,7892,1,0,0,9,3,66;157;516;446;248;383;516;370;787
1,7801,7878,1,0,0,9,2,75;174;525;455;257;392;525;379;796
1,7857,7921,1,0,0,9,1,19;103;469;399;201;336;469;323;740
1,7851,7926,1,0,0,9,3,25;124;475;405;207;342;475;329;746
1,7752,7816,1,0,0,9,1,124;222;574;504;306;421;574;428;845
1,7741,8017,1,15,0,9,8,135;234;585;515;317;421;585;439;856
0,7759,7811,1,0,0,9,0,89;216;567;497;299;421;567;408;838
1,7754,7825,1,0,0,9,1,89;221;572;502;304;421;572;426;843
1,8045,8108,1,0,0,7,1,281;211;13;148;281;135;552
1,8006,8063,1,0,0,7,1,320;250;52;187;320;174;591
1,8149,8230,1,0,0,6,1,177;103;44;177;31;448
1,8147,8388,1,0,0,6,2,179;109;46;179;33;450
1,7879,8129,1,0,0,8,4,96;447;377;179;308;419;301;718
1,7860,7917,1,0,0,9,1,16;103;466;396;198;333;419;320;737
1,7989,8054,1,0,0,7,1,337;267;69;204;337;191;608
0,7922,7987,1,0,0,8,0,53;404;334;136;271;404;258;675
0,8270,8342,1,0,0,4,0,56;56;327;594
0,8306,8357,1,0,0,6,0,20;20;291;558;860;611
0,8314,8370,1,0,0,6,0,12;12;283;550;852;603
1,8330,8624,1,0,0,4,4,267;534;836;587
1,8201,8270,1,0,0,4,1,125;55;125;396
1,8210,8264,1,0,0,4,1,116;46;113;387
0,8266,8331,1,0,0,4,0,60;60;331;598
0,8270,8327,1,0,0,4,0,56;56;327;594
1,8413,8483,1,0,0,5,1,184;356;753;504;880
0,8419,8501,1,0,0,6,0,178;356;747;488;874;795
1,8478,8547,1,0,0,9,2,119;356;688;439;815;736;789;610;866
1,8527,8610,1,0,0,10,2,70;337;639;390;766;687;740;561;817;679
1,8337,8565,1,0,0,4,4,260;527;829;525
0,8349,8399,1,0,0,5,0,248;515;817;519;944
0,8388,8450,1,0,0,5,0,209;476;778;519;905
1,8397,8633,1,0,0,5,2,200;467;769;519;896
1,7094,7342,1,0,0,4,1,157;263;782;638
1,7055,7126,1,0,0,5,1,196;26;302;816;677
1,7037,7336,1,0,0,5,4,214;44;320;839;695
1,7003,7061,1,0,0,5,1,248;78;354;844;729
1,6949,7214,1,0,0,5,2,52;302;132;404;927
1,6946,7002,1,0,0,5,1,55;305;135;411;930
0,6940,7001,1,0,0,5,0,61;311;141;417;936
0,6859,6937,1,0,0,5,0,142;39;392;222;498
0,7335,7414,1,15,0,5,0,22;541;397;633;991
1,7299,7370,1,0,0,5,1,35;548;433;659;1027
1,7294,7372,1,0,0,5,1,35;582;438;659;1032
0,7239,7295,1,0,0,6,0,12;35;624;493;659;1087
1,7234,7525,1,0,0,6,4,17;35;624;498;741;1092
1,7220,7284,1,0,0,6,1,31;35;656;512;755;1106
0,7214,7272,1,0,0,6,0,37;35;662;518;761;1112
0,7115,7170,1,0,0,4,0,136;35;761;617
1,7570,7657,1,0,0,9,2,283;162;405;756;686;488;623;756;602
1,7597,7670,1,0,0,9,2,279;135;378;729;659;461;596;729;583
1,7555,7809,1,0,0,9,5,299;177;420;771;701;503;638;771;625
1,7568,7644,1,0,0,9,1,283;164;407;758;688;490;625;758;612
1,7450,7656,1,0,0,6,2,398;282;525;876;806;608
0,7518,7568,1,0,0,7,0,299;214;457;808;738;540;675
0,7405,7480,1,0,0,5,0,471;327;570;921;851
1,7434,7520,1,0,0,5,1,442;298;541;892;822
1,7684,7758,1,0,0,10,1,192;48;291;642;572;374;467;642;496;913
1,7716,8002,1,0,0,10,9,160;16;259;610;540;342;442;610;464;881
0,7620,7704,1,0,0,9,0,256;112;355;706;636;438;573;706;560
1,7622,7891,1,0,0,9,8,254;110;353;704;634;436;571;704;558
0,7618,7680,1,0,0,9,0,258;114;357;708;638;440;575;708;562
0,7618,7674,1,0,0,9,0,258;114;357;708;638;440;575;708;562
0,7608,7678,1,0,0,9,0,268;124;367;718;648;450;585;718;572
1,7609,7840,1,0,0,9,6,267;123;366;717;647;449;584;717;571
1,2500,2718,1,0,0,13,7,87;190;330;45;610;618;443;427;394;907;647;858;522
1,2512,2792,1,15,0,13,8,75;190;318;33;598;606;431;415;382;907;635;846;421
0,2515,2592,1,0,0,13,0,72;190;237;30;595;603;428;412;379;904;632;843;421
1,2528,2615,1,0,0,13,1,59;189;237;17;582;590;415;399;366;891;619;830;421
1,2544,2624,1,0,0,13,1,43;173;237;1;566;574;399;383;350;875;603;814;421
1,2638,2725,1,0,0,12,1,79;192;472;480;305;289;256;781;509;720;384;506
1,2642,2915,1,0,0,12,6,75;188;468;476;301;285;252;777;465;716;380;502
1,2700,2767,1,0,0,12,1,17;130;410;418;243;227;194;719;447;658;322;444
0,2322,2373,1,0,0,11,0,116;265;395;508;223;782;796;158;621;605;572
1,2323,2564,1,0,0,11,6,115;264;394;507;222;782;795;157;620;604;571
1,2377,2428,1,0,0,11,1,61;210;340;453;168;733;741;103;566;550;517
0,2435,2492,1,0,0,12,0,3;152;282;395;110;675;683;45;508;492;459;984
1,2445,2499,1,0,0,11,1,142;272;385;100;665;673;35;498;482;449;974
0,2471,2557,1,0,0,13,0,116;245;359;74;639;647;9;472;456;423;948;676;887
1,2474,2549,1,0,0,13,2,113;243;356;71;636;644;6;469;453;420;945;673;884
1,2481,2749,1,0,0,12,6,106;190;349;64;629;637;462;446;413;938;666;877
0,3161,3236,1,0,0,8,0,258;197;287;733;515;565;365;766
1,3158,3244,1,0,0,8,1,261;200;290;736;528;568;368;769
1,3238,3313,1,0,0,9,1,181;120;210;656;448;488;288;689;461
1,3186,3267,1,0,0,9,1,233;172;262;708;500;540;340;741;513
1,3310,3580,1,0,0,10,7,109;48;128;584;376;416;216;617;389;846
1,3304,3378,1,0,0,10,2,115;54;144;590;382;422;222;623;395;852
1,3403,3612,1,0,0,10,5,16;45;491;264;323;123;524;296;753;598
1,3385,3460,1,0,0,10,1,34;63;509;301;341;141;542;314;771;616
0,2925,2995,1,0,0,11,0,185;188;18;2;494;222;433;97;219;523;969
1,2872,2948,1,0,0,12,1,238;246;71;55;22;547;275;486;150;272;576;1022
1,3042,3098,1,0,0,12,1,68;76;377;105;316;102;406;852;644;684;484;885
0,3026,3090,1,0,0,11,0,84;92;393;121;332;118;422;868;660;700;500
0,3086,3142,1,0,0,12,0,24;32;333;61;272;58;362;808;598;640;440;841
1,3070,3146,1,0,0,12,1,40;48;349;77;288;74;378;824;614;656;456;857
0,3123,3187,1,0,0,10,0,296;24;235;21;325;771;563;603;403;804
1,3104,3165,1,0,0,12,4,6;14;315;43;254;40;344;790;582;622;422;823
1,1728,1983,1,0,0,5,2,472;416;505;228;275
0,1750,1810,1,0,0,7,0,472;402;483;206;201;688;473
1,1688,1973,1,0,0,4,3,607;464;545;268
1,1694,1911,1,0,0,4,2,601;416;539;262
1,1878,2172,1,0,0,9,7,417;274;355;42;125;560;345;442;709
1,1884,1937,1,0,0,9,1,401;268;349;42;119;554;339;436;703
1,1860,1942,1,0,0,8,1,435;292;373;96;143;578;363;460
1,1868,1939,1,16,0,8,1,423;284;365;88;135;570;355;452
0,1365,1421,1,0,0,4,0,13;207;24;263
0,1460,1543,1,0,0,4,0,112;168;835;692
1,1353,1427,1,0,0,4,1,46;219;48;275
1,1364,1418,1,0,0,4,1,13;208;37;264
0,1608,1693,1,0,0,4,0,20;687;544;625
0,1660,1727,1,0,0,4,0,635;492;573;296
0,1501,1564,1,0,0,4,0,71;127;794;651
0,1604,1660,1,0,0,4,0,24;691;548;629
1,2192,2259,1,0,0,14,1,103;41;154;31;128;395;525;638;353;918;926;288;751;735
1,2170,2429,1,0,0,13,7,125;63;268;53;150;417;547;660;375;940;948;310;773
1,2111,2188,1,0,0,14,2,184;41;122;327;112;209;476;606;719;434;992;1007;369;832
1,2092,2170,1,0,0,13,2,198;60;141;346;131;228;495;625;738;453;992;1026;388
1,2299,2351,1,0,0,12,2,130;21;288;418;531;246;811;819;181;644;628;595
0,2297,2381,1,0,0,12,0,130;23;290;420;533;248;813;821;183;646;630;597
1,2266,2333,1,0,0,13,2,29;130;54;321;451;564;279;844;852;214;677;661;628
1,2202,2498,1,0,0,14,8,93;31;154;21;118;385;515;628;343;908;916;278;741;725
1,2044,2110,1,0,0,11,1,251;108;189;394;164;276;543;673;786;501;992
1,2036,2307,1,0,0,11,6,259;116;197;402;164;284;551;681;794;509;1074
1,1991,2076,1,0,0,11,1,304;161;242;12;447;232;329;596;726;839;554
1,1972,2056,1,0,0,11,1,323;180;261;31;466;251;348;615;745;858;573
1,2077,2129,1,0,0,12,2,216;75;155;361;133;243;510;640;753;468;992;1041
1,2076,2144,1,0,0,12,2,219;75;155;362;133;244;511;641;754;469;992;1042
1,2070,2131,1,0,0,12,1,225;75;155;368;153;250;517;647;760;475;992;1048
1,2062,2358,1,0,0,12,8,233;90;155;376;161;258;525;655;768;483;992;1056
1,4415,4472,1,0,0,9,1,103;98;35;13;32;109;404;265;439
1,4422,4479,1,0,0,9,1,96;60;28;6;25;102;397;258;432
1,4433,4707,1,0,0,8,2,85;60;17;14;91;386;247;421
0,4503,4581,1,0,0,6,0,15;10;21;316;177;351
1,4241,4294,1,0,0,10,1,155;277;272;209;187;206;283;578;439;613
1,4334,4403,1,0,0,10,2,62;184;179;116;94;113;190;485;346;520
1,4343,4567,1,0,0,10,2,53;175;170;107;85;104;168;476;337;511
1,4360,4431,1,0,0,10,1,36;158;153;90;68;87;164;416;320;494
1,4118,4182,1,0,0,11,1,38;278;400;395;332;310;329;406;701;521;736
1,4118,4368,1,0,0,11,6,38;270;400;395;332;310;329;406;701;521;736
0,4147,4220,1,0,0,11,0,9;249;371;366;303;281;300;377;672;521;707
1,4167,4254,1,0,0,10,1,229;351;346;283;261;280;357;652;513;687
1,4061,4328,1,0,0,11,10,95;335;457;452;389;346;386;463;758;614;793
1,4074,4159,1,0,0,11,1,82;322;444;439;376;346;373;450;745;577;780
1,4079,4330,1,0,0,11,7,77;317;439;434;371;346;368;445;740;559;775
1,4083,4335,1,0,0,11,7,73;313;435;430;367;345;364;441;736;521;771
1,4934,5005,1,0,0,2,1,485;677
1,4866,4954,1,0,0,3,1,40;553;682
0,4939,4995,1,15,0,2,0,480;630
1,4936,5146,1,0,0,2,1,483;673
1,4785,5079,1,0,0,5,2,34;69;121;634;851
0,4782,4838,1,0,0,5,0,37;72;124;637;854
0,4792,4864,1,0,0,5,0,27;58;114;627;682
1,4786,4863,1,0,0,5,1,33;68;120;633;682
1,4633,4860,1,0,0,5,1,186;36;190;273;786
1,4624,4698,1,0,0,5,1,195;56;190;282;795
1,4647,4725,1,0,0,5,1,172;33;180;259;720
1,4644,4718,1,0,0,5,1,175;36;190;262;720
1,4539,4624,1,0,0,3,1,280;141;315
1,4523,4736,1,0,0,4,2,1;296;157;331
1,4575,4657,1,0,0,5,1,244;105;190;331;844
1,4544,4803,1,0,0,4,2,263;136;310;362
1,3683,3736,1,0,16,9,2,211;3;43;244;16;473;318;693;835
1,3702,3777,1,0,0,8,2,192;24;225;454;299;693;816;811
1,3662,3738,1,0,0,9,2,232;24;64;265;31;494;339;734;856
1,3681,3916,1,0,0,9,3,213;5;45;246;18;475;320;715;837
1,3628,3700,1,0,0,9,2,266;58;98;299;31;528;373;768;890
1,3638,3711,1,0,0,9,1,256;48;88;289;31;518;363;744;880
1,3590,3880,1,15,0,8,5,304;96;125;337;109;566;408;806
1,3616,3669,1,0,0,8,1,278;70;110;311;83;540;385;780
1,3549,3624,1,0,0,8,1,345;137;177;378;150;607;452;811
1,3555,3642,1,0,0,8,2,339;131;171;372;144;601;408;811
0,3538,3588,1,0,0,8,0,356;148;188;389;161;618;463;858
1,3544,3618,1,0,0,8,2,350;142;182;383;155;612;457;852
1,3466,3725,1,16,0,9,6,428;220;260;60;461;233;690;535;930
1,3509,3598,1,0,0,9,1,385;177;217;17;418;190;647;492;887
1,3407,3457,1,0,0,10,2,12;41;487;264;319;99;520;292;749;594
1,3426,3514,1,0,0,10,3,22;468;260;300;99;501;273;730;575;970
1,4051,4110,1,0,0,11,1,105;345;467;462;399;346;396;473;768;614;803
1,4049,4250,1,0,0,11,4,107;347;469;464;401;379;398;475;770;614;805
1,4022,4102,1,0,0,11,1,134;374;496;491;428;406;425;502;797;631;832
1,4015,4103,1,0,0,11,1,141;381;503;498;435;413;432;509;804;665;839
1,3987,4067,1,0,0,11,2,169;14;409;531;526;463;441;460;537;832;693
1,3971,4025,1,0,0,10,2,185;30;425;547;542;479;457;476;553;848
0,3969,4025,1,0,0,10,0,187;32;427;549;544;481;459;478;555;850
1,3929,3980,1,0,0,10,2,227;72;449;589;584;521;499;518;595;890
1,3915,3990,1,0,0,10,2,12;241;86;481;603;598;535;513;532;609
1,3868,3934,1,0,0,11,3,26;59;288;133;528;650;645;582;560;579;653
1,3864,4117,1,0,0,11,7,30;63;292;137;532;654;649;586;564;583;660
0,3845,3929,1,16,0,9,0,49;65;311;156;551;673;668;605;583
1,3822,4075,1,0,0,7,4,72;105;334;179;574;696;691
1,3786,3871,1,0,0,7,2,108;141;370;215;610;732;727
1,3728,3814,1,0,0,7,1,166;199;409;269;668;790;785
1,3720,4019,1,0,0,8,4,174;6;207;409;281;676;798;793
1,13979,14048,1,0,0,6,2,48;493;268;250;544;629
1,14017,14088,1,0,0,6,1,10;455;230;212;506;591
1,13885,14130,1,0,0,6,6,142;587;362;344;638;723
0,13894,13964,1,0,0,6,0,133;578;353;307;629;714
1,14117,14203,1,0,0,8,1,355;130;112;406;491;626;735;503
0,14147,14209,1,0,0,8,0,297;100;82;376;461;596;735;473
0,14028,14096,1,0,0,6,0,444;219;178;495;580;715
1,14107,14183,1,0,0,8,1,365;140;122;416;501;636;798;513
1,14212,14287,1,0,0,9,1,260;35;17;311;396;531;693;408;885
1,14217,14304,1,0,0,9,1,255;30;12;306;391;526;665;403;880
1,14172,14230,1,0,0,8,1,297;75;57;351;436;571;733;448
0,14202,14289,1,16,0,9,0,270;45;27;321;406;541;703;418;895
0,14250,14315,1,0,0,8,0,177;273;358;493;655;370;847;797
1,14265,14540,1,0,0,8,7,177;258;343;478;640;355;832;782
0,14233,14301,1,0,0,8,0,239;14;290;375;510;663;387;864
1,14241,14311,1,0,0,9,2,231;6;282;367;502;663;379;856;806
1,13301,13518,1,0,0,4,2,380;190;372;172
1,13291,13356,1,0,0,4,2,390;200;377;219
1,13238,13473,1,0,0,4,3,443;253;405;272
0,13196,13248,1,0,0,4,0,485;295;405;314
1,13446,13526,1,0,0,5,2,235;45;227;64;371
1,13419,13713,1,0,0,5,3,262;72;254;91;398
1,13397,13628,1,0,0,4,1,264;94;276;113
1,13394,13474,1,0,0,4,2,287;97;279;116
0,13619,13705,1,0,0,6,0,61;54;198;408;853;628
1,13571,13806,1,0,0,5,3,87;102;246;456;901
1,13551,13801,1,0,0,4,3,130;122;266;476
0,13485,13551,1,0,0,6,0,196;6;188;25;332;542
0,13835,13902,1,0,0,5,0,192;637;412;394;688
0,13778,13858,1,0,0,5,0,39;249;694;469;451
0,13688,13769,1,0,0,5,0,129;330;784;559;541
1,13652,13707,1,0,0,6,1,29;21;165;375;820;595
1,12772,12849,1,0,0,6,2,207;164;230;294;909;719
0,12822,12893,1,0,0,6,0,157;114;180;257;859;669
1,12860,12940,1,0,0,6,1,119;76;142;219;821;631
1,12905,13145,1,0,0,6,3,74;31;97;174;776;586
1,12918,13211,1,0,0,6,1,61;18;84;161;763;573
1,12926,13013,1,0,0,6,1,53;10;76;153;613;565
1,12948,13004,1,0,0,5,1,31;54;131;613;543
1,12949,13157,1,0,0,5,1,30;53;123;613;542
1,12992,13073,1,0,0,4,1,10;87;593;499
0,13037,13114,1,0,0,3,0,42;593;454
0,13072,13140,1,0,0,3,0,7;593;419
0,13082,13169,1,0,0,2,0,593;409
0,13112,13171,1,0,0,2,0,569;379
1,13122,13348,1,0,0,2,1,559;369
0,13153,13216,1,0,0,3,0,528;338;520
1,13180,13407,1,0,0,4,3,501;311;493;330
1,12257,12458,1,0,0,8,3,206;0;63;61;722;250;299;679
1,12247,12300,1,0,0,8,1,216;10;73;85;732;260;309;689
1,12326,12394,1,0,0,6,1,113;6;653;181;230;610
1,12310,12555,1,0,0,7,4,153;10;22;669;197;246;626
1,12402,12687,1,0,0,5,3,61;577;105;154;534
1,12327,12532,1,0,0,6,2,113;5;652;119;229;609
0,12449,12511,1,0,0,6,0,14;393;58;107;487;553
1,12435,12507,1,0,0,5,1,28;453;72;121;501
0,12615,12681,1,0,0,3,0,364;321;387
0,12519,12596,1,0,0,4,0,393;37;417;483
0,12662,12734,1,0,0,4,0,317;221;340;417
1,12625,12890,1,0,0,3,3,354;311;377
1,12701,12757,1,0,0,4,1,278;221;301;378
1,12686,12975,1,0,0,4,3,293;221;316;393
1,12749,12799,1,0,0,6,1,230;187;253;328;932;742
1,12709,12947,1,0,0,5,3,270;221;293;328;972
1,16227,16301,1,0,0,5,1,17;60;92;84;481
0,16345,16638,1,0,0,1,0,367
1,16209,16289,1,0,0,5,1,56;78;110;102;503
1,16211,16418,1,0,0,5,1,17;76;108;100;501
1,16068,16137,1,0,0,9,2,197;14;219;20;107;251;132;88;243
1,16175,16422,1,0,0,7,1,90;112;0;144;25;136;537
1,16044,16130,1,0,0,9,1,221;38;243;43;131;275;156;122;267
1,16049,16105,1,0,0,9,1,216;33;238;20;126;270;151;117;262
0,16562,16649,1,0,0,2,0,46;682
0,16647,16724,1,0,0,2,0,46;597
1,16537,16778,1,0,0,2,1,49;707
0,16551,16636,1,0,0,2,0,46;693
0,16491,16718,1,0,0,2,0,193;753
1,16507,16759,1,0,0,2,1,193;737
0,16351,16408,1,0,0,1,0,361
1,16404,16690,1,0,0,1,1,308
1,15585,15643,1,0,0,15,1,80;140;274;93;435;215;680;497;421;456;702;546;590;734;615
1,15540,15596,1,0,0,15,1,125;185;319;138;480;260;699;542;466;501;747;591;635;779;660
1,15522,15601,1,0,0,15,1,143;203;337;156;498;260;743;560;484;519;765;609;653;797;678
1,15480,15544,1,0,0,14,2,185;245;379;198;39;540;260;785;602;526;525;807;651;695
1,15468,15727,1,0,0,14,12,197;257;391;210;51;552;260;797;614;538;573;819;663;707
1,15463,15701,1,0,0,14,10,202;262;396;215;56;557;337;802;619;543;578;824;668;712
1,15414,15648,1,0,0,15,11,251;311;2;445;264;105;606;386;851;668;592;627;873;717;761
1,15373,15579,1,0,0,12,7,30;292;352;5;486;305;146;647;427;892;709;633
1,16027,16108,1,0,0,11,1,238;55;14;260;104;148;292;173;139;13;284
1,16002,16291,1,0,0,13,7,18;263;80;4;39;285;129;173;317;198;164;38;309
1,15862,15949,1,0,0,13,3,158;403;220;144;179;425;269;313;457;338;304;178;449
1,15711,15765,1,0,0,16,1,14;148;309;89;554;371;295;312;576;420;464;608;489;455;329;600
1,15697,15773,1,0,0,16,1,28;162;323;103;568;385;309;344;590;434;478;622;503;463;343;614
1,15672,15746,1,0,0,17,2,53;187;6;348;128;593;410;334;358;615;459;503;647;528;494;368;639
1,15667,15720,1,0,0,17,1,58;192;11;353;133;598;415;339;374;620;464;508;652;533;499;373;644
1,15625,15704,1,0,0,16,2,40;100;234;53;395;175;634;457;381;416;662;506;550;694;575;541
0,15012,15080,1,0,0,10,0,85;35;323;391;345;653;713;404;847;666
1,15046,15135,1,0,0,12,2,51;1;289;357;311;619;679;370;813;632;473;974
1,15068,15140,1,0,0,11,1,29;267;335;289;597;657;348;791;610;451;952
1,15074,15156,1,0,0,11,2,23;261;329;283;591;651;342;785;604;445;902
1,14826,14899,1,0,0,7,1,79;264;221;509;577;485;839
1,14881,15124,1,0,0,9,8,24;214;166;454;522;476;784;844;535
1,14907,15130,1,0,0,8,2,190;140;428;496;440;758;818;509
0,14968,15022,1,0,0,8,0,121;79;367;435;389;697;757;448
1,15327,15568,1,0,0,13,7,8;76;30;338;398;89;532;351;192;693;473;938;755
1,15334,15399,1,0,0,13,1,1;69;23;331;391;22;525;344;185;686;466;931;748
1,15344,15589,1,0,0,13,7,59;13;321;381;22;515;334;175;664;456;921;738;662
1,15371,15426,1,0,0,12,1,32;294;354;22;488;307;148;649;429;894;711;635
1,15143,15352,1,0,0,10,8,192;260;214;522;582;273;716;535;376;877
1,15151,15365,1,0,0,10,5,184;252;196;514;574;265;708;527;368;869
0,15206,15265,1,0,0,10,0,129;197;151;459;519;210;653;472;283;814
0,15268,15329,1,0,0,11,0,67;135;89;397;457;148;591;410;251;752;532
1,14465,14708,1,0,0,9,5,7;22;143;278;440;155;632;582;870
1,14461,14531,1,0,0,9,1,11;34;147;282;444;159;636;586;874
1,14562,14833,1,0,0,7,2,46;181;343;58;493;485;773
1,14518,14749,1,0,0,8,3,5;90;225;387;102;579;529;817
0,14383,14462,1,0,0,9,0,89;140;225;360;522;237;714;664;952
0,14314,14375,1,0,0,8,0,145;209;294;429;591;306;783;733
1,14401,14687,1,0,0,9,7,33;122;207;342;504;219;696;646;934
1,14393,14479,1,0,0,9,1,79;130;215;350;512;227;704;654;942
1,14816,15093,1,0,0,7,4,89;281;231;519;587;541;849
0,14747,14822,1,0,0,6,0,158;350;300;588;656;610
1,14821,15075,1,0,0,7,5,84;264;226;514;582;536;844
0,14818,14871,1,0,0,7,0,87;264;229;517;585;539;847
1,14616,14677,1,0,0,8,1,86;289;4;481;431;719;787;741
1,14570,14816,1,0,0,7,4,38;173;316;50;493;477;765
1,14696,14752,1,0,0,7,1,39;209;401;351;639;707;661
1,14692,14773,1,0,0,7,1,51;213;405;355;643;711;665
1,10248,10526,1,0,0,4,2,259;153;236;440
1,10237,10450,1,0,0,4,1,270;164;239;648
1,10228,10285,1,0,0,4,1,279;173;256;657
1,10211,10470,1,0,0,4,2,296;190;273;669
1,10317,10603,1,0,0,7,4,190;84;152;440;790;532;813
0,10309,10359,1,0,0,7,0,198;92;152;440;798;540;821
0,10295,10346,1,0,0,7,0,212;106;152;440;812;554;835
1,10288,10539,1,0,0,6,2,219;113;196;440;819;561
1,10114,10195,1,0,0,6,1,28;393;287;57;370;771
1,10012,10074,1,0,0,6,1,130;495;389;159;78;441
1,9978,10046,1,0,0,6,1,164;529;423;193;91;506
0,9976,10034,1,15,0,6,0,166;531;425;195;91;508
1,10182,10431,1,0,0,4,3,309;219;302;669
1,10175,10228,1,0,0,4,1,332;226;309;669
1,10173,10243,1,0,0,4,1,334;228;311;678
1,10151,10234,1,0,0,5,1,356;250;20;333;734
0,9788,9846,1,0,0,11,0,20;35;187;354;133;30;719;613;383;302;696
0,9802,9883,1,0,0,11,0,20;21;173;340;119;16;705;599;369;288;682
1,9714,10003,1,0,0,10,7,123;46;109;261;428;207;104;793;687;457
1,9760,9833,1,0,0,10,1,36;0;63;215;382;161;58;747;641;411
1,9966,10031,1,0,0,7,1,9;176;541;435;205;124;518
1,9969,10049,1,0,0,7,1,6;173;538;432;202;105;515
1,9824,10063,1,0,0,9,4,13;151;318;97;683;577;347;266;660
1,9902,10166,1,0,0,8,3,73;240;19;605;499;269;141;582
1,9469,9549,1,0,0,15,2,0;8;155;119;70;368;291;354;169;126;206;506;673;452;349
1,9489,9545,1,0,0,13,1,135;99;50;348;271;334;149;106;186;486;653;425;329
1,9392,9453,1,0,0,15,2,73;77;85;232;196;147;445;326;431;246;203;283;583;750;529
1,9441,9735,1,0,0,16,11,24;28;36;183;147;98;396;319;382;197;154;234;534;701;480;377
0,9634,9694,1,0,0,12,0,203;126;189;4;41;341;508;287;184;873;767;537
0,9708,9794,1,0,0,10,0,129;52;115;267;434;213;110;799;693;463
1,9527,9598,1,0,0,14,2,97;61;12;310;233;296;111;68;148;448;615;394;291;980
1,9535,9771,1,0,0,14,9,89;53;4;302;225;288;103;60;140;440;607;386;283;948
1,9192,9268,1,0,0,18,1,101;22;75;152;14;273;277;262;143;432;396;347;645;568;631;446;403;483
1,9180,9255,1,0,0,18,1,113;34;87;164;26;285;289;297;155;444;408;359;657;580;643;458;415;495
1,9264,9341,1,0,0,17,2,29;3;80;201;205;213;71;360;324;275;570;496;559;374;331;411;711
1,9232,9308,1,0,0,17,2,61;35;112;233;237;245;103;392;356;307;605;528;591;406;363;443;743
1,9315,9389,1,0,0,16,2,29;150;154;162;20;309;273;224;522;445;508;323;280;360;660;827
0,9291,9366,1,0,0,16,0,2;53;174;178;186;44;333;297;248;546;469;532;347;304;384;684
1,9365,9642,1,0,0,14,9,100;104;112;259;223;174;472;395;458;273;230;310;610;777
0,9317,9377,1,0,0,16,0,27;148;152;119;18;307;271;222;520;443;506;321;278;358;658;825
1,9044,9095,1,0,0,17,1,122;249;170;223;44;300;162;421;425;433;291;580;544;495;793;716;779
1,9013,9078,1,0,0,17,3,153;280;201;254;75;331;193;452;456;464;322;611;575;526;824;747;810
1,9084,9153,1,0,0,18,4,82;209;130;183;4;260;122;381;385;388;251;540;504;455;753;676;739;554
0,9053,9108,1,0,0,17,0,113;240;161;214;35;291;153;412;416;388;282;571;535;486;784;707;770
1,9123,9206,1,0,0,17,1,43;170;91;136;221;83;342;346;354;212;501;465;416;714;637;700;515
1,9109,9164,1,0,0,17,1,57;184;105;158;235;97;356;360;368;226;515;479;430;728;651;714;529
0,9146,9210,1,0,0,17,0,20;147;68;121;198;60;319;323;323;189;478;442;393;691;614;677;492
1,9129,9179,1,0,0,17,1,37;164;85;136;215;77;336;340;325;206;495;459;410;708;631;694;509
1,8673,8750,1,0,0,13,1,191;493;244;620;541;594;415;671;533;792;796;804;662
1,8710,8780,1,0,0,13,1,154;456;207;583;504;557;378;634;496;755;759;767;625
0,8724,8789,1,0,0,13,0,140;442;193;569;490;543;364;620;482;741;745;753;611
1,8727,8778,1,0,0,13,1,137;439;190;566;487;540;361;617;479;738;742;750;608
1,8746,8960,1,0,0,14,10,118;420;171;547;468;521;342;598;460;719;723;731;589;878
1,8794,8871,1,0,0,16,2,70;372;123;499;420;473;294;550;412;671;675;683;541;830;794;745
1,8839,8921,1,0,0,16,2,25;327;78;454;375;428;249;505;367;626;630;638;496;785;749;700
1,8843,8911,1,0,0,16,1,21;323;74;450;371;424;245;501;363;622;626;634;492;781;745;696
1,8549,8636,1,0,0,12,3,48;315;617;368;744;665;680;539;795;657;916;920
1,8594,8682,1,0,0,13,2,3;270;572;323;699;620;673;494;750;612;871;875;883
1,8603,8675,1,0,0,12,3,261;563;314;690;611;664;485;741;603;862;866;859
1,8617,8903,1,0,0,13,9,247;549;300;676;597;650;471;727;589;848;852;859;718
1,8620,8690,1,0,0,13,3,244;517;297;673;594;647;468;724;586;845;849;857;715
1,8639,8696,1,0,0,13,2,225;517;278;654;575;628;449;705;567;826;830;838;696
0,8643,8712,1,0,0,13,0,221;517;274;650;571;624;445;701;563;822;826;834;692
1,8673,8761,1,0,0,13,2,191;493;244;620;541;574;415;671;533;792;796;804;662
1,12231,12282,1,0,0,8,1,232;26;78;101;748;276;325;705
1,12209,12502,1,0,0,10,6,5;13;254;48;111;123;766;298;347;727
1,12149,12211,1,0,0,9,3,45;73;314;108;139;183;766;358;407
1,12143,12217,1,0,0,9,4,71;79;320;114;177;189;766;364;413
1,12143,12220,1,0,0,9,1,45;79;320;114;177;189;766;364;413
1,12123,12182,1,0,0,9,2,91;95;340;134;197;209;766;384;433
1,12108,12377,1,0,0,9,6,106;114;355;149;212;224;766;399;448
1,12095,12379,1,0,0,9,5,119;127;368;162;225;237;884;412;461
1,11972,12026,1,0,0,11,2,69;242;250;104;491;285;348;360;1007;535;584
1,11935,12001,1,0,0,11,1,106;279;287;141;528;322;385;397;1044;572;621
1,11906,11988,1,0,0,10,1,135;308;316;170;557;351;393;426;1073;601
1,11886,11943,1,0,0,10,1,155;328;336;190;577;371;393;446;1093;621
1,11780,12063,1,0,0,8,5,253;434;442;296;683;477;540;552
0,11764,11839,1,0,0,9,0,253;450;458;312;8;699;493;556;568
0,11758,11834,1,0,0,9,0,253;456;464;318;14;705;499;562;574
1,11754,11955,1,0,0,9,6,287;460;468;322;18;709;503;566;578
1,11702,11774,1,0,0,8,2,339;512;520;374;70;761;555;618
1,11722,11795,1,0,0,9,2,319;492;500;354;50;741;520;598;610
1,11617,11673,1,0,0,8,1,28;50;424;597;605;459;155;804
0,11623,11704,1,0,0,8,0,22;44;418;591;599;453;149;804
1,11572,11658,1,0,0,7,2,73;95;469;642;650;504;200
1,11609,11684,1,0,0,8,1,36;58;432;605;613;467;163;854
1,11495,11568,1,0,0,7,1,150;172;546;719;702;581;277
0,11521,11574,1,0,0,7,0,124;146;520;693;701;526;251
1,11487,11541,1,0,0,7,1,158;180;546;727;735;589;285
0,11491,11546,1,0,0,7,0,154;176;546;723;702;585;281
1,11446,11501,1,0,0,7,1,199;221;595;768;776;630;326
1,11480,11537,1,0,0,7,1,165;187;552;734;742;596;292
0,11369,11453,1,0,0,9,0,42;72;276;298;672;845;853;707;403
0,11428,11500,1,0,0,8,0,13;217;239;613;786;794;648;344
1,11307,11373,1,0,0,7,2,104;134;338;360;734;907;915
0,11369,11440,1,0,0,9,0,42;72;276;298;672;845;853;707;403
1,11184,11273,1,0,0,7,2,227;257;461;483;857;1030;1038
0,11173,11244,1,0,0,7,0,238;268;472;494;868;1041;1049
1,11259,11340,1,0,0,7,2,152;182;386;408;782;955;963
0,11254,11319,1,0,0,7,0,157;187;391;413;787;960;968
1,11099,11177,1,16,0,9,2,3;31;69;312;342;546;568;942;1115
0,11086,11141,1,0,0,8,0,3;44;82;325;355;559;581;955
1,11124,11412,1,0,0,8,6,6;44;287;317;521;543;917;1090
0,11102,11160,1,0,0,9,0,3;12;66;309;339;543;565;939;1112
0,11044,11095,1,0,0,8,0,63;85;124;367;397;601;623;997
1,11007,11207,1,0,0,7,3,100;85;138;404;434;638;660
0,11077,11156,1,0,0,8,0,3;53;91;334;364;568;590;964
1,11076,11355,1,0,0,8,6,31;54;92;335;365;569;591;965
1,10969,11055,1,0,0,7,2,138;161;199;442;447;676;698
1,10957,11022,1,0,0,7,1,150;173;211;454;484;688;710
0,10988,11038,1,0,0,7,0,119;85;138;423;447;657;679
1,10972,11217,1,0,0,7,5,135;158;138;439;447;673;695
1,10772,11013,1,0,0,8,4,85;335;77;358;396;639;660;873
1,10787,10871,1,0,0,8,2,85;320;62;343;381;624;646;858
1,10793,11015,1,15,0,8,3,85;314;56;272;375;618;646;852
1,10900,10986,1,0,0,7,1,207;230;268;511;541;745;767
1,10707,10784,1,0,0,8,1,178;400;142;423;461;704;693;938
1,10721,10800,1,0,0,8,1,164;386;128;409;447;690;693;924
1,10754,10990,1,0,0,8,5,131;353;95;376;414;657;676;891
1,10764,10845,1,0,0,8,1,85;343;85;366;404;647;676;881
0,10539,10601,1,0,0,6,0,346;568;310;591;629;872
1,10602,10673,1,0,0,7,1,283;505;247;528;566;809;839
1,10610,10846,1,0,0,8,4,275;497;239;504;558;801;831;1035
1,10648,10872,1,0,0,8,6,237;459;201;482;520;763;693;997
1,10338,10402,1,0,0,8,2,93;63;146;440;769;511;792;830
0,10345,10426,1,0,0,8,0,93;56;139;440;762;504;732;823
1,10355,10420,1,0,0,8,1,93;46;129;440;752;494;732;813
1,10483,10572,1,0,0,8,1,24;1;402;624;366;647;685;928
0,0,80,1,0,0,0,0,
0,14,83,1,0,0,1,0,645
0,18,97,1,0,0,1,0,641
0,19,70,1,0,0,1,0,640
0,51,303,1,0,0,2,0,608;748
0,96,167,1,0,0,2,0,563;703
1,135,406,1,0,0,3,1,524;664;497
1,195,401,1,0,0,4,3,464;604;405;377
0,203,282,1,0,0,4,0,456;596;405;310
1,210,412,1,0,0,4,3,449;589;405;310
0,224,292,1,0,0,4,0,435;575;405;304
1,229,517,1,0,0,4,4,430;570;403;304
1,231,521,1,17,0,4,2,428;568;401;292
1,255,334,1,0,0,4,1,404;544;377;292
1,291,356,1,0,0,4,1,368;508;341;281
0,323,412,1,0,0,4,0,336;476;309;249
0,808,887,1,0,0,3,0,303;591;764
0,866,929,1,0,0,3,0,245;533;706
0,767,992,1,0,0,4,0,32;344;632;805
0,803,889,1,0,0,3,0,308;596;769
0,901,982,1,0,0,4,0,210;498;671;323
1,1076,1342,1,0,0,5,3,35;323;496;323;552
0,884,940,1,0,0,3,0,227;515;688
1,895,1181,1,0,0,4,3,216;504;677;506
0,1141,1194,1,0,0,4,0,258;431;182;487
1,1152,1441,1,0,0,4,4,247;420;182;476
0,1102,1167,1,0,0,5,0,9;297;470;182;526
0,1134,1223,1,0,0,4,0,265;438;182;494
1,1208,1431,1,0,0,4,3,191;364;151;420
0,1270,1341,1,0,0,4,0,129;302;131;358
1,1179,1414,1,0,0,4,2,220;393;164;449
1,1193,1272,1,16,0,4,1,206;379;151;435
0,420,507,1,0,0,4,0,239;379;212;152
1,408,486,1,0,0,4,1,251;391;224;164
0,363,440,1,0,0,4,0,296;436;261;209
1,358,617,1,0,0,4,1,301;441;274;214
1,550,810,1,0,0,4,2,8;249;82;22
1,540,772,1,0,0,4,1,119;259;92;32
0,526,609,1,0,0,4,0,133;273;106;46
1,427,513,1,0,0,4,1,232;372;205;145
0,621,696,1,0,0,5,0,8;178;11;478;778
1,591,853,1,0,0,4,2,8;208;41;478
1,582,638,1,0,0,4,1,8;217;50;529
0,574,628,1,0,0,3,0,8;225;58
0,752,802,1,0,0,4,0,47;359;647;820
0,718,769,1,0,0,3,0,81;393;665
0,661,731,1,0,0,3,0,138;450;665
1,659,869,1,0,0,4,2,0;140;452;740
1,19153,19397,1,0,0,14,6,46;333;68;284;131;68;291;510;521;503;506;366;973;470
1,19126,19183,1,0,0,12,1,73;353;95;311;158;95;318;537;548;530;533;385
1,19120,19187,1,0,0,12,1,79;366;101;317;164;101;324;543;554;536;539;385
0,19108,19172,1,0,0,13,0,1;91;378;113;329;176;113;336;555;566;548;551;385
1,19228,19284,1,0,0,12,1,258;209;56;216;435;446;428;431;305;898;334;876
1,19221,19301,1,0,0,14,1,265;0;216;63;0;223;442;453;435;438;312;905;402;883
1,19195,19418,1,0,0,15,7,4;291;26;242;89;26;249;468;479;461;444;338;931;428;909
1,19179,19254,1,0,0,15,2,20;307;42;258;105;42;265;484;495;477;480;354;947;444;925
1,19282,19368,1,0,0,12,3,204;155;2;162;381;392;374;344;251;844;334;822
1,19275,19348,1,0,0,12,1,207;162;9;169;388;399;381;384;252;851;334;829
1,19266,19330,1,0,0,12,1,220;171;18;178;397;408;390;393;252;860;334;838
1,19249,19302,1,0,0,12,2,237;188;35;195;414;425;407;410;284;877;334;855
0,19312,19394,1,0,0,11,0,174;125;132;351;362;344;322;176;814;311;792
0,19295,19346,1,0,0,11,0,191;142;149;368;379;361;322;176;831;328;809
1,19291,19368,1,0,0,11,1,195;146;153;372;383;365;344;176;835;332;813
1,19286,19337,1,0,0,11,1,200;151;158;377;388;370;344;217;840;334;818
0,18746,18797,1,0,0,12,0,363;192;214;351;453;53;740;475;691;538;475;698
1,18790,18859,1,16,0,12,1,319;148;170;307;409;9;696;431;647;494;431;654
1,18637,18689,1,0,0,10,2,472;301;323;460;63;562;162;830;584;800
1,18676,18739,1,0,0,12,1,433;262;284;421;24;523;123;810;545;761;608;545
1,18828,19098,1,0,0,11,8,281;110;132;269;371;629;393;609;456;393;616
1,18841,19096,1,0,0,11,7,268;97;107;256;358;629;380;596;443;380;603
1,18804,18867,1,0,0,11,1,305;134;156;293;395;662;417;633;480;417;640
1,18814,18881,1,0,0,11,1,295;124;135;283;385;662;407;623;470;407;630
0,18909,18959,1,0,0,13,0,200;29;51;188;290;561;312;528;375;312;535;754;765
1,18925,19002,1,0,0,13,2,184;13;35;172;274;561;296;512;359;296;519;738;749
1,18877,19100,1,0,0,13,8,232;61;83;220;322;609;344;560;407;344;567;786;797
1,18877,19083,1,0,0,13,7,232;61;83;220;322;561;344;560;407;344;567;786;797
1,19047,19118,1,0,0,14,2,62;50;152;439;174;390;237;174;397;616;627;609;612;486
1,19102,19191,1,0,0,13,3,7;97;384;119;335;182;119;342;561;572;554;557;431
1,18970,19027,1,0,0,14,1,139;127;229;516;251;467;314;251;474;693;704;686;689;563
1,19012,19066,1,0,0,14,1,97;85;187;474;209;425;272;209;432;651;662;644;647;521
1,20019,20087,1,0,0,6,2,96;85;284;517;539;672
1,20003,20060,1,0,0,6,2,106;101;284;533;555;688
1,20115,20192,1,0,0,5,1,11;268;421;443;576
1,20063,20133,1,0,0,6,2,63;41;284;473;495;628
1,20202,20262,1,0,0,4,1,181;334;356;489
1,20175,20242,1,0,0,4,1,208;361;383;516
1,20209,20449,1,0,0,4,3,174;327;331;482
0,20206,20269,1,0,0,4,0,177;330;331;485
1,20244,20303,1,0,0,4,1,139;292;314;445
1,20233,20306,1,0,0,4,1,150;303;325;458
1,20318,20533,1,0,0,5,2,65;218;240;373;795
1,20294,20584,1,0,0,5,4,89;242;264;397;819
1,20381,20671,1,0,0,6,5,2;155;160;310;732;569
1,20360,20630,1,0,0,6,5,23;176;198;331;753;590
0,20444,20507,1,0,0,6,0,92;114;243;669;506;771
1,20442,20502,1,0,0,6,2,94;116;249;671;508;773
1,19335,19399,1,0,0,11,1,151;102;109;328;339;321;322;176;791;288;769
1,19429,19496,1,0,0,12,1,57;8;15;234;245;227;230;104;697;194;675;356
1,19429,19512,1,0,0,12,1,57;8;15;234;245;227;230;104;697;142;675;356
1,19437,19718,1,0,0,12,7,49;0;7;226;237;219;222;96;689;142;667;348
1,19453,19503,1,0,0,10,1,33;210;221;203;206;80;673;142;651;307
0,19549,19627,1,0,0,8,0,114;125;107;110;577;74;555;236
1,19559,19645,1,0,0,8,1,104;115;97;100;567;64;545;226
1,19660,19732,1,0,0,7,2,3;14;466;444;125;723;876
1,19750,19972,1,0,0,6,2,376;354;35;633;786;808
1,19769,19832,1,0,0,6,2,260;335;16;614;767;789
1,19802,19864,1,0,0,5,1,260;302;581;734;756
1,19807,19887,1,0,0,5,3,260;297;576;729;721
1,19856,19942,1,0,0,6,2,260;248;527;680;702;835
1,19908,19978,1,16,0,6,2,218;196;475;628;650;783
1,19978,20236,1,0,0,6,3,148;126;405;558;580;713
1,19980,20048,1,0,0,6,2,146;124;284;556;578;711
0,17374,17449,1,0,0,7,0,226;291;639;680;437;663;530
1,17363,17445,1,0,0,7,1,237;311;650;680;448;674;541
0,17343,17414,1,0,0,7,0,257;331;670;680;468;694;561
1,17311,17560,1,0,0,7,4,289;350;702;791;500;726;593
1,17299,17383,1,0,0,8,1,11;301;375;714;803;512;738;605
0,17288,17347,1,0,0,8,0,22;312;386;725;814;523;749;616
1,17216,17288,1,0,0,9,1,28;94;384;458;797;886;595;821;688
1,17193,17243,1,0,0,10,1,51;5;117;407;481;820;909;618;844;711
0,17609,17675,1,0,0,6,0,65;404;493;202;378;295
1,17566,17775,1,0,0,7,4,34;108;447;536;245;471;338
0,17521,17571,1,0,0,7,0,79;153;492;581;290;516;383
1,17484,17550,1,0,0,7,1,116;190;529;618;327;553;420
0,17446,17508,1,0,0,7,0,154;228;567;656;328;591;458
1,17431,17512,1,0,0,7,1,169;228;582;671;380;606;473
1,17416,17486,1,0,0,7,1,184;258;597;680;395;621;488
0,17388,17451,1,0,0,7,0,212;286;625;680;423;649;516
0,16864,16934,1,0,0,5,0,380;334;296;299;736
1,16943,17031,1,0,0,6,1,301;255;296;220;657;731
0,16821,16905,1,0,0,4,0,384;377;489;342
1,16828,17084,1,0,0,4,2,384;370;482;335
0,16791,16855,1,0,0,4,0,453;407;519;372
1,16812,16897,1,0,0,4,3,432;386;498;351
0,16707,16786,1,0,0,4,0,5;537;491;603
0,16766,16827,1,0,0,4,0,478;432;544;397
1,17132,17386,1,0,0,10,6,112;66;177;31;468;542;881;970;679;905
1,17138,17358,1,0,0,10,5,106;60;172;25;462;536;875;964;673;899
1,17105,17309,1,0,0,9,4,139;93;205;58;495;569;908;997;706
1,17119,17195,1,0,0,9,1,125;79;191;44;481;555;894;983;692
0,17015,17095,1,0,0,7,0,229;183;276;142;585;659;998
1,17055,17105,1,0,0,8,1,189;143;255;108;545;619;958;1047
1,16955,17026,1,0,0,6,1,289;243;295;208;645;719
1,16996,17245,1,0,0,7,5,248;202;295;142;604;678;1017
1,18275,18336,1,0,0,8,2,41;132;186;344;834;663;685;822
1,18266,18329,1,0,0,8,3,54;141;195;353;843;672;694;831
1,18434,18513,1,0,0,9,2,27;185;675;504;526;663;153;266;765
0,18291,18374,1,0,0,9,0,29;116;170;328;818;644;669;806;296
1,18110,18199,1,0,0,4,1,119;210;297;351
1,18088,18148,1,0,0,5,1,14;126;232;319;373
0,18200,18268,1,0,0,8,0,63;120;207;261;419;909;738;760
0,18128,18191,1,0,0,5,0,94;192;279;333;491
1,18572,18652,1,0,0,11,2,47;537;366;388;525;15;128;627;227;914;649
1,18572,18640,1,0,0,11,1,47;537;366;388;525;15;122;627;227;914;649
1,18607,18673,1,0,0,10,1,12;502;331;353;490;93;592;192;830;614
1,18605,18691,1,0,0,10,1,14;504;333;355;492;95;594;194;867;616
1,18492,18704,1,0,0,10,5,127;617;446;468;605;95;208;707;307;994
1,18458,18667,1,0,0,10,5,3;161;651;480;502;639;129;242;741;341
1,18525,18612,1,0,0,10,2,94;584;413;435;572;24;175;674;274;961
0,18520,18588,1,0,0,10,0,99;589;418;440;577;24;180;679;279;966
0,17671,17745,1,0,0,8,0,3;284;352;140;366;233;592;649
1,17761,17817,1,0,0,8,2,252;341;50;276;143;502;559;646
1,17783,18074,1,0,0,8,6,230;319;21;254;121;480;537;624
0,17792,17850,1,0,0,8,0,221;310;19;245;112;379;528;615
0,17609,17665,1,0,0,6,0,65;404;493;202;378;295
0,17637,17716,1,0,0,7,0,37;376;465;174;378;267;626
1,17643,17731,1,0,0,7,1,31;370;459;168;378;261;620
1,17657,17922,1,0,0,7,5,17;284;445;154;378;247;606
0,17993,18057,1,0,0,7,0,20;109;44;160;327;414;468
1,18040,18127,1,0,0,5,1,62;160;280;367;421
0,18048,18121,1,0,0,5,0,54;126;272;359;413
0,18061,18150,1,0,0,5,0,41;126;259;346;400
1,17907,17961,1,0,0,7,2,106;195;130;356;413;500;554
1,17931,18017,1,0,0,7,2,82;171;106;332;389;476;530
1,17951,18180,1,0,0,7,1,62;151;86;312;362;456;510
1,17975,18058,1,0,0,7,1,38;127;62;203;345;432;486
1,23185,23247,1,0,0,8,1,275;163;86;145;553;955;788;725
1,23211,23277,1,0,0,9,1,249;137;60;112;551;929;762;699;999
1,23137,23219,1,0,0,8,1,18;323;211;134;145;625;1003;836
0,23181,23236,1,0,0,8,0,279;167;90;145;553;959;792;729
1,23291,23506,1,0,0,9,5,169;57;89;471;849;682;619;919;558
1,23292,23361,1,0,0,9,1,168;56;88;470;809;681;618;918;557
1,23213,23426,1,0,0,9,4,247;135;58;112;534;927;760;697;997
1,23250,23308,1,0,0,9,1,210;98;21;110;512;890;723;660;960
0,22881,22960,1,0,0,11,0,17;178;274;112;34;579;94;56;467;390;499
1,22999,23267,1,0,0,8,5,60;156;461;349;272;381;763;1141
1,22879,23171,1,0,0,11,5,19;180;276;112;63;581;96;88;469;392;501
1,22880,22944,1,0,0,11,1,18;179;275;112;62;580;95;56;468;391;500
1,23095,23149,1,0,0,8,1,60;365;253;176;285;667;1008;878
1,23097,23394,1,0,0,8,3,30;363;251;174;283;665;1008;876
1,23004,23071,1,0,0,9,2,55;151;456;344;267;376;758;1118;969
1,23090,23160,1,0,0,8,1,65;370;258;181;290;672;1050;883
1,22676,22750,1,0,0,13,2,222;14;30;383;479;317;202;266;784;299;291;672;595
1,22647,22706,1,0,0,14,1,251;43;18;59;412;508;348;231;295;813;328;310;701;624
1,22612,22874,1,0,0,14,6,286;78;53;94;447;543;368;266;330;848;363;317;736;659
1,22607,22659,1,0,0,14,1,291;83;58;99;452;548;381;271;331;853;368;317;741;664
1,22861,22917,1,0,0,12,1,37;198;294;134;17;81;599;114;106;487;410;519
1,22853,23094,1,0,0,12,5,45;206;302;142;25;89;607;122;108;495;418;527
1,22847,22932,1,0,0,12,1,51;212;308;148;31;95;613;128;120;501;424;533
1,22716,22769,1,0,0,11,1,182;343;439;279;162;226;744;259;251;632;555
1,22531,22608,1,0,0,12,2,362;159;134;175;528;624;464;347;396;929;444;436
1,22523,22590,1,0,0,12,2,362;167;142;183;536;632;472;355;419;937;452;444
1,22512,22597,1,0,0,11,1,386;178;153;194;547;643;483;366;430;948;463
1,22434,22652,1,0,0,12,9,6;464;256;231;272;625;721;561;444;508;1026;541
1,22591,22673,1,0,0,14,2,307;99;74;115;468;564;404;287;331;869;384;317;757;680
1,22584,22640,1,15,0,14,1,314;106;81;122;475;571;411;294;358;876;391;317;764;687
1,22573,22655,1,0,0,14,1,325;117;81;133;486;582;422;305;369;887;402;394;775;698
1,22562,22805,1,0,0,14,10,336;128;103;144;497;593;433;316;380;898;413;405;786;709
1,24106,24192,1,0,0,8,1,34;104;392;704;292;627;458;664
1,24111,24358,1,0,0,8,5,29;99;319;699;287;622;453;659
1,24119,24327,1,0,0,8,4,21;91;319;601;279;614;445;651
0,24135,24192,1,0,0,8,0,5;75;319;579;263;598;429;635
1,24146,24396,1,0,0,7,5,64;319;579;252;587;418;624
1,24146,24419,1,0,0,7,5,64;319;579;252;587;418;550
1,24184,24407,1,0,0,7,4,26;314;579;214;549;380;545
1,24257,24323,1,16,0,7,2,241;553;141;476;307;513;635
1,23744,23826,1,0,0,6,2,18;396;229;163;466;105
0,23763,23835,1,0,0,5,0,377;210;147;447;86
1,23780,23844,1,0,0,6,1,360;193;130;430;69;718
1,23781,24039,1,0,0,6,4,359;192;129;422;68;717
0,23934,23993,1,0,0,5,0,206;39;276;564;876
1,24017,24276,1,0,0,6,4,123;193;481;793;381;716
0,24041,24112,1,0,0,7,0,99;169;457;769;357;692;523
0,24041,24115,1,0,0,7,0,99;169;457;769;357;692;523
0,23586,23644,1,0,0,6,0,176;554;387;324;624;263
1,23542,23606,1,0,0,6,1,220;585;431;368;657;307
1,23612,23698,1,0,0,6,1,150;528;361;298;598;237
0,23591,23648,1,0,0,6,0,171;549;382;319;619;258
1,23698,23779,1,0,0,6,1,64;442;275;212;512;151
1,23652,23724,1,0,0,6,1,110;488;321;239;558;197
1,23720,23801,1,0,0,6,1,42;420;253;163;490;129
1,23710,23796,1,0,0,6,1,52;427;263;200;500;139
1,23338,23420,1,0,0,9,2,122;10;42;424;781;635;572;872;511
1,23302,23354,1,0,0,9,1,158;46;66;460;809;671;608;908;547
1,23446,23734,1,0,0,7,5,14;316;694;527;464;764;403
1,23380,23463,1,0,0,8,2,80;0;382;760;593;530;830;469
1,23473,23684,1,0,0,6,4,289;667;500;437;735;376
1,23456,23524,1,0,0,7,1,4;306;684;517;454;735;393
1,23531,23615,1,0,0,6,1,231;609;442;379;657;318
1,23496,23742,1,0,0,6,5,266;633;477;414;714;353
0,21466,21523,1,0,0,8,0,54;98;50;376;366;232;774;762
1,21474,21546,1,15,0,8,1,46;90;42;368;358;224;766;754
1,21362,21447,1,0,0,9,1,34;158;7;202;154;480;470;336;878
0,21434,21522,1,0,0,8,0,86;130;82;408;398;264;806;794
1,21264,21485,1,0,0,8,5,132;256;105;295;252;578;568;434
1,21311,21388,1,0,0,9,1,67;209;58;253;205;531;521;387;929
0,21239,21293,1,0,0,7,0,157;281;130;325;277;603;593
1,21256,21317,1,0,0,8,1,140;264;113;308;260;586;576;442
1,21159,21214,1,0,0,7,1,56;237;361;210;367;357;683
1,21180,21264,1,0,0,7,1,35;216;340;189;367;336;662
1,21114,21192,1,0,0,7,1,101;282;381;255;450;402;721
1,21155,21234,1,0,0,7,1,60;241;365;214;374;361;687
0,21086,21143,1,0,0,9,0,27;129;310;17;381;283;478;430;756
1,21093,21154,1,0,0,9,1,20;122;303;10;381;276;471;423;749
0,21056,21127,1,0,0,9,0,57;159;340;47;381;313;508;460;786
0,21080,21149,1,0,0,9,0,33;135;316;23;381;289;484;436;762
1,21022,21299,1,0,0,9,5,91;193;374;81;498;347;542;494;820
1,20940,21197,1,0,0,11,4,173;10;275;456;163;36;580;429;624;576;902
1,20870,20947,1,0,0,10,2,243;80;345;526;233;106;650;499;694;646
0,20835,20914,1,0,0,10,0,278;115;380;561;268;141;685;534;729;681
0,20825,20906,1,0,0,9,0,288;120;390;571;278;151;695;544;739
1,20805,20892,1,0,0,8,2,308;145;410;591;298;171;715;564
1,20719,20783,1,0,0,6,1,394;231;496;677;384;257
0,20666,20716,1,0,0,7,0,6;447;284;549;730;437;310
1,20657,20933,1,0,0,7,7,34;456;293;558;739;446;319
1,20632,20682,1,0,0,7,3,59;481;318;583;764;471;344
0,20526,20606,1,0,0,7,0,10;19;165;587;424;689;870
0,20510,20560,1,0,0,7,0,26;19;181;603;440;705;886
1,20507,20745,1,0,0,7,3,29;51;184;606;443;708;889
0,20492,20546,1,0,0,7,0,44;66;188;621;458;723;904
1,20480,20551,1,0,0,6,2,56;78;211;633;470;735
0,20464,20539,1,0,0,6,0,72;94;227;649;486;751
0,22284,22338,1,0,0,11,0,101;509;406;381;422;775;871;711;594;658;1176
1,22288,22361,1,0,0,11,1,101;509;402;377;418;771;867;707;590;654;1172
1,22302,22362,1,0,0,11,2,101;509;388;363;404;757;853;655;576;640;1158
1,22407,22460,1,0,0,11,2,33;474;283;258;299;652;748;588;471;535;1053
1,22229,22312,1,0,0,11,3,11;211;636;461;436;477;830;926;766;649;713
1,22235,22443,1,15,0,11,6,5;205;636;455;422;471;824;920;760;643;707
1,22237,22528,1,0,0,11,10,3;101;636;453;422;469;822;918;758;641;705
1,22253,22518,1,0,0,10,5,101;517;437;412;453;806;902;742;625;689
1,22188,22277,1,0,0,8,1,52;40;36;252;710;502;477;518
0,22188,22271,1,0,0,8,0,52;40;36;252;658;502;477;518
1,22213,22286,1,0,0,11,2,27;15;11;227;658;477;452;493;846;942;782
1,22221,22450,1,0,0,12,4,12;7;3;219;658;469;444;485;838;934;774;657
1,22077,22130,1,0,0,8,1,159;151;147;363;106;821;613;588
1,22088,22174,1,0,0,8,3,152;140;136;352;86;810;602;577
1,22136,22221,1,0,0,8,3,104;92;88;304;47;762;554;529
1,22166,22238,1,0,0,9,1,74;62;58;274;17;732;524;499;540
1,22010,22069,1,0,0,9,2,221;218;214;29;430;153;888;680;588
1,22005,22073,1,0,0,9,2,221;223;219;34;435;178;893;685;588
1,22068,22154,1,0,0,8,1,172;160;156;372;115;830;622;588
1,22028,22107,1,0,0,9,3,212;200;196;11;412;135;870;662;588
1,21871,21931,1,0,0,7,1,348;357;353;168;569;312;1027
1,21856,21918,1,0,0,7,1,384;372;368;183;584;327;1042
1,21994,22233,1,0,0,9,4,221;234;230;45;446;189;904;696;671
1,21991,22048,1,0,0,9,1,249;237;233;48;449;192;907;699;674
1,21693,21924,1,0,0,7,2,149;139;5;547;535;531;346
0,21686,21770,1,0,0,7,0,156;146;12;554;542;538;353
1,21828,21883,1,0,0,9,1,14;4;412;400;396;211;612;355;1070
1,21723,21783,1,0,0,7,1,119;109;433;505;501;316;717
1,21526,21774,1,0,0,6,4,38;316;306;160;714;702
1,21515,21581,1,0,0,8,2,5;49;1;327;317;183;725;713
1,21630,21681,1,0,0,7,1,212;202;68;610;598;594;409
1,21545,21630,1,0,0,6,2,19;297;287;153;695;683
1,26204,26256,1,0,0,7,1,16;145;96;470;101;30;632
0,26219,26301,1,0,0,7,0,16;130;66;455;86;15;617
0,26303,26361,1,0,0,5,0,13;46;371;2;533
0,26342,26392,1,0,0,4,0,7;332;494;696
0,26387,26450,1,0,0,3,0,287;449;651
0,26407,26490,1,0,0,3,0,267;429;631
1,26407,26617,1,0,0,3,2,267;429;631
0,26452,26517,1,0,0,3,0,222;384;586
1,26459,26533,1,0,0,3,2,215;377;579
0,26510,26566,1,0,0,4,0,164;326;528;797
1,26513,26600,1,0,0,4,1,161;323;525;794
1,26518,26803,1,0,0,5,1,156;318;441;789;449
1,26520,26592,1,0,0,5,2,154;316;413;787;447
0,26523,26573,1,0,0,5,0,151;302;413;784;444
0,26524,26591,1,0,0,5,0,150;302;413;783;443
1,26530,26601,1,0,0,5,3,144;302;413;777;437
1,26602,26838,1,0,0,5,1,72;234;413;705;365
0,26590,26666,1,0,0,5,0,84;246;413;717;377
1,26606,26684,1,0,0,5,1,68;230;379;701;361
1,26606,26848,1,0,0,5,1,68;230;375;701;361
0,26728,26790,1,0,0,7,0,108;271;534;239;536;838;579
1,26696,26784,1,0,0,5,1,140;342;534;271;568
1,26788,26853,1,0,0,8,1,48;181;519;179;476;778;519;321
1,26770,27066,1,0,0,8,6,66;268;534;197;494;796;537;339
1,26812,26874,1,0,0,8,1,24;181;495;155;452;754;495;253
1,26804,27028,1,0,0,8,2,24;181;503;163;460;762;503;305
1,26841,27111,1,15,0,7,3,171;465;126;423;725;466;253
1,26819,27104,1,0,0,8,5,17;171;488;148;445;747;488;253
1,26917,26977,1,0,0,7,1,121;390;50;347;531;390;192
1,26877,27175,1,0,0,7,5,161;430;90;387;531;430;232
1,26962,27257,1,0,0,8,6,76;335;5;302;531;345;147;1031
1,26960,27013,1,0,0,8,1,78;347;7;304;531;347;149;1033
1,27027,27092,1,0,0,10,1,11;280;237;513;280;72;966;425;863;1135
1,27039,27099,1,0,0,9,1,268;225;513;268;43;954;413;851;1123
1,26996,27083,1,16,0,8,1,42;311;268;531;311;113;997;456
1,27016,27086,1,0,0,10,1,22;291;248;531;291;72;977;436;874;1146
1,27085,27141,1,0,0,9,1,222;179;476;222;24;908;237;805;1077
1,27167,27447,1,0,0,9,3,140;97;399;140;826;237;723;995;793
1,27049,27347,1,0,0,9,5,258;215;513;258;32;944;403;841;1113
1,27080,27285,1,0,0,9,4,227;184;476;227;29;913;372;810;1082
1,27227,27428,1,0,0,10,4,80;37;339;80;766;143;663;935;733;906
1,27323,27399,1,0,0,9,1,243;670;129;567;839;637;810;487;1125
1,27196,27248,1,0,0,10,1,111;68;370;111;797;213;694;966;764;937
0,27199,27274,1,0,0,10,0,108;65;367;108;794;143;691;963;761;934
1,27368,27651,1,16,0,9,7,198;625;27;522;794;592;765;442;1060
1,27401,27485,1,0,0,9,1,165;592;27;489;761;559;732;409;1047
1,27348,27405,1,0,0,9,1,218;645;80;542;814;612;785;462;1100
1,27364,27617,1,0,0,9,4,202;629;80;526;798;596;769;446;1060
0,27519,27572,1,0,0,9,0,47;474;317;643;441;614;291;929;872
0,27499,27563,1,0,0,9,0,67;494;317;663;461;634;311;949;892
1,27496,27577,1,0,0,9,1,70;497;394;666;464;637;314;952;895
1,27454,27509,1,0,0,9,1,112;539;436;708;506;679;356;994;937
1,27583,27655,1,0,0,9,2,410;307;579;377;550;227;865;808;515
1,27577,27850,1,0,0,9,7,416;313;585;383;556;233;871;814;523
1,27569,27867,1,0,0,9,7,424;317;593;391;564;241;879;822;541
1,27558,27772,1,0,0,10,4,8;435;317;604;402;575;252;890;833;666
1,27795,27872,1,0,0,11,1,198;95;367;165;338;15;653;596;426;437;520
1,27792,27847,1,0,0,11,1,201;98;370;168;341;18;656;599;426;440;559
1,27752,27840,1,0,0,11,1,241;138;410;208;381;58;696;639;472;480;599
1,27643,27879,1,0,0,9,3,350;247;519;317;490;167;805;748;515
1,27942,28225,1,15,0,10,6,51;220;18;191;506;449;282;290;392;863
1,27916,27994,1,0,0,10,1,77;246;44;217;532;475;308;316;435;889
1,27864,28160,1,0,0,10,8,129;26;298;96;269;584;527;360;368;487
1,27806,28078,1,0,0,11,6,187;84;356;154;327;4;642;585;389;426;520
0,24355,24408,1,0,0,8,0,143;442;43;378;209;415;537;915
0,24389,24451,1,0,0,8,0,109;421;9;344;175;381;503;881
1,24413,24481,1,0,0,9,1,85;397;320;151;357;479;857;749;632
1,24443,24687,1,0,0,9,5,55;367;290;121;310;449;827;719;602
1,24263,24470,1,0,0,7,5,235;547;135;470;301;491;629
1,24274,24338,1,0,0,7,1,224;536;124;459;290;484;618
1,24302,24376,1,0,0,7,2,196;508;96;431;262;460;590
1,24345,24404,1,0,0,8,1,153;465;53;388;219;425;547;925
0,24570,24636,1,0,0,10,0,236;163;200;322;700;592;475;812;440;644
0,24607,24660,1,0,0,10,0,203;126;163;285;663;555;438;775;403;607
1,24665,24740,1,0,0,10,2,145;68;105;227;605;497;380;717;345;549
1,24678,24763,1,0,0,10,2,132;55;92;214;592;484;350;704;332;536
1,24446,24686,1,0,0,9,3,52;364;287;118;262;446;824;716;599
0,24551,24634,1,0,0,10,0,259;182;13;219;341;719;611;494;831;459
0,24559,24622,1,0,0,11,0,251;174;5;211;333;711;603;486;823;451;655
1,24564,24645,1,0,0,11,1,246;169;0;206;328;706;598;481;818;446;650
1,24898,25153,1,0,0,7,4,372;264;147;484;112;316;614
0,24847,24905,1,0,0,8,0,45;423;315;198;535;163;367;665
1,24927,25158,1,0,0,7,4,343;235;118;455;83;287;585
0,24904,24989,1,0,0,7,0,366;258;141;478;106;303;608
0,24732,24794,1,0,0,10,0,78;1;38;160;538;430;313;650;278;459
0,24682,24746,1,16,0,10,0,128;51;88;210;588;480;350;700;328;459
0,24765,24815,1,0,0,9,0,45;5;127;505;397;280;617;245;435
1,24743,24796,1,0,0,9,1,67;27;149;527;419;302;639;267;459
1,25167,25243,1,0,0,7,2,103;215;38;345;837;426;921
1,25123,25185,1,0,0,7,1,147;39;259;91;389;881;470
1,25197,25270,1,0,0,7,1,73;185;17;315;807;396;891
0,25174,25224,1,0,0,7,0,83;208;38;338;830;419;914
0,24964,25014,1,0,0,7,0,306;198;81;418;46;240;466
1,24951,25001,1,0,0,7,1,319;211;94;431;59;263;466
0,25086,25175,1,0,0,6,0,184;76;296;128;426;918
1,25018,25102,1,16,0,6,1,252;144;27;364;196;466
1,25429,25496,1,0,0,5,1,83;575;164;659;269
1,25450,25513,1,0,0,6,1,62;554;143;609;262;314
0,25379,25430,1,0,0,6,0,3;98;625;214;709;333
1,25403,25483,1,0,0,5,1,98;601;190;685;309
1,25282,25530,1,0,0,6,4,100;230;722;297;806;430
1,25372,25428,1,0,0,6,1,10;140;632;221;716;340
1,25201,25405,1,0,0,7,3,69;181;13;302;803;392;887
1,25206,25279,1,0,0,7,1,64;176;8;302;798;297;882
1,25716,25958,1,0,0,7,4,288;372;48;600;452;633;584
0,25764,25853,1,0,0,8,0,240;324;0;552;404;585;536;910
0,25614,25683,1,0,0,7,0,390;474;98;150;702;554;735
0,25680,25746,1,0,0,8,0,324;408;32;84;636;488;669;620
1,25553,25611,1,0,0,5,1,451;40;535;159;211
1,25555,25618,1,0,0,5,1,449;21;533;157;209
1,25455,25518,1,0,0,6,1,57;549;138;607;257;309
1,25465,25718,1,0,0,6,4,47;539;120;607;247;299
0,26026,26093,1,0,0,8,0,62;290;142;323;274;648;279;156
0,26001,26070,1,0,0,9,0,3;87;315;167;348;299;673;304;156
1,25994,26248,1,0,0,9,4,10;94;322;174;355;306;680;311;240
1,25916,26122,1,0,0,9,6,88;172;400;252;433;377;758;389;318
1,25896,25959,1,0,0,9,1,108;192;420;272;453;393;778;409;338
1,25894,25968,1,0,0,9,1,110;194;422;274;455;406;780;411;340
1,25836,25896,1,0,0,9,1,168;252;480;332;513;464;838;469;398
0,25776,25841,1,0,0,8,0,228;312;540;392;573;524;898;529
1,26196,26495,1,0,0,7,4,120;153;104;478;109;38;640
1,26172,26259,1,0,0,7,3,144;177;128;502;133;62;664
0,26127,26187,1,0,0,8,0,189;41;222;168;547;178;107;709
1,26114,26175,1,0,0,7,1,202;54;235;186;560;191;120
1,26060,26333,1,0,0,8,5,28;256;108;289;222;568;245;156
1,26050,26346,1,0,0,8,4,38;266;118;299;231;568;255;156
1,26043,26117,1,0,0,8,2,45;273;125;306;231;631;262;156
1,26038,26094,1,0,0,8,1,50;278;130;311;262;636;267;156
0,28199,28282,1,0,0,9,0,249;192;25;33;152;606;529;734;613
1,28174,28233,1,0,0,9,1,274;217;50;42;177;631;554;759;638
1,28232,28297,1,0,0,8,1,201;159;0;119;573;496;701;580
1,28227,28501,1,0,0,8,4,221;164;5;124;578;501;706;585
1,28074,28130,1,0,0,8,1,88;53;374;317;150;158;277;729
1,28070,28150,1,0,0,8,2,92;63;378;321;154;162;281;729
1,28169,28466,1,0,0,9,5,279;222;55;63;182;636;559;764;643
1,28137,28387,1,0,0,9,5,25;311;254;87;95;214;668;591;796
1,27999,28054,1,0,0,8,1,163;134;449;392;225;233;352;790
1,27994,28054,1,0,0,8,2,168;139;454;397;230;238;357;811
1,28043,28101,1,0,0,8,2,119;90;390;348;178;189;308;762
1,28042,28121,1,0,0,8,2,120;91;406;349;178;190;309;763
1,27972,28048,1,0,0,9,2,21;190;161;476;419;252;254;375;833
1,27958,28015,1,0,0,10,2,35;204;2;175;490;433;266;274;375;847
1,27979,28060,1,0,0,9,2,14;183;154;454;412;245;253;372;824
1,27973,28041,1,0,0,9,2,20;189;160;475;418;251;254;375;824
1,28610,28876,1,0,0,11,6,195;118;323;190;222;652;228;638;725;673;556
1,28613,28877,1,0,0,11,6,183;115;320;178;219;649;228;635;722;670;553
0,28631,28685,1,0,0,11,0,174;97;302;178;201;631;228;501;704;652;535
1,28642,28728,1,0,0,11,1,163;86;291;170;190;620;222;501;693;641;524
1,28547,28623,1,0,0,10,1,258;176;386;265;285;715;317;701;788;736
1,28599,28680,1,0,0,11,1,206;129;334;213;233;663;265;649;736;684;567
1,28603,28672,1,0,0,11,3,202;125;330;209;229;659;228;645;732;680;563
1,28610,28665,1,0,0,11,1,195;118;323;178;222;652;228;638;725;673;556
1,28484,28552,1,0,0,9,3,311;244;449;328;348;778;380;764;851
1,28489,28554,1,0,0,9,1,311;231;444;323;343;773;375;759;846
1,28530,28801,1,0,0,9,6,275;198;403;282;302;732;334;718;805
1,28530,28589,1,0,0,9,3,275;198;403;270;302;732;334;718;805
1,28283,28532,1,0,0,7,1,165;108;68;522;445;650;529
1,28320,28409,1,0,0,8,3,128;71;31;485;408;613;386;512
1,28338,28558,1,0,0,8,3,110;53;13;463;390;595;386;494
1,28346,28593,1,0,0,8,4,102;45;5;311;382;587;386;486
1,29207,29294,1,0,0,9,2,55;41;128;76;100;540;307;538;552
1,29153,29223,1,0,0,10,1,109;54;182;130;13;154;594;361;592;606
1,29149,29203,1,16,0,10,1,113;99;186;134;17;158;598;365;596;610
0,29132,29210,1,0,0,10,0,130;116;203;151;34;175;615;382;613;627
1,29099,29171,1,0,0,10,1,163;149;236;184;67;208;648;415;646;660
1,29068,29133,1,0,0,10,1,194;180;267;215;69;239;679;446;677;691
1,29050,29120,1,0,0,9,1,212;198;285;233;93;257;697;464;695
1,29011,29240,1,0,0,8,5,251;237;324;272;155;279;736;503
1,28944,29179,1,0,0,8,4,318;304;391;339;222;363;803;570
1,28902,28962,1,0,0,9,2,31;360;346;433;381;264;405;845;593
1,28882,28968,1,0,0,9,2,51;380;366;453;401;284;425;865;632
1,28825,29084,1,0,0,9,6,108;7;437;39;423;510;458;341;482
1,28726,28807,1,0,0,12,2,79;2;207;86;106;536;127;496;609;557;440;581
1,28725,28787,1,0,0,12,1,80;3;208;87;107;537;139;496;610;558;441;582
1,28678,28755,1,0,0,12,1,127;50;255;134;154;584;186;496;657;605;488;629
1,28661,28745,1,0,0,11,1,144;67;272;151;171;601;203;501;674;622;505
1,29393,29482,1,0,0,5,2,354;121;337;366;625
1,29393,29467,1,0,0,5,1,354;121;337;366;567
1,29333,29390,1,0,0,6,1,2;365;181;412;426;685
1,29370,29572,1,0,0,5,3,365;144;374;389;648
1,29290,29522,1,0,0,6,4,45;17;457;224;455;469
0,29299,29362,1,0,0,6,0,36;8;365;215;446;460
1,29224,29500,1,0,0,9,4,38;24;111;59;83;523;290;521;535
0,29266,29323,1,0,0,7,0,69;17;41;481;248;479;493
327
29013,29745,95.72,8
29065,29759,0.00,9
28835,29747,92.68,8
28852,29514,39.15,11
29323,30018,58.07,9
26635,27264,0.00,8
26718,27566,250.44,8
26722,27307,0.00,10
26731,27109,159.80,10
26126,26836,75.17,11
26315,27038,346.86,9
26475,27307,238.76,8
26514,26967,0.00,8
27120,27960,0.00,8
27169,28133,83.18,9
27278,27810,0.00,10
27292,28448,150.53,8
26952,27993,0.00,9
26966,27452,331.94,11
27013,27890,77.21,10
27013,28162,0.00,10
28091,28728,82.33,11
27912,28805,277.35,8
28163,28812,187.45,8
28114,28933,68.72,11
27524,28224,281.37,10
27442,28391,0.00,8
27714,28351,191.08,9
27663,28232,41.76,11
28537,29283,18.71,9
28466,29335,0.00,8
28663,29307,103.69,10
28586,29166,91.98,9
28359,29262,0.00,10
28287,28832,0.00,10
28386,29248,202.93,9
28366,28864,83.38,10
23774,24498,98.12,11
23861,24810,153.93,11
23191,24210,230.27,8
23261,23849,0.00,8
23004,23973,0.00,11
23149,23910,96.75,10
22967,23762,117.59,11
22986,24140,262.84,10
24390,25162,0.00,11
24391,25045,109.22,10
24188,24892,0.00,11
24336,25270,20.45,11
24020,24564,0.00,11
24081,24770,247.14,8
24004,24398,0.00,8
24007,24733,0.00,10
25268,25712,72.36,11
25152,26088,155.03,10
25105,25593,164.13,9
25019,26004,0.00,8
24827,25512,183.20,8
24559,25214,235.87,8
24540,25010,0.00,9
24504,25382,0.00,10
25800,26234,93.66,9
25770,26305,0.00,9
25722,26674,80.61,10
25664,26300,119.23,10
25614,26349,0.00,9
25584,26168,0.00,11
25567,26316,104.36,9
25450,25764,0.00,11
11,659,111.45,8
26,799,0.00,9
8275,9166,32.02,8
8222,8864,116.09,11
8343,9293,0.00,9
8293,8917,102.23,8
7522,8326,94.68,9
7514,8193,175.66,9
7670,8597,0.00,8
7543,8180,28.19,9
8529,9465,0.00,8
8507,9206,0.00,8
8590,9477,196.89,8
8543,9469,0.00,9
8442,9267,148.15,11
8416,9214,114.70,10
8478,9344,0.00,10
8477,9088,0.00,10
6017,6842,81.89,9
6060,6745,74.61,10
6426,6801,0.00,10
6450,7251,0.00,9
5885,6418,0.00,9
5896,7001,257.60,10
5925,6481,0.00,8
5998,6898,37.53,11
7197,7975,204.85,10
7214,8326,0.00,10
7353,8256,37.71,8
7436,8058,10.75,9
6511,7081,0.00,9
6706,7357,339.04,9
6899,7876,367.84,11
6957,7732,0.00,11
10329,11168,61.11,8
10295,11130,248.90,8
10263,10849,0.00,11
10259,11107,110.94,9
10080,10885,359.89,10
9774,10484,192.37,11
9769,10090,165.34,10
9593,10171,0.00,11
11338,12076,55.47,9
11133,12222,77.02,9
11096,12214,58.49,11
11027,12041,146.26,9
10810,11667,0.00,10
10607,11645,0.00,11
10567,11441,335.82,10
10482,11411,55.19,11
8982,9823,0.00,11
9075,9638,79.87,9
8865,9837,139.01,11
8962,9760,86.87,10
8794,9588,0.00,10
8794,9539,0.00,9
8605,9335,0.00,9
8746,9624,0.00,8
9509,10507,159.99,10
9547,10401,0.00,10
9375,9921,42.28,10
9426,9818,0.00,10
9202,9975,0.00,8
9294,10142,0.00,11
9157,9595,0.00,9
9165,9675,0.00,9
1912,2830,81.42,9
1897,2717,147.71,9
2002,3110,114.62,11
1966,2545,0.00,9
2083,2480,0.00,9
2060,3118,58.92,8
2172,2927,0.00,10
2103,2943,0.00,8
2401,3419,170.96,8
2257,2894,0.00,8
2467,3358,0.00,8
2451,3147,44.10,8
2562,3144,0.00,11
2497,3022,101.26,11
2872,3894,62.38,9
2807,3448,65.48,8
108,632,172.76,9
166,572,106.03,11
577,1111,51.26,9
616,1399,141.69,10
737,1572,0.00,10
889,1401,368.89,10
936,1628,0.00,8
1366,2295,205.96,11
1443,2152,63.67,10
1597,2233,40.70,11
1611,1956,46.89,9
1714,2003,86.84,8
1740,2438,138.33,11
1743,2223,89.70,9
1781,2320,0.00,11
1876,2587,0.00,8
4711,5636,341.48,11
4545,5419,108.29,11
4540,4906,0.00,10
3988,4854,152.28,8
5089,5946,223.90,9
5059,5853,0.00,9
4970,6131,158.08,8
4969,5320,0.00,8
5404,5769,58.46,9
5376,6053,0.00,9
5361,6179,211.87,8
5208,6000,0.00,9
5715,6605,0.00,11
5668,6569,119.52,10
5663,6130,0.00,8
5429,6462,88.13,10
3006,3526,56.91,11
3027,3927,40.44,10
2961,3686,134.98,11
2969,3726,84.47,11
3353,4001,75.86,8
3412,4396,162.18,11
3172,3699,52.06,9
3265,4156,45.81,10
3829,4450,0.00,8
3842,4428,33.90,11
3619,4518,0.00,11
3685,4513,38.20,10
3926,4819,175.18,10
3980,4680,216.03,11
3854,4447,0.00,11
3855,4524,77.10,11
19676,20558,238.09,10
19825,20691,145.31,10
20274,21113,47.51,10
20322,20950,86.86,9
19164,20104,0.00,10
19413,19785,75.75,10
19579,20383,147.51,8
19657,20536,0.00,11
18956,19659,118.97,10
18958,19533,187.00,9
19133,20126,216.75,9
19147,19623,163.25,9
18694,19444,0.00,10
18869,19663,0.00,10
18875,19674,0.00,10
18928,19656,0.00,9
18632,19437,0.00,11
18565,19221,0.00,11
18669,19221,44.74,9
18656,19284,43.63,9
18399,19199,30.51,9
18325,18700,40.70,11
18477,19486,260.38,9
18439,18799,0.00,10
18192,18960,144.22,9
18158,18938,35.68,11
18277,18587,71.59,10
18208,19097,0.00,11
17811,18461,0.00,9
17683,18407,17.15,9
18152,19109,35.84,10
18118,18619,0.00,10
22547,23271,0.00,10
22804,23380,211.52,10
22520,22967,129.85,9
22536,23348,0.00,10
22265,23460,0.00,11
22429,22975,0.00,9
22215,22878,0.00,8
22222,22942,87.14,11
22204,23155,83.20,9
22209,22995,208.39,11
22146,22706,0.00,10
22200,23059,0.00,11
21897,22690,0.00,9
21906,22665,120.90,9
21738,22183,118.81,10
21782,22898,294.39,8
21712,22440,119.54,10
21628,22039,0.00,10
21576,22224,0.00,11
21386,22228,111.17,8
21298,22240,228.76,9
21243,21698,48.10,11
21205,21832,0.00,9
20873,21842,44.72,9
20828,21516,0.00,11
20824,21564,157.18,8
20795,21369,0.00,8
20741,21520,117.65,11
20580,20976,0.00,11
20550,21103,0.00,10
20490,21396,65.14,9
20390,21215,0.00,10
14093,14620,0.00,10
14176,15097,223.61,9
14234,15047,0.00,9
14327,15335,0.00,11
14584,15403,0.00,9
14592,15357,230.14,8
14782,15665,0.00,11
14829,15725,0.00,11
13472,14027,56.10,10
13569,14472,192.05,9
13592,14247,0.00,8
13665,14229,72.14,11
13788,14523,116.31,11
13883,14608,0.00,9
14023,14743,99.89,9
14073,14905,142.78,11
12441,13002,0.00,9
12191,12936,101.72,8
12704,13681,365.96,10
12637,13079,177.38,11
13146,13673,139.37,10
12729,13491,0.00,11
13402,13817,0.00,9
13177,13510,47.67,11
11591,12463,90.46,9
11361,11772,0.00,9
11687,12320,247.83,8
11679,12257,35.01,9
11796,12979,308.26,11
11708,12332,40.58,10
11915,12556,0.00,11
11831,12507,62.37,9
17019,18102,204.85,11
17104,17811,81.27,8
16909,17674,186.75,8
16993,18013,119.63,9
17626,18263,319.66,9
17666,18320,41.03,11
17128,18037,93.11,9
17143,17904,0.00,9
16082,16712,318.02,9
16481,17244,48.02,8
15631,16040,0.00,9
15648,16311,0.00,8
16761,17163,66.14,11
16838,17600,0.00,8
16667,17198,0.00,11
16689,17310,232.18,11
15401,16131,84.29,9
15395,16287,88.08,9
15387,16041,113.41,11
15344,16006,0.00,11
15624,16166,98.60,10
15496,16200,0.00,10
15481,16319,0.00,8
15413,16175,0.00,10
15013,15519,130.91,11
14989,15678,0.00,8
14979,15859,0.00,8
14843,15416,84.36,11
15291,16082,0.00,8
15280,16265,196.88,9
15250,15800,94.25,8
15025,16020,115.13,9
