1000
1,4334,4403,1,0,0,10,4,62;184;179;116;94;113;190;485;346;520
1,4241,4294,1,0,0,10,2,155;277;272;209;187;175;283;506;439;613
1,4360,4431,1,0,0,10,1,36;158;153;90;68;87;164;459;257;494
1,4343,4567,1,0,0,10,3,53;175;170;107;85;104;181;476;337;511
1,4422,4479,1,0,0,9,2,96;91;28;6;25;102;397;257;432
0,4415,4472,1,0,0,9,0,103;98;35;13;32;109;404;257;439
0,4503,4581,1,0,0,6,0,15;10;21;316;177;351
1,4433,4707,1,0,0,8,3,85;80;17;14;91;386;247;421
1,4074,4159,1,0,0,11,1,82;322;416;439;376;346;373;450;745;606;624
1,4061,4328,1,0,0,11,9,95;335;416;452;389;346;386;463;758;614;793
1,4083,4335,1,0,0,11,7,73;313;416;430;367;345;364;441;612;581;624
1,4079,4330,1,0,0,11,6,77;317;416;434;371;346;368;445;740;581;624
1,4118,4368,1,0,0,11,7,38;278;400;395;332;310;329;406;521;562;624
1,4118,4182,1,0,0,11,3,38;278;400;395;332;310;175;406;521;562;624
1,4167,4254,1,0,0,10,1,229;351;346;283;261;175;357;506;513;624
0,4147,4220,1,0,0,11,0,9;249;371;366;303;281;175;377;506;533;624
1,3929,3980,1,0,0,10,3,227;72;439;432;584;521;499;518;595;890
0,3969,4025,1,0,0,10,0,187;32;427;432;544;481;459;478;555;850
1,3971,4025,1,0,0,10,3,185;30;425;432;542;479;457;476;553;848
1,3987,4067,1,0,0,11,3,169;14;409;432;526;463;441;460;537;832;693
1,4015,4103,1,16,0,11,1,141;381;432;498;435;413;432;509;804;665;839
1,4022,4102,1,0,0,11,1,134;374;432;491;428;406;425;502;797;631;832
1,4049,4250,1,0,0,11,5,107;347;432;464;401;379;398;475;770;614;805
1,4051,4110,1,15,0,11,3,105;345;432;462;399;346;396;473;768;614;803
1,3720,4019,1,0,0,8,5,174;6;207;436;255;648;798;793
1,3728,3814,1,0,0,7,3,166;199;428;255;648;790;726
1,3786,3871,1,0,0,7,1,108;141;370;215;610;732;726
1,3822,4075,1,0,0,7,4,72;105;334;179;574;696;691
0,3845,3929,1,0,0,9,0,49;82;311;156;551;625;668;605;583
1,3864,4117,1,0,16,11,9,30;63;292;137;532;625;649;586;564;583;660
1,3868,3934,1,0,0,11,5,26;59;288;133;528;432;645;582;560;579;656
1,3915,3990,1,0,0,10,2,12;241;86;481;432;598;521;513;532;609
1,3638,3711,1,0,0,9,1,256;48;88;289;31;518;255;721;880
1,3628,3700,1,0,0,9,2,266;58;98;299;31;528;255;768;890
1,3616,3669,1,0,0,8,1,278;70;110;311;83;540;255;780
1,3590,3880,1,0,0,8,5,304;96;136;337;109;566;284;806
1,3702,3777,1,0,0,8,2,192;24;222;454;255;694;816;811
1,3683,3736,1,0,0,9,3,211;3;43;244;16;473;255;713;835
1,3681,3916,1,0,0,9,2,213;5;45;246;18;475;255;715;837
1,3662,3738,1,0,0,9,4,232;24;64;265;31;494;255;721;856
1,3509,3598,1,0,0,9,1,385;177;217;17;418;190;647;284;887
1,3466,3725,1,0,0,9,6,428;220;260;60;446;233;690;535;930
1,3426,3514,1,0,0,10,4,22;468;260;300;100;446;273;730;575;970
1,3407,3457,1,0,0,10,2,12;41;487;264;319;119;446;292;749;594
1,3555,3642,1,0,0,8,3,339;131;171;372;144;589;284;841
0,3549,3624,1,0,0,8,0,345;137;177;378;150;589;284;847
1,3544,3618,1,0,0,8,2,350;142;182;383;155;612;284;852
0,3538,3588,1,0,0,8,0,356;148;188;389;161;618;284;858
1,3186,3267,1,0,0,9,1,233;172;262;708;500;540;340;741;513
1,3238,3313,1,0,0,9,1,181;120;210;656;448;488;288;689;461
1,3158,3244,1,0,0,8,1,252;200;290;736;528;568;368;769
0,3161,3236,1,0,0,8,0,252;197;287;733;515;565;365;766
1,3385,3460,1,0,0,10,1,34;63;509;301;341;141;467;314;771;616
1,3403,3612,1,0,0,10,5,16;45;491;264;323;123;467;296;753;598
1,3304,3378,1,0,0,10,2,115;54;144;590;382;422;222;623;395;852
1,3310,3580,1,0,0,10,7,109;48;138;584;376;416;216;617;389;825
0,3026,3090,1,0,0,11,0,84;92;393;121;332;118;422;868;660;700;500
1,3042,3098,1,0,0,12,4,68;76;377;105;316;102;406;852;644;684;484;885
1,2872,2948,1,0,0,12,1,238;246;71;55;22;547;275;486;150;272;576;1022
0,2925,2995,1,0,0,11,0,185;193;18;2;493;222;433;97;219;523;969
1,3104,3165,1,0,0,12,4,6;14;283;43;254;40;344;790;582;622;422;823
1,3123,3187,1,0,0,10,1,283;24;235;21;325;747;563;603;403;804
1,3070,3146,1,0,0,12,4,40;48;349;77;288;74;378;824;614;656;456;857
1,3086,3142,1,0,0,12,1,24;32;333;61;272;58;362;808;598;640;440;841
1,6355,6556,1,0,0,9,4,107;214;250;63;646;126;543;487;390
1,6292,6378,1,0,0,9,3,170;277;313;126;709;189;606;502;453
1,6388,6443,1,0,0,9,1,74;181;217;30;613;93;410;454;357
1,6373,6601,1,0,0,9,4,89;196;232;45;628;108;414;469;372
1,6117,6173,1,0,0,12,4,14;62;345;13;452;488;301;884;364;781;725;628
1,6082,6159,1,0,0,12,2,49;97;374;48;487;523;336;919;399;816;760;663
1,6146,6365,1,0,0,10,5,33;316;423;459;272;855;335;752;502;599
1,6117,6414,1,0,0,12,9,14;62;345;13;452;488;301;871;364;781;725;628
0,6011,6069,1,0,0,11,0,120;168;42;451;119;493;594;407;990;468;887
1,5998,6063,1,0,0,12,1,133;2;181;55;464;132;495;607;420;1003;468;900
1,6078,6135,1,0,0,12,4,53;101;384;52;491;527;340;923;403;820;764;667
1,6066,6141,1,0,0,12,2,65;113;396;64;493;539;352;935;415;832;776;679
1,5936,6020,1,0,0,12,4,195;10;64;243;117;526;194;495;649;482;1016;545
1,5926,5992,1,0,0,12,5,204;20;74;253;127;536;204;495;649;492;1075;555
1,5983,6196,1,0,0,11,4,148;17;196;70;479;147;495;622;435;1016;468
1,5974,6052,1,0,0,11,4,157;26;205;79;488;156;495;631;444;1016;468
0,5872,5941,1,0,0,9,0,259;74;128;307;181;590;258;681;649
1,5878,5939,1,0,0,9,1,253;68;122;301;175;584;252;681;649
1,5879,6087,1,0,0,9,2,233;67;121;300;174;583;251;681;649
1,5880,5934,1,0,0,9,1,233;66;120;299;173;582;250;495;649
0,5794,5848,1,0,0,10,0,311;59;152;206;385;259;611;336;681;671
1,5819,5900,1,0,0,10,3,311;34;127;181;360;234;611;311;681;671
1,5848,5915,1,0,0,10,3,283;5;98;152;331;205;609;282;681;671
0,5864,5927,1,0,0,9,0,267;82;136;315;189;598;266;681;649
1,5673,5940,1,0,0,10,8,458;180;273;327;506;380;96;611;457;896
1,5734,5807,1,0,0,11,2,397;119;212;266;445;319;35;611;396;681;871
1,5765,5848,1,0,0,11,3,366;88;181;235;410;288;4;611;365;681;840
1,5775,6054,1,0,0,10,8,311;78;171;225;404;278;611;355;681;830
1,5593,5682,1,0,0,9,2,43;538;260;353;407;557;460;176;869
0,5597,5673,1,0,0,9,0,39;534;256;349;403;556;456;172;865
1,5619,5674,1,0,0,9,2,17;512;234;327;381;556;434;150;843
1,5629,5899,1,16,0,9,6,7;502;224;314;371;550;424;140;833
1,5579,5658,1,0,0,9,2,57;552;274;367;421;580;474;190;883
1,5562,5633,1,0,0,9,2,74;569;291;384;438;617;491;207;900
0,5526,5585,1,0,0,9,0,110;605;327;406;474;653;527;243;936
1,5473,5555,1,0,0,9,2,163;658;380;473;527;706;580;296;989
1,5413,5476,1,0,0,9,1,6;223;718;440;533;587;729;640;356
1,5380,5467,1,15,0,8,2,39;256;751;473;566;620;799;673
0,5309,5372,1,0,0,7,0,110;327;11;822;544;637;691
0,5257,5308,1,0,0,7,0,162;379;63;874;596;689;743
0,5250,5304,1,0,0,7,0,169;386;70;881;603;690;750
0,5217,5275,1,0,0,7,0,202;419;103;914;636;690;783
1,5136,5389,1,0,0,6,3,283;500;184;995;717;810
1,5099,5153,1,15,0,6,2,320;537;221;1032;754;847
1,5070,5141,1,0,0,5,1,349;558;225;1061;783
1,5052,5133,1,0,0,4,1,367;558;225;1079
1,5036,5267,1,0,0,4,2,383;558;284;1095
1,5030,5114,1,0,0,4,2,389;606;290;1101
1,4936,5146,1,0,0,2,1,483;673
0,4939,4995,1,0,0,2,0,480;630
1,4866,4954,1,0,0,3,1,40;553;682
1,4934,5005,1,15,0,2,1,485;677
1,4786,4863,1,0,0,5,1,21;68;120;633;682
1,4792,4864,1,0,0,5,1,21;62;110;627;682
1,4782,4838,1,0,0,5,1,37;72;124;637;854
1,4785,5079,1,0,0,5,3,21;69;121;634;851
0,4644,4718,1,0,0,5,0,170;36;208;154;720
0,4647,4725,1,0,0,5,0,170;33;207;154;720
1,4624,4698,1,0,0,5,1,195;56;208;154;795
1,4633,4860,1,0,0,5,1,170;47;208;154;786
1,4544,4803,1,16,0,4,2,275;110;208;362
1,4575,4657,1,0,0,5,1,244;105;208;154;844
1,4523,4736,1,0,0,4,3,1;296;157;331
1,4539,4624,1,0,0,3,1,280;141;208
1,7741,8017,1,0,0,9,5,135;234;585;515;282;435;491;439;705
1,7752,7816,1,0,0,9,2,124;223;574;504;282;435;479;428;705
1,7754,7825,1,0,0,9,1,93;221;572;502;282;435;479;426;705
1,7759,7811,1,16,0,9,1,93;216;567;497;282;434;479;408;705
1,7801,7878,1,0,0,9,3,75;174;525;455;257;392;479;379;705
1,7810,7892,1,15,0,9,3,66;165;516;446;248;383;461;370;705
1,7851,7926,1,0,0,9,3,25;124;475;405;207;342;451;329;705
1,7857,7921,1,0,0,9,1,19;118;469;349;201;336;451;323;705
1,7860,7917,1,0,0,9,1,16;115;466;349;198;308;451;320;705
1,7879,8129,1,0,0,8,4,96;447;349;169;308;447;301;705
1,7922,7987,1,0,0,8,1,53;404;334;136;271;404;258;573
0,7989,8054,1,0,0,7,0,337;267;69;204;337;191;573
1,8006,8063,1,0,0,7,3,320;250;52;187;320;174;573
1,8045,8108,1,0,0,7,3,281;211;13;148;281;135;552
1,8147,8388,1,0,0,6,3,179;109;46;179;33;450
1,8149,8230,1,0,0,6,2,173;107;44;177;31;448
1,7434,7520,1,0,0,5,2,442;298;541;828;822
0,7405,7480,1,0,0,5,0,471;327;570;828;851
1,7518,7568,1,0,0,7,1,299;214;457;808;738;540;675
1,7450,7656,1,0,0,6,2,398;282;525;828;806;608
1,7568,7644,1,0,0,9,1,299;164;407;758;688;490;435;758;612
1,7555,7809,1,0,0,9,6,299;177;420;771;701;503;638;771;625
1,7597,7670,1,16,0,9,2,279;135;378;729;659;461;435;729;583
1,7570,7657,1,0,0,9,2,299;162;405;756;686;488;435;756;602
1,7609,7840,1,0,0,9,6,267;107;366;717;647;449;435;717;571
1,7608,7678,1,0,0,9,1,268;124;367;718;648;450;435;718;572
1,7618,7674,1,0,0,9,1,258;107;357;708;638;440;435;491;562
1,7618,7680,1,0,0,9,1,258;93;357;708;638;440;435;491;562
1,7622,7891,1,0,0,9,8,254;83;353;704;634;436;435;491;558
1,7620,7704,1,15,0,9,1,256;89;355;706;636;438;435;491;560
1,7716,8002,1,0,0,10,8,160;16;259;610;540;282;435;491;464;881
1,7684,7758,1,0,0,10,1,192;48;291;642;572;282;435;491;496;913
1,6946,7002,1,0,0,5,2,55;305;135;411;930
1,6949,7214,1,0,0,5,2,52;302;132;404;927
1,6859,6937,1,0,0,5,1,142;39;391;222;498
0,6940,7001,1,0,0,5,0,61;311;141;417;936
1,7055,7126,1,0,0,5,1,196;26;302;821;582
1,7094,7342,1,0,0,4,1,157;263;782;582
1,7003,7061,1,0,0,5,1,248;78;354;844;729
1,7037,7336,1,0,0,5,4,214;44;320;839;695
1,7220,7284,1,0,0,6,3,31;35;656;512;755;1106
1,7234,7525,1,0,0,6,4,17;35;642;498;741;1092
0,7115,7170,1,0,0,4,0,136;35;761;582
0,7214,7272,1,0,0,6,0,37;35;662;518;761;1112
0,7299,7370,1,0,0,5,0,35;552;433;676;828
0,7335,7414,1,0,0,5,0,22;541;397;640;828
0,7239,7295,1,0,0,6,0,12;35;637;493;736;828
1,7294,7372,1,0,0,5,2,35;582;438;681;828
1,6583,6650,1,0,0,8,2,22;418;315;259;162;191;661;498
0,6561,6616,1,0,0,9,0,8;44;440;337;281;184;191;661;520
1,6486,6775,1,0,0,8,6,83;119;515;410;356;259;191;765
1,6427,6651,1,0,0,9,5,35;132;178;574;54;410;415;318;374
1,6631,6685,1,0,0,7,2,370;267;211;114;170;620;450
1,6611,6677,1,0,0,7,3,390;286;231;134;190;640;470
0,6595,6669,1,0,0,8,0,10;391;286;247;150;191;656;486
1,6593,6645,1,0,0,8,1,12;391;305;249;152;191;658;488
1,6754,6809,1,16,0,7,1,247;144;88;47;497;327;558
1,6741,6960,1,0,0,8,3,260;157;101;4;60;510;340;616
0,6718,6769,1,0,0,8,0,283;180;124;27;83;533;363;639
1,6668,6748,1,0,0,7,1,333;230;174;77;133;583;413
1,6835,6913,1,0,0,6,1,166;63;7;401;246;522
1,6834,6907,1,0,0,6,1,167;64;8;417;247;523
0,6776,6839,1,0,0,7,0,225;105;66;6;475;305;558
1,6773,6823,1,0,0,7,1,228;105;69;28;478;308;558
1,9527,9598,1,0,0,14,1,97;61;12;310;219;296;111;68;148;317;540;394;287;980
1,9535,9771,1,0,0,14,8,89;53;4;302;219;288;103;60;140;317;540;386;283;948
1,9634,9694,1,0,0,12,1,203;126;189;4;41;309;508;287;184;873;767;537
1,9708,9794,1,0,0,10,1,129;52;115;267;434;213;110;799;693;463
1,9392,9453,1,0,0,15,3,73;77;85;232;196;147;445;368;431;246;203;283;583;540;529
1,9441,9735,1,0,0,16,11,24;28;36;183;147;98;396;319;382;197;154;234;534;540;480;377
1,9469,9549,1,0,0,15,3,0;8;155;119;70;368;291;354;169;126;206;317;540;452;349
1,9489,9545,1,0,0,13,1,135;99;50;348;271;334;149;106;186;317;540;432;287
1,9824,10063,1,0,0,9,5,13;151;311;97;683;535;347;266;660
1,9902,10166,1,0,0,8,2,73;240;19;605;499;269;188;464
1,9966,10031,1,0,0,7,1,9;53;541;435;205;124;464
1,9969,10049,1,0,0,7,1,6;53;538;432;202;121;457
1,9714,10003,1,0,15,10,7,123;46;109;248;428;207;104;793;687;457
1,9760,9833,1,0,0,10,1,77;0;63;215;382;161;58;747;535;411
1,9788,9846,1,0,0,11,1,49;35;187;354;133;30;719;535;383;302;696
1,9802,9883,1,0,0,11,1,35;21;173;340;119;16;705;535;369;288;682
1,9123,9206,1,0,0,17,2,43;170;91;136;221;83;342;346;354;212;501;465;416;714;637;700;507
1,9109,9164,1,0,0,17,1,57;184;105;158;235;97;356;360;368;226;515;479;430;728;651;714;507
0,9146,9210,1,0,0,17,0,20;147;68;121;198;60;319;323;319;189;478;442;393;691;614;677;492
1,9129,9179,1,0,0,17,2,37;164;85;136;215;77;336;340;331;206;495;459;410;708;631;694;507
1,9044,9095,1,0,0,17,2,122;249;170;223;44;300;162;421;425;433;291;569;544;495;793;716;779
1,9013,9078,1,0,0,17,4,153;280;201;254;75;331;193;452;456;464;322;611;575;526;824;747;810
1,9084,9153,1,0,0,18,5,82;209;130;183;4;260;122;381;385;393;251;540;504;455;753;676;739;554
0,9053,9108,1,0,0,17,0,111;240;161;214;35;291;153;412;416;424;282;569;535;486;784;707;770
1,9315,9389,1,0,0,16,2,29;150;154;162;20;309;273;224;522;445;508;323;280;360;660;827
0,9291,9366,1,0,0,16,0,2;53;174;178;186;44;330;297;248;546;469;532;347;304;384;684
1,9365,9642,1,0,0,14,8,100;104;112;259;223;174;472;395;458;273;230;310;610;777
0,9317,9377,1,0,0,16,0,27;148;152;160;18;307;271;222;479;443;506;321;278;358;658;825
1,9192,9268,1,0,0,18,1,101;22;75;152;14;273;277;262;143;432;396;347;645;568;631;446;403;483
1,9180,9255,1,0,0,18,1,113;34;87;164;26;285;289;297;155;444;408;359;657;580;643;458;415;495
1,9264,9341,1,0,0,17,4,29;3;80;201;205;213;71;360;324;275;570;496;559;374;331;411;711
1,9232,9308,1,0,0,17,3,61;35;112;233;237;245;103;392;356;307;605;528;591;406;363;443;743
0,8643,8712,1,0,0,13,0,221;523;274;650;571;624;445;668;563;785;826;834;692
1,8673,8761,1,0,0,13,2,191;493;244;620;541;594;415;668;533;785;796;804;662
1,8620,8690,1,0,0,13,3,244;545;297;673;594;647;468;721;586;785;849;857;715
1,8639,8696,1,16,0,13,2,225;527;278;654;575;628;449;695;567;785;830;838;696
1,8603,8675,1,0,0,12,3,261;545;314;690;611;664;485;721;603;862;866;859
1,8617,8903,1,0,0,13,10,247;545;300;676;597;650;471;721;589;848;852;859;718
1,8549,8636,1,0,0,12,3,48;315;545;368;744;665;680;539;795;657;916;920
1,8594,8682,1,0,0,13,2,3;270;545;323;699;620;673;494;721;612;871;875;883
1,8839,8921,1,0,0,16,2,25;327;78;454;375;428;249;505;367;548;630;638;496;785;749;700
1,8843,8911,1,0,0,16,1,21;323;74;450;371;424;245;501;363;548;626;603;492;781;745;696
1,8746,8960,1,0,0,14,11,118;420;171;547;468;521;342;598;460;719;723;731;589;878
1,8794,8871,1,0,0,16,2,70;372;123;499;420;473;294;550;412;548;675;683;541;830;794;745
0,8724,8789,1,0,0,13,0,140;442;193;569;490;543;364;620;482;741;745;753;611
1,8727,8778,1,0,0,13,1,137;439;190;566;487;540;361;617;479;738;742;750;608
1,8673,8750,1,0,0,13,1,191;493;244;620;541;594;415;668;533;785;796;792;662
1,8710,8780,1,0,0,13,1,154;456;207;583;504;557;378;634;496;755;759;767;625
1,8330,8624,1,0,0,4,4,267;534;836;587
0,8314,8370,1,0,0,6,0,12;12;283;550;852;603
0,8306,8357,1,0,0,6,0,20;20;291;558;860;611
1,8270,8342,1,0,0,4,2,56;56;327;594
0,8270,8327,1,0,0,4,0,33;56;327;594
0,8266,8331,1,0,0,4,0,60;60;331;598
1,8210,8264,1,0,0,4,1,116;46;116;384
1,8201,8270,1,0,0,4,1,125;55;125;396
1,8527,8610,1,0,15,10,2,70;337;545;390;766;687;740;561;817;679
1,8478,8547,1,0,0,9,1,119;386;545;439;815;736;789;610;866
0,8419,8501,1,0,0,6,0,178;445;545;498;874;795
1,8413,8483,1,0,0,5,2,184;451;545;504;880
1,8397,8633,1,0,0,5,4,190;467;671;520;896
1,8388,8450,1,0,0,5,1,209;476;671;529;905
0,8349,8399,1,0,0,5,0,248;515;671;568;944
1,8337,8565,1,0,0,4,4,260;527;684;580
0,11102,11160,1,0,0,9,0,5;28;66;309;289;504;549;816;1112
1,11124,11412,1,0,0,8,6,6;44;287;289;504;543;816;1090
1,11086,11141,1,0,0,8,1,21;44;82;325;290;504;581;816
1,11099,11177,1,0,0,9,2,8;31;69;312;289;504;568;816;1115
1,11254,11319,1,0,0,7,1,157;187;391;413;787;934;968
1,11259,11340,1,0,16,7,3,152;182;386;408;782;934;963
1,11173,11244,1,0,0,7,1,238;268;472;494;816;934;1049
1,11184,11273,1,0,0,7,2,227;257;461;459;816;934;1038
1,10972,11217,1,0,16,7,4,135;158;196;422;469;673;616
0,10988,11038,1,0,0,7,0,119;142;180;422;453;657;584
1,10957,11022,1,0,0,7,2,150;173;211;454;484;688;710
1,10969,11055,1,0,0,7,2,138;161;199;422;472;676;698
1,11076,11355,1,0,0,8,4,31;54;92;335;365;504;584;965
1,11077,11156,1,0,0,8,1,30;53;91;334;364;504;584;816
1,11007,11207,1,0,0,7,3,100;123;161;404;434;638;584
1,11044,11095,1,0,0,8,1,63;86;124;367;397;504;584;997
1,11609,11684,1,0,0,8,1,36;58;432;605;605;467;163;854
1,11572,11658,1,0,0,7,2,73;95;469;642;650;504;200
0,11521,11574,1,0,0,7,0,124;146;520;693;701;526;251
1,11495,11568,1,0,0,7,1,150;172;546;719;727;581;277
1,11722,11795,1,0,0,9,2,319;492;500;354;50;726;535;598;610
1,11702,11774,1,0,0,8,2,339;512;520;374;70;761;555;618
0,11623,11704,1,0,0,8,0,22;44;418;589;599;453;149;804
1,11617,11673,1,0,0,8,2,28;50;424;597;605;459;155;804
1,11428,11500,1,0,0,8,1,9;217;239;613;786;794;648;344
1,11369,11453,1,0,0,9,1,42;72;276;298;672;845;853;707;403
1,11369,11440,1,0,0,9,1,42;72;276;286;672;845;853;707;403
1,11307,11373,1,0,0,7,3,104;134;338;360;734;907;885
0,11491,11546,1,0,0,7,0,154;176;550;723;731;585;281
1,11487,11541,1,0,0,7,1,158;180;554;727;735;589;285
1,11480,11537,1,0,0,7,2,165;187;561;734;742;596;292
1,11446,11501,1,0,0,7,2,199;221;595;768;776;630;326
1,10211,10470,1,0,16,4,2,296;190;273;537
1,10228,10285,1,0,0,4,1,279;173;32;537
0,10237,10450,1,0,0,4,0,270;149;32;537
1,10248,10526,1,0,0,4,3,259;149;32;537
1,10288,10539,1,15,0,6,3,219;113;32;533;819;561
0,10295,10346,1,0,0,7,0,212;106;32;533;662;554;835
1,10309,10359,1,0,0,7,1,198;92;32;533;662;540;821
1,10317,10603,1,0,16,7,4,153;84;32;533;662;532;813
1,9976,10034,1,0,0,6,1,53;531;425;195;114;445
1,9978,10046,1,0,0,6,1,53;529;395;193;112;445
1,10012,10074,1,0,0,6,1,53;495;368;159;78;445
1,10114,10195,1,0,0,6,1,28;393;287;57;370;771
1,10151,10234,1,0,0,5,1,356;250;20;333;734
1,10173,10243,1,0,0,4,1,334;228;311;678
1,10175,10228,1,0,0,4,1,332;226;309;669
1,10182,10431,1,0,0,4,3,309;219;302;669
1,10721,10800,1,0,0,8,3,164;386;128;409;447;690;599;849
0,10707,10784,1,0,0,8,0,178;400;142;423;461;704;599;849
1,10764,10845,1,0,0,8,3,121;343;85;366;404;647;553;844
1,10754,10990,1,0,0,8,2,131;353;95;376;414;657;599;844
1,10787,10871,1,0,0,8,2,98;320;62;343;381;474;553;844
1,10772,11013,1,0,0,8,5,113;335;77;358;396;639;553;844
1,10900,10986,1,0,0,7,2,207;230;268;474;541;704;767
1,10793,11015,1,0,0,8,2,92;314;56;305;375;474;553;844
0,10345,10426,1,0,0,8,0,153;56;32;533;662;504;707;770
1,10338,10402,1,0,0,8,2,153;63;32;533;662;511;707;830
1,10483,10572,1,0,0,8,2,24;1;402;624;366;647;685;928
0,10355,10420,1,0,0,8,0,152;46;32;530;662;494;707;770
1,10602,10673,1,0,0,7,1,283;505;247;528;566;809;839
1,10539,10601,1,0,0,6,2,346;568;310;591;629;872
1,10648,10872,1,0,0,8,5,237;459;201;482;520;763;793;849
1,10610,10846,1,0,0,8,6,275;497;239;520;542;801;831;1035
0,13153,13216,1,0,0,3,0,528;338;520
1,13180,13407,1,0,0,4,3,501;311;493;330
0,13112,13171,1,0,0,2,0,569;344
1,13122,13348,1,0,0,2,1,559;344
1,13072,13140,1,0,0,3,1,7;593;389
1,13082,13169,1,0,0,2,1,593;375
1,12992,13073,1,0,0,4,1,10;87;593;389
0,13037,13114,1,16,0,3,0,42;593;389
1,12948,13004,1,0,0,5,1,31;54;131;613;389
1,12949,13157,1,15,0,5,1,30;53;123;613;389
1,12918,13211,1,0,0,6,1,61;18;84;161;763;389
1,12926,13013,1,0,0,6,1,53;10;76;153;613;389
1,12860,12940,1,0,0,6,2,82;76;137;219;821;631
1,12905,13145,1,0,0,6,3,74;31;97;174;776;586
1,12772,12849,1,0,0,6,1,82;164;137;294;909;719
0,12822,12893,1,0,0,6,0,82;114;137;257;859;669
0,13835,13902,1,0,0,5,0,192;637;412;394;688
0,13778,13858,1,0,0,5,0,39;229;678;469;451
0,13688,13769,1,0,0,5,0,116;229;678;559;541
0,13652,13707,1,0,0,6,0,29;21;116;229;678;595
0,13619,13705,1,0,0,6,0,62;54;116;229;678;628
1,13571,13806,1,0,0,5,2,110;102;116;229;901
1,13551,13801,1,0,0,4,2,130;122;116;476
0,13485,13551,1,0,0,6,0,196;6;188;25;116;542
1,13446,13526,1,0,0,5,2,235;45;227;64;116
1,13419,13713,1,0,0,5,3,262;72;254;91;398
1,13397,13628,1,0,0,4,1,264;94;276;113
1,13394,13474,1,0,0,4,2,287;97;279;116
1,13301,13518,1,0,0,4,2,380;190;372;172
1,13291,13356,1,0,0,4,2,390;200;377;219
1,13238,13473,1,0,0,4,3,443;253;405;272
0,13196,13248,1,0,0,4,0,485;295;405;314
1,12143,12217,1,0,0,9,3,71;79;320;114;177;189;625;340;413
1,12149,12211,1,0,0,9,2,65;73;314;108;171;183;625;301;357
1,12209,12502,1,0,0,10,5,5;13;254;48;111;123;625;298;347;727
1,12231,12282,1,0,0,8,1,232;26;89;101;625;276;325;614
1,12095,12379,1,0,0,9,7,119;127;368;162;225;237;884;412;461
1,12108,12377,1,0,0,9,6,106;114;355;149;212;224;766;399;448
1,12123,12182,1,16,0,9,2,91;99;340;134;197;209;625;384;433
1,12143,12220,1,0,0,9,2,71;79;320;114;177;189;625;340;357
1,11886,11943,1,0,0,10,2,155;328;336;190;577;232;376;446;1093;621
1,11906,11988,1,0,0,10,3,135;308;316;170;557;232;376;426;1073;601
1,11935,12001,1,16,0,11,3,106;279;287;141;528;232;368;397;1044;572;621
1,11972,12026,1,0,0,11,2,69;242;250;98;491;232;348;360;1007;535;584
1,11754,11955,1,0,0,9,6,287;460;468;294;18;709;503;566;578
0,11758,11834,1,0,0,9,0,283;456;464;294;14;705;499;376;574
0,11764,11839,1,0,0,9,0,277;450;458;294;8;699;493;376;568
1,11780,12063,1,0,0,8,4,261;434;442;294;683;477;376;552
1,12701,12757,1,0,0,4,2,82;235;137;378
1,12686,12975,1,0,0,4,1,293;250;137;393
1,12749,12799,1,0,0,6,2,82;187;137;328;932;742
1,12709,12947,1,0,0,5,2,82;227;137;328;972
1,12615,12681,1,0,0,3,1,364;321;387
1,12519,12596,1,0,0,4,1,426;37;417;483
0,12662,12734,1,0,0,4,0,317;274;137;417
1,12625,12890,1,0,0,3,3,338;311;377
1,12402,12687,1,0,0,5,1,61;426;105;154;534
1,12327,12532,1,0,0,6,2,136;5;426;154;229;609
1,12449,12511,1,0,0,6,1,14;426;58;83;487;553
0,12435,12507,1,0,0,5,0,28;426;72;83;501
1,12257,12458,1,0,0,8,2,206;0;63;39;625;250;299;614
1,12247,12300,1,0,0,8,1,216;10;73;63;625;260;309;614
1,12326,12394,1,0,0,6,2,137;6;426;181;230;610
1,12310,12555,1,0,0,7,4,153;10;22;625;197;246;610
1,14968,15022,1,0,0,8,1,129;79;367;435;286;697;657;448
1,14907,15130,1,0,0,8,2,190;140;428;496;313;758;657;509
1,14881,15124,1,0,16,9,6,24;206;166;454;522;313;767;844;535
1,14826,14899,1,0,0,7,1,79;271;221;509;577;313;767
1,15074,15156,1,0,0,11,3,23;261;329;283;591;651;293;785;604;445;902
1,15068,15140,1,0,0,11,2,29;267;335;286;597;657;293;791;610;451;952
1,15046,15135,1,0,0,12,3,51;1;289;357;286;619;657;370;813;632;473;974
1,15012,15080,1,0,0,10,1,85;35;323;391;286;653;657;404;847;666
0,15268,15329,1,0,0,11,0,67;135;89;397;457;148;562;349;251;752;532
0,15206,15265,1,0,0,10,0,129;197;151;459;519;210;562;349;313;814
1,15151,15365,1,0,0,10,3,184;252;206;514;574;265;562;527;368;869
1,15143,15352,1,0,0,10,7,192;260;214;522;582;273;716;535;376;877
1,15371,15426,1,0,0,12,4,32;294;354;45;488;307;148;649;429;846;584;635
1,15344,15589,1,0,0,13,5,59;13;321;381;72;515;334;175;664;456;921;584;662
1,15334,15399,1,0,0,13,1,1;69;23;331;391;82;525;344;185;686;466;931;584
1,15327,15568,1,0,0,13,6,8;76;30;338;398;89;532;349;192;693;473;938;755
1,15463,15701,1,0,0,14,5,202;262;396;215;56;557;337;802;584;543;578;704;668;712
1,15468,15727,1,0,0,14,11,197;257;391;210;51;552;332;797;584;538;573;704;663;625
1,15373,15579,1,16,0,12,4,30;292;352;43;442;305;146;647;427;846;584;633
1,15414,15648,1,0,0,15,10,251;311;2;442;264;105;606;386;813;584;592;627;873;717;761
1,15540,15596,1,0,0,15,5,125;185;319;138;480;260;690;542;466;501;576;591;625;779;660
1,15585,15643,1,0,0,15,2,80;140;274;93;435;215;680;497;421;456;576;546;590;734;615
1,15480,15544,1,16,0,14,2,185;245;379;198;39;540;320;785;584;526;561;576;651;625
1,15522,15601,1,0,0,15,2,143;203;337;156;498;278;735;560;484;519;576;609;625;797;678
1,15672,15746,1,0,16,17,2,53;187;6;348;128;593;410;334;358;576;459;503;647;528;494;368;639
1,15697,15773,1,0,0,16,5,28;162;323;103;568;385;309;344;576;434;478;622;503;463;343;614
1,15625,15704,1,0,0,16,2,40;100;234;53;395;175;634;457;381;416;576;506;550;694;575;541
1,15667,15720,1,0,0,17,4,58;192;11;353;133;598;415;339;374;576;464;508;652;533;499;373;644
1,16002,16291,1,0,0,13,6,18;263;80;4;39;285;129;173;317;198;164;38;309
1,16027,16108,1,0,0,11,1,238;55;14;260;104;148;292;13;139;13;284
1,15711,15765,1,0,0,16,1,14;148;309;89;554;371;295;330;576;420;464;608;489;455;329;600
1,15862,15949,1,0,0,13,2,158;403;220;144;179;425;269;313;457;338;304;178;449
1,13894,13964,1,0,0,6,1,133;578;353;335;629;625
1,13885,14130,1,0,0,6,5,142;587;362;344;638;723
1,14017,14088,1,0,0,6,2,10;455;230;212;506;591
0,13979,14048,1,0,0,6,0,48;493;268;250;544;625
1,14107,14183,1,0,0,8,1,365;140;122;416;501;636;798;513
0,14028,14096,1,0,0,6,0,444;219;201;495;557;715
1,14147,14209,1,0,0,8,1,325;100;82;376;461;596;735;473
0,14117,14203,1,0,0,8,0,355;130;112;406;491;626;735;503
1,14202,14289,1,0,0,9,1,270;45;27;321;406;541;703;418;895
1,14172,14230,1,0,0,8,1,300;75;57;351;436;571;733;448
1,14217,14304,1,0,0,9,1,255;30;12;306;391;526;665;403;880
1,14212,14287,1,0,0,9,1,260;35;17;311;396;531;693;408;885
1,14241,14311,1,0,0,9,1,231;6;282;367;502;663;379;856;806
1,14233,14301,1,0,0,8,1,239;14;290;375;510;663;387;864
1,14265,14540,1,0,0,8,6,207;258;343;478;640;355;793;782
0,14250,14315,1,0,0,8,0,222;273;358;493;655;370;793;797
0,14314,14375,1,0,0,8,0,158;209;294;429;591;306;783;565
0,14383,14462,1,0,0,9,0,89;140;225;360;522;237;714;565;952
1,14393,14479,1,0,0,9,2,79;130;215;350;512;227;704;565;942
1,14401,14687,1,0,0,9,8,71;122;207;342;504;219;696;564;934
0,14461,14531,1,0,0,9,0,11;62;147;282;444;159;636;564;784
1,14465,14708,1,0,0,9,4,7;58;143;278;440;155;632;564;784
1,14518,14749,1,0,0,8,3,5;90;225;387;102;579;529;760
1,14562,14833,1,0,0,7,2,46;110;343;58;535;485;760
1,14570,14816,1,0,0,7,3,38;110;335;50;527;477;624
1,14616,14677,1,0,0,8,2,110;289;4;481;264;624;787;741
0,14692,14773,1,0,0,7,0,51;213;405;264;624;711;665
1,14696,14752,1,0,0,7,1,47;209;401;264;624;707;661
1,14747,14822,1,0,0,6,1,158;350;264;588;656;610
1,14816,15093,1,0,0,7,3,89;281;231;519;587;541;849
0,14818,14871,1,0,0,7,0,87;279;229;517;585;313;847
1,14821,15075,1,0,0,7,3,84;276;226;514;582;313;844
1,17374,17449,1,0,0,7,1,226;300;639;728;338;648;530
1,17363,17445,1,0,0,7,2,237;311;650;739;338;671;541
0,17343,17414,1,0,0,7,0,257;331;670;754;338;671;561
1,17311,17560,1,0,0,7,4,289;363;702;754;500;671;593
1,17299,17383,1,0,0,8,2,11;301;375;714;754;512;672;605
0,17288,17347,1,0,0,8,0,22;312;386;725;754;523;672;616
1,17216,17288,1,0,0,9,1,28;94;384;457;797;754;595;672;688
1,17193,17243,1,0,0,10,1,51;5;117;407;481;820;754;618;672;711
1,17609,17675,1,0,0,6,2,65;404;382;202;428;295
1,17566,17775,1,0,0,7,4,34;108;447;536;245;471;338
1,17521,17571,1,0,0,7,2,79;153;492;581;290;516;383
1,17484,17550,1,0,0,7,2,116;190;529;618;327;553;420
1,17446,17508,1,0,0,7,1,154;228;567;656;338;591;458
0,17431,17512,1,0,0,7,0,169;243;582;671;338;591;473
1,17416,17486,1,0,0,7,2,184;258;597;686;338;621;488
1,17388,17451,1,0,0,7,1,212;286;625;714;338;648;516
1,17783,18074,1,0,0,8,4,230;319;28;254;121;474;537;624
0,17792,17850,1,0,0,8,0,221;310;19;245;112;471;528;435
1,17671,17745,1,0,0,8,2,3;342;382;140;366;233;474;649
0,17761,17817,1,0,0,8,0,252;341;50;276;143;474;559;646
0,17643,17731,1,0,0,7,0,31;362;382;168;393;261;620
1,17657,17922,1,0,0,7,5,17;356;382;154;380;247;606
1,17609,17665,1,0,0,6,2,65;404;382;202;396;295
1,17637,17716,1,0,0,7,1,37;376;382;174;393;267;626
1,18048,18121,1,0,0,5,1,54;149;272;359;413
0,18061,18150,1,0,0,5,0,41;149;259;326;400
0,17993,18057,1,0,0,7,0,20;109;44;149;327;411;468
1,18040,18127,1,16,0,5,1,62;149;280;367;421
1,17951,18180,1,0,15,7,2,62;151;86;312;369;435;490
1,17975,18058,1,0,0,7,1,38;127;62;149;345;432;486
0,17907,17961,1,0,0,7,0,106;195;130;356;413;435;554
1,17931,18017,1,0,0,7,3,82;171;106;332;389;435;530
1,16211,16418,1,0,0,5,1,30;76;108;100;501
1,16209,16289,1,0,0,5,1,56;78;110;102;503
0,16345,16638,1,0,0,1,0,367
0,16227,16301,1,0,0,5,0,30;60;92;84;481
1,16049,16105,1,0,0,9,1,216;33;238;20;126;270;13;117;262
1,16044,16130,1,0,0,9,1,221;38;243;43;131;275;13;122;267
1,16175,16422,1,0,0,7,1,90;112;0;144;13;136;537
1,16068,16137,1,0,0,9,2,197;14;219;20;107;251;13;88;243
0,16551,16636,1,0,0,2,0,46;693
1,16537,16778,1,0,0,2,1,49;707
0,16647,16724,1,0,0,2,0,46;597
0,16562,16649,1,0,0,2,0,46;682
1,16404,16690,1,0,0,1,1,308
0,16351,16408,1,0,0,1,0,361
1,16507,16759,1,0,0,2,1,193;737
0,16491,16718,1,0,0,2,0,193;753
0,16821,16905,1,0,0,4,0,384;377;489;342
1,16828,17084,1,16,0,4,2,384;370;482;335
0,16864,16934,1,0,0,5,0,380;334;296;299;736
1,16943,17031,1,0,0,6,1,301;255;296;220;657;731
0,16707,16786,1,0,0,4,0,5;537;491;603
0,16766,16827,1,0,0,4,0,478;432;544;397
0,16791,16855,1,0,0,4,0,453;407;519;372
1,16812,16897,1,0,0,4,3,432;386;498;351
1,17105,17309,1,0,0,9,4,139;93;205;58;495;569;908;997;706
1,17119,17195,1,0,0,9,2,125;79;191;44;481;555;894;859;692
1,17132,17386,1,0,0,10,4,112;66;178;31;468;542;879;859;679;905
1,17138,17358,1,0,0,10,4,106;60;172;25;462;536;875;859;673;672
1,16955,17026,1,0,0,6,1,289;243;295;208;645;719
1,16996,17245,1,0,0,7,5,248;202;295;142;604;678;1017
0,17015,17095,1,0,0,7,0,229;183;295;142;585;659;930
1,17055,17105,1,0,0,8,1,189;143;255;108;545;619;930;1047
1,195,401,1,0,0,4,3,464;604;405;377
1,135,406,1,0,0,3,1,524;664;497
0,96,167,1,0,0,2,0,563;703
0,51,303,1,0,0,2,0,608;748
0,19,70,1,0,0,1,0,640
0,18,97,1,0,0,1,0,641
0,14,83,1,0,0,1,0,645
0,0,80,1,0,0,0,0,
0,323,412,1,0,0,4,0,336;388;309;158
1,291,356,1,15,1,4,1,368;388;341;158
0,255,334,1,0,0,4,0,404;388;377;158
1,231,521,1,16,0,4,2,428;388;401;341
1,229,517,1,0,0,4,4,430;403;403;343
0,224,292,1,0,0,4,0,435;403;405;348
1,210,412,1,0,0,4,3,449;407;405;362
0,203,282,1,0,0,4,0,456;407;405;369
1,540,772,1,0,0,4,2,119;259;92;32
1,550,810,1,0,0,4,1,8;249;82;22
1,427,513,1,0,0,4,2,232;372;205;145
0,526,609,1,0,0,4,0,133;273;106;46
1,408,486,1,0,0,4,1,251;388;224;148
0,420,507,1,0,0,4,0,239;379;212;148
1,358,617,1,0,0,4,2,301;388;274;158
0,363,440,1,16,0,4,0,296;388;269;148
0,718,769,1,0,0,3,0,81;260;665
1,752,802,1,0,0,4,1,47;260;647;820
1,659,869,1,16,0,4,2,0;140;260;740
0,661,731,1,0,0,3,0,138;260;665
1,591,853,1,0,0,4,2,8;208;41;478
0,621,696,1,0,0,5,0,8;178;11;260;778
0,574,628,1,0,0,3,0,8;225;58
1,582,638,1,0,0,4,1,8;217;50;529
0,803,889,1,0,0,3,0,260;596;769
1,767,992,1,0,0,4,1,32;260;632;805
0,866,929,1,0,0,3,0,245;533;706
0,808,887,1,0,0,3,0,260;591;764
1,895,1181,1,0,0,4,2,216;504;677;506
0,884,940,1,0,0,3,0,227;515;688
1,1076,1342,1,0,0,5,4,35;323;413;325;552
0,901,982,1,0,0,4,0,210;498;413;500
1,1134,1223,1,0,0,4,1,265;413;267;363
0,1102,1167,1,0,0,5,0,9;297;413;299;363
1,1152,1441,1,0,0,4,4,247;370;249;363
1,1141,1194,1,0,0,4,1,258;370;260;363
1,1193,1272,1,0,0,4,1,206;370;208;351
1,1179,1414,1,0,0,4,3,220;370;222;361
1,1270,1341,1,0,0,4,1,129;302;52;327
1,1208,1431,1,15,0,4,2,191;364;193;327
1,1353,1427,1,0,0,4,2,46;219;48;275
1,1364,1418,1,0,0,4,1,35;208;15;264
0,1365,1421,1,0,0,4,0,34;207;15;251
0,1460,1543,1,0,0,4,0,112;168;835;692
1,1501,1564,1,0,0,4,1,71;127;794;651
1,1604,1660,1,0,0,4,1,24;691;548;629
0,1608,1693,1,0,0,4,0,12;687;544;625
0,1660,1727,1,0,0,4,0,635;492;573;296
1,1688,1973,1,0,0,4,3,607;464;545;268
1,1694,1911,1,0,0,4,1,601;458;305;262
1,1728,1983,1,0,0,5,2,472;424;305;228;275
0,1750,1810,1,0,0,7,0,472;280;305;206;253;688;473
1,1860,1942,1,0,0,8,1,435;280;305;96;143;578;363;460
1,1868,1939,1,0,0,8,1,423;280;305;88;135;570;355;452
1,1878,2172,1,0,0,9,5,417;274;305;42;125;560;345;442;709
1,1884,1937,1,0,0,9,1,411;268;305;42;119;554;339;436;549
0,2044,2110,1,0,0,11,0,251;108;189;394;164;276;543;673;665;501;1066
1,2036,2307,1,0,0,11,6,259;116;197;402;164;284;549;681;794;509;1074
1,1991,2076,1,0,0,11,1,304;161;242;12;447;232;329;549;726;839;554
1,1972,2056,1,0,0,11,1,323;180;261;31;466;251;348;549;745;858;573
1,2077,2129,1,0,0,12,3,218;75;156;361;133;243;510;577;665;468;1033;881
1,2076,2144,1,0,0,12,3,219;76;157;362;133;244;511;641;665;469;1034;881
1,2070,2131,1,0,0,12,1,225;82;163;368;153;250;517;647;665;475;1040;881
1,2062,2358,1,0,0,12,8,233;90;171;376;161;258;525;655;665;483;1048;1056
0,2192,2259,1,16,0,14,0,103;41;246;31;128;395;525;638;353;918;881;288;651;735
1,2170,2429,1,0,0,13,8,125;63;268;53;150;417;547;660;375;940;881;310;773
1,2111,2188,1,15,0,14,3,184;41;122;327;112;209;476;575;665;434;999;881;369;832
1,2092,2170,1,0,0,13,3,203;60;141;346;131;228;495;576;665;453;1018;881;388
1,2299,2351,1,0,0,12,1,139;21;288;418;531;246;811;819;181;644;628;562
0,2297,2381,1,0,0,12,0,141;23;290;420;533;248;813;821;183;646;630;562
1,2266,2333,1,0,0,13,2,29;172;54;321;451;564;279;838;852;214;651;661;628
1,2202,2498,1,0,0,14,9,93;31;236;21;118;385;515;628;343;908;881;278;651;725
1,2377,2428,1,0,0,11,3,61;210;340;453;168;733;741;103;566;517;517
0,2435,2492,1,0,0,12,0,3;152;282;395;110;675;683;45;508;492;459;984
0,2322,2373,1,0,0,11,0,116;265;395;499;223;788;796;158;621;605;562
1,2323,2564,1,0,15,11,4,115;264;394;499;222;787;795;157;620;604;562
1,2474,2549,1,0,0,13,1,100;243;356;71;636;644;6;431;453;420;945;673;884
1,2481,2749,1,15,0,12,7,46;236;349;64;629;637;431;446;413;938;666;877
1,2445,2499,1,0,16,11,3,142;272;385;100;665;673;35;498;482;449;974
1,2471,2557,1,0,0,13,3,100;246;359;74;639;647;9;472;456;423;948;676;887
1,2515,2592,1,0,0,13,3,46;202;315;30;595;603;428;412;379;689;537;678;507
1,2528,2615,1,0,0,13,3,46;189;302;17;570;590;415;399;366;689;537;678;494
1,2500,2718,1,0,0,13,7,46;217;330;45;610;618;431;427;394;919;647;678;522
1,2512,2792,1,0,0,13,8,46;205;318;33;598;606;431;415;382;907;537;678;510
1,2642,2915,1,0,0,12,6,75;188;468;476;301;285;252;649;505;678;380;502
1,2700,2767,1,0,0,12,2,17;130;410;418;243;227;194;649;447;633;322;444
1,2544,2624,1,0,0,13,3,43;173;286;1;566;574;399;383;350;671;537;678;478
0,2638,2725,1,0,0,12,0,79;192;472;480;305;289;256;649;509;678;384;506
1,29333,29390,1,0,0,6,1,2;414;181;232;426;685
1,29370,29572,1,0,0,5,3,371;144;232;389;648
0,29393,29482,1,0,0,5,0,354;121;232;366;540
1,29393,29467,1,0,0,5,1,354;121;232;366;540
1,29224,29500,1,0,0,9,6,38;24;111;59;83;523;290;475;535
1,29266,29323,1,0,0,7,1,69;17;41;481;248;475;455
1,29290,29522,1,0,0,6,2,45;17;457;224;455;455
0,29299,29362,1,0,0,6,0,36;8;448;215;232;455
1,28725,28787,1,0,0,12,2,80;3;208;87;107;537;139;523;610;434;441;582
1,28726,28807,1,0,16,12,4,79;2;207;86;106;536;127;522;609;434;440;581
1,28661,28745,1,0,0,11,1,144;67;272;151;171;540;203;587;674;434;505
1,28678,28755,1,0,15,12,2,127;50;255;123;154;540;186;570;657;434;488;629
1,28902,28962,1,0,0,9,3,31;360;346;433;381;264;234;825;612
1,28944,29179,1,0,0,8,4,318;304;391;339;222;234;803;570
1,28825,29084,1,0,0,9,6,108;7;437;39;423;510;434;341;482
1,28882,28968,1,0,0,9,2,51;380;366;453;401;284;234;865;632
1,29068,29133,1,0,0,10,2,194;174;267;215;98;234;590;355;677;691
1,29099,29171,1,0,0,10,1,163;149;236;184;67;208;590;355;646;660
1,29011,29240,1,0,0,8,5,251;237;324;272;155;234;590;503
1,29050,29120,1,0,0,9,2,212;198;285;233;116;234;590;355;695
1,29153,29223,1,0,0,10,3,109;95;182;130;13;118;589;355;592;606
1,29207,29294,1,0,0,9,2,55;41;128;76;100;540;307;538;552
0,29132,29210,1,0,0,10,0,130;116;203;151;34;175;589;355;613;627
1,29149,29203,1,0,0,10,2,113;99;186;134;17;158;589;355;596;610
1,28346,28593,1,0,0,8,6,102;45;5;459;382;573;261;486
1,28338,28558,1,0,0,8,3,110;53;13;467;390;573;474;494
1,28320,28409,1,0,0,8,4,128;71;31;485;408;613;492;512
1,28283,28532,1,0,0,7,2,165;108;68;522;445;650;496
1,28530,28589,1,0,0,9,4,275;198;396;256;302;732;334;718;805
1,28530,28801,1,16,0,9,7,275;181;396;256;302;732;334;718;805
1,28489,28554,1,0,0,9,1,316;239;396;261;343;773;375;759;846
1,28484,28552,1,0,0,9,4,321;244;449;261;348;778;380;764;851
1,28610,28665,1,0,0,11,1,195;118;323;202;222;652;228;638;725;632;556
1,28603,28672,1,0,0,11,2,202;125;330;209;229;659;228;645;732;680;563
1,28599,28680,1,0,0,11,2,206;129;334;213;233;663;265;649;736;684;567
1,28547,28623,1,0,0,10,1,258;181;386;256;285;715;317;701;759;736
1,28642,28728,1,0,0,11,2,163;86;291;170;190;540;222;606;693;434;524
0,28631,28685,1,0,0,11,0,174;97;302;181;201;540;228;617;704;434;535
1,28613,28877,1,0,0,11,7,192;115;320;190;219;540;228;635;722;632;553
1,28610,28876,1,0,0,11,7,195;118;323;190;222;652;228;638;725;632;556
1,27958,28015,1,0,0,10,2,35;204;2;175;490;379;266;274;392;587
1,27972,28048,1,0,0,9,3,21;190;161;476;379;252;254;379;587
1,27973,28041,1,0,0,9,3,20;189;160;475;368;251;254;378;587
1,27979,28060,1,0,0,9,2,14;183;154;469;368;245;253;372;587
1,27994,28054,1,0,0,8,3,168;139;454;368;230;238;357;587
0,27999,28054,1,0,0,8,0,163;134;414;368;225;233;352;587
1,28042,28121,1,0,0,8,3,120;91;406;349;182;190;309;587
1,28043,28101,1,0,0,8,3,119;90;380;348;181;189;308;587
1,28070,28150,1,0,0,8,2,92;63;361;321;154;162;281;587
1,28074,28130,1,0,0,8,2,88;53;361;317;150;158;277;587
1,28137,28387,1,0,0,9,5,25;311;254;87;95;214;587;591;796
1,28169,28466,1,0,0,9,5,279;222;55;63;182;587;559;743;643
1,28174,28233,1,0,0,9,2,274;217;50;58;177;587;554;743;496
0,28199,28282,1,0,0,9,0,249;192;25;33;152;578;529;734;496
1,28227,28501,1,0,0,8,5,221;164;5;124;578;501;706;496
1,28232,28297,1,0,0,8,2,187;159;0;119;573;496;701;496
0,27496,27577,1,0,0,9,0,70;497;394;666;464;597;314;952;895
1,27454,27509,1,0,0,9,1,112;539;436;708;506;597;356;994;937
1,27519,27572,1,0,0,9,3,47;474;371;643;441;592;291;929;872
1,27499,27563,1,0,0,9,3,67;494;391;663;461;597;311;949;892
1,27569,27867,1,0,0,9,7,424;286;593;391;564;241;879;822;655
1,27558,27772,1,0,0,10,6,8;435;332;604;402;575;252;890;833;666
1,27583,27655,1,0,0,9,2,410;286;579;377;550;227;865;534;641
1,27577,27850,1,0,0,9,7,416;286;585;383;556;233;871;538;647
1,27752,27840,1,0,0,11,2,241;138;410;208;310;58;696;534;472;480;599
1,27643,27879,1,0,0,9,5,350;247;519;317;490;167;805;534;581
1,27795,27872,1,0,0,11,3,173;95;329;165;310;15;653;534;429;437;556
1,27792,27847,1,0,0,11,2,173;98;370;168;310;18;656;534;432;440;559
1,27864,28160,1,0,0,10,7,129;26;298;96;269;584;527;360;368;487
1,27806,28078,1,16,0,11,6,173;84;329;154;310;4;642;533;418;426;545
1,27942,28225,1,0,0,10,6,51;220;18;191;506;379;282;290;392;863
1,27916,27994,1,0,0,10,2,77;246;44;217;532;379;308;316;435;889
1,27085,27141,1,0,0,9,1,222;179;481;200;24;782;237;805;1008
1,27167,27447,1,0,0,9,4,140;97;399;140;782;237;723;995;793
1,27049,27347,1,0,0,9,4,258;215;517;200;60;782;403;841;1113
1,27080,27285,1,0,0,9,5,227;184;486;200;29;782;372;810;1008
1,27027,27092,1,0,0,10,2,11;280;237;539;200;72;783;425;863;1135
1,27039,27099,1,0,0,9,1,268;225;527;200;70;782;413;851;1123
1,26996,27083,1,0,0,8,1,42;311;268;545;200;113;783;456
0,27016,27086,1,0,0,10,0,22;291;248;545;200;72;783;436;874;1146
1,27368,27651,1,0,0,9,3,198;625;84;466;794;592;597;442;1060
1,27401,27485,1,0,0,9,1,165;592;51;466;761;559;597;389;1047
1,27348,27405,1,0,0,9,1,214;645;104;466;814;612;785;462;1100
1,27364,27617,1,0,0,9,7,202;629;88;466;798;596;769;446;1060
1,27227,27428,1,0,0,10,6,80;37;339;80;766;218;466;935;733;906
1,27323,27399,1,0,16,9,3,243;670;129;466;839;637;810;487;1125
1,27196,27248,1,0,0,10,2,111;68;370;111;782;237;466;966;764;937
0,27199,27274,1,15,0,10,0,108;65;367;108;782;218;466;963;761;934
1,26788,26853,1,0,0,8,1,48;250;478;179;476;548;519;321
1,26770,27066,1,0,0,8,6,66;268;478;197;494;796;537;339
0,26728,26790,1,0,0,7,0,108;271;478;239;536;838;579
1,26696,26784,1,0,0,5,1,140;342;478;271;568
1,26606,26684,1,0,0,5,1,68;230;379;701;361
1,26606,26848,1,0,0,5,1,68;230;375;701;361
1,26602,26838,1,0,0,5,1,72;234;413;705;365
0,26590,26666,1,0,0,5,0,84;246;413;717;377
1,26962,27257,1,0,0,8,5,76;330;5;302;545;200;147;1031
1,26960,27013,1,0,0,8,1,78;347;7;304;545;200;149;1033
1,26917,26977,1,0,0,7,1,121;390;50;347;545;200;192
1,26877,27175,1,0,0,7,5,161;430;90;387;548;200;232
1,26841,27111,1,0,0,7,3,197;466;126;423;548;397;253
1,26819,27104,1,0,0,8,5,17;219;478;148;445;548;488;253
0,26812,26874,1,0,0,8,0,24;226;478;155;452;548;495;253
1,26804,27028,1,0,0,8,2,24;234;478;163;460;548;503;305
0,26387,26450,1,0,0,3,0,287;449;651
1,26407,26490,1,0,0,3,1,267;429;631
1,26407,26617,1,0,0,3,1,253;429;631
1,26452,26517,1,0,0,3,1,222;384;586
1,26204,26256,1,0,0,7,1,112;145;96;329;101;30;627
0,26219,26301,1,0,0,7,0,97;130;66;329;86;15;617
0,26303,26361,1,0,0,5,0,13;46;329;2;533
0,26342,26392,1,0,0,4,0,7;329;494;696
1,26520,26592,1,0,0,5,1,133;316;413;787;447
0,26523,26573,1,0,0,5,0,133;302;413;784;444
0,26524,26591,1,0,0,5,0,133;302;413;783;443
1,26530,26601,1,0,0,5,2,133;302;413;777;437
1,26459,26533,1,0,0,3,1,204;377;579
1,26510,26566,1,0,0,4,1,164;326;528;797
1,26513,26600,1,0,0,4,1,133;323;525;794
1,26518,26803,1,0,0,5,2,133;318;441;789;449
1,25994,26248,1,0,0,9,4,10;94;322;174;355;306;589;311;240
1,25916,26122,1,0,0,9,5,88;172;400;252;433;377;758;389;318
0,26026,26093,1,0,0,8,0,60;187;142;323;274;589;279;208
1,26001,26070,1,0,0,9,1,3;87;187;167;348;299;589;304;233
1,25836,25896,1,0,0,9,1,168;252;480;332;513;464;838;469;398
1,25776,25841,1,0,0,8,1,228;290;540;392;534;524;898;529
1,25896,25959,1,0,0,9,2,108;192;420;272;453;393;778;409;338
1,25894,25968,1,0,0,9,2,110;194;422;274;455;406;780;411;340
0,26127,26187,1,0,0,8,0,187;41;222;160;331;178;85;709
1,26114,26175,1,0,0,7,1,187;54;235;186;331;191;85
1,26196,26495,1,0,0,7,2,120;153;104;331;109;38;627
1,26172,26259,1,0,0,7,3,144;177;128;331;133;62;664
0,26043,26117,1,0,0,8,0,45;187;125;306;231;589;262;191
1,26038,26094,1,16,0,8,1,50;187;130;311;262;589;267;196
1,26060,26333,1,0,0,8,4,28;187;108;289;231;331;245;174
1,26050,26346,1,0,0,8,4,38;187;118;299;231;589;255;184
1,24951,25001,1,0,0,7,1,319;211;94;258;59;263;466
0,24964,25014,1,0,0,7,0,306;198;81;258;46;248;466
1,25018,25102,1,0,0,6,1,252;144;27;258;196;466
1,25086,25175,1,0,0,6,1,184;76;258;128;426;918
1,25123,25185,1,0,0,7,2,147;39;258;91;389;881;470
1,25167,25243,1,0,0,7,1,103;215;47;345;837;426;921
0,25174,25224,1,0,0,7,0,96;208;40;338;782;419;914
1,25197,25270,1,0,0,7,1,73;185;17;315;782;396;891
1,24682,24746,1,0,0,10,3,126;51;88;210;588;480;363;700;328;459
1,24732,24794,1,0,0,10,2,78;1;38;160;538;430;313;650;278;459
1,24743,24796,1,0,0,9,2,67;27;149;499;419;302;639;267;459
1,24765,24815,1,0,0,9,2,45;5;127;499;397;280;617;245;435
1,24847,24905,1,0,0,8,2,45;423;315;198;535;163;367;665
1,24898,25153,1,0,0,7,5,372;264;147;484;112;316;614
1,24904,24989,1,0,0,7,1,366;258;141;258;106;310;608
1,24927,25158,1,0,0,7,2,328;235;118;258;83;287;585
1,25465,25718,1,0,0,6,5,47;499;128;607;247;299
1,25455,25518,1,0,0,6,2,57;513;138;607;257;309
0,25555,25618,1,0,0,5,0,415;38;393;157;209
1,25553,25611,1,0,0,5,2,451;40;393;159;211
0,25680,25746,1,0,0,8,0,324;393;32;84;636;488;669;620
0,25614,25683,1,0,0,7,0,390;393;98;150;702;554;735
1,25764,25853,1,0,0,8,1,240;324;0;552;404;534;536;910
1,25716,25958,1,16,0,7,5,288;372;48;600;452;633;584
1,25206,25279,1,0,0,7,1,64;176;8;302;782;297;882
1,25201,25405,1,0,0,7,3,69;181;13;302;782;392;887
1,25372,25428,1,0,0,6,1,10;140;513;221;716;340
1,25282,25530,1,0,0,6,4,100;230;722;297;806;430
1,25403,25483,1,0,0,5,1,98;513;190;685;309
0,25379,25430,1,0,0,6,0,3;98;513;214;709;333
1,25450,25513,1,0,0,6,1,62;513;143;609;262;314
1,25429,25496,1,0,0,5,1,83;513;164;659;269
1,24119,24327,1,0,0,8,4,21;91;379;680;116;614;445;651
0,24135,24192,1,0,0,8,0,5;75;363;675;116;598;259;635
0,24106,24192,1,0,0,8,0,34;104;392;680;292;627;458;664
1,24111,24358,1,0,0,8,6,29;99;387;680;287;622;453;659
1,24184,24407,1,0,0,7,3,26;314;626;116;482;259;586
1,24257,24323,1,0,0,7,1,241;553;116;476;259;411;635
1,24146,24396,1,0,0,7,3,64;352;664;116;587;259;624
1,24146,24419,1,0,0,7,4,64;352;664;116;507;259;624
1,23780,23844,1,0,0,6,3,360;193;130;430;69;718
1,23781,24039,1,0,0,6,4,359;192;129;418;68;717
1,23744,23826,1,0,0,6,3,18;396;229;166;466;98
0,23763,23835,1,0,0,5,0,371;210;147;447;86
1,24041,24112,1,0,0,7,1,99;169;457;680;357;692;523
0,24041,24115,1,0,0,7,0,99;169;409;680;357;692;523
0,23934,23993,1,0,0,5,0,206;39;276;482;876
1,24017,24276,1,0,0,6,5,123;193;481;793;381;716
0,24564,24645,1,0,0,11,0,246;169;0;206;312;614;598;481;818;446;650
1,24559,24622,1,0,0,11,2,251;174;5;211;332;614;603;486;823;451;655
1,24551,24634,1,0,0,10,2,259;182;13;219;341;614;611;494;831;459
1,24446,24686,1,0,0,9,3,52;364;287;118;324;425;614;716;599
1,24678,24763,1,0,0,10,2,126;55;92;214;592;484;367;704;332;536
1,24665,24740,1,0,0,10,3,145;68;105;227;605;497;380;717;345;549
1,24607,24660,1,0,0,10,2,203;126;163;285;614;555;438;775;403;607
1,24570,24636,1,0,0,10,2,240;163;200;312;614;592;475;812;440;644
1,24345,24404,1,0,0,8,3,153;465;53;388;219;411;465;925
1,24302,24376,1,0,0,7,1,196;508;96;430;259;411;465
1,24274,24338,1,0,0,7,1,224;536;116;454;259;411;465
1,24263,24470,1,0,0,7,2,235;547;116;454;259;411;629
1,24443,24687,1,0,0,9,5,55;367;290;121;327;425;827;719;602
1,24413,24481,1,0,0,9,2,85;397;320;151;357;465;857;749;632
1,24389,24451,1,0,0,8,1,109;419;9;344;175;381;465;881
1,24355,24408,1,0,0,8,1,130;455;43;378;209;411;465;915
1,23213,23426,1,0,0,9,5,247;135;58;154;377;927;760;697;997
1,23250,23308,1,0,0,9,3,210;98;21;130;377;890;723;628;960
1,23291,23506,1,0,0,9,4,169;57;89;377;849;682;608;919;558
1,23292,23361,1,0,0,9,2,168;56;88;377;848;514;608;918;557
1,23137,23219,1,0,0,8,2,18;323;211;134;243;458;1003;836
0,23181,23236,1,0,0,8,0,279;167;90;199;447;959;792;729
1,23185,23247,1,0,0,8,2,275;163;86;195;447;955;788;725
1,23211,23277,1,0,0,9,2,249;137;60;154;447;929;762;699;999
1,23004,23071,1,0,0,9,1,55;151;445;344;267;342;758;1118;969
1,23090,23160,1,0,0,8,1,65;370;258;181;290;672;1050;883
1,23095,23149,1,0,0,8,1,60;365;253;176;285;667;1008;878
1,23097,23394,1,0,0,8,4,58;363;223;174;283;665;1008;876
1,22879,23171,1,0,0,11,8,19;180;276;112;63;445;96;88;469;392;501
1,22880,22944,1,0,0,11,3,18;179;275;112;62;445;95;87;468;391;342
0,22881,22960,1,16,0,11,0,17;178;241;112;61;445;94;86;467;390;342
1,22999,23267,1,0,0,8,3,60;156;445;349;272;342;763;1141
1,23698,23779,1,0,0,6,1,64;407;275;212;512;151
0,23652,23724,1,0,0,6,0,110;407;277;258;558;181
1,23720,23801,1,0,0,6,1,42;407;253;173;490;119
1,23710,23796,1,0,0,6,2,52;407;263;200;500;119
1,23586,23644,1,0,0,6,2,176;407;277;324;624;181
1,23542,23606,1,0,0,6,1,220;407;277;368;668;181
1,23612,23698,1,0,0,6,2,150;407;277;279;598;181
1,23591,23648,1,0,0,6,2,171;407;277;315;619;181
1,23473,23684,1,0,0,6,3,289;407;500;437;737;376
1,23456,23524,1,0,0,7,2,4;306;491;514;454;754;393
0,23531,23615,1,0,0,6,0,231;407;277;379;679;181
1,23496,23742,1,0,16,6,3,266;407;477;414;714;181
1,23338,23420,1,0,0,9,1,122;10;42;377;802;514;572;872;511
1,23302,23354,1,0,0,9,1,158;46;78;377;838;514;595;908;547
1,23446,23734,1,15,0,7,4,14;316;694;514;464;764;403
1,23380,23463,1,0,0,8,1,80;0;377;760;514;530;830;469
1,22302,22362,1,0,0,11,1,138;581;388;363;329;618;677;679;576;640;1158
1,22407,22460,1,15,0,11,2,33;491;283;258;299;618;677;588;471;535;1053
1,22284,22338,1,0,0,11,1,156;614;406;381;329;618;677;711;594;658;1176
1,22288,22361,1,0,0,11,1,152;581;402;377;329;618;677;707;590;654;1172
1,22237,22528,1,0,0,11,10,3;203;628;453;428;329;636;872;758;641;705
1,22253,22518,1,0,16,10,6,187;628;437;412;329;618;872;742;625;689
1,22229,22312,1,0,0,11,2,11;211;628;461;436;329;830;926;758;649;713
1,22235,22443,1,0,0,11,5,5;205;628;455;430;329;824;872;758;643;707
1,22213,22286,1,0,0,11,2,27;15;11;227;628;477;452;493;846;942;782
1,22221,22450,1,0,0,12,4,19;7;3;219;628;469;444;485;838;934;758;657
0,22188,22277,1,0,0,8,0,52;40;36;252;692;502;477;518
1,22188,22271,1,0,0,8,1,52;40;36;252;692;502;477;518
1,22136,22221,1,0,0,8,2,104;92;88;304;47;762;554;529
1,22166,22238,1,0,0,9,2,74;62;58;274;17;732;524;499;540
1,22077,22130,1,0,0,8,2,159;151;147;363;106;814;613;588
1,22088,22174,1,0,0,8,3,152;140;136;352;95;794;602;577
1,22861,22917,1,0,0,12,2,37;198;294;134;17;81;445;114;106;487;410;519
1,22853,23094,1,0,0,12,7,45;206;302;142;25;89;587;122;114;495;418;527
1,22847,22932,1,0,0,12,5,51;212;308;148;31;95;613;128;120;501;424;533
1,22716,22769,1,0,0,11,2,182;343;439;279;162;226;744;259;251;632;444
1,22676,22750,1,0,16,13,2,222;14;30;383;479;317;202;266;784;299;291;672;444
1,22647,22706,1,0,0,14,2,251;43;18;59;412;508;348;208;295;813;328;320;701;444
1,22612,22874,1,0,0,14,8,286;78;53;94;447;543;356;208;330;814;363;355;722;659
1,22607,22659,1,0,0,14,1,291;83;58;99;452;548;388;208;335;814;364;360;722;664
1,22591,22673,1,0,0,14,2,303;99;74;115;468;564;404;287;351;814;364;366;722;680
1,22584,22640,1,0,0,14,4,303;106;81;122;475;571;411;294;358;814;391;366;722;687
1,22573,22655,1,0,0,14,3,325;117;92;133;486;582;422;305;369;814;402;366;722;698
1,22562,22805,1,0,0,14,8,336;128;103;144;497;593;433;316;380;814;413;366;786;709
1,22531,22608,1,0,0,12,3,367;159;134;175;510;624;464;347;411;814;413;436
1,22523,22590,1,0,0,12,4,375;167;142;183;510;632;472;355;419;814;452;444
1,22512,22597,1,0,0,11,2,386;178;153;194;547;643;483;366;430;814;463
1,22434,22652,1,0,0,12,10,6;464;256;231;272;614;677;561;444;508;1026;541
1,21080,21149,1,0,0,9,2,33;135;316;23;440;289;484;436;667
1,21056,21127,1,0,0,9,2,57;159;340;47;464;313;508;460;667
1,21093,21154,1,0,0,9,2,20;121;303;10;427;276;471;423;667
0,21086,21143,1,0,0,9,0,27;121;310;17;434;283;478;430;667
1,21155,21234,1,0,0,7,2,60;241;365;214;374;361;562
1,21114,21192,1,0,0,7,2,101;282;406;255;450;402;562
1,21180,21264,1,0,0,7,2,35;216;340;189;367;336;558
1,21159,21214,1,0,0,7,2,56;237;361;210;367;357;562
1,21256,21317,1,0,0,8,1,140;264;113;308;260;558;576;442
0,21239,21293,1,0,0,7,0,157;281;130;325;277;558;593
1,21311,21388,1,0,0,9,1,85;209;58;253;205;531;437;387;929
1,21264,21485,1,0,0,8,5,132;256;105;295;252;558;568;434
1,21434,21522,1,0,0,8,1,86;130;82;408;398;264;806;794
1,21362,21447,1,0,0,9,1,34;158;7;202;154;480;437;336;878
1,21474,21546,1,0,0,8,1,46;90;42;368;358;224;766;754
0,21466,21523,1,0,0,8,0,54;98;50;376;366;232;774;762
1,21515,21581,1,0,0,8,1,5;49;1;327;317;183;725;713
1,21526,21774,1,0,0,6,4,38;316;306;160;714;702
1,21545,21630,1,0,16,6,1,19;297;287;153;695;625
1,21630,21681,1,0,0,7,1,212;202;68;610;598;594;409
1,21686,21770,1,0,0,7,1,156;146;12;554;542;538;353
1,21693,21924,1,0,0,7,3,77;139;5;547;535;531;346
1,21723,21783,1,0,0,7,1,77;109;433;505;501;316;717
1,21828,21883,1,0,0,9,1,14;4;412;400;396;211;612;355;1070
1,21856,21918,1,0,0,7,1,384;372;368;183;584;327;1042
1,21871,21931,1,0,0,7,1,348;357;353;168;569;312;1027
1,21991,22048,1,16,0,9,1,249;237;233;48;449;192;907;699;674
1,21994,22233,1,0,0,9,4,221;234;230;45;446;189;904;696;671
1,22005,22073,1,0,0,9,2,221;223;219;34;435;178;893;685;588
1,22010,22069,1,0,0,9,2,221;178;214;29;430;173;888;680;588
1,22028,22107,1,0,0,9,3,212;160;196;11;412;155;870;662;588
1,22068,22154,1,0,0,8,1,172;160;156;372;115;814;622;588
1,20115,20192,1,0,0,5,1,11;263;421;443;576
1,20063,20133,1,0,0,6,3,63;41;263;473;495;628
1,20019,20087,1,0,0,6,2,107;85;263;517;539;661
1,20003,20060,1,0,0,6,2,123;101;263;533;555;671
1,20209,20449,1,0,0,4,3,174;309;349;482
0,20206,20269,1,0,0,4,0,177;309;352;485
1,20202,20262,1,0,0,4,2,181;334;356;489
1,20175,20242,1,0,0,4,1,208;361;383;516
1,20318,20533,1,0,0,5,2,65;191;240;373;545
1,20294,20584,1,0,0,5,4,89;191;264;397;819
1,20244,20303,1,0,0,4,2,139;191;314;445
1,20233,20306,1,0,0,4,1,150;191;325;458
0,20444,20507,1,16,0,6,0,48;114;247;529;452;771
1,20442,20502,1,0,0,6,2,48;116;249;529;508;773
1,20381,20671,1,0,0,6,5,2;48;177;310;536;569
1,20360,20630,1,0,0,6,5,23;48;198;331;545;590
0,20492,20546,1,15,0,7,0,44;66;199;529;429;723;904
1,20507,20745,1,0,0,7,4,29;51;184;529;429;708;889
0,20464,20539,1,0,0,6,0,48;94;227;529;452;751
1,20480,20551,1,0,0,6,2,48;78;211;529;452;735
1,20632,20682,1,0,0,7,3,59;481;318;583;764;471;344
1,20657,20933,1,0,0,7,7,34;456;293;558;727;446;319
1,20510,20560,1,0,0,7,2,26;48;181;529;429;588;886
1,20526,20606,1,0,0,7,2,10;32;165;529;424;588;870
1,20805,20892,1,0,15,8,3,308;145;410;591;234;171;715;564
0,20825,20906,1,0,0,9,0,288;125;390;566;234;151;695;544;739
0,20666,20716,1,0,0,7,0,25;447;284;549;727;234;310
1,20719,20783,1,0,0,6,2,394;231;496;677;234;257
1,20940,21197,1,0,0,11,4,173;10;275;456;163;36;580;429;624;576;902
1,21022,21299,1,15,0,9,6,91;193;374;81;498;347;542;494;820
1,20835,20914,1,0,0,10,2,278;115;380;561;234;141;685;534;729;681
1,20870,20947,1,0,0,10,1,243;80;345;526;233;106;650;499;694;646
1,19195,19418,1,0,0,15,9,4;291;26;242;89;26;249;468;479;362;444;338;931;428;909
1,19179,19254,1,0,0,15,3,20;307;42;258;105;42;265;484;495;362;480;354;947;444;925
1,19228,19284,1,0,0,12,1,258;209;56;216;435;446;362;431;305;846;334;876
1,19221,19301,1,0,0,14,1,265;0;216;63;0;223;442;453;362;438;312;846;402;883
1,19120,19187,1,15,0,12,1,79;366;101;317;164;101;282;543;554;536;539;413
1,19108,19172,1,0,0,13,3,1;91;378;113;329;176;113;282;555;566;548;551;425
1,19153,19397,1,0,0,14,4,46;333;68;284;131;68;282;495;521;503;506;380;973;470
1,19126,19183,1,0,0,12,4,73;360;95;311;158;95;282;537;537;530;533;407
1,19291,19368,1,0,0,11,1,195;146;148;371;383;349;344;183;835;332;813
1,19286,19337,1,0,0,11,4,200;151;148;377;388;349;344;183;840;334;818
1,19312,19394,1,0,0,11,2,174;125;132;351;337;344;322;183;814;311;792
1,19295,19346,1,0,0,11,1,191;142;148;368;379;349;322;183;831;328;809
1,19266,19330,1,0,16,12,2,220;171;18;148;397;408;362;393;267;846;334;838
1,19249,19302,1,0,0,12,4,237;188;35;195;414;425;362;410;284;846;334;855
1,19282,19368,1,0,0,12,5,204;155;2;148;381;392;349;344;251;844;334;822
1,19275,19348,1,0,0,12,1,211;162;9;148;388;399;349;384;258;846;334;829
1,19453,19503,1,0,0,10,3,33;210;221;203;206;80;618;170;459;332
1,19549,19627,1,0,0,8,1,114;125;107;110;577;74;459;236
1,19559,19645,1,0,0,8,2,100;115;97;100;567;64;459;226
1,19660,19732,1,0,0,7,4,3;14;466;444;125;723;876
1,19335,19399,1,0,0,11,1,151;102;109;328;314;321;322;183;791;288;769
1,19429,19496,1,0,0,12,2,57;8;15;234;245;227;230;104;697;194;675;356
1,19429,19512,1,0,0,12,2,57;8;15;234;245;227;230;104;656;194;675;356
1,19437,19718,1,16,0,12,5,49;0;7;226;237;219;222;96;618;186;667;348
1,19856,19942,1,0,0,6,1,167;248;502;680;702;835
1,19908,19978,1,0,0,6,2,167;196;475;628;650;778
1,19978,20236,1,0,15,6,3,148;126;405;558;580;713
1,19980,20048,1,0,0,6,2,146;124;263;556;578;711
1,19750,19972,1,0,0,6,1,376;354;35;633;786;808
1,19769,19832,1,0,0,6,4,167;335;16;614;767;789
1,19802,19864,1,0,0,5,3,167;302;581;734;756
1,19807,19887,1,0,0,5,4,167;297;576;729;721
1,18434,18513,1,0,0,9,2,27;185;675;504;526;663;153;266;765
1,18291,18374,1,0,0,9,1,29;116;170;328;818;647;648;778;296
1,18275,18336,1,0,0,8,2,45;132;186;344;834;663;648;822
1,18266,18329,1,0,0,8,3,54;141;195;353;843;672;694;831
1,18200,18268,1,0,0,8,1,63;120;207;261;419;909;738;760
1,18128,18191,1,0,0,5,1,110;192;279;333;491
1,18110,18199,1,0,0,4,1,132;210;297;351
1,18088,18148,1,0,0,5,1,14;149;232;319;373
0,18607,18673,1,0,0,10,0,12;502;331;353;490;93;587;192;817;586
0,18605,18691,1,0,0,10,0,14;504;333;355;492;95;587;194;817;586
1,18572,18652,1,0,0,11,4,47;537;366;388;525;15;128;587;227;817;649
0,18572,18640,1,0,0,11,0,47;537;366;388;525;15;128;587;227;817;586
1,18525,18612,1,0,0,10,2,94;584;413;435;572;62;175;587;274;817
1,18520,18588,1,0,0,10,1,99;589;418;440;577;67;180;587;279;818
1,18492,18704,1,0,15,10,4,123;617;446;468;605;95;208;587;307;994
1,18458,18667,1,0,0,10,4,3;123;651;480;502;639;129;242;741;341
1,18828,19098,1,0,0,11,7,281;110;132;269;371;658;393;609;456;393;616
1,18841,19096,1,0,0,11,7,268;97;119;256;358;505;380;596;443;380;603
1,18804,18867,1,0,0,11,1,305;134;156;293;395;682;417;633;480;417;640
0,18814,18881,1,0,0,11,0,295;124;135;283;385;672;407;623;470;407;630
1,18746,18797,1,0,0,12,1,363;192;214;351;453;53;740;475;691;538;475;698
0,18790,18859,1,0,0,12,0,319;148;170;307;409;9;696;427;647;494;431;654
1,18637,18689,1,15,0,10,2,472;301;323;460;63;562;162;817;584;800
1,18676,18739,1,0,0,12,1,433;262;284;421;24;523;123;810;545;761;608;545
1,19047,19118,1,0,0,14,2,62;50;152;439;174;390;237;174;397;612;627;609;612;486
1,19102,19191,1,0,0,13,5,7;97;384;119;335;182;119;342;561;572;554;557;431
0,18970,19027,1,0,0,14,0,139;127;229;505;251;467;314;251;474;612;638;686;689;563
1,19012,19066,1,0,0,14,1,97;85;187;474;209;425;272;209;432;612;638;644;647;521
0,18909,18959,1,0,0,13,0,200;29;51;188;290;505;312;528;375;312;535;612;638
1,18925,19002,1,0,0,13,3,184;13;35;172;274;505;296;512;359;296;519;612;638
1,18877,19100,1,0,0,13,6,232;61;83;220;322;505;344;529;407;344;567;786;797
1,18877,19083,1,0,0,13,8,232;61;83;220;322;505;344;529;407;344;567;786;638
327
11027,12041,154.21,9
11096,12214,209.31,11
10607,11645,513.11,11
10810,11667,195.05,10
11361,11772,0.00,9
11591,12463,86.01,9
11133,12222,124.21,9
11338,12076,159.90,9
10259,11107,193.62,9
10263,10849,0.00,11
9774,10484,459.74,11
10080,10885,201.06,10
10482,11411,270.75,11
10567,11441,391.02,10
10295,11130,144.94,8
10329,11168,85.67,8
13146,13673,124.59,10
12729,13491,242.09,11
12704,13681,295.99,10
12637,13079,177.38,11
13569,14472,294.03,9
13472,14027,247.51,10
13402,13817,282.93,9
13177,13510,47.67,11
11796,12979,696.41,11
11708,12332,93.75,10
11687,12320,198.37,8
11679,12257,258.84,9
12441,13002,240.03,9
12191,12936,132.93,8
11915,12556,156.64,11
11831,12507,110.25,9
14234,15047,462.34,9
14327,15335,310.91,11
14584,15403,0.00,9
14592,15357,333.73,8
14782,15665,77.94,11
14829,15725,205.54,11
14843,15416,77.16,11
14979,15859,200.76,8
13592,14247,0.00,8
13665,14229,0.00,11
13788,14523,0.00,11
13883,14608,132.65,9
14023,14743,115.40,9
14073,14905,114.97,11
14093,14620,0.00,10
14176,15097,128.68,9
15401,16131,84.29,9
15395,16287,297.56,9
15481,16319,0.00,8
15413,16175,104.69,10
15624,16166,60.66,10
15496,16200,185.46,10
15648,16311,0.00,8
15631,16040,0.00,9
15013,15519,0.00,11
14989,15678,178.25,8
15250,15800,0.00,8
15025,16020,110.26,9
15291,16082,171.01,8
15280,16265,316.64,9
15387,16041,54.44,11
15344,16006,68.01,11
17683,18407,345.12,9
17811,18461,40.15,9
17626,18263,334.97,9
17666,18320,0.00,11
17128,18037,374.47,9
17143,17904,0.00,9
17019,18102,398.22,11
17104,17811,162.10,8
16909,17674,96.66,8
16993,18013,168.86,9
16761,17163,66.14,11
16838,17600,0.00,8
16667,17198,0.00,11
16689,17310,187.04,11
16082,16712,318.02,9
16481,17244,48.02,8
18869,19663,277.25,10
18694,19444,107.81,10
18669,19221,27.81,9
18656,19284,43.63,9
18632,19437,67.52,11
18565,19221,111.92,11
18477,19486,330.31,9
18439,18799,0.00,10
18399,19199,154.32,9
18325,18700,0.00,11
18277,18587,0.00,10
18208,19097,44.94,11
18192,18960,84.08,9
18158,18938,32.19,11
18152,19109,35.84,10
18118,18619,62.02,10
20274,21113,322.99,10
20322,20950,79.91,9
20390,21215,155.36,10
20490,21396,107.20,9
19579,20383,226.11,8
19657,20536,373.24,11
19676,20558,51.90,10
19825,20691,174.61,10
19133,20126,395.77,9
19147,19623,68.29,9
19164,20104,241.96,10
19413,19785,0.00,10
18875,19674,242.23,10
18928,19656,154.86,9
18956,19659,118.97,10
18958,19533,68.86,9
21712,22440,0.00,10
21628,22039,0.00,10
21782,22898,245.96,8
21738,22183,0.00,10
21298,22240,213.73,9
21243,21698,48.10,11
21576,22224,0.00,11
21386,22228,233.12,8
20828,21516,46.27,11
20824,21564,153.11,8
21205,21832,137.79,9
20873,21842,348.60,9
20580,20976,0.00,11
20550,21103,212.15,10
20795,21369,0.00,8
20741,21520,0.00,11
22200,23059,247.76,11
22146,22706,156.24,10
21906,22665,83.87,9
21897,22690,0.00,9
22222,22942,49.23,11
22215,22878,79.81,8
22209,22995,205.63,11
22204,23155,283.68,9
22536,23348,134.38,10
22520,22967,70.89,9
22429,22975,66.59,9
22265,23460,381.22,11
22986,24140,407.30,10
22967,23762,325.55,11
22804,23380,200.59,10
22547,23271,215.34,10
23191,24210,114.03,8
23261,23849,248.68,8
23004,23973,369.12,11
23149,23910,175.87,10
24004,24398,171.21,8
24007,24733,171.13,10
23774,24498,307.70,11
23861,24810,190.66,11
24188,24892,280.06,11
24336,25270,368.04,11
24020,24564,186.73,11
24081,24770,175.09,8
24504,25382,259.81,10
24540,25010,0.00,9
24390,25162,0.00,11
24391,25045,78.59,10
24827,25512,183.20,8
24559,25214,160.36,8
25105,25593,95.24,9
25019,26004,315.26,8
25268,25712,40.86,11
25152,26088,333.35,10
25567,26316,135.21,9
25450,25764,0.00,11
25614,26349,131.79,9
25584,26168,0.00,11
25722,26674,493.88,10
25664,26300,118.31,10
25800,26234,89.98,9
25770,26305,0.00,9
26315,27038,221.89,9
26126,26836,120.10,11
26475,27307,331.34,8
26514,26967,0.00,8
26635,27264,0.00,8
26718,27566,281.38,8
26722,27307,288.59,10
26731,27109,125.99,10
26952,27993,339.79,9
26966,27452,154.48,11
27013,27890,303.85,10
27013,28162,146.26,10
27120,27960,113.36,8
27169,28133,375.26,9
27278,27810,53.37,10
27292,28448,183.66,8
27442,28391,448.21,8
27524,28224,35.57,10
28359,29262,112.96,10
28287,28832,124.92,10
28163,28812,429.44,8
28114,28933,146.77,11
28091,28728,17.54,11
27912,28805,302.49,8
27714,28351,131.87,9
27663,28232,20.25,11
28852,29514,173.06,11
28835,29747,355.24,8
28663,29307,289.12,10
28586,29166,56.73,9
28537,29283,257.61,9
28466,29335,46.24,8
28386,29248,38.75,9
28366,28864,83.38,10
29323,30018,108.99,9
29013,29745,286.89,8
29065,29759,80.87,9
9375,9921,0.00,10
9426,9818,62.33,10
9202,9975,255.18,8
9294,10142,461.35,11
9593,10171,0.00,11
9769,10090,0.00,10
9509,10507,101.86,10
9547,10401,251.98,10
8865,9837,78.93,11
8962,9760,52.85,10
8794,9588,0.00,10
8794,9539,0.00,9
9157,9595,0.00,9
9165,9675,0.00,9
8982,9823,0.00,11
9075,9638,47.59,9
8529,9465,245.97,8
8507,9206,0.00,8
8478,9344,127.69,10
8477,9088,0.00,10
8746,9624,73.74,8
8605,9335,0.00,9
8590,9477,147.63,8
8543,9469,0.00,9
8275,9166,303.13,8
8222,8864,0.00,11
7670,8597,358.92,8
7543,8180,28.19,9
8442,9267,148.15,11
8416,9214,37.91,10
8343,9293,0.00,9
8293,8917,0.00,8
6899,7876,289.92,11
6957,7732,189.53,11
7197,7975,48.70,10
7214,8326,339.21,10
7353,8256,61.04,8
7436,8058,184.47,9
7514,8193,247.43,9
7522,8326,266.05,9
5925,6481,77.39,8
5998,6898,357.10,11
6017,6842,223.62,9
6060,6745,31.52,10
6426,6801,206.04,10
6450,7251,149.43,9
6511,7081,0.00,9
6706,7357,339.04,9
5404,5769,0.00,9
5376,6053,0.00,9
5663,6130,0.00,8
5429,6462,234.35,10
5715,6605,196.01,11
5668,6569,453.03,10
5896,7001,169.64,10
5885,6418,0.00,9
4711,5636,328.78,11
4545,5419,108.29,11
4970,6131,105.58,8
4969,5320,59.83,8
5089,5946,201.72,9
5059,5853,0.00,9
5361,6179,166.43,8
5208,6000,0.00,9
3988,4854,332.40,8
4540,4906,218.84,10
3926,4819,293.00,10
3980,4680,298.88,11
3854,4447,154.97,11
3855,4524,32.83,11
3829,4450,61.42,8
3842,4428,33.90,11
3619,4518,280.22,11
3685,4513,85.65,10
3353,4001,298.10,8
3412,4396,155.12,11
3172,3699,52.06,9
3265,4156,56.87,10
3006,3526,0.00,11
3027,3927,193.87,10
2969,3726,0.00,11
2961,3686,134.98,11
2872,3894,51.18,9
2807,3448,45.32,8
2562,3144,0.00,11
2497,3022,0.00,11
2467,3358,275.54,8
2451,3147,110.88,8
2401,3419,395.23,8
2257,2894,66.53,8
2172,2927,101.85,10
2103,2943,164.33,8
2083,2480,0.00,9
2060,3118,175.92,8
2002,3110,96.04,11
1966,2545,0.00,9
1781,2320,0.00,11
1876,2587,256.43,8
1897,2717,90.26,9
1912,2830,161.18,9
1611,1956,46.89,9
1714,2003,0.00,8
1740,2438,0.00,11
1743,2223,89.70,9
936,1628,270.68,8
1366,2295,159.14,11
1443,2152,156.41,10
1597,2233,240.60,11
577,1111,269.88,9
616,1399,75.80,10
737,1572,352.11,10
889,1401,174.80,10
26,799,268.87,9
11,659,111.45,8
166,572,193.27,11
108,632,138.38,9
