100
1,800,871,1,0,0,11,1,258;210;268;145;306;615;374;631;419;438;640
1,824,898,1,0,0,12,1,234;186;244;109;306;591;350;631;419;414;616;702
1,840,1092,1,0,0,13,9,218;170;228;50;306;575;334;631;419;398;600;686;677
1,938,1233,1,0,0,13,9,120;72;130;7;306;477;236;574;419;300;502;455;579
1,646,914,1,0,16,9,9,412;364;422;299;586;744;528;866;765
1,647,728,1,0,0,9,2,411;363;421;298;586;744;527;631;764
1,723,998,1,0,0,9,7,335;287;345;222;526;692;451;631;688
1,743,945,1,0,0,9,6,315;267;325;202;506;672;431;631;419
1,1060,1117,1,0,0,11,1,8;189;355;89;452;351;97;380;455;362;663
1,1095,1163,1,0,15,11,2,154;320;79;417;316;97;345;431;362;624;429
1,1113,1183,1,0,0,11,1,136;302;61;399;298;97;327;413;362;607;411
1,1133,1195,1,0,0,11,2,116;282;41;379;278;97;307;393;362;590;391
1,972,1035,1,0,0,12,4,86;38;96;277;443;202;540;419;266;468;455;362
1,984,1070,1,0,0,12,1,74;26;84;265;428;190;528;419;254;456;455;362
1,1005,1091,1,0,0,12,1,53;5;63;244;410;169;507;393;233;435;455;362
1,1036,1254,1,0,0,11,2,22;32;213;379;89;476;375;202;404;455;362
1,1324,1564,1,0,0,13,5,91;188;87;116;202;193;399;200;717;592;596;803;356
1,1227,1297,1,0,15,13,4,22;188;285;184;11;213;299;290;496;297;814;689;693
1,1361,1447,1,0,0,13,1,54;151;50;79;165;156;362;163;680;555;559;587;319
1,1328,1408,1,0,0,13,2,87;184;83;112;198;189;395;196;713;588;592;587;352
1,1180,1254,1,0,0,13,2,69;235;332;231;58;260;346;337;541;344;861;736;740
1,1165,1217,1,0,0,12,2,84;250;9;347;246;73;275;361;352;558;359;876
1,1194,1250,1,0,0,13,1,55;221;318;217;44;246;332;323;521;330;847;722;714
1,1183,1246,1,0,16,13,5,66;232;329;228;55;257;343;334;521;341;858;733;737
1,1532,1610,1,0,0,7,1,191;509;241;388;587;148;949
1,1520,1790,1,0,0,9,7,6;203;4;521;396;400;587;160;961
1,1554,1846,1,0,0,7,2,169;487;241;366;573;126;660
1,1543,1837,1,0,0,7,5,173;498;241;377;584;137;938
1,1428,1478,1,0,0,12,3,84;12;98;89;295;96;613;488;492;587;252;1045
1,1378,1447,1,0,0,14,3,37;134;33;62;148;139;338;146;663;538;542;587;302;1103
1,1466,1537,1,0,0,11,3,46;60;51;257;58;575;450;454;587;214;1015
1,1452,1513,1,0,0,11,1,60;74;65;271;72;589;464;463;587;228;1029
1,339,418,1,0,0,2,1,719;671
0,272,353,1,0,0,2,0,786;738
0,238,498,1,0,0,0,0,
0,187,269,1,0,0,0,0,
0,105,193,1,0,0,0,0,
0,81,325,1,0,0,0,0,
0,57,314,1,0,0,0,0,
0,43,102,1,0,0,0,0,
1,602,691,1,0,0,8,2,456;408;466;343;586;813;572;910
1,515,601,1,0,0,6,1,543;495;553;430;586;900
0,491,571,1,0,0,5,0,567;519;577;454;586
1,487,744,1,0,0,5,3,571;523;581;458;762
1,455,543,1,0,0,5,1,584;555;613;490;794
1,453,536,1,0,0,5,1,605;557;615;492;796
0,356,409,1,0,0,2,0,648;630
1,340,394,1,0,0,2,1,648;670
1,2158,2220,1,0,0,5,1,323;337;122;394;254
1,2180,2241,1,0,0,5,1,292;337;100;394;232
1,2191,2260,1,0,0,5,1,290;335;89;394;221
1,2208,2412,1,0,0,7,4,273;335;72;394;181;1046;834
1,2300,2359,1,0,0,6,2,181;246;367;112;954;742
1,2314,2383,1,0,0,6,1,167;232;364;98;940;728
1,2352,2439,1,0,0,6,1,129;194;360;60;902;690
1,2408,2471,1,0,0,6,1,73;138;304;4;846;634
0,2475,2547,1,0,0,5,0,6;71;237;779;567
1,2498,2586,1,0,0,4,2,48;214;756;544
1,2528,2813,1,0,0,4,2,18;184;726;514
0,2559,2618,1,15,0,3,0,153;695;421
0,2597,2682,1,0,0,3,0,115;657;421
0,2648,2706,1,0,0,3,0,64;606;394
0,2694,2755,1,0,0,4,0,18;560;348;376
0,2718,2774,1,0,0,3,0,536;324;352
1,2776,2839,1,0,0,4,2,477;266;294;809
1,2766,2849,1,0,0,4,2,488;276;304;819
1,2817,2868,1,0,0,7,3,437;225;50;768;699;413;901
1,2816,3082,1,0,0,7,5,438;226;254;769;700;414;902
1,1574,1650,1,0,0,7,1,149;264;241;342;457;106;660
1,1586,1808,1,0,15,7,3,137;259;241;334;457;94;660
1,1558,1635,1,0,0,7,1,165;483;241;362;457;122;660
1,1563,1794,1,0,0,7,3,160;478;241;342;457;117;660
0,1627,1714,1,0,0,7,0,96;259;132;291;457;53;638
0,1649,1727,1,0,0,7,0,74;259;132;271;457;31;638
1,1601,1883,1,0,0,7,4,122;259;132;319;457;79;660
1,1625,1696,1,0,0,7,1,98;259;132;295;457;55;638
1,1719,1924,1,0,0,7,3,4;259;132;201;408;638;827
1,1741,1807,1,0,0,6,1,259;132;179;377;638;805
1,1659,1939,1,0,0,7,4,64;259;132;261;457;21;638
1,1686,1770,1,0,0,6,1,37;259;132;234;441;638
0,1762,1850,1,0,0,6,0,230;132;149;365;590;784
1,1764,1837,1,0,0,7,1,230;132;149;363;590;782;516
1,1743,1819,1,0,0,6,2,259;132;149;377;638;803
1,1747,1966,1,0,0,6,4,230;132;149;377;638;799
0,1936,2002,1,0,0,5,0,105;191;545;610;131
1,1925,2153,1,0,0,5,1,116;202;556;621;355
1,1826,1896,1,0,0,7,1,215;86;94;301;590;720;454
1,1816,1868,1,0,0,7,1,225;100;104;311;590;729;464
0,1998,2071,1,0,0,6,0,43;129;483;339;131;714
0,1993,2045,1,0,0,6,0,48;134;488;339;131;719
0,1954,2012,1,0,0,5,0,87;173;527;339;131
1,1952,2214,1,0,0,5,3,89;175;529;594;131
1,2071,2157,1,0,0,6,1,56;393;339;131;641;341
1,2056,2144,1,0,0,6,1,57;425;339;131;656;356
1,2012,2082,1,0,0,7,1,29;115;469;339;131;700;400
0,2006,2083,1,0,0,6,0,35;121;475;339;131;706
1,2152,2221,1,0,0,5,1,329;339;128;394;260
1,2117,2348,1,0,0,6,4,10;364;339;131;595;295
0,2088,2159,1,0,0,6,0,25;393;339;131;624;324
0,2075,2144,1,0,0,6,0,25;393;339;131;637;337
32
2009,2412,40.60,9
2195,3254,83.04,9
2207,3042,137.43,8
2685,3070,204.52,9
2735,3585,0.00,9
2783,3516,0.00,8
2812,3230,0.00,9
2813,3718,0.00,9
819,1526,236.96,10
783,1440,0.00,9
753,1238,113.55,9
619,1411,298.96,8
1144,2041,248.37,9
1088,1524,0.00,8
1043,1723,153.19,9
839,1517,249.41,10
1322,1680,0.00,10
1300,2127,454.17,11
1179,1920,137.88,8
1173,1916,307.48,11
1972,2712,231.10,9
1763,2280,224.61,9
1712,2546,320.04,11
1376,2481,511.24,11
376,1068,0.00,11
390,945,95.57,11
246,1058,112.15,8
251,1010,40.55,9
533,1174,80.08,11
573,1512,235.84,11
422,1249,377.39,10
497,1415,92.00,8
