1001
1,28949,29011,1,0,0,8,1,82;5;146;316;195;534;185;687
1,28922,29000,1,0,0,8,1,82;32;172;343;222;561;212;728
1,28931,28998,1,0,0,8,1,82;23;146;334;213;552;203;728
1,27497,27562,1,0,0,12,1,195;452;616;618;425;564;416;178;339;532;835;725
1,27433,27509,1,0,0,12,1,13;259;516;680;682;489;592;480;245;403;596;899
1,27424,27491,1,0,0,12,1,13;268;525;689;691;498;637;489;254;412;605;908
1,27420,27509,1,0,0,12,4,26;272;529;693;695;502;641;493;258;416;609;912
1,27645,27935,1,0,0,17,12,47;304;468;470;277;396;268;33;191;384;687;577;633;464;908;650;697
1,27630,27707,1,0,0,16,1,62;319;483;485;292;431;283;48;206;399;702;592;648;479;923;665
1,27604,27677,1,0,0,15,2,88;345;509;511;318;457;309;74;232;425;728;618;674;505;949
1,27539,27822,1,0,0,13,9,153;410;574;576;383;522;374;139;297;490;793;683;739
1,27174,27225,1,0,0,12,1,49;163;197;272;518;775;939;941;748;887;739;504
1,27162,27220,1,0,0,11,2,70;170;209;277;530;787;951;953;760;899;751
1,27160,27248,1,0,0,11,3,74;170;211;277;532;789;953;955;762;901;753
1,27143,27398,1,0,0,10,7,91;170;228;303;549;806;970;972;779;918
0,27406,27476,1,0,0,12,0,40;286;543;707;709;516;655;507;272;430;623;926
1,27370,27445,1,0,0,12,2,1;76;322;579;743;745;552;691;543;308;466;659
1,27295,27554,1,0,0,13,10,42;76;151;397;654;818;820;627;766;618;383;541;734
0,27213,27276,1,0,0,13,0,20;124;158;233;479;736;900;902;709;848;700;465;623
1,26991,27237,1,0,0,7,1,26;10;13;243;330;301;455
0,27005,27056,1,0,0,5,0,12;157;330;301;441
1,26953,27217,1,0,0,7,4,64;48;51;281;384;418;493
1,26986,27277,1,0,0,7,2,31;15;18;248;351;301;460
1,27099,27320,1,0,0,7,4,135;238;232;347;593;850;1014
1,27134,27203,1,0,0,10,1,100;203;232;312;558;815;979;981;788;927
1,27030,27103,1,0,0,5,1,157;307;301;416;662
1,27042,27107,1,0,0,5,1,157;295;232;404;650
0,26843,26912,1,0,0,6,0,174;158;161;391;485;528
1,26871,26940,1,0,0,7,1,146;130;133;363;466;500;575
1,26697,26772,1,0,0,5,1,320;304;307;537;528
0,26836,26891,1,0,0,6,0,181;165;168;398;485;535
1,26908,26986,1,0,0,7,1,109;93;96;326;427;463;525
0,26937,27011,1,0,0,7,0,80;64;67;297;400;434;509
0,26878,26930,1,0,0,7,0,139;123;126;356;459;493;525
1,26891,26948,1,0,0,7,1,126;110;113;343;446;480;525
1,28737,28802,1,0,0,6,1,160;348;217;369;528;407
1,28693,28977,1,0,0,6,4,204;392;261;413;572;451
1,28810,28871,1,0,0,7,1,87;202;144;296;455;334;673
1,28801,29017,1,0,0,7,3,96;284;153;305;464;343;682
1,28885,28944,1,16,0,9,1,12;182;69;221;380;259;598;249;788
1,28842,29132,1,0,0,7,5,55;182;112;264;423;302;641
1,28901,28956,1,0,0,8,1,82;53;172;364;243;582;233;772
1,28898,29160,1,0,0,8,5,82;56;208;367;246;585;236;775
0,28445,28520,1,0,0,8,0,108;204;418;52;640;509;658;820
1,28438,28518,1,0,0,8,1,115;211;459;59;647;516;658;827
1,28509,28594,1,0,0,7,1,44;140;388;576;445;597;756
1,28450,28538,1,0,0,8,1,103;199;418;47;635;504;656;815
0,28577,28654,1,0,0,6,0,72;320;508;377;529;688
1,28546,28801,1,0,0,7,4,7;103;349;539;408;560;719
1,28671,28760,1,0,0,5,1,226;414;283;435;594
1,28608,28905,1,0,0,6,5,41;289;477;346;498;657
1,28250,28336,1,0,0,13,1,82;28;303;45;92;126;79;156;399;157;647;247;835
0,28279,28340,1,0,0,12,0,53;274;16;63;97;50;127;370;128;618;218;765
1,28320,28387,1,0,0,13,1,12;233;22;56;9;86;329;87;577;177;765;634;786
1,28384,28467,1,0,0,10,1,169;22;265;23;513;113;701;570;722;881
1,28388,28460,1,0,0,10,3,165;7;261;19;509;109;697;566;718;877
1,28408,28624,1,0,0,8,4,145;241;489;89;677;546;698;857
1,28416,28484,1,0,0,8,1,137;233;481;81;669;538;670;849
1,28426,28504,1,0,0,8,1,127;223;471;71;659;528;658;839
1,27752,27833,1,0,0,16,4,197;361;363;170;309;161;84;277;580;470;526;357;801;543;590;624
0,27794,27857,1,0,0,16,0,155;319;321;128;267;119;42;235;538;428;484;315;759;501;548;582
1,27898,28188,1,0,0,17,9,51;215;217;24;163;15;131;434;324;380;211;655;397;444;478;431;508
1,27929,28010,1,0,0,18,1,20;184;186;132;100;403;293;349;173;624;366;413;447;400;477;720;478;132
1,28022,28072,1,0,0,19,2,91;93;39;7;310;200;256;87;531;273;320;354;307;384;627;385;39;875;475
1,28065,28296,1,0,0,16,6,48;50;267;157;213;44;488;230;277;311;264;341;584;342;832;432
1,28127,28180,1,0,0,14,1,205;95;151;426;168;215;249;202;279;522;280;770;370;958
1,28148,28430,1,0,0,14,7,184;74;130;405;147;194;228;181;258;501;259;749;349;937
1,20801,21026,1,0,0,9,5,341;363;249;128;181;401;488;369;739
1,20766,20836,1,0,0,11,1,376;398;28;284;163;216;436;523;18;404;774
1,20743,20824,1,0,0,12,1,0;399;421;51;307;186;239;459;546;41;427;797
1,20647,20729,1,0,0,12,1,96;495;517;147;403;282;335;555;642;137;523;893
1,20581,20665,1,0,0,12,3,162;561;583;213;469;348;401;621;708;203;589;959
1,20456,20537,1,0,0,11,1,50;287;676;708;338;594;473;526;746;833;328
1,20439,20520,1,0,0,11,1,67;304;703;725;355;596;490;543;763;850;345
0,20426,20512,1,0,0,10,0,80;317;716;738;368;596;503;556;776;863
1,20888,20967,1,0,0,10,2,183;276;161;31;94;314;401;191;652;621
1,20885,20964,1,0,0,10,1,256;279;161;31;97;317;404;191;655;624
1,20876,21125,1,0,0,10,5,256;288;161;31;106;326;413;294;664;633
1,20875,20938,1,0,0,10,1,267;289;161;31;107;327;414;295;665;634
1,20844,21127,1,0,0,9,7,298;320;161;85;138;358;441;326;696
1,20844,20920,1,0,0,9,1,298;303;161;85;138;358;441;326;696
1,20837,20896,1,0,0,9,1,305;327;213;92;145;365;441;333;703
1,20809,20897,1,0,0,9,3,333;355;241;120;173;393;480;361;719
1,20190,20268,1,0,0,6,1,94;227;76;316;553;952
1,20234,20468,1,0,0,6,2,52;183;32;272;509;908
1,20137,20380,1,0,0,6,4,155;280;36;129;369;606
1,20173,20230,1,0,0,6,1,124;244;0;93;333;570
1,20061,20125,1,0,0,7,1,12;236;356;112;205;445;682
1,20124,20202,1,0,0,6,1,173;293;49;142;382;619
0,19969,20049,1,0,0,7,0,104;33;328;448;204;297;500
1,19999,20064,1,0,0,7,1,74;3;298;386;174;267;500
1,20398,20485,1,0,0,10,2,19;108;345;722;766;396;652;531;584;804
1,20422,20502,1,0,0,10,2,84;321;720;742;372;628;507;560;780;867
0,20319,20384,1,0,0,6,0,98;187;424;722;789;475
1,20342,20410,1,0,0,9,1,75;164;401;722;789;452;708;587;640
1,20299,20564,1,0,0,5,3,118;207;444;843;865
1,20307,20381,1,0,0,6,1,110;199;436;722;857;487
0,20235,20299,1,0,0,6,0,52;182;31;256;508;907
0,20236,20307,1,0,0,6,0,52;181;30;256;507;906
1,19663,19720,1,0,0,12,1,3;65;189;206;68;149;214;410;339;634;754;510
0,19661,19745,1,0,0,12,0,5;67;191;208;68;151;216;412;341;636;754;512
1,19816,19890,1,0,0,8,1,36;53;61;257;186;481;601;357
0,19763,19838,1,0,0,9,0,89;106;49;114;310;239;534;654;410
1,19628,19898,1,0,0,12,5,38;100;224;241;108;184;249;445;374;669;754;518
1,19612,19677,1,0,0,12,1,52;116;240;257;124;200;265;461;390;685;805;518
1,19650,19702,1,0,0,12,1,14;78;202;219;78;162;227;423;352;647;754;518
1,19632,19706,1,0,0,12,1,14;96;220;237;104;180;245;441;370;665;754;518
1,19920,20141,1,0,0,7,4,153;82;377;497;253;346;586
0,19894,19962,1,0,0,7,0,179;108;380;523;279;372;612
1,19969,20224,1,0,0,7,3,104;33;328;448;204;297;500
0,19931,20008,1,0,0,7,0,142;71;366;486;242;335;500
1,19828,19891,1,0,0,9,1,24;41;49;245;174;422;589;345;438
1,19818,19903,1,0,0,8,1,34;51;59;255;184;479;599;346
1,19889,19973,1,15,0,7,1,184;113;408;528;283;377;617
1,19873,20080,1,0,0,8,4,4;200;129;422;544;300;393;633
1,19353,19419,1,0,0,9,1,124;256;375;499;516;383;459;524;720
0,19366,19431,1,0,0,10,0,103;256;362;486;503;370;446;511;707;636
1,19416,19706,1,0,0,10,7,61;250;312;436;453;320;396;461;657;586
0,19436,19487,1,0,0,10,0,41;230;292;416;433;300;337;441;637;566
1,19167,19256,1,0,0,9,1,310;476;561;685;81;702;563;645;710
1,19222,19492,1,0,0,9,4,255;444;506;630;26;647;514;590;655
1,19251,19305,1,0,0,8,1,226;289;477;601;618;485;561;626
1,19254,19326,1,0,0,8,1,223;256;474;598;615;482;558;623
1,19574,19662,1,0,0,11,2,92;154;278;295;162;238;303;499;428;723;843
0,19593,19645,1,0,0,11,0,73;135;259;276;143;219;284;480;409;704;809
1,19602,19664,1,0,0,12,1,64;126;250;267;134;210;275;471;400;695;809;571
1,19608,19668,1,0,0,12,1,58;120;244;261;128;204;269;465;394;689;809;518
0,19464,19527,1,0,0,11,0,13;202;264;388;405;272;337;413;609;538;833
0,19488,19564,1,0,0,10,0,178;240;364;381;248;324;389;585;514;809
1,19491,19549,1,0,0,10,1,175;237;361;378;245;321;386;582;511;806
1,19514,19580,1,0,0,10,1,152;214;338;355;222;298;363;559;488;783
1,22244,22459,1,0,0,10,7,202;657;196;539;812;620;192;742;681;561
0,22229,22289,1,0,0,10,0,217;657;211;539;827;635;207;757;696;576
1,22227,22313,1,0,0,10,3,219;663;213;539;829;637;209;759;698;578
1,22222,22515,1,16,0,10,9,224;694;218;539;834;642;214;764;703;583
1,22352,22578,1,0,0,10,3,94;564;88;459;704;512;84;634;573;453
1,22318,22604,1,0,0,10,6,128;598;122;493;738;546;118;668;607;487
0,22303,22375,1,0,0,10,0,143;613;128;508;753;561;133;683;622;502
1,22251,22327,1,0,0,10,1,195;654;189;539;805;613;185;735;674;554
0,22517,22602,1,0,0,9,0,399;294;539;329;469;408;288;250;801
1,22469,22541,1,0,0,8,1,447;342;587;395;517;456;336;298
0,22465,22536,1,0,0,8,0,451;346;591;399;521;460;340;302
1,22399,22450,1,0,0,11,1,47;517;41;412;657;465;37;587;526;406;368
0,22727,22779,1,0,0,12,0,189;84;329;137;259;198;78;40;591;708;410;486
1,22660,22712,1,0,0,11,1,256;151;396;204;326;265;145;107;658;775;477
1,22562,22621,1,0,0,9,1,354;249;494;302;424;363;243;205;756
1,22528,22815,1,0,0,9,8,388;283;528;329;458;397;277;239;790
1,21872,21959,1,0,0,12,1,17;41;142;65;186;196;91;255;298;277;221;574
1,21875,21952,1,0,0,12,2,14;41;139;62;183;160;88;252;295;274;218;571
1,21777,21831,1,0,0,12,2,112;212;18;237;160;281;291;186;350;373;372;316
1,21830,22101,1,0,0,12,4,59;159;184;107;228;238;133;297;340;319;263;616
1,21969,22058,1,0,0,10,2,20;45;89;99;158;201;127;124;477;947
1,22047,22116,1,0,0,12,1,11;21;80;123;102;46;399;869;393;764;1009;817
1,21876,22114,1,0,0,12,2,13;41;138;61;182;160;87;251;273;273;217;570
1,21967,22029,1,0,0,10,1,22;47;91;101;160;203;153;126;479;949
1,22113,22376,1,0,0,9,6,14;57;36;333;803;327;698;943;751
1,22123,22186,1,0,0,10,1,4;47;26;323;730;317;688;933;741;313
1,22060,22128,1,0,0,11,1,8;67;110;89;33;386;856;380;751;996;804
1,22063,22124,1,0,0,11,1,5;64;107;86;30;383;853;377;748;993;796
0,22160,22237,1,0,0,8,0,10;286;730;280;651;896;650;276
1,22167,22417,1,0,0,8,3,3;279;730;273;644;889;650;269
1,22133,22220,1,0,0,9,1,37;16;313;730;307;678;923;713;303
1,22152,22237,1,0,0,8,2,18;294;730;288;659;904;709;284
1,21288,21552,1,15,0,9,5,1;252;221;289;601;701;507;726;649
1,21279,21334,1,0,0,9,2,10;261;230;307;610;710;516;735;658
1,21440,21509,1,0,0,13,1,100;69;146;449;549;355;574;497;618;628;523;687;730
1,21348,21408,1,0,0,11,3,192;161;238;541;641;447;666;589;710;720;615
1,21541,21612,1,0,0,12,1,45;348;448;254;473;396;517;527;422;586;629;608
1,21449,21511,1,0,0,13,1,91;60;137;389;540;346;565;488;609;619;514;678;721
1,21595,21845,1,0,0,11,7,294;394;200;419;342;432;473;368;532;575;554
1,21577,21665,1,0,0,12,2,9;312;412;218;437;360;481;491;386;550;593;572
1,21639,21707,1,0,0,12,2,250;350;156;375;298;419;429;324;488;531;510;454
0,21622,21689,1,0,0,12,0,267;367;173;392;315;421;446;341;505;548;527;471
1,21662,21742,1,0,0,12,1,227;327;133;352;275;396;406;301;415;508;487;431
1,21650,21732,1,0,0,12,1,239;334;145;364;287;408;418;313;477;520;499;443
1,21691,21778,1,0,0,12,2,198;298;104;323;246;363;377;272;415;479;458;402
0,21677,21731,1,0,0,12,0,212;312;118;337;260;363;391;286;415;493;472;416
1,21712,21973,1,0,0,12,7,177;277;83;302;225;346;356;251;415;458;437;381
1,21712,21769,1,0,0,12,1,177;277;83;302;225;346;356;251;415;422;437;381
1,20927,21005,1,16,0,10,2,183;237;123;2;55;275;362;191;613;582
1,20940,20992,1,0,0,9,1,183;221;110;42;262;349;191;600;569
1,20943,21016,1,0,0,9,2,183;221;94;39;259;346;191;597;566
1,20957,21030,1,0,0,10,1,183;207;93;25;245;332;191;583;552;629
1,20960,21043,1,0,0,10,1,182;204;87;22;242;329;191;580;549;626
1,20989,21286,1,0,0,9,7,153;175;61;213;300;181;551;520;597
1,20992,21047,1,0,0,9,2,150;168;58;210;297;178;548;517;594
1,20999,21270,1,0,0,9,6,143;136;51;203;290;171;541;510;587
1,21002,21244,1,0,0,9,4,140;136;7;200;287;168;538;507;584
1,21045,21333,1,0,0,9,5,74;119;5;157;244;125;495;464;541
1,21113,21325,1,0,0,9,2,26;51;89;176;57;427;396;473;776
0,21116,21188,1,0,0,9,0,26;48;86;173;54;424;247;470;773
1,21141,21219,1,0,0,9,3,1;23;61;148;29;399;247;445;748
1,21186,21238,1,0,0,10,2,16;103;354;247;400;703;803;609;828;751
1,21189,21432,1,0,0,10,6,13;100;344;247;397;700;800;606;825;748
1,21214,21264,1,0,0,9,2,75;326;247;372;675;775;581;800;723
0,24641,24704,1,0,0,6,0,10;131;209;538;762;691
1,24703,24775,1,0,0,7,2,10;69;147;476;732;629;960
1,24629,24705,1,0,0,7,1,5;84;143;221;550;762;703
1,24635,24685,1,0,0,6,1,31;137;215;544;762;697
1,24612,24866,1,0,0,6,2,22;101;160;238;567;823
1,24623,24704,1,0,0,7,1,11;90;149;227;556;763;709
1,24496,24563,1,0,0,5,1,130;217;220;354;683
1,24496,24555,1,0,0,5,1,130;193;220;354;683
1,24458,24542,1,0,0,5,1,176;255;314;392;721
1,24478,24773,1,0,0,5,3,130;235;294;372;701
1,24397,24484,1,0,0,7,1,27;237;316;22;375;453;782
0,24407,24491,1,0,0,7,0,17;188;306;12;365;443;772
0,24369,24425,1,0,0,8,0,55;265;344;14;50;403;481;810
0,24385,24446,1,0,0,7,0,39;249;328;34;387;465;794
0,24317,24406,1,0,0,10,0,107;317;27;51;396;66;102;455;533;862
1,24330,24396,1,0,0,10,1,94;304;14;38;383;53;89;442;520;849
0,24305,24388,1,0,0,10,0,119;329;39;63;408;78;114;467;545;874
1,24280,24369,1,0,0,11,1,22;144;341;64;88;429;103;139;492;570;899
1,24272,24342,1,0,0,11,1,30;152;341;72;96;441;111;147;500;578;907
1,24260,24322,1,0,0,11,1,42;164;374;84;108;453;123;159;512;590;919
1,24239,24488,1,0,0,11,5,63;185;395;105;129;474;144;180;533;611;940
0,24224,24286,1,0,0,12,0,78;200;12;410;120;144;489;159;195;548;626;955
1,24106,24189,1,0,0,11,1,196;84;318;66;130;528;238;262;607;277;313
1,24084,24138,1,0,0,12,1,218;106;340;4;88;152;550;260;284;629;299;335
1,24079,24136,1,0,0,12,1,223;111;345;22;93;157;555;265;289;634;304;340
1,23976,24261,1,0,0,11,9,326;214;448;125;196;260;658;368;392;737;407
1,23962,24035,1,0,0,11,2,340;228;462;139;210;274;672;382;406;751;421
1,23881,24085,1,0,0,11,6,421;309;543;220;291;355;753;463;487;832;502
1,23746,23824,1,0,0,10,2,58;24;3;556;444;678;355;426;490;888
1,23746,23829,1,0,0,10,2,58;24;3;556;444;678;355;426;490;842
0,23740,23811,1,0,0,10,0,64;30;9;562;450;684;361;432;496;894
1,23679,23767,1,0,0,12,2,3;125;91;56;70;623;511;745;419;493;557;955
1,23616,23689,1,0,0,11,3,66;188;154;119;133;686;574;808;485;556;620
0,23627,23680,1,0,0,11,0,55;177;143;108;122;675;563;797;474;545;609
0,23662,23739,1,0,0,12,0,20;142;108;73;87;640;528;762;439;510;574;972
1,23665,23754,1,0,0,12,4,17;139;105;70;84;637;525;759;436;507;571;969
0,23467,23532,1,0,0,8,0,215;337;251;268;282;835;723;957
0,23507,23570,1,0,0,8,0,175;297;251;228;242;795;683;917
1,23531,23592,1,0,0,8,1,151;273;239;204;218;771;659;893
1,23544,23605,1,0,0,9,2,138;260;226;191;205;758;646;837;557
1,23382,23448,1,0,0,7,2,53;300;422;388;353;367;920
1,23385,23666,1,0,0,7,6,35;297;419;385;350;364;917
1,23390,23618,1,0,0,7,5,10;292;414;380;345;359;912
0,23439,23495,1,0,0,6,0,243;365;251;296;310;863
1,23264,23317,1,0,0,7,1,54;171;418;540;506;471;485
1,23311,23368,1,0,0,7,1,7;124;371;493;459;424;438
0,23337,23410,1,16,0,7,0,96;345;467;433;398;412;965
0,23371,23428,1,0,0,7,0,64;311;433;399;364;378;931
0,23133,23202,1,0,0,8,0,185;302;4;80;549;671;637;602
0,23131,23209,1,0,0,8,0,187;304;6;82;551;673;639;604
0,23177,23243,1,0,0,7,0,141;242;36;505;627;593;558
1,23165,23380,1,0,0,7,4,153;270;48;517;639;605;570
1,22986,23050,1,0,0,8,1,70;0;332;449;151;227;696;818
0,22968,23025,1,0,0,8,0,88;18;335;467;169;245;714;836
1,23031,23120,1,0,0,7,1,25;287;404;90;182;651;773
1,23016,23257,1,0,0,7,5,40;302;418;121;197;666;788
1,22873,22957,1,0,0,9,1,43;183;113;52;445;562;264;340;809
1,22846,22931,1,0,0,10,3,47;210;18;140;79;472;589;291;367;836
1,22965,23238,1,0,0,8,5,91;21;353;470;172;248;717;839
1,22916,23171,1,0,0,10,4,0;140;70;9;368;519;221;297;766;888
1,22748,22807,1,0,0,12,3,168;63;308;90;238;177;57;19;570;687;389;465
1,22734,22791,1,0,0,12,1,182;77;322;130;252;191;71;33;584;701;403;479
1,22844,22916,1,0,0,10,3,72;212;20;142;81;474;591;293;369;838
1,22760,23053,1,0,0,12,3,139;51;296;90;226;165;45;7;558;675;377;453
0,26561,26616,1,0,0,4,0,456;440;443;673
1,26584,26669,1,0,0,4,2,433;417;420;650
0,26443,26527,1,0,0,2,0,574;558
1,26453,26738,1,0,0,2,1,564;548
1,26648,26703,1,0,0,5,1,369;353;356;586;644
1,26690,26937,1,0,0,5,4,327;311;314;544;644
1,26605,26657,1,0,0,5,1,412;396;399;629;732
1,26616,26702,1,0,0,5,1,401;385;388;618;712
1,26075,26133,1,0,0,3,1,219;346;113
1,26127,26208,1,0,0,3,1,167;294;61
1,26018,26282,1,0,0,4,3,30;258;402;164
1,26036,26122,1,0,0,4,1,12;258;385;152
0,26260,26331,1,0,0,3,0,34;161;757
0,26362,26423,1,0,0,3,0,59;655;639
1,26151,26450,1,0,0,3,1,143;270;37
0,26189,26268,1,0,0,2,0,39;232
1,25943,26169,1,0,0,4,1,105;351;469;245
0,25941,25993,1,0,0,5,0,0;107;353;469;247
1,25940,26026,1,0,0,5,2,1;108;354;481;248
0,25907,25970,1,0,0,5,0,34;141;387;514;281
1,26016,26069,1,0,0,4,1,32;258;405;164
1,26003,26064,1,0,0,4,1,45;271;418;164
0,25980,26062,1,0,0,4,0,68;271;441;164
1,25948,26237,1,0,0,4,2,100;271;469;240
1,25744,25821,1,0,0,7,2,197;125;304;136;550;627;444
1,25742,25991,1,0,0,7,3,199;127;306;136;552;679;446
1,25733,25785,1,0,0,7,1,208;136;315;156;561;688;455
1,25711,25765,1,0,0,8,1,3;230;158;337;156;583;710;477
1,25810,25878,1,0,0,7,1,131;59;238;82;484;611;378
0,25794,25860,1,0,0,7,0,147;75;254;98;500;622;394
0,25781,25840,1,0,0,7,0,160;88;267;111;513;622;407
1,25749,25806,1,0,0,7,1,192;120;299;136;545;622;439
1,25520,25586,1,0,0,12,2,143;175;29;60;130;51;194;161;421;349;528;372
1,25522,25587,1,0,0,12,2,141;173;27;58;113;49;192;159;419;347;526;370
1,25529,25811,1,0,0,12,7,134;166;20;51;94;42;185;152;412;340;519;363
1,25554,25617,1,0,0,11,1,109;141;26;94;17;160;127;387;315;494;338
1,25590,25662,1,0,0,9,2,73;105;60;124;91;351;279;458;302
1,25591,25644,1,0,0,9,1,72;104;59;123;90;350;232;457;301
1,25674,25930,1,0,0,10,6,21;40;7;267;195;374;218;620;747;514
0,25696,25758,1,0,0,8,0,18;245;173;352;156;598;725;492
1,25222,25286,1,0,0,12,2,213;110;441;473;327;342;428;349;492;459;719;647
1,25227,25314,1,0,0,12,3,208;105;436;468;322;342;423;317;487;454;714;642
1,25251,25329,1,0,0,12,1,184;81;412;444;298;329;399;317;463;430;690;618
1,25324,25392,1,0,0,13,3,111;8;339;371;225;256;326;247;390;357;617;545;724
1,25345,25607,1,0,0,12,10,90;318;350;204;235;305;226;369;336;596;524;703
1,25382,25462,1,0,0,12,3,53;281;313;167;198;268;189;332;299;559;487;666
1,25404,25693,1,0,0,13,9,31;259;291;145;176;246;167;310;277;537;465;644;488
1,25486,25573,1,0,0,12,2,177;209;63;94;164;85;228;195;455;383;562;406
1,25043,25095,1,0,0,11,1,136;392;289;620;652;501;525;559;528;671;638
1,25033,25114,1,0,0,11,1,146;402;299;630;662;501;525;617;538;681;648
1,25165,25429,1,0,0,13,12,14;270;167;498;530;384;415;485;406;549;516;776;704
1,25079,25166,1,0,0,11,1,100;356;253;584;616;470;501;559;492;635;602
1,25191,25477,1,0,0,12,11,244;141;472;504;358;389;459;380;523;490;750;678
1,25172,25224,1,0,0,13,1,7;263;160;491;523;377;408;478;399;542;509;769;697
1,25207,25288,1,0,0,12,1,228;125;456;488;342;342;443;364;507;474;734;662
1,25199,25263,1,0,0,12,3,236;133;464;496;350;369;451;372;515;482;742;670
1,24740,24812,1,0,0,6,2,32;110;439;695;592;923
0,24709,24792,1,0,0,7,0,4;63;141;470;716;623;954
1,24955,25183,1,0,0,8,4,224;480;377;708;740;594;625;695
1,24845,24907,1,0,0,7,2,5;334;590;487;818;850;704
1,24978,25064,1,0,0,10,1,201;432;354;685;717;501;602;672;593;736
1,24973,25029,1,0,0,10,2,206;462;359;690;722;501;607;677;598;741
1,25023,25098,1,0,0,11,2,156;412;309;640;672;501;557;621;548;691;658
1,24995,25214,1,0,0,10,8,184;432;337;668;700;501;585;621;576;719
1,13173,13459,1,0,0,14,11,82;419;101;95;234;311;120;541;442;315;533;667;248;559
1,13177,13238,1,0,0,14,1,78;415;97;91;230;307;113;537;438;311;529;663;244;555
1,13179,13251,1,0,0,14,1,76;413;95;89;228;305;113;535;436;309;521;661;242;553
0,13180,13234,1,0,0,14,0,75;412;94;88;227;304;113;534;435;308;488;660;241;552
1,13024,13093,1,0,0,14,2,93;231;568;250;244;383;460;269;690;591;464;682;816;397
0,13106,13165,1,0,0,14,0,11;149;486;168;162;301;378;187;608;509;382;600;734;315
1,13122,13191,1,0,0,13,1,133;470;152;146;285;362;171;592;493;366;584;718;299
1,13158,13222,1,16,0,14,2,97;434;116;110;249;326;135;556;457;330;548;682;263;574
1,13274,13341,1,0,0,12,1,318;0;133;186;19;440;341;214;432;566;147;458
1,13289,13371,1,0,0,11,2,303;118;186;4;425;288;199;417;551;132;443
1,13304,13571,1,0,0,10,5,288;103;180;410;288;137;402;536;117;428
1,13335,13423,1,0,0,11,2,257;72;149;379;280;137;371;505;86;397;739
1,13185,13271,1,0,0,14,2,70;407;89;83;222;299;108;529;430;303;488;655;236;547
1,13200,13484,1,0,0,14,9,55;392;74;68;207;284;93;514;415;288;488;630;221;532
1,13250,13327,1,0,0,14,1,5;342;24;18;157;234;43;464;365;238;456;590;171;482
1,13257,13341,1,0,0,13,3,335;17;11;146;227;36;457;358;231;449;583;164;475
1,13415,13483,1,0,0,12,2,177;69;299;200;48;288;425;6;317;659;520;527
1,13396,13632,1,0,0,13,7,196;11;88;318;219;48;305;444;25;336;678;539;546
1,13432,13487,1,0,0,11,2,160;52;282;183;48;274;408;263;642;503;510
1,13419,13477,1,0,0,12,2,173;65;295;196;48;287;421;2;263;655;516;523
1,13365,13424,1,0,0,12,1,227;42;119;349;250;123;341;475;56;367;709;570
1,13336,13618,1,0,0,11,6,256;71;148;378;279;137;361;504;85;396;738
1,13393,13447,1,0,0,13,1,199;14;91;321;222;77;305;447;28;339;681;542;549
1,13392,13462,1,0,0,13,2,200;15;92;322;223;77;314;448;29;340;682;543;550
1,13690,13777,1,0,0,8,2,24;16;150;42;384;245;252;832
0,13686,13774,1,0,0,8,0,28;20;154;46;388;249;256;836
1,13739,13826,1,0,0,5,1,101;335;196;203;783
0,13710,13799,1,0,0,7,0,4;130;13;364;225;232;812
1,13497,13562,1,0,0,9,1,95;217;118;209;343;235;577;438;445
1,13454,13526,1,0,0,11,2,138;30;260;161;34;252;386;263;620;481;488
0,13683,13743,1,0,0,8,0,31;23;157;49;391;252;259;839
1,13596,13863,1,0,0,9,7,118;19;110;244;136;478;339;346;926
1,12314,12613,1,0,0,5,3,305;183;47;502;377
0,12354,12432,1,0,0,5,0,265;138;7;462;337
1,12194,12255,1,0,0,5,1,69;425;303;164;622
0,12262,12334,1,0,0,5,0,1;357;235;99;554
1,12137,12204,1,0,0,5,1,17;121;482;360;224
1,12162,12244,1,0,0,5,1,101;457;335;199;654
0,12051,12104,1,0,0,5,0,103;212;568;410;310
1,12064,12292,1,0,0,5,3,90;199;555;410;297
0,12508,12580,1,0,0,4,0,111;308;183;609
1,12514,12715,1,0,0,4,4,105;302;177;603
1,12420,12476,1,0,0,4,1,145;77;396;271
0,12437,12500,1,0,0,4,0,145;59;379;254
1,12394,12599,1,0,0,4,3,225;86;422;297
0,12418,12481,1,0,0,4,0,145;79;398;273
1,12366,12419,1,0,0,4,1,253;131;450;325
0,12387,12446,1,0,0,4,0,232;86;429;304
0,12724,12787,1,0,0,7,0,92;393;531;868;550;484;683
0,12722,12809,1,0,0,7,0,94;395;533;870;552;484;685
0,12708,12795,1,0,0,6,0,108;409;547;884;566;484
1,12707,12792,1,0,0,6,2,109;410;548;885;567;561
0,12575,12634,1,0,0,6,0,42;217;116;542;680;1017
1,12566,12652,1,0,0,6,2,42;250;125;551;689;1026
1,12549,12606,1,15,0,5,1,62;267;142;568;706
1,12549,12622,1,0,0,5,1,45;267;142;568;706
1,12987,13061,1,0,0,14,2,130;268;605;287;281;420;482;306;727;628;501;719;853;434
1,12984,13073,1,0,0,14,2,133;271;608;290;284;423;500;309;730;631;504;722;856;437
0,12964,13014,1,0,0,14,0,153;291;628;310;304;443;520;329;750;651;524;742;876;457
1,12908,13110,1,0,0,12,7,209;347;684;366;360;499;576;385;806;707;580;798
1,12880,12965,1,0,0,10,2,237;375;712;394;388;527;601;413;834;735
1,12827,12895,1,0,0,8,1,290;428;765;447;441;580;657;466
0,12818,12886,1,0,0,8,0,299;437;774;456;450;589;666;475
0,12781,12847,1,0,0,8,0,35;336;474;811;493;484;626;703
1,14584,14867,1,0,0,6,4,561;326;42;445;617;403
1,14637,14718,1,0,0,6,1,527;273;42;392;564;350
1,14657,14907,1,0,0,6,2,507;253;42;372;558;330
1,14690,14778,1,0,0,6,1,474;220;22;339;525;297
1,14714,14773,1,0,0,5,1,450;196;315;501;273
0,14727,14779,1,15,0,5,0,437;183;302;444;260
1,14753,14840,1,0,0,5,1,411;157;276;444;234
1,14790,15089,1,0,0,5,5,374;120;239;412;197
1,14852,14926,1,0,0,6,1,312;58;177;363;135;349
1,14856,14932,1,0,0,6,1,308;54;173;359;121;345
1,14859,15092,1,0,0,6,1,276;51;170;356;121;342
1,14862,14922,1,0,0,6,1,276;48;167;212;121;339
0,14864,14944,1,0,0,6,0,276;46;165;187;121;337
1,14879,14947,1,0,0,6,2,276;31;150;187;108;322
1,14945,15210,1,0,0,6,3,219;84;187;42;256;927
0,14998,15067,1,0,0,8,0,166;31;187;203;874;349;544;545
1,15132,15183,1,0,0,7,1,32;83;69;740;215;410;411
0,15094,15150,1,0,0,7,0,70;121;107;778;253;448;449
0,15202,15284,1,0,0,8,0,13;670;145;340;341;603;579;739
1,15193,15270,1,0,0,9,1,22;8;679;154;349;350;612;588;815
1,15252,15311,1,0,0,8,1,579;95;290;291;553;529;739;750
1,15244,15294,1,0,0,8,1,628;103;298;299;561;537;739;758
1,15275,15503,1,0,0,8,4,579;72;267;268;530;506;697;727
1,15274,15358,1,0,0,8,1,579;73;268;269;531;507;722;728
1,15354,15561,1,0,0,10,2,518;188;189;451;427;654;648;816;965;823
1,15285,15372,1,0,0,8,2,554;62;257;258;520;496;697;717
0,15409,15495,1,0,0,11,0,463;133;134;396;372;599;492;761;910;768;535
1,15359,15413,1,0,0,10,1,513;183;184;446;422;649;492;811;960;818
1,15455,15522,1,0,0,11,2,392;87;88;350;326;553;492;715;864;722;489
1,15449,15509,1,0,0,11,2,423;93;94;356;332;559;492;721;870;728;495
1,15501,15738,1,0,0,12,5,348;41;42;304;280;507;492;669;818;676;443;908
1,15455,15708,1,0,0,11,3,389;87;88;350;326;553;492;715;864;722;489
0,13769,13855,1,0,0,5,0,55;305;116;173;753
0,13791,13860,1,15,0,5,0,49;283;116;151;731
1,13743,13824,1,0,0,5,1,97;331;116;199;779
1,13768,13826,1,0,0,5,1,72;306;116;174;754
1,13837,13912,1,0,0,5,1,3;237;98;105;685
1,13873,14166,1,0,0,4,1,201;62;69;649
1,13812,13871,1,0,0,5,1,28;262;116;130;710
0,13824,13912,1,0,0,5,0,10;250;111;118;698
0,14141,14196,1,0,0,4,0,381;1023;769;571
1,14175,14263,1,0,0,4,1,347;989;735;537
0,14048,14100,1,0,0,4,0,26;448;1116;862
1,14056,14345,1,0,0,4,3,18;448;1108;854
1,14225,14293,1,0,0,4,1,297;910;685;487
1,14234,14305,1,0,0,4,1,288;902;676;478
1,14177,14415,1,0,0,4,3,342;987;733;535
1,14190,14460,1,0,0,4,2,332;910;720;522
0,14310,14361,1,0,0,5,0,212;854;600;390;719
1,14289,14560,1,0,0,5,3,233;860;621;423;740
1,14283,14338,1,0,0,5,1,239;881;627;429;746
1,14244,14331,1,0,0,4,1,269;902;666;468
1,14422,14475,1,0,0,5,1,100;742;476;290;607
1,14381,14464,1,0,0,5,1,141;783;529;331;648
1,14381,14457,1,0,0,5,1,141;783;476;331;648
1,14348,14558,1,0,0,5,2,174;816;562;364;681
1,14453,14744,1,0,0,5,4,69;711;457;259;576
0,14438,14502,1,0,0,5,0,84;724;472;274;591
0,14437,14503,1,0,0,5,0,85;724;473;275;592
0,14426,14479,1,0,0,5,0,96;724;476;286;603
1,14580,14638,1,0,0,6,1,584;330;42;449;617;407
1,14535,14610,1,0,0,6,1,629;375;42;494;680;452
1,14516,14577,1,0,0,6,1,6;648;394;107;513;699
1,14462,14549,1,0,0,5,1,60;702;448;107;567
1,16608,16825,1,0,0,6,3,139;142;475;626;907;778
1,16605,16671,1,0,0,6,1,142;142;493;629;910;781
1,16667,16742,1,0,0,7,1,80;142;417;567;848;719;727
1,16665,16716,1,0,0,7,1,82;142;433;569;850;721;729
1,16572,16867,1,0,0,6,3,175;6;291;526;662;943
0,16552,16634,1,0,0,6,0,195;26;311;546;682;963
1,16600,16651,1,0,0,6,1,147;142;498;634;915;786
0,16573,16624,1,0,0,6,0,174;5;142;525;661;942
1,16496,16573,1,0,0,5,1,251;82;367;602;738
1,16461,16672,1,0,0,5,5,286;117;402;637;750
1,16531,16612,1,0,0,5,1,216;47;332;551;703
1,16512,16567,1,0,0,5,1,235;66;351;576;722
0,16398,16459,1,0,0,9,0,11;59;35;349;32;180;465;700;836
0,16378,16459,1,0,0,10,0,31;79;11;55;369;52;200;485;715;856
1,16451,16727,1,0,0,6,3,6;296;127;412;647;783
1,16422,16503,1,0,0,8,2,35;11;325;8;156;441;676;812
1,17113,17193,1,0,0,8,2,121;402;273;281;672;400;443;466
1,17126,17180,1,0,0,8,1,108;389;260;268;659;391;430;453
1,17146,17196,1,0,0,8,1,56;369;240;248;639;377;410;433
0,17176,17239,1,0,0,8,0,56;339;210;218;609;347;380;403
0,16972,17038,1,0,0,6,0,125;262;522;414;422;813
1,17053,17134,1,0,0,6,1,45;181;462;333;341;732
1,17069,17135,1,0,0,7,1,29;165;446;317;325;716;454
0,17083,17146,1,0,0,8,0,15;151;432;303;311;702;400;473
0,16929,16984,1,0,0,6,0,169;305;522;457;465;856
1,16947,17028,1,0,0,6,1,151;287;522;439;447;838
0,16963,17049,1,0,0,6,0,125;271;522;423;431;822
0,16966,17048,1,0,0,6,0,125;268;522;420;428;819
1,16745,16796,1,0,0,7,1,2;118;353;489;770;641;649
1,16864,16936,1,0,0,5,1,234;370;651;522;530
1,16904,17110,1,0,0,6,5,194;330;611;482;490;881
0,16926,16979,1,0,0,6,0,172;308;522;460;468;859
0,15956,16020,1,0,0,13,0,47;46;214;363;221;453;496;437;115;477;791;474;622
1,15946,16172,1,0,0,13,8,62;56;224;373;231;463;496;447;125;487;801;484;632
1,15941,16001,1,0,0,14,3,67;61;229;378;236;3;468;516;452;130;492;806;489;637
1,15886,15954,1,0,0,14,3,119;116;284;433;291;58;523;571;507;185;547;861;544;692
1,15879,15947,1,0,0,14,3,129;123;291;440;298;65;530;578;514;192;554;868;551;699
1,15813,16041,1,0,0,14,7,59;195;189;357;506;364;131;596;644;580;258;620;934;617
1,15777,15864,1,0,0,15,2,95;28;4;231;225;393;542;400;167;632;680;616;294;656;970
1,15770,15822,1,0,0,15,2,102;35;11;238;232;400;549;407;174;639;687;623;301;663;977
1,15707,15796,1,0,0,12,2,165;98;74;301;295;463;612;470;237;702;732;686
1,15701,15765,1,0,0,12,1,171;104;80;307;301;469;618;476;243;708;756;692
1,15670,15903,1,0,0,12,5,202;135;111;338;332;500;649;507;274;739;787;723
1,15581,15654,1,0,0,11,2,291;208;200;427;421;589;738;596;363;828;876
1,15557,15644,1,0,0,10,2,315;239;224;451;445;600;762;620;387;852
1,15537,15803,1,0,0,12,9,328;5;6;268;244;471;465;600;782;640;407;872
1,15537,15605,1,0,0,12,2,328;5;6;268;244;471;465;600;763;640;407;872
1,15514,15580,1,0,0,12,2,348;28;29;291;267;494;488;600;805;663;430;895
1,16341,16399,1,0,0,9,1,68;116;11;92;406;89;237;522;757
0,16357,16414,1,0,0,10,0,52;100;11;76;390;73;221;506;715;877
1,16269,16543,1,0,0,9,2,50;140;188;124;164;478;161;309;594
0,16333,16389,1,0,0,8,0,76;124;11;100;414;97;245;530
1,16207,16258,1,0,0,9,1,112;202;250;186;226;540;223;371;656
0,16253,16331,1,0,0,9,0,66;156;204;140;180;494;177;325;610
1,16145,16224,1,0,0,11,1,25;174;32;264;312;248;288;602;285;433;718
1,16188,16271,1,0,0,9,2,131;221;269;205;245;559;242;390;675
1,16083,16359,1,0,0,10,3,87;224;94;326;374;310;350;664;347;483
1,16106,16174,1,0,0,10,2,64;213;71;303;351;287;327;641;324;472
1,16051,16284,1,0,0,11,7,119;268;126;358;406;342;20;382;696;379;527
1,16057,16128,1,0,0,11,2,113;262;120;352;400;336;14;376;690;373;483
1,15999,16085,1,0,0,13,1,9;3;171;320;178;365;458;394;72;434;748;431;579
1,16007,16286,1,0,0,12,4,1;163;293;170;365;450;386;64;426;740;423;571
1,15964,16188,1,0,0,13,3,44;38;206;355;213;445;493;429;107;469;783;466;614
1,15971,16059,1,0,0,13,2,37;31;199;348;206;365;486;422;100;462;776;459;607
1,18619,18694,1,0,0,9,2,246;409;203;223;253;361;419;257;858
1,18587,18674,1,0,0,9,2,278;441;235;255;285;393;419;289;890
1,18667,18718,1,0,0,9,1,198;361;155;175;205;313;405;209;772
1,18657,18728,1,0,0,9,1,208;371;165;185;215;323;415;219;820
1,18678,18741,1,0,0,9,1,187;337;144;164;194;302;384;198;772
1,18675,18922,1,0,0,9,6,190;337;147;167;197;305;397;201;772
1,18701,18768,1,0,0,9,1,164;327;121;138;171;279;371;175;772
0,18682,18752,1,0,0,9,0,183;337;140;138;190;298;384;194;772
1,18279,18545,1,0,0,10,8,287;105;586;748;251;543;536;593;701;793
1,18261,18341,1,0,0,9,1,305;123;604;748;269;561;581;611;719
0,18390,18440,1,0,0,10,0,176;475;638;140;432;452;482;590;682;486
1,18351,18401,1,0,0,11,1,215;33;514;677;179;471;491;521;629;721;525
1,18430,18486,1,0,0,10,1,136;435;598;100;392;412;442;550;642;446
1,18394,18463,1,0,0,10,1,172;471;634;136;428;448;478;586;678;482
1,18586,18787,1,0,0,9,5,279;442;236;256;286;394;486;290;891
1,18487,18544,1,0,0,10,1,79;378;541;43;335;355;385;493;585;389
1,18940,19192,1,0,0,8,5,88;40;132;537;726;788;912;308
1,18995,19048,1,0,0,8,1,33;77;482;671;733;857;253;874
1,18999,19058,1,0,0,10,1,29;45;478;667;729;853;249;870;737;813
1,19057,19136,1,0,0,10,2,15;420;609;671;795;191;812;679;755;820
1,19080,19153,1,0,0,9,1,397;586;648;772;168;789;656;732;797
0,19080,19141,1,0,0,9,0,397;586;648;772;168;789;616;732;797
1,19140,19378,1,0,0,9,5,337;526;588;712;108;729;596;672;737
1,19146,19214,1,0,0,9,1,331;520;582;706;102;723;563;666;731
1,18704,18757,1,0,0,9,1,161;324;118;138;168;276;368;172;745
0,18711,18784,1,0,0,9,0,154;317;111;131;161;269;361;165;728
1,18735,18802,1,0,0,9,2,130;293;87;107;137;245;337;141;728
1,18736,18803,1,0,0,9,2,129;292;86;64;136;244;336;140;728
1,18759,19030,1,0,0,9,4,106;269;63;64;113;221;313;117;718
1,18761,18838,1,0,0,9,1,104;267;61;64;111;219;297;115;716
1,18830,18917,1,0,0,9,1,35;198;12;42;150;242;46;647;836
1,18916,18967,1,0,0,8,1,112;64;156;561;750;812;936;332
0,17528,17610,1,0,0,8,0,257;28;51;592;605;571;555;633
1,17502,17579,1,16,0,10,2,13;283;21;54;77;622;631;597;581;659
1,17461,17526,1,0,0,10,2,54;324;62;95;118;663;672;638;622;700
0,17432,17507,1,0,0,10,0,83;353;91;124;147;692;701;667;651;729
1,17698,17775,1,0,0,6,1,87;426;428;401;385;463
1,17676,17739,1,0,0,6,1,109;448;430;423;407;485
1,17669,17743,1,0,0,6,1,116;455;464;430;414;492
1,17532,17584,1,0,0,8,1,253;24;47;592;601;567;551;629
1,17244,17305,1,0,0,8,2,271;142;150;541;279;312;335;880
1,17244,17329,1,0,0,8,2,271;142;150;541;272;312;335;880
1,17202,17273,1,0,0,9,2,32;313;184;192;583;321;354;377;922
1,17188,17437,1,0,0,9,3,46;327;198;206;597;335;368;391;936
1,17411,17497,1,0,0,10,3,104;374;112;145;168;713;722;688;672;750
0,17394,17464,1,0,0,10,0,121;0;391;129;162;185;730;739;705;689
0,17332,17385,1,0,0,10,0,183;54;62;453;191;224;247;792;801;767
1,17295,17367,1,0,0,9,3,220;91;99;490;228;261;284;829;838
1,18050,18126,1,0,0,10,1,74;83;49;33;111;516;334;815;978;480
1,18131,18217,1,0,0,10,1,2;30;435;253;734;897;399;691;711;741
1,18016,18082,1,0,0,9,2,108;117;83;58;145;550;368;849;1012
1,18025,18089,1,0,0,10,2,99;108;74;58;136;541;359;840;1003;505
1,18238,18300,1,0,0,8,1,328;146;627;790;292;584;604;634
1,18240,18322,1,0,0,9,1,326;144;625;748;290;582;602;632;740
1,18141,18197,1,0,0,9,2,20;425;243;689;887;389;681;701;731
1,18196,18264,1,15,0,8,1,370;188;669;832;334;626;646;676
1,17748,17977,1,0,0,6,2,37;368;385;351;335;413
1,17824,18078,1,0,0,7,4,300;309;275;259;337;742;560
1,17704,17977,1,0,0,6,3,81;390;428;395;379;457
1,17712,17797,1,0,0,6,1,73;383;421;387;371;449
1,17944,18031,1,0,0,8,2,173;189;155;139;217;622;440;921
1,18008,18071,1,0,0,9,2,116;125;91;75;153;558;376;857;1020
1,17845,17932,1,0,0,7,1,279;288;254;238;316;721;539
1,17908,17973,1,0,0,8,1,216;225;191;175;253;658;476;957
1,5556,5621,1,0,0,11,1,113;168;409;77;300;612;304;460;584;928;828
1,5552,5611,1,0,0,11,1,117;172;413;81;304;654;308;464;588;932;832
1,5593,5645,1,0,0,11,1,76;131;372;40;263;593;267;423;547;891;791
1,5591,5677,1,0,0,11,1,78;133;374;42;265;611;269;425;549;893;793
1,5697,5765,1,0,0,11,1,27;268;159;513;163;319;443;787;687;658;904
1,5688,5753,1,0,0,11,1,36;277;168;522;172;328;452;796;696;667;913
0,5730,5814,1,0,0,10,0,235;126;480;113;286;410;754;654;625;871
1,5699,5774,1,0,0,11,2,25;266;157;511;157;317;441;785;685;656;902
1,5783,6014,1,0,0,10,5,182;73;427;77;233;357;701;601;572;818
1,5746,5820,1,0,0,10,1,219;110;464;113;270;394;738;638;609;855
1,5863,5936,1,0,0,8,1,102;347;147;277;621;521;492;738
0,5783,5834,1,0,0,10,0,182;73;427;77;147;357;701;601;572;818
1,5880,5953,1,0,0,8,1,85;330;136;260;604;504;445;690
1,5873,5962,1,0,0,8,1,92;337;143;267;611;511;445;728
0,5893,5968,1,0,0,8,0,72;317;123;247;591;491;428;690
0,5887,5958,1,0,0,8,0,78;323;129;253;597;497;428;690
1,5248,5474,1,16,0,10,3,80;33;183;65;421;99;476;717;385;608
1,5287,5343,1,0,0,11,2,41;144;26;382;11;437;678;346;569;923;573
1,5301,5379,1,0,0,11,3,27;130;12;368;11;423;664;332;555;891;559
1,5312,5371,1,0,0,11,1,16;119;1;357;11;412;653;321;544;890;548
0,5330,5393,1,0,0,9,0,101;339;11;394;635;303;526;880;530
1,5352,5563,1,0,0,8,4,79;317;372;613;281;504;858;508
0,5357,5424,1,0,0,8,0,74;312;367;608;276;499;853;398
1,5363,5417,1,0,0,8,2,68;306;361;602;270;493;847;398
1,5371,5626,1,0,0,8,6,60;298;353;594;262;450;839;398
1,5382,5614,1,0,0,8,4,49;287;342;583;251;450;828;398
1,5419,5504,1,0,0,10,3,12;250;305;546;169;437;791;398;597;721
1,5419,5489,1,0,0,10,1,12;250;305;546;169;437;788;398;597;721
1,5464,5537,1,15,0,10,1,205;260;501;146;392;746;396;552;676;1020
1,5511,5599,1,0,0,10,1,158;213;454;108;345;699;349;505;629;973
1,5518,5736,1,0,0,11,7,151;206;447;108;338;692;338;498;622;966;866
1,5538,5610,1,0,0,11,1,131;186;427;95;318;672;322;478;602;946;846
1,6500,6575,1,0,0,7,1,101;262;458;435;208;829;400
1,6479,6538,1,0,0,8,1,5;122;267;479;456;229;850;421
1,6470,6547,1,0,0,8,3,14;131;294;488;465;238;859;430
1,6435,6692,1,0,0,8,5,49;166;329;523;500;273;894;465
1,6619,6671,1,0,0,7,1,145;339;316;89;710;247;490
1,6598,6667,1,0,0,8,1,3;166;360;337;110;731;302;511
1,6527,6616,1,0,0,7,1,35;237;431;408;171;802;373
1,6520,6593,1,0,0,7,1,35;244;438;415;188;809;380
1,6769,6821,1,0,0,7,1,189;166;560;97;340;699;508
1,6759,6843,1,0,0,7,1,5;199;176;570;141;350;699
0,6757,6838,1,0,0,7,0,7;201;178;572;143;352;699
1,6729,6817,1,0,0,7,1,35;229;206;600;171;380;777
1,6855,7151,1,0,0,7,5,103;80;474;45;254;651;422
1,6817,6902,1,0,0,7,2,141;118;512;83;292;683;460
1,6801,6886,1,0,0,7,1,157;123;528;97;308;699;476
1,6784,7083,1,0,0,7,5,174;151;545;97;325;699;493
1,5939,6004,1,0,0,8,1,26;271;77;201;545;445;406;662
1,5959,6040,1,0,0,8,2,6;251;57;181;525;425;396;642
1,5895,5966,1,0,0,8,1,70;315;121;245;589;489;428;690
1,5913,5983,1,0,0,8,1,52;297;103;227;571;471;417;688
1,6134,6186,1,0,0,8,1,76;6;350;250;221;467;630;824
0,6137,6212,1,15,0,8,0,73;3;347;247;218;464;582;821
0,6016,6100,1,0,0,7,0,194;0;124;468;368;339;585
0,6096,6176,1,0,0,6,0,114;44;388;288;259;505
1,6184,6248,1,0,0,7,2,26;300;200;157;417;580;774
1,6201,6254,1,0,0,7,1,9;283;183;154;382;563;757
0,6144,6197,1,0,0,7,0,66;340;240;211;457;582;814
1,6180,6246,1,0,0,7,1,30;304;204;175;421;582;778
1,6312,6540,1,0,0,8,4,172;72;43;289;452;646;623;396
1,6422,6679,1,0,0,8,6,62;179;342;536;513;286;907;478
1,6251,6302,1,0,0,6,1,233;133;104;350;513;707
1,6253,6317,1,0,0,6,1,231;131;102;348;499;705
0,7513,7590,1,0,0,2,0,116;236
0,7503,7574,1,0,0,3,0,3;126;236
1,7604,7689,1,0,0,2,1,25;236
0,7600,7679,1,0,0,2,0,29;236
1,7479,7755,1,0,0,3,1,27;150;374
0,7469,7541,1,0,0,3,0,37;160;377
0,7490,7548,1,0,0,3,0,16;139;236
0,7490,7553,1,0,0,3,0,16;139;236
0,7797,8059,1,0,0,1,0,56
0,7784,7850,1,0,0,1,0,67
1,7841,8058,1,0,0,2,1,12;561
0,7805,7886,1,0,0,1,0,48
0,7687,7759,1,0,0,1,0,166
0,7675,7733,1,0,0,1,0,178
0,7767,8001,1,0,0,1,0,67
1,7748,7809,1,0,0,1,1,105
0,6995,7076,1,0,0,5,0,334;114;511;282;634
1,7010,7072,1,0,0,5,1,319;99;496;267;619
0,7096,7171,1,0,0,5,0,233;13;410;181;533
1,7125,7208,1,0,0,4,2,204;381;152;504
1,6888,7139,1,0,0,7,3,70;47;441;12;221;618;389
1,6913,6985,1,0,0,6,1,45;22;416;196;593;309
0,6916,6980,1,0,0,6,0,42;7;413;193;590;309
1,6964,7017,1,0,0,5,1,365;145;542;309;665
0,7345,7402,1,0,0,3,0,161;284;508
1,7358,7426,1,0,0,3,1,148;271;495
1,7394,7649,1,0,0,3,1,112;235;459
1,7460,7743,1,0,0,3,1,46;169;393
1,7126,7198,1,0,0,4,1,203;380;95;503
1,7200,7250,1,0,0,4,1,129;306;77;429
0,7276,7328,1,0,0,5,0,53;230;1;353;577
0,7336,7393,1,0,0,3,0,170;293;517
1,8414,8497,1,0,0,5,2,233;222;489;332;449
1,8399,8691,1,0,0,6,5,3;248;237;504;347;470
0,8333,8385,1,0,0,6,0,61;314;303;570;406;536
1,8332,8385,1,0,0,6,2,70;315;304;571;406;537
1,8330,8385,1,0,0,6,1,72;317;306;573;416;539
1,8321,8574,1,0,0,6,5,81;326;315;582;425;548
0,8302,8360,1,0,0,6,0,100;345;334;601;444;567
1,8215,8301,1,0,0,6,3,187;421;421;688;483;654
0,8920,8985,1,0,0,6,0,474;240;238;498;421;822
1,8788,9000,1,0,0,6,4,115;81;606;372;370;630
0,8737,8796,1,0,0,6,0,166;9;132;657;423;421
1,8700,8751,1,0,0,6,1,203;12;169;694;460;458
1,8628,8896,1,0,0,8,3,19;8;275;118;241;766;532;530
1,8580,8791,1,0,0,7,2,67;56;323;166;289;814;580
1,8517,8578,1,0,0,6,1,130;119;386;229;352;877
1,8429,8497,1,0,0,5,1,218;207;474;317;430
0,8076,8148,1,0,0,4,0,326;523;560;827
1,8117,8176,1,0,0,4,1,285;523;519;786
0,7970,8023,1,0,0,3,0,432;523;666
1,8043,8331,1,0,0,4,3,359;523;593;860
0,7913,7968,1,0,0,3,0,436;523;723
0,7916,7980,1,0,0,3,0,436;523;720
0,7878,7930,1,0,0,3,0,436;769;758
1,7909,8174,1,0,0,3,2,436;738;727
1,8189,8269,1,0,0,5,1,213;447;447;714;517
1,8196,8484,1,0,0,5,4,206;421;440;707;495
1,8184,8402,1,0,0,5,4,218;447;452;719;562
1,8189,8268,1,0,0,5,1,213;421;447;714;517
1,8163,8231,1,0,0,4,2,239;447;473;740
0,8167,8219,1,0,0,4,0,230;447;469;736
0,8134,8191,1,0,0,4,0,268;494;502;769
1,8153,8238,1,0,0,4,1,249;494;483;750
1,9475,9770,1,0,0,7,6,267;84;477;244;556;396;306
0,9486,9561,1,0,0,7,0,256;73;466;125;545;385;295
1,9524,9575,1,0,0,8,1,218;35;428;125;507;347;257;526
0,9541,9611,1,0,0,8,0,201;18;411;125;490;327;240;509
1,9545,9608,1,0,0,8,1,197;14;407;125;486;326;236;505
1,9554,9632,1,0,0,8,2,188;5;398;97;477;317;227;496
1,9636,9706,1,0,0,7,1,106;316;83;395;235;145;414
1,9649,9707,1,0,0,7,1,93;303;70;382;222;132;401
1,9221,9456,1,0,0,8,5,173;197;120;521;338;731;498;810
1,9222,9514,1,0,0,8,5,172;196;97;520;337;730;497;809
1,9279,9360,1,0,0,8,1,115;139;62;448;280;673;440;752
1,9286,9375,1,0,0,8,3,108;132;43;448;273;666;433;745
1,9299,9504,1,0,0,8,5,95;119;42;443;260;653;420;732
1,9387,9470,1,0,0,9,1,7;31;355;172;565;332;644;484;394
1,9406,9495,1,0,0,8,1,12;326;153;546;313;625;465;375
0,9447,9502,1,0,0,7,0,295;112;505;272;584;404;334
0,9045,9113,1,0,0,7,0,349;115;113;373;204;697;514
0,9022,9098,1,0,0,7,0,366;138;136;396;204;720;537
0,9093,9160,1,0,0,7,0,301;67;65;325;204;649;466
1,9073,9140,1,0,0,7,3,321;87;85;345;204;669;486
1,9147,9229,1,0,0,8,2,247;13;11;271;194;595;412;805
1,9132,9191,1,0,0,8,1,262;28;26;286;204;610;427;820
0,9197,9253,1,0,0,7,0,197;221;144;545;362;755;522
1,9172,9254,1,0,0,7,1,222;246;169;570;387;780;547
1,8972,9040,1,0,0,7,3,422;188;186;446;369;770;587
0,8923,9009,1,0,0,6,0,471;237;235;495;418;819
1,9000,9058,1,0,0,7,2,381;160;158;418;341;742;559
1,8999,9277,1,0,0,7,7,395;161;159;419;342;743;560
0,9016,9073,1,0,0,7,0,366;144;142;402;325;726;543
0,9008,9081,1,0,0,7,0,366;152;150;410;333;734;551
0,9020,9079,1,0,0,7,0,366;140;138;398;204;722;539
1,9017,9312,1,0,0,7,5,366;143;141;401;324;725;542
1,10231,10441,1,16,0,6,3,201;281;700;182;559;693
1,10247,10329,1,0,0,6,1,185;265;684;166;543;693
0,10206,10276,1,0,0,6,0,226;306;725;207;584;709
1,10225,10459,1,0,0,6,2,207;287;706;188;565;709
1,10347,10430,1,0,0,7,1,85;165;584;66;443;620;780
0,10356,10422,1,0,0,7,0,76;156;575;23;434;611;771
1,10250,10313,1,0,0,6,1,182;262;681;150;540;693
1,10347,10418,1,0,0,7,1,85;165;584;25;443;620;780
1,10064,10304,1,0,0,5,5,287;448;867;339;719
0,10069,10150,1,0,0,5,0,287;443;862;310;719
1,10037,10087,1,0,0,6,1,13;287;475;894;339;753
0,10049,10130,1,0,0,6,0,1;287;463;882;339;719
1,10165,10403,1,0,0,6,5,267;347;766;248;625;714
1,10166,10428,1,0,0,6,3,266;346;765;226;624;714
1,10125,10187,1,0,0,6,1,287;387;806;288;665;842
1,10128,10362,1,0,0,6,2,287;384;803;270;662;839
0,9889,9962,1,0,0,5,0,63;142;161;287;623
1,9880,10153,1,0,0,5,1,72;151;162;552;632
1,9874,9948,1,0,0,5,2,78;157;176;558;638
0,9855,9943,1,0,0,6,0,97;176;16;191;577;657
1,10006,10092,1,0,0,6,2,25;25;287;506;925;407
0,9972,10057,1,0,0,5,0,59;25;287;540;959
1,9961,10175,1,0,0,5,2,70;89;287;551;970
0,9930,10005,1,0,0,5,0,22;101;120;287;582
0,9763,9846,1,0,0,5,0,189;268;108;18;287
0,9730,9813,1,0,0,6,0,12;222;301;141;51;320
0,9727,9798,1,0,0,6,0,15;225;304;144;54;323
0,9673,9761,1,0,0,7,0,69;279;46;358;198;108;377
1,9837,10038,1,0,0,6,4,115;194;34;213;595;675
0,9782,9857,1,0,0,5,0,170;249;89;247;650
0,9782,9865,1,0,0,5,0,170;249;89;247;650
1,9776,9829,1,0,0,6,1,176;255;95;5;274;656
0,11167,11248,1,0,0,7,0,343;291;219;498;635;462;617
0,11173,11224,1,0,0,7,0,337;285;213;492;629;456;611
1,11183,11233,1,0,0,7,2,327;275;203;482;619;446;601
1,11188,11244,1,0,0,7,1,322;270;198;477;614;441;596
0,11040,11106,1,0,0,9,0,87;1;42;402;418;346;625;762;589
1,11061,11143,1,0,0,8,1,66;21;402;397;325;604;741;568
1,11066,11279,1,0,0,8,3,61;16;383;392;320;599;736;563
1,11095,11168,1,0,0,7,1,32;383;363;291;570;707;534
0,10968,11045,1,0,0,7,0,159;90;114;542;490;418;697
1,10969,11037,1,0,0,7,1,158;89;113;541;489;417;696
1,11033,11115,1,0,0,9,1,94;25;49;477;425;350;632;769;596
1,11037,11126,1,0,0,9,1,90;21;45;402;421;349;628;765;592
0,10822,10878,1,0,0,9,0,92;144;305;236;260;18;688;636;564
1,10832,11126,1,15,0,9,5,92;135;295;226;250;18;678;626;554
1,10936,11000,1,0,0,8,2,31;191;122;146;574;522;450;729
0,10948,11012,1,0,0,8,0,7;179;110;134;562;510;438;717
1,10771,11029,1,0,0,10,6,114;19;196;356;287;311;121;739;687;615
1,10741,10975,1,0,0,9,4,190;49;226;386;317;341;151;769;717
1,10807,10882,1,0,0,9,3,92;160;320;251;275;18;703;651;579
1,10803,10889,1,0,0,9,3,92;164;324;255;279;89;707;655;583
1,10616,10819,1,0,0,7,3,315;174;351;511;442;466;276
1,10558,10632,1,0,0,7,1,329;232;409;569;500;524;334
1,10670,10757,1,0,0,7,2,261;120;297;457;388;412;222
1,10647,10703,1,0,0,7,1,284;143;320;480;411;435;245
1,10511,10787,1,0,0,7,6,1;420;275;456;616;547;571
0,10473,10528,1,0,0,6,0,39;458;275;485;654;585
1,10538,10621,1,0,0,6,1,330;244;429;589;520;544
1,10532,10588,1,0,0,6,1,330;258;435;595;526;550
1,10409,10644,1,0,0,7,2,23;103;522;4;381;558;718
0,10401,10454,1,0,0,7,0,31;111;530;12;389;566;726
1,10471,10732,1,0,0,6,4,41;460;275;496;656;587
1,10422,10472,1,0,0,6,1,10;90;509;349;545;705
1,12008,12078,1,0,0,5,1,146;255;611;489;353
1,12036,12107,1,0,0,5,1,118;227;583;461;310
0,11966,12025,1,0,0,4,0,188;297;653;531
1,11970,12031,1,0,0,4,1,184;293;649;527
0,11809,11879,1,0,0,2,0,325;454
0,11839,11904,1,0,0,4,0,315;424;780;658
1,11716,11779,1,0,0,4,1,86;68;325;547
0,11778,11828,1,0,0,4,0,24;6;325;485
0,11695,11751,1,0,0,4,0,107;89;383;568
1,11709,11777,1,16,0,4,1,93;75;383;554
1,11581,11669,1,0,0,5,1,84;221;48;174;411
1,11638,11881,1,0,0,5,2,27;164;146;411;625
1,11570,11814,1,0,0,5,1,95;232;59;214;469
1,11571,11653,1,0,0,5,1,94;231;58;174;469
1,11488,11569,1,0,0,6,1,22;177;314;141;296;666
1,11550,11831,1,0,0,5,2,115;252;79;234;604
1,11455,11538,1,0,0,7,1,55;3;210;347;174;329;684
1,11450,11505,1,0,0,7,1,60;8;215;352;179;334;704
0,11442,11497,1,0,0,7,0,68;16;223;360;187;342;712
1,11424,11487,1,0,0,7,1,86;34;241;378;205;360;730
1,11389,11598,1,0,0,7,2,121;69;276;413;240;395;750
0,11378,11464,1,0,0,8,0,132;80;8;287;424;251;406;750
1,11353,11426,1,0,0,8,1,147;105;33;308;449;276;431;750
1,11341,11629,1,0,0,8,4,169;117;39;308;461;288;443;750
1,11340,11390,1,0,0,8,1,170;118;46;308;462;289;444;750
1,11336,11388,1,0,0,8,1,174;122;50;329;466;293;448;750
1,11333,11418,1,0,0,8,1,174;125;53;332;469;296;451;821
1,11318,11607,1,0,0,8,6,192;140;68;347;484;311;466;836
0,11297,11384,1,0,0,8,0,213;161;89;368;505;332;487;857
0,11278,11347,1,0,0,8,0,223;180;108;387;524;351;506;876
1,11271,11333,1,0,0,8,2,239;187;115;394;531;358;513;883
1,11212,11429,1,0,0,7,2,298;246;174;453;590;417;572
1,134,369,1,0,0,2,1,696;793
0,96,332,1,0,0,0,0,
0,76,150,1,0,0,0,0,
0,69,296,1,0,0,0,0,
0,23,300,1,0,0,0,0,
0,13,230,1,0,0,0,0,
1,365,608,1,0,0,5,5,465;562;444;918;495
0,406,488,1,0,0,5,0,424;521;414;877;454
1,445,497,1,0,0,5,1,385;482;375;838;415
1,486,570,1,0,0,5,1,344;441;334;797;374
1,287,354,1,0,0,5,1,543;640;533;996;573
1,292,376,1,0,0,5,1,504;635;528;991;568
1,312,600,1,0,0,5,5,504;615;476;971;548
0,315,378,1,0,0,5,0,504;612;444;968;545
1,651,717,1,0,0,6,1,179;276;140;632;209;847
1,665,750,1,0,0,6,1,165;262;116;618;195;833
1,698,755,1,0,0,6,1,132;229;116;585;162;800
1,746,797,1,0,0,6,1,84;181;74;537;114;752
1,508,793,1,0,0,5,5,322;419;312;775;352
1,568,843,1,0,0,6,6,262;359;252;715;292;930
1,598,676,1,0,0,6,2,232;329;209;685;262;900
1,603,853,1,0,0,6,5,227;324;180;680;257;895
1,1050,1282,1,0,0,5,3,233;332;301;822;411
1,1010,1092,1,0,0,5,1,273;332;372;862;451
1,1088,1357,1,0,0,6,3,195;332;301;784;298;686
1,1050,1119,1,0,0,5,1,233;332;301;822;341
1,953,1166,1,0,0,4,2,330;545;476;919
0,763,846,1,0,0,6,0,67;164;57;520;97;735
1,998,1271,1,0,0,5,4,285;500;372;874;463
1,955,1013,1,0,0,4,1,328;543;372;917
1,1201,1495,1,0,0,7,5,82;297;228;671;179;573;761
0,1181,1234,1,0,0,7,0,102;317;248;691;179;593;781
1,1230,1318,1,0,0,7,1,53;268;146;642;179;544;732
1,1223,1304,1,0,0,7,1,60;275;146;649;179;551;739
1,1145,1358,1,0,0,7,2,138;332;284;709;297;629;817
1,1130,1207,1,0,0,6,2,153;332;299;742;297;644
1,1158,1216,1,15,0,7,1,125;332;271;709;237;616;804
1,1146,1225,1,0,0,7,1,137;332;283;709;258;628;816
0,1571,1626,1,15,0,5,0,301;203;391;317;597
0,1553,1608,1,0,0,5,0,319;221;409;335;615
0,1531,1615,1,0,0,5,0,341;243;431;357;637
0,1527,1578,1,0,0,5,0,345;247;435;361;641
0,1721,1786,1,0,0,6,0,151;53;241;167;447;408
0,1716,1772,1,0,0,6,0,156;58;246;172;452;413
1,1662,1743,1,0,0,6,2,210;112;300;226;506;467
0,1589,1657,1,0,0,5,0,283;185;373;299;579
1,1309,1377,1,0,0,7,1,189;88;563;152;465;653;579
1,1298,1384,1,0,0,7,1,200;131;574;163;476;664;590
0,1260,1319,1,0,0,7,0,23;238;146;612;179;514;702
1,1234,1293,1,0,0,7,2,49;264;146;613;179;540;728
1,1413,1486,1,0,0,8,1,85;16;435;48;361;549;475;755
1,1396,1468,1,0,0,8,1,102;33;476;50;378;566;492;772
1,1393,1467,1,0,0,8,1,105;36;479;68;381;569;495;775
1,1341,1428,1,0,0,7,1,157;88;531;120;433;621;547
1,1947,2020,1,0,0,5,1,15;221;174;626;674
0,1964,2039,1,0,0,4,0,204;165;570;657
1,1929,1979,1,0,0,5,1,33;239;200;626;692
0,1941,1998,1,0,0,5,0,21;227;174;626;680
0,2002,2083,1,0,0,4,0,166;127;569;619
0,2013,2085,1,0,0,4,0,155;116;569;608
1,1969,2199,1,0,0,4,2,199;160;570;652
0,2001,2065,1,0,0,4,0,167;128;569;620
0,1752,1829,1,0,0,7,0,120;22;210;136;416;377;946
1,1794,1846,1,0,0,7,1,78;168;94;374;335;904;827
1,1728,1786,1,0,0,6,1,144;46;234;160;440;401
0,1747,1816,1,0,0,7,0,125;27;215;141;421;382;951
1,1877,2170,1,0,0,6,3,85;11;291;252;821;744
0,1906,1993,1,0,0,5,0,56;262;223;626;715
0,1829,1911,1,0,0,7,0,43;133;59;339;300;869;792
0,1836,1906,1,0,0,7,0,36;126;52;332;293;862;785
1,2389,2469,1,0,0,6,1,224;212;130;460;956;906
1,2375,2454,1,0,0,6,1,224;246;144;474;970;906
1,2438,2659,1,0,0,7,4,224;160;81;411;907;886;860
1,2428,2490,1,0,0,7,1,224;193;91;421;917;896;870
1,2482,2702,1,0,0,7,3,216;136;37;367;863;842;816
0,2451,2513,1,0,0,7,0,224;136;68;398;894;873;847
1,2517,2725,1,0,0,9,5,181;96;2;332;828;807;781;711;642
0,2487,2537,1,0,0,7,0,211;96;32;362;858;837;811
1,2121,2396,1,0,0,4,2,47;8;569;379
1,2108,2403,1,0,0,4,2,60;21;569;513
1,2248,2510,1,16,0,4,4,450;373;271;601
1,2184,2404,1,0,0,3,2,514;373;335
1,2323,2541,1,0,0,4,3,353;298;196;526
1,2319,2407,1,0,0,4,1,379;302;200;530
1,2369,2448,1,0,0,6,1,224;252;150;480;976;955
1,2341,2561,1,0,0,4,1,353;280;178;508
1,2719,3016,1,0,0,7,6,130;626;605;579;509;434;798
0,2752,2823,1,0,0,7,0,97;591;572;546;476;407;765
0,2883,2947,1,0,0,8,0,462;441;415;345;276;634;804;375
1,2928,3008,1,0,0,9,4,417;396;370;300;231;589;759;330;586
1,2945,3023,1,0,0,9,1,400;379;353;283;214;572;742;313;569
1,2955,3214,1,0,0,9,5,390;369;343;273;204;562;732;303;522
1,2969,3020,1,0,0,10,2,376;355;329;259;190;548;718;289;522;693
0,2980,3048,1,0,0,10,0,349;344;318;248;179;537;707;278;522;682
1,2580,2651,1,0,0,8,1,118;41;269;749;744;718;648;579
1,2597,2658,1,0,0,8,1,101;16;252;748;727;701;631;562
1,2632,2698,1,0,0,7,1,66;217;713;692;666;596;527
0,2634,2691,1,0,0,7,0,64;215;694;690;664;594;525
1,2641,2714,1,0,0,7,2,57;208;694;683;657;587;518
1,2658,2735,1,0,0,7,1,40;191;676;666;640;570;501
1,2682,2893,1,0,0,8,4,16;167;635;642;616;546;477;835
0,2688,2758,1,0,0,8,0,10;161;635;636;610;540;434;829
1,3436,3516,1,0,0,7,3,81;241;78;82;717;563;540
1,3402,3456,1,0,0,6,1,115;285;112;82;751;597
1,3385,3644,1,0,0,6,3,132;302;129;277;768;614
1,3300,3361,1,0,0,7,1,45;24;217;325;214;362;853
1,3294,3368,1,0,0,8,1,51;30;4;223;393;220;368;859
0,3265,3468,1,0,0,8,0,80;59;33;252;422;249;390;888
1,3246,3302,1,0,0,9,1,99;78;52;271;441;12;268;397;907
1,3237,3308,1,0,0,9,1,108;87;61;280;450;21;277;425;916
1,3195,3449,1,0,0,10,4,150;129;103;33;322;492;34;319;428;958
1,3176,3248,1,0,0,10,2,169;148;122;52;341;511;82;338;428;977
1,3143,3357,1,0,0,11,2,202;165;155;85;16;374;544;115;371;519;1010
1,3130,3210,1,0,0,11,2,207;194;168;98;29;387;557;128;384;532;1023
1,3116,3192,1,0,0,11,4,229;208;182;112;43;401;571;142;398;546;1037
0,3082,3171,1,0,0,11,0,258;242;216;146;77;435;605;176;432;580;1071
1,3074,3135,1,0,0,11,3,271;250;224;154;85;443;613;184;440;588;1079
0,3063,3132,1,0,0,11,0,282;261;235;165;96;454;624;195;451;599;1090
0,3790,3867,1,0,0,10,0,363;209;180;303;288;219;104;325;696;852
1,3962,4049,1,0,0,11,1,191;37;14;131;135;47;153;524;680;825;834
1,3771,3832,1,0,0,10,2,382;209;180;322;326;238;123;344;715;871
1,3774,3836,1,0,0,10,2,379;209;180;319;323;235;120;341;712;868
1,3728,3798,1,16,0,10,1,425;209;248;365;369;281;166;387;758;914
0,3742,3811,1,0,0,10,0,411;209;180;351;355;267;152;373;744;900
1,3707,3795,1,0,0,10,1,446;233;269;386;390;302;187;408;779;935
1,3722,3803,1,0,0,10,1,431;232;254;371;375;287;172;393;764;920
0,3689,3762,1,0,0,9,0,464;310;287;404;408;320;205;426;797
1,3689,3770,1,0,0,9,1,464;310;287;404;408;320;205;426;797
1,3610,3698,1,0,0,9,3,55;52;543;389;366;483;487;399;284
0,3632,3683,1,0,0,10,0,28;30;521;367;344;461;465;377;262;483
1,3530,3604,1,0,0,9,2,157;82;623;469;446;563;567;479;364
1,3589,3645,1,0,0,9,2,98;73;564;410;387;504;508;420;305
1,3441,3500,1,0,0,7,1,76;209;73;82;712;558;535
0,3499,3550,1,0,0,10,0,18;188;15;82;654;500;477;594;598;510
1,4520,4578,1,0,0,7,1,122;267;276;290;620;808;496
0,4501,4588,1,0,0,6,0,129;286;295;309;620;827
1,4653,4942,1,0,0,10,8,134;143;157;487;643;363;628;481;778;488
1,4594,4880,1,0,0,9,6,48;193;202;216;546;734;422;687;540
0,4411,4484,1,0,0,7,0,74;200;376;385;399;724;917
1,4381,4461,1,0,0,7,2,105;200;406;415;429;724;947
1,4483,4565,1,0,0,7,1,3;129;304;313;327;657;845
1,4477,4735,1,0,0,7,5,9;165;310;319;333;663;851
1,4230,4489,1,0,0,5,2,216;354;557;566;580
1,4225,4314,1,0,0,5,1,216;417;562;571;585
0,4355,4422,1,0,0,6,0,131;200;432;441;455;724
1,4321,4578,1,0,0,6,3,165;200;466;475;489;819
1,4152,4236,1,0,0,6,1,1;334;490;635;644;658
0,3983,4069,1,0,0,10,0,170;16;110;114;26;132;503;659;804;813
1,4224,4287,1,0,0,5,1,262;418;563;572;586
0,4218,4297,1,0,0,5,0,268;424;569;578;592
0,5018,5074,1,0,0,12,0,122;310;263;116;413;123;71;295;651;329;706;947
0,5022,5092,1,0,0,12,0,118;306;259;112;409;119;67;291;647;325;702;943
0,5154,5234,1,0,0,10,0,174;127;277;159;515;193;570;811;479;702
0,5245,5331,1,0,0,10,0,83;36;186;68;424;102;479;720;388;611
1,4898,4986,1,0,0,11,3,242;394;118;383;236;533;243;191;415;771;449
1,4957,5023,1,0,0,12,2,183;371;59;324;177;474;184;132;356;712;390;767
1,4972,5061,1,0,0,12,2,168;356;31;309;162;459;169;117;341;697;375;752
1,4982,5049,1,0,0,12,1,158;346;31;299;152;449;159;107;331;687;365;742
1,4848,4927,1,0,0,11,1,292;480;168;433;286;583;293;241;465;821;499
1,4857,5127,1,0,0,11,7,283;417;159;424;277;574;284;232;456;812;490
1,4858,4935,1,0,0,11,2,282;417;158;423;276;573;283;231;455;811;489
1,4893,5119,1,0,0,11,6,247;417;123;388;241;538;248;196;420;776;454
1,4665,4744,1,0,0,11,1,122;131;145;475;643;345;616;469;766;476;424
1,4678,4964,1,0,0,12,8,109;118;132;462;643;338;603;432;753;463;411;635
0,4683,4758,1,0,0,12,0,104;113;127;457;643;333;598;432;748;458;394;630
1,4771,4828,1,0,0,13,1,16;25;39;369;557;245;510;363;660;370;318;542;898
324
2956,3662,322.24,11
2919,3514,47.36,10
2840,3258,48.37,8
2825,3687,245.24,8
3442,4093,0.00,11
3424,3976,68.39,10
3329,3999,104.87,10
3003,4153,0.00,10
3621,4115,0.00,9
3523,3894,0.00,9
3466,4009,0.00,9
3459,4097,35.68,9
3955,4796,0.00,9
3919,4787,0.00,8
3703,4642,254.27,8
3642,4486,125.52,11
1136,1962,33.31,10
1298,1888,0.00,10
983,1461,251.04,9
1070,1774,0.00,9
1731,2698,464.29,8
1774,2621,317.99,11
1361,2168,34.06,10
1652,2129,55.29,11
2361,3345,256.74,8
2367,3324,120.39,11
2145,2519,0.00,10
2200,2849,0.00,8
2502,3159,54.59,10
2681,3517,36.84,10
2427,3298,0.00,9
2497,3228,0.00,10
125,927,87.83,11
100,830,102.28,11
197,1283,0.00,9
153,820,235.99,9
540,1498,195.65,11
209,860,0.00,10
947,1872,125.39,8
859,1429,318.17,9
9816,10512,0.00,11
9764,10432,281.56,10
9502,10050,168.23,10
9357,9781,0.00,9
9316,9871,81.74,11
9198,10031,0.00,8
9170,9719,172.78,8
9102,9952,0.00,9
10552,10892,71.07,11
10477,11082,45.19,11
10446,11058,20.90,11
10321,11127,0.00,9
10097,10967,215.19,9
10035,10790,155.14,10
10003,10413,224.03,9
9937,10931,216.37,8
8007,8903,0.00,10
8172,8746,228.70,11
7867,8647,336.05,8
7869,8636,0.00,8
7208,7853,240.92,10
7835,8402,166.94,9
6762,7277,191.26,11
6919,7629,0.00,8
8890,9742,101.44,11
8960,9559,0.00,11
8776,9418,58.89,8
8853,9341,189.21,11
8555,9160,0.00,10
8583,9158,0.00,11
8204,8869,40.52,10
8473,9394,63.73,11
5516,6384,0.00,11
5451,6484,0.00,11
5639,6601,166.31,10
5611,6355,136.66,11
5276,5860,205.67,9
5266,6210,126.06,8
5417,6140,0.00,9
5414,6016,91.69,8
6414,6900,125.31,11
6322,7329,0.00,8
6634,7506,150.92,9
6559,7109,0.00,11
6133,6958,0.00,9
6126,6764,108.50,8
6287,6708,109.75,10
6256,6935,120.25,11
4521,5281,0.00,9
4561,5134,74.22,11
4633,5431,0.00,11
4639,5141,0.00,11
4042,4810,0.00,8
4292,5140,137.60,8
4357,5328,190.71,8
4518,5016,87.74,8
4945,5724,0.00,9
4995,5965,0.00,11
5026,5633,162.80,8
5079,5856,43.93,11
4657,5089,28.59,10
4676,5313,0.00,9
4692,5669,0.00,11
4798,5347,88.43,9
12537,13255,0.00,11
12502,13117,0.00,11
12301,12691,0.00,11
12149,12816,33.37,9
11974,12361,86.99,9
11834,12497,177.51,9
11824,12619,144.20,10
11619,12263,78.74,9
11264,12154,438.63,10
11166,11784,64.07,8
11009,11629,0.00,9
10970,11802,0.00,11
10850,11665,84.45,9
10761,11386,116.64,10
10726,11458,0.00,10
10712,11510,157.70,8
13360,13935,101.53,9
13382,13942,0.00,9
13136,13732,84.03,8
13329,14074,0.00,8
12909,13840,87.78,8
12914,13421,0.00,10
12889,13488,137.17,9
12889,13706,167.82,11
12838,13714,0.00,9
12880,13615,70.41,9
12752,13484,230.00,11
12783,13293,37.11,8
12667,13268,77.75,10
12711,13407,11.52,10
12563,13592,0.00,11
12579,13274,0.00,10
15143,15781,0.00,9
15138,15805,91.65,9
15212,16002,156.21,11
15172,16008,174.92,9
14969,15347,0.00,8
14933,15872,204.47,10
14981,15543,0.00,11
14979,15542,0.00,10
14465,15215,393.05,8
14266,15029,0.00,9
14812,15201,32.38,11
14518,14987,14.31,9
13998,15164,246.96,11
13528,14522,300.29,11
14062,14712,251.81,10
13999,14910,93.70,9
16122,16863,149.05,11
16340,17098,174.51,8
16350,17234,110.09,10
16551,17515,223.55,10
15755,16433,0.00,11
15766,16747,0.00,8
15778,16430,0.00,8
15837,16578,68.71,8
15466,16409,80.09,8
15579,16457,113.98,9
15590,16393,113.38,9
15753,16071,0.00,9
15294,16170,69.93,8
15316,16319,157.26,9
15319,16177,0.00,8
15370,15944,0.00,10
17813,18566,0.00,11
17407,18161,0.00,11
17343,18083,87.20,9
17310,18099,0.00,8
18020,18530,0.00,9
17974,19028,155.34,8
17897,18865,186.62,9
17817,18384,0.00,8
17055,17523,122.32,11
16896,17785,0.00,11
16654,17394,0.00,11
16597,17386,49.29,9
17288,18133,81.83,10
17181,18124,198.93,8
17110,17579,0.00,8
17070,17556,0.00,11
18882,19248,0.00,8
18975,19869,0.00,8
18846,19728,0.00,10
18860,19852,23.08,10
19039,19877,0.00,8
19259,20073,0.00,11
18999,19736,137.41,10
18999,19812,59.15,11
18110,18872,0.00,11
18239,18980,0.00,8
18101,18822,0.00,8
18109,18842,174.27,9
18562,19477,189.72,10
18801,19666,368.55,8
18274,19072,130.49,10
18321,18876,0.00,10
20301,20794,45.51,11
20250,21164,150.98,10
20326,20929,54.22,8
20323,21050,179.59,9
20344,21202,36.73,10
20338,20982,0.00,8
20433,20784,0.00,11
20418,21289,39.28,11
19439,20297,175.99,8
19356,20002,0.00,9
19601,20173,142.73,11
19546,20417,149.51,10
19852,20506,166.58,9
19828,20266,0.00,11
20177,21142,426.21,10
20025,20743,0.00,11
21172,21937,0.00,11
21308,22058,93.98,9
21314,22068,55.70,11
21334,21963,0.00,8
21379,22127,62.82,10
21423,22170,112.01,10
21495,22149,146.03,8
21610,22093,0.00,9
20481,21170,103.53,11
20521,21540,33.05,9
20866,21509,149.86,10
20957,21586,68.73,10
21077,21889,74.10,10
21163,21989,256.09,8
21166,21795,0.00,10
21171,22014,0.00,11
22118,22436,0.00,9
22169,22986,47.12,11
22008,23056,0.00,10
22047,22864,265.44,11
21983,22440,95.65,10
21992,22811,117.39,8
21789,22446,0.00,11
21960,22916,174.87,9
22684,23213,0.00,9
22823,23682,0.00,11
22590,23435,131.59,10
22625,23137,78.32,9
22392,22767,0.00,11
22504,23318,133.03,10
22208,22925,0.00,10
22212,22805,0.00,8
23536,24101,75.29,11
23452,24424,56.45,8
23444,24190,45.98,10
23313,24302,0.00,9
23210,23749,7.88,9
23131,23735,0.00,9
23045,23770,165.40,11
22884,23804,0.00,11
24049,24419,0.00,11
23859,24383,0.00,8
23838,24713,216.22,11
23794,24368,0.00,11
23775,24344,0.00,11
23643,24634,229.96,10
23565,24236,0.00,11
23549,24172,0.00,10
24622,25332,0.00,9
24671,25663,0.00,8
24787,25695,0.00,10
24822,25549,116.74,8
24107,24772,74.42,10
24110,24850,0.00,10
24201,25179,0.00,11
24607,25435,195.49,8
24998,25681,0.00,9
25120,25941,0.00,11
25151,25869,67.23,11
25291,26048,0.00,8
24912,25580,124.18,8
24941,25650,211.97,9
24958,25571,55.85,10
24968,25714,0.00,9
26340,27001,131.54,10
26204,27017,0.00,8
26558,27234,141.16,9
26463,27004,0.00,10
25618,26294,209.16,11
25399,25892,97.77,8
25640,26188,86.48,11
25628,26421,119.52,11
27083,28113,0.00,11
27077,27949,0.00,9
27108,27922,44.66,8
27106,28115,0.00,10
26828,27371,187.00,9
26593,27337,371.65,9
27017,27692,0.00,10
26845,27446,98.33,11
27163,27678,103.68,11
27189,27836,0.00,11
27121,28061,103.21,9
27157,27913,0.00,9
27448,28222,35.34,9
27500,28278,23.69,11
27275,28029,0.00,11
27388,28332,0.00,11
27629,28295,0.00,9
27637,28342,0.00,11
27588,28109,38.63,10
27599,28553,0.00,10
27836,28406,95.08,9
27906,28649,6.67,8
27700,28376,0.00,10
27824,28329,0.00,9
27988,28497,0.00,10
27968,28897,211.66,11
27928,28061,0.00,10
27909,28407,0.00,9
28323,29265,0.00,8
28288,29106,214.59,11
28287,28954,0.00,9
28081,29085,275.64,11
28883,29673,85.89,10
28878,29134,0.00,9
28799,29483,0.00,9
28681,29144,0.00,10
