103
0,1678,1766,1,0,0,5,0,52;153;560;572;700
0,1711,1778,1,0,0,5,0,19;153;527;539;667
0,1720,1775,1,0,0,5,0,10;153;518;530;658
1,1772,2070,1,0,0,5,3,153;466;478;606;794
0,1567,1630,1,0,0,4,0,163;468;671;683
0,1622,1672,1,0,0,4,0,108;413;616;628
1,1642,1920,1,0,0,5,3,88;393;596;608;736
1,1654,1718,1,0,0,5,2,76;153;584;596;724
1,1381,1447,1,0,0,7,1,2;24;221;106;157;654;857
0,1400,1458,1,0,0,7,0,2;24;221;87;138;635;837
1,1402,1682,1,0,0,7,3,2;24;221;85;136;633;836
0,1403,1487,1,0,0,7,0,2;24;197;84;135;632;835
0,1320,1382,1,0,0,8,0,2;186;26;271;167;218;715;918
1,1346,1568,1,0,0,8,3,2;160;0;271;141;192;689;892
1,1355,1428,1,0,0,7,2,2;24;271;132;183;680;883
0,1356,1421,1,0,0,7,0,2;24;221;131;182;679;882
1,1238,1306,1,0,0,7,1,16;268;108;492;249;300;797
1,1234,1481,1,0,0,7,6,181;272;112;496;253;304;801
1,1316,1529,1,0,0,8,4,2;190;30;414;171;222;719;922
1,1254,1339,1,0,0,8,1,2;252;92;476;233;284;781;984
1,1103,1310,1,0,0,8,6,46;84;287;403;243;627;384;435
1,1100,1179,1,0,0,8,2,49;84;315;406;246;630;387;438
0,1224,1307,1,16,0,7,0,191;282;122;506;263;314;811
0,1107,1187,1,0,0,8,0,42;84;286;399;239;623;380;431
1,992,1043,1,0,0,7,1,157;178;423;514;354;738;495
0,991,1063,1,0,0,7,0,158;178;424;515;355;739;496
0,1082,1141,1,0,0,8,0,67;84;333;424;264;648;405;456
0,1047,1111,1,0,0,7,0,102;84;368;459;299;683;440
1,936,996,1,0,0,7,2,207;178;479;570;410;794;551
1,923,1205,1,0,0,7,4,207;288;492;583;423;807;564
0,978,1034,1,0,0,7,0,171;178;437;528;368;752;509
0,972,1023,1,0,0,7,0,177;178;443;534;374;758;515
0,816,882,1,0,0,8,0,56;207;288;599;690;530;862;671
0,820,909,1,0,0,8,0,52;207;288;595;686;526;862;667
1,784,1073,1,0,0,7,3,88;207;434;631;722;562;946
1,795,873,1,0,0,7,1,77;207;288;620;711;551;935
1,730,948,1,0,0,6,4,113;419;488;658;776;616
1,779,1058,1,0,0,7,5,93;233;439;636;727;567;951
0,704,759,1,0,0,6,0,113;445;514;711;802;642
1,726,936,1,0,0,6,3,113;423;492;689;780;620
1,593,650,1,0,0,5,1,102;248;556;625;822
1,631,882,1,0,0,5,3,64;241;518;587;784
1,539,626,1,0,0,5,1,156;333;610;679;857
1,588,827,1,0,0,5,3,107;284;561;630;827
1,511,561,1,0,0,5,1,184;361;638;707;904
1,512,585,1,0,0,5,1,183;360;637;706;857
0,398,479,1,0,0,3,0,297;474;751
1,432,669,1,0,0,3,2,263;440;717
0,323,373,1,0,0,3,0,354;511;826
1,310,399,1,0,0,3,1,354;562;839
0,274,355,1,0,0,3,0,354;598;875
0,153,219,1,0,0,1,0,354
0,136,212,1,0,0,1,0,354
1,127,424,1,0,0,1,1,568
0,73,125,1,0,0,0,0,
0,59,277,1,0,0,0,0,
0,10,83,1,0,0,0,0,
0,2826,2881,1,0,0,8,0,51;21;85;70;257;428;680;701
1,2824,3043,1,0,0,8,3,53;236;87;72;259;430;682;703
1,2845,2896,1,0,0,9,1,20;21;66;51;238;409;661;682;648
1,2830,2902,1,0,0,9,2,47;21;81;66;253;424;676;697;663
1,2875,2934,1,0,0,9,1,2;21;36;21;208;268;631;652;618
1,2874,3113,1,0,0,9,4,3;21;37;22;209;380;632;653;619
1,2500,2586,1,0,0,8,1,7;193;94;26;553;411;396;583
1,2499,2566,1,0,0,8,2,7;193;95;27;561;412;397;584
1,2597,2858,1,0,0,7,7,177;463;314;299;486;657;909
1,2584,2835,1,0,0,8,7,193;10;476;327;312;499;670;922
0,2626,2711,1,0,0,7,0,152;434;285;270;457;628;880
1,2608,2682,1,0,0,7,1,152;452;303;288;475;646;898
0,2651,2726,1,0,0,7,0,152;409;260;245;432;603;855
1,2634,2689,1,0,0,7,1,152;426;277;262;449;620;872
1,2424,2705,1,0,0,7,5,26;441;170;102;636;457;472
1,2434,2719,1,0,0,7,4,26;205;160;92;626;457;462
1,2408,2485,1,0,0,7,1,48;441;174;118;652;503;488
1,2418,2501,1,0,0,7,2,48;441;174;108;642;457;478
1,2463,2513,1,0,0,8,1,26;193;131;63;597;448;433;620
1,2487,2571,1,0,0,8,3,26;193;107;39;573;424;409;596
0,2437,2525,1,0,0,7,0,26;193;157;89;623;457;459
1,2462,2687,1,0,0,8,5,26;193;132;64;598;449;434;621
1,2338,2549,1,0,0,8,3,40;228;539;256;188;722;573;558
0,2341,2415,1,0,0,8,0,37;103;536;253;185;719;570;555
0,2272,2327,1,0,0,7,0,78;294;581;293;254;788;639
1,2298,2387,1,0,0,7,2,78;268;579;293;228;762;613
1,2392,2459,1,0,0,7,1,48;472;202;134;668;519;504
1,2407,2465,1,0,0,7,1,48;441;187;119;653;504;489
1,2371,2443,1,0,0,8,1,7;103;506;223;155;689;540;525
1,2374,2456,1,0,0,8,2,4;103;472;220;152;686;537;522
0,2173,2235,1,0,0,8,0,58;18;205;393;704;421;353;887
1,2140,2211,1,0,0,8,3,98;18;238;426;737;454;386;920
1,2124,2381,1,0,0,8,4,114;126;254;442;753;470;402;936
0,2091,2164,1,0,0,8,0,140;159;286;475;786;503;435;969
1,2270,2342,1,0,0,7,1,78;296;607;293;256;790;641
1,2252,2317,1,0,0,7,2,106;314;625;293;274;808;659
1,2241,2291,1,0,0,8,1,9;137;325;636;293;285;819;670
1,2231,2314,1,0,0,8,1,7;18;147;335;646;363;295;829
1,1877,2129,1,15,0,5,2,110;183;373;286;689
1,1861,2112,1,0,0,5,2,110;183;389;517;705
1,1840,1929,1,0,0,5,1,153;183;410;538;726
1,1779,1836,1,0,0,5,1,153;183;471;599;787
1,2073,2124,1,0,0,8,2,149;177;286;493;804;521;453;987
1,2054,2135,1,0,0,8,3,183;196;286;512;823;540;472;1006
1,1941,2160,1,0,0,6,2,94;183;304;286;625;936
1,1891,1941,1,0,0,6,1,110;183;334;286;675;986
26
1884,2877,409.04,9
1745,2566,221.20,10
1969,2526,0.00,8
1942,2594,101.85,10
2235,2911,110.64,10
1979,3060,224.11,10
2443,3083,0.00,9
2336,2896,0.00,8
2543,3506,0.00,9
2538,3254,112.53,10
2830,3493,51.29,9
2817,3527,0.00,9
122,695,214.61,9
173,872,260.21,11
250,1149,242.00,9
433,1218,350.92,8
437,1415,331.08,8
669,1506,136.50,8
681,1346,0.00,11
765,1730,305.92,10
804,1487,0.00,11
1067,1538,0.00,10
1112,2035,283.43,9
1252,2238,428.34,10
1473,2250,227.84,11
1634,2378,344.62,8
