100
1,2613,2684,1,0,0,9,1,44;39;330;538;532;651;662;443;325
0,2615,2675,1,0,0,9,0,42;39;280;536;530;649;660;441;323
1,2498,2567,1,0,0,7,2,60;159;299;445;653;647;766
1,2567,2834,1,0,0,8,4,90;230;376;584;578;697;708;489
0,2443,2508,1,0,0,6,0,105;214;354;485;708;702
0,2468,2529,1,0,0,6,0,90;189;329;475;683;677
0,2366,2424,1,0,0,7,0,21;105;291;431;577;785;779
1,2420,2495,1,0,0,7,1,6;105;237;377;523;731;725
0,2290,2374,1,0,0,6,0,129;105;367;507;653;861
1,2358,2427,1,0,0,7,2,68;105;299;439;585;793;787
0,2241,2323,1,0,0,5,0,129;317;416;556;702
1,2269,2483,1,16,0,5,3,129;289;388;528;674
1,2197,2408,1,0,0,6,3,28;229;361;460;600;746
0,2219,2275,1,0,0,6,0,6;129;339;438;578;724
1,2142,2207,1,0,0,5,1,83;284;416;515;655
1,2145,2208,1,0,0,5,1,67;281;413;512;652
1,3134,3208,1,0,0,10,1,17;8;130;141;282;67;518;900;526;515
1,3117,3174,1,0,0,10,2,34;28;147;158;299;84;535;917;543;532
1,3083,3137,1,0,0,9,1,68;62;181;192;333;118;569;951;577
1,3018,3103,1,0,0,10,2,90;124;183;257;38;398;183;634;1016;642
1,3015,3255,1,0,0,10,6,90;124;249;260;41;401;186;637;1019;645
1,3003,3080,1,0,0,9,1,90;142;261;272;53;413;198;649;1031
0,2967,3044,1,0,0,8,0,90;178;297;308;89;437;234;685
1,2956,3018,1,0,0,7,1,90;189;308;319;100;460;245
1,2935,3161,1,0,0,9,4,8;216;210;329;340;121;3;481;266
1,2842,3045,1,0,0,9,4,101;309;303;417;433;214;96;574;359
1,2818,2871,1,0,0,9,1,125;333;327;446;457;238;120;598;383
1,2732,2796,1,0,0,9,1,39;211;419;413;532;543;324;206;684
1,2682,2889,1,0,0,9,6,39;258;469;463;557;593;374;256;734
1,2651,2722,1,0,0,10,1,6;39;280;500;494;613;624;405;287;765
1,2651,2878,1,0,0,10,6,6;39;280;500;494;557;624;405;287;765
0,2620,2673,1,0,0,9,0,37;39;280;531;525;644;655;436;318
1,3315,3584,1,0,0,5,3,101;245;719;345;334
1,3341,3405,1,0,0,5,1,75;228;693;319;308
1,3353,3643,1,0,0,5,2,63;228;638;307;296
0,3354,3424,1,0,0,5,0,62;228;627;306;295
0,3200,3268,1,0,0,8,0,64;75;216;1;452;834;460;449
1,3223,3281,1,0,0,7,1,41;52;193;429;811;437;426
0,3252,3452,1,0,0,7,0,12;23;164;400;782;405;397
1,3310,3590,1,0,0,5,3,106;342;724;350;339
1,349,428,1,16,0,7,1,369;353;666;345;440;563;792
1,368,654,1,0,0,7,6,369;353;647;309;421;544;773
1,307,594,1,0,0,7,7,525;353;708;387;482;605;834
1,331,616,1,0,0,7,6,395;353;684;363;458;581;810
1,412,497,1,0,0,8,2,367;318;603;282;377;500;729;788
1,433,502,1,0,0,8,2,343;298;582;261;356;479;708;767
1,372,457,1,0,0,7,1,369;318;643;309;417;540;769
1,392,463,1,0,0,7,1,369;318;623;295;397;520;749
0,235,315,1,0,0,4,0,525;496;780;459
1,299,597,1,0,0,6,5,525;432;716;395;490;613
0,35,319,1,0,0,0,0,
1,200,425,1,0,0,3,1,717;531;815
0,1023,1078,1,0,0,10,0,118;35;56;212;636;170;315;320;650;602
1,1004,1248,1,0,0,10,6,11;127;196;75;231;655;189;334;339;669
1,988,1040,1,0,0,10,1,27;153;212;91;247;671;205;350;355;685
0,925,987,1,0,0,9,0,90;216;275;154;310;734;268;413;418
1,1131,1210,1,0,0,11,1,10;7;104;528;62;207;212;542;494;548;616
0,1065,1118,1,0,0,10,0,76;7;14;170;594;128;273;278;608;560
0,1041,1101,1,0,0,10,0,100;7;38;194;618;152;297;302;632;584
1,1032,1106,1,0,0,10,1,109;35;47;203;627;161;306;311;641;593
1,637,886,1,0,0,14,9,246;94;378;57;152;262;504;563;442;598;1022;556;701;706
1,635,686,1,0,0,14,2,282;96;380;59;154;262;506;565;444;600;1024;558;703;708
1,535,607,1,0,0,11,1,328;196;480;159;254;318;606;665;544;700;1124
1,524,762,1,0,0,10,2,328;207;491;170;265;388;617;676;555;711
1,843,902,1,0,0,11,1,74;172;58;298;357;236;392;816;350;495;500
1,834,1064,1,0,0,11,3,83;181;78;307;366;245;401;825;359;504;509
1,706,781,1,0,0,13,2,206;25;309;83;206;435;494;373;529;953;487;632;637
1,692,743,1,0,0,14,1,225;39;323;2;97;220;449;508;387;543;967;501;646;651
1,1385,1627,1,0,0,9,5,274;230;240;294;362;309;414;643;541
1,1425,1687,1,0,0,10,9,234;230;200;254;322;269;374;603;501;454
1,1515,1741,1,0,0,11,2,61;158;110;164;232;179;284;513;411;364;710
1,1541,1599,1,0,0,12,2,61;132;84;138;206;153;219;487;385;338;684;516
1,1543,1598,1,0,0,12,2,61;130;82;136;192;151;219;485;383;336;682;514
0,1550,1601,1,0,0,12,0,61;123;75;129;175;144;219;478;376;329;675;507
1,1606,1685,1,0,0,13,4,53;67;19;73;141;88;193;422;320;273;619;451;820
1,1610,1890,1,0,0,13,6,49;63;15;69;130;84;189;418;316;269;615;447;816
1,1144,1368,1,0,0,10,5,7;91;515;49;194;199;529;481;535;565
1,1170,1248,1,0,0,11,2,7;65;489;23;168;76;503;455;509;565;524
1,1210,1286,1,16,0,10,2,25;449;128;76;463;415;469;537;484;589
1,1246,1515,1,0,0,10,5,413;92;68;427;379;433;501;448;553;782
1,1271,1479,1,0,0,11,6,388;67;68;307;354;408;476;423;528;757;655
1,1279,1333,1,0,0,11,4,380;59;64;230;346;400;468;415;520;749;647
1,1314,1383,1,0,0,11,1,345;24;29;230;311;365;433;380;485;714;612
1,1329,1389,1,0,0,11,1,330;9;14;230;296;350;418;365;470;699;597
0,1866,1935,1,0,0,7,0,162;60;13;242;54;560;692
1,1860,2141,1,0,0,7,2,168;66;19;242;86;566;698
1,1956,2194,1,0,0,5,3,72;242;54;470;602
1,1868,1947,1,0,0,7,2,160;58;11;242;54;558;690
0,1975,2042,1,0,0,5,0,27;242;54;451;583
1,1962,2047,1,0,0,5,1,27;242;54;464;596
0,2014,2097,1,0,0,5,0,14;211;43;412;544
1,1977,2223,1,0,0,5,3,27;242;54;449;581
1,1654,1705,1,0,0,12,2,5;19;25;93;40;145;374;272;225;571;403;772
0,1653,1703,1,0,0,12,0,6;20;26;94;41;146;375;273;226;572;404;773
1,1725,1791,1,0,0,8,1,22;74;303;201;96;500;332;701
1,1722,1798,1,0,0,8,2,25;77;306;204;157;503;335;704
1,1769,1844,1,0,0,7,2,30;219;157;96;456;288;657
1,1762,1830,1,0,0,7,2,37;266;164;96;463;295;664
1,1840,2095,1,0,0,7,2,188;86;39;242;217;586;718
1,1833,2041,1,0,0,7,3,195;93;46;392;224;593;725
43
297,912,187.88,9
1271,1926,34.27,9
304,1141,26.65,11
1406,1879,70.19,8
396,1200,189.98,11
1472,2225,180.37,11
463,1079,0.00,9
1537,2057,163.91,8
1564,2426,148.26,10
510,1235,0.00,9
1783,2558,184.41,9
530,1659,303.61,9
2032,2657,0.00,9
542,1193,0.00,9
2058,2797,253.43,11
550,1338,0.00,10
622,1343,144.10,9
984,1673,197.50,9
1023,1625,0.00,11
99,917,448.35,11
1079,1679,0.00,9
128,731,114.05,11
1082,1747,139.62,11
171,1015,0.00,9
1165,1694,0.00,8
209,694,50.22,11
1203,1799,99.10,9
289,789,0.00,9
1230,2028,125.95,11
2961,3652,114.70,9
2743,3201,0.00,10
3006,3660,32.85,10
2989,4034,66.35,10
3359,4119,0.00,9
3084,3649,0.00,9
2285,3151,136.08,9
2158,2943,137.64,11
2474,3264,152.93,9
2308,3145,118.22,10
2540,3056,0.00,8
2538,3275,0.00,11
2641,3416,89.07,8
2586,2938,0.00,8
