1000
1,28042,28121,1,0,1763,8,3,120;59;266;347;182;190;309;763
1,28043,28101,1,0,1950,8,3,119;58;266;347;181;189;308;762
1,27994,28054,1,0,1965,8,3,168;110;266;397;230;232;357;811
1,27999,28054,1,0,1904,8,1,163;59;266;392;225;232;352;806
1,27973,28041,1,0,1888,9,3,20;189;116;266;418;251;254;378;824
1,27979,28060,1,0,1903,9,1,14;183;110;266;412;245;253;372;824
1,27958,28015,1,0,2059,10,1,35;204;2;116;266;433;266;274;393;847
1,27972,28048,1,0,2184,9,3,21;190;116;266;419;252;254;379;833
1,27916,27994,1,0,2262,10,2,77;246;44;116;532;475;308;316;435;889
1,27942,28225,1,0,2574,10,6,51;220;18;116;506;449;282;290;409;863
1,27806,28078,1,0,2684,11,5,187;356;84;154;327;4;642;535;418;426;520
1,27864,28160,1,0,2262,10,8,129;298;26;96;269;584;527;360;368;487
1,27792,27847,1,0,2699,11,2,201;370;93;168;341;18;656;538;432;440;559
1,27795,27872,1,0,2449,11,3,198;367;93;165;338;15;653;538;429;437;520
1,27643,27879,1,16,2387,9,3,350;519;129;317;490;167;805;538;581
1,27752,27840,1,0,2340,11,2,241;410;129;208;381;58;696;538;472;480;599
1,27583,27655,1,0,2418,9,2,410;579;129;377;550;227;865;538;641
1,27577,27850,1,0,2621,9,7,416;585;132;383;556;233;871;538;647
1,27569,27867,1,0,2746,9,7,424;593;132;391;564;241;879;822;655
1,27558,27772,1,0,2542,10,5,8;435;604;317;402;575;252;890;833;666
1,27519,27572,1,0,2496,9,1,47;474;643;317;441;592;291;929;872
1,27499,27563,1,0,2527,9,2,67;494;663;317;461;597;311;949;892
1,27496,27577,1,16,2433,9,1,70;497;666;394;464;597;314;952;895
1,27454,27509,1,0,2590,9,1,112;539;708;436;506;597;356;994;937
1,27401,27485,1,0,2528,9,1,165;592;51;761;489;559;597;389;1047
1,27368,27651,1,0,2543,9,5,198;625;80;794;522;592;597;442;1060
1,27364,27617,1,15,2528,9,6,202;629;80;798;526;596;769;446;1060
1,27348,27405,1,0,2340,9,1,218;645;80;814;542;612;785;462;1100
1,27323,27399,1,0,2964,9,2,243;670;129;839;567;637;810;487;1125
1,27227,27428,1,0,2621,10,3,80;37;339;80;766;143;935;663;733;906
0,27199,27274,1,16,0,10,0,108;65;367;108;794;143;963;691;761;934
1,27196,27248,1,0,3260,10,3,111;68;370;111;797;213;966;694;764;937
1,27049,27347,1,0,2855,9,4,258;215;517;237;32;944;403;1113;841
1,27080,27285,1,0,2730,9,4,227;184;486;227;29;913;372;1008;810
0,27085,27141,1,0,0,9,0,222;179;481;222;24;908;237;1008;805
1,27167,27447,1,0,2574,9,5,140;97;399;140;826;237;995;723;793
1,26996,27083,1,0,2684,8,1,42;311;268;548;237;113;997;456
1,27016,27086,1,0,3307,10,1,22;291;248;548;237;72;977;436;1146;874
1,27027,27092,1,0,3183,10,1,11;273;237;539;237;72;966;425;1135;863
1,27039,27099,1,0,2823,9,1,268;225;527;237;43;954;413;1123;851
1,26877,27175,1,0,2793,7,5,161;430;90;387;548;430;232
1,26917,26977,1,0,2870,7,1,121;390;50;347;548;253;192
0,26960,27013,1,0,0,8,0,78;347;7;304;548;253;149;1033
1,26962,27257,1,16,2901,8,5,76;345;5;302;548;253;147;1031
1,26804,27028,1,0,2636,8,2,32;234;471;163;460;548;503;305
0,26812,26874,1,0,0,8,0,24;226;471;155;452;548;495;253
1,26819,27104,1,0,2683,8,5,17;219;471;148;445;548;488;253
1,26841,27111,1,0,2792,7,2,197;466;126;423;548;466;253
0,26728,26790,1,0,0,7,0,61;271;579;239;536;838;579
1,26696,26784,1,0,2356,5,1,61;342;611;271;568
1,26788,26853,1,0,2902,8,1,48;250;519;179;476;548;519;321
1,26770,27066,1,0,3229,8,6,61;268;537;197;494;796;537;339
1,26602,26838,1,0,2028,5,2,72;234;413;705;365
0,26590,26666,1,0,0,5,0,84;246;413;717;377
1,26606,26684,1,0,2028,5,1,68;230;379;701;361
1,26606,26848,1,16,1950,5,2,68;230;375;701;361
0,26523,26573,1,0,0,5,0,140;313;413;784;444
1,26520,26592,1,0,2230,5,1,154;316;413;787;447
1,26530,26601,1,0,2231,5,2,140;306;413;777;437
0,26524,26591,1,0,0,5,0,140;312;413;783;443
0,26510,26566,1,0,0,4,0,164;326;528;797
1,26459,26533,1,0,1310,3,1,215;377;579
1,26518,26803,1,0,2075,5,2,156;318;441;789;449
1,26513,26600,1,0,1623,4,1,161;323;525;794
1,29299,29362,1,0,1856,6,1,36;8;448;215;284;460
1,29290,29522,1,0,1513,6,3,45;17;457;224;455;469
1,29266,29323,1,0,2121,7,1,69;17;34;481;248;479;493
1,29224,29500,1,0,2652,9,5,38;24;111;59;34;523;290;521;535
1,29393,29467,1,0,2013,5,1,354;121;284;366;540
0,29393,29482,1,0,0,5,0,354;65;284;366;540
1,29370,29572,1,16,1810,5,3,377;138;284;389;648
1,29333,29390,1,0,1981,6,1,2;414;181;284;426;685
1,29099,29171,1,0,1856,10,1,163;149;236;184;67;208;618;357;646;660
1,29068,29133,1,0,2558,10,2,194;180;267;215;98;239;618;357;677;691
1,29050,29120,1,0,2152,9,3,212;198;285;233;116;257;638;357;695
1,29011,29240,1,0,2355,8,6,251;237;324;272;155;296;736;357
1,29207,29294,1,0,2356,9,3,55;41;128;76;100;540;307;538;552
1,29153,29223,1,0,1935,10,3,73;95;182;130;13;154;594;356;592;606
1,29149,29203,1,16,2340,10,2,113;99;186;134;17;158;598;356;596;610
0,29132,29210,1,0,0,10,0,130;116;203;151;34;175;615;356;613;627
1,28661,28745,1,0,2386,11,1,144;67;272;151;171;601;203;587;515;622;505
1,28678,28755,1,0,2184,12,1,127;50;244;134;154;584;186;570;515;605;488;629
1,28725,28787,1,0,3166,12,1,80;3;208;87;107;537;139;523;515;558;441;582
1,28726,28807,1,0,3058,12,3,79;2;207;86;106;536;127;522;515;557;440;581
1,28825,29084,1,0,2870,9,7,108;7;437;39;423;510;458;341;482
1,28882,28968,1,0,3369,9,2,51;265;366;453;401;284;425;865;632
1,28902,28962,1,0,3213,9,2,31;265;346;433;381;264;405;845;593
1,28944,29179,1,0,2215,8,3,265;304;391;339;213;363;803;570
1,28547,28623,1,0,2371,10,1,258;158;386;265;285;715;317;701;759;736
1,28599,28680,1,0,1981,11,1,206;129;334;213;233;663;265;649;736;684;567
1,28603,28672,1,0,2247,11,3,202;125;330;209;229;659;228;645;732;680;563
1,28610,28665,1,0,2278,11,1,195;118;323;202;222;652;228;638;713;673;556
1,28610,28876,1,0,2496,11,7,195;118;311;202;222;652;228;638;713;673;556
1,28613,28877,1,0,2169,11,7,192;115;311;199;219;649;228;635;713;635;553
0,28631,28685,1,0,0,11,0,174;97;302;181;201;631;228;617;515;635;535
1,28642,28728,1,0,2075,11,1,163;86;291;170;190;620;222;606;515;635;524
1,28320,28409,1,0,2277,8,3,128;71;31;485;408;613;492;512
1,28283,28532,1,0,1669,7,1,165;108;68;522;445;650;496
1,28346,28593,1,0,1794,8,4,102;45;5;459;354;461;466;486
1,28338,28558,1,0,1966,8,5,110;53;13;467;354;595;474;494
1,28489,28554,1,0,2090,9,1,316;239;444;323;343;773;375;739;846
1,28484,28552,1,0,2091,9,3,321;244;449;328;348;778;380;764;851
1,28530,28589,1,0,1997,9,3,275;198;403;282;302;732;334;718;805
1,28530,28801,1,0,2184,9,7,275;158;403;282;302;732;334;718;805
1,28074,28130,1,0,2028,8,2,88;41;266;317;150;152;277;731
1,28070,28150,1,0,1981,8,1,92;41;266;321;154;162;281;735
1,28169,28466,1,0,1794,9,6,266;222;55;63;182;636;559;743;643
1,28137,28387,1,0,2137,9,5,25;266;254;87;95;214;668;591;796
0,28199,28282,1,0,0,9,0,249;192;25;33;152;606;529;734;496
1,28174,28233,1,0,1794,9,2,266;217;50;58;177;631;554;743;496
1,28232,28297,1,0,1935,8,2,216;159;0;119;573;496;686;496
1,28227,28501,1,0,1857,8,4,221;164;5;124;578;501;706;496
1,23652,23724,1,0,1591,6,1,110;488;304;223;558;197
1,23698,23779,1,0,1794,6,1,64;442;275;212;512;151
1,23710,23796,1,0,1654,6,1,52;427;263;200;500;139
1,23720,23801,1,0,1654,6,1,42;420;253;163;490;129
1,23542,23606,1,0,1919,6,1,220;586;304;368;668;307
1,23586,23644,1,0,2106,6,1,176;554;304;324;624;263
1,23591,23648,1,0,2199,6,1,171;549;304;315;619;258
1,23612,23698,1,0,2044,6,1,150;528;304;279;598;237
1,23934,23993,1,0,1732,5,2,206;39;217;564;876
1,24017,24276,1,0,1904,6,4,123;193;481;793;381;716
1,24041,24112,1,0,2340,7,2,99;169;457;769;351;692;523
0,24041,24115,1,0,0,7,0,99;121;457;769;351;692;523
1,23744,23826,1,0,1576,6,2,18;396;229;163;466;105
0,23763,23835,1,0,0,5,0,377;204;147;447;86
1,23780,23844,1,0,1544,6,2,360;193;130;430;69;718
1,23781,24039,1,0,1716,6,3,359;192;129;418;68;717
1,24146,24419,1,0,2356,7,4,64;319;601;252;587;259;624
1,24146,24396,1,0,2449,7,3,64;319;601;252;509;259;624
1,24257,24323,1,0,1872,7,2,241;553;141;476;259;513;635
1,24184,24407,1,0,2106,7,3,26;314;601;214;509;259;550
1,24111,24358,1,0,2590,8,6,29;99;319;699;287;622;453;659
1,24106,24192,1,0,2106,8,1,34;104;392;704;292;627;458;664
0,24135,24192,1,0,0,8,0,5;75;319;601;263;598;259;635
1,24119,24327,1,0,2262,8,3,21;91;319;601;279;614;445;651
0,24389,24451,1,0,0,8,0,109;421;7;344;175;381;465;881
1,24355,24408,1,0,2122,8,1,143;455;43;378;196;415;465;915
1,24443,24687,1,0,1981,9,5,55;367;273;121;327;449;827;719;602
1,24413,24481,1,0,2075,9,3,85;397;320;151;357;465;857;749;632
1,24274,24338,1,0,1857,7,2,224;536;124;449;259;496;465
1,24263,24470,1,0,1872,7,4,235;547;135;449;259;507;629
1,24345,24404,1,0,1763,8,2,153;465;53;388;219;425;465;925
1,24302,24376,1,0,1701,7,2,196;508;96;431;259;468;465
1,22853,23094,1,0,2574,12,7,45;206;302;142;25;89;601;122;114;495;418;527
1,22861,22917,1,0,2184,12,1,37;198;294;134;17;81;599;114;106;277;410;519
1,22716,22769,1,0,1997,11,1,182;343;439;279;162;226;744;259;251;632;555
1,22847,22932,1,0,2418,12,5,51;212;308;148;31;95;613;128;120;501;424;533
1,22647,22706,1,0,2527,14,1,251;43;18;59;412;508;348;231;295;776;328;317;701;579
1,22676,22750,1,0,2028,13,2,222;14;30;383;479;317;202;266;776;299;291;672;579
1,22607,22659,1,0,3245,14,1,291;83;58;99;452;548;381;271;335;814;368;317;741;579
1,22612,22874,1,0,3385,14,7,286;78;53;94;447;543;368;266;330;814;363;317;736;579
0,23095,23149,1,0,0,8,0,60;365;253;103;285;667;1008;878
1,23097,23394,1,0,2574,8,6,58;363;251;103;283;665;1008;876
0,23004,23071,1,0,0,9,0,55;151;456;277;103;376;758;1118;969
1,23090,23160,1,0,2480,8,1,65;370;258;103;290;672;1050;883
0,22881,22960,1,0,0,11,0,17;178;274;112;41;579;94;86;277;103;499
1,22999,23267,1,0,2465,8,3,60;156;461;277;103;381;763;1141
1,22879,23171,1,0,2137,11,6,19;180;276;112;63;581;96;88;277;392;501
1,22880,22944,1,0,1919,11,1,18;179;275;112;62;580;95;87;277;103;500
1,23292,23361,1,0,2153,9,2,168;56;88;470;848;514;608;918;557
1,23291,23506,1,0,2168,9,4,169;57;89;471;849;682;608;919;558
1,23250,23308,1,0,2137,9,2,210;98;21;130;512;890;723;628;960
1,23213,23426,1,0,2106,9,6,247;135;45;167;534;927;760;697;997
1,23211,23277,1,0,1935,9,2,249;137;45;169;551;929;762;699;999
1,23185,23247,1,0,2293,8,2,275;163;86;195;553;955;788;725
0,23181,23236,1,0,0,8,0,279;167;90;199;553;959;792;729
1,23137,23219,1,0,2122,8,2,18;323;211;103;243;625;1003;836
1,23531,23615,1,0,1918,6,1,231;609;304;379;679;318
1,23496,23742,1,0,1950,6,5,266;626;304;414;714;353
1,23473,23684,1,0,1810,6,4,289;640;304;437;737;376
1,23456,23524,1,0,1716,7,2,4;306;684;304;454;754;393
1,23446,23734,1,16,1888,7,5,14;316;694;514;464;764;403
1,23380,23463,1,0,1669,8,1,80;0;382;760;514;530;830;469
1,23338,23420,1,0,2231,9,1,122;10;42;424;802;514;572;872;511
1,23302,23354,1,0,1966,9,1,158;46;78;460;838;514;595;908;547
1,25455,25518,1,0,1623,6,2,57;513;138;607;257;309
1,25465,25718,1,0,1529,6,5,47;513;122;607;247;299
1,25553,25611,1,0,1248,5,2,451;40;535;159;211
1,25555,25618,1,0,1185,5,1,415;38;533;157;209
0,25614,25683,1,0,0,7,0,390;474;98;150;702;554;735
0,25680,25746,1,0,0,8,0,324;408;32;84;636;488;669;620
1,25716,25958,1,0,2044,7,5,288;372;48;600;452;633;584
0,25764,25853,1,0,0,8,0,240;324;0;552;404;585;536;910
0,25776,25841,1,0,0,8,0,228;312;540;392;573;524;898;529
1,25836,25896,1,0,2574,9,1,168;252;480;332;513;464;838;469;398
1,25894,25968,1,0,2465,9,2,110;194;422;274;455;406;780;411;340
1,25896,25959,1,0,2481,9,2,108;192;420;272;453;393;778;409;338
1,25916,26122,1,0,2995,9,6,88;172;400;252;433;377;758;389;318
1,25994,26248,1,0,2636,9,3,10;94;322;118;355;306;680;311;240
0,26001,26070,1,0,0,9,0,3;87;315;118;348;299;585;304;233
0,26026,26093,1,0,0,8,0,62;290;118;323;274;585;279;208
1,26043,26117,1,0,2184,8,1,45;273;118;306;231;585;262;191
1,26038,26094,1,0,2387,8,1,50;278;118;311;262;585;267;196
1,26060,26333,1,0,2278,8,3,28;80;108;289;231;582;245;174
1,26050,26346,1,0,2356,8,4,38;266;118;299;231;582;255;184
0,26127,26187,1,0,0,8,0,80;41;222;160;547;178;107;709
1,26114,26175,1,0,2762,7,1,80;54;235;186;560;191;120
1,26196,26495,1,0,2496,7,3,80;153;104;478;109;38;640
1,26172,26259,1,0,2652,7,2,80;177;128;502;133;62;664
0,26219,26301,1,0,0,7,0,80;130;66;455;86;15;439
1,26204,26256,1,0,2153,7,2,80;145;96;470;101;30;439
0,26342,26392,1,0,0,4,0,7;332;439;696
0,26303,26361,1,0,0,5,0,13;46;371;2;439
0,26407,26490,1,0,0,3,0,267;429;631
0,26387,26450,1,0,0,3,0,287;439;651
0,26452,26517,1,0,0,3,0,222;384;586
1,26407,26617,1,0,1264,3,2,267;429;631
1,24559,24622,1,0,2028,11,3,251;173;5;211;333;614;603;486;823;451;655
1,24564,24645,1,0,1950,11,1,246;169;0;189;328;614;598;481;818;446;650
1,24446,24686,1,0,1716,9,2,52;364;273;118;324;446;614;716;599
1,24551,24634,1,0,1763,10,3,259;182;13;219;341;614;611;494;831;459
1,24665,24740,1,0,2153,10,2,145;68;105;227;605;497;380;717;345;549
1,24678,24763,1,0,1685,10,1,132;55;92;214;592;484;367;704;309;536
1,24570,24636,1,0,2106,10,3,234;163;189;322;614;592;475;812;440;644
1,24607,24660,1,0,2153,10,3,203;126;163;285;614;555;438;775;403;607
1,24743,24796,1,0,1482,9,1,67;7;149;527;419;302;639;267;459
1,24765,24815,1,0,1575,9,2,45;5;127;505;397;280;617;245;435
1,24682,24746,1,0,1747,10,4,128;51;88;210;588;480;363;700;309;459
1,24732,24794,1,0,1966,10,3,78;1;38;160;538;430;313;650;278;459
1,24904,24989,1,0,1670,7,1,366;49;141;478;106;310;608
1,24927,25158,1,0,1919,7,2,328;49;118;455;83;287;585
1,24847,24905,1,0,1669,8,2,45;423;315;198;535;163;367;665
1,24898,25153,1,0,1747,7,5,372;264;147;484;112;316;614
1,25086,25175,1,0,1997,6,1,184;44;296;128;426;918
1,25018,25102,1,0,1420,6,2,252;49;27;364;196;466
0,24964,25014,1,0,0,7,0,306;49;81;418;46;248;466
1,24951,25001,1,0,2043,7,1,319;49;94;431;59;263;466
1,25197,25270,1,0,1810,7,1,73;185;17;315;782;396;891
0,25174,25224,1,0,0,7,0,96;208;40;338;782;419;914
1,25167,25243,1,0,1965,7,1,103;215;47;345;837;426;921
1,25123,25185,1,0,1357,7,2,147;39;259;91;389;881;470
1,25372,25428,1,0,1903,6,1,10;140;513;221;716;340
1,25282,25530,1,0,1794,6,4,100;230;722;297;806;430
1,25206,25279,1,0,1825,7,1,64;176;8;302;782;297;882
1,25201,25405,1,0,2059,7,3,69;181;13;302;782;392;887
1,25450,25513,1,0,1653,6,1,62;513;143;609;262;314
1,25429,25496,1,0,1654,5,1,83;513;164;659;269
1,25403,25483,1,0,1903,5,1,98;513;190;685;309
0,25379,25430,1,0,0,6,0,3;98;513;214;709;333
1,20202,20262,1,0,1342,4,1,181;334;356;489
1,20175,20242,1,0,1341,4,1,208;361;383;516
1,20209,20449,1,0,1404,4,3,174;327;331;482
0,20206,20269,1,0,0,4,0,177;330;331;485
1,20019,20087,1,0,1794,6,2,107;85;364;433;539;672
1,20003,20060,1,0,1684,6,2,118;101;380;433;555;688
1,20115,20192,1,0,1342,5,1,11;268;421;443;576
1,20063,20133,1,0,1809,6,2,63;41;320;433;495;628
1,19908,19978,1,0,1669,6,2,167;196;475;628;650;778
1,19856,19942,1,0,1623,6,1,167;248;527;680;702;835
1,19980,20048,1,0,1514,6,2,146;124;403;433;578;711
1,19978,20236,1,0,1358,6,4,148;126;405;558;580;713
1,19769,19832,1,0,1419,6,4,167;335;16;614;767;789
1,19750,19972,1,0,1061,6,1,376;354;35;633;786;808
1,19807,19887,1,0,1404,5,4,167;297;576;729;739
1,19802,19864,1,0,1513,5,3,167;302;581;734;756
1,20510,20560,1,0,1623,7,2,26;48;181;544;395;588;886
1,20526,20606,1,0,1622,7,3,10;32;165;544;395;588;870
1,20632,20682,1,0,1950,7,2,59;481;318;583;764;471;344
1,20657,20933,1,0,2153,7,7,34;456;293;558;727;446;319
1,20464,20539,1,0,1716,6,1,72;94;227;544;395;751
1,20480,20551,1,0,1669,6,1,26;78;211;544;395;735
0,20492,20546,1,0,0,7,0,26;66;188;544;395;723;904
1,20507,20745,1,0,1638,7,4,26;51;184;544;395;708;889
1,20360,20630,1,0,1762,6,5,2;176;198;331;545;590
1,20381,20671,1,16,1763,6,5,2;155;177;310;545;395
1,20442,20502,1,0,1529,6,1,94;116;249;544;395;773
1,20444,20507,1,0,1576,6,1,92;114;243;544;395;771
1,20233,20306,1,0,1342,4,1,150;303;325;458
1,20244,20303,1,0,1435,4,1,139;292;314;445
1,20294,20584,1,0,1716,5,5,89;242;264;397;819
1,20318,20533,1,0,1935,5,3,65;218;240;373;545
1,19228,19284,1,0,2714,12,1,258;209;56;216;435;374;428;431;305;846;334;876
1,19221,19301,1,0,3151,14,1,265;0;216;63;0;223;442;374;435;438;312;846;402;883
1,19195,19418,1,15,3120,15,7,4;291;26;242;89;26;249;468;374;461;444;338;931;428;909
1,19179,19254,1,0,3229,15,2,20;307;42;258;105;42;265;484;374;477;480;354;947;444;925
1,19153,19397,1,0,3229,14,6,46;333;68;284;131;68;291;510;521;503;506;380;973;470
1,19126,19183,1,0,2933,12,3,73;360;95;311;158;95;318;526;548;530;533;385
1,19120,19187,1,0,2652,12,2,79;366;101;317;164;101;324;543;554;536;539;385
1,19108,19172,1,0,3198,13,2,1;91;378;113;329;176;113;336;555;566;548;551;385
1,19102,19191,1,0,3105,13,3,7;97;384;119;335;182;119;342;561;572;554;557;431
1,19047,19118,1,0,2683,14,1,62;50;152;439;174;390;237;174;397;616;627;609;612;486
0,19012,19066,1,0,0,14,0,97;85;187;474;209;425;272;209;432;651;662;644;647;521
1,18970,19027,1,0,2668,14,2,139;127;229;516;234;467;314;251;474;679;704;686;689;563
1,18925,19002,1,0,2854,13,3,156;13;35;172;274;561;296;512;359;296;490;679;749
0,18909,18959,1,0,0,13,0,156;29;51;188;290;577;312;528;375;312;490;679;765
1,18877,19083,1,0,4009,13,7,156;61;83;220;322;609;344;539;407;344;567;786;797
1,18877,19100,1,0,4025,13,7,156;61;83;220;322;609;344;539;407;344;490;786;797
1,19559,19645,1,16,1716,8,2,104;115;97;100;567;64;459;226
1,19660,19732,1,0,1435,7,3,3;14;466;444;125;723;876
1,19453,19503,1,0,1982,10,1,33;210;221;203;206;80;673;142;459;332
0,19549,19627,1,0,0,8,0,114;125;107;110;577;74;459;236
1,19429,19512,1,0,2340,12,2,57;8;15;234;245;227;230;104;697;194;675;356
1,19437,19718,1,0,1857,12,8,49;0;7;226;237;219;222;96;689;142;667;348
1,19335,19399,1,0,2137,11,1,151;102;109;324;339;321;322;198;791;288;769
1,19429,19496,1,0,2324,12,2,57;8;15;234;245;227;230;104;697;181;675;356
1,19295,19346,1,0,2247,11,2,191;114;146;368;360;361;322;238;831;328;809
1,19312,19394,1,0,2028,11,3,153;114;132;351;360;344;322;221;814;311;792
1,19286,19337,1,0,2059,11,3,200;151;146;377;360;370;344;247;840;334;818
1,19291,19368,1,0,2246,11,1,195;114;146;372;360;365;344;242;835;332;813
1,19275,19348,1,0,1965,12,1,211;156;9;169;388;360;381;384;258;846;334;829
1,19282,19368,1,0,2184,12,3,204;155;2;162;381;360;374;344;251;844;334;822
1,19249,19302,1,0,2855,12,3,237;188;27;195;414;374;407;410;284;846;334;855
1,19266,19330,1,0,2246,12,3,220;156;18;178;397;374;390;393;267;846;334;838
1,22088,22174,1,0,2543,8,3,152;140;136;352;95;794;602;577
1,22077,22130,1,0,2434,8,2,159;151;147;363;106;814;613;588
1,22166,22238,1,0,2402,9,3,74;30;58;274;17;732;524;499;540
1,22136,22221,1,0,2746,8,3,104;92;88;304;47;762;554;529
1,22188,22271,1,0,2465,8,1,52;14;36;252;710;502;477;518
0,22188,22277,1,0,0,8,0,52;14;36;252;677;502;477;518
1,22221,22450,1,16,4383,12,4,12;7;3;219;677;469;444;485;838;934;774;657
1,22213,22286,1,0,3916,11,2,27;14;11;227;677;477;452;493;846;942;782
1,21871,21931,1,0,3057,7,1,348;357;353;168;569;312;1027
1,21856,21918,1,0,2746,7,1,384;372;368;183;584;327;1042
1,21994,22233,1,0,3869,9,4,221;234;230;45;446;189;904;696;671
1,21991,22048,1,0,3760,9,1,249;237;233;48;449;192;907;699;674
1,22010,22069,1,0,3213,9,2,221;218;214;29;430;153;888;680;588
1,22005,22073,1,0,3198,9,2,221;223;219;34;435;178;893;685;588
1,22068,22154,1,0,2933,8,1,172;160;156;372;115;814;622;588
1,22028,22107,1,0,3198,9,3,212;200;196;11;412;135;870;662;588
1,22434,22652,1,0,3525,12,10,6;464;256;231;272;625;652;561;444;508;1026;541
1,22512,22597,1,0,2574,11,3,386;178;153;194;547;643;483;366;430;814;463
1,22523,22590,1,0,2871,12,4,375;167;142;183;521;632;472;355;419;814;452;444
1,22531,22608,1,0,3120,12,4,367;159;114;175;521;624;464;347;411;814;444;436
1,22562,22805,1,0,3198,14,8,336;128;103;144;497;593;433;316;380;814;413;405;786;709
1,22573,22655,1,0,3245,14,4,325;117;92;133;486;582;422;305;369;814;402;394;775;579
1,22584,22640,1,0,3650,14,3,314;106;81;122;475;571;411;294;358;814;391;317;764;579
1,22591,22673,1,0,3230,14,2,307;99;74;115;468;564;404;287;351;814;384;317;757;579
1,22229,22312,1,0,4165,11,2,11;211;669;461;436;329;830;926;766;649;713
1,22235,22443,1,0,3729,11,5,5;205;663;455;430;329;824;872;760;643;707
1,22237,22528,1,0,3869,11,10,3;203;661;453;428;329;636;872;758;641;705
1,22253,22518,1,0,3620,10,5,187;645;437;412;329;636;652;742;625;689
1,22284,22338,1,0,4088,11,1,156;614;406;231;329;636;652;711;594;658;1176
1,22288,22361,1,0,4602,11,1,152;581;402;231;329;636;652;707;590;654;1172
1,22302,22362,1,0,4118,11,1,138;581;388;231;329;636;652;655;576;640;1158
1,22407,22460,1,0,3214,11,2,33;491;283;231;299;636;652;588;471;535;1053
1,21093,21154,1,0,2902,9,2,20;121;303;10;427;276;471;423;667
0,21086,21143,1,0,0,9,0,27;121;310;17;434;283;478;430;667
1,21080,21149,1,0,2730,9,2,33;135;316;23;440;289;484;436;667
1,21056,21127,1,0,2480,9,2,57;159;340;47;464;313;508;460;667
1,21180,21264,1,0,1919,7,2,35;216;340;189;367;336;558
1,21159,21214,1,0,1856,7,2,56;237;361;210;367;357;562
1,21155,21234,1,0,2106,7,2,60;241;365;214;374;361;562
1,21114,21192,1,0,2200,7,2,101;282;406;255;450;402;562
0,20825,20906,1,0,0,9,0,288;125;390;571;278;105;695;544;739
1,20805,20892,1,0,2402,8,2,308;145;410;591;298;107;715;564
1,20719,20783,1,0,1826,6,1,394;231;496;677;384;107
0,20666,20716,1,0,0,7,0,25;447;284;549;727;437;107
1,21022,21299,1,0,2590,9,6,91;193;374;81;498;347;542;494;820
1,20940,21197,1,0,2777,11,4,173;10;275;456;163;36;580;429;624;576;902
1,20870,20947,1,0,2496,10,1,243;80;345;526;233;105;650;499;694;646
1,20835,20914,1,0,3135,10,3,278;115;380;561;268;105;685;534;729;681
0,21545,21630,1,0,0,6,0,19;297;186;153;695;683
1,21630,21681,1,0,2574,7,2,212;186;68;610;598;594;409
0,21515,21581,1,0,0,8,0,5;49;1;327;317;183;725;713
1,21526,21774,1,0,1778,6,4,38;316;306;172;714;702
1,21723,21783,1,0,2106,7,2,77;109;433;505;501;316;717
1,21828,21883,1,0,2839,9,1,14;4;412;400;396;211;612;355;1070
1,21686,21770,1,0,1888,7,1,156;146;12;554;542;538;353
1,21693,21924,1,0,1965,7,2,77;139;5;547;535;531;346
1,21264,21485,1,0,3042,8,5,132;256;105;292;252;558;568;434
1,21311,21388,1,0,2449,9,1,85;209;58;253;205;531;521;244;929
0,21239,21293,1,0,0,7,0,157;281;130;325;277;558;593
1,21256,21317,1,0,2980,8,1,140;264;113;308;260;558;576;442
0,21466,21523,1,0,0,8,0,54;98;50;376;366;232;774;762
1,21474,21546,1,0,2137,8,1,46;90;42;368;358;224;766;754
1,21362,21447,1,0,2246,9,1,34;158;7;202;154;480;470;244;878
1,21434,21522,1,0,1919,8,1,86;130;82;408;398;244;806;794
1,17761,17817,1,0,2683,8,1,252;341;35;276;143;502;559;646
1,17671,17745,1,0,2433,8,1,3;342;386;35;366;233;592;649
1,17792,17850,1,0,2668,8,1,221;310;19;245;112;460;528;435
1,17783,18074,1,0,2667,8,5,230;319;28;254;121;460;537;624
1,17637,17716,1,0,2090,7,1,37;376;386;174;400;267;626
1,17609,17665,1,0,1638,6,2,65;404;386;202;428;295
1,17657,17922,1,0,2340,7,5,17;356;386;154;380;247;606
0,17643,17731,1,0,0,7,0,31;362;386;168;394;261;620
1,17521,17571,1,0,1857,7,2,79;153;492;581;290;516;383
1,17484,17550,1,0,1825,7,2,116;190;529;618;327;553;420
1,17609,17675,1,0,1638,6,2,65;404;386;202;410;295
1,17566,17775,1,0,1965,7,4,34;108;447;536;245;471;338
1,17416,17486,1,0,1996,7,2,184;258;597;680;395;621;488
1,17388,17451,1,0,2199,7,1,212;286;625;680;423;649;516
1,17446,17508,1,0,2028,7,1,154;228;567;656;328;591;458
1,17431,17512,1,0,1748,7,1,169;243;582;671;380;606;473
1,17311,17560,1,0,2559,7,4,271;363;702;791;500;671;593
0,17343,17414,1,0,0,7,0,257;331;670;680;468;671;561
1,17363,17445,1,0,2465,7,2,237;311;650;680;448;671;541
1,17374,17449,1,0,2590,7,1,226;294;639;680;437;663;530
1,17193,17243,1,0,3697,10,1,51;5;117;271;481;820;909;618;672;711
1,17216,17288,1,0,2684,9,1,28;94;271;457;797;886;595;672;688
0,17288,17347,1,0,0,8,0,22;271;386;725;814;523;672;616
1,17299,17383,1,0,2761,8,2,11;271;375;714;803;512;672;605
1,17105,17309,1,15,2605,9,4,139;93;205;58;495;569;908;997;706
1,17119,17195,1,0,2574,9,2,125;79;191;44;376;555;894;983;692
1,17132,17386,1,0,2979,10,6,112;66;170;31;376;542;881;970;679;905
1,17138,17358,1,0,3338,10,5,106;60;170;25;376;536;875;964;673;672
1,16955,17026,1,0,2168,6,1,289;243;295;208;645;719
1,16996,17245,1,0,2886,7,5,248;202;295;142;604;678;1017
0,17015,17095,1,0,0,7,0,229;183;295;142;585;659;930
1,17055,17105,1,0,2044,8,1,189;143;255;108;545;619;930;1047
1,18841,19096,1,0,3043,11,6,268;97;119;256;358;629;380;539;443;380;603
1,18828,19098,1,0,2917,11,7,281;110;132;269;371;629;393;609;456;393;616
1,18814,18881,1,0,3292,11,1,295;124;135;283;385;662;407;623;470;407;630
1,18804,18867,1,0,2964,11,1,305;134;156;293;395;662;417;633;480;417;640
1,18790,18859,1,0,3042,12,1,319;148;170;307;409;9;696;431;647;494;431;654
0,18746,18797,1,0,0,12,0,363;192;214;351;453;53;740;475;691;538;475;698
1,18676,18739,1,0,2901,12,1,433;262;284;421;24;523;123;810;545;761;608;545
1,18637,18689,1,0,2246,10,1,472;301;323;460;63;543;162;830;584;800
0,18607,18673,1,0,0,10,0,12;502;331;353;460;93;543;192;830;614
1,18605,18691,1,0,2355,10,1,14;504;333;355;460;95;543;194;867;616
1,18572,18652,1,0,3260,11,3,47;537;366;388;461;15;128;543;227;914;649
1,18572,18640,1,0,2730,11,1,47;537;366;388;460;15;128;543;227;914;649
1,18525,18612,1,0,3058,10,1,94;584;413;435;461;62;175;543;274;961
0,18520,18588,1,0,0,10,0,99;589;418;440;461;67;180;543;279;966
1,18492,18704,1,0,3370,10,5,127;617;446;468;461;95;208;707;307;994
1,18458,18667,1,0,2855,10,5,3;161;651;480;502;639;129;242;741;341
1,18291,18374,1,0,2340,9,1,29;116;170;328;818;644;648;806;296
1,18434,18513,1,0,2870,9,2,27;185;675;504;526;663;153;266;765
1,18266,18329,1,0,2137,8,3,54;141;195;353;843;672;694;831
1,18275,18336,1,0,1982,8,2,45;132;186;344;834;663;648;822
1,18128,18191,1,0,1872,5,1,135;192;279;333;491
1,18200,18268,1,0,2324,8,1,63;120;207;261;419;909;738;760
1,18088,18148,1,0,1872,5,1,14;175;232;319;373
1,18110,18199,1,0,1513,4,1,153;210;297;351
1,18048,18121,1,0,1888,5,1,54;200;272;359;413
0,18061,18150,1,0,0,5,0,41;200;259;326;400
0,17993,18057,1,0,0,7,0,20;109;44;270;327;411;468
1,18040,18127,1,0,1747,5,1,62;223;280;367;421
1,17951,18180,1,0,1825,7,2,62;151;86;312;362;435;510
1,17975,18058,1,0,1825,7,2,38;127;62;288;345;432;486
0,17907,17961,1,0,0,7,0,106;195;130;356;413;435;554
1,17931,18017,1,0,1732,7,3,82;171;106;332;389;435;530
1,15414,15648,1,0,4696,15,10,251;311;2;445;264;105;606;386;813;584;592;627;873;717;761
1,15373,15579,1,0,3479,12,5,30;292;352;16;486;305;146;647;427;846;584;633
1,15468,15727,1,0,4196,14,11,197;257;391;210;51;552;332;797;584;538;573;704;663;625
1,15463,15701,1,0,3588,14,7,202;262;396;215;56;557;337;802;584;543;578;704;668;712
1,15522,15601,1,0,4025,15,2,143;191;337;156;498;278;743;560;484;519;576;609;625;797;678
1,15480,15544,1,0,3869,14,2,185;245;379;198;39;540;320;785;584;526;561;576;651;625
1,15585,15643,1,0,3276,15,2,80;140;274;93;435;215;680;497;421;456;576;546;590;734;615
1,15540,15596,1,0,4493,15,3,125;185;319;138;480;260;725;542;466;501;576;591;625;779;660
1,15151,15365,1,0,2481,10,4,184;252;206;514;574;265;562;527;368;869
1,15143,15352,1,0,2871,10,6,192;260;214;522;582;273;716;535;376;877
0,15268,15329,1,0,0,11,0,67;135;89;397;457;148;562;410;251;752;532
0,15206,15265,1,0,0,10,0,129;197;151;459;519;210;562;472;283;814
1,15334,15399,1,0,3370,13,1,1;69;23;331;391;82;525;344;185;686;466;931;584
1,15327,15568,1,0,3401,13,7,8;76;30;338;398;89;532;351;192;693;473;938;755
1,15371,15426,1,0,3978,12,2,32;294;354;45;488;307;148;649;429;846;584;635
1,15344,15589,1,0,3588,13,5,59;13;321;381;72;515;334;175;664;456;921;584;662
1,14826,14899,1,0,2152,7,1,79;271;54;252;577;531;839
1,14881,15124,1,0,3370,9,7,24;216;54;252;522;476;784;844;535
1,14907,15130,1,0,3510,8,3,190;54;252;496;450;758;818;474
0,14968,15022,1,0,0,8,0,129;54;252;435;389;697;669;448
0,15012,15080,1,0,0,10,0,85;35;252;391;345;653;669;404;847;666
1,15046,15135,1,0,3120,12,2,51;1;252;357;311;619;669;370;813;632;473;974
1,15068,15140,1,0,2418,11,1,29;252;335;289;597;657;348;791;610;451;952
1,15074,15156,1,0,2746,11,2,23;252;329;283;591;651;342;785;604;445;902
1,14570,14816,1,0,2652,7,3,38;173;316;50;527;477;760
1,14616,14677,1,0,2855,8,2,86;289;4;481;431;719;787;741
1,14692,14773,1,0,1809,7,1,51;213;405;355;643;711;665
1,14696,14752,1,0,1982,7,2,39;209;401;351;639;707;661
0,14747,14822,1,0,0,6,0,158;350;300;588;656;610
1,14816,15093,1,0,2153,7,4,89;281;231;519;587;541;849
0,14818,14871,1,0,0,7,0,87;279;229;252;585;539;847
1,14821,15075,1,0,1904,7,4,84;276;226;252;582;536;844
1,16812,16897,1,0,1857,4,3,432;386;498;351
0,16791,16855,1,0,0,4,0,453;407;519;372
0,16766,16827,1,0,0,4,0,478;432;544;397
0,16707,16786,1,0,0,4,0,5;537;491;603
1,16943,17031,1,0,2231,6,1,301;255;296;220;657;731
0,16864,16934,1,0,0,5,0,380;334;296;299;736
1,16828,17084,1,0,1747,4,2,384;370;482;335
0,16821,16905,1,0,0,4,0,384;377;489;342
1,16507,16759,1,0,842,2,1,193;737
0,16491,16718,1,0,0,2,0,193;753
1,16404,16690,1,0,390,1,1,308
0,16351,16408,1,0,0,1,0,361
0,16647,16724,1,0,0,2,0,46;597
0,16562,16649,1,0,0,2,0,46;682
0,16551,16636,1,0,0,2,0,46;693
1,16537,16778,1,0,842,2,1,49;707
1,16068,16137,1,0,1919,9,2,197;14;219;20;107;158;132;88;243
1,16175,16422,1,0,1482,7,1,90;112;0;144;25;136;537
1,16044,16130,1,0,1778,9,1,221;38;243;43;131;158;156;122;267
1,16049,16105,1,16,2340,9,2,216;33;238;20;126;158;151;117;262
0,16227,16301,1,0,0,5,0,38;60;71;84;481
0,16345,16638,1,0,0,1,0,367
1,16209,16289,1,0,1903,5,2,56;78;110;102;503
1,16211,16418,1,0,1544,5,1,54;76;71;100;501
1,15672,15746,1,0,2761,17,2,53;187;6;348;115;593;394;334;369;576;459;503;647;528;494;368;639
1,15697,15773,1,0,2293,16,4,28;162;323;103;568;385;309;344;576;434;478;622;503;463;343;614
1,15625,15704,1,0,3479,16,2,40;100;234;53;395;175;640;457;381;416;576;506;550;694;575;541
1,15667,15720,1,0,2230,17,3,58;192;11;353;115;598;415;339;374;576;464;508;652;533;499;373;644
1,16002,16291,1,0,2699,13,6,18;263;80;4;39;285;129;173;317;198;164;38;309
1,16027,16108,1,0,2044,11,1,238;55;14;260;104;148;158;173;139;13;284
1,15711,15765,1,0,1950,16,1,14;148;309;89;554;371;295;330;576;420;464;608;489;455;329;600
1,15862,15949,1,0,2668,13,2,158;403;220;144;179;425;269;313;457;338;304;178;449
0,13112,13171,1,0,0,2,0,569;344
1,13122,13348,1,0,764,2,1,559;344
0,13153,13216,1,0,0,3,0,528;338;520
1,13180,13407,1,0,1560,4,3,501;311;493;330
1,12992,13073,1,0,889,4,1,10;87;593;389
0,13037,13114,1,0,0,3,0,42;593;389
1,13072,13140,1,0,827,3,1,7;593;389
1,13082,13169,1,0,796,2,1,593;375
1,13394,13474,1,0,1404,4,2,287;97;279;116
1,13397,13628,1,0,1154,4,1,284;94;276;93
1,13419,13713,1,0,1826,5,3,262;72;254;91;398
1,13446,13526,1,0,1794,5,2,235;45;227;64;116
0,13196,13248,1,0,0,4,0,485;295;405;314
1,13238,13473,1,0,1497,4,3,443;253;405;272
1,13291,13356,1,0,1731,4,2,390;200;377;219
1,13301,13518,1,0,1498,4,2,380;190;372;172
1,12701,12757,1,0,1357,4,1,278;235;41;378
1,12686,12975,1,0,1513,4,3,285;250;316;393
1,12749,12799,1,0,1904,6,1,230;187;41;328;932;742
1,12709,12947,1,0,2121,5,3,270;227;41;328;972
1,12615,12681,1,0,1061,3,1,364;321;387
0,12519,12596,1,0,0,4,0,460;37;394;483
1,12662,12734,1,0,1451,4,1,317;274;340;417
1,12625,12890,1,0,1077,3,3,354;295;377
1,12926,13013,1,0,1357,6,1,53;10;41;153;613;389
1,12918,13211,1,0,1482,6,2,61;18;41;161;763;389
1,12949,13157,1,0,968,5,1,30;41;123;613;389
1,12948,13004,1,0,1076,5,1,31;41;131;613;389
1,12822,12893,1,0,1279,6,1,157;114;41;257;859;669
1,12772,12849,1,0,1466,6,1,207;164;41;294;909;719
1,12905,13145,1,0,1529,6,3,74;31;41;174;776;586
1,12860,12940,1,0,1373,6,1,119;76;41;219;821;631
0,14250,14315,1,0,0,8,0,222;273;358;493;655;370;793;797
1,14265,14540,1,0,2637,8,6,207;258;343;478;640;355;793;782
1,14233,14301,1,0,2356,8,1,239;14;290;375;510;663;387;864
1,14241,14311,1,0,2714,9,1,231;6;282;367;502;663;379;856;806
1,14212,14287,1,0,2792,9,1,260;35;17;311;396;531;693;408;885
1,14217,14304,1,0,2777,9,1,255;30;12;306;391;526;665;403;880
1,14172,14230,1,0,2699,8,1,300;75;57;351;436;571;733;448
1,14202,14289,1,0,2793,9,1,270;45;27;321;406;541;703;418;895
1,14518,14749,1,0,3292,8,3,5;90;225;387;102;579;529;760
1,14562,14833,1,0,2559,7,2,46;181;343;58;535;485;760
0,14461,14531,1,0,0,9,0,11;62;147;282;444;159;636;586;784
1,14465,14708,1,0,3385,9,5,7;58;143;278;440;155;632;582;784
1,14393,14479,1,0,3245,9,1,79;130;215;350;512;227;704;654;942
1,14401,14687,1,0,3182,9,9,71;122;207;342;504;219;658;646;934
0,14314,14375,1,0,0,8,0,158;209;294;429;591;306;760;733
0,14383,14462,1,0,0,9,0,89;140;225;360;522;237;714;664;952
0,13835,13902,1,0,0,5,0,192;637;412;394;688
0,13778,13858,1,0,0,5,0,39;229;678;469;451
0,13688,13769,1,0,0,5,0,116;229;678;559;541
0,13652,13707,1,0,0,6,0,29;21;116;229;678;595
0,13619,13705,1,0,0,6,0,62;54;116;229;678;628
1,13571,13806,1,0,1732,5,2,110;102;116;229;901
1,13551,13801,1,0,1763,4,2,130;122;116;476
0,13485,13551,1,0,0,6,0,196;6;188;25;116;542
1,14147,14209,1,0,2730,8,1,325;100;82;376;461;596;735;473
0,14117,14203,1,15,0,8,0,355;130;112;406;491;626;735;503
1,14107,14183,1,0,2699,8,1,365;140;122;416;501;636;798;513
0,14028,14096,1,0,0,6,0,444;219;201;495;557;715
1,14017,14088,1,0,2464,6,2,10;455;230;212;506;591
0,13979,14048,1,0,0,6,0,48;493;268;250;544;625
1,13894,13964,1,0,2527,6,1,133;578;353;335;629;625
1,13885,14130,1,0,2808,6,5,142;587;362;344;638;723
1,11086,11141,1,15,1779,8,1,21;44;82;325;217;494;581;955
1,11099,11177,1,0,2074,9,2,8;31;69;312;217;493;568;942;1115
0,11102,11160,1,0,0,9,0,5;28;55;309;217;493;565;939;1112
1,11124,11412,1,0,2074,8,6,6;44;287;217;493;543;917;1090
1,11173,11244,1,0,2059,7,1,238;217;472;494;841;1041;1049
1,11184,11273,1,0,2153,7,2,227;217;461;475;841;1030;1038
1,11254,11319,1,0,1669,7,1,157;187;391;413;787;960;968
1,11259,11340,1,0,2122,7,4,152;182;386;408;782;955;963
1,11307,11373,1,0,1748,7,2,104;134;338;360;734;907;915
1,11369,11440,1,0,2028,9,1,42;72;276;298;672;845;853;707;403
1,11369,11453,1,0,2137,9,1,42;72;213;298;672;845;853;707;403
1,11428,11500,1,0,2028,8,1,13;213;239;613;786;794;648;344
1,11446,11501,1,0,2277,7,1,199;221;595;768;776;630;326
1,11480,11537,1,0,2106,7,1,165;187;561;734;742;596;292
1,11487,11541,1,0,2122,7,1,158;180;554;727;735;589;285
1,11491,11546,1,0,2028,7,1,154;176;550;723;702;585;281
1,10721,10800,1,0,2715,8,3,164;386;128;409;447;690;693;880
0,10707,10784,1,0,0,8,0,178;400;142;423;461;704;693;880
1,10764,10845,1,0,2355,8,3,121;343;85;366;404;647;676;834
1,10754,10990,1,0,1981,8,2,131;353;95;376;414;657;676;880
1,10787,10871,1,16,2262,8,2,98;320;62;343;381;450;654;834
1,10772,11013,1,0,2199,8,5,113;335;77;358;396;639;660;834
1,10900,10986,1,0,2278,7,2,206;230;268;450;541;745;767
1,10793,11015,1,0,2106,8,2,92;314;56;261;375;450;648;834
1,10969,11055,1,0,1716,7,2,138;161;199;396;472;676;698
1,10957,11022,1,0,1466,7,2,150;173;211;429;484;688;710
0,10988,11038,1,0,0,7,0,119;142;180;396;453;657;584
1,10972,11217,1,0,1529,7,5,135;158;196;396;469;673;616
1,11044,11095,1,0,1560,8,1,63;86;124;367;397;601;584;997
1,11007,11207,1,0,1623,7,2,100;123;161;396;434;638;584
1,11077,11156,1,0,1763,8,1,30;53;91;334;217;568;584;964
1,11076,11355,1,0,1732,8,5,31;54;92;335;365;569;584;965
1,12123,12182,1,0,2278,9,2,91;99;340;134;197;209;766;384;347
1,12143,12220,1,0,2340,9,2,71;79;320;114;177;189;766;364;347
1,12095,12379,1,0,2012,9,7,119;127;368;162;225;237;884;412;461
1,12108,12377,1,0,2231,9,4,106;114;355;149;212;224;766;399;448
1,12209,12502,1,0,1763,10,4,5;13;254;48;111;123;766;298;344;727
1,12231,12282,1,0,2090,8,2,232;26;89;101;748;276;325;705
1,12143,12217,1,0,2636,9,3,71;79;282;114;177;189;766;364;347
1,12149,12211,1,0,2059,9,3,65;73;282;108;171;183;766;358;345
1,12310,12555,1,0,2230,7,3,153;10;22;669;197;246;571
1,12326,12394,1,0,1763,6,2,137;6;653;181;230;394
1,12247,12300,1,0,2028,8,2,216;10;73;85;732;260;309;689
1,12257,12458,1,0,2091,8,3,206;0;63;75;722;250;276;679
1,12435,12507,1,0,1467,5,1,28;544;72;121;394
1,12449,12511,1,0,1513,6,1,14;530;58;107;394;553
1,12327,12532,1,0,1763,6,2,136;5;652;167;229;394
1,12402,12687,1,0,1451,5,2,61;577;105;154;394
1,11609,11684,1,0,2184,8,2,36;58;432;605;613;467;163;854
1,11572,11658,1,0,1716,7,2,73;95;469;642;650;504;200
1,11521,11574,1,0,1685,7,1,124;146;520;693;701;526;251
1,11495,11568,1,0,1700,7,1,136;172;546;719;702;581;277
1,11722,11795,1,0,2839,9,2,319;492;500;354;50;741;520;598;610
1,11702,11774,1,0,3088,8,2,339;512;520;374;70;761;555;618
0,11623,11704,1,0,0,8,0,22;44;416;591;599;453;149;840
1,11617,11673,1,0,2184,8,1,24;50;424;597;605;459;155;846
1,11780,12063,1,0,2528,8,5,261;309;442;294;683;477;540;552
0,11764,11839,1,0,0,9,0,277;309;458;294;8;699;493;556;568
0,11758,11834,1,0,0,9,0,283;309;464;294;14;705;499;562;574
1,11754,11955,1,0,2855,9,6,287;460;468;294;18;709;503;566;578
1,11972,12026,1,0,2480,11,2,69;242;250;104;491;285;348;360;1007;535;584
1,11935,12001,1,0,2574,11,3,106;279;287;131;507;322;385;397;1044;572;621
1,11906,11988,1,0,2262,10,3,135;308;316;170;507;351;414;426;1073;601
1,11886,11943,1,0,2886,10,3,155;309;336;190;507;371;434;446;1093;621
1,9129,9179,1,0,4696,17,1,37;164;85;136;215;77;336;340;325;206;495;410;459;708;631;694;507
0,9146,9210,1,0,0,17,0,20;147;68;121;198;60;319;323;323;189;478;393;442;691;614;677;492
1,9109,9164,1,0,4508,17,1,57;184;105;158;235;97;356;360;368;226;515;430;479;728;651;714;507
1,9123,9206,1,0,4680,17,1,43;170;91;136;221;83;342;346;354;212;501;416;465;714;637;700;507
0,9053,9108,1,0,0,17,0,113;240;161;214;35;291;153;412;416;388;282;569;486;535;784;707;770
1,9084,9153,1,0,4851,18,5,82;209;130;183;4;260;122;381;385;388;251;540;455;504;753;676;739;554
1,9013,9078,1,0,5367,17,4,153;280;201;254;75;331;193;452;456;464;322;611;526;575;824;747;810
1,9044,9095,1,0,4696,17,1,122;249;170;223;44;300;162;421;425;433;291;569;495;544;793;716;779
1,8839,8921,1,0,4368,16,2,23;249;78;454;375;428;249;505;367;626;630;638;496;785;700;749
1,8843,8911,1,0,4196,16,1,21;249;74;450;371;424;245;501;363;622;626;634;492;781;696;745
1,8746,8960,1,0,3869,14,9,23;420;171;547;468;521;342;598;460;719;723;731;589;878
1,8794,8871,1,0,4477,16,2,23;249;123;499;420;473;294;550;412;671;675;683;541;830;745;794
0,8724,8789,1,0,0,13,0,23;442;193;569;490;543;364;620;482;741;745;753;611
1,8727,8778,1,0,3338,13,1,23;439;190;566;487;540;361;617;479;738;742;750;608
1,8673,8750,1,0,3588,13,1,23;493;244;620;541;594;415;671;533;792;796;804;662
1,8710,8780,1,0,3229,13,1,23;456;207;583;504;557;378;634;496;755;759;767;625
1,9708,9794,1,0,2589,10,2,129;52;115;225;434;213;110;799;693;463
1,9634,9694,1,0,3105,12,1,203;126;189;4;41;225;508;287;184;873;767;537
1,9535,9771,1,0,3791,14,8,89;4;53;302;219;227;103;60;140;440;567;386;283;948
1,9527,9598,1,0,3978,14,2,97;12;61;310;219;227;111;68;148;448;567;394;287;980
1,9489,9545,1,0,3884,13,1,135;50;99;348;271;227;149;106;186;486;567;432;287
1,9469,9549,1,0,3978,15,3,0;8;155;70;119;368;291;227;169;126;206;506;567;452;349
1,9441,9735,1,0,5491,16,10,24;28;36;183;98;147;396;319;227;197;154;234;534;701;480;377
1,9392,9453,1,0,4977,15,2,73;77;85;232;147;196;445;368;227;246;203;283;583;750;529
1,9365,9642,1,0,4571,14,8,100;104;112;259;174;223;472;395;458;273;230;310;610;777
0,9317,9377,1,0,0,16,0,27;148;152;160;18;307;222;271;479;443;506;321;278;358;658;825
1,9315,9389,1,0,5101,16,2,29;150;154;162;20;309;224;273;522;445;508;323;280;360;660;827
0,9291,9366,1,0,0,16,0,2;53;174;178;186;44;330;248;297;546;469;532;347;304;384;684
1,9264,9341,1,0,5117,17,3,29;3;80;201;205;213;71;360;275;324;570;496;559;374;331;411;711
1,9232,9308,1,0,5351,17,2,61;35;112;233;237;245;103;392;307;356;605;528;591;406;363;443;743
1,9192,9268,1,0,5553,18,1,101;22;75;152;14;273;277;262;143;432;347;396;645;568;631;446;403;483
1,9180,9255,1,0,5242,18,1,113;34;87;164;26;285;289;297;155;444;359;408;657;580;643;458;415;495
1,10151,10234,1,0,1497,5,2,356;250;20;333;734
1,10173,10243,1,0,1560,4,2,334;228;311;712
1,10175,10228,1,0,1497,4,1,332;226;303;710
1,10182,10431,1,0,1560,4,3,309;219;302;703
1,9976,10034,1,0,1669,6,2,166;531;425;176;91;469
1,9978,10046,1,15,1342,6,1,126;529;423;176;91;469
1,10012,10074,1,0,1716,6,1,126;495;389;150;78;469
1,10114,10195,1,0,1450,6,2,28;393;287;57;370;771
1,9824,10063,1,0,2215,9,3,13;151;318;97;683;577;176;266;660
1,9902,10166,1,0,2199,8,3,73;240;19;605;499;176;141;582
1,9966,10031,1,0,2309,7,1,9;176;541;435;176;124;469
1,9969,10049,1,0,1950,7,1,6;173;538;432;176;105;469
1,9714,10003,1,0,2480,10,7,123;46;109;224;428;207;104;793;687;457
1,9760,9833,1,0,1856,10,2,77;0;63;215;382;161;58;747;641;176
1,9788,9846,1,0,2512,11,1,49;35;187;354;133;30;719;613;176;302;696
0,9802,9883,1,0,0,11,0,35;21;173;340;119;16;705;599;176;288;682
1,10602,10673,1,0,2231,7,1,283;505;247;528;566;809;839
1,10539,10601,1,0,1981,6,2,346;568;310;591;629;872
1,10648,10872,1,0,2637,8,5,237;459;201;482;520;763;693;997
1,10610,10846,1,0,2356,8,6,275;497;239;520;542;801;831;1035
0,10345,10426,1,0,0,8,0,162;56;39;540;662;504;707;770
1,10338,10402,1,0,3042,8,2,169;63;39;547;662;511;707;830
1,10483,10572,1,0,1903,8,2,24;1;402;624;366;647;685;928
0,10355,10420,1,0,0,8,0,152;46;39;530;662;494;707;770
0,10295,10346,1,0,0,7,0,212;106;39;590;662;554;835
1,10288,10539,1,0,1887,6,2,219;113;39;593;819;561
1,10317,10603,1,0,2792,7,4,190;84;39;568;662;532;813
0,10309,10359,1,0,0,7,0,198;92;39;576;662;540;821
1,10228,10285,1,0,1451,4,1,279;173;256;618
1,10211,10470,1,0,1529,4,1,296;190;273;618
1,10248,10526,1,0,1045,4,2,259;153;39;618
1,10237,10450,1,0,1014,4,1,270;164;247;618
1,7450,7656,1,0,2059,6,2,398;282;525;828;806;608
1,7518,7568,1,0,2340,7,1,299;214;457;808;738;540;675
0,7405,7480,1,0,0,5,0,471;327;570;828;851
1,7434,7520,1,0,1826,5,2,442;298;541;828;822
1,7570,7657,1,0,2543,9,2,299;162;197;756;686;488;623;756;602
1,7597,7670,1,0,2512,9,2,279;135;197;729;659;461;596;729;583
1,7555,7809,1,0,2839,9,6,299;177;420;771;701;503;638;771;625
1,7568,7644,1,0,2558,9,1,299;164;197;758;688;490;625;758;612
1,7220,7284,1,0,1794,6,3,31;35;656;512;755;1106
1,7234,7525,1,0,1935,6,4,17;35;642;498;741;1092
0,7115,7170,1,0,0,4,0,136;35;761;582
0,7214,7272,1,0,0,6,0,37;35;662;518;761;1112
0,7299,7370,1,0,0,5,0,35;548;433;676;828
0,7335,7414,1,0,0,5,0,22;541;397;640;828
0,7239,7295,1,0,0,6,0,12;35;637;493;736;828
1,7294,7372,1,0,1482,5,2,35;582;438;681;828
1,7759,7811,1,0,2153,9,1,117;162;567;367;299;434;567;408;705
1,7754,7825,1,0,2902,9,1,122;162;572;367;304;439;572;426;705
1,7752,7816,1,0,2652,9,2,124;197;573;367;306;441;574;428;705
1,7741,8017,1,0,2855,9,5,135;197;585;367;317;452;585;439;705
1,7857,7921,1,0,2699,9,2,19;118;454;367;201;336;469;323;705
1,7851,7926,1,0,2621,9,1,25;124;475;367;207;342;475;329;705
1,7810,7892,1,0,2184,9,1,66;162;508;367;248;383;516;370;705
1,7801,7878,1,0,2668,9,1,75;162;525;367;257;392;525;379;705
1,7618,7674,1,0,2746,9,1,258;107;197;708;638;440;575;708;562
1,7618,7680,1,0,2652,9,1,258;93;197;708;638;440;575;708;562
1,7609,7840,1,0,2465,9,6,267;107;197;717;647;449;584;717;571
1,7608,7678,1,0,2527,9,1,268;124;197;718;648;450;585;718;572
1,7716,8002,1,0,2871,10,9,160;16;197;610;367;342;477;610;464;881
1,7684,7758,1,0,2855,10,1,192;48;197;642;367;374;509;642;496;913
1,7622,7891,1,15,2481,9,8,254;83;197;704;634;436;571;704;558
1,7620,7704,1,0,2730,9,1,256;89;197;706;636;438;573;706;560
1,8201,8270,1,0,1061,4,1,125;55;125;396
1,8210,8264,1,0,1076,4,1,116;46;113;387
0,8266,8331,1,0,0,4,0,60;60;331;598
1,8270,8327,1,0,1123,4,1,56;56;327;594
0,8270,8342,1,0,0,4,0,56;56;309;594
1,8306,8357,1,0,1716,6,1,20;20;291;558;860;611
0,8314,8370,1,0,0,6,0,12;12;252;550;852;603
1,8330,8624,1,0,1653,4,4,252;534;836;587
0,7860,7917,1,0,0,9,0,16;115;454;367;198;333;419;320;705
1,7879,8129,1,0,2512,8,6,96;447;367;179;314;419;301;705
0,7922,7987,1,0,0,8,0,53;404;334;136;271;404;258;675
1,7989,8054,1,0,2231,7,1,337;267;69;204;337;191;608
1,8006,8063,1,0,2246,7,1,320;250;52;187;320;174;591
1,8045,8108,1,0,2247,7,1,280;211;13;148;281;135;552
1,8147,8388,1,0,1950,6,2,179;109;46;179;33;450
1,8149,8230,1,0,1700,6,1,173;107;44;177;31;448
1,8594,8682,1,0,3681,13,2,3;270;572;323;699;620;673;494;721;612;871;875;883
1,8549,8636,1,0,4274,12,3,48;315;617;346;744;665;680;539;795;657;916;920
1,8617,8903,1,0,4212,13,10,247;549;300;676;583;650;471;721;589;848;852;859;718
1,8603,8675,1,0,3729,12,2,261;563;314;690;611;664;485;721;603;862;866;859
1,8639,8696,1,0,3760,13,2,23;527;278;654;575;628;449;705;567;826;830;838;696
1,8620,8690,1,0,3620,13,2,23;546;297;673;583;647;468;721;586;845;849;857;715
1,8673,8761,1,0,3759,13,2,23;493;244;620;541;574;415;671;533;792;796;804;662
0,8643,8712,1,0,0,13,0,23;523;274;650;571;624;445;701;563;822;826;834;692
0,8349,8399,1,0,0,5,0,248;515;817;519;944
1,8337,8565,1,0,1779,4,4,252;527;829;525
1,8397,8633,1,0,1622,5,3,200;467;769;519;896
0,8388,8450,1,0,0,5,0,209;476;778;519;905
0,8419,8501,1,0,0,6,0,178;445;747;346;874;795
1,8413,8483,1,0,1653,5,2,184;451;753;393;880
1,8527,8610,1,0,3495,10,2,70;337;639;346;766;687;740;561;817;679
1,8478,8547,1,0,2668,9,2,119;386;688;346;815;736;789;610;866
1,5579,5658,1,16,2776,9,2,57;552;274;367;421;580;474;190;883
1,5562,5633,1,0,3136,9,2,74;569;291;384;438;617;491;207;900
0,5526,5585,1,0,0,9,0,110;605;327;406;474;653;527;243;936
1,5473,5555,1,0,3026,9,2,163;658;380;473;527;706;580;296;989
1,5413,5476,1,0,2823,9,1,6;223;718;440;533;587;729;640;356
1,5380,5467,1,0,2231,8,2,39;256;751;473;566;620;799;673
0,5309,5372,1,0,0,7,0,110;327;11;822;544;637;691
0,5257,5308,1,0,0,7,0,162;379;63;874;596;689;743
1,5775,6054,1,0,3728,10,9,356;78;171;185;404;226;687;355;794;830
1,5765,5848,1,0,3744,11,2,358;88;181;185;414;288;4;697;365;804;840
1,5734,5807,1,0,4415,11,3,358;119;212;219;445;319;35;728;396;835;871
1,5673,5940,1,0,4352,10,8,458;180;273;219;506;380;96;789;457;896
1,5629,5899,1,0,2886,9,6,7;502;224;317;371;547;424;140;833
1,5619,5674,1,0,2996,9,2,17;512;234;327;381;560;434;150;843
0,5597,5673,1,0,0,9,0,39;534;256;349;403;572;456;172;865
1,5593,5682,1,0,2840,9,2,43;538;260;353;407;580;460;176;869
1,5879,6087,1,0,2590,9,4,252;63;121;300;155;583;206;690;726
1,5880,5934,1,0,2808,9,1,251;63;120;299;155;582;206;689;616
0,5872,5941,1,15,0,9,0,259;63;128;307;181;590;206;697;733
1,5878,5939,1,0,2808,9,1,253;63;122;301;175;584;206;691;727
1,5848,5915,1,0,3213,10,3,283;5;98;152;331;205;614;206;721;757
0,5864,5927,1,0,0,9,0,267;63;136;315;189;598;206;705;741
0,5794,5848,1,0,0,10,0,337;59;152;185;385;226;668;206;775;811
1,5819,5900,1,0,3276,10,3,312;34;127;181;360;226;643;206;750;786
1,6066,6141,1,0,2980,12,4,65;113;396;64;503;539;352;935;415;832;776;679
1,6078,6135,1,0,2590,12,3,53;101;384;52;437;527;340;923;403;820;764;667
1,5998,6063,1,0,2761,12,2,133;2;181;55;464;132;571;607;420;1003;468;900
0,6011,6069,1,0,0,11,0,120;168;42;412;119;558;594;407;990;468;887
1,5974,6052,1,0,2714,11,4,157;26;205;79;488;156;595;616;444;1016;468
1,5983,6196,1,0,2590,11,3,148;13;196;70;479;147;586;616;435;1016;468
1,5926,5992,1,0,3525,12,4,205;20;74;253;126;536;204;643;616;492;1075;555
1,5936,6020,1,0,3744,12,4,195;10;64;243;117;526;194;633;616;482;1016;545
1,6355,6556,1,0,2059,9,5,107;214;250;63;646;126;543;482;390
1,6292,6378,1,0,2215,9,1,170;277;313;126;709;189;606;482;453
1,6388,6443,1,0,2340,9,2,74;181;217;30;613;93;400;440;357
1,6373,6601,1,0,2012,9,6,89;196;232;45;628;108;400;469;372
1,6117,6173,1,0,2496,12,3,14;62;345;13;437;488;301;884;364;781;725;628
1,6082,6159,1,0,2917,12,3,49;97;380;42;437;523;336;919;399;816;760;663
1,6146,6365,1,0,2527,10,7,33;316;423;459;272;855;335;752;502;599
1,6117,6414,1,0,2730,12,9,14;62;345;2;437;488;301;884;364;781;725;628
0,6595,6669,1,0,0,8,0,10;391;286;247;150;191;656;486
1,6593,6645,1,0,1950,8,1,12;391;305;249;152;191;658;488
1,6631,6685,1,0,1810,7,2,370;267;211;114;170;620;450
1,6611,6677,1,0,1965,7,3,390;286;231;134;190;640;470
1,6486,6775,1,0,2169,8,7,83;119;515;400;356;259;191;765
1,6427,6651,1,0,2293,9,4,35;142;178;574;54;400;415;318;374
1,6583,6650,1,0,1778,8,1,22;418;315;259;162;191;661;498
0,6561,6616,1,0,0,9,0,8;44;440;337;281;184;191;661;520
1,6773,6823,1,0,2059,7,1,228;105;69;28;478;308;558
0,6776,6839,1,0,0,7,0,201;105;66;25;475;305;558
1,6834,6907,1,0,1670,6,1,167;64;8;417;247;523
1,6835,6913,1,0,1669,6,1,166;63;7;401;246;522
1,6668,6748,1,0,1794,7,2,333;230;174;77;125;583;413
0,6718,6769,1,0,0,8,0,283;180;124;27;82;533;363;639
1,6741,6960,1,0,2028,8,3,260;157;101;4;60;510;340;616
1,6754,6809,1,0,2122,7,1,247;144;88;47;497;327;558
1,7003,7061,1,0,1810,5,1,248;78;354;844;729
1,7037,7336,1,0,1592,5,4,214;44;320;839;695
1,7055,7126,1,0,1544,5,1,196;26;302;821;582
1,7094,7342,1,0,1154,4,1,157;263;782;582
1,6859,6937,1,0,1404,5,1,142;39;391;222;498
0,6940,7001,1,0,0,5,0,61;311;141;417;936
1,6946,7002,1,0,1576,5,2,55;305;135;411;930
1,6949,7214,1,0,1560,5,2,52;302;132;404;927
1,3638,3711,1,0,1825,9,1,256;48;88;287;31;518;363;744;880
1,3628,3700,1,0,1731,9,2,266;58;98;287;31;528;373;768;890
1,3616,3669,1,0,1560,8,1,278;70;110;287;83;540;385;780
1,3590,3880,1,0,1825,8,5,304;96;136;290;109;566;408;806
1,3702,3777,1,0,2137,8,2,192;24;225;451;299;694;816;811
1,3683,3736,1,0,1794,9,3,211;3;43;244;16;451;318;713;835
1,3681,3916,1,0,1732,9,3,213;5;45;246;18;475;320;715;837
1,3662,3738,1,0,1996,9,3,232;24;64;265;31;494;339;734;856
1,3822,4075,1,0,1529,7,3,72;105;334;179;574;696;691
1,3786,3871,1,0,1357,7,2,108;141;370;215;610;732;726
1,3728,3814,1,0,1763,7,2,166;199;388;273;668;790;726
1,3720,4019,1,0,1669,8,5,174;6;207;388;281;676;798;793
1,3915,3990,1,0,2542,10,2,12;241;86;481;603;598;535;513;532;609
1,3868,3934,1,0,2870,11,4,26;59;288;133;528;625;645;545;560;579;656
1,3864,4117,1,0,2792,11,8,30;63;292;137;532;625;649;586;564;583;660
0,3845,3929,1,0,0,9,0,49;82;311;156;551;625;668;605;583
1,3971,4025,1,0,2418,10,2,185;30;425;547;542;479;457;476;553;848
1,3987,4067,1,0,2309,11,2,169;14;409;531;526;463;441;460;537;832;693
1,3929,3980,1,0,2793,10,2,199;72;467;589;584;521;499;518;595;890
0,3969,4025,1,15,0,10,0,187;32;427;549;544;481;459;478;555;850
1,4049,4250,1,0,2387,11,4,107;347;469;464;401;379;398;475;770;614;805
1,4051,4110,1,0,2371,11,2,105;345;467;458;399;377;396;473;768;614;803
1,4015,4103,1,0,2215,11,1,141;381;503;498;435;413;432;509;804;665;839
1,4022,4102,1,0,2231,11,1,134;374;496;491;428;406;425;502;797;631;832
1,4079,4330,1,0,2340,11,7,77;317;439;434;371;349;368;445;740;581;624
1,4083,4335,1,0,2449,11,8,73;313;435;430;367;345;364;441;736;581;583
1,4061,4328,1,0,2620,11,10,95;335;457;452;389;367;386;463;758;614;793
1,4074,4159,1,0,2309,11,1,82;322;444;439;376;354;373;450;745;606;624
0,4147,4220,1,0,0,11,0,9;249;229;366;303;281;126;377;672;533;583
1,4167,4254,1,0,2496,10,1,229;229;346;283;261;126;357;652;513;583
1,4118,4182,1,0,2325,11,2,38;278;400;395;332;310;126;406;701;562;583
1,4118,4368,1,0,2559,11,6,25;278;400;395;332;310;126;406;701;562;583
1,4334,4403,1,0,1966,10,3,62;184;179;116;94;113;190;485;346;520
1,4241,4294,1,0,2091,10,2,155;229;272;209;187;126;283;578;439;583
1,4360,4431,1,0,1872,10,2,36;158;153;90;68;87;164;416;320;494
1,4343,4567,1,0,2262,10,4,53;175;170;98;85;104;181;476;337;511
1,4422,4479,1,0,889,9,2,96;91;28;6;25;102;397;258;432
0,4415,4472,1,0,0,9,0,103;98;35;13;32;109;404;265;439
0,4503,4581,1,0,0,6,0,15;10;21;316;177;351
1,4433,4707,1,0,1014,8,4,85;80;17;14;91;386;247;421
1,4539,4624,1,0,1060,3,1,280;141;315
1,4523,4736,1,0,1061,4,3,1;296;157;331
1,4575,4657,1,15,1451,5,1,244;105;279;154;844
1,4544,4803,1,0,1280,4,2,263;136;310;362
1,4633,4860,1,0,1279,5,1,186;46;221;154;786
1,4624,4698,1,0,1576,5,2,195;56;230;154;795
0,4647,4725,1,0,0,5,0,172;33;207;154;720
0,4644,4718,1,0,0,5,0,175;36;210;154;720
1,4782,4838,1,0,702,5,1,37;72;124;637;854
1,4785,5079,1,0,795,5,3,34;66;121;634;851
1,4786,4863,1,0,718,5,1,33;66;120;633;682
1,4792,4864,1,0,717,5,1,27;62;110;627;682
1,4866,4954,1,0,796,3,1,40;553;682
1,4934,5005,1,0,764,2,1,485;677
1,4936,5146,1,0,811,2,1,483;673
0,4939,4995,1,0,0,2,0,480;630
1,5030,5114,1,0,1420,4,2,389;606;290;1101
1,5036,5267,1,0,1451,4,2,383;558;284;1095
1,5052,5133,1,0,1435,4,1,367;545;268;1079
1,5070,5141,1,0,1747,5,1,349;545;250;1061;783
1,5099,5153,1,0,2122,6,2,320;537;221;1032;754;847
1,5136,5389,1,0,2387,6,3,283;500;168;995;717;810
0,5217,5275,1,0,0,7,0,202;419;103;914;636;690;783
0,5250,5304,1,0,0,7,0,169;386;70;881;603;690;750
1,3509,3598,1,0,1810,9,1,385;177;217;17;290;190;647;492;887
1,3466,3725,1,0,2075,9,6,428;220;260;60;461;233;690;535;930
1,3426,3514,1,0,1981,10,3,22;468;260;300;100;501;273;730;575;970
1,3407,3457,1,0,2371,10,2,12;41;487;264;303;119;520;292;749;594
1,3555,3642,1,0,1825,8,3,339;131;171;290;144;601;408;811
1,3549,3624,1,0,1513,8,1,345;137;177;290;150;607;452;811
1,3544,3618,1,0,1935,8,2,350;142;182;290;155;612;457;852
0,3538,3588,1,0,0,8,0,356;148;188;290;161;618;463;858
1,3238,3313,1,0,2933,9,1,181;120;210;656;448;488;288;689;461
1,3186,3267,1,0,2932,9,1,233;172;262;708;500;540;340;741;513
0,3161,3236,1,0,0,8,0,258;197;287;733;512;565;365;766
1,3158,3244,1,0,2855,8,1,261;200;290;736;528;568;368;769
1,3403,3612,1,0,2574,10,5,16;45;491;264;323;123;524;296;753;598
1,3385,3460,1,0,2371,10,1,34;63;509;301;341;141;542;314;771;616
1,3310,3580,1,0,2871,10,7,109;48;138;584;376;416;216;617;389;825
1,3304,3378,1,0,2964,10,2,115;54;144;590;382;422;222;623;395;852
0,3026,3090,1,0,0,11,0,84;92;393;121;332;118;422;868;660;700;500
1,3042,3098,1,0,4228,12,3,68;76;377;105;316;102;406;852;644;684;484;885
1,2872,2948,1,0,1841,12,1,238;246;71;55;22;547;275;486;127;272;576;1022
0,2925,2995,1,0,0,11,0,185;193;18;2;494;221;433;97;219;523;969
1,3104,3165,1,0,3760,12,4,6;14;315;11;254;40;344;790;582;622;422;823
0,3123,3187,1,0,0,10,0,296;11;235;21;325;747;563;603;403;804
1,3070,3146,1,0,4103,12,3,40;48;349;77;288;74;378;824;614;656;456;857
1,3086,3142,1,0,3603,12,1,12;32;333;61;272;58;362;808;600;640;440;841
1,2515,2592,1,0,2512,13,3,72;190;315;30;595;603;309;412;379;904;392;843;507
1,2528,2615,1,0,2606,13,3,59;189;302;17;582;590;309;399;366;891;392;830;494
1,2500,2718,1,16,2746,13,9,87;190;330;45;610;610;443;427;394;907;647;858;522
1,2512,2792,1,0,2761,13,8,75;190;318;33;598;606;309;415;382;907;635;846;510
1,2642,2915,1,0,2620,12,6,75;188;468;476;301;285;252;777;392;716;380;502
1,2700,2767,1,0,2293,12,2,17;130;410;418;243;227;194;719;392;658;127;444
1,2544,2624,1,0,2606,13,3,43;173;286;1;566;574;309;383;350;875;392;814;478
0,2638,2725,1,0,0,12,0,79;192;472;480;305;289;256;781;392;720;384;506
1,2323,2564,1,0,2761,11,4,115;264;394;507;204;787;795;157;620;604;552
0,2322,2373,1,0,0,11,0,116;265;395;508;204;788;796;158;621;605;552
0,2435,2492,1,0,0,12,0,3;152;282;395;110;675;683;45;508;492;459;984
1,2377,2428,1,0,2387,11,3,61;210;340;453;168;733;741;103;566;517;517
1,2471,2557,1,0,2917,13,3,116;246;359;74;639;647;9;472;456;423;948;676;887
1,2445,2499,1,0,2418,11,3,142;272;385;100;665;673;35;498;482;449;974
1,2481,2749,1,0,2964,12,8,106;190;349;64;629;610;462;446;413;938;666;877
1,2474,2549,1,0,3229,13,1,113;243;356;71;636;610;6;469;453;420;945;673;884
1,2111,2188,1,16,3978,14,3,184;41;122;327;112;209;476;575;665;434;999;881;369;832
1,2092,2170,1,15,3744,13,3,203;60;141;346;131;228;495;576;665;453;1018;881;388
0,2192,2259,1,0,0,14,0,103;41;246;31;128;395;525;638;353;849;881;288;751;735
1,2170,2429,1,0,3635,13,8,125;63;268;53;150;417;547;660;375;940;881;310;773
1,2266,2333,1,16,3463,13,2,29;172;54;321;451;564;204;844;852;214;677;661;628
1,2202,2498,1,0,3869,14,9,93;31;236;21;118;385;515;628;343;849;881;278;741;725
1,2299,2351,1,16,3479,12,2,139;21;288;418;531;204;811;819;181;644;628;595
0,2297,2381,1,0,0,12,0,141;23;290;420;533;204;813;821;183;646;630;597
1,1972,2056,1,0,3229,11,1,323;180;261;31;466;251;348;549;745;858;573
1,1991,2076,1,0,2683,11,1,304;161;242;12;447;232;329;549;726;839;554
1,2036,2307,1,0,3885,11,5,259;116;197;402;164;284;549;681;794;509;1074
0,2044,2110,1,0,0,11,0,251;108;189;394;164;276;543;673;665;501;1066
1,2062,2358,1,0,3697,12,9,233;90;171;376;161;258;525;655;665;483;1048;1056
1,2070,2131,1,0,3464,12,1,225;82;163;368;153;250;517;647;665;475;1040;881
1,2076,2144,1,0,3885,12,3,219;76;157;362;133;244;511;641;665;469;1034;881
1,2077,2129,1,0,3697,12,3,218;75;156;361;133;243;510;577;665;468;1033;881
1,1688,1973,1,0,1654,4,3,607;464;545;268
1,1694,1911,1,0,1669,4,1,467;458;539;262
1,1728,1983,1,0,2184,5,3,467;424;405;228;275
0,1750,1810,1,0,0,7,0,467;402;405;206;201;688;473
1,1860,1942,1,0,2762,8,1,435;292;373;96;143;578;363;460
1,1868,1939,1,0,2449,8,1,427;284;361;88;135;570;355;452
1,1878,2172,1,0,3105,9,6,417;274;355;42;125;560;345;442;709
1,1884,1937,1,0,2761,9,1,411;268;349;42;119;554;339;436;549
0,1660,1727,1,0,0,4,0,635;492;573;296
0,1608,1693,1,0,0,4,0,12;687;544;625
1,1604,1660,1,0,1342,4,1,24;691;548;629
1,1501,1564,1,0,764,4,1,71;127;794;651
0,1460,1543,1,0,0,4,0,112;168;835;692
0,1365,1421,1,0,0,4,0,33;207;36;251
1,1364,1418,1,0,1357,4,1,33;208;37;264
1,1353,1427,1,0,1357,4,2,46;219;48;275
1,1270,1341,1,0,1404,4,1,129;302;52;327
1,1208,1431,1,16,1732,4,2,191;364;193;327
1,1193,1272,1,0,1544,4,1,206;370;208;351
1,1179,1414,1,0,1545,4,3,220;370;222;361
1,1152,1441,1,0,1669,4,4,247;370;249;363
1,1141,1194,1,0,1684,4,1,258;370;260;363
1,1134,1223,1,0,1685,4,1,265;413;267;363
0,1102,1167,1,0,0,5,0,9;297;413;299;363
0,901,982,1,0,0,4,0,210;498;413;500
1,1076,1342,1,0,1763,5,4,35;323;413;325;552
0,884,940,1,0,0,3,0,227;515;688
1,895,1181,1,0,1498,4,2,216;504;677;506
0,808,887,1,0,0,3,0,260;591;764
0,866,929,1,0,0,3,0,245;533;706
0,767,992,1,0,0,4,0,32;260;632;805
0,803,889,1,0,0,3,0,260;596;769
1,718,769,1,0,1155,3,1,81;260;665
0,752,802,1,0,0,4,0,47;260;647;820
1,659,869,1,0,1280,4,2,0;91;260;740
0,661,731,1,0,0,3,0,91;260;665
1,591,853,1,0,1436,4,2,68;91;41;478
0,621,696,1,0,0,5,0,38;91;11;260;778
0,574,628,1,0,0,3,0,85;91;58
1,582,638,1,0,1497,4,1,77;91;50;529
0,526,609,1,0,0,4,0,133;273;106;46
1,427,513,1,0,1466,4,1,232;372;205;145
1,550,810,1,0,1170,4,2,109;130;82;22
1,540,772,1,0,1529,4,2,119;259;92;32
0,363,440,1,16,0,4,0,296;388;261;209
1,358,617,1,0,1638,4,1,301;388;274;214
0,420,507,1,0,0,4,0,239;379;212;152
1,408,486,1,0,1482,4,2,251;388;224;164
1,255,334,1,0,1638,4,1,404;388;377;317
1,231,521,1,0,1762,4,2,428;388;401;341
0,323,412,1,0,0,4,0,336;388;309;244
1,291,356,1,0,1701,4,1,368;388;341;244
1,210,412,1,0,1732,4,3,449;407;405;362
0,203,282,1,0,0,4,0,456;407;405;369
1,229,517,1,0,1701,4,4,430;403;403;343
0,224,292,1,0,0,4,0,435;403;405;348
0,51,303,1,0,0,2,0,608;748
0,96,167,1,0,0,2,0,563;703
1,135,406,1,0,1327,3,1,524;664;497
1,195,401,1,0,1747,4,3,464;604;405;377
0,0,80,1,0,0,0,0,
0,14,83,1,0,0,1,0,645
0,18,97,1,0,0,1,0,641
0,19,70,1,0,0,1,0,640
327
28359,29262,213.19,10
28366,28864,83.38,10
28163,28812,151.49,8
28287,28832,0.00,10
28091,28728,95.30,11
28114,28933,277.05,11
27714,28351,58.93,9
27912,28805,9.52,8
27524,28224,31.50,10
27663,28232,52.10,11
27292,28448,312.14,8
27442,28391,333.30,8
27169,28133,406.80,9
27278,27810,53.37,10
27013,28162,109.76,10
27120,27960,129.99,8
29323,30018,108.99,9
29065,29759,0.00,9
29013,29745,171.98,8
28852,29514,354.24,11
28835,29747,143.02,8
28663,29307,66.22,10
28586,29166,51.94,9
28537,29283,71.76,9
28466,29335,302.97,8
28386,29248,41.11,9
166,572,73.36,11
577,1111,269.88,9
26,799,399.45,9
108,632,145.97,9
11,659,0.00,8
1597,2233,163.97,11
1611,1956,46.89,9
1366,2295,140.23,11
1443,2152,0.00,10
889,1401,141.24,10
936,1628,270.68,8
616,1399,89.37,10
737,1572,352.11,10
1897,2717,167.27,9
1876,2587,160.06,8
1966,2545,139.68,9
1912,2830,131.76,9
1740,2438,0.00,11
1714,2003,86.84,8
1781,2320,0.00,11
1743,2223,89.70,9
2257,2894,43.06,8
2172,2927,101.85,10
2451,3147,349.52,8
2401,3419,73.05,8
2060,3118,213.70,8
2002,3110,124.69,11
2103,2943,134.63,8
2083,2480,0.00,9
2872,3894,52.60,9
2961,3686,121.75,11
2969,3726,59.56,11
3006,3526,37.41,11
2467,3358,0.00,8
2497,3022,253.55,11
2562,3144,0.00,11
2807,3448,45.32,8
3412,4396,92.42,11
3619,4518,243.25,11
3685,4513,73.96,10
3829,4450,97.70,8
3027,3927,203.37,10
3172,3699,52.06,9
3265,4156,174.13,10
3353,4001,58.98,8
6017,6842,273.01,9
5998,6898,224.86,11
6426,6801,272.18,10
6060,6745,0.00,10
6511,7081,0.00,9
6450,7251,142.63,9
6899,7876,301.77,11
6706,7357,339.04,9
5429,6462,52.65,10
5404,5769,0.00,9
5668,6569,102.38,10
5663,6130,170.92,8
5885,6418,0.00,9
5715,6605,123.65,11
5925,6481,77.39,8
5896,7001,140.31,10
4711,5636,310.40,11
4969,5320,53.84,8
4970,6131,100.43,8
5059,5853,0.00,9
5089,5946,237.54,9
5208,6000,199.56,9
5361,6179,142.85,8
5376,6053,112.97,9
3842,4428,0.00,11
3854,4447,238.37,11
3855,4524,25.31,11
3926,4819,175.18,10
3980,4680,123.29,11
3988,4854,242.62,8
4540,4906,218.84,10
4545,5419,108.29,11
8982,9823,238.48,11
8962,9760,52.85,10
8865,9837,78.93,11
8794,9539,0.00,9
9202,9975,238.15,8
9165,9675,0.00,9
9157,9595,0.00,9
9075,9638,57.61,9
8543,9469,0.00,9
8529,9465,0.00,8
8507,9206,0.00,8
8478,9344,78.09,10
8794,9588,0.00,10
8746,9624,73.74,8
8605,9335,0.00,9
8590,9477,153.54,8
8275,9166,171.68,8
8293,8917,246.10,8
7670,8597,234.03,8
8222,8864,224.93,11
8442,9267,148.15,11
8477,9088,0.00,10
8343,9293,0.00,9
8416,9214,73.62,10
7214,8326,422.36,10
7353,8256,271.69,8
6957,7732,189.53,11
7197,7975,258.51,10
7522,8326,94.68,9
7543,8180,28.19,9
7436,8058,10.75,9
7514,8193,0.00,9
12191,12936,312.62,8
11915,12556,182.51,11
12637,13079,177.38,11
12441,13002,275.86,9
11708,12332,16.46,10
11687,12320,0.00,8
11831,12507,63.64,9
11796,12979,173.43,11
11361,11772,0.00,9
11338,12076,156.18,9
11679,12257,35.01,9
11591,12463,228.16,9
11027,12041,147.58,9
10810,11667,159.59,10
11133,12222,50.02,9
11096,12214,184.50,11
10329,11168,100.05,8
10482,11411,269.40,11
10567,11441,327.49,10
10607,11645,382.34,11
10080,10885,110.51,10
10259,11107,301.91,9
10263,10849,0.00,11
10295,11130,233.60,8
9547,10401,0.00,10
9593,10171,307.91,11
9769,10090,165.34,10
9774,10484,341.92,11
9294,10142,215.71,11
9375,9921,0.00,10
9426,9818,62.33,10
9509,10507,62.78,10
15395,16287,297.56,9
15387,16041,37.75,11
15344,16006,68.01,11
15291,16082,192.92,8
15280,16265,117.05,9
15250,15800,60.93,8
15025,16020,110.26,9
15013,15519,85.21,11
14989,15678,0.00,8
14979,15859,154.48,8
14843,15416,112.95,11
14829,15725,240.93,11
14782,15665,0.00,11
14592,15357,108.06,8
14584,15403,0.00,9
14327,15335,442.15,11
14176,15097,213.31,9
14234,15047,172.78,9
14073,14905,142.78,11
14093,14620,0.00,10
13883,14608,132.65,9
14023,14743,99.89,9
13665,14229,0.00,11
13788,14523,0.00,11
13569,14472,294.03,9
13592,14247,0.00,8
13402,13817,282.93,9
13472,14027,247.51,10
13146,13673,124.59,10
13177,13510,112.50,11
12704,13681,250.32,10
12729,13491,242.09,11
17104,17811,171.51,8
17128,18037,328.18,9
17143,17904,0.00,9
17626,18263,104.62,9
17666,18320,27.22,11
17683,18407,345.12,9
17811,18461,0.00,9
18118,18619,0.00,10
18152,19109,112.66,10
18158,18938,35.68,11
18192,18960,84.08,9
18208,19097,179.34,11
18277,18587,0.00,10
18325,18700,18.42,11
18399,19199,164.87,9
18439,18799,0.00,10
15413,16175,87.64,10
15401,16131,84.29,9
15496,16200,0.00,10
15481,16319,198.46,8
15631,16040,0.00,9
15624,16166,98.60,10
16082,16712,318.02,9
15648,16311,0.00,8
16667,17198,0.00,11
16481,17244,48.02,8
16761,17163,66.14,11
16689,17310,208.64,11
16909,17674,115.95,8
16838,17600,224.38,8
17019,18102,262.25,11
16993,18013,149.32,9
19825,20691,120.82,10
20274,21113,282.58,10
19657,20536,276.64,11
19676,20558,154.42,10
20490,21396,81.77,9
20550,21103,0.00,10
20322,20950,195.31,9
20390,21215,165.24,10
20795,21369,0.00,8
20824,21564,137.87,8
20580,20976,214.81,11
20741,21520,0.00,11
21205,21832,120.73,9
21243,21698,196.81,11
20828,21516,46.27,11
20873,21842,348.60,9
18656,19284,29.05,9
18632,19437,150.53,11
18565,19221,62.72,11
18477,19486,231.55,9
18875,19674,161.35,10
18869,19663,152.33,10
18694,19444,106.53,10
18669,19221,27.81,9
19133,20126,361.90,9
18958,19533,73.42,9
18956,19659,118.97,10
18928,19656,0.00,9
19579,20383,63.92,8
19413,19785,0.00,10
19164,20104,208.06,10
19147,19623,121.06,9
22804,23380,0.00,10
22967,23762,117.59,11
22986,24140,210.99,10
23004,23973,404.60,11
22429,22975,0.00,9
22520,22967,77.29,9
22536,23348,218.40,10
22547,23271,461.62,10
23861,24810,111.17,11
24004,24398,66.97,8
24007,24733,223.02,10
24020,24564,209.95,11
23149,23910,241.67,10
23191,24210,405.68,8
23261,23849,0.00,8
23774,24498,98.12,11
21738,22183,65.01,10
21712,22440,0.00,10
21897,22690,0.00,9
21782,22898,151.56,8
21386,22228,167.13,8
21298,22240,228.76,9
21628,22039,0.00,10
21576,22224,0.00,11
22215,22878,0.00,8
22209,22995,208.39,11
22265,23460,279.70,11
22222,22942,77.33,11
22146,22706,156.24,10
21906,22665,293.57,9
22204,23155,274.48,9
22200,23059,226.34,11
26315,27038,221.89,9
26475,27307,76.46,8
25800,26234,0.00,9
26126,26836,370.68,11
25722,26674,201.87,10
25770,26305,0.00,9
25614,26349,0.00,9
25664,26300,118.31,10
26966,27452,278.83,11
27013,27890,301.21,10
26731,27109,159.80,10
26952,27993,0.00,9
26718,27566,258.98,8
26722,27307,193.05,10
26514,26967,0.00,8
26635,27264,0.00,8
24559,25214,126.55,8
24540,25010,36.37,9
24504,25382,0.00,10
24391,25045,78.59,10
24390,25162,220.64,11
24336,25270,311.08,11
24188,24892,187.56,11
24081,24770,135.56,8
25584,26168,134.86,11
25567,26316,186.43,9
25450,25764,80.22,11
25268,25712,40.86,11
25152,26088,128.91,10
25105,25593,111.26,9
25019,26004,301.66,8
24827,25512,183.20,8
