500
1,13024,13085,1,0,0,12,2,81;320;93;589;385;393;246;886;719;650;537;660
1,12961,13253,1,0,0,10,8,144;383;156;652;411;456;309;949;782;713
1,13164,13236,1,0,0,11,1,180;449;245;253;106;746;526;510;397;520;616
1,13114,13391,1,0,0,11,8,230;3;499;295;303;156;796;629;560;447;570
0,13244,13298,1,0,0,11,0,100;369;156;173;26;666;499;430;317;440;536
1,13231,13308,1,0,0,11,3,113;382;178;186;39;679;512;443;330;453;549
1,13274,13493,1,0,0,10,3,70;339;135;143;636;469;389;287;410;506
1,13272,13359,1,0,0,10,3,72;341;137;145;638;471;402;289;412;508
1,13334,13417,1,0,0,10,3,10;279;75;83;576;409;340;227;350;446
1,13277,13340,1,0,0,10,1,67;336;132;140;633;466;378;284;407;503
1,13356,13428,1,0,0,9,1,257;53;61;554;387;318;149;328;424
1,13341,13612,1,0,0,10,4,3;272;55;76;569;402;333;220;343;439
1,13392,13461,1,0,0,11,1,221;17;25;518;344;282;149;292;388;1103;705
1,13388,13460,1,0,0,11,1,225;21;29;522;355;286;149;296;392;1107;709
1,13397,13658,1,0,0,11,6,216;12;20;513;337;277;149;287;383;1098;700
1,13397,13448,1,15,0,11,1,216;2;20;513;337;277;149;287;383;1098;700
1,12345,12426,1,0,0,4,2,14;288;487;760
0,12418,12480,1,0,0,3,0,215;414;687
1,12474,12530,1,16,0,4,1,159;358;631;870
1,12508,12566,1,0,0,5,1,125;319;597;836;609
0,12538,12601,1,0,0,6,0,95;294;567;806;579;1075
0,12577,12646,1,0,0,6,0,56;255;528;767;540;1036
0,12579,12642,1,0,0,6,0,54;253;526;765;538;1034
1,12601,12653,1,0,0,6,1,32;231;504;743;516;1012
1,12735,13026,1,0,0,6,5,97;370;609;382;878;674
1,12750,13044,1,0,0,6,2,82;355;594;367;863;659
0,12752,12805,1,0,0,6,0,80;353;592;365;861;564
1,12790,12840,1,0,0,6,1,42;315;554;327;823;564
1,12842,13073,1,0,0,7,5,263;502;275;771;554;575;428
0,12916,12986,1,0,0,8,0,189;428;201;697;411;501;354;994
1,12928,12988,1,0,0,10,1,177;416;189;685;411;489;342;982;815;746
1,12938,13025,1,0,0,10,2,167;406;179;675;411;479;332;972;805;733
1,11997,12050,1,0,0,4,1,185;362;636;835
0,11913,11994,1,0,0,4,0,269;386;720;919
0,11903,11977,1,0,0,4,0,279;386;730;929
1,11874,12095,1,0,0,3,1,308;405;748
1,12127,12211,1,0,0,4,1,55;232;506;705
0,12071,12151,1,0,0,4,0,111;288;562;761
1,12024,12239,1,0,0,4,2,144;335;609;808
1,12016,12073,1,0,0,4,2,166;343;617;816
1,12179,12435,1,0,0,4,2,3;180;454;576
1,12175,12463,1,0,0,4,2,7;184;458;657
0,12170,12247,1,0,0,4,0,12;189;463;662
0,12150,12237,1,0,0,4,0,32;209;483;682
1,12257,12484,1,0,0,3,1,102;376;539
1,12242,12327,1,0,0,3,1,117;391;576
0,12228,12297,1,0,0,3,0,131;405;576
1,12206,12281,1,0,0,3,1,153;427;576
1,11459,11723,1,0,0,3,1,15;227;723
0,11523,11600,1,0,0,2,0,163;510
1,11426,11511,1,0,0,5,3,19;50;260;4;756
0,11455,11717,1,0,0,3,0,15;231;727
0,11543,11607,1,0,0,2,0,143;487
1,11589,11880,1,15,0,2,1,97;487
1,11536,11786,1,0,0,2,1,150;510
0,11542,11595,1,0,0,2,0,144;487
0,11713,11773,1,0,0,2,0,460;646
1,11724,11977,1,0,0,2,1,458;635
1,11605,11838,1,0,0,3,1,53;487;754
1,11694,11767,1,0,0,2,1,480;665
0,11821,11890,1,16,0,3,0,361;405;812
1,11825,11894,1,0,0,3,1,357;405;808
1,11761,11995,1,0,0,2,1,421;405
1,11783,11861,1,0,0,2,1,390;405
0,11154,11232,1,0,0,6,0,162;291;322;154;532;276
1,11122,11207,1,0,0,7,1,194;30;323;354;203;564;308
1,11191,11255,1,0,0,6,2,125;254;285;134;495;239
0,11187,11249,1,0,0,6,0,129;258;289;138;499;243
1,10977,11057,1,0,0,9,3,70;13;339;175;468;499;308;709;453
1,10913,11188,1,0,0,9,7,134;77;403;239;532;563;412;773;517
0,11111,11168,1,0,0,7,0,205;41;334;365;214;575;319
0,11054,11140,1,0,0,7,0,262;98;391;422;271;632;376
1,11397,11468,1,0,0,4,3,48;79;289;33
0,11390,11457,1,0,0,4,0,55;86;296;40
0,11412,11488,1,0,0,5,0,28;64;274;18;770
0,11409,11472,1,0,0,4,0,28;67;277;21
0,11232,11433,1,0,0,6,0,84;213;244;93;454;198
1,11197,11275,1,0,0,6,1,109;248;279;128;489;233
1,11293,11375,1,0,0,6,1,23;152;183;32;393;137
1,11265,11562,1,0,0,6,4,51;180;211;60;421;165
1,10298,10367,1,0,0,9,2,110;126;59;398;343;461;749;692;509
1,10311,10524,1,0,0,9,3,102;113;46;375;330;448;736;679;496
1,10370,10446,1,0,0,9,1,43;54;326;271;389;643;620;437;463
1,10395,10448,1,0,0,10,1,18;29;301;246;364;643;595;412;438;921
1,10206,10465,1,0,0,7,6,207;218;151;490;435;553;841
1,10217,10271,1,0,0,7,1,196;165;140;479;424;542;830
0,10273,10324,1,0,0,7,0,140;151;84;423;368;486;774
1,10288,10363,1,0,0,9,1,125;136;69;408;353;471;759;702;519
1,10804,10888,1,0,0,10,2,243;186;3;29;512;348;641;672;521;882
1,10807,10876,1,0,0,10,1,240;183;0;26;509;345;624;669;518;879
1,10892,10977,1,0,0,9,1,155;98;424;260;553;584;433;794;538
1,10894,11170,1,0,0,9,7,141;96;422;258;551;582;431;792;536
0,10424,10508,1,0,0,10,0,0;272;217;335;623;566;383;409;892;728
1,10597,10675,1,0,0,11,1,99;44;162;450;393;210;236;719;555;848;879
1,10619,10689,1,0,0,11,1,77;22;140;428;371;188;214;697;533;826;857
1,10768,10851,1,0,0,10,2,279;222;39;65;548;384;677;708;557;918
1,9944,10163,1,0,0,5,3,434;7;478;413;752
1,9941,9994,1,0,0,5,1,472;10;478;416;755
1,9909,9968,1,0,0,5,1,12;504;26;515;448
1,9884,10114,1,0,0,5,3,37;515;67;540;473
1,9875,9964,1,0,0,5,1,46;538;76;549;482
1,9744,9816,1,0,0,6,2,9;177;656;181;680;613
1,9738,9810,1,0,0,6,1,15;183;656;199;686;619
1,9713,9767,1,0,0,6,1,22;201;679;199;711;644
0,10158,10215,1,0,0,6,0,255;266;199;527;483;601
1,10130,10189,1,0,0,6,1,283;294;227;566;511;629
1,10112,10391,1,0,0,6,5,301;312;245;584;529;647
0,10068,10149,1,0,0,6,0,345;356;289;628;573;691
1,10014,10093,1,0,0,5,1,375;410;343;682;627
0,9995,10080,1,0,0,4,0,375;429;362;701
0,9956,10008,1,0,0,4,0,375;450;401;740
1,9952,10209,1,0,0,4,3,375;472;405;744
1,9481,9546,1,0,0,4,1,272;440;932;470
1,9508,9569,1,0,0,4,1,245;400;905;443
0,9399,9465,1,0,0,5,0,52;59;348;522;1014
0,9402,9491,1,0,0,5,0,49;56;348;519;1011
1,9292,9565,1,0,0,3,1,159;166;349
0,9351,9408,1,15,0,4,0,100;107;348;570
1,9262,9517,1,0,0,3,1,189;196;491
1,9271,9527,1,0,0,3,1,180;187;467
1,9702,9985,1,0,0,6,3,51;219;679;199;722;655
1,9704,9986,1,0,0,6,4,49;201;679;199;720;653
1,9658,9731,1,0,0,4,1,95;263;679;293
1,9676,9965,1,0,0,4,2,77;245;679;233
1,9584,9669,1,0,0,4,1,159;337;829;367
1,9631,9845,1,0,0,4,1,122;283;782;320
1,9558,9613,1,0,0,4,1,195;363;855;393
0,9568,9623,1,0,0,4,0,159;353;845;383
1,8969,9022,1,0,0,7,1,228;247;66;482;250;489;784
1,8990,9047,1,0,0,7,1,207;226;45;461;238;468;763
1,9003,9232,1,0,0,7,3,194;209;32;448;225;455;750
1,9051,9115,1,0,0,6,1,146;165;400;166;407;702
1,9094,9379,1,0,0,6,4,103;122;357;134;364;659
1,9131,9188,1,0,0,6,1,66;85;320;97;327;603
1,9160,9228,1,0,0,6,2,37;56;291;68;298;593
0,9251,9313,1,0,0,3,0,200;207;502
1,8693,8766,1,0,0,11,1,52;143;3;504;142;160;139;523;342;758;535
1,8728,8790,1,0,0,11,1,17;108;469;107;125;104;488;307;723;500;730
1,8729,8817,1,0,0,11,3,16;107;468;106;124;103;487;306;722;449;729
1,8860,8943,1,0,0,6,1,337;356;175;591;368;598
0,8883,8962,1,0,0,6,0,314;333;134;568;345;575
1,8885,8958,1,0,0,6,2,312;331;134;566;343;573
1,8902,8988,1,0,0,6,1,295;314;133;549;326;513
1,8936,8992,1,0,0,6,1,261;280;99;515;250;513
1,8591,8659,1,0,0,11,2,9;154;245;101;582;244;32;262;241;625;444
1,8585,8638,1,0,0,11,1,12;160;251;101;612;250;38;268;247;631;450
1,8620,8691,1,0,0,10,2,125;216;88;577;189;3;233;212;596;415
1,8612,8691,1,0,0,10,3,133;224;96;582;223;11;241;220;604;423
0,8658,8709,1,16,0,11,0,87;178;50;539;177;195;174;558;377;793;570
1,8652,8710,1,0,0,11,1,93;184;56;545;183;201;180;564;383;799;576
1,8685,8768,1,0,0,11,2,53;151;23;512;150;168;147;531;350;766;543
1,8671,8742,1,0,0,11,1,74;165;37;526;164;182;161;545;364;780;557
1,8339,8428,1,0,0,12,5,79;261;123;406;497;369;212;858;496;284;514;493
1,8326,8387,1,0,0,12,3,92;274;136;419;510;382;225;863;509;297;527;506
1,8432,8496,1,16,0,12,1,20;30;313;404;276;119;765;403;191;421;400;784
1,8426,8640,1,0,0,12,3,174;36;319;410;282;125;771;409;197;427;406;790
1,8464,8745,1,0,0,11,6,12;281;372;101;87;733;371;159;389;368;752
1,8455,8682,1,0,0,12,4,12;7;290;381;253;96;742;380;168;398;377;761
1,8531,8735,1,0,0,12,4,12;214;305;101;20;666;304;92;322;301;685;477
1,8506,8560,1,0,0,12,1,12;225;330;101;45;691;329;117;347;326;710;529
1,8131,8198,1,0,0,12,3,78;91;55;123;287;469;331;614;705;577;379;1066
0,8182,8265,1,0,0,13,0,27;40;4;72;236;418;280;563;654;526;369;1015;653
1,8048,8307,1,0,0,13,6,67;161;174;138;206;347;552;414;697;788;660;503;1149
1,8095,8324,1,0,0,13,6,20;114;127;91;159;323;505;367;650;741;613;456;1102
1,8270,8333,1,0,0,12,1,148;330;192;475;566;438;281;863;565;353;583;562
1,8304,8373,1,0,16,12,2,114;296;158;441;532;384;247;863;531;319;549;528
1,8201,8274,1,0,0,12,3,8;21;53;217;399;261;544;635;507;350;996;634
1,8226,8430,1,0,0,11,5,28;192;374;236;519;610;482;325;971;609;397
1,7989,8041,1,0,0,10,1,126;220;233;197;265;429;589;473;756;847
1,7995,8057,1,0,0,10,3,120;214;227;191;259;401;589;467;750;841
1,7967,8031,1,0,0,9,1,148;242;255;219;287;451;633;495;778
1,7982,8050,1,0,0,10,2,133;227;240;204;272;436;617;480;763;854
1,8013,8073,1,0,0,10,1,88;196;206;173;241;385;587;449;732;823
1,8032,8090,1,0,0,12,1,83;177;190;154;222;372;568;430;713;804;676;519
1,8007,8068,1,0,0,10,1,108;202;206;179;247;401;589;455;738;829
1,8007,8089,1,0,0,10,2,88;202;206;179;247;401;589;455;738;829
1,7804,7867,1,0,0,10,1,22;212;405;418;382;450;614;796;658;941
1,7787,8085,1,0,0,10,9,39;255;422;435;399;467;623;813;675;958
1,7750,7965,1,0,0,11,2,76;34;365;459;472;436;504;623;850;712;995
1,7708,7784,1,0,0,9,1,118;76;407;501;514;478;546;627;892
1,7921,7986,1,0,0,9,1,194;288;301;265;333;497;679;541;824
1,7866,7921,1,0,0,9,3,210;343;356;320;388;526;719;596;879
1,7863,8114,1,0,16,9,4,210;346;359;323;391;555;719;599;882
1,7813,7883,1,0,0,10,1,13;210;396;409;373;441;605;787;649;932
1,7644,7918,1,0,0,9,6,167;43;125;471;565;578;542;610;774
1,7633,7708,1,0,0,9,1,167;54;151;482;576;589;553;621;785
1,7623,7689,1,0,0,10,1,203;64;8;161;492;586;599;563;631;795
0,7594,7665,1,0,0,9,0,225;93;37;190;521;615;628;592;660
1,7707,7921,1,0,0,9,2,119;77;408;502;515;479;547;667;893
1,7707,7784,1,0,0,9,1,119;77;408;502;515;479;547;637;893
1,7657,7716,1,15,0,10,1,167;30;125;458;552;561;529;597;667;943
1,7649,7737,1,0,0,10,4,167;38;125;466;560;573;537;605;667;951
1,7486,7556,1,0,0,11,1,15;107;306;201;145;298;629;723;736;681;768
1,7523,7602,1,0,0,10,2,70;303;164;108;261;592;686;699;663;731
1,7558,7784,1,0,0,10,7,35;259;129;73;226;557;651;664;628;696
1,7575,7647,1,0,0,10,1,18;251;112;56;209;540;634;640;611;679
1,7412,7476,1,0,0,11,1,2;89;68;181;414;275;219;372;703;797;810
1,7463,7536,1,0,0,11,4,38;17;130;363;224;168;321;652;746;759;723
1,7480,7542,1,0,0,11,1,21;0;113;346;207;151;304;635;729;742;681
1,7483,7729,1,0,0,10,8,18;110;313;204;148;301;632;726;739;681
1,7130,7344,1,0,0,11,4,210;181;156;371;350;204;463;696;557;501;654
1,7183,7239,1,0,0,11,1,210;128;103;318;239;151;410;643;504;448;601
1,7283,7353,1,0,0,12,2,131;28;3;218;197;51;310;543;404;348;501;832
1,7335,7618,1,0,0,11,8,79;166;145;258;491;352;296;449;780;874;887
0,7078,7130,1,0,0,11,0,234;233;208;423;402;256;515;748;609;553;697
1,7087,7148,1,0,0,11,2,234;224;199;414;393;247;506;739;600;544;697
0,7095,7160,1,0,0,11,0,210;216;191;406;385;239;498;731;592;536;689
1,7111,7185,1,0,0,11,1,210;200;175;390;369;223;482;715;576;520;673
0,7017,7075,1,0,0,10,0,234;294;269;484;463;317;576;776;670;614
1,6994,7057,1,0,0,11,1,2;11;234;317;292;507;486;340;599;832;693
1,7065,7148,1,0,0,11,1,234;246;221;436;415;269;528;761;622;566;719
1,7051,7128,1,0,0,11,1,234;260;235;450;429;283;542;775;636;580;733
1,6936,7216,1,0,0,10,4,60;69;35;478;370;350;565;544;398;657
1,6889,6960,1,0,0,10,1,107;116;82;525;422;397;612;591;445;704
1,6982,7240,1,0,0,10,2,14;23;270;329;304;519;498;352;611;844
1,6939,6998,1,0,0,10,1,57;66;32;270;370;347;562;541;395;654
1,6851,7135,1,0,0,10,4,145;154;120;531;460;435;650;629;483;742
1,6791,7007,1,0,15,10,8,205;214;172;623;520;495;710;689;543;802
0,6887,6957,1,0,0,10,0,109;118;84;527;424;399;614;593;447;706
1,6870,6937,1,0,0,10,1,126;135;101;531;441;416;631;610;464;723
0,6687,6748,1,0,0,10,0,6;309;318;21;236;727;621;599;814;793
1,6681,6763,1,0,0,10,1,12;315;324;27;290;733;621;605;820;799
0,6757,6975,1,0,0,9,0,239;248;172;657;554;529;744;723;577
1,6747,6976,1,0,0,9,2,249;258;224;667;564;539;754;733;587
0,6621,6710,1,0,0,10,0,72;375;384;87;350;793;690;665;880;859
1,6644,6698,1,0,0,10,1,39;352;361;64;327;770;667;642;857;836
0,6591,6654,1,0,0,8,0,83;405;414;117;376;823;720;695
1,6621,6694,1,0,0,10,1,72;375;384;87;350;793;690;665;880;859
1,6580,6661,1,0,0,7,1,113;416;425;128;390;834;731
1,6585,6664,1,0,0,7,2,108;411;420;123;376;829;726
0,6495,6556,1,0,0,9,0,14;3;17;198;501;510;213;390;919
0,6533,6583,1,0,0,6,0,160;463;472;175;390;881
1,6481,6549,1,0,0,10,1,28;17;5;29;212;515;524;227;390;933
0,6489,6560,1,0,0,9,0,20;9;23;204;507;516;219;390;925
1,6459,6683,1,0,0,10,6,50;39;29;29;234;537;546;249;512;955
1,6476,6769,1,0,0,10,2,33;22;5;29;217;520;529;232;495;938
1,6445,6514,1,0,0,10,1,64;53;43;35;241;551;560;263;526;969
1,6458,6704,1,0,0,10,3,51;40;30;29;235;538;547;250;513;956
1,6398,6463,1,0,0,10,1,111;100;90;57;295;598;607;310;573;1016
1,6441,6505,1,0,0,10,3,68;57;47;35;252;555;564;267;530;973
1,6362,6439,1,0,0,10,3,147;136;126;57;330;634;643;346;609;1052
1,6355,6580,1,0,0,10,4,154;143;133;157;330;641;650;353;616;1059
1,6314,6365,1,0,0,10,1,195;184;174;198;379;682;691;394;657;1100
0,6258,6334,1,0,0,8,0,251;240;219;254;435;738;747;450
1,6257,6339,1,0,0,8,2,252;241;226;255;436;739;748;451
1,6234,6296,1,0,0,9,2,275;264;13;254;278;459;762;771;474
1,6162,6240,1,0,0,9,1,347;336;85;326;350;531;834;843;546
0,6110,6193,1,0,0,9,0,399;388;137;378;402;583;886;895;598
1,6061,6140,1,0,0,10,2,10;448;437;186;427;451;632;935;944;647
0,6014,6081,1,0,0,10,0,38;57;495;484;233;474;498;679;982;991
0,5987,6052,1,0,0,9,0,65;84;503;511;260;501;525;706;1009
1,5986,6060,1,0,0,9,2,66;85;523;512;261;502;526;707;1010
1,5934,6216,1,0,0,8,6,26;113;137;575;564;313;554;578
1,5874,5939,1,0,0,8,1,41;86;113;197;576;624;373;614
1,5859,6125,1,16,0,7,2,56;101;193;212;576;639;388
1,5856,5936,1,0,0,7,1,59;104;196;215;653;642;391
0,4850,4922,1,0,0,6,0,506;420;273;709;538;488
1,4855,4926,1,0,0,6,2,501;420;268;704;533;483
1,4815,5067,1,0,0,7,4,13;541;420;308;710;573;523
1,4825,4876,1,0,0,7,2,3;528;420;298;710;563;513
1,4932,5008,1,0,0,9,1,424;397;191;627;456;406;725;983;707
1,4954,5201,1,0,0,9,5,402;375;169;605;434;384;703;961;685
1,4874,4956,1,0,0,7,1,482;420;249;685;514;464;783
1,4888,4939,1,0,0,8,1,468;420;235;671;500;450;764;1027
1,5044,5256,1,16,0,11,7,312;284;79;515;344;294;613;871;595;723;433
1,5057,5112,1,0,0,11,2,299;272;66;502;331;281;600;858;582;710;420
1,4987,5072,1,0,0,10,2,369;342;136;572;401;351;670;928;652;780
1,5042,5130,1,0,0,11,2,314;287;81;517;346;296;615;873;597;725;435
1,5133,5185,1,0,0,11,1,223;194;426;255;205;524;782;506;634;344;605
1,5243,5299,1,0,0,12,1,113;86;316;145;95;414;672;396;524;234;495;589
1,5110,5179,1,0,0,11,2,246;219;13;449;278;228;547;805;529;657;367
1,5125,5211,1,0,0,10,2,231;204;434;263;213;526;790;514;642;352
1,5421,5502,1,0,0,9,1,138;236;494;218;346;56;251;375;539
1,5396,5667,1,0,0,8,4,163;261;519;243;371;81;342;375
1,5376,5459,1,0,0,9,1,183;12;281;539;263;391;101;362;456
1,5301,5371,1,0,0,12,2,55;28;258;87;37;356;614;338;466;176;437;531
1,5584,5660,1,0,0,9,1,73;331;55;183;154;244;376;468;487
1,5572,5783,1,0,0,9,3,85;343;67;195;166;260;388;480;499
1,5527,5578,1,0,0,10,2,32;130;388;112;240;211;305;433;525;544
1,5491,5578,1,0,0,9,1,68;166;424;148;276;247;341;469;561
1,5692,5754,1,0,0,9,1,223;75;46;140;268;338;379;817;806
1,5666,5751,1,0,0,9,1,249;101;72;140;294;386;405;843;832
1,5661,5737,1,0,0,9,3,254;106;77;171;299;391;410;848;837
1,5633,5865,1,0,0,10,4,24;282;6;134;105;199;327;419;438;876
0,5751,5814,1,0,0,9,0,164;16;81;209;301;320;758;747;496
1,5741,5806,1,0,0,9,2,174;26;91;219;311;330;768;757;506
0,5733,5784,1,0,0,10,0,182;34;5;99;227;319;338;776;765;514
1,5709,5772,1,0,0,9,1,206;58;29;123;251;338;362;800;789
1,4044,4132,1,0,0,3,1,91;447;470
0,4065,4143,1,15,0,3,0,91;417;449
1,4076,4153,1,0,0,3,1,91;417;438
0,4115,4195,1,0,0,3,0,91;393;399
0,4149,4214,1,0,0,3,0,91;393;365
1,4159,4220,1,0,0,3,1,90;393;355
1,4160,4216,1,0,0,3,1,68;393;354
1,4221,4499,1,0,0,3,1,28;383;293
0,4268,4325,1,0,0,3,0,336;124;560
0,4284,4369,1,0,0,3,0,320;124;544
0,4327,4405,1,0,0,3,0,277;124;501
1,4344,4406,1,0,0,3,1,260;124;484
1,4386,4463,1,0,0,3,1,201;124;442
1,4436,4496,1,0,0,4,1,168;78;392;920
1,4449,4524,1,0,0,4,2,125;65;379;907
1,4471,4546,1,0,0,4,1,125;43;357;862
0,4492,4576,1,0,0,5,0,112;6;318;862;837
1,4487,4551,1,0,0,5,2,117;6;341;862;842
0,4545,4745,1,0,0,5,0,33;283;811;784;578
1,4538,4590,1,0,0,5,1,66;290;818;791;585
1,4566,4843,1,0,0,5,4,33;262;790;763;557
0,4554,4604,1,0,0,5,0,33;274;802;775;569
1,4579,4798,1,0,0,5,4,25;171;754;750;544
1,4576,4660,1,0,0,5,3,28;171;780;753;547
1,4636,4695,1,0,0,5,2,171;719;693;487;923
0,4592,4657,1,0,0,5,0,12;171;719;737;531
1,4723,4805,1,0,0,6,1,105;633;420;400;836;665
1,4706,4936,1,0,0,6,1,122;650;623;417;853;682
0,4760,4827,1,0,0,7,0,68;596;420;363;799;628;578
0,4752,4823,1,0,0,7,0,76;604;420;371;807;636;586
1,4785,4859,1,0,0,7,1,43;571;420;338;774;603;553
0,4785,4843,1,0,0,7,0,43;571;420;338;710;603;553
1,3517,3591,1,0,0,7,2,229;392;192;360;360;430;732
1,3549,3609,1,0,0,7,1,209;360;172;328;335;398;700
1,3508,3578,1,0,0,7,1,250;401;213;364;360;439;741
1,3510,3720,1,0,0,7,3,248;399;192;364;360;437;739
1,3482,3551,1,0,0,7,1,276;427;239;395;360;465;767
1,3488,3554,1,0,0,7,2,270;421;232;389;360;459;761
1,3369,3429,1,0,0,6,2,389;540;352;508;515;578
1,3472,3550,1,0,0,7,2,286;437;249;405;412;475;777
1,3696,3931,1,0,0,7,2,53;213;25;181;188;251;553
1,3718,3800,1,0,0,7,2,40;191;3;157;166;229;531
1,3630,3830,1,0,0,7,3,128;279;91;247;254;317;619
1,3693,3745,1,0,0,7,1,65;216;28;184;191;254;556
1,3591,3654,1,0,0,7,1,167;318;130;286;293;356;658
0,3608,3662,1,0,0,7,0,150;301;103;269;276;339;641
1,3557,3617,1,0,0,7,1,201;352;164;320;327;390;692
1,3585,3813,1,0,0,7,4,173;324;136;292;299;362;664
0,3866,3943,1,0,0,6,0,43;10;18;81;383;738
0,3864,3929,1,0,0,6,0,45;13;20;83;385;740
1,3864,3916,1,0,0,6,1,45;13;20;83;385;740
0,3823,3890,1,0,0,6,0,86;54;61;124;426;781
0,3816,3874,1,0,0,6,0,93;61;68;131;433;788
0,3815,3887,1,0,0,6,0,94;62;69;132;434;789
0,3770,3853,1,0,0,6,0,139;107;114;177;465;834
0,3756,3818,1,0,0,7,0,2;153;121;128;191;465;848
0,4041,4126,1,0,0,3,0,91;447;473
0,4036,4090,1,0,0,3,0,91;447;478
1,3947,4205,1,0,0,3,1,0;302;447
0,3942,4021,1,0,0,3,0,5;305;447
1,3939,4000,1,0,0,3,1,8;310;447
1,3922,4214,1,0,0,3,1,25;327;682
0,3893,3969,1,0,0,4,0,16;54;356;711
1,3889,3978,1,0,0,4,1,20;58;360;715
1,2491,2728,1,0,0,5,2,159;258;272;446;588
0,2552,2632,1,0,0,8,0,98;197;172;385;527;760;564;655
0,2653,2712,1,0,0,7,0,96;110;284;426;659;463;554
1,2669,2735,1,0,0,7,1,80;94;268;410;643;447;538
1,2389,2624,1,0,0,6,3,82;74;261;14;360;374
1,2411,2473,1,0,0,6,1,60;52;239;338;352;526
0,2450,2521,1,0,0,6,0,21;13;200;299;313;487
0,2470,2542,1,0,0,5,0,1;180;279;293;467
1,2759,2990,1,0,0,6,4,4;178;320;553;357;448
0,2789,2840,1,0,0,5,0,148;290;523;271;418
1,2816,3023,1,0,0,5,5,121;263;496;271;391
1,2821,2875,1,0,0,6,1,116;168;491;271;386;937
0,2673,2762,1,0,0,7,0,29;90;264;406;639;443;534
0,2718,2769,1,0,0,7,0,29;45;219;361;594;398;489
0,2720,2789,1,0,0,7,0,29;43;217;359;592;396;487
1,2722,2806,1,0,0,7,1,27;41;215;357;590;394;485
1,2966,3261,1,0,0,6,2,113;346;150;241;644;943
1,2952,3183,1,0,0,5,2,127;360;164;255;806
0,3004,3086,1,0,0,7,0,38;308;112;203;644;905;717
1,3002,3082,1,0,0,7,2,77;310;114;205;644;907;719
1,2853,2937,1,0,0,6,1,84;168;459;201;354;905
0,2828,2900,1,0,0,6,0,109;168;484;201;379;930
1,2908,2983,1,0,0,6,1,29;168;404;197;299;850
0,2854,2940,1,0,0,6,0,83;168;458;197;353;904
1,3245,3304,1,0,0,7,1,67;513;664;476;632;639;702
1,3197,3259,1,0,0,8,1,115;10;561;712;524;680;687;750
1,3310,3608,1,0,0,7,6,2;448;599;411;567;574;637
1,3248,3310,1,0,0,7,1,64;510;661;473;579;636;699
1,3073,3292,1,0,0,7,1,6;239;43;134;644;836;648
1,3016,3102,1,0,0,7,2,38;296;100;191;644;893;705
1,3112,3389,1,0,0,6,3,129;4;95;641;797;609
1,3094,3162,1,0,0,6,1,129;22;113;644;815;627
1,1823,1906,1,0,0,9,2,142;138;95;145;151;648;122;421;640
1,1802,2002,1,0,0,9,4,163;159;116;166;226;669;143;436;661
0,1762,1824,1,0,0,9,0,203;199;156;206;266;709;183;436;701
1,1745,1983,1,0,0,9,5,220;216;173;223;283;726;183;499;718
0,1933,2011,1,0,0,10,0,32;28;35;95;538;12;311;530;296;717
1,1868,2115,1,0,0,11,3,97;93;50;100;122;603;72;376;595;361;782
1,1863,2150,1,0,0,11,6,102;98;55;105;122;608;82;381;600;366;787
0,1843,1895,1,0,0,10,0,122;118;75;125;122;628;102;401;620;386
1,1511,1592,1,0,0,10,3,68;190;454;304;362;457;517;231;960;434
1,1499,1742,1,0,0,10,5,80;202;466;354;362;469;529;243;972;446
1,1489,1725,1,16,0,10,5,90;212;476;354;429;479;539;253;982;456
1,1475,1730,1,0,0,10,4,104;226;490;486;443;493;553;267;996;470
1,1712,1988,1,0,0,10,8,253;249;206;256;316;30;759;233;532;751
0,1701,1763,1,0,0,11,0,0;264;260;217;267;327;41;770;244;543;762
0,1644,1727,1,0,0,10,0,57;321;304;274;324;384;98;827;301;600
0,1603,1654,1,0,0,10,0,98;362;304;315;365;425;139;868;342;641
0,2205,2269,1,0,0,7,0,266;39;258;24;445;198;544
1,2260,2335,1,0,0,5,1,211;203;390;143;489
1,2089,2151,1,0,0,6,1,344;155;374;140;561;314
1,2167,2220,1,0,0,7,1,304;77;296;62;483;236;582
1,2361,2561,1,0,0,6,3,110;102;289;42;388;402
0,2364,2423,1,0,0,6,0,107;99;285;39;385;399
0,2315,2401,1,0,0,5,0,156;148;335;88;434
1,2343,2415,1,0,0,5,1,128;120;307;60;406
1,1995,2057,1,0,0,6,1,33;457;249;468;234;655
1,2007,2062,1,0,0,7,1,21;457;237;456;222;643;396
1,1942,2011,1,0,0,10,2,23;19;26;86;529;3;302;521;287;708
1,1984,2061,1,0,0,6,1,44;487;260;479;245;666
1,2037,2107,1,0,0,6,1,431;207;426;192;612;366
1,2082,2161,1,0,0,6,2,389;162;381;147;568;321
1,2021,2235,1,0,0,7,3,7;450;223;442;208;618;382
1,2032,2246,1,0,0,6,4,439;212;431;197;612;371
0,604,669,1,0,0,3,0,332;229;464
0,552,640,1,0,0,3,0,374;281;516
1,663,956,1,0,0,4,4,273;170;405;782
0,605,677,1,0,0,3,0,331;228;463
1,693,985,1,0,0,4,3,243;127;375;720
1,679,729,1,0,0,4,1,257;154;389;720
1,726,777,1,0,0,4,1,210;106;342;710
1,713,799,1,0,0,4,1,223;120;355;710
0,140,211,1,0,0,0,0,
0,128,202,1,0,0,0,0,
1,283,491,1,0,0,2,1,653;550
0,152,429,1,0,0,0,0,
1,307,567,1,0,0,2,1,629;473
0,299,367,1,0,0,2,0,637;473
1,509,571,1,0,0,3,1,374;324;559
1,374,428,1,0,0,3,1,374;459;694
0,1010,1061,1,0,0,2,0,51;435
0,1035,1103,1,0,0,2,0,33;410
0,1057,1129,1,0,0,2,0,11;388
1,1077,1363,1,0,0,1,1,368
1,1088,1169,1,0,0,1,1,137
1,1222,1308,1,0,0,6,1,109;357;479;743;739;696
1,1329,1393,1,0,0,9,2,109;250;372;636;632;589;639;699;413
0,1470,1523,1,0,0,10,0,109;231;495;491;448;498;558;272;1001;475
1,733,788,1,0,0,4,1,203;100;335;692
1,764,850,1,0,0,4,1,172;69;304;681
0,792,868,1,0,0,4,0,144;41;276;653
1,798,859,1,0,0,4,1,138;35;270;647
1,809,1025,1,0,0,4,1,127;24;259;622
1,877,937,1,0,0,3,1,59;191;568
0,996,1055,1,0,0,2,0,72;449
1,1000,1231,1,0,0,2,1,68;445
0,74,366,1,0,0,0,0,
0,79,166,1,0,0,0,0,
0,17,71,1,0,0,0,0,
0,34,295,1,0,0,0,0,
1,13629,13706,1,0,0,9,1,281;114;45;53;151;866;454;794;616
1,13625,13676,1,0,0,9,1,285;118;49;59;155;870;454;798;620
1,13713,13763,1,0,0,9,1,197;30;67;782;357;710;532;719;468
1,13705,13756,1,0,0,9,1,205;38;75;790;392;718;540;727;476
1,13781,14049,1,0,0,8,6,129;714;316;642;464;651;400;706
0,13728,13779,1,0,0,9,0,175;15;52;767;357;695;517;704;453
1,13791,13866,1,0,0,8,1,119;704;306;632;454;641;390;644
1,13787,14077,1,0,0,8,6,123;708;310;636;458;645;394;655
1,13452,13524,1,0,0,10,1,161;458;291;222;109;201;328;1043;645;971
1,13449,13533,1,0,0,9,2,164;461;294;225;112;235;331;1046;648
1,13520,13737,1,0,0,10,5,93;390;203;154;41;164;260;975;577;903
1,13514,13568,1,0,0,10,1,99;396;229;160;47;170;266;981;583;909
0,13603,13672,1,0,0,10,0,10;307;140;71;81;177;892;494;820;642
1,13570,13630,1,0,0,10,1,43;340;173;104;114;210;925;527;853;675
0,13614,13694,1,0,0,9,0,296;129;60;70;166;881;454;809;631
1,13607,13657,1,0,0,10,1,6;303;136;67;77;173;888;490;816;638
1,14122,14204,1,0,0,10,3,373;301;123;310;59;365;260;314;696;838
1,14123,14209,1,0,0,10,3,372;300;122;309;58;357;259;313;695;837
0,14218,14278,1,0,0,10,0,277;205;27;214;269;164;218;600;742;761
0,14243,14323,1,0,0,10,0,252;180;2;189;244;139;193;575;717;736
1,14269,14349,1,0,0,9,2,226;154;163;218;113;167;549;691;710
0,14330,14384,1,0,0,13,0,165;93;102;157;52;106;488;630;649;773;590;907;890
1,14373,14627,1,0,0,14,5,122;50;59;114;9;63;445;587;606;730;547;864;847;548
1,14377,14584,1,0,0,14,4,118;46;55;110;5;33;441;583;602;726;543;860;843;544
0,13817,13877,1,0,0,9,0,93;678;280;606;428;615;364;640;565
1,13868,13952,1,0,0,10,1,42;627;229;555;377;564;313;619;514;568
1,13927,14149,1,0,0,9,5,568;170;496;318;505;249;560;455;509
1,13977,14028,1,0,0,9,1,518;120;395;268;455;204;510;405;459
1,14003,14092,1,0,0,9,3,492;94;392;242;429;178;484;379;433
1,14012,14082,1,0,0,9,1,483;85;392;233;420;169;473;370;424
1,14029,14234,1,0,0,9,5,466;68;392;216;403;152;458;353;392
1,14034,14116,1,0,0,9,1,461;63;389;211;398;147;441;348;392
0,14906,14957,1,0,0,13,0,54;73;197;14;331;314;15;266;433;369;651;337;454
1,14887,15176,1,15,0,13,8,73;92;216;33;350;333;34;285;452;388;670;356;473
1,14860,14919,1,0,0,13,1,100;119;243;60;377;360;61;312;479;415;697;383;500
1,14825,14899,1,0,0,13,1,135;154;278;95;412;395;96;347;514;450;732;418;535
1,14991,15050,1,0,0,12,1,112;246;224;181;348;284;566;252;369;741;606;626
1,14966,15025,1,0,0,11,1,13;137;271;224;206;373;309;591;277;394;766
0,14963,15042,1,0,0,11,0,16;140;274;224;209;376;312;594;280;397;769
1,14928,15135,1,0,0,11,5,32;51;175;309;292;244;411;347;629;315;432
1,14468,14557,1,0,0,11,1,27;19;350;435;511;635;452;769;752;453;316
1,14461,14542,1,0,0,11,2,34;26;357;499;518;641;459;776;759;460;323
1,14438,14502,1,0,0,11,1,57;49;380;522;541;665;482;799;782;483;346
0,14402,14467,1,0,0,14,0,93;21;30;80;33;416;558;577;701;518;835;818;519;382
1,14754,14825,1,0,0,12,1,64;206;225;349;166;483;466;167;30;418;585;521
1,14657,14907,1,0,0,12,7,161;303;322;446;263;580;563;264;127;515;682;618
1,14575,14829,1,0,0,11,9,243;385;404;528;345;662;645;346;209;597;764
1,14519,14574,1,0,0,11,1,299;434;460;584;401;718;701;402;265;653;820
159
5938,6693,156.07,10
5973,6996,0.00,11
5863,6488,67.57,10
5897,6512,128.23,11
5648,6498,62.23,10
5732,6247,0.00,9
5507,6071,0.00,10
5614,6509,98.64,9
5404,5960,0.00,11
5466,6052,129.15,11
5127,5738,138.72,11
5178,5832,170.07,8
4978,5767,0.00,8
5037,5477,0.00,8
4887,5915,0.00,9
4899,5639,0.00,9
7331,8209,0.00,9
7240,8115,180.71,9
7034,7784,93.34,10
6995,7631,0.00,8
6984,7687,0.00,8
6952,7826,264.27,10
6784,7593,0.00,10
6729,7334,0.00,9
6598,7480,111.75,10
6595,7501,0.00,10
6588,7286,0.00,10
6536,7311,116.95,11
6292,7414,361.58,8
6288,6971,253.71,10
6019,6708,0.00,9
5993,7005,0.00,9
8212,8623,24.59,8
8263,8853,0.00,9
8264,8832,0.00,8
8378,9216,17.25,8
8023,8708,258.53,9
8024,8551,102.96,9
8038,9197,139.03,11
8152,8835,48.26,9
7645,8600,284.24,8
7739,8462,0.00,11
7750,8745,140.53,10
7978,8836,78.92,11
7333,8222,78.48,8
7446,8186,42.54,10
7486,8254,0.00,10
7610,8418,323.50,11
10191,11047,125.97,11
10040,10759,0.00,11
10282,10807,0.00,9
10275,10990,0.00,10
9698,10357,0.00,11
9680,10424,114.15,8
10008,10641,0.00,8
9922,10696,188.81,9
9345,9921,131.59,11
8968,9753,279.35,10
9461,9951,153.73,10
9372,10413,288.16,8
8632,9451,0.00,8
8472,9035,112.16,10
8705,9458,100.67,10
8652,9228,188.45,11
11820,12633,162.70,10
11892,12832,173.15,11
11410,12182,333.27,9
11595,12359,263.72,11
12490,13117,0.00,8
12526,13613,0.00,11
12327,13105,96.55,8
12462,13344,0.00,8
10417,11152,0.00,11
10534,11445,58.96,10
10346,10833,0.00,8
10393,11316,16.53,8
10763,11686,101.18,9
10846,11430,0.00,10
10548,11476,56.85,9
10654,11325,210.42,11
13451,14423,139.92,10
13384,14097,71.43,8
13370,14495,0.00,11
13127,13780,0.00,10
13737,14487,134.61,10
13684,14181,64.20,10
13649,14432,0.00,10
13539,14245,0.00,11
12870,13910,22.85,9
12841,13270,0.00,11
12794,13417,0.00,10
12654,13409,307.70,10
12998,13684,114.67,8
12986,13561,71.16,8
12928,13674,61.76,9
12919,13743,244.87,10
14322,15220,68.03,8
14333,14921,0.00,11
14396,14784,27.87,8
14484,15172,0.00,8
14500,15339,41.84,10
14635,15275,131.10,10
14769,15557,0.00,10
14776,15243,0.00,10
13810,14382,44.23,11
13818,14436,62.64,8
14068,14818,0.00,11
14089,14960,85.64,11
14216,14979,0.00,9
14273,15103,24.74,10
14284,14920,0.00,11
14316,15237,0.00,11
14956,15732,0.00,8
14778,15360,0.00,11
14983,15617,0.00,11
14968,15597,0.00,11
218,833,170.43,9
369,1068,99.91,11
161,936,255.63,8
1104,1701,0.00,8
1135,1965,0.00,11
608,1445,384.78,11
1090,1579,0.00,11
1266,1968,0.00,8
1308,2028,108.28,11
1157,1961,182.94,8
1200,1918,156.96,11
1436,2471,133.74,11
1308,1742,0.00,8
1575,2244,63.55,9
1454,1945,61.23,10
1826,2229,0.00,8
1693,2463,0.00,10
2006,2403,66.14,11
1863,2650,118.81,11
2351,2763,100.68,10
2107,2749,59.46,9
2476,3079,135.72,8
2396,2937,0.00,9
2506,3116,187.27,8
2504,3312,110.64,10
2818,3758,245.97,8
2516,3207,39.50,8
2964,3909,0.00,8
2983,3721,218.75,10
3131,3877,126.34,11
3133,3884,52.35,10
3177,3947,0.00,8
3390,4249,316.49,10
3746,4604,426.52,10
4031,4514,207.33,10
4231,4828,166.97,11
4429,5356,182.73,8
4475,5329,249.88,11
4511,5123,54.36,8
4633,5559,91.82,10
4705,5388,0.00,8
4735,5338,0.00,9
4866,5657,128.97,8
