1001
1,15964,16188,1,0,3369,13,5,44;38;206;355;213;445;493;429;87;469;770;466;614
0,15956,16020,1,0,0,13,0,52;46;214;363;221;453;501;437;87;477;770;474;622
1,15946,16172,1,0,3105,13,8,62;56;224;373;231;463;511;447;87;487;800;484;632
1,15941,16001,1,0,2746,14,3,67;61;229;378;236;3;468;516;452;130;492;800;489;637
1,16051,16284,1,0,2792,11,6,119;268;126;358;406;342;20;382;696;257;527
1,16007,16286,1,0,2184,12,6,1;163;293;170;402;450;386;64;426;740;257;571
1,15999,16085,1,0,2652,13,3,9;3;171;320;178;410;458;394;72;434;747;257;579
1,15971,16059,1,0,2886,13,4,37;31;199;348;206;438;486;422;87;462;770;257;607
1,15770,15822,1,0,3104,15,1,102;35;11;238;232;400;549;407;153;639;687;623;301;663;977
1,15707,15796,1,0,2824,12,2,165;98;74;301;295;463;612;470;153;702;732;686
1,15701,15765,1,0,2528,12,1,171;104;80;307;301;469;618;476;153;708;756;692
1,15670,15903,1,0,2871,12,6,202;135;111;338;332;500;649;507;153;739;787;723
1,15886,15954,1,0,3573,14,3,122;116;284;433;291;58;523;571;507;185;547;800;490;692
1,15879,15947,1,0,3713,14,4,129;123;291;440;298;65;530;578;514;192;554;800;551;699
1,15813,16041,1,0,2979,14,8,59;195;189;357;506;364;131;596;644;580;258;620;934;617
1,15777,15864,1,0,3136,15,3,95;28;4;231;225;393;542;400;153;632;680;616;294;656;970
1,16357,16414,1,0,2090,10,1,52;100;36;76;390;73;221;424;715;877
1,16378,16459,1,0,2293,10,1,31;79;15;55;369;52;200;421;715;856
1,16333,16389,1,0,2356,8,1,76;124;60;100;414;97;245;424
1,16341,16399,1,0,2543,9,2,68;116;52;92;402;89;237;424;757
1,16451,16727,1,0,1014,6,4,6;296;127;389;647;756
1,16461,16672,1,0,1108,5,3,286;117;389;637;752
1,16398,16459,1,0,2044,9,1,11;59;35;349;32;180;408;700;836
1,16422,16503,1,15,1903,8,2,35;11;325;8;156;389;676;812
1,16106,16174,1,0,2340,10,2,64;118;71;303;351;287;327;641;257;472
1,16145,16224,1,0,3198,11,3,25;118;32;264;312;248;288;602;257;433;718
1,16057,16128,1,0,2340,11,2,113;118;120;352;400;336;14;376;690;257;521
1,16083,16359,1,0,2340,10,3,87;118;94;326;374;310;350;648;257;495
0,16253,16331,1,0,0,9,0,66;156;204;140;180;494;177;325;610
1,16269,16543,1,0,2060,9,3,50;140;188;124;164;478;161;309;594
1,16188,16271,1,0,2278,9,1,118;221;269;205;245;559;242;384;675
1,16207,16258,1,0,2277,9,1,112;202;250;186;226;540;223;371;656
1,16665,16716,1,0,1310,7,1,82;198;433;569;850;721;729
1,16608,16825,1,0,1264,6,4,139;255;475;626;907;778
0,16745,16796,1,0,0,7,0,2;118;353;489;770;641;649
1,16667,16742,1,0,1311,7,1,80;196;417;567;848;719;727
1,16904,17110,1,0,1560,6,5,194;330;611;482;490;881
1,16864,16936,1,0,1263,5,1,234;370;651;522;530
0,16929,16984,1,0,0,6,0,169;305;522;457;465;856
0,16926,16979,1,0,0,6,0,172;308;522;460;468;859
1,16512,16567,1,0,858,5,1,235;66;351;586;722
1,16496,16573,1,0,999,5,2,251;82;367;602;738
0,16552,16634,1,0,0,6,0,195;26;311;546;676;963
1,16531,16612,1,0,889,5,1,216;47;332;567;703
1,16573,16624,1,0,1232,6,1,174;5;268;525;661;942
1,16572,16867,1,0,1233,6,3,175;6;291;526;662;943
1,16605,16671,1,0,1170,6,1,142;258;493;629;910;781
1,16600,16651,1,0,1170,6,1,147;263;498;634;915;786
1,17126,17180,1,0,2293,8,2,108;389;260;268;659;397;392;453
1,17146,17196,1,0,1950,8,1,61;369;240;248;639;377;392;433
0,17176,17239,1,0,0,8,0,58;339;210;218;609;347;380;403
1,17188,17437,1,0,2403,9,3,46;327;198;206;597;335;368;391;936
1,17202,17273,1,0,2200,9,2,32;313;184;192;583;319;354;377;922
1,17244,17329,1,0,1934,8,2,271;142;150;541;279;312;335;880
1,17244,17305,1,0,1997,8,2,271;142;150;541;271;312;335;880
1,17295,17367,1,0,2059,9,3,220;91;99;490;228;261;284;829;838
1,16947,17028,1,0,1435,6,1,151;287;522;439;447;838
0,16963,17049,1,0,0,6,0,125;271;522;423;431;822
1,16966,17048,1,0,1404,6,1,125;268;522;420;428;819
0,16972,17038,1,0,0,6,0,116;262;522;414;422;813
1,17053,17134,1,0,1358,6,1,45;181;462;333;341;732
1,17069,17135,1,0,1529,7,1,29;165;446;317;325;716;454
0,17083,17146,1,0,0,8,0,15;151;432;303;311;702;400;473
1,17113,17193,1,0,2168,8,2,121;402;273;281;672;400;443;466
1,14348,14558,1,0,1872,5,3,129;816;562;364;662
0,14310,14361,1,0,0,5,0,129;846;600;402;662
1,14289,14560,1,0,1872,5,3,129;846;621;423;740
0,14283,14338,1,15,0,5,0,129;846;627;429;746
1,14244,14331,1,0,1514,4,1,129;846;666;468
1,14234,14305,1,0,1544,4,1,129;872;676;478
0,14225,14293,1,0,0,4,0,129;872;685;487
1,14190,14460,1,0,1171,4,2,129;881;720;522
1,14177,14415,1,0,1357,4,2,325;881;733;535
1,14175,14263,1,0,1545,4,1,347;881;735;537
0,14141,14196,1,0,0,4,0,381;881;769;571
1,14056,14345,1,0,1108,4,3,18;448;1108;854
0,14048,14100,1,0,0,4,0,26;448;1116;862
1,13873,14166,1,0,999,4,1,201;62;69;649
1,13837,13912,1,0,1466,5,2,3;237;98;105;685
0,13824,13912,1,0,0,5,0,10;250;111;118;698
0,14690,14778,1,0,0,6,0,474;220;22;339;309;250
1,14714,14773,1,0,1576,5,2,450;196;315;309;250
1,14637,14718,1,0,1919,6,1,527;273;75;359;578;250
1,14657,14907,1,0,1653,6,3,507;253;55;359;558;250
0,14580,14638,1,0,0,6,0,584;330;132;359;617;407
1,14584,14867,1,0,2075,6,4,580;326;128;359;617;403
1,14516,14577,1,0,1529,6,1,6;648;394;196;424;699
1,14535,14610,1,0,1513,6,1,629;375;177;359;680;452
1,14453,14744,1,0,1232,5,4,69;711;457;259;576
1,14462,14549,1,0,1295,5,1,60;702;448;250;424
0,14437,14503,1,0,0,5,0,85;727;473;275;592
0,14438,14502,1,0,0,5,0,84;726;472;274;591
1,14422,14475,1,0,1388,5,1,100;742;476;290;607
0,14426,14479,1,0,0,5,0,91;738;476;286;603
1,14381,14457,1,0,1809,5,1,128;783;529;331;648
1,14381,14464,1,0,1654,5,1,128;775;529;331;648
1,15193,15270,1,16,2153,9,1,22;8;679;154;349;350;612;588;815
0,15132,15183,1,0,0,7,0,32;83;69;740;215;410;411
1,15244,15294,1,0,2699,8,1,628;103;298;299;561;537;739;758
0,15202,15284,1,0,0,8,0,13;670;145;340;341;603;579;739
1,14945,15210,1,0,1560,6,4,89;26;270;42;256;927
1,14879,14947,1,0,1217,6,2,89;31;26;309;107;322
0,15094,15150,1,0,0,7,0,70;121;107;778;253;448;449
0,14998,15067,1,0,0,8,0,89;26;217;203;849;349;544;545
1,14859,15092,1,0,1419,6,1,89;51;170;309;128;342
0,14856,14932,1,0,0,6,0,89;54;173;309;131;345
0,14864,14944,1,0,0,6,0,89;46;26;309;107;337
1,14862,14922,1,0,1467,6,2,89;48;26;309;125;339
1,14753,14840,1,0,1575,5,2,411;157;276;309;234
1,14727,14779,1,0,1638,5,1,437;183;292;309;250
0,14852,14926,1,0,0,6,0,89;58;177;309;135;349
1,14790,15089,1,0,1545,5,3,374;120;239;309;197
1,15537,15605,1,0,2574,12,3,335;5;6;194;244;471;465;633;782;640;407;872
1,15537,15803,1,0,2683,12,9,335;5;6;194;244;471;465;573;782;640;407;872
1,15557,15644,1,0,2387,10,3,315;194;224;451;445;573;762;620;153;852
1,15581,15654,1,0,2309,11,1,291;194;200;427;421;542;738;596;153;828;876
1,15455,15522,1,0,2215,11,3,417;87;62;350;326;553;492;715;864;722;489
1,15455,15708,1,16,2308,11,4,417;87;62;350;326;553;492;715;864;722;466
1,15501,15738,1,0,2683,12,5,371;41;42;304;280;507;492;669;818;676;442;908
1,15514,15580,1,0,2028,12,3,358;28;29;194;267;494;488;656;805;663;430;895
1,15354,15561,1,0,2277,10,3,518;188;182;451;427;654;648;816;965;823
1,15359,15413,1,0,2277,10,2,513;183;182;446;422;649;492;811;960;818
0,15409,15495,1,0,0,11,0,463;133;134;396;372;599;492;761;910;768;535
1,15449,15509,1,0,2293,11,3,423;93;94;356;332;559;492;721;870;728;495
1,15252,15311,1,0,2340,8,1,597;95;290;291;553;529;739;750
1,15274,15358,1,0,2434,8,1,597;73;268;269;531;507;722;728
1,15275,15503,1,0,2512,8,4,597;72;267;268;530;506;697;727
1,15285,15372,1,0,2496,8,2,587;62;257;182;520;496;697;717
1,19436,19487,1,0,2293,10,1,41;230;292;416;433;376;300;426;637;325
1,19464,19527,1,0,2449,11,1,13;202;264;388;405;348;272;413;609;325;833
1,19366,19431,1,0,2792,10,1,103;300;362;486;503;446;370;426;707;636
1,19416,19706,1,0,2964,10,7,61;250;312;436;453;396;320;426;657;586
1,19514,19580,1,0,2558,10,1,152;214;338;355;298;222;363;559;325;783
1,19574,19662,1,0,2637,11,2,92;154;278;295;238;162;303;499;325;723;843
1,19488,19564,1,0,2371,10,1,168;240;364;381;324;248;389;585;325;809
1,19491,19549,1,0,2559,10,1,152;237;361;378;321;245;386;582;325;806
1,19608,19668,1,0,2901,12,1,58;120;244;261;204;128;269;465;325;689;809;518
1,19612,19677,1,0,3058,12,1,54;116;240;257;200;124;263;461;325;685;805;518
0,19593,19645,1,0,0,11,0,73;135;259;276;219;143;284;480;325;704;809
1,19602,19664,1,0,2528,12,1,64;126;250;267;210;134;275;471;325;695;809;571
1,19650,19702,1,16,2995,12,1,16;78;202;219;162;78;227;423;325;647;615;518
1,19661,19745,1,0,2465,12,1,5;67;191;208;151;68;216;412;325;636;615;512
1,19628,19898,1,0,3011,12,4,38;100;224;241;184;108;249;445;325;669;754;518
1,19632,19706,1,0,3120,12,1,34;96;220;237;180;104;245;441;325;665;615;518
1,19818,19903,1,0,1888,8,2,34;51;59;255;184;479;599;346
1,19816,19890,1,0,1888,8,1,36;53;61;257;186;481;601;357
1,19763,19838,1,0,2324,9,2,89;106;49;114;310;239;534;615;410
1,19663,19720,1,0,2792,12,1,3;65;189;206;149;68;206;410;325;634;615;510
0,19894,19962,1,0,0,7,0,179;108;380;523;279;372;554
1,19889,19973,1,0,1997,7,1,184;113;408;528;284;377;554
1,19873,20080,1,0,2090,8,5,4;200;129;422;544;300;393;633
1,19828,19891,1,0,2106,9,1,24;41;49;245;174;422;589;345;438
0,19969,20049,1,0,0,7,0,104;33;328;448;204;297;537
1,19969,20224,1,0,1935,7,3,104;33;328;448;204;297;537
0,19931,20008,1,0,0,7,0,142;71;366;478;242;335;554
1,19920,20141,1,0,2044,7,4,153;82;377;497;253;346;554
1,20137,20380,1,0,1685,6,4,155;280;36;129;292;606
1,20124,20202,1,0,1560,6,1,173;293;49;142;292;619
1,20061,20125,1,0,1903,7,1,12;236;356;112;205;292;682
1,19999,20064,1,0,1856,7,1,74;3;298;418;174;267;292
1,20173,20230,1,0,1716,6,1,124;244;0;93;292;437
1,20190,20268,1,0,1732,6,1,94;227;76;292;437;952
1,20234,20468,1,0,1794,6,2,52;183;32;272;437;908
0,20235,20299,1,0,0,6,0,52;167;31;271;437;907
1,20236,20307,1,0,1560,6,1,52;167;30;270;437;906
1,20299,20564,1,0,1575,5,2,118;207;399;843;865
1,20307,20381,1,0,1420,6,1,110;199;399;722;857;487
1,20319,20384,1,0,1591,6,1,98;187;399;722;789;475
1,20342,20410,1,0,2309,9,1,75;164;385;722;789;452;708;587;640
1,20398,20485,1,0,2402,10,3,19;108;345;722;766;396;652;531;584;804
1,20422,20502,1,0,2590,10,1,84;321;720;742;372;628;507;500;780;867
0,20426,20512,1,0,0,10,0,80;317;716;738;368;596;503;500;776;863
1,20439,20520,1,0,2964,11,2,67;304;703;725;355;596;490;500;763;850;345
1,20456,20537,1,0,2746,11,2,50;287;676;708;338;594;473;500;746;833;328
1,20581,20665,1,0,2667,12,4,162;561;583;213;469;348;401;621;708;203;589;959
1,20647,20729,1,0,2668,12,2,96;495;517;147;403;282;335;555;642;137;523;893
1,20766,20836,1,0,2683,11,1,376;398;28;284;163;216;436;523;18;404;774
1,20743,20824,1,0,2543,12,1,0;399;421;51;307;186;239;459;546;41;427;797
1,20809,20897,1,0,2667,9,3,333;355;241;120;173;393;480;361;724
1,20801,21026,1,0,2450,9,5,341;363;249;128;181;401;488;369;739
1,20844,20920,1,0,2574,9,1,298;320;161;85;138;358;445;326;681
1,20837,20896,1,0,2449,9,1,305;327;213;92;145;365;452;333;681
1,20875,20938,1,0,2403,10,1,267;289;161;31;107;327;242;295;665;634
1,20844,21127,1,0,2871,9,6,298;320;161;31;138;358;445;326;681
1,20885,20964,1,0,2949,10,1,256;279;161;31;97;317;242;285;655;524
1,20876,21125,1,0,2699,10,5,256;288;161;31;106;326;242;294;664;633
1,20927,21005,1,0,2013,10,2,183;237;123;2;55;275;242;243;613;524
1,20888,20967,1,0,2246,10,2,183;276;161;31;94;314;242;282;652;524
1,20943,21016,1,0,2246,9,2,183;221;94;39;235;242;227;597;524
1,20940,20992,1,0,2247,9,1,183;224;110;42;235;242;230;600;524
1,20960,21043,1,0,2387,10,1,182;204;87;22;235;242;210;580;524;626
1,20957,21030,1,0,2137,10,1,183;207;93;25;235;242;213;583;524;629
0,17528,17610,1,0,0,8,0,257;28;51;592;605;571;555;633
1,17532,17584,1,0,1918,8,1,253;24;47;592;601;567;551;629
1,17461,17526,1,0,2324,10,3,54;324;62;95;118;663;672;638;612;700
1,17502,17579,1,0,2122,10,2,13;283;21;54;77;622;631;597;581;659
1,17411,17497,1,0,2215,10,3,104;374;112;145;168;713;722;688;672;750
0,17432,17507,1,0,0,10,0,83;353;91;124;147;692;701;667;612;729
0,17332,17385,1,0,0,10,0,183;54;62;453;191;224;240;792;801;767
0,17394,17464,1,0,0,10,0,121;0;391;129;162;185;730;739;705;689
1,17824,18078,1,0,2527,7,4,300;309;275;259;337;742;560
1,17845,17932,1,0,2122,7,1,279;288;254;238;316;721;539
1,17712,17797,1,0,1857,6,1,73;383;421;387;371;449
1,17748,17977,1,0,2090,6,2,37;368;385;351;335;413
1,17698,17775,1,0,1872,6,1,87;426;428;401;385;463
1,17704,17977,1,0,1934,6,3,81;390;428;395;379;457
1,17669,17743,1,0,1872,6,1,116;455;464;430;414;492
1,17676,17739,1,0,1872,6,1,109;448;430;423;407;485
1,18141,18197,1,0,2995,9,2,20;425;243;713;887;389;681;701;731
1,18131,18217,1,0,2901,10,1,2;30;435;253;734;897;399;691;711;741
1,18050,18126,1,0,2636,10,2,74;83;49;33;111;516;334;815;953;480
1,18025,18089,1,0,2949,10,2,99;108;74;58;136;541;359;840;962;505
1,18016,18082,1,0,2543,9,2,108;117;83;67;145;550;368;840;1012
1,18008,18071,1,0,2450,9,2,116;125;91;75;153;558;376;857;1020
1,17944,18031,1,0,2386,8,2,173;189;155;139;217;622;440;921
1,17908,17973,1,0,2496,8,1,216;225;191;175;253;658;476;957
1,18394,18463,1,0,3276,10,1,172;471;634;136;428;448;478;586;534;482
0,18390,18440,1,0,0,10,0,176;475;638;140;432;452;482;590;534;486
1,18351,18401,1,0,3604,11,1,215;33;514;677;179;471;491;521;629;534;525
1,18279,18545,1,0,3182,10,8,287;105;586;748;251;543;536;593;701;793
1,18261,18341,1,0,2902,9,1,305;123;604;748;269;561;581;611;719
1,18240,18322,1,0,3026,9,1,326;144;625;748;290;582;602;632;740
1,18238,18300,1,0,2637,8,1,328;146;627;790;292;584;604;634
1,18196,18264,1,0,2637,8,1,370;188;669;832;334;626;646;676
1,18619,18694,1,0,2200,9,1,246;409;203;223;253;287;453;257;835
1,18657,18728,1,0,1716,9,1,208;371;165;185;215;287;415;219;820
1,18667,18718,1,0,1732,9,1,198;361;155;175;205;287;405;209;810
1,18675,18922,1,0,2122,9,6,190;337;147;167;197;287;397;201;802
1,18430,18486,1,0,3183,10,1,136;435;598;100;392;412;442;550;534;446
1,18487,18544,1,0,3198,10,1,79;378;541;43;335;355;385;493;534;389
1,18586,18787,1,0,2465,9,4,279;442;236;256;286;394;486;290;891
1,18587,18674,1,0,2215,9,1,278;441;235;255;285;287;485;289;890
0,18711,18784,1,0,0,9,0,154;317;17;131;161;269;361;165;732
1,18735,18802,1,0,2387,9,3,130;293;17;107;137;245;337;141;732
1,18736,18803,1,0,1966,9,2,129;292;17;106;136;244;294;140;732
1,18759,19030,1,0,1825,9,5,106;269;17;83;83;221;294;117;718
1,18678,18741,1,0,1794,9,2,187;337;17;164;194;287;394;198;799
0,18682,18752,1,0,0,9,0,183;337;17;160;190;287;384;194;795
1,18701,18768,1,0,1919,9,1,164;327;17;141;171;279;371;175;776
1,18704,18757,1,0,1919,9,1,161;324;17;138;168;276;368;172;749
1,18999,19058,1,0,2106,10,2,29;73;478;667;729;853;215;870;813;737
0,18995,19048,1,0,0,8,0,33;77;482;671;733;857;215;874
1,19080,19153,1,0,2746,9,1,397;586;648;772;168;743;732;656;797
1,19057,19136,1,0,2231,10,3,15;420;609;671;795;191;812;755;679;820
1,18830,18917,1,0,1435,9,2,35;198;12;42;150;242;46;647;836
1,18761,18838,1,0,2091,9,2,104;267;17;81;83;193;294;115;716
1,18940,19192,1,0,1513,8,5,88;40;132;537;726;788;912;308
1,18916,18967,1,0,1529,8,1,112;64;156;561;750;812;936;332
1,19251,19305,1,0,1825,8,1,226;415;477;601;618;561;485;426
1,19222,19492,1,0,2137,9,4,255;444;506;630;26;647;590;514;611
1,19353,19419,1,0,2605,9,2,124;313;375;499;516;459;383;426;720
1,19254,19326,1,0,2044,8,2,223;384;474;598;615;558;482;426
1,19140,19378,1,0,2746,9,6,337;526;588;712;108;729;672;596;737
0,19080,19141,1,0,0,9,0,397;586;648;772;168;743;732;616;797
1,19167,19256,1,0,2121,9,2,310;476;561;685;81;702;645;569;611
1,19146,19214,1,0,2262,9,1,331;520;582;706;102;723;666;590;611
0,23627,23680,1,0,0,11,0,55;177;143;108;122;675;563;797;474;545;586
0,23662,23739,1,0,0,12,0,20;142;108;73;87;640;528;762;439;510;574;972
1,23665,23754,1,0,2137,12,4,17;139;105;70;84;637;525;759;436;507;571;969
1,23679,23767,1,0,2356,12,2,3;125;91;56;70;623;511;745;422;493;554;955
1,23740,23811,1,0,1888,10,2,64;30;9;562;450;684;361;432;496;894
1,23746,23829,1,0,1841,10,2,58;24;3;531;444;678;355;426;490;888
1,23746,23824,1,0,1935,10,3,58;4;3;531;444;678;355;426;490;888
1,23881,24085,1,0,2636,11,6,421;309;543;220;291;355;753;463;487;832;502
1,23385,23666,1,0,1841,7,7,50;297;419;334;350;364;917
1,23390,23618,1,0,1903,7,6,45;292;414;334;345;359;856
1,23439,23495,1,0,1389,6,1,243;365;222;296;310;856
1,23467,23532,1,0,2481,8,3,215;337;222;268;282;835;723;957
1,23507,23570,1,0,1981,8,2,175;297;169;228;242;795;683;917
1,23531,23592,1,0,1903,8,1,151;273;169;204;218;771;659;893
1,23544,23605,1,0,2075,9,2,138;260;169;191;205;758;646;837;557
1,23616,23689,1,0,2169,11,3,66;188;154;119;133;686;574;808;485;556;620
1,23165,23380,1,0,2106,7,5,153;270;33;509;639;605;570
0,23133,23202,1,0,0,8,0,185;302;4;33;509;671;637;602
1,23264,23317,1,0,1919,7,1,54;171;418;473;506;471;485
0,23177,23243,1,0,0,7,0,141;258;33;505;473;593;558
1,23337,23410,1,0,1778,7,1,98;345;467;433;398;412;965
1,23311,23368,1,0,1466,7,2,7;124;371;473;459;424;438
1,23382,23448,1,0,1919,7,3,53;300;422;388;353;367;920
0,23371,23428,1,0,0,7,0,64;311;433;399;364;378;931
1,22916,23171,1,0,2293,10,4,0;140;70;9;368;519;221;268;766;888
1,22873,22957,1,15,1623,9,1,43;183;113;52;445;562;264;268;809
0,22968,23025,1,0,0,8,0,88;18;350;467;169;245;509;836
1,22965,23238,1,0,2090,8,4,91;21;353;470;172;248;717;837
1,23016,23257,1,0,1965,7,4,40;302;418;121;197;509;788
1,22986,23050,1,0,2091,8,2,70;0;332;449;151;227;509;818
0,23131,23209,1,0,0,8,0,187;304;6;33;509;673;639;604
1,23031,23120,1,0,1918,7,1,25;287;404;106;33;509;773
1,24703,24775,1,0,1872,7,2,10;69;147;476;732;629;960
0,24709,24792,1,0,0,7,0,4;63;141;470;716;623;954
0,24635,24685,1,0,0,6,0,78;137;215;544;762;697
1,24641,24704,1,0,1607,6,2,72;131;209;538;762;691
1,24955,25183,1,0,2216,8,4,224;480;377;708;740;594;625;695
1,24973,25029,1,0,2870,10,2,206;462;359;690;722;501;607;677;598;741
1,24740,24812,1,0,1576,6,2,32;110;439;695;592;923
1,24845,24907,1,0,2293,7,2,5;334;590;487;818;850;704
1,24478,24773,1,0,1607,5,3,156;209;294;372;701
0,24496,24563,1,0,0,5,0,138;209;220;354;683
0,24407,24491,1,0,0,7,0,17;227;267;12;365;443;746
1,24458,24542,1,0,1684,5,3,176;255;314;392;721
1,24623,24704,1,0,1544,7,1,11;90;149;227;556;763;709
0,24629,24705,1,0,0,7,0,5;84;143;221;550;762;703
1,24496,24555,1,0,1357,5,3,138;209;220;354;683
1,24612,24866,1,0,1264,6,3,22;101;160;238;567;823
0,24317,24406,1,0,0,10,0,107;317;27;51;396;66;102;455;533;746
0,24305,24388,1,0,0,10,0,119;329;39;63;408;78;114;467;545;746
1,24280,24369,1,0,3182,11,1,22;144;354;64;88;429;103;139;492;570;746
1,24272,24342,1,0,3120,11,1,30;152;362;72;96;429;111;147;500;578;746
1,24397,24484,1,0,2138,7,2,27;237;316;22;375;453;746
0,24385,24446,1,0,0,7,0,39;249;328;34;387;465;746
0,24369,24425,1,0,0,8,0,55;265;344;14;50;403;481;746
1,24330,24396,1,0,2933,10,1,94;304;14;38;383;53;89;442;520;746
1,24084,24138,1,0,2371,12,2,218;106;340;17;88;139;550;260;284;532;299;335
1,24079,24136,1,0,2309,12,1,223;111;345;22;93;157;555;265;289;532;304;340
1,23976,24261,1,0,2980,11,10,326;214;398;125;196;260;658;368;392;737;407
1,23962,24035,1,0,2543,11,3,340;228;403;139;210;274;672;382;406;751;421
1,24260,24322,1,0,3042,11,3,42;164;374;84;108;453;123;159;512;590;746
1,24239,24488,1,0,3074,11,6,63;185;395;105;129;474;144;180;533;611;940
0,24224,24286,1,0,0,12,0,78;200;12;410;120;144;489;159;195;548;626;955
1,24106,24189,1,0,2434,11,1,196;84;318;66;130;528;238;262;532;277;313
1,21830,22101,1,0,2637,12,5,59;159;184;107;228;238;133;297;340;319;263;616
1,21872,21959,1,0,2528,12,4,17;117;142;65;186;196;91;133;298;277;221;574
1,21875,21952,1,0,2247,12,2,14;114;139;62;183;193;88;67;295;274;218;571
1,21876,22114,1,0,2262,12,2,13;113;138;61;161;192;87;67;294;273;217;570
1,21691,21778,1,0,2871,12,3,198;298;104;323;246;363;377;272;415;479;458;402
0,21712,21769,1,0,0,12,0,177;277;83;302;225;346;356;251;415;458;437;381
1,21712,21973,1,0,2714,12,7,177;277;83;302;225;346;356;251;415;458;437;381
1,21777,21831,1,0,2465,12,3,112;212;18;237;160;277;291;186;350;393;372;316
1,21639,21707,1,0,2637,12,3,250;350;156;375;298;419;429;324;488;521;510;454
1,21650,21732,1,0,2574,12,1,239;315;145;364;287;408;418;313;477;520;499;443
1,21662,21742,1,0,2995,12,2,227;315;133;352;275;396;406;301;415;508;487;431
0,21677,21731,1,0,0,12,0,212;312;118;337;260;363;391;286;415;493;472;416
1,21541,21612,1,0,3120,12,1,45;348;448;254;473;396;517;527;422;586;629;608
1,21577,21665,1,0,2995,12,2,9;312;412;218;437;360;481;491;386;550;593;572
1,21595,21845,1,16,2668,11,6,294;394;200;419;342;432;473;368;532;575;554
0,21622,21689,1,0,0,12,0,267;367;173;392;315;432;446;341;505;521;527;471
1,21348,21408,1,0,2761,11,3,192;161;47;541;641;447;592;589;710;720;615
1,21288,21552,1,0,2137,9,5,1;252;221;298;577;701;507;592;649
1,21449,21511,1,0,2730,13,1,91;60;47;426;540;346;565;488;609;619;514;678;721
1,21440,21509,1,0,2730,13,1,100;69;47;449;549;355;574;497;618;628;523;687;730
1,21189,21432,1,0,2355,10,6,13;100;315;320;322;683;800;606;825;748
1,21186,21238,1,0,1965,10,1,16;103;354;321;322;683;803;609;828;751
1,21279,21334,1,0,1794,9,1,10;261;230;307;610;710;516;592;658
1,21214,21264,1,0,2153,9,2,75;315;295;322;675;775;581;592;723
1,21113,21325,1,0,2668,9,2,29;51;89;176;57;427;356;322;776
1,21045,21333,1,0,2262,9,3,97;119;5;157;242;125;495;403;322
1,21141,21219,1,0,1919,9,3,1;23;61;148;29;399;321;322;748
1,21116,21188,1,0,2589,9,1,26;48;86;173;54;424;342;322;773
1,20992,21047,1,0,2324,9,2,150;172;58;204;242;178;548;517;594
1,20989,21286,1,0,2309,9,6,153;175;61;213;242;181;551;520;597
1,21002,21244,1,0,2090,9,3,140;138;48;200;242;168;538;507;322
1,20999,21270,1,0,2403,9,5,143;138;51;203;242;171;541;510;587
1,22844,22916,1,0,2386,10,4,72;212;20;142;81;474;591;293;268;838
1,22846,22931,1,0,2403,10,4,70;210;18;140;64;472;589;291;268;836
1,22748,22807,1,0,2013,12,4,168;63;308;90;238;177;57;19;570;687;389;465
1,22760,23053,1,0,2059,12,3,156;51;273;90;226;165;45;7;558;675;377;453
1,22727,22779,1,0,2169,12,1,189;84;329;137;259;184;78;40;591;708;410;486
1,22734,22791,1,0,2480,12,1,182;77;322;130;252;184;71;33;584;701;403;479
1,22562,22621,1,0,2403,9,1,354;249;494;302;424;184;243;205;756
1,22660,22712,1,0,2528,11,1,256;151;396;204;326;184;145;107;658;775;477
1,22517,22602,1,0,2402,9,1,399;294;539;329;469;408;288;250;801
1,22528,22815,1,0,2387,9,9,388;283;528;329;456;397;277;239;790
0,22465,22536,1,0,0,8,0,451;346;591;399;492;460;340;302
1,22469,22541,1,0,2169,8,1,447;342;587;395;492;456;336;298
1,22352,22578,1,0,2871,10,3,94;564;88;459;704;512;84;634;573;453
1,22399,22450,1,0,2995,11,1,47;517;41;412;657;465;37;492;526;406;368
0,22303,22375,1,0,0,10,0,124;613;128;508;753;561;133;683;622;502
1,22318,22604,1,0,2964,10,6,124;598;122;493;738;546;118;668;607;487
1,22251,22327,1,0,2308,10,1,124;660;189;539;775;613;185;735;674;554
1,22244,22459,1,0,2762,10,8,124;672;196;539;775;620;192;742;681;561
0,22229,22289,1,0,0,10,0,124;687;211;539;775;635;207;757;696;576
1,22227,22313,1,0,3526,10,3,124;689;213;539;776;637;209;759;698;578
1,22222,22515,1,0,3635,10,9,124;694;218;539;834;642;214;764;703;583
1,22167,22417,1,0,2511,8,2,3;124;749;273;644;889;650;269
0,22160,22237,1,0,0,8,0,10;124;756;280;651;896;650;276
1,22152,22237,1,0,2589,8,2,18;124;764;288;659;904;709;284
1,22133,22220,1,0,2434,9,1,37;16;124;783;307;678;923;713;303
1,22123,22186,1,0,2434,10,1,4;47;26;124;793;317;688;933;741;313
1,22113,22376,1,0,2621,9,6,14;57;36;333;803;327;698;943;751
1,22063,22124,1,0,2637,11,1,5;64;107;86;30;383;853;377;748;993;796
1,22060,22128,1,15,2652,11,1,8;67;110;89;33;386;856;380;751;996;804
1,22047,22116,1,0,2933,12,2,11;21;67;123;102;46;399;869;393;764;1009;817
1,21969,22058,1,0,1872,10,5,20;45;89;99;67;201;127;124;477;947
1,21967,22029,1,0,1170,10,1,22;47;91;101;67;203;153;126;479;949
1,27370,27445,1,0,3151,12,2,1;76;322;579;743;709;552;685;543;308;466;659
1,27295,27554,1,0,3183,13,9,42;76;151;397;654;818;820;627;685;618;383;541;734
1,27420,27509,1,0,2684,12,5,26;272;529;693;695;502;641;493;258;416;609;912
0,27406,27476,1,0,0,12,0,40;286;543;707;709;516;655;507;272;430;623;926
1,27433,27509,1,0,2340,12,1,13;259;516;680;682;489;628;480;245;403;596;899
0,27424,27491,1,0,0,12,0,22;268;525;689;682;498;637;489;254;412;605;908
1,27539,27822,1,0,2901,13,8,153;410;574;576;383;522;374;139;297;490;793;683;739
1,27497,27562,1,0,2543,12,1,195;452;616;618;425;564;416;178;339;532;835;725
0,27630,27707,1,0,0,16,0,62;319;483;485;292;431;283;48;206;399;702;592;648;479;923;665
1,27604,27677,1,0,2652,15,2,88;345;509;511;318;457;309;74;232;425;728;618;674;505;949
1,27752,27833,1,0,3385,16,4,197;361;363;170;309;161;84;277;580;470;526;357;801;543;590;624
1,27645,27935,1,0,3120,17,10,47;304;468;470;277;416;268;33;191;384;687;577;633;464;908;650;697
1,27898,28188,1,16,3104,17,10,51;215;217;24;163;15;131;434;324;380;211;655;397;444;478;431;508
1,27794,27857,1,0,3510,16,2,155;319;321;128;267;119;42;235;538;428;484;315;759;501;548;582
1,28022,28072,1,0,4337,19,3,91;93;39;7;310;200;256;87;531;273;320;354;157;384;627;385;39;875;475
0,27929,28010,1,0,0,18,0,20;184;186;132;100;403;293;349;180;624;366;413;447;157;477;720;478;132
0,26891,26948,1,0,0,7,0,126;110;113;302;446;480;555
1,26908,26986,1,0,2106,7,1,109;93;96;302;429;463;538
0,26937,27011,1,0,0,7,0,80;64;67;297;400;434;509
1,26953,27217,1,0,2199,7,4,64;48;51;281;384;418;493
1,26986,27277,1,0,2153,7,3,31;15;18;248;351;385;360
1,26991,27237,1,0,2075,7,1,26;10;13;243;220;380;360
0,27005,27056,1,0,0,5,0,12;229;220;181;360
0,27030,27103,1,0,0,5,0,204;220;181;360;662
1,27042,27107,1,0,1809,5,1,192;220;181;360;650
1,27099,27320,1,0,2090,7,5,135;220;181;347;593;850;1014
1,27134,27203,1,0,2309,10,2,100;203;181;312;558;815;979;981;788;927
1,27143,27398,1,0,2371,10,7,91;184;181;303;549;806;970;972;779;918
1,27160,27248,1,0,2979,11,3,74;177;181;286;532;789;953;955;762;685;753
1,27162,27220,1,0,2761,11,2,72;175;181;284;530;787;907;953;760;685;751
1,27174,27225,1,0,2949,12,3,60;163;181;272;518;775;907;941;728;685;739;504
1,27213,27276,1,0,2855,13,1,21;124;158;233;479;736;895;902;709;685;700;465;623
1,28693,28977,1,0,1747,6,4,204;392;261;413;572;451
1,28671,28760,1,0,1466,5,2,226;414;283;435;594
1,28608,28905,1,0,1466,6,5,41;289;477;346;498;657
0,28577,28654,1,0,0,6,0,72;320;508;377;529;688
1,28842,29132,1,0,1997,7,5,55;243;112;264;375;137;641
1,28810,28871,1,0,1560,7,1,87;275;144;296;375;137;673
1,28801,29017,1,0,1685,7,4,96;284;153;305;375;343;682
1,28737,28802,1,0,1794,6,2,160;348;217;369;375;407
1,28922,29000,1,0,1310,8,1,163;20;184;343;137;416;212;728
1,28901,28956,1,0,2137,8,2,166;20;205;364;137;416;233;772
1,28898,29160,1,16,1934,8,3,166;56;208;367;137;416;236;775
1,28885,28944,1,0,1888,9,3,12;200;69;221;375;137;416;249;788
1,28949,29011,1,0,1045,8,1,136;5;157;316;137;416;185;687
1,28931,28998,1,0,1467,8,3,154;20;172;334;137;416;203;728
1,28148,28430,1,0,4040,14,5,184;74;130;405;147;194;228;157;258;384;259;746;349;937
1,28250,28336,1,0,3572,13,2,82;28;303;45;92;126;79;156;384;157;647;247;835
1,28065,28296,1,0,3495,16,8,48;50;267;157;213;44;488;230;277;311;157;341;584;342;832;432
1,28127,28180,1,0,4072,14,1,205;95;151;426;168;215;249;157;279;384;280;770;370;958
1,28384,28467,1,0,2808,10,1,169;22;265;23;513;113;701;570;722;881
1,28388,28460,1,0,2792,10,2,165;7;261;19;509;109;697;566;718;877
0,28279,28340,1,0,0,12,0,53;274;16;63;97;50;127;370;128;618;218;765
1,28320,28387,1,0,3135,13,2,12;233;22;56;9;86;329;87;577;177;765;634;786
1,28426,28504,1,0,2402,8,1,127;223;471;71;659;433;652;816
1,28438,28518,1,0,2574,8,2,115;211;459;59;647;433;652;816
1,28408,28624,1,0,2480,8,3,145;241;489;89;677;546;698;816
1,28416,28484,1,0,2372,8,1,137;233;481;81;669;433;690;816
1,28509,28594,1,0,2059,7,2,44;140;388;576;412;597;756
1,28546,28801,1,0,1887,7,4,7;101;351;539;408;560;719
0,28445,28520,1,0,0,8,0,108;170;452;52;640;433;652;816
1,28450,28538,1,16,1840,8,2,103;170;447;47;635;433;652;815
1,25529,25811,1,0,1607,12,10,134;162;6;51;93;42;185;152;412;340;472;363
1,25522,25587,1,0,1514,12,1,141;162;6;58;128;49;192;159;419;347;472;370
1,25590,25662,1,0,1248,9,4,73;105;60;124;91;351;279;458;302
1,25554,25617,1,0,1217,11,2,109;141;26;93;17;160;127;387;315;472;338
1,25404,25693,1,0,1950,13,11,31;238;162;145;176;246;167;310;277;537;465;644;488
1,25382,25462,1,0,1622,12,2,53;281;162;167;198;268;172;332;292;559;487;666
1,25520,25586,1,0,1466,12,2,143;162;6;60;130;51;194;161;421;349;528;372
1,25486,25573,1,0,1451,12,2,177;162;63;94;164;85;228;195;452;383;562;406
1,25742,25991,1,0,1840,7,4,199;127;306;150;552;679;424
1,25733,25785,1,0,1857,7,1,208;136;315;159;561;688;444
1,25749,25806,1,0,1841,7,1,192;120;283;143;545;658;424
1,25744,25821,1,0,1794,7,2,197;125;283;148;550;677;424
1,25674,25930,1,0,1997,10,6,21;40;7;267;195;374;218;620;747;514
1,25591,25644,1,0,1186,9,2,72;104;59;123;90;350;264;457;301
1,25711,25765,1,0,2075,8,1,3;227;158;337;181;583;710;444
1,25696,25758,1,0,1965,8,1,18;245;173;352;196;598;725;444
1,25043,25095,1,0,2418,11,1,136;392;163;620;652;501;537;559;528;642;638
1,25079,25166,1,0,2418,11,1,100;356;163;584;616;470;501;559;492;635;602
1,25165,25429,1,0,2855,13,12,14;270;163;498;530;384;415;485;406;549;516;776;704
1,25172,25224,1,0,2590,13,1,7;263;160;491;523;377;408;478;231;542;509;769;697
1,24978,25064,1,0,2683,10,1,201;432;354;685;717;501;602;672;593;736
1,24995,25214,1,0,2652,10,8,184;432;337;668;700;501;585;621;576;719
1,25023,25098,1,0,2980,11,3,156;412;163;640;672;501;557;621;548;691;658
1,25033,25114,1,0,2964,11,1,146;402;163;630;662;501;547;617;538;642;648
1,25227,25314,1,0,1841,12,3,208;105;436;468;322;353;423;176;487;303;714;608
1,25251,25329,1,0,2043,12,1,184;81;412;444;298;329;399;172;463;303;690;608
1,25324,25392,1,0,2247,13,4,111;8;339;371;225;256;326;172;390;303;617;545;724
1,25345,25607,1,0,2138,12,10,90;318;350;204;235;305;172;369;292;596;524;703
1,25191,25477,1,0,2715,12,12,244;141;472;504;358;389;459;231;523;490;750;678
1,25199,25263,1,0,2152,12,4,236;133;464;496;350;381;451;231;515;303;742;670
1,25207,25288,1,0,2152,12,1,228;125;456;488;342;373;443;231;507;303;734;608
1,25222,25286,1,0,1888,12,2,213;110;441;473;327;358;428;231;492;303;719;608
1,26605,26657,1,0,1918,5,1,412;396;399;569;732
1,26584,26669,1,0,1529,4,2,433;417;420;650
0,26561,26616,1,0,0,4,0,456;440;443;673
1,26453,26738,1,0,764,2,1,564;548
0,26443,26527,1,0,0,2,0,574;558
0,26362,26423,1,0,0,3,0,59;655;639
0,26260,26331,1,0,0,3,0,34;115;757
1,26189,26268,1,0,780,2,1,105;175
0,26878,26930,1,0,0,7,0,139;123;126;302;455;493;568
1,26871,26940,1,0,2325,7,2,146;130;133;302;466;500;575
0,26843,26912,1,15,0,6,0,174;158;161;302;477;528
1,26836,26891,1,15,2122,6,1,181;165;168;302;501;535
1,26697,26772,1,0,1404,5,1,320;304;307;302;640
1,26690,26937,1,0,1575,5,5,327;311;314;544;644
1,26648,26703,1,0,1779,5,2,369;353;356;569;644
1,26616,26702,1,0,1779,5,1,401;385;388;569;712
1,25943,26169,1,0,1280,4,2,96;351;478;217
1,25948,26237,1,0,1388,4,2,96;346;270;217
1,25940,26026,1,0,1404,5,2,1;108;354;481;248
1,25941,25993,1,0,967,5,1,0;96;353;480;247
1,25810,25878,1,0,1763,7,2,131;59;238;67;484;611;378
0,25907,25970,1,0,0,5,0,34;141;387;514;281
1,25781,25840,1,0,1825,7,1,160;88;267;111;513;640;407
1,25794,25860,1,0,1840,7,1,141;75;254;98;500;627;394
0,26127,26208,1,0,0,3,0,167;270;61
1,26151,26450,1,0,1123,3,1,143;270;37
1,26036,26122,1,0,1232,4,1,12;258;270;152
0,26075,26133,1,0,0,3,0,219;270;113
1,26016,26069,1,0,1139,4,1,32;278;270;172
1,26018,26282,1,0,1154,4,2,29;276;270;170
0,25980,26062,1,0,0,4,0,68;314;270;184
0,26003,26064,1,0,0,4,0,45;291;270;184
1,2632,2698,1,0,1373,7,2,66;217;713;692;633;596;527
1,2597,2658,1,16,1435,8,1,101;24;252;748;727;634;620;562
1,2641,2714,1,0,1342,7,3,57;200;704;683;633;587;518
0,2634,2691,1,16,0,7,0,64;200;711;690;633;594;525
1,2487,2537,1,0,1872,7,1,211;112;32;362;858;837;634
1,2482,2702,1,0,1872,7,3,216;112;37;367;863;842;652
1,2580,2651,1,0,1482,8,2,118;41;269;765;744;634;620;579
1,2517,2725,1,0,2465,9,5,181;104;2;332;828;807;634;711;642
1,2428,2490,1,0,1966,7,1,228;193;91;373;917;896;870
1,2389,2469,1,0,2137,6,1,228;204;130;373;956;906
1,2451,2513,1,0,2075,7,1,228;160;68;373;894;873;652
1,2438,2659,1,0,1903,7,3,228;160;81;373;907;886;860
1,2341,2561,1,0,1451,4,1,357;238;178;373
1,2323,2541,1,0,1311,4,2,366;242;196;373
1,2375,2454,1,0,2184,6,1,228;238;144;373;970;906
1,2369,2448,1,0,2184,6,1,228;238;150;373;976;955
1,3074,3135,1,0,1997,11,4,271;250;223;154;85;443;505;184;440;588;1079
0,3082,3171,1,0,0,11,0,263;242;216;146;77;435;505;138;432;580;1071
1,3116,3192,1,0,1669,11,4,229;208;182;112;43;401;505;138;398;546;1037
1,3130,3210,1,0,1575,11,3,215;194;168;67;29;387;505;128;384;532;1023
1,2955,3214,1,0,1857,9,7,390;369;343;273;204;562;732;303;507
1,2969,3020,1,0,1888,10,4,376;355;329;259;190;548;505;289;507;693
1,2980,3048,1,0,1591,10,1,365;344;318;248;179;521;505;278;507;682
1,3063,3132,1,0,1653,11,1,282;261;235;165;96;454;505;195;451;599;1090
1,2752,2823,1,0,1622,7,1,97;593;572;546;476;407;625
1,2883,2947,1,0,1420,8,1,462;441;415;345;276;625;804;375
1,2928,3008,1,0,1482,9,3,417;396;370;300;231;589;759;330;586
0,2945,3023,1,0,0,9,0,400;379;353;283;214;572;742;313;507
1,2658,2735,1,0,1669,7,2,40;191;651;666;633;570;501
1,2682,2893,1,0,1529,8,3,16;134;651;642;616;546;477;835
1,2688,2758,1,0,1607,8,1,10;134;651;636;610;540;434;829
1,2719,3016,1,0,1872,7,7,130;626;605;579;509;434;798
0,1829,1911,1,0,0,7,0,43;133;59;339;300;869;792
1,1794,1846,1,0,2013,7,1,78;168;94;374;335;904;827
1,1752,1829,1,0,1996,7,1,120;22;210;136;416;377;946
0,1747,1816,1,0,0,7,0,125;27;215;141;421;382;951
1,1728,1786,1,0,1654,6,1,144;42;234;160;440;401
1,1721,1786,1,0,1544,6,1,151;53;241;167;447;408
0,1716,1772,1,0,0,6,0,156;58;246;172;452;413
1,1662,1743,1,0,1763,6,2,210;112;300;226;506;467
1,1589,1657,1,0,1529,5,1,283;185;373;299;579
1,1571,1626,1,0,1544,5,1,301;191;391;317;597
1,1553,1608,1,0,1560,5,1,319;217;409;335;615
0,1531,1615,1,0,0,5,0,341;217;431;357;637
1,1527,1578,1,0,1529,5,1,345;247;435;361;641
1,1413,1486,1,0,1310,8,1,85;16;435;48;361;549;475;755
1,1396,1468,1,0,1326,8,1,87;33;476;65;374;566;492;772
1,1393,1467,1,0,1404,8,2,105;36;479;68;374;569;495;775
1,2248,2510,1,0,1482,4,3,379;242;271;601
1,2319,2407,1,0,1419,4,1,379;242;200;373
0,2121,2396,1,0,0,4,0,47;8;577;242
1,2184,2404,1,0,1077,3,2,514;242;335
0,2013,2085,1,0,0,4,0,155;116;616;515
1,2108,2403,1,0,1280,4,1,60;21;590;513
0,2001,2065,1,0,0,4,0,167;128;616;548
1,2002,2083,1,0,1373,4,1,166;127;616;548
0,1964,2039,1,0,0,4,0,204;165;734;548
1,1969,2199,1,0,1404,4,2,199;160;729;548
0,1941,1998,1,0,0,5,0,21;227;174;757;548
0,1947,2020,1,0,0,5,0,15;221;174;751;548
0,1906,1993,1,0,0,5,0,56;262;223;792;548
1,1929,1979,1,0,1498,5,1,33;239;200;769;548
0,1836,1906,1,0,0,7,0,36;126;52;332;293;862;785
1,1877,2170,1,0,1623,6,3,85;11;291;252;821;744
1,698,755,1,0,1389,6,1,132;229;122;585;54;800
1,665,750,1,0,1326,6,1,165;262;132;593;54;833
0,763,846,1,0,0,6,0,67;164;57;520;54;735
1,746,797,1,0,1451,6,2,84;181;74;537;54;752
1,955,1013,1,0,1233,4,1,328;357;474;917
1,953,1166,1,0,1419,4,3,330;545;476;919
1,1010,1092,1,0,1373,5,1,31;351;419;862;451
1,998,1271,1,0,1638,5,4,285;351;431;874;463
1,445,497,1,0,1513,5,1,385;482;375;838;262
0,406,488,1,0,0,5,0,424;521;414;877;262
1,508,793,1,0,1545,5,3,322;419;312;775;262
1,486,570,1,0,1529,5,1,344;441;334;797;262
1,598,676,1,0,1451,6,1,232;329;222;593;54;900
1,568,843,1,0,1981,6,5,262;359;252;593;262;930
1,651,717,1,0,1389,6,1,179;276;168;593;54;847
1,603,853,1,0,1669,6,3,227;324;207;593;54;895
1,1201,1495,1,0,2137,7,5,31;209;217;671;248;573;761
1,1223,1304,1,0,1794,7,2,31;209;206;649;238;374;739
1,1230,1318,1,0,1529,7,1,31;209;199;642;220;374;732
1,1234,1293,1,0,1357,7,1,31;209;195;613;220;374;728
0,1260,1319,1,0,0,7,0,23;209;169;612;201;374;702
1,1298,1384,1,0,1154,7,2,200;131;574;163;374;664;590
1,1309,1377,1,0,1263,7,1,189;103;563;152;374;653;579
1,1341,1428,1,0,1186,7,2,157;88;531;120;374;621;547
1,1050,1282,1,0,1654,5,3,31;351;379;822;411
1,1050,1119,1,0,1576,5,1,31;250;379;822;411
1,1088,1357,1,0,1966,6,3,31;250;341;784;344;686
1,1130,1207,1,0,1981,6,1,31;220;299;742;331;644
1,1145,1358,1,0,2059,7,3,31;220;284;709;316;629;817
1,1146,1225,1,0,2059,7,1,31;209;283;709;315;628;816
1,1158,1216,1,0,2059,7,1,31;209;271;709;284;616;804
1,1181,1234,1,0,2106,7,1,31;209;248;691;248;593;781
1,134,369,1,0,688,2,1,696;793
1,287,354,1,0,1654,5,1,543;640;533;996;573
0,76,150,1,0,0,0,0,
0,96,332,1,0,0,0,0,
0,315,378,1,0,0,5,0,504;612;444;968;545
1,365,608,1,0,1607,5,5,465;562;444;918;495
1,292,376,1,0,1685,5,1,504;635;528;991;568
1,312,600,1,0,1856,5,5,504;615;476;971;548
0,23,300,1,0,0,0,0,
0,69,296,1,0,0,0,0,
0,13,230,1,0,0,0,0,
1,6180,6246,1,0,1514,7,1,30;304;204;175;421;582;778
1,6184,6248,1,0,1529,7,1,26;300;200;157;417;580;774
1,6201,6254,1,0,1482,7,1,9;283;165;154;400;563;757
1,6251,6302,1,0,1560,6,2,233;133;104;350;513;707
1,6096,6176,1,0,1654,6,1,114;44;388;288;259;505
1,6134,6186,1,0,1669,8,2,76;6;350;250;221;467;630;824
0,6137,6212,1,0,0,8,0,73;3;347;247;218;464;582;821
1,6144,6197,1,0,1544,7,1,66;340;240;211;457;582;814
1,6470,6547,1,0,2371,8,4,14;131;294;396;465;238;815;430
1,6479,6538,1,0,2356,8,3,5;122;285;396;456;229;810;421
0,6500,6575,1,0,0,7,0,101;264;396;435;208;806;400
1,6520,6593,1,0,1575,7,2,81;244;396;415;188;806;380
1,6253,6317,1,0,1825,6,1,231;131;102;348;499;705
1,6312,6540,1,0,2091,8,4,172;72;43;289;452;646;623;396
1,6422,6679,1,0,2449,8,6,62;179;342;536;513;286;907;478
1,6435,6692,1,0,2262,8,4,49;166;329;523;500;273;815;465
1,6759,6843,1,0,1841,7,2,5;199;176;570;141;350;699
0,6757,6838,1,0,0,7,0,7;201;178;572;143;352;699
1,6784,7083,1,0,1981,7,5,174;151;545;116;325;699;493
1,6769,6821,1,0,2059,7,1,189;166;549;131;340;699;508
1,6598,6667,1,0,1763,8,2,3;166;360;337;110;731;302;511
1,6527,6616,1,0,1451,7,1,74;237;396;408;181;802;373
1,6729,6817,1,0,1498,7,2,35;229;206;600;171;380;777
1,6619,6671,1,0,1576,7,2,145;339;316;89;710;247;490
0,6916,6980,1,0,0,6,0,42;19;413;141;497;309
0,6913,6985,1,0,0,6,0,45;22;416;141;497;309
0,6995,7076,1,0,0,5,0,334;114;497;282;634
0,6964,7017,1,0,0,5,0,365;141;497;309;665
1,6817,6902,1,0,1935,7,1,141;118;512;83;292;497;460
1,6801,6886,1,0,1935,7,2,157;134;528;99;308;497;476
1,6888,7139,1,0,1950,7,3,70;47;441;12;141;497;389
1,6855,7151,1,0,1997,7,3,103;80;474;45;254;497;422
0,5419,5489,1,0,0,10,0,12;250;305;436;188;437;710;441;597;721
0,5464,5537,1,0,0,10,0,205;260;436;169;392;636;396;552;676;1020
1,5382,5614,1,15,2106,8,4,31;287;308;436;188;474;828;478
1,5419,5504,1,15,2512,10,4,12;250;305;436;188;437;710;441;597;721
1,5363,5417,1,0,1966,8,1,31;306;361;436;188;480;847;497
1,5371,5626,1,0,1965,8,5,31;298;308;436;188;480;839;489
1,5352,5563,1,0,2043,8,4,68;317;372;613;188;480;858;508
1,5357,5424,1,0,1997,8,1,68;312;367;436;188;480;853;503
1,5593,5645,1,0,2216,11,2,64;131;372;40;256;617;267;423;547;891;791
1,5688,5753,1,0,2995,11,1,36;277;168;522;172;328;452;796;696;667;913
1,5556,5621,1,0,2402,11,2,113;168;409;77;257;636;304;460;584;928;791
1,5591,5677,1,0,2216,11,2,78;133;374;42;256;619;269;425;549;893;791
1,5538,5610,1,0,2777,11,2,131;186;425;95;318;636;322;478;602;946;791
1,5552,5611,1,0,2652,11,2,117;172;413;81;299;636;308;464;588;932;791
1,5511,5599,1,0,2215,10,1,158;213;436;122;345;636;349;505;629;973
1,5518,5736,1,0,2574,11,7,151;206;425;115;338;636;342;498;622;966;866
1,5873,5962,1,0,2152,8,2,45;337;143;267;611;511;482;659
1,5863,5936,1,0,2433,8,2,102;347;153;277;621;521;492;659
1,5783,5834,1,0,2559,10,1,182;73;427;77;233;357;701;601;572;818
1,5783,6014,1,0,2683,10,7,182;47;427;77;233;357;701;601;572;818
1,5746,5820,1,0,2558,10,2,219;110;464;114;270;394;738;638;599;855
0,5730,5814,1,0,0,10,0,235;126;480;130;286;410;754;654;599;871
1,5699,5774,1,0,2715,11,2,25;262;157;511;161;317;441;785;685;656;902
1,5697,5765,1,0,3011,11,1,27;268;159;513;163;319;443;787;687;658;904
1,6016,6100,1,0,1716,7,1,194;0;124;468;368;339;585
1,5959,6040,1,0,1903,8,2,6;251;57;181;525;425;396;642
1,5939,6004,1,0,1919,8,1,26;271;77;201;545;445;416;659
1,5913,5983,1,0,1997,8,2,44;297;103;227;571;471;440;659
1,5895,5966,1,16,2231,8,2,44;315;121;245;589;489;460;659
0,5893,5968,1,0,0,8,0,44;317;123;247;591;491;462;659
0,5887,5958,1,0,0,8,0,44;323;129;253;597;497;468;659
1,5880,5953,1,0,2246,8,2,45;330;136;260;604;504;475;659
1,4230,4489,1,0,1825,5,2,216;354;557;566;580
1,4321,4578,1,0,2168,6,4,165;321;344;475;489;819
1,4355,4422,1,0,2199,6,1,131;287;344;441;245;785
1,4381,4461,1,0,2168,7,1,105;261;344;415;245;759;947
1,4411,4484,1,0,2091,7,1,74;231;344;385;245;729;917
1,4477,4735,1,0,2044,7,5,9;165;310;319;245;663;851
0,4483,4565,1,0,0,7,0,3;159;304;313;245;657;737
1,4501,4588,1,0,1934,6,1,141;286;295;245;639;737
1,4520,4578,1,0,1872,7,1,101;267;276;245;620;737;496
1,4594,4880,1,0,2621,9,8,48;193;202;216;546;734;422;687;540
1,4653,4942,1,0,2948,10,6,134;143;157;487;675;363;566;481;778;488
1,4665,4744,1,0,2840,11,3,122;131;145;475;663;345;566;469;766;476;424
1,4678,4964,1,0,2886,12,9,109;118;132;462;650;338;566;432;753;463;411;635
1,4683,4758,1,0,2871,12,2,104;113;127;457;645;333;566;432;748;458;394;630
1,4771,4828,1,0,3058,13,2,16;25;39;369;557;245;510;363;660;370;318;542;898
1,4848,4927,1,0,2527,11,1,292;480;168;433;286;583;293;241;465;821;499
1,4858,4935,1,0,2714,11,3,282;470;158;370;276;573;283;231;455;811;401
1,4857,5127,1,0,2901,11,7,283;471;159;370;277;574;284;232;456;812;490
1,4898,4986,1,0,2699,11,2,151;430;118;370;236;533;243;191;415;748;401
1,4893,5119,1,0,2840,11,5,247;435;123;370;241;538;248;196;420;748;401
1,4972,5061,1,0,2044,12,2,151;356;44;309;162;410;169;117;341;697;375;752
1,4957,5023,1,0,2527,12,2,151;371;59;324;177;474;184;132;356;712;390;767
1,5018,5074,1,16,1372,12,1,122;310;263;116;410;123;71;295;651;329;706;947
1,4982,5049,1,0,2028,12,3,151;346;34;299;152;410;159;99;331;687;365;742
1,5154,5234,1,0,2215,10,1,174;127;277;159;515;193;570;811;479;702
1,5022,5092,1,0,1654,12,1,118;306;259;112;400;119;67;291;647;325;702;943
1,5248,5474,1,0,2589,10,2,80;33;183;65;421;81;476;717;385;608
1,5245,5331,1,0,2589,10,1,83;36;186;68;424;102;479;720;388;611
1,5301,5379,1,0,3073,11,4,27;130;12;368;46;423;664;188;555;891;559
1,5287,5343,1,0,3463,11,3,41;144;26;382;60;437;678;188;569;923;573
1,5330,5393,1,0,2356,9,1,101;339;17;394;635;188;480;880;530
0,5312,5371,1,0,0,11,0,16;119;1;357;35;412;653;188;480;891;548
1,3195,3449,1,0,1514,10,6,150;129;103;33;322;492;63;319;428;958
1,3237,3308,1,0,936,9,1,108;87;61;280;450;21;277;425;905
1,3143,3357,1,0,1513,11,1,202;162;155;67;16;374;505;115;371;519;1010
1,3176,3248,1,0,1560,10,4,169;148;122;52;341;505;82;338;428;977
1,3294,3368,1,0,1232,8,2,51;30;4;223;393;83;368;859
0,3300,3361,1,0,0,7,0,40;24;217;387;83;362;853
1,3246,3302,1,0,921,9,1,99;78;52;271;441;12;268;397;905
1,3265,3468,1,0,1092,8,3,80;59;33;252;422;249;390;888
1,3436,3516,1,0,1373,7,3,81;251;51;226;717;563;540
1,3441,3500,1,0,1310,7,1,76;246;51;221;712;492;535
1,3385,3644,1,0,1357,6,4,132;302;83;277;768;614
1,3402,3456,1,16,1357,6,1,115;285;51;260;751;597
1,3589,3645,1,0,2012,9,2,98;73;564;410;387;504;508;420;305
1,3610,3698,1,0,2121,9,2,77;52;543;389;366;483;487;399;284
1,3499,3550,1,0,1762,10,1,18;188;15;163;654;492;477;594;598;510
1,3530,3604,1,0,2278,9,2,157;132;623;469;446;563;567;479;364
1,3707,3795,1,0,3183,10,2,446;283;269;386;390;302;187;408;779;935
1,3689,3770,1,0,2512,9,2,464;310;287;404;408;320;205;426;797
0,3689,3762,1,0,0,9,0,464;283;287;404;408;320;205;426;797
1,3632,3683,1,0,2355,10,1,55;30;521;367;344;461;465;377;262;483
1,3771,3832,1,0,2699,10,2,382;228;205;322;326;238;123;344;715;871
0,3742,3811,1,0,0,10,0,411;250;234;351;355;267;152;373;744;900
1,3728,3798,1,0,3058,10,2,425;250;248;365;369;281;166;387;758;914
1,3722,3803,1,0,2684,10,2,431;273;254;371;375;287;172;393;764;920
0,3983,4069,1,0,0,10,0,170;16;110;114;26;132;503;659;804;813
1,3962,4049,1,0,3245,11,2,191;37;14;131;135;47;153;524;680;825;834
0,3790,3867,1,0,0,10,0,363;209;186;303;288;219;104;325;696;852
1,3774,3836,1,0,2808,10,3,379;225;188;319;323;235;120;341;712;868
1,4225,4314,1,0,1919,5,1,216;417;562;571;585
1,4224,4287,1,0,2028,5,1,262;418;563;572;586
0,4218,4297,1,0,0,5,0,268;424;569;578;592
1,4152,4236,1,0,2091,6,1,1;334;490;635;644;658
1,10471,10732,1,0,2075,6,3,41;460;319;496;656;587
0,10473,10528,1,0,0,6,0,39;458;317;494;654;534
1,10409,10644,1,0,1311,7,3,23;61;509;4;381;558;718
1,10422,10472,1,0,1311,6,1,10;61;484;368;545;705
1,10356,10422,1,0,1170,7,2,76;127;509;57;434;611;771
1,10401,10454,1,0,1498,7,1,31;111;509;12;389;566;726
1,10347,10418,1,16,1451,7,2,85;165;509;66;443;620;780
1,10347,10430,1,0,1435,7,2,85;147;509;66;443;620;780
1,10247,10329,1,0,1419,6,2,185;243;509;166;543;693
1,10250,10313,1,0,1341,6,2,182;236;509;163;540;693
1,10225,10459,1,0,1185,6,2,207;243;706;188;565;709
1,10231,10441,1,0,1404,6,5,201;243;700;182;559;693
1,10166,10428,1,0,1685,6,2,266;243;757;247;624;714
0,10206,10276,1,0,0,6,0,226;243;725;207;584;709
1,10128,10362,1,0,1779,6,2,283;279;757;271;662;839
1,10165,10403,1,0,1747,6,5,267;279;757;248;625;714
1,10125,10187,1,0,1857,6,1,283;279;757;288;665;842
0,10069,10150,1,0,0,5,0,283;279;757;339;719
1,10064,10304,1,0,1810,5,4,283;448;757;339;719
0,10049,10130,1,0,0,6,0,1;283;463;757;339;719
1,10037,10087,1,0,1685,6,1,13;283;475;757;339;753
1,10006,10092,1,0,1341,6,1,25;44;283;506;757;407
1,9972,10057,1,0,1076,5,1,59;78;283;540;757
1,9961,10175,1,0,1467,5,2,70;89;283;551;970
0,9930,10005,1,0,0,5,0,22;101;120;283;582
0,9889,9962,1,0,0,5,0,63;142;161;283;623
1,9880,10153,1,0,1357,5,2,72;151;170;503;632
1,9874,9948,1,0,1466,5,3,78;157;176;558;638
1,9855,9943,1,0,1419,6,1,97;176;16;191;577;657
1,9837,10038,1,0,1420,6,3,115;194;34;213;595;675
0,9782,9857,1,15,0,5,0,170;249;89;247;650
0,9782,9865,1,0,0,5,0,170;249;89;247;650
0,9727,9798,1,0,0,6,0,15;225;304;144;54;323
0,9730,9813,1,0,0,6,0,12;222;301;141;51;320
1,9763,9846,1,0,1560,5,1,189;268;108;18;287
1,9776,9829,1,0,1887,6,2,176;255;95;5;274;656
1,9554,9632,1,0,2215,8,2,188;5;398;97;477;317;227;496
1,9636,9706,1,0,1653,7,3,106;316;83;395;235;145;414
1,9649,9707,1,0,1513,7,3,87;303;70;382;222;132;401
0,9673,9761,1,0,0,7,0,69;279;46;358;198;108;377
1,9486,9561,1,0,1888,7,2,256;73;466;125;545;385;295
1,9524,9575,1,0,2199,8,1,218;35;428;125;507;347;257;526
1,9541,9611,1,0,2137,8,2,201;18;411;125;490;327;240;509
1,9545,9608,1,0,2231,8,3,190;14;407;125;486;326;236;505
1,9387,9470,1,0,2043,9,1,7;31;355;172;565;332;641;484;394
1,9406,9495,1,0,1732,8,1,12;336;153;536;313;625;465;375
0,9447,9502,1,0,0,7,0,295;112;505;272;584;404;334
1,9475,9770,1,0,1903,7,6,267;84;477;244;556;396;306
1,9279,9360,1,0,2138,8,1,115;139;62;463;280;617;440;646
1,9222,9514,1,0,2075,8,3,172;196;119;470;337;730;497;646
1,9299,9504,1,0,2200,8,4,95;119;42;443;260;617;420;646
1,9286,9375,1,0,2418,8,2,108;132;55;454;273;617;433;646
0,9172,9254,1,0,0,7,0,222;246;169;470;387;780;547
1,9147,9229,1,0,2542,8,2,247;13;11;271;194;470;412;805
1,9221,9456,1,0,2075,8,5,173;197;120;470;338;731;498;810
0,9197,9253,1,0,0,7,0,197;221;144;470;362;755;522
1,9073,9140,1,0,2293,7,3,321;87;85;345;268;470;486
0,9045,9113,1,0,0,7,0,349;115;113;373;296;470;514
0,9132,9191,1,0,0,8,0,262;28;26;286;209;470;427;820
0,9093,9160,1,0,0,7,0,301;67;65;325;248;470;466
1,9017,9312,1,0,2059,7,5,377;143;121;401;324;725;542
0,9016,9073,1,0,0,7,0,378;144;121;401;325;726;543
0,9022,9098,1,0,0,7,0,372;138;121;396;319;470;537
0,9020,9079,1,0,0,7,0,374;140;121;398;321;470;539
0,8920,8985,1,0,0,6,0,474;240;238;498;421;822
0,8923,9009,1,0,0,6,0,471;237;235;495;418;819
1,8737,8796,1,16,1185,6,1,166;9;132;657;423;421
1,8788,9000,1,0,1295,6,4,115;81;606;372;370;630
1,9000,9058,1,0,2308,7,3,381;160;121;418;341;742;559
0,9008,9081,1,0,0,7,0,381;152;121;401;333;734;551
1,8972,9040,1,0,2449,7,3,422;188;186;446;369;770;587
1,8999,9277,1,0,2324,7,7,395;161;121;419;342;743;560
1,8414,8497,1,0,1263,5,1,233;222;489;332;455
1,8429,8497,1,0,1264,5,1,218;207;474;317;436
0,8333,8385,1,0,0,6,0,61;314;303;495;400;536
1,8399,8691,1,0,1170,6,5,3;248;237;495;347;470
1,8628,8896,1,0,1857,8,3,19;8;275;118;241;766;532;530
1,8700,8751,1,0,1794,6,1,203;12;169;694;460;458
1,8517,8578,1,0,1342,6,2,130;119;386;229;352;877
1,8580,8791,1,0,1638,7,2,67;56;323;166;289;814;580
1,8215,8301,1,0,1466,6,2,187;421;421;495;500;654
1,8196,8484,1,0,1545,5,4,206;421;440;520;500
1,8189,8269,1,0,1607,5,1,213;447;447;520;557
1,8189,8268,1,0,1435,5,1,213;421;447;520;557
1,8332,8385,1,0,1420,6,2,70;315;304;495;400;537
1,8330,8385,1,0,1420,6,1,72;317;306;495;416;539
1,8321,8574,1,0,1436,6,4,81;326;315;495;425;548
0,8302,8360,1,0,0,6,0,100;345;334;495;444;567
0,8134,8191,1,0,0,4,0,268;494;502;769
1,8117,8176,1,0,1294,4,1,285;523;519;786
0,8076,8148,1,0,0,4,0,326;523;560;827
1,8043,8331,1,0,1420,4,3,359;523;593;860
1,8184,8402,1,0,1544,5,4,218;447;452;719;562
0,8167,8219,1,0,0,4,0,230;447;469;736
1,8163,8231,1,0,1294,4,2,239;447;473;740
1,8153,8238,1,0,1295,4,1,249;494;483;750
0,7797,8059,1,0,0,1,0,56
0,7805,7886,1,0,0,1,0,48
1,7841,8058,1,0,374,2,1,12;561
0,7878,7930,1,0,0,3,0,436;769;758
1,7909,8174,1,0,1092,3,2,436;738;727
0,7913,7968,1,0,0,3,0,436;523;723
0,7916,7980,1,0,0,3,0,436;523;720
0,7970,8023,1,0,0,3,0,432;523;666
0,7513,7590,1,0,0,2,0,116;236
0,7600,7679,1,0,0,2,0,29;236
1,7604,7689,1,0,811,2,1,25;236
0,7675,7733,1,0,0,1,0,178
0,7687,7759,1,0,0,1,0,166
1,7748,7809,1,0,359,1,1,105
0,7767,8001,1,0,0,1,0,67
0,7784,7850,1,0,0,1,0,67
1,7394,7649,1,0,1076,3,1,112;235;459
0,7358,7426,1,0,0,3,0,148;271;495
0,7469,7541,1,0,0,3,0,37;160;377
1,7460,7743,1,0,1076,3,1,46;169;393
0,7490,7553,1,0,0,3,0,16;139;236
1,7479,7755,1,0,1029,3,1,27;150;374
0,7503,7574,1,0,0,3,0,3;126;236
0,7490,7548,1,0,0,3,0,16;139;236
0,7096,7171,1,0,0,5,0,233;13;410;181;533
0,7010,7072,1,0,0,5,0,319;99;496;267;619
1,7126,7198,1,0,1248,4,2,163;380;151;503
1,7125,7208,1,0,1279,4,2,204;381;152;504
1,7276,7328,1,0,1061,5,1,53;230;1;353;577
1,7200,7250,1,0,1279,4,2,129;306;77;429
0,7345,7402,1,0,0,3,0,161;284;508
0,7336,7393,1,0,0,3,0,170;293;517
0,13686,13774,1,0,0,8,0,28;20;154;46;383;249;256;836
0,13683,13743,1,0,0,8,0,31;23;157;49;383;252;259;839
1,13596,13863,1,0,1950,9,6,118;19;110;244;136;478;339;346;926
1,13497,13562,1,0,2106,9,2,95;217;118;209;343;160;577;438;445
1,13454,13526,1,0,1810,11,3,138;30;251;158;34;252;386;160;620;480;488
1,13432,13487,1,0,2122,11,3,145;52;282;158;48;274;408;160;642;480;510
1,13419,13477,1,0,2464,12,3,145;65;295;196;48;287;421;2;160;655;480;523
1,13415,13483,1,0,2294,12,2,177;69;299;200;48;291;425;6;160;659;480;527
1,13812,13871,1,0,1466,5,1,28;262;123;130;710
0,13791,13860,1,0,0,5,0,49;283;144;151;731
0,13769,13855,1,0,0,5,0,55;305;166;173;753
1,13768,13826,1,0,1358,5,1,72;306;167;174;754
1,13743,13824,1,0,1341,5,1,97;330;192;199;779
1,13739,13826,1,0,1342,5,2,101;335;196;203;783
0,13710,13799,1,0,0,7,0,4;130;22;364;225;232;812
1,13690,13777,1,0,1264,8,2,24;16;150;42;383;245;252;832
1,13257,13341,1,0,3120,13,4,335;17;11;146;227;36;457;358;231;449;583;40;475
1,13274,13341,1,0,2761,12,2,318;0;133;210;19;440;298;214;432;566;40;458
1,13200,13484,1,0,3276,14,11,55;392;74;68;207;284;93;514;415;288;488;630;221;532
1,13250,13327,1,0,2855,14,1,5;342;24;18;157;234;43;464;365;238;456;590;40;482
0,13180,13234,1,0,0,14,0,75;412;94;88;227;304;113;534;435;308;488;660;241;552
1,13185,13271,1,0,3479,14,3,70;407;89;83;222;299;108;529;430;303;488;655;236;547
1,13177,13238,1,0,3588,14,1,78;415;97;91;230;307;113;537;438;311;529;663;244;555
1,13179,13251,1,0,3432,14,1,76;413;95;89;228;305;113;535;436;309;521;661;242;553
1,13393,13447,1,0,2589,13,1,183;14;91;321;222;77;313;447;28;160;681;481;549
1,13396,13632,1,0,2917,13,6,183;11;88;318;219;48;310;444;25;160;678;481;546
1,13365,13424,1,0,2231,12,1,183;42;119;349;250;123;341;475;40;160;709;570
1,13392,13462,1,0,2855,13,3,183;15;92;322;223;77;314;448;29;160;682;543;550
1,13335,13423,1,0,2792,11,2,183;72;149;379;280;137;371;505;40;397;739
1,13336,13618,1,0,2917,11,6,183;71;148;378;279;137;357;504;40;396;738
1,13289,13371,1,0,2465,11,1,303;118;195;4;419;298;199;417;551;40;443
1,13304,13571,1,0,2776,10,4,288;103;180;410;298;137;402;536;40;428
1,12827,12895,1,0,2059,8,1,290;428;765;447;441;580;657;466
0,12818,12886,1,0,0,8,0,299;437;774;456;450;589;666;475
1,12908,13110,1,0,3151,12,8,209;347;684;366;360;499;576;385;806;707;580;798
1,12880,12965,1,0,2527,10,2,237;375;712;394;388;527;601;413;834;735
0,12722,12809,1,0,0,7,0,25;395;533;870;552;546;685
0,12708,12795,1,0,0,6,0,25;409;547;884;566;560
1,12781,12847,1,0,2668,8,1,25;336;474;811;493;487;626;703
0,12724,12787,1,0,0,7,0,25;393;531;868;550;544;683
1,13122,13191,1,0,3603,13,1,133;470;152;146;285;362;171;592;493;366;584;718;299
0,13106,13165,1,0,0,14,0,11;149;486;168;162;301;378;187;608;509;382;600;734;315
1,13173,13459,1,0,3713,14,11,82;419;101;95;234;311;120;541;442;315;533;667;248;559
1,13158,13222,1,0,3791,14,3,97;434;116;110;249;326;135;556;457;330;548;682;263;574
1,12984,13073,1,0,3573,14,3,133;271;608;290;284;423;500;309;704;631;504;722;856;437
1,12964,13014,1,0,3620,14,1,153;291;628;310;304;443;520;329;704;651;524;742;876;457
1,13024,13093,1,0,3416,14,3,93;231;568;250;244;383;460;269;686;591;464;682;816;397
1,12987,13061,1,0,3572,14,3,130;268;605;287;281;420;497;306;686;628;501;719;853;434
0,12387,12446,1,0,0,4,0,232;86;429;304
1,12394,12599,1,0,1435,4,3,225;86;422;297
0,12418,12481,1,0,0,4,0,201;79;398;139
1,12420,12476,1,0,1482,4,1,199;77;396;139
0,12262,12334,1,0,0,5,0,1;357;235;99;554
1,12314,12613,1,0,1576,5,3,305;183;47;502;377
0,12354,12432,1,0,0,5,0,265;138;7;462;337
1,12366,12419,1,0,1076,4,1,253;131;450;325
1,12549,12606,1,0,1435,5,1,70;267;139;414;706
1,12566,12652,1,0,1857,6,1,53;250;108;414;689;1026
0,12575,12634,1,0,0,6,0,44;217;108;414;680;1017
1,12707,12792,1,0,2075,6,2,109;410;548;885;567;561
0,12437,12500,1,0,0,4,0,182;59;379;139
0,12508,12580,1,0,0,4,0,111;308;139;609
1,12514,12715,1,0,1576,4,4,105;302;139;603
1,12549,12622,1,0,1420,5,1,70;267;109;414;706
1,11716,11779,1,0,1123,4,1,7;68;438;489
0,11709,11777,1,0,0,4,0,7;75;445;489
0,11695,11751,1,0,0,4,0,7;89;459;489
1,11638,11881,1,0,1357,5,2,27;7;146;516;625
0,11966,12025,1,0,0,4,0,188;297;653;531
0,11839,11904,1,0,0,4,0,315;424;780;658
0,11809,11879,1,0,0,2,0,345;454
1,11778,11828,1,0,1045,4,1,7;6;376;485
1,12051,12104,1,0,1310,5,1,103;212;568;410;310
1,12036,12107,1,0,1435,5,1,118;227;583;461;310
1,12008,12078,1,0,1670,5,1,146;255;611;489;353
1,11970,12031,1,0,1372,4,1,184;293;649;527
1,12194,12255,1,0,1389,5,1,69;425;303;164;622
1,12162,12244,1,0,1654,5,1,101;457;335;199;654
1,12137,12204,1,0,1357,5,1,17;126;482;360;224
1,12064,12292,1,0,1341,5,4,79;199;555;410;297
1,11340,11390,1,15,2059,8,1,170;103;46;325;202;289;444;750
1,11341,11629,1,0,2059,8,4,169;103;39;324;202;288;443;750
1,11333,11418,1,0,1872,8,1,177;125;53;332;202;296;451;821
1,11336,11388,1,0,2060,8,2,174;122;50;329;202;293;448;750
1,11389,11598,1,0,2168,7,2,89;69;105;202;240;395;750
1,11424,11487,1,0,1513,7,1,86;34;105;202;205;360;730
1,11353,11426,1,0,1841,8,2,157;103;33;105;202;276;431;750
0,11378,11464,1,0,0,8,0,89;80;8;105;202;251;406;750
1,11455,11538,1,0,1576,7,1,42;3;105;202;174;329;684
1,11488,11569,1,0,1592,6,1,22;105;202;141;296;666
1,11442,11497,1,0,1513,7,1,68;16;105;202;187;342;712
1,11450,11505,1,0,1591,7,1,42;8;105;202;179;334;704
1,11571,11653,1,0,1373,5,1,94;7;58;210;583
0,11581,11669,1,16,0,5,0,84;7;48;203;558
1,11550,11831,1,15,1560,5,3,105;202;79;234;604
1,11570,11814,1,0,1373,5,2,95;7;59;214;584
1,11033,11115,1,0,1934,9,1,94;25;49;477;425;350;632;769;596
1,10969,11037,1,0,1638,7,3,158;89;72;541;489;417;696
0,11040,11106,1,0,0,9,0,87;13;42;470;418;346;625;762;589
0,11037,11126,1,0,0,9,0,90;13;45;473;421;349;628;765;592
1,11066,11279,1,0,1794,8,3,61;16;444;392;320;599;736;563
0,11061,11143,1,0,0,8,0,66;21;449;397;325;604;741;568
0,11167,11248,1,0,0,7,0,343;291;219;498;635;462;617
1,11095,11168,1,0,1810,7,2,32;415;363;291;570;707;534
1,11183,11233,1,0,1809,7,1,327;275;203;482;619;446;601
0,11173,11224,1,0,0,7,0,337;285;213;492;629;456;611
1,11212,11429,1,0,1794,7,3,298;246;174;453;590;417;566
1,11188,11244,1,0,1919,7,1,322;270;198;477;614;441;566
0,11278,11347,1,16,0,8,0,232;180;108;387;524;351;497;876
1,11271,11333,1,16,1950,8,1,239;187;115;394;531;358;513;883
1,11318,11607,1,0,2199,8,5,192;140;68;347;484;311;466;836
0,11297,11384,1,0,0,8,0,213;161;89;368;505;332;487;857
1,10511,10787,1,0,1872,7,6,1;420;279;456;616;534;571
1,10532,10588,1,0,1966,6,1,399;258;205;595;526;550
0,10538,10621,1,0,0,6,0,385;252;205;589;520;544
0,10558,10632,1,0,0,7,0,373;232;205;569;500;524;334
1,10616,10819,1,0,2013,7,4,315;174;205;511;442;466;276
0,10647,10703,1,0,0,7,0,284;143;205;352;411;435;245
1,10670,10757,1,0,2402,7,1,261;120;205;352;388;412;222
1,10741,10975,1,0,3073,9,4,190;49;205;352;317;341;151;769;717
1,10771,11029,1,0,2793,10,6,160;19;196;352;287;311;121;617;687;615
1,10803,10889,1,0,2231,9,2,128;164;324;255;72;89;617;655;583
1,10807,10882,1,0,2371,9,1,124;160;320;251;72;85;617;583;579
1,10822,10878,1,0,2387,9,1,109;145;305;235;72;70;617;583;564
1,10832,11126,1,0,2496,9,5,99;135;295;226;72;60;617;583;554
1,10936,11000,1,0,1576,8,1,31;191;122;72;574;522;450;729
1,10948,11012,1,0,1700,8,3,19;179;98;72;562;510;438;717
0,10968,11045,1,0,0,7,0,159;90;72;542;490;418;697
324
13999,14910,72.34,9
14062,14712,0.00,10
13528,14522,429.91,11
13998,15164,569.73,11
13360,13935,83.83,9
13382,13942,0.00,9
13136,13732,236.52,8
13329,14074,100.66,8
12909,13840,87.78,8
12914,13421,181.45,10
12889,13488,137.17,9
12889,13706,99.72,11
12838,13714,183.25,9
12880,13615,112.68,9
12752,13484,72.51,11
12783,13293,27.35,8
15370,15944,340.74,10
15319,16177,0.00,8
15316,16319,197.34,9
15294,16170,91.73,8
15212,16002,156.21,11
15172,16008,124.55,9
15143,15781,0.00,9
15138,15805,141.81,9
14981,15543,119.11,11
14979,15542,0.00,10
14969,15347,0.00,8
14933,15872,150.05,10
14812,15201,45.90,11
14518,14987,173.84,9
14465,15215,313.53,8
14266,15029,496.68,9
10712,11510,247.56,8
10726,11458,169.88,10
10761,11386,104.23,10
10850,11665,245.16,9
10321,11127,159.60,9
10446,11058,123.55,11
10477,11082,239.42,11
10552,10892,0.00,11
9937,10931,449.55,8
10003,10413,108.80,9
10035,10790,57.74,10
10097,10967,411.33,9
9357,9781,0.00,9
9502,10050,88.67,10
9764,10432,275.31,10
9816,10512,332.37,11
12579,13274,0.00,10
12563,13592,137.30,11
12711,13407,11.52,10
12667,13268,29.91,10
12301,12691,189.24,11
12149,12816,117.82,9
12537,13255,0.00,11
12502,13117,206.44,11
11824,12619,0.00,10
11619,12263,147.40,9
11974,12361,86.99,9
11834,12497,177.51,9
11009,11629,0.00,9
10970,11802,477.84,11
11264,12154,235.98,10
11166,11784,80.03,8
6559,7109,113.46,11
6634,7506,280.83,9
6322,7329,244.19,8
6414,6900,55.06,11
7208,7853,240.92,10
7835,8402,157.21,9
6762,7277,104.31,11
6919,7629,0.00,8
5611,6355,163.80,11
5639,6601,226.44,10
5451,6484,0.00,11
5516,6384,123.48,11
6256,6935,76.56,11
6287,6708,50.80,10
6126,6764,62.88,8
6133,6958,160.57,9
8960,9559,0.00,11
8890,9742,296.15,11
8853,9341,0.00,11
8776,9418,50.17,8
9316,9871,81.74,11
9198,10031,231.90,8
9170,9719,147.83,8
9102,9952,143.16,9
8172,8746,213.30,11
8007,8903,228.96,10
7869,8636,0.00,8
7867,8647,336.05,8
8583,9158,73.16,11
8555,9160,0.00,10
8473,9394,51.84,11
8204,8869,56.32,10
3642,4486,125.52,11
3703,4642,152.63,8
3919,4787,287.80,8
3955,4796,0.00,9
4042,4810,244.46,8
4292,5140,96.83,8
4357,5328,114.25,8
4518,5016,59.72,8
3003,4153,70.54,10
3329,3999,152.45,10
3424,3976,103.11,10
3442,4093,0.00,11
3459,4097,35.68,9
3466,4009,0.00,9
3523,3894,0.00,9
3621,4115,0.00,9
4995,5965,262.00,11
4945,5724,53.24,9
5079,5856,164.78,11
5026,5633,197.97,8
5276,5860,0.00,9
5266,6210,246.61,8
5417,6140,0.00,9
5414,6016,0.00,8
4561,5134,53.66,11
4521,5281,184.96,9
4639,5141,0.00,11
4633,5431,166.68,11
4676,5313,0.00,9
4657,5089,35.94,10
4798,5347,135.27,9
4692,5669,86.92,11
197,1283,450.29,9
153,820,189.54,9
125,927,69.20,11
100,830,66.89,11
1298,1888,0.00,10
1136,1962,33.31,10
1070,1774,310.07,9
983,1461,153.94,9
947,1872,125.39,8
859,1429,105.95,9
540,1498,355.16,11
209,860,441.55,10
2361,3345,64.67,8
2367,3324,81.86,11
2145,2519,0.00,10
2200,2849,316.50,8
1731,2698,391.30,8
1774,2621,624.70,11
1361,2168,34.06,10
1652,2129,55.29,11
2919,3514,277.76,10
2956,3662,151.62,11
2825,3687,227.26,8
2840,3258,48.74,8
2502,3159,43.25,10
2681,3517,254.39,10
2427,3298,350.66,9
2497,3228,137.38,10
27988,28497,0.00,10
27968,28897,24.32,11
27928,28061,0.00,10
27909,28407,0.00,9
27906,28649,306.50,8
27836,28406,95.08,9
27824,28329,274.10,9
27700,28376,0.00,10
27637,28342,0.00,11
27629,28295,0.00,9
27599,28553,0.00,10
27588,28109,0.00,10
27500,28278,61.61,11
27448,28222,0.00,9
27388,28332,0.00,11
27275,28029,0.00,11
27163,27678,103.68,11
27189,27836,0.00,11
27121,28061,252.03,9
27157,27913,0.00,9
27106,28115,124.92,10
27108,27922,52.40,8
27077,27949,0.00,9
27083,28113,111.46,11
26845,27446,133.62,11
27017,27692,0.00,10
26593,27337,322.55,9
26828,27371,199.32,9
26463,27004,0.00,10
26558,27234,356.52,9
26204,27017,0.00,8
26340,27001,92.20,10
28681,29144,206.52,10
28799,29483,225.57,9
28878,29134,0.00,9
28883,29673,85.89,10
28081,29085,109.73,11
28287,28954,240.55,9
28288,29106,63.67,11
28323,29265,259.71,8
22118,22436,0.00,9
22169,22986,162.99,11
22008,23056,94.29,10
22047,22864,265.44,11
22392,22767,0.00,11
22504,23318,102.20,10
22208,22925,233.07,10
22212,22805,0.00,8
22684,23213,349.49,9
22823,23682,240.17,11
22590,23435,40.38,10
22625,23137,0.00,9
23131,23735,0.00,9
23210,23749,7.88,9
22884,23804,218.15,11
23045,23770,240.11,11
21171,22014,259.21,11
21166,21795,0.00,10
21163,21989,65.85,8
21077,21889,138.07,10
21334,21963,0.00,8
21314,22068,50.86,11
21308,22058,178.97,9
21172,21937,0.00,11
21610,22093,0.00,9
21495,22149,146.03,8
21423,22170,54.25,10
21379,22127,293.52,10
21992,22811,117.39,8
21983,22440,76.13,10
21960,22916,56.31,9
21789,22446,209.25,11
24622,25332,174.02,9
24671,25663,43.65,8
24787,25695,188.08,10
24822,25549,174.11,8
24912,25580,0.00,8
24941,25650,175.95,9
24958,25571,240.85,10
24968,25714,49.05,9
24998,25681,198.18,9
25120,25941,122.87,11
25151,25869,97.75,11
25291,26048,161.63,8
25399,25892,31.03,8
25618,26294,0.00,11
25628,26421,383.37,11
25640,26188,164.24,11
23444,24190,48.33,10
23313,24302,121.53,9
23536,24101,33.06,11
23452,24424,252.29,8
23565,24236,70.41,11
23549,24172,0.00,10
23775,24344,0.00,11
23643,24634,72.38,10
23838,24713,326.23,11
23794,24368,0.00,11
24049,24419,0.00,11
23859,24383,0.00,8
24110,24850,0.00,10
24107,24772,74.42,10
24607,25435,166.65,8
24201,25179,220.05,11
17407,18161,0.00,11
17813,18566,0.00,11
17310,18099,0.00,8
17343,18083,70.41,9
17181,18124,170.71,8
17288,18133,81.83,10
17070,17556,51.32,11
17110,17579,44.83,8
18110,18872,53.11,11
18239,18980,136.51,8
18101,18822,130.01,8
18109,18842,45.29,9
17974,19028,152.14,8
18020,18530,0.00,9
17817,18384,0.00,8
17897,18865,177.68,9
15837,16578,54.18,8
15778,16430,271.52,8
15766,16747,276.02,8
15755,16433,0.00,11
15753,16071,43.93,9
15590,16393,0.00,9
15579,16457,85.67,9
15466,16409,0.00,8
17055,17523,106.70,11
16896,17785,0.00,11
16654,17394,0.00,11
16597,17386,38.53,9
16551,17515,177.18,10
16350,17234,136.18,10
16340,17098,133.76,8
16122,16863,232.48,11
20250,21164,112.70,10
20301,20794,0.00,11
20323,21050,135.22,9
20326,20929,54.22,8
19828,20266,0.00,11
19852,20506,324.78,9
20025,20743,235.89,11
20177,21142,300.49,10
20481,21170,0.00,11
20521,21540,133.48,9
20866,21509,296.02,10
20957,21586,516.61,10
20338,20982,106.91,8
20344,21202,49.76,10
20418,21289,203.58,11
20433,20784,0.00,11
18860,19852,23.08,10
18846,19728,0.00,10
18975,19869,69.41,8
18882,19248,93.62,8
18321,18876,0.00,10
18274,19072,351.67,10
18801,19666,289.48,8
18562,19477,197.33,10
19439,20297,175.99,8
19356,20002,261.49,9
19601,20173,99.46,11
19546,20417,333.14,10
18999,19812,0.00,11
18999,19736,110.09,10
19259,20073,0.00,11
19039,19877,336.58,8
