501
1,13978,14220,1,0,0,11,7,384;438;146;40;224;557;177;179;581;434;471
1,13827,14116,1,0,15,12,10,514;589;297;37;191;375;34;662;328;330;739;469
1,13875,13943,1,0,0,11,2,487;541;249;143;327;660;280;282;581;469;574
1,13822,13884,1,0,0,12,3,540;594;302;42;196;377;39;662;333;335;744;496
1,13826,14085,1,0,0,12,5,536;590;298;38;192;376;35;662;329;331;740;469
1,13917,13994,1,0,0,11,2,438;499;207;101;279;618;238;240;581;469;532
1,13962,14049,1,0,0,11,2,400;454;162;56;240;573;193;195;581;469;487
1,13880,13950,1,0,0,11,1,438;536;244;138;322;655;275;277;581;469;569
1,13917,13984,1,0,0,11,1,438;499;207;101;279;588;238;240;581;469;532
1,11224,11287,1,0,0,4,1,222;122;792;683
1,11190,11275,1,0,0,4,1,256;3;170;792
1,11234,11299,1,0,0,4,1,212;122;792;489
1,11226,11513,1,0,0,4,2,220;122;792;650
1,11298,11539,1,0,0,6,4,148;34;741;489;869;456
1,11295,11373,1,0,0,5,1,151;65;741;489;872
0,11432,11504,1,0,0,6,0,14;607;475;711;322;466
0,11364,11424,1,0,0,6,0,82;675;489;711;390;534
0,11461,11530,1,0,0,5,0,578;446;537;293;437
1,11444,11703,1,0,0,6,4,2;595;463;711;310;454
1,11561,11830,1,0,0,7,5,478;346;537;193;337;911;557
1,11552,11619,1,0,0,7,1,487;355;537;202;346;947;566
1,11601,11658,1,0,0,8,1,438;306;537;153;297;890;517;906
0,11567,11648,1,0,0,7,0,472;340;537;187;331;890;551
1,11665,11960,1,0,0,10,6,374;242;502;89;233;834;453;842;764;420
1,11632,11884,1,0,0,9,7,407;275;524;122;266;867;486;875;797
1,11673,11728,1,0,0,10,1,366;234;494;81;225;626;445;834;756;412
1,11705,11782,1,0,0,11,3,334;202;462;49;193;608;413;802;724;380;543
1,11733,11796,1,0,0,11,1,306;174;434;21;165;608;385;774;696;352;515
1,11797,11854,1,0,0,10,1,242;110;370;101;572;321;710;632;288;451
1,11805,11861,1,0,0,10,2,234;102;343;93;572;313;702;624;280;443
1,11807,11886,1,16,0,10,2,196;100;343;91;572;311;700;622;278;441
1,11845,12140,1,0,0,10,7,194;62;322;53;572;273;662;584;240;403
1,11858,11917,1,0,0,10,1,181;49;309;40;572;260;649;571;227;293
0,11884,11961,1,0,0,11,0,155;23;283;14;572;234;623;545;201;293;680
1,11900,11965,1,0,0,10,1,139;7;267;572;218;607;529;185;293;664
1,11990,12217,1,0,15,9,5,49;177;509;128;517;439;95;258;574
1,12006,12068,1,0,0,9,3,33;161;493;112;501;423;79;242;378
1,12083,12164,1,0,0,10,1,84;416;35;424;346;2;165;378;845;731
1,12096,12168,1,0,0,9,3,71;403;22;411;333;119;378;832;718
1,12105,12187,1,0,0,9,2,62;338;13;402;324;119;378;823;709
1,12108,12179,1,0,0,9,1,59;338;10;360;321;119;378;820;706
1,10441,10500,1,0,0,7,1,1;167;169;264;140;603;632
1,10438,10505,1,15,0,7,1,4;170;169;267;143;634;635
1,10424,10491,1,0,0,8,2,18;184;11;169;281;157;648;649
1,10407,10473,1,0,0,8,1,35;200;28;169;298;174;665;666
1,10506,10578,1,0,0,7,2,102;144;199;75;439;565;631
1,10499,10563,1,16,0,7,1,109;151;206;82;452;565;638
1,10474,10559,1,0,0,6,2,134;169;231;107;452;599
1,10464,10694,1,0,0,6,1,144;169;241;117;603;609
1,10666,10730,1,0,0,5,3,39;406;407;471;752
1,10639,10701,1,0,0,6,3,11;66;433;434;498;807
1,10611,10820,1,0,0,6,2,39;94;439;462;526;835
0,10572,10643,1,0,0,8,0,36;78;133;9;439;501;565;874
1,10750,10805,1,0,0,6,1,322;323;387;696;443;348
1,10749,11042,1,0,0,6,6,323;324;388;697;444;611
1,10700,10961,1,0,0,6,4,5;372;373;434;746;493
0,10677,10733,1,0,0,5,0,28;395;396;434;752
1,10770,10859,1,0,0,6,1,302;274;367;676;423;348
0,10819,10870,1,0,0,6,0,253;254;318;627;374;348
1,10760,10828,1,0,0,6,1,312;295;377;686;433;348
0,10769,10851,1,0,0,6,0,303;274;368;677;424;348
1,10907,10963,1,0,0,6,1,160;166;230;539;286;348
1,10962,11248,1,0,0,7,2,110;111;175;484;231;348;1077
0,10883,10952,1,16,0,6,0,189;190;254;563;310;348
1,10889,10950,1,0,0,6,3,183;184;248;557;304;348
1,10992,11064,1,0,0,7,1,80;81;145;454;201;326;842
1,10993,11072,1,0,0,7,3,79;48;144;453;200;326;842
1,10965,11026,1,0,0,7,1,107;108;172;481;228;348;842
1,10978,11038,1,0,0,7,1,94;95;159;468;215;344;842
1,11173,11257,1,0,0,4,1,273;20;187;836
0,11184,11245,1,0,0,4,0,262;9;176;792
1,11112,11164,1,0,0,5,1,25;334;81;248;842
1,11113,11337,1,0,0,5,2,24;333;80;247;836
1,13144,13233,1,0,0,7,3,13;125;170;215;119;307;1218
1,13142,13207,1,0,0,7,3,13;127;171;217;121;344;1220
1,13214,13293,1,0,0,8,3,55;100;145;49;272;1148;1202;910
1,13179,13250,1,0,0,8,2,7;90;135;180;84;307;1183;1237
1,13105,13184,1,0,0,10,1,81;164;171;254;21;35;158;35;348;1257
1,13093,13164,1,0,0,9,2,93;176;221;266;21;35;170;47;348
1,13129,13218,1,0,0,10,1,31;140;171;230;6;12;134;11;348;1233
0,13106,13186,1,0,0,10,0,31;163;171;253;21;35;157;34;348;1256
1,13324,13586,1,0,0,7,3,35;162;962;1092;800;540;568
1,13306,13510,1,0,0,8,1,8;53;180;962;1110;818;540;580
1,13416,13466,1,0,0,8,2,70;946;882;625;448;568;786;445
1,13336,13550,1,15,0,8,3,23;150;962;882;788;528;568;866
1,13289,13496,1,0,0,8,1,25;70;197;962;1127;835;575;729
1,13268,13523,1,0,0,8,3,1;46;91;218;1094;1148;856;596
0,13293,13345,1,0,0,8,0,21;66;193;962;1123;831;540;580
1,13291,13348,1,0,0,8,3,23;68;195;962;1125;833;573;580
1,13474,13526,1,0,15,8,2,12;888;841;625;390;544;561;387
0,13506,13570,1,0,0,7,0,856;841;604;358;512;561;355
1,13518,13587,1,0,16,7,2,844;841;604;346;500;561;343
1,13567,13623,1,0,0,7,2,795;841;557;297;451;561;294
0,13420,13470,1,0,0,8,0,66;942;882;625;402;568;782;441
1,13432,13651,1,0,0,8,4,54;930;882;625;402;568;770;429
1,13452,13659,1,0,0,8,2,34;910;882;625;402;566;561;409
1,13454,13700,1,0,0,8,3,32;908;870;625;402;564;561;407
1,13758,13810,1,0,0,11,2,604;658;366;106;260;444;103;662;397;399;808
1,13791,13863,1,0,0,12,2,571;625;333;73;227;411;70;662;364;366;775;676
1,13802,14069,1,0,0,12,7,560;614;317;62;216;400;59;662;353;355;764;665
1,13820,13889,1,0,0,12,1,542;596;304;44;198;382;41;662;335;337;746;496
1,13623,13693,1,0,0,8,2,739;793;501;241;395;561;238;912
1,13632,13886,1,0,0,8,6,730;784;463;232;386;561;229;903
1,13689,13742,1,0,0,9,2,673;727;435;175;329;513;172;662;466
0,13736,13800,1,0,0,11,0,626;680;388;128;282;466;125;662;419;421;830
1,12336,12410,1,0,0,8,1,163;171;93;228;592;478;458;541
1,12333,12573,1,0,0,8,6,166;174;96;231;595;481;489;544
1,12319,12554,1,0,0,8,6,180;188;110;245;609;495;685;558
1,12174,12234,1,0,0,8,1,325;333;255;74;378;698;608;830
1,12159,12227,1,0,0,9,1,8;338;348;270;81;378;698;655;845
0,12152,12208,1,0,0,9,0,15;338;355;277;81;378;698;662;852
1,12127,12193,1,0,0,8,1,28;338;360;302;119;378;698;687
1,12113,12329,1,0,0,9,5,28;338;5;360;316;119;378;815;701
1,12596,12680,1,0,0,11,3,332;218;408;281;223;590;673;718;763;533;545
1,12581,12638,1,0,0,11,2,347;233;423;296;238;605;688;733;778;554;560
1,12554,12630,1,0,0,11,2,10;374;260;440;323;265;632;715;760;805;581
1,12467,12533,1,0,0,10,1,32;40;97;461;346;440;410;352;719;802
1,12456,12527,1,0,0,10,1,43;51;108;472;358;440;421;363;730;813
1,12424,12497,1,0,0,11,1,75;83;5;140;504;390;440;453;395;762;845
1,12381,12470,1,0,0,10,4,118;126;48;183;547;433;440;496;438;805
1,12372,12640,1,0,0,8,7,127;135;57;192;556;442;458;505
1,12865,12936,1,0,0,11,2,63;139;12;185;404;449;492;270;276;344;275
1,12896,12958,1,0,0,10,3,32;108;185;373;418;463;239;245;344;244
1,12790,13053,1,0,0,12,5,138;24;214;87;29;185;479;453;569;345;351;473
1,12829,13032,1,0,0,11,4,99;175;48;185;440;453;492;306;312;434;311
1,12759,13019,1,0,0,12,7,169;55;245;118;60;427;510;555;600;373;382;504
1,12786,13024,1,0,0,12,2,142;28;218;91;33;400;483;453;573;349;355;477
1,12598,12661,1,0,0,11,1,330;216;406;279;221;588;593;716;761;533;543
1,12746,12828,1,0,0,12,2,182;68;258;131;73;440;523;568;613;389;395;517
1,13040,13098,1,0,0,9,2,146;229;274;319;95;35;223;100;348
1,13070,13157,1,0,0,9,1,116;199;244;289;65;35;193;70;348
1,13001,13064,1,0,0,10,2,3;185;268;313;358;120;35;262;139;348
1,13025,13103,1,16,0,9,2,161;244;289;334;110;35;238;115;348
1,12975,13061,1,0,0,10,1,29;185;294;339;384;160;35;288;165;348
1,12980,13053,1,0,0,10,1,24;185;289;334;379;148;35;283;160;348
1,12911,13121,1,0,0,10,6,17;93;185;333;403;448;224;230;344;229
1,12936,13190,1,0,0,10,4,68;185;333;378;423;199;35;327;204;550
0,8599,8673,1,0,0,3,0,259;285;497
0,8580,8662,1,0,0,3,0,259;294;516
0,8554,8613,1,0,0,3,0,259;294;542
0,8552,8638,1,16,0,3,0,259;294;544
0,8772,8980,1,0,0,4,0,131;112;85;618
1,8765,9043,1,0,0,4,1,138;119;85;888
1,8729,9014,1,0,0,3,3,174;155;295
1,8711,8993,1,0,0,3,1,192;173;385
0,8430,8493,1,0,0,2,0,16;259
0,8430,8504,1,0,0,2,0,16;259
0,8403,8462,1,0,0,3,0,24;43;259
1,8401,8668,1,0,0,3,3,26;45;476
1,8546,8603,1,0,0,3,1,259;303;550
1,8532,8607,1,0,0,3,1,259;326;564
1,8531,8606,1,0,0,3,1,259;353;565
1,8457,8544,1,0,0,2,1,259;427
0,8150,8200,1,0,0,5,0,71;68;277;296;31
0,8202,8286,1,0,0,5,0,19;16;225;244;31
1,8082,8156,1,0,0,6,2,30;139;136;345;364;287
1,8103,8353,1,0,0,6,2,9;118;115;324;343;266
1,8322,8540,1,0,0,4,2,105;124;24;581
1,8366,8444,1,0,0,4,1,32;80;3;537
0,8241,8294,1,15,0,4,0,186;205;31;662
1,8318,8405,1,0,0,4,1,109;128;31;585
1,7771,7859,1,0,0,7,1,341;234;450;341;656;600;598
1,7940,8155,1,0,0,7,2,172;65;281;278;487;506;429
1,7764,7817,1,0,0,6,2,348;241;457;341;663;682
1,7767,7848,1,0,0,6,2,345;238;454;341;660;651
1,8028,8115,1,0,0,6,2,84;163;190;399;418;341
0,8054,8117,1,0,0,6,0,58;146;164;373;392;315
1,7955,8008,1,0,0,7,2,157;50;163;263;472;491;414
0,8025,8114,1,0,0,6,0,87;163;193;402;421;344
1,7494,7559,1,0,0,6,2,127;148;618;510;727;724
1,7480,7539,1,0,0,6,1,141;148;632;511;741;738
1,7576,7642,1,16,0,8,1,45;110;536;429;645;642;851;870
1,7542,7614,1,0,0,6,1,79;144;570;463;679;676
0,7699,7750,1,0,0,6,0,413;306;522;519;728;747
1,7577,7665,1,0,0,8,4,44;109;526;428;644;641;850;869
1,7752,7975,1,0,0,6,4,360;253;469;466;675;694
1,7727,7811,1,0,0,6,2,385;278;494;491;700;719
1,7298,7363,1,0,0,8,1,323;22;135;90;388;643;707;923
1,7258,7544,1,0,0,7,5,363;62;175;130;428;854;747
1,7360,7417,1,0,0,7,1,261;73;24;326;643;645;861
1,7328,7380,1,0,0,7,1,293;105;60;358;643;677;874
1,7436,7641,1,0,0,5,3,185;250;643;534;785
1,7429,7644,1,0,0,6,3,192;4;257;643;576;792
1,7447,7520,1,0,0,5,1,174;148;643;511;774
1,7439,7511,1,0,0,5,1,182;148;643;534;782
1,6953,7240,1,0,0,8,6,626;169;367;124;183;285;480;277
1,7007,7081,1,0,0,9,2,449;115;313;70;129;231;426;277;679
1,7033,7098,1,0,0,9,1,449;89;284;44;103;205;400;277;653
1,7082,7137,1,0,0,8,2,449;40;238;54;156;351;277;604
1,7141,7193,1,0,0,6,2,449;179;97;292;247;545
1,7167,7255,1,0,0,6,1,449;153;71;266;221;519
1,7167,7246,1,0,0,6,2,449;153;71;266;187;519
1,7185,7236,1,0,0,6,1,436;135;48;248;187;501
1,6728,6971,1,0,0,8,3,52;164;893;394;497;349;221;450
1,6782,7002,1,0,0,7,3,110;839;340;442;295;221;450
1,6811,7068,1,0,0,7,3,81;807;311;442;266;221;427
1,6820,7057,1,0,0,7,4,72;801;302;442;257;221;404
1,6859,6932,1,0,0,7,1,33;626;263;442;218;221;379
1,6880,6956,1,0,0,7,2,12;626;242;440;197;221;347
1,6912,7167,1,0,0,8,5,626;210;376;165;221;326;521;476
1,6912,6968,1,0,0,8,2,626;210;376;165;221;326;521;277
0,10378,10459,1,0,0,9,0,64;200;57;3;169;327;203;690;695
1,10375,10454,1,0,0,9,1,67;200;60;22;169;330;206;690;698
1,10371,10439,1,0,0,9,1,71;237;64;26;169;334;210;690;702
0,10320,10385,1,16,0,9,0,39;122;288;115;77;169;383;261;690
1,10318,10376,1,0,0,9,1,41;124;290;117;79;169;387;263;690
1,10288,10526,1,0,0,10,6,71;16;154;320;147;109;362;417;293;690
0,10273,10349,1,0,0,10,0,80;31;169;335;162;124;370;432;308;690
1,10264,10335,1,0,0,10,1,95;40;178;344;171;133;370;441;317;690
1,10227,10476,1,0,0,10,4,132;77;215;381;208;170;370;463;354;845
1,10189,10258,1,0,0,10,2,170;32;115;253;419;246;208;370;516;392
1,10077,10139,1,0,0,10,1,282;54;144;227;365;499;358;320;370;628
1,10076,10164,1,0,0,10,1,283;55;145;228;366;499;359;321;476;629
1,10062,10135,1,0,0,10,1,297;58;159;242;380;499;373;335;476;643
1,10058,10295,1,0,0,9,3,301;58;163;246;384;499;377;339;592
1,10000,10266,1,0,0,10,5,52;359;58;221;304;442;608;435;397;650
1,9913,10139,1,0,0,10,3,37;139;446;218;308;352;529;695;522;484
1,9860,10130,1,0,0,11,4,90;41;192;499;7;271;319;444;582;748;575
1,9887,9974,1,0,0,10,1,63;14;165;472;244;319;352;555;721;548
1,9784,9847,1,0,0,7,1,166;117;240;574;83;347;437
1,9830,9914,1,0,0,9,2,120;71;222;529;37;301;391;474;612
1,9735,9793,1,0,0,8,2,41;215;166;317;624;132;396;486
1,9767,9830,1,0,0,8,1,9;183;134;285;574;100;364;454
0,9675,9753,1,0,0,8,0,101;275;226;377;684;137;456;546
1,9675,9727,1,0,0,8,2,101;275;226;377;684;137;456;546
1,9663,9716,1,0,0,8,1,113;287;238;389;696;204;468;558
1,9667,9739,1,0,0,8,1,109;283;234;385;692;160;464;554
0,9628,9679,1,0,0,9,0,25;148;322;273;398;731;239;503;593
0,9646,9710,1,0,0,9,0,7;130;304;255;398;713;221;485;575
1,9571,9621,1,0,0,9,2,82;205;379;330;481;788;296;560;650
1,9620,9703,1,0,0,9,1,33;156;330;281;432;739;247;511;601
1,9414,9467,1,0,0,7,3,239;343;79;429;487;638;923
1,9472,9558,1,0,0,9,1,181;304;21;429;429;580;887;395;659
0,9384,9449,1,0,0,7,0,269;377;109;429;517;668;923
1,9382,9443,1,0,0,7,1,271;394;111;429;519;670;923
1,9399,9479,1,0,0,7,1,254;369;94;429;502;653;923
1,9393,9473,1,0,0,7,1,260;377;100;429;508;659;923
0,9326,9384,1,0,0,6,0,327;450;167;429;553;726
1,9310,9585,1,0,0,6,3,343;2;466;183;640;553
1,9362,9446,1,0,0,7,4,291;414;131;429;539;690;997
1,9356,9421,1,0,0,7,1,297;420;137;429;545;696;1003
1,9283,9350,1,0,0,6,3,370;29;493;210;667;618
0,9266,9353,1,0,0,6,0,387;46;510;227;684;635
1,9301,9351,1,0,0,6,1,352;11;475;192;649;553
1,9290,9354,1,0,0,6,3,363;22;486;203;660;582
1,9092,9152,1,0,0,5,2,4;561;220;684;401
1,9039,9101,1,16,0,5,2,57;614;234;707;454
1,9206,9285,1,0,0,5,2,447;106;570;287;744
0,9130,9197,1,0,0,4,0,523;182;646;363
1,8953,9163,1,0,0,5,2,85;616;359;823;525
1,8955,9018,1,0,0,5,1,85;616;357;707;525
1,8993,9059,1,0,0,5,1,85;616;319;707;500
1,9036,9099,1,0,0,5,1,60;616;258;707;457
0,8924,8979,1,0,0,3,0,85;616;378
0,8934,9004,1,0,0,4,0,85;616;378;842
0,8950,9038,1,0,0,5,0,85;616;362;826;543
1,8952,9007,1,0,0,5,1,85;616;360;824;541
0,8890,8952,1,0,0,4,0,11;85;618;422
1,8893,8949,1,0,0,4,1,10;85;618;419
1,8905,9163,1,0,0,3,2,85;618;378
0,8911,8975,1,0,0,3,0,85;616;378
0,8774,9021,1,0,0,4,0,129;110;85;618
0,8827,8884,1,0,0,5,0,76;57;85;618;485
0,8835,8901,1,0,0,5,0,68;49;85;618;477
1,8870,8945,1,0,0,5,1,33;14;85;618;442
1,4139,4425,1,0,0,3,2,39;579;700
0,4163,4252,1,0,0,3,0,15;555;520
0,4076,4127,1,0,0,3,0,102;588;700
1,4117,4197,1,0,0,3,1,61;588;700
0,4249,4325,1,0,0,2,0,469;520
0,4268,4334,1,0,0,2,0,437;520
0,4225,4308,1,0,0,2,0,493;520
1,4249,4327,1,0,0,2,1,469;520
0,4288,4340,1,0,0,2,0,418;520
0,4291,4341,1,0,0,2,0,418;520
0,4283,4355,1,0,0,2,0,435;520
1,4285,4344,1,0,0,2,1,433;520
1,4316,4398,1,0,0,2,1,402;520
0,4346,4402,1,0,0,2,0,372;520
0,4302,4385,1,0,0,2,0,416;520
0,4314,4375,1,0,0,2,0,404;520
1,3728,3789,1,0,0,7,2,198;245;312;139;405;128;990
0,3724,3779,1,0,0,7,0,202;249;312;143;405;128;994
1,3704,3765,1,0,0,7,2,222;269;325;163;405;128;1014
1,3681,3891,1,0,0,6,2,245;292;325;186;405;128
1,3878,3940,1,0,0,6,3,48;95;188;300;67;840
1,3844,3928,1,0,0,7,1,82;129;222;23;334;101;874
1,3819,3874,1,0,0,7,3,107;154;247;48;359;126;899
0,3732,3793,1,0,0,7,0,194;241;289;135;405;128;986
0,3922,3976,1,0,0,7,0,4;51;129;256;23;588;982
0,3898,3976,1,0,0,7,0,28;75;129;280;47;588;1006
1,3882,4174,1,0,0,6,5,44;91;129;296;63;836
1,3880,3941,1,0,0,6,2,46;93;158;298;65;838
0,4052,4109,1,0,0,4,0,14;126;588;700
1,4014,4244,1,0,0,4,2,52;164;588;710
1,3960,4016,1,0,0,5,1,13;106;218;588;710
1,3935,4202,1,0,0,6,3,38;129;243;10;588;969
0,3255,3325,1,0,0,4,0,400;671;347;718
1,3291,3345,1,0,0,6,1,364;635;311;682;775;576
1,3293,3364,1,0,0,6,1,328;633;309;680;773;574
1,3294,3514,1,0,0,6,2,328;632;251;679;772;573
1,3296,3363,1,0,0,6,2,328;630;251;568;770;571
0,3314,3366,1,0,0,7,0,328;612;251;568;715;553;864
1,3330,3415,1,0,0,7,1,325;596;251;568;715;537;848
1,3366,3416,1,0,0,8,2,289;560;236;568;700;501;812;579
1,3416,3489,1,0,0,8,1,239;510;186;557;650;451;762;529
1,3525,3609,1,0,0,8,1,130;401;77;448;541;342;653;420
1,3564,3848,1,0,0,8,5,91;362;38;409;502;303;614;381
1,3592,3659,1,0,0,8,2,63;334;10;381;474;275;405;353
1,3613,3858,1,0,0,7,4,42;313;360;453;254;405;332
1,3617,3896,1,0,0,7,5,38;309;356;325;250;405;328
1,3663,3728,1,0,0,6,1,263;310;325;204;405;183
0,3669,3746,1,0,0,6,0,257;304;325;198;405;128
0,2769,2844,1,0,0,3,0,105;160;81
0,2759,2821,1,0,0,3,0,115;170;81
1,2802,3086,1,0,0,3,2,72;127;80
1,2781,2870,1,0,0,3,1,93;148;81
1,2850,3139,1,0,0,5,2,9;79;34;390;805
1,2847,2914,1,0,0,5,1,27;82;34;393;808
0,2889,2967,1,0,0,4,0,40;30;351;592
1,2872,3095,1,0,0,5,1,2;57;34;368;592
0,3018,3070,1,0,0,3,0,17;222;592
1,2959,3224,1,0,0,3,1,30;281;592
0,3032,3095,1,0,0,3,0,17;208;592
0,3025,3257,1,16,0,3,0,17;215;592
0,3096,3176,1,0,0,3,0,9;144;559
0,3060,3120,1,0,0,3,0,17;180;592
0,3240,3321,1,0,0,5,0,0;415;686;362;733
1,3140,3412,1,0,0,3,2,100;515;786
1,6408,6487,1,0,0,11,1,65;126;22;242;9;195;190;372;484;1196;714
1,6430,6513,1,0,0,10,1,43;104;0;220;173;168;350;462;1191;692
1,6302,6358,1,0,0,10,1,32;122;232;128;348;115;301;296;478;590
1,6364,6443,1,0,0,11,4,109;170;66;286;53;239;234;416;528;1257;758
1,6185,6265,1,0,0,9,1,149;288;65;348;245;465;232;418;413
1,6297,6365,1,0,0,10,3,37;176;237;133;353;120;306;301;483;595
0,6075,6149,1,0,0,9,0,40;259;398;122;365;337;509;342;528
1,6123,6202,1,0,0,8,1,211;350;122;365;307;509;294;480
1,6684,6957,1,0,0,8,4,96;208;937;438;516;393;452;450
1,6711,6912,1,0,0,8,4,69;181;910;411;516;366;221;450
1,6591,6657,1,0,0,10,3,59;12;7;189;301;1030;531;516;486;545
1,6606,6852,1,0,0,9,4,44;174;286;989;516;516;471;530;632
1,6562,6817,1,0,0,9,3,88;41;36;197;330;1059;560;758;515
0,6577,6652,1,0,0,9,0,73;26;21;197;315;1044;545;516;500
1,6462,6534,1,0,0,9,3,11;72;188;141;136;318;430;1159;660
1,6521,6598,1,0,0,9,1,13;129;82;77;259;371;1100;601;799
1,5746,5812,1,0,0,5,1,92;276;338;521;727
0,5674,5762,1,0,0,5,0,44;164;348;338;521
1,5625,5871,1,0,0,5,3,92;213;397;490;521
1,5619,5674,1,0,0,5,1,99;219;403;496;521
1,5593,5644,1,0,0,5,1,122;245;429;522;521
1,5569,5627,1,0,0,6,1,11;149;269;453;546;521
1,5534,5830,1,0,0,7,6,29;46;184;283;488;581;800
1,5493,5560,1,0,0,7,2,70;87;22;225;283;529;622
1,6029,6248,1,0,0,8,5,86;305;444;122;365;337;621;388
1,5997,6285,1,0,0,9,4,25;118;337;476;122;365;433;626;420
1,5975,6261,1,0,0,9,6,47;140;359;498;275;365;455;626;442
1,5958,6164,1,0,0,8,5,64;157;376;515;292;365;472;692
1,5939,6173,1,0,0,8,1,83;176;395;534;311;595;491;711
1,5883,5964,1,0,0,7,1,139;232;451;590;367;642;547
1,5863,5940,1,0,0,7,3,159;252;471;610;387;671;567
1,5793,5865,1,0,0,6,2,45;229;322;521;680;457
1,4879,4962,1,0,0,9,3,25;121;535;583;583;378;152;574;392
1,4904,5136,1,0,0,9,1,0;96;510;558;583;299;127;574;367
1,4920,5001,1,0,0,8,1,80;494;369;583;299;111;574;351
0,5017,5104,1,0,0,9,0,397;329;546;240;14;563;254;498;701
1,4745,4817,1,0,0,7,1,159;242;669;687;818;512;286
1,4775,4837,1,0,0,7,1,129;225;639;687;788;482;256
1,4777,5023,1,0,0,7,4,85;223;637;685;786;480;254
1,4800,5041,1,0,0,8,7,85;200;614;662;583;457;231;780
1,5295,5352,1,0,0,8,1,119;107;268;285;220;401;124;283
1,5347,5419,1,0,0,9,2,67;107;216;233;168;371;72;283;675
1,5380,5435,1,16,0,9,1,34;82;183;200;135;338;39;283;632
0,5480,5554,1,0,0,7,0,83;100;35;238;283;542;635
1,5188,5465,1,0,0,8,5,226;274;375;69;392;83;327;530
1,5192,5478,1,0,0,8,5,222;270;371;65;388;79;323;401
1,5265,5560,1,0,0,9,6,149;107;298;315;6;250;401;154;573
1,5279,5516,1,0,0,8,6,135;107;284;301;236;401;140;303
1,4459,4727,1,0,0,2,2,259;445
0,4456,4526,1,0,0,2,0,262;448
0,4538,4601,1,0,0,4,0,180;251;462;876
1,4480,4745,1,0,0,2,2,238;266
1,4402,4489,1,0,0,2,1,316;502
0,4355,4407,1,0,0,2,0,363;520
0,4445,4512,1,0,0,2,0,273;459
0,4418,4485,1,0,0,2,0,295;486
1,4698,4783,1,0,0,6,1,20;206;302;716;764;865
0,4666,4722,1,0,0,5,0,52;222;334;748;796
1,4736,4803,1,0,0,6,1,168;264;678;687;827;521
1,4725,4805,1,0,0,6,1,179;275;689;709;838;532
1,4587,4674,1,0,0,5,2,131;251;413;782;875
1,4560,4793,1,0,0,4,1,158;251;440;854
1,4649,4705,1,0,0,5,1,69;249;345;765;813
1,4628,4698,1,0,0,5,1,90;251;345;782;834
1,1515,1569,1,0,0,7,1,211;77;140;299;410;196;488
1,1501,1572,1,0,0,7,1,225;91;154;313;435;210;488
1,1487,1559,1,0,0,7,2,239;105;168;327;449;224;500
1,1444,1515,1,0,0,7,2,282;148;211;370;474;267;532
0,1561,1639,1,0,0,8,0,165;11;94;253;375;150;488;528
1,1557,1641,1,0,0,8,2,169;11;98;257;379;154;488;532
1,1556,1643,1,0,0,8,1,170;22;99;258;380;155;488;533
1,1551,1601,1,0,0,8,1,175;41;104;263;385;160;488;538
1,1664,1737,1,0,0,6,2,62;150;272;40;488;424
1,1635,1718,1,0,0,7,2,91;20;179;301;40;488;449
1,1633,1691,1,0,0,7,2,93;22;181;303;78;488;449
1,1619,1698,1,0,0,7,2,107;36;195;317;92;488;470
1,1806,1858,1,0,0,6,2,8;130;364;283;830;847
0,1785,1874,1,0,0,6,0,29;151;385;304;851;868
0,1741,1797,1,15,0,6,0,73;195;429;348;895;912
1,1704,1758,1,0,0,6,1,22;110;232;7;466;385
1,1013,1064,1,0,0,8,3,101;95;101;337;419;686;301;564
1,1092,1157,1,0,0,10,1,22;16;45;258;340;634;222;500;563;722
0,994,1045,1,0,0,8,0,120;114;143;356;438;686;320;564
1,1000,1066,1,0,0,8,1,114;108;137;350;432;686;314;564
1,1109,1336,1,0,16,9,2,5;19;241;323;617;205;483;525;605
1,1153,1231,1,0,0,8,2,197;279;573;161;358;502;605;783
1,1097,1329,1,0,0,10,3,17;11;19;253;335;629;217;495;558;717
1,1106,1328,1,0,0,10,4,8;2;19;244;326;620;208;486;525;708
1,1292,1372,1,0,0,8,1,58;140;434;22;296;363;522;474
0,1341,1395,1,0,0,7,0,9;91;385;251;314;473;474
1,1183,1247,1,16,0,8,3,167;249;543;131;296;472;605;753
1,1277,1501,1,0,0,8,3,73;155;449;37;296;378;537;659
1,1407,1457,1,0,0,8,1,25;319;185;248;407;474;304;763
1,1423,1717,1,0,0,8,6,9;303;169;232;391;474;288;747
0,1344,1409,1,0,0,7,0,6;88;382;248;311;470;474
0,1379,1437,1,0,0,8,0,53;347;213;276;435;474;332;791
1,2244,2486,1,0,0,7,5,392;409;328;227;387;630;643
1,2233,2293,1,0,0,7,1,403;420;339;238;387;641;644
1,2298,2352,1,0,0,7,1,338;355;274;173;377;533;631
1,2257,2342,1,0,0,7,3,379;396;315;214;387;617;643
1,2360,2430,1,0,0,7,1,276;293;212;111;315;514;569
1,2319,2381,1,0,0,7,2,317;334;253;150;356;533;610
1,2435,2515,1,0,0,7,1,201;218;137;36;240;439;320
1,2374,2639,1,0,0,7,6,262;279;198;97;257;500;555
0,2535,2610,1,0,0,6,0,101;118;37;140;339;320
0,2526,2590,1,0,0,6,0,110;127;46;149;348;320
1,2587,2669,1,0,0,5,3,49;66;88;287;296
1,2555,2840,1,0,0,6,4,81;98;17;120;319;320
1,2687,2741,1,0,0,3,1,187;242;418
1,2627,2829,1,0,0,5,2,9;26;48;247;294
1,2738,3037,1,0,0,3,2,136;172;367
1,2733,2785,1,0,0,3,1,141;196;372
1,1844,2068,1,0,0,5,3,92;326;245;792;809
1,1850,2084,1,0,0,5,2,86;320;239;592;803
0,1874,1935,1,0,0,5,0,62;296;215;592;737
1,1884,1965,1,0,0,5,1,52;286;205;592;737
0,1919,1986,1,0,0,5,0,17;251;170;592;707
1,1989,2075,1,0,0,6,3,181;100;592;664;583;482
1,2029,2108,1,0,0,6,1,141;60;587;624;543;442
1,2059,2130,1,0,0,6,1,111;30;577;594;513;379
1,2079,2166,1,0,0,6,1,91;10;557;574;493;379
1,2187,2269,1,0,0,6,1,449;466;385;284;488;687
1,2194,2275,1,0,0,6,2,442;449;378;277;481;680
0,2194,2278,1,0,0,6,0,442;449;378;277;405;680
0,2195,2283,1,0,0,6,0,441;449;377;276;405;679
1,2215,2293,1,0,0,7,2,421;438;357;256;405;659;714
1,2217,2280,1,0,0,7,1,419;436;355;254;387;657;712
1,2222,2293,1,0,0,7,1,414;431;350;249;387;652;662
0,71,151,1,0,0,3,0,562;575;727
0,51,135,1,0,0,3,0,582;595;747
0,29,113,1,0,0,1,0,604
0,4,251,1,0,0,0,0,
0,239,290,1,0,0,4,0,394;407;513;539
1,184,245,1,0,0,3,1,449;459;513
1,173,376,1,0,0,3,2,460;459;625
1,152,219,1,0,0,3,1,481;494;646
0,148,223,1,0,0,3,0,485;498;650
0,147,200,1,0,0,3,0,486;499;651
0,119,180,1,0,0,3,0,514;527;679
0,100,150,1,0,0,3,0,533;546;698
1,699,751,1,0,0,12,4,79;79;415;123;285;400;88;438;132;272;632;733
0,695,754,1,0,0,12,0,79;83;419;123;289;400;88;442;136;276;632;737
0,825,888,1,0,0,12,0,289;123;159;283;28;312;6;146;525;607;901;489
1,789,863,1,0,0,12,5,9;325;123;195;319;64;348;42;182;561;643;937
1,667,915,1,0,0,12,5,131;111;432;123;317;434;88;470;164;304;683;765
0,666,733,1,0,0,12,0,132;112;432;123;318;434;88;471;165;305;684;766
1,693,933,1,0,0,12,7,105;85;421;123;291;400;88;444;138;278;632;739
1,690,757,1,0,0,12,4,108;88;424;123;294;418;88;447;141;281;632;742
0,915,991,1,0,0,11,0,199;33;69;193;222;56;435;517;811;399;677
1,894,950,1,0,0,10,5,220;54;90;214;225;77;456;538;832;420
1,968,1032,1,0,0,10,3,146;16;140;169;3;382;464;686;346;624
1,929,1205,1,0,0,11,9,185;19;55;179;208;42;421;503;797;385;663
0,829,893,1,0,0,12,0,285;119;155;279;24;271;2;142;521;603;897;485
1,827,877,1,0,0,12,1,287;121;157;281;26;310;4;144;523;605;899;487
1,847,933,1,0,0,11,5,267;101;137;261;6;225;124;503;585;879;467
1,830,917,1,0,0,12,1,284;118;154;278;23;271;1;141;520;602;896;484
1,394,651,1,0,1,10,6,239;252;404;384;720;554;534;714;459;743
1,396,614,1,0,1,10,5,237;250;402;382;718;552;534;712;221;741
1,456,516,1,0,1,11,3,177;190;342;322;658;492;528;650;221;681;375
1,483,540,1,0,0,11,3,150;163;315;295;631;465;501;625;221;654;348
0,252,306,1,0,0,4,0,381;394;513;526
1,272,342,1,0,1,5,1,361;374;513;506;842
1,275,333,1,0,0,5,1,358;369;513;503;839
1,297,574,1,0,1,8,7,336;349;495;481;817;651;687;811
1,632,857,1,0,0,12,7,1;14;166;146;474;316;352;476;221;505;199;308
1,643,928,1,0,0,11,5,3;155;135;471;123;341;465;210;494;188;308
1,646,734,1,0,0,12,4,0;152;132;468;123;338;462;88;491;185;308;704
1,661,713,1,0,0,12,1,137;117;453;123;323;434;88;476;170;308;689;771
1,493,735,1,0,0,11,10,140;153;305;285;621;455;477;615;221;644;338
1,608,685,1,0,0,12,4,25;38;190;170;506;340;376;500;221;529;223;363
1,621,707,1,0,0,12,1,12;25;177;157;493;327;363;483;221;516;210;350
1,623,681,1,0,0,12,4,10;23;175;155;474;325;361;483;221;514;208;348
150
34,646,69.84,10
21,633,0.00,8
189,778,0.00,9
37,798,157.38,9
281,948,285.24,8
266,1114,40.22,11
296,1108,178.93,9
285,984,178.12,11
11651,12085,0.00,8
11675,12248,200.54,10
11866,12564,248.01,10
12033,12928,177.30,11
12075,12814,80.35,11
12152,13004,274.92,8
12239,12877,0.00,9
12373,12819,0.00,8
12376,13186,284.23,10
12399,13269,136.46,8
12513,13314,197.77,10
12526,13359,81.77,10
12534,13135,138.67,10
12579,13141,195.77,9
12630,13263,121.35,8
12810,13140,0.00,10
12929,13486,278.83,8
10209,11072,401.79,11
13096,14362,203.76,10
10098,10581,0.00,9
13147,14416,522.66,9
10481,11137,37.07,8
13182,14124,273.44,10
10338,11073,144.40,11
13224,13864,80.13,11
10696,11193,38.92,11
13285,14018,161.59,10
10528,11446,96.04,10
13328,14202,259.59,11
10941,12039,374.04,8
13363,13861,0.00,8
10735,11360,365.30,9
13578,14535,271.60,9
11255,12167,433.20,10
13637,14155,0.00,9
11195,11907,194.15,9
13691,14157,0.00,9
11318,11898,0.00,8
13722,14566,158.91,10
11296,11754,0.00,10
13767,14467,231.94,9
11525,12118,10.73,9
13868,14449,0.00,10
11521,12499,410.25,9
11619,12429,12.11,10
11600,12507,42.91,11
9146,9950,265.68,11
9212,9901,65.62,8
8927,9776,179.42,9
8936,9493,31.49,8
9416,9867,67.84,9
9451,10131,207.44,8
9320,10052,79.80,8
9355,10359,166.61,8
9799,10442,0.00,9
9841,10608,197.52,8
9497,10221,72.95,8
9798,10304,92.70,11
9983,10650,416.17,10
10059,10705,68.92,10
9849,10435,0.00,10
9894,10397,32.52,10
6963,7686,102.00,9
6903,7388,312.72,8
6882,7433,0.00,10
6604,7238,303.84,11
7478,8218,125.36,9
7283,8221,221.38,10
7258,8005,99.70,8
7207,8112,253.61,9
8212,8903,301.10,8
7771,8369,242.36,9
7569,8446,237.80,10
7565,8427,73.64,10
8786,9312,126.78,11
8734,9653,298.56,10
8515,9096,300.31,11
8446,8884,123.72,10
5825,6430,136.84,10
5904,6650,179.13,11
5974,6417,0.00,10
6072,6603,0.00,11
5529,6334,279.49,11
5731,6473,89.20,11
5782,6250,153.84,8
5804,6534,277.04,11
6358,7122,32.29,10
6490,7320,433.58,11
6522,7077,0.00,10
6585,7136,231.27,8
6162,6598,13.30,11
6232,6780,62.71,11
6263,6892,0.00,8
6352,7621,543.69,9
4693,5563,203.30,8
4574,5462,471.00,10
4742,5031,0.00,9
4714,5257,79.33,11
3894,4904,716.81,9
3698,4718,346.58,11
4531,5414,96.28,11
4481,5000,91.57,11
5212,5838,309.78,11
5202,5419,0.00,8
5448,6115,175.29,8
5313,6022,52.88,8
4820,5271,0.00,11
4789,5580,234.33,8
4942,5718,208.07,10
4932,5515,0.00,11
2629,3105,350.12,9
2810,3240,0.00,8
2180,2874,135.92,10
2204,2929,363.65,9
1953,2471,103.74,11
2148,2675,152.75,11
1735,2653,114.42,11
1920,2572,0.00,11
3300,4178,245.47,9
3334,3945,200.85,8
3272,4066,307.67,9
3278,3867,58.21,8
3152,3602,58.15,11
3200,3973,131.56,8
2828,3655,249.43,9
3132,3926,92.22,8
821,1314,45.08,10
756,1726,146.10,8
660,1432,0.00,11
644,1350,51.54,8
606,971,40.68,10
443,831,0.00,9
366,1137,148.58,11
357,853,361.10,8
1719,2636,262.05,10
1545,2089,86.27,10
1370,2170,270.35,8
1350,1711,38.46,9
1116,1936,210.55,11
1047,1814,109.07,11
1028,1655,62.28,10
895,1592,318.97,9
