100
1,1686,1770,1,0,265,6,1,37;302;230;105;441;678
1,1659,1939,1,0,422,7,3,64;302;231;105;468;21;679
1,1741,1807,1,0,312,6,1,300;175;74;386;678;805
1,1719,1924,1,0,452,7,2,4;302;197;105;408;678;827
1,1625,1696,1,0,375,7,1,98;302;291;200;502;55;679
1,1601,1883,1,0,405,7,4,122;302;315;200;526;79;701
1,1649,1727,1,0,358,7,1,74;302;267;105;475;31;679
1,1627,1714,1,0,390,7,1,96;302;289;105;500;53;679
1,1563,1794,1,0,405,7,4,160;478;353;200;564;117;712
1,1558,1635,1,0,406,7,1,165;483;358;230;569;122;712
1,1586,1808,1,0,437,7,2,137;404;330;200;541;94;701
1,1574,1650,1,0,328,7,1,149;467;342;200;553;106;701
1,1532,1610,1,0,375,7,1,191;509;384;388;587;148;867
1,1520,1790,1,16,515,9,7,6;203;4;521;396;400;587;160;961
1,1554,1846,1,0,436,7,2,168;487;362;366;573;126;712
1,1543,1837,1,0,405,7,5,168;498;373;377;584;137;867
0,2006,2083,1,0,0,6,0,35;121;339;540;180;706
0,2012,2082,1,0,0,7,0,29;115;339;534;180;700;400
1,2056,2144,1,0,390,6,1,71;339;490;180;656;356
1,2071,2157,1,0,374,6,1,39;339;475;180;641;341
1,1952,2214,1,0,266,5,3,89;175;339;594;328
0,1954,2012,1,0,0,5,0,87;173;339;592;180
0,1993,2045,1,0,0,6,0,48;134;339;553;180;719
0,1998,2071,1,0,0,6,0,43;129;339;548;180;714
1,1816,1868,1,0,328,7,1,225;100;74;211;651;729;464
1,1826,1896,1,0,312,7,1,211;90;74;211;651;720;454
1,1925,2153,1,0,249,5,3,116;202;556;621;355
0,1936,2002,1,0,0,5,0,105;191;339;610;344
1,1743,1819,1,31,312,6,1,298;173;74;384;653;803
1,1747,1966,1,94,343,6,2,294;169;74;380;651;799
1,1762,1850,1,15,344,6,1,279;154;74;215;651;784
1,1764,1837,1,15,328,7,2,277;152;74;211;651;782;516
1,1036,1254,1,0,499,11,4,22;32;213;379;138;457;375;202;404;490;481
1,1005,1091,1,0,515,12,2,53;5;63;244;410;169;482;393;233;435;521;512
1,984,1070,1,0,577,12,1,74;26;84;265;431;190;482;419;254;442;542;533
1,972,1035,1,0,624,12,5,86;38;96;277;443;202;482;419;266;468;554;545
1,938,1233,1,0,639,13,9,120;67;130;7;311;477;236;574;419;300;502;588;579
1,840,1092,1,0,858,13,9,218;67;228;50;409;575;334;631;419;398;600;686;677
1,824,898,1,0,686,12,1,234;67;244;109;425;591;350;631;419;414;616;702
1,800,871,1,0,671,11,1,258;67;268;145;449;615;374;631;419;438;640
1,743,945,1,0,499,9,6,315;267;325;202;506;672;431;631;419
1,723,998,1,0,499,9,7,335;287;345;222;526;692;451;631;688
1,647,728,1,0,577,9,2,411;320;421;298;602;744;527;631;764
1,646,914,1,0,671,9,9,412;320;422;299;603;744;528;866;765
1,602,691,1,0,561,8,2,456;320;466;343;647;813;572;910
1,515,601,1,0,405,6,1,543;320;553;430;734;900
0,491,571,1,0,0,5,0,567;320;577;454;758
1,487,744,1,0,358,5,3,571;523;581;458;762
1,1452,1513,1,0,562,11,3,60;74;65;271;72;589;464;468;587;228;1029
1,1466,1537,1,0,515,11,1,46;58;51;257;58;575;450;454;587;214;1015
1,1378,1447,1,0,561,14,3,37;134;33;62;148;139;345;146;663;538;542;587;302;1103
1,1428,1478,1,0,561,12,1,84;12;98;89;295;96;613;488;492;587;252;1053
1,1328,1408,1,0,499,13,2,87;184;83;112;198;189;395;196;713;588;592;587;352
1,1361,1447,1,0,452,13,3,54;151;50;79;165;156;362;163;680;555;559;587;319
1,1227,1297,1,0,437,13,4,22;188;285;184;11;213;299;290;496;297;814;689;693
1,1324,1564,1,0,484,13,3,91;188;87;116;202;193;399;200;717;592;596;803;356
1,1183,1246,1,0,390,13,4,66;232;329;228;55;257;335;334;515;341;858;733;737
1,1194,1250,1,0,390,13,1,55;221;318;217;44;246;332;323;515;330;847;722;726
1,1165,1217,1,0,499,12,3,84;250;9;347;246;73;275;335;352;558;359;876
1,1180,1254,1,0,437,13,3,69;235;332;231;58;260;335;337;532;344;861;736;740
1,1113,1183,1,0,453,11,1,136;302;61;399;298;125;327;413;360;610;411
1,1133,1195,1,0,468,11,3,116;282;41;379;278;105;307;393;360;590;391
1,1060,1117,1,0,515,11,1,8;189;355;114;452;351;178;380;466;370;663
1,1095,1163,1,0,499,11,2,154;320;79;417;316;143;345;431;370;624;429
0,2408,2471,1,0,0,6,0,73;138;304;4;846;634
1,2352,2439,1,0,344,6,2,129;194;360;60;902;690
1,2314,2383,1,0,344,6,2,167;232;364;98;940;728
1,2300,2359,1,0,375,6,1,181;246;367;112;954;742
0,2559,2618,1,0,0,3,0,153;695;421
1,2528,2813,1,0,280,4,2,18;184;726;514
1,2498,2586,1,0,281,4,1,48;214;756;544
0,2475,2547,1,0,0,5,0,6;71;237;779;567
1,2152,2221,1,0,328,5,1,329;394;128;394;260
1,2117,2348,1,15,406,6,4,10;339;423;163;595;295
1,2088,2159,1,0,375,6,1,39;339;458;163;624;324
0,2075,2144,1,0,0,6,0,39;339;471;163;637;337
1,2208,2412,1,0,437,7,3,273;338;72;394;181;1046;834
1,2191,2260,1,0,296,5,1,290;355;87;394;221
1,2180,2241,1,0,327,5,1,301;366;97;394;232
0,2158,2220,1,0,0,5,0,323;388;97;394;254
0,2694,2755,1,0,0,4,0,18;560;348;376
0,2718,2774,1,0,0,3,0,536;324;352
0,2597,2682,1,0,0,3,0,115;657;421
0,2648,2706,1,0,0,3,0,64;606;394
1,2816,3082,1,0,453,7,5,438;226;254;769;700;414;902
1,2817,2868,1,0,405,7,3,437;225;253;768;699;413;711
1,2766,2849,1,0,312,4,2,488;276;304;819
1,2776,2839,1,0,265,4,2,478;259;294;809
0,57,314,1,0,0,0,0,
0,43,102,1,0,0,0,0,
0,105,193,1,0,0,0,0,
0,81,325,1,0,0,0,0,
0,238,498,1,0,0,0,0,
0,187,269,1,0,0,0,0,
1,339,418,1,0,178,2,1,719;671
0,272,353,1,0,0,2,0,786;738
0,356,409,1,0,0,2,0,648;630
1,340,394,1,0,172,2,1,648;670
1,455,543,1,0,344,5,1,584;555;613;490;794
1,453,536,1,0,343,5,1,605;557;615;492;796
32
753,1238,0.00,9
619,1411,321.76,8
819,1526,74.84,10
783,1440,128.63,9
1043,1723,117.15,9
839,1517,135.69,10
1144,2041,186.43,9
1088,1524,0.00,8
1179,1920,310.64,8
1173,1916,59.43,11
1322,1680,0.00,10
1300,2127,444.30,11
1712,2546,89.41,11
1376,2481,572.00,11
1972,2712,238.06,9
1763,2280,207.77,9
246,1058,112.15,8
251,1010,444.22,9
376,1068,0.00,11
390,945,95.57,11
422,1249,42.37,10
497,1415,69.22,8
533,1174,0.00,11
573,1512,360.29,11
2813,3718,191.98,9
2812,3230,28.18,9
2783,3516,0.00,8
2735,3585,0.00,9
2685,3070,0.00,9
2207,3042,110.47,8
2195,3254,38.40,9
2009,2412,40.60,9
