500
1,10311,10524,1,0,0,9,3,102;113;46;375;330;448;736;679;496
1,10298,10367,1,0,0,9,2,110;126;59;398;343;461;749;692;509
1,10395,10448,1,0,0,10,1,18;29;187;246;364;652;595;412;438;921
1,10370,10446,1,0,0,9,2,43;54;239;271;389;677;620;437;463
1,10217,10271,1,0,0,7,1,196;165;140;479;424;542;830
1,10206,10465,1,0,0,7,6,207;218;151;490;435;553;841
1,10288,10363,1,0,0,9,1,125;136;69;408;353;471;759;702;519
0,10273,10324,1,0,0,7,0,140;151;84;423;368;486;774
1,10112,10391,1,0,0,6,5,301;312;245;584;529;647
0,10068,10149,1,0,0,6,0,345;356;289;628;573;691
0,10158,10215,1,0,0,6,0,255;266;199;527;483;601
1,10130,10189,1,0,0,6,1,283;294;227;566;511;629
0,9956,10008,1,0,0,4,0,375;450;401;740
1,9952,10209,1,0,0,4,3,375;472;405;744
1,10014,10093,1,0,0,5,1,375;410;343;682;627
0,9995,10080,1,0,0,4,0,375;429;362;701
1,9884,10114,1,0,0,5,3,37;515;5;540;473
1,9909,9968,1,0,0,5,1,12;504;5;515;448
1,9941,9994,1,0,0,5,1,472;5;483;416;755
1,9944,10163,1,0,0,5,3,434;5;480;413;752
1,9713,9767,1,0,0,6,1,22;52;679;6;711;644
1,9738,9810,1,0,0,6,1,15;52;656;6;686;619
1,9744,9816,1,0,0,6,1,9;52;656;5;680;613
1,9875,9964,1,0,0,5,1,46;538;5;549;482
1,9658,9731,1,0,0,4,1,95;263;679;293
1,9676,9965,1,0,0,4,2,77;245;679;233
1,9702,9985,1,0,0,6,3,51;52;679;233;722;655
1,9704,9986,1,0,0,6,4,49;52;679;6;720;653
1,9558,9613,1,0,0,4,1,195;363;855;393
0,9568,9623,1,0,0,4,0,159;353;845;383
1,9584,9669,1,0,0,4,1,159;337;829;367
1,9631,9845,1,0,0,4,1,122;283;782;320
1,9508,9569,1,0,0,4,1,245;400;905;443
1,9481,9546,1,0,0,4,1,272;440;932;470
0,9402,9491,1,0,0,5,0,26;56;351;519;1011
1,9399,9465,1,0,0,5,1,52;59;354;522;1014
0,9351,9408,1,0,0,4,0,100;107;367;570
1,9292,9565,1,0,0,3,2,106;166;367
1,9271,9527,1,0,0,3,1,106;187;482
1,9262,9517,1,0,0,3,2,131;196;491
0,9251,9313,1,0,0,3,0,131;207;502
1,9160,9228,1,0,0,6,1,37;56;131;68;298;583
1,9131,9188,1,0,0,6,1,66;85;131;97;327;622
1,9094,9379,1,0,0,6,4,103;122;357;134;364;659
1,9051,9115,1,0,0,6,2,135;165;400;177;407;702
1,9003,9232,1,0,0,7,4,194;209;32;448;225;455;750
1,8990,9047,1,0,0,7,1,207;226;45;461;238;468;763
1,8969,9022,1,0,0,7,1,228;247;66;482;259;489;784
1,8902,8988,1,0,0,6,2,295;314;133;505;326;556
1,8936,8992,1,0,0,6,1,243;280;99;505;292;522
1,8883,8962,1,0,0,6,1,314;333;152;568;345;575
1,8885,8958,1,0,0,6,2,295;331;150;566;343;573
1,8729,8817,1,0,0,11,3,16;107;468;106;124;103;487;306;722;449;729
1,8860,8943,1,0,0,6,1,337;356;175;591;368;598
1,8693,8766,1,0,0,11,1,37;143;15;504;142;160;139;523;342;758;535
1,8728,8790,1,0,0,11,1,17;108;469;107;125;104;488;307;723;500;730
1,8671,8742,1,0,0,11,1,58;165;37;526;164;182;161;545;364;780;557
1,8685,8768,1,0,0,11,2,58;151;23;505;150;168;147;531;350;766;543
1,8652,8710,1,0,0,11,1,58;184;56;545;183;201;180;564;383;799;576
0,8658,8709,1,0,0,11,0,58;178;50;539;177;195;174;558;377;793;570
1,8612,8691,1,0,0,10,3,89;224;96;570;223;11;241;220;604;410
1,8620,8691,1,0,0,10,2,89;216;88;570;189;3;233;212;596;410
0,8585,8638,1,0,0,11,0,12;89;251;123;570;250;38;268;247;631;450
1,8591,8659,1,0,0,11,1,9;89;245;117;570;244;32;262;241;625;444
0,12418,12480,1,0,0,3,0,190;414;687
1,12345,12426,1,0,0,4,1,14;190;487;760
1,12508,12566,1,0,0,5,1,125;324;597;836;609
1,12474,12530,1,0,0,4,1,159;358;631;870
0,12577,12646,1,0,0,6,0,56;255;528;767;540;1036
0,12538,12601,1,0,0,6,0,95;294;567;806;579;1075
1,12601,12653,1,0,0,6,1,32;231;504;743;516;1012
0,12579,12642,1,0,0,6,0,54;253;526;765;538;1034
0,12170,12247,1,0,0,4,0,12;189;463;662
0,12150,12237,1,0,0,4,0,32;209;483;682
1,12179,12435,1,0,0,4,2,3;180;205;653
1,12175,12463,1,0,0,4,2,7;184;458;657
0,12228,12297,1,0,0,3,0,131;204;604
1,12206,12281,1,0,0,3,1,153;204;626
1,12257,12484,1,0,0,3,2,102;204;575
0,12242,12327,1,0,0,3,0,117;204;590
1,11874,12095,1,0,0,3,1,308;405;748
0,11903,11977,1,0,0,4,0,279;386;730;929
0,11913,11994,1,0,0,4,0,269;386;720;919
1,11997,12050,1,0,0,4,1,185;362;636;835
1,12016,12073,1,0,0,4,2,166;343;617;816
1,12024,12239,1,0,0,4,2,144;335;609;808
0,12071,12151,1,0,0,4,0,111;288;562;761
1,12127,12211,1,0,0,4,1,55;232;506;705
1,11605,11838,1,0,0,3,1,1;487;754
1,11694,11767,1,0,0,2,1,480;665
0,11713,11773,1,0,0,2,0,460;646
1,11724,11977,1,0,0,2,1,458;635
1,11761,11995,1,0,0,2,1,421;405
1,11783,11861,1,0,0,2,1,390;405
0,11821,11890,1,0,0,3,0,361;405;812
1,11825,11894,1,0,0,3,1,357;405;808
0,11523,11600,1,0,0,2,0,163;510
1,11459,11723,1,0,0,3,1,17;227;723
0,11455,11717,1,0,0,3,0,21;231;727
1,11426,11511,1,0,0,5,2,19;50;260;4;756
1,11589,11880,1,0,0,2,1,97;487
0,11543,11607,1,0,0,2,0,143;487
0,11542,11595,1,0,0,2,0,144;487
1,11536,11786,1,0,0,2,1,150;510
0,11293,11375,1,0,0,6,0,23;152;183;32;393;25
1,11265,11562,1,0,0,6,4,51;180;211;60;421;25
1,11232,11433,1,0,0,6,1,84;213;244;93;454;191
0,11197,11275,1,0,0,6,0,119;248;279;128;489;191
0,11412,11488,1,0,0,5,0,22;64;274;18;770
0,11409,11472,1,0,0,4,0,22;67;277;21
1,11397,11468,1,0,0,4,2,48;79;289;25
0,11390,11457,1,0,0,4,0,55;86;296;25
0,11054,11140,1,0,0,7,0,220;98;391;422;271;632;376
0,11111,11168,1,0,0,7,0,205;41;334;365;214;575;319
1,10913,11188,1,0,0,9,7,134;77;294;239;532;563;412;773;517
1,10977,11057,1,0,0,9,4,70;13;294;175;468;499;348;709;453
0,11187,11249,1,0,0,6,0,129;258;289;138;499;243
1,11191,11255,1,0,0,6,1,125;254;285;134;495;239
0,11122,11207,1,0,0,7,0,194;30;323;354;203;564;308
0,11154,11232,1,0,0,6,0,162;291;322;171;532;276
1,10619,10689,1,0,0,11,1,77;22;140;428;371;188;214;697;533;826;857
1,10768,10851,1,0,0,10,2,279;222;39;65;548;384;677;708;557;918
0,10424,10508,1,0,0,10,0,0;187;217;335;601;566;383;409;892;728
1,10597,10675,1,0,0,11,1,99;44;162;450;393;210;236;719;555;848;879
0,10892,10977,1,0,0,9,0,155;98;424;260;553;584;433;794;538
1,10894,11170,1,0,0,9,7,153;96;422;258;551;582;431;792;536
1,10804,10888,1,0,0,10,2,243;186;3;29;512;348;629;672;521;882
0,10807,10876,1,0,0,10,0,240;183;0;26;509;345;598;669;518;879
0,6591,6654,1,0,0,8,0,59;405;414;117;380;823;720;695
1,6621,6694,1,0,0,10,1,59;375;384;87;350;793;690;665;880;859
1,6621,6710,1,0,0,10,1,26;375;384;87;350;793;690;665;880;859
1,6644,6698,1,0,0,10,1,26;352;361;64;278;770;667;642;857;836
0,6495,6556,1,0,0,9,0,1;3;17;198;501;510;213;476;919
0,6533,6583,1,0,0,6,0,160;463;472;175;438;881
0,6580,6661,1,0,0,7,0,113;416;425;128;391;834;731
1,6585,6664,1,0,0,7,2,108;411;420;123;386;829;726
1,6791,7007,1,0,0,10,8,205;214;41;623;520;495;710;689;543;802
1,6851,7135,1,0,0,10,4,53;154;41;563;460;435;650;629;483;742
0,6870,6937,1,0,0,10,0,53;135;37;544;441;416;631;610;464;723
0,6887,6957,1,0,0,10,0,53;118;37;527;424;399;614;593;447;706
0,6681,6763,1,0,0,10,0,12;315;324;27;278;733;621;605;820;799
0,6687,6748,1,0,0,10,0,6;309;318;21;278;727;621;599;814;793
1,6747,6976,1,0,0,9,2,249;258;224;667;564;539;754;733;587
0,6757,6975,1,0,0,9,0,239;248;41;657;554;529;744;723;577
1,6314,6365,1,16,0,10,1,195;184;174;198;379;682;691;394;657;1100
0,6258,6334,1,0,0,8,0,239;240;230;254;435;738;747;450
1,6362,6439,1,0,0,10,3,52;136;126;150;330;634;643;346;609;1052
1,6355,6580,1,0,0,10,4,154;143;133;157;330;641;650;353;616;1059
1,6162,6240,1,0,0,9,1,347;336;85;326;350;531;834;843;546
0,6110,6193,1,0,0,9,0,399;388;137;378;402;583;886;895;598
1,6257,6339,1,0,0,8,2,239;241;231;255;436;739;748;451
1,6234,6296,1,0,0,9,2,275;264;13;254;278;459;762;771;474
1,6476,6769,1,0,0,10,3,33;22;12;36;217;520;529;232;495;938
1,6459,6683,1,0,0,10,5,41;39;29;53;234;537;546;249;512;955
0,6489,6560,1,0,0,9,0,1;9;23;204;507;516;219;482;925
1,6481,6549,1,0,0,10,2,1;17;7;31;212;515;524;227;490;933
1,6441,6505,1,0,0,10,3,52;57;47;71;252;555;564;267;530;973
0,6398,6463,1,0,0,10,0,52;100;90;114;295;598;607;310;573;1016
1,6458,6704,1,0,0,10,3,41;40;30;54;235;538;547;250;513;956
1,6445,6514,1,0,0,10,1,52;46;43;67;248;551;560;263;526;969
1,5741,5806,1,0,0,9,2,63;26;91;219;311;330;768;757;506
0,5751,5814,1,0,0,9,0,63;16;81;209;301;320;758;747;496
0,5709,5772,1,0,0,9,0,63;58;29;123;251;338;362;800;789
0,5733,5784,1,0,0,10,0,63;34;5;99;227;319;338;776;765;514
1,5666,5751,1,0,0,9,1,63;101;72;155;294;386;405;843;832
0,5692,5754,1,0,0,9,0,63;75;46;140;268;338;379;817;806
1,5633,5865,1,0,0,10,4,24;282;6;134;105;199;327;419;438;876
1,5661,5737,1,0,0,9,3,63;106;77;171;299;391;410;848;837
0,6014,6081,1,0,0,10,0,38;57;495;484;233;474;498;679;982;991
1,6061,6140,1,0,0,10,3,10;448;437;186;427;451;632;935;944;647
1,5986,6060,1,0,0,9,2,66;66;523;512;261;502;526;707;1010
0,5987,6052,1,0,0,9,0,65;66;503;511;260;501;525;706;1009
1,5874,5939,1,0,0,8,1,41;86;113;197;576;624;373;614
1,5934,6216,1,0,0,8,6,26;113;137;575;564;313;554;578
1,5856,5936,1,0,0,7,1,59;104;196;215;653;642;391
1,5859,6125,1,0,0,7,2,56;101;193;212;576;639;388
1,5243,5299,1,0,0,12,2,113;86;316;145;95;414;672;396;524;234;495;589
1,5133,5185,1,0,0,11,1,181;194;426;255;205;524;782;506;634;344;605
1,5125,5211,1,0,0,10,2,181;204;434;263;213;532;790;514;642;352
1,5110,5179,1,0,0,11,3,202;219;13;449;278;228;547;805;529;657;367
1,5057,5112,1,0,0,11,2,202;272;66;502;331;281;600;858;582;710;420
1,5044,5256,1,0,0,11,7,306;284;79;515;344;294;613;871;595;723;433
1,5042,5130,1,0,0,11,2,306;287;81;517;346;296;615;873;597;725;435
1,4987,5072,1,0,0,10,2,369;342;136;572;401;351;670;928;652;780
1,5584,5660,1,0,0,9,1,73;331;55;183;154;244;376;468;487
1,5572,5783,1,0,0,9,3,85;343;67;195;166;260;388;480;499
1,5527,5578,1,0,0,10,2,32;124;388;112;240;211;305;433;525;544
0,5491,5578,1,0,0,9,0,68;124;424;148;276;247;341;469;561
1,5421,5502,1,0,0,9,1,138;124;494;218;346;56;317;375;539
1,5396,5667,1,0,0,8,4,163;261;519;243;371;81;342;375
1,5376,5459,1,0,0,9,1,183;12;281;539;263;391;101;362;456
1,5301,5371,1,16,0,12,3,55;28;258;87;37;356;614;338;466;176;437;531
1,8048,8307,1,0,0,13,8,44;159;174;138;206;370;552;414;697;788;660;503;1149
1,8095,8324,1,0,0,13,8,20;114;127;91;159;323;505;367;650;741;613;456;1102
1,8131,8198,1,0,0,12,2,78;91;55;118;287;469;331;614;705;577;420;1066
1,8182,8265,1,0,0,13,2,27;40;4;72;236;418;280;563;654;526;369;1015;653
1,8201,8274,1,0,0,12,3,8;21;53;217;399;261;544;635;507;350;996;634
1,8226,8430,1,0,0,11,6,28;192;374;236;519;610;482;325;971;609;397
1,8270,8333,1,0,0,12,1,148;330;192;475;566;438;281;927;565;353;583;562
1,8304,8373,1,0,0,12,2,114;296;158;441;532;384;247;893;531;319;549;528
1,8326,8387,1,0,0,12,2,92;274;136;419;510;382;225;871;509;297;527;506
1,8339,8428,1,0,0,12,4,79;261;123;406;497;369;212;858;496;284;514;493
1,8426,8640,1,0,0,12,4,174;36;319;410;282;125;771;409;197;427;406;790
1,8432,8496,1,0,0,12,1,20;30;313;404;276;119;765;403;191;421;400;784
1,8455,8682,1,0,0,12,5,12;7;290;381;253;96;742;380;168;398;377;761
1,8464,8745,1,0,0,11,6,12;116;372;244;87;733;371;159;389;368;752
1,8506,8560,1,0,0,12,1,12;89;330;202;45;691;329;117;347;326;710;529
1,8531,8735,1,0,0,12,3,12;89;305;177;20;666;304;92;322;301;685;477
1,7750,7965,1,0,0,11,2,76;34;212;459;472;436;361;647;850;712;995
0,7708,7784,1,0,0,9,0,90;76;212;501;514;478;361;647;892
0,7804,7867,1,0,0,10,0,22;212;243;418;382;361;483;796;658;941
1,7787,8085,1,0,0,10,7,39;212;422;435;399;361;483;813;675;958
1,7863,8114,1,0,0,9,3,212;243;359;323;361;483;719;599;882
1,7813,7883,1,0,0,10,1,13;212;243;409;373;361;483;787;649;932
1,7921,7986,1,0,0,9,2,194;243;301;265;333;483;679;541;824
1,7866,7921,1,0,0,9,2,202;243;356;320;361;483;719;596;879
1,7982,8050,1,0,0,10,2,133;227;240;204;272;436;617;480;763;854
1,7967,8031,1,0,0,9,1,148;242;255;219;287;451;633;495;778
1,7995,8057,1,0,0,10,2,98;214;227;191;259;423;589;467;750;841
1,7989,8041,1,0,0,10,2,126;220;233;197;265;429;589;473;756;847
1,8007,8089,1,16,0,10,3,98;202;206;179;247;411;589;455;738;829
1,8007,8068,1,0,0,10,2,82;202;206;179;247;411;589;455;738;829
1,8032,8090,1,0,0,12,2,69;159;190;154;222;386;568;430;713;804;676;519
1,8013,8073,1,0,0,10,2,82;159;206;173;241;405;587;449;732;823
1,7480,7542,1,0,0,11,2,21;0;113;346;153;151;304;635;729;742;706
1,7483,7729,1,0,0,10,8,18;80;343;153;148;301;632;726;739;703
1,7412,7476,1,0,0,11,1,2;89;68;181;414;275;219;372;703;797;810
1,7463,7536,1,0,0,11,4,38;17;130;363;224;168;321;652;746;759;723
1,7558,7784,1,0,0,10,7,26;268;129;73;226;557;651;664;628;696
1,7575,7647,1,0,0,10,1,18;154;112;56;209;540;634;647;611;679
1,7486,7556,1,0,0,11,1,15;73;340;153;145;298;629;723;736;700;768
1,7523,7602,1,0,0,10,2,70;303;153;108;261;592;686;699;663;731
1,7633,7708,1,0,0,9,1,90;54;151;482;576;589;553;621;785
1,7644,7918,1,0,0,9,5,90;43;125;471;565;578;542;610;774
0,7594,7665,1,0,0,9,0,90;93;37;190;521;615;628;592;660
0,7623,7689,1,0,0,10,0,90;64;8;161;492;586;599;563;631;795
1,7707,7784,1,0,0,9,1,90;77;212;502;515;479;547;711;893
1,7707,7921,1,0,0,9,2,90;77;212;502;515;479;547;647;893
1,7649,7737,1,0,0,10,5,90;38;125;212;560;573;537;605;769;951
0,7657,7716,1,0,0,10,0,90;6;125;212;552;565;529;597;761;943
1,6982,7240,1,0,0,10,2,14;23;229;329;304;519;498;352;611;844
1,6939,6998,1,0,0,10,1,53;66;32;229;370;347;562;541;395;654
1,6936,7216,1,0,0,10,4,53;69;35;478;370;350;565;544;398;657
1,6889,6960,1,0,0,10,1,53;116;37;525;422;397;612;591;445;704
1,7065,7148,1,0,0,11,1,193;246;221;436;415;269;528;761;622;566;719
1,7051,7128,1,0,0,11,1,193;260;235;450;429;283;542;775;636;580;733
0,7017,7075,1,0,0,10,0,193;294;269;484;463;317;576;776;670;614
1,6994,7057,1,0,0,11,1,2;11;193;317;292;507;486;340;599;832;693
1,7111,7185,1,0,0,11,1,193;200;175;390;369;223;482;715;576;520;648
0,7095,7160,1,0,0,11,0,193;216;191;406;385;239;498;731;592;536;648
1,7087,7148,1,0,0,11,1,193;224;199;414;393;247;506;739;600;544;697
0,7078,7130,1,0,0,11,0,193;233;208;423;402;256;515;748;609;553;697
1,7335,7618,1,0,0,11,9,79;166;145;255;491;352;296;449;780;874;887
1,7283,7353,1,0,0,12,2,131;28;3;202;197;51;310;543;404;348;501;832
1,7183,7239,1,0,0,11,1,193;128;103;202;297;151;410;643;504;448;601
1,7130,7344,1,0,0,11,4,193;181;156;371;350;204;463;696;557;501;648
1,3002,3082,1,0,0,7,2,77;143;91;205;756;907;719
0,3004,3086,1,0,0,7,0,38;143;91;203;754;905;717
1,2952,3183,1,0,0,5,2,127;360;164;255;806
1,2966,3261,1,0,0,6,2,113;143;150;241;792;943
0,2854,2940,1,0,0,6,0,51;168;458;262;353;904
1,2908,2983,1,0,0,6,1,29;168;404;208;299;850
0,2828,2900,1,0,0,6,0,77;168;484;288;379;930
1,2853,2937,1,0,0,6,2,77;168;459;263;354;905
1,2816,3023,1,0,0,5,4,77;263;496;300;391
0,2821,2875,1,0,0,6,0,77;168;491;295;386;937
1,2759,2990,1,0,0,6,4,4;178;320;553;357;448
0,2789,2840,1,0,0,5,0,77;290;523;327;418
0,2720,2789,1,0,0,7,0,29;43;217;359;592;396;487
0,2722,2806,1,0,0,7,0,27;41;215;357;590;394;485
0,2673,2762,1,0,0,7,0,66;90;264;406;639;443;534
0,2718,2769,1,0,0,7,0,31;45;219;361;594;398;489
0,3549,3609,1,0,0,7,0,209;360;172;328;264;398;700
1,3517,3591,1,0,0,7,2,229;392;204;360;264;430;732
1,3510,3720,1,0,0,7,2,229;399;211;364;340;437;739
1,3508,3578,1,0,0,7,2,250;401;213;364;340;439;741
1,3488,3554,1,0,0,7,2,269;421;233;389;340;459;761
1,3482,3551,1,0,0,7,2,276;427;239;395;340;465;767
1,3472,3550,1,0,0,7,1,286;437;249;405;412;475;777
1,3369,3429,1,0,0,6,1,389;540;352;508;515;578
1,3310,3608,1,0,0,7,6,2;420;599;411;567;574;637
1,3248,3310,1,0,0,7,2,64;447;661;473;579;636;699
1,3245,3304,1,0,0,7,1,67;447;664;476;632;639;702
1,3197,3259,1,0,0,8,1,115;10;447;712;524;680;687;750
1,3112,3389,1,0,0,6,3,143;4;95;646;797;609
0,3094,3162,1,0,0,6,0,143;22;113;664;815;627
0,3073,3292,1,0,0,7,0,6;143;43;134;685;836;648
1,3016,3102,1,0,0,7,3,38;143;91;191;742;893;705
1,2021,2235,1,0,0,7,3,7;450;223;442;208;618;382
1,2032,2246,1,0,0,6,3,439;117;431;197;618;371
1,2037,2107,1,0,0,6,1,431;117;426;192;613;366
1,2082,2161,1,0,0,6,2,389;117;381;147;568;321
1,1942,2011,1,0,0,10,1,23;19;21;75;529;3;302;521;287;708
1,1984,2061,1,0,0,6,1,44;487;260;479;245;647
0,1995,2057,1,0,0,6,0,33;457;249;468;234;647
1,2007,2062,1,0,0,7,1,21;457;237;456;222;643;396
0,1843,1895,1,0,0,10,0,58;118;75;125;185;628;102;401;620;386
1,1863,2150,1,0,0,11,9,58;98;55;105;165;608;82;381;600;366;787
1,1868,2115,1,0,0,11,4,58;88;50;100;160;603;77;376;595;361;782
1,1933,2011,1,0,0,10,1,32;28;21;95;538;12;311;530;296;717
1,1745,1983,1,0,0,9,6,220;194;173;223;283;726;200;499;718
0,1762,1824,1,0,0,9,0,203;194;156;133;266;709;183;482;701
1,1802,2002,1,0,0,9,4,163;159;116;133;226;669;143;442;661
1,1823,1906,1,0,0,9,2,69;138;95;133;205;648;122;421;640
0,2552,2632,1,0,0,8,0,98;66;211;385;527;760;564;655
1,2491,2728,1,0,0,5,2,159;258;272;446;588
0,2669,2735,1,0,0,7,0,66;94;268;410;643;447;538
0,2653,2712,1,0,0,7,0,66;110;284;426;659;463;554
1,2411,2473,1,0,0,6,1,60;52;239;338;352;526
1,2389,2624,1,0,0,6,3,82;74;261;14;360;374
0,2470,2542,1,0,0,5,0,1;180;279;293;467
0,2450,2521,1,0,0,6,0,21;13;200;299;313;487
1,2343,2415,1,0,0,5,1,128;120;307;60;406
0,2315,2401,1,0,0,5,0,156;148;335;88;434
0,2364,2423,1,0,0,6,0,107;99;280;39;385;399
1,2361,2561,1,0,0,6,3,110;102;289;42;388;402
1,2167,2220,1,0,0,7,1,304;77;296;62;483;236;582
1,2089,2151,1,0,0,6,1,344;117;374;140;561;314
1,2260,2335,1,0,0,5,1,211;203;390;143;489
0,2205,2269,1,0,0,7,0,266;39;258;24;445;198;544
1,4538,4590,1,0,0,5,1,66;290;809;791;585
0,4545,4745,1,0,0,5,0,33;283;809;784;578
1,4487,4551,1,0,0,5,1,117;27;310;869;842
0,4492,4576,1,0,0,5,0,112;22;310;809;837
1,4576,4660,1,0,0,5,3,28;140;780;753;547
1,4579,4798,1,0,0,5,4,25;69;777;750;544
0,4554,4604,1,0,0,5,0,33;274;802;775;569
1,4566,4843,1,0,0,5,4,33;262;790;763;557
0,4327,4405,1,0,0,3,0,277;187;501
1,4344,4406,1,0,0,3,1,260;170;484
0,4268,4325,1,0,0,3,0,336;246;560
0,4284,4369,1,0,0,3,0,320;230;544
1,4449,4524,1,0,0,4,2,125;65;379;907
0,4471,4546,1,0,0,4,0,125;43;310;885
1,4386,4463,1,0,0,3,1,201;128;442
1,4436,4496,1,0,0,4,1,168;78;392;920
1,4855,4926,1,0,0,6,2,480;420;260;704;533;483
0,4850,4922,1,0,0,6,0,480;420;260;709;538;488
1,4825,4876,1,0,0,7,1,3;480;420;298;710;563;513
1,4815,5067,1,0,0,7,4,13;541;420;308;710;573;523
1,4954,5201,1,0,0,9,5,402;375;169;605;434;384;703;961;685
1,4932,5008,1,0,0,9,1,424;397;191;627;456;406;725;983;707
1,4888,4939,1,0,0,8,1,453;420;235;671;500;450;764;1027
1,4874,4956,1,0,0,7,1,453;420;249;685;514;464;783
0,4723,4805,1,0,0,6,0,19;633;420;400;836;665
1,4706,4936,1,0,0,6,1,19;650;623;417;853;682
1,4636,4695,1,0,0,5,3,45;720;693;487;923
0,4592,4657,1,0,0,5,0,12;45;764;737;531
1,4785,4859,1,0,0,7,1,19;571;420;338;774;603;553
0,4785,4843,1,0,0,7,0,19;571;420;338;710;603;553
0,4760,4827,1,0,0,7,0,19;596;420;363;799;628;578
0,4752,4823,1,0,0,7,0,19;604;420;371;807;636;586
0,3756,3818,1,0,0,7,0,2;98;121;128;191;493;848
0,3770,3853,1,0,0,6,0,98;107;114;177;479;834
0,3815,3887,1,0,0,6,0,94;62;69;132;434;789
0,3816,3874,1,0,0,6,0,93;61;68;131;433;788
0,3823,3890,1,0,0,6,0,86;54;61;124;426;781
1,3864,3916,1,0,0,6,1,45;13;20;83;385;740
0,3864,3929,1,0,0,6,0,45;10;20;83;385;740
0,3866,3943,1,0,0,6,0,43;10;18;81;383;738
1,3557,3617,1,0,0,7,2,201;352;164;320;264;390;692
1,3585,3813,1,0,0,7,3,173;324;136;292;264;362;664
1,3591,3654,1,0,0,7,2,167;116;130;286;264;356;658
0,3608,3662,1,0,0,7,0,140;116;113;269;264;339;641
1,3630,3830,1,0,0,7,3,128;116;91;247;254;317;619
1,3693,3745,1,0,0,7,1,65;114;28;184;191;254;556
1,3696,3931,1,0,0,7,2,62;114;25;181;175;251;553
1,3718,3800,1,0,0,7,3,40;114;3;157;166;229;531
1,4065,4143,1,0,0,3,1,184;417;449
1,4044,4132,1,0,0,3,1,205;447;470
0,4115,4195,1,0,0,3,0,119;393;399
1,4076,4153,1,0,0,3,1,119;417;438
0,4159,4220,1,0,0,3,0,90;393;355
0,4149,4214,1,0,0,3,0,100;393;365
1,4221,4499,1,0,0,3,2,28;383;293
0,4160,4216,1,0,0,3,0,89;393;354
0,3893,3969,1,0,0,4,0,10;54;356;711
1,3889,3978,1,0,0,4,2,20;58;360;715
0,3939,4000,1,0,0,3,0,8;310;447
1,3922,4214,1,0,0,3,1,25;327;682
0,3947,4205,1,0,0,3,0,0;302;447
0,3942,4021,1,0,0,3,0,5;307;447
0,4041,4126,1,0,0,3,0,208;447;473
0,4036,4090,1,0,0,3,0,213;447;478
1,663,956,1,0,0,4,4,273;170;405;782
0,605,677,1,0,0,3,0,331;228;463
0,604,669,1,0,0,3,0,332;229;464
0,552,640,1,0,0,3,0,374;281;516
0,726,777,1,0,0,4,0,9;106;342;719
1,713,799,1,0,0,4,1,9;120;355;732
1,693,985,1,0,0,4,3,17;127;375;752
1,679,729,1,0,0,4,1,17;154;389;766
1,798,859,1,0,0,4,1,9;35;270;609
0,792,868,1,0,0,4,0,9;41;276;609
1,764,850,1,0,0,4,1,9;69;304;681
1,733,788,1,0,0,4,1,9;100;335;712
1,1000,1231,1,0,0,2,1,68;445
0,996,1055,1,0,0,2,0,72;449
1,877,937,1,0,0,3,1,9;191;568
1,809,1025,1,0,0,4,1,9;24;259;605
0,1057,1129,1,0,0,2,0,11;388
1,1077,1363,1,0,0,1,1,368
0,1010,1061,1,0,0,2,0,51;435
0,1035,1103,1,0,0,2,0,33;410
1,1329,1393,1,0,0,9,2,116;250;372;636;632;589;639;413;699
0,1470,1523,1,0,0,10,0,109;231;495;491;448;498;272;558;1001;475
1,1088,1169,1,0,0,1,1,124
1,1222,1308,1,0,0,6,1,123;357;479;743;739;696
1,1499,1742,1,0,0,10,5,80;202;300;256;419;469;243;529;972;446
1,1511,1592,1,0,0,10,3,68;190;300;256;407;457;231;517;960;434
1,1475,1730,1,0,0,10,4,104;226;490;486;443;493;267;553;996;470
1,1489,1725,1,0,0,10,5,90;212;300;472;429;479;253;539;982;456
0,1701,1763,1,0,0,11,0,0;264;256;217;267;41;327;770;244;543;762
1,1712,1988,1,0,0,10,8,253;249;206;256;30;316;759;233;532;751
0,1603,1654,1,0,0,10,0,98;300;256;315;365;139;425;868;342;641
0,1644,1727,1,0,0,10,0,57;300;256;274;324;98;384;827;301;600
0,17,71,1,0,0,0,0,
0,34,295,1,0,0,0,0,
0,74,366,1,0,0,0,0,
0,79,166,1,0,0,0,0,
0,128,202,1,0,0,0,0,
0,140,211,1,0,0,0,0,
0,152,429,1,0,0,0,0,
1,283,491,1,0,0,2,1,653;550
0,299,367,1,0,0,2,0,637;473
1,307,567,1,0,0,2,1,629;473
1,374,428,1,0,0,3,1,374;459;694
1,509,571,1,0,0,3,1,374;324;559
1,12750,13044,1,0,0,6,2,82;355;594;367;863;659
1,12735,13026,1,0,0,6,5,97;370;609;382;878;674
0,12790,12840,1,0,0,6,0,42;315;554;109;823;619
0,12752,12805,1,0,0,6,0,80;353;592;109;861;657
0,12916,12986,1,0,0,8,0,189;305;109;697;493;501;354;994
1,12842,13073,1,0,0,7,4,263;502;109;771;567;575;428
1,12938,13025,1,0,0,10,2,167;305;109;675;471;479;332;972;805;733
1,12928,12988,1,0,0,10,1,177;305;109;685;481;489;342;982;815;746
1,13024,13085,1,0,0,12,2,81;301;93;589;385;393;246;886;719;650;537;660
1,12961,13253,1,0,0,10,7,144;305;109;652;448;456;309;949;782;713
0,13164,13236,1,0,0,11,0,180;250;245;253;106;746;579;510;397;520;616
1,13114,13391,1,0,0,11,8,230;3;499;295;303;156;796;629;560;447;570
0,13244,13298,1,0,0,11,0,91;250;165;173;26;666;499;430;317;440;536
1,13231,13308,1,0,0,11,3,113;250;178;186;39;679;512;443;330;453;549
1,13274,13493,1,0,0,10,4,36;250;135;143;636;469;400;287;410;506
1,13272,13359,1,0,0,10,3,72;250;137;145;638;471;402;289;412;508
1,13277,13340,1,0,0,10,1,25;250;132;140;633;466;397;284;407;503
1,13334,13417,1,0,0,10,2,10;250;75;83;576;409;340;227;350;446
1,13341,13612,1,0,0,10,5,3;250;68;76;569;402;333;220;343;439
1,13356,13428,1,0,0,9,1,34;53;61;554;387;318;205;328;424
1,13388,13460,1,0,0,11,1,26;21;29;522;355;286;173;296;392;1107;709
1,13392,13461,1,0,0,11,1,14;17;25;518;351;282;169;292;388;1103;705
1,13397,13448,1,0,0,11,1,6;12;20;513;346;277;164;287;383;1098;700
1,13397,13658,1,0,0,11,6,6;12;20;513;346;247;164;287;383;1098;700
1,13449,13533,1,0,0,9,2,6;253;294;225;112;235;331;1046;648
0,13452,13524,1,0,0,10,0,6;253;291;222;109;201;328;1043;645;971
0,13514,13568,1,0,0,10,0,6;253;229;160;47;170;266;981;583;909
1,13520,13737,1,0,0,10,3,6;253;223;154;41;164;260;975;577;903
0,13570,13630,1,0,0,10,0,6;253;173;104;114;210;925;527;853;675
0,13603,13672,1,0,0,10,0,6;253;140;71;81;177;892;494;820;642
1,13607,13657,1,0,0,10,1,6;253;136;67;77;173;888;490;816;638
1,13614,13694,1,0,0,9,1,253;129;60;70;166;881;454;809;631
0,13713,13763,1,0,0,9,0,197;30;67;782;357;710;532;719;468
1,13705,13756,1,0,0,9,1,205;38;75;790;392;718;540;727;476
0,13629,13706,1,0,0,9,0,253;92;45;53;151;866;454;794;616
1,13625,13676,1,0,0,9,1,253;92;49;59;155;870;454;798;620
1,13791,13866,1,0,0,8,1,119;627;306;632;454;641;390;696
1,13787,14077,1,0,0,8,5,123;638;310;636;458;645;394;700
1,13781,14049,1,0,0,8,5,129;714;316;642;464;651;400;706
0,13728,13779,1,0,0,9,0,182;15;52;767;357;695;517;704;453
0,13977,14028,1,0,0,9,0,518;31;446;268;455;204;510;405;459
1,13927,14149,1,0,0,9,5,568;170;496;318;505;249;560;455;509
1,13868,13952,1,16,0,10,1,42;627;229;555;377;564;313;619;514;568
0,13817,13877,1,0,0,9,0,93;627;280;606;428;615;364;634;565
1,14034,14116,1,0,0,9,1,449;31;389;211;398;147;453;348;392
1,14029,14234,1,16,0,9,5,466;31;394;216;403;152;458;353;392
1,14012,14082,1,0,0,9,1,483;31;411;233;420;169;475;370;424
1,14003,14092,1,0,0,9,3,492;31;420;242;429;178;484;379;433
1,14218,14278,1,15,0,10,1,277;205;27;214;269;164;218;600;742;761
0,14243,14323,1,0,0,10,0,252;171;2;189;244;139;193;575;717;736
1,14122,14204,1,0,0,10,3,373;301;123;310;59;365;260;314;696;838
1,14123,14209,1,0,0,10,3,365;300;122;309;58;364;259;313;695;837
1,14373,14627,1,0,0,14,5,122;50;59;114;9;63;445;587;606;730;547;864;847;548
1,14377,14584,1,0,0,14,5,118;46;55;53;5;59;441;583;602;726;543;860;843;544
1,14269,14349,1,0,0,9,1,226;154;163;218;113;167;549;691;710
0,14330,14384,1,0,0,13,0,165;93;102;157;52;106;488;630;649;773;590;907;890
1,14461,14542,1,0,0,11,2,14;26;357;499;518;641;459;776;759;460;323
1,14468,14557,1,0,0,11,1,14;19;350;435;511;635;452;769;752;453;316
0,14402,14467,1,0,0,14,0,14;21;30;53;34;416;558;577;701;518;835;818;519;382
1,14438,14502,1,0,0,11,1,14;49;380;522;541;665;482;799;782;483;346
1,14657,14907,1,0,0,12,7,85;303;322;446;263;580;563;264;127;515;682;618
0,14754,14825,1,0,0,12,0,64;106;225;349;166;483;466;167;30;418;585;521
1,14519,14574,1,0,0,11,1,299;434;460;584;401;718;701;402;265;653;820
1,14575,14829,1,0,0,11,9,243;385;404;528;345;662;645;346;209;597;764
0,14963,15042,1,0,0,11,0,16;27;274;257;209;376;312;594;280;397;769
1,14928,15135,1,0,0,11,5,32;51;175;309;292;244;411;347;629;315;432
1,14991,15050,1,0,0,12,1,27;246;229;181;348;264;566;252;369;741;606;626
1,14966,15025,1,0,0,11,1,13;27;271;254;206;373;309;591;277;394;766
1,14860,14919,1,0,0,13,2,85;119;243;60;377;360;61;312;479;415;697;383;500
1,14825,14899,1,0,0,13,2,106;154;278;95;412;395;96;347;514;450;732;418;535
0,14906,14957,1,0,0,13,0,44;73;197;14;331;314;15;266;433;369;651;337;454
1,14887,15176,1,0,0,13,9,64;92;216;33;350;333;34;285;452;388;670;356;473
159
13451,14423,34.19,10
13384,14097,214.74,8
13649,14432,0.00,10
13539,14245,0.00,11
12998,13684,114.67,8
12986,13561,0.00,8
13370,14495,304.70,11
13127,13780,0.00,10
12870,13910,260.95,9
12841,13270,0.00,11
12928,13674,47.41,9
12919,13743,37.25,10
12526,13613,493.21,11
12490,13117,258.45,8
12794,13417,0.00,10
12654,13409,0.00,10
11820,12633,390.50,10
11892,12832,0.00,11
12327,13105,96.55,8
12462,13344,271.37,8
10763,11686,96.81,9
10846,11430,214.20,10
11410,12182,333.27,9
11595,12359,263.72,11
10417,11152,0.00,11
10534,11445,106.81,10
10548,11476,26.13,9
10654,11325,0.00,11
10275,10990,0.00,10
10282,10807,0.00,9
10346,10833,0.00,8
10393,11316,212.61,8
14983,15617,0.00,11
14968,15597,0.00,11
14956,15732,0.00,8
14778,15360,0.00,11
14776,15243,0.00,10
14769,15557,0.00,10
14500,15339,41.84,10
14635,15275,56.74,10
14396,14784,0.00,8
14484,15172,0.00,8
14322,15220,0.00,8
14333,14921,0.00,11
14284,14920,0.00,11
14316,15237,0.00,11
14216,14979,0.00,9
14273,15103,173.19,10
14068,14818,212.72,11
14089,14960,324.23,11
13810,14382,0.00,11
13818,14436,32.29,8
13684,14181,64.20,10
13737,14487,124.41,10
161,936,520.37,8
1104,1701,0.00,8
1135,1965,296.28,11
1157,1961,282.56,8
1200,1918,95.44,11
218,833,170.43,9
369,1068,99.91,11
608,1445,332.98,11
1090,1579,0.00,11
3177,3947,0.00,8
3390,4249,87.38,10
3131,3877,126.34,11
3133,3884,208.00,10
2964,3909,236.59,8
2983,3721,43.03,10
2516,3207,39.50,8
2818,3758,331.64,8
4633,5559,91.82,10
4705,5388,0.00,8
4475,5329,249.88,11
4511,5123,38.09,8
4231,4828,352.50,11
4429,5356,367.44,8
3746,4604,426.52,10
4031,4514,0.00,10
1826,2229,0.00,8
1693,2463,0.00,10
1575,2244,106.15,9
1454,1945,0.00,10
1436,2471,133.74,11
1308,1742,0.00,8
1308,2028,20.60,11
1266,1968,170.71,8
2506,3116,59.45,8
2504,3312,217.58,10
2476,3079,135.72,8
2396,2937,127.62,9
2351,2763,0.00,10
2107,2749,192.41,9
2006,2403,66.14,11
1863,2650,107.94,11
5938,6693,132.49,10
5973,6996,152.62,11
5993,7005,0.00,9
6019,6708,0.00,9
6288,6971,282.88,10
6292,7414,313.32,8
6536,7311,116.95,11
6588,7286,0.00,10
6595,7501,169.41,10
6598,7480,0.00,10
6729,7334,0.00,9
6784,7593,139.61,10
6952,7826,234.38,10
6984,7687,104.03,8
6995,7631,0.00,8
7034,7784,144.18,10
4866,5657,189.03,8
4735,5338,0.00,9
4899,5639,0.00,9
4887,5915,219.79,9
5037,5477,0.00,8
4978,5767,0.00,8
5178,5832,131.34,8
5127,5738,0.00,11
5466,6052,129.15,11
5404,5960,0.00,11
5614,6509,281.39,9
5507,6071,80.30,10
5732,6247,0.00,9
5648,6498,100.91,10
5897,6512,0.00,11
5863,6488,21.78,10
8472,9035,113.96,10
8632,9451,378.92,8
8264,8832,0.00,8
8378,9216,17.25,8
8968,9753,233.76,10
9345,9921,314.34,11
8652,9228,51.75,11
8705,9458,56.43,10
9680,10424,145.28,8
9698,10357,0.00,11
9372,10413,288.16,8
9461,9951,288.43,10
10040,10759,0.00,11
10191,11047,99.11,11
9922,10696,293.86,9
10008,10641,0.00,8
7446,8186,0.00,10
7333,8222,58.51,8
7331,8209,228.72,9
7240,8115,416.68,9
7739,8462,53.34,11
7645,8600,284.24,8
7610,8418,255.67,11
7486,8254,254.36,10
8024,8551,0.00,9
8023,8708,54.54,9
7978,8836,78.92,11
7750,8745,253.49,10
8263,8853,0.00,9
8212,8623,0.00,8
8152,8835,48.26,9
8038,9197,277.22,11
