100
1,2567,2834,1,0,0,8,4,90;230;376;584;578;697;708;489
1,2498,2567,1,0,0,7,1,60;159;299;445;653;647;766
0,2615,2675,1,0,0,9,0,42;182;280;536;530;649;521;441;323
1,2613,2684,1,0,0,9,1,44;184;330;538;532;651;521;443;325
1,2420,2495,1,0,0,7,2,6;138;237;345;523;731;725
0,2366,2424,1,0,0,7,0,60;192;291;345;538;785;779
0,2468,2529,1,0,0,6,0,90;189;329;475;683;677
0,2443,2508,1,0,0,6,0,115;214;345;489;708;702
0,2818,2871,1,0,0,9,0,125;333;327;411;457;238;120;598;383
1,2732,2796,1,0,0,9,3,65;211;419;413;411;521;324;206;684
1,2935,3161,1,0,0,9,3,8;216;210;329;340;121;3;423;266
1,2842,3045,1,0,0,9,5,101;309;303;411;433;214;96;574;359
1,2651,2878,1,0,0,10,6,6;146;280;500;494;613;521;405;287;765
1,2620,2673,1,0,0,9,1,37;177;280;531;525;644;521;436;318
1,2682,2889,1,0,0,9,6,115;261;469;463;439;521;374;256;734
0,2651,2722,1,16,0,10,0,6;146;280;500;494;439;521;405;287;765
1,3018,3103,1,0,0,10,3,133;127;246;125;38;395;183;634;824;642
0,3083,3137,1,0,0,9,0,68;62;181;125;333;118;569;824;577
1,3117,3174,1,0,0,10,2,34;28;147;125;299;84;535;824;543;532
1,3134,3208,1,16,0,10,1,17;11;130;125;282;67;518;824;523;515
0,2956,3018,1,0,0,7,0,195;189;308;125;100;423;245
1,2967,3044,1,0,0,8,1,184;178;297;125;89;423;234;685
1,3003,3080,1,0,0,9,1,148;142;261;125;53;413;198;649;1031
1,3015,3255,1,0,0,10,6,136;130;249;125;41;395;186;637;1019;645
1,3315,3584,1,0,0,5,4,101;337;451;345;334
0,3341,3405,1,0,0,5,0,75;311;451;307;308
1,3353,3643,1,0,0,5,2,63;299;451;307;296
0,3354,3424,1,0,0,5,0,62;130;451;306;295
1,3200,3268,1,0,0,8,2,64;75;216;1;452;824;460;449
1,3223,3281,1,0,0,7,2,41;52;193;429;811;429;426
1,3252,3452,1,0,0,7,2,12;23;164;400;782;383;397
1,3310,3590,1,0,0,5,5,106;342;699;350;339
1,1610,1890,1,0,0,13,5,49;63;15;69;137;84;189;351;309;269;558;447;816
1,1606,1685,1,0,0,13,3,53;67;19;73;141;88;193;351;320;273;558;451;820
0,1550,1601,1,0,0,12,0,109;123;75;129;197;144;249;351;347;329;558;507
1,1543,1598,1,0,0,12,2,116;130;82;136;204;151;256;351;364;336;558;514
1,1541,1599,1,0,0,12,2,118;132;84;138;206;153;258;351;385;338;558;516
1,1515,1741,1,0,0,11,2,144;158;110;164;232;179;284;351;411;364;710
1,1425,1687,1,0,0,10,8,234;248;200;254;322;269;367;538;501;454
1,1385,1627,1,0,0,9,5,274;288;240;294;362;309;414;538;541
1,1840,2095,1,0,0,7,4,188;86;39;385;217;586;607
1,1833,2041,1,0,0,7,3,195;93;46;392;224;593;725
1,1769,1844,1,0,0,7,2,30;259;142;110;456;279;657
1,1762,1830,1,0,0,7,1,37;266;164;117;463;279;664
1,1725,1791,1,0,0,8,2,22;74;303;201;154;500;279;701
1,1722,1798,1,0,0,8,2,25;77;306;204;157;503;335;704
1,1654,1705,1,0,0,12,2,5;19;25;93;40;145;351;272;225;558;403;704
0,1653,1703,1,0,0,12,0,6;20;26;94;41;146;351;273;226;558;404;704
0,1977,2223,1,0,0,5,0,51;248;80;321;581
0,2014,2097,1,0,0,5,0,14;211;43;321;544
0,1962,2047,1,16,0,5,0,66;263;95;321;596
0,1975,2042,1,0,0,5,0,53;250;82;321;583
1,1868,1947,1,0,0,7,1,144;58;11;357;189;321;607
0,1956,2194,1,0,0,5,0,72;269;101;321;602
1,1860,2141,1,0,0,7,3,168;66;19;365;197;354;607
1,1866,1935,1,0,0,7,1,162;60;13;359;191;321;607
0,2290,2374,1,0,0,6,0,136;268;367;345;653;861
1,2358,2427,1,0,0,7,2,68;200;299;345;585;793;787
0,2241,2323,1,0,0,5,0,185;317;416;556;700
1,2269,2483,1,0,0,5,2,157;289;388;528;674
1,2197,2408,1,0,0,6,2,28;229;361;460;600;746
0,2219,2275,1,0,0,6,0,6;207;339;438;578;700
1,2142,2207,1,0,0,5,2,83;284;416;515;655
1,2145,2208,1,0,0,5,2,80;281;400;512;652
1,524,762,1,0,0,10,5,393;207;472;170;265;388;531;676;555;711
1,535,607,1,0,0,11,1,382;196;472;159;254;377;531;444;544;700;1124
1,635,686,1,0,0,14,2,282;96;380;59;154;277;506;444;444;600;1024;558;703;708
1,637,886,1,0,0,14,9,280;94;378;57;152;275;470;444;442;598;1022;556;701;706
1,692,743,1,0,0,14,2,225;39;323;2;97;220;449;444;387;543;967;501;646;597
1,706,781,1,0,0,13,2,211;25;309;83;206;435;444;373;529;953;487;632;592
1,834,1064,1,0,0,11,4,83;181;78;307;366;245;401;825;359;504;509
1,843,902,1,0,0,11,2,74;172;69;298;357;236;392;816;350;344;500
1,307,594,1,0,0,7,6,525;424;507;387;482;605;834
1,331,616,1,0,0,7,6,525;400;507;363;458;581;558
1,349,428,1,0,0,7,1,525;382;507;345;440;563;531
1,368,654,1,0,0,7,5,525;363;507;309;421;544;531
1,372,457,1,0,0,7,1,525;359;472;309;417;540;531
1,392,463,1,0,0,7,1,525;339;472;295;397;520;531
1,412,497,1,0,0,8,2,505;319;472;282;377;500;531;788
1,433,502,1,0,0,8,2,484;298;472;261;356;479;531;725
0,1170,1248,1,0,0,11,0,30;65;480;23;168;173;503;455;509;548;524
1,1144,1368,1,0,0,10,6,56;91;480;49;194;199;529;481;535;565
1,1246,1515,1,0,0,10,6,413;92;97;427;379;433;501;448;553;782
1,1210,1286,1,0,0,10,2,25;449;128;133;463;415;469;537;484;589
1,1279,1333,1,16,0,11,4,380;59;64;394;346;400;468;415;520;538;647
1,1271,1479,1,0,0,11,7,388;67;72;402;354;408;476;423;528;604;655
0,1329,1389,1,0,0,11,0,330;9;14;344;296;350;418;365;470;538;597
0,1314,1383,1,0,0,11,0,345;24;29;359;311;365;433;380;485;538;612
1,988,1040,1,0,0,10,2,27;153;212;91;247;671;205;344;355;685
1,925,987,1,0,0,9,2,90;216;275;154;310;734;268;344;418
0,1023,1078,1,0,0,10,0,118;177;56;212;480;170;303;320;650;602
1,1004,1248,1,0,0,10,7,11;137;196;75;231;655;189;303;339;669
0,1041,1101,1,0,0,10,0,100;159;38;194;480;152;297;302;632;584
0,1032,1106,1,0,0,10,0,109;168;47;203;480;161;303;311;641;593
1,1131,1210,1,0,0,11,2,10;69;104;480;62;207;212;542;494;548;616
1,1065,1118,1,0,0,10,2,76;135;14;170;480;128;273;278;608;560
1,299,597,1,0,0,6,5,525;432;716;395;490;613
0,235,315,1,0,0,4,0,525;496;780;459
1,200,425,1,0,0,3,1,717;531;815
0,35,319,1,0,0,0,0,
43
2961,3652,169.67,9
2743,3201,0.00,10
2641,3416,217.30,8
2586,2938,0.00,8
3359,4119,0.00,9
3084,3649,0.00,9
3006,3660,194.99,10
2989,4034,526.93,10
2285,3151,0.00,9
2158,2943,179.23,11
2058,2797,197.05,11
2032,2657,0.00,9
2540,3056,0.00,8
2538,3275,411.64,11
2474,3264,234.23,9
2308,3145,0.00,10
1271,1926,187.11,9
1406,1879,0.00,8
1203,1799,47.52,9
1230,2028,450.78,11
1564,2426,378.13,10
1783,2558,148.89,9
1472,2225,152.17,11
1537,2057,57.95,8
622,1343,179.68,9
984,1673,0.00,9
542,1193,0.00,9
550,1338,201.60,10
1082,1747,86.91,11
1165,1694,0.00,8
1023,1625,0.00,11
1079,1679,0.00,9
128,731,0.00,11
171,1015,244.32,9
99,917,199.49,11
510,1235,0.00,9
530,1659,229.77,9
396,1200,303.34,11
463,1079,0.00,9
297,912,37.81,9
304,1141,339.85,11
209,694,50.22,11
289,789,0.00,9
