500
1,14991,15050,1,0,0,12,1,112;202;229;181;239;284;421;252;369;741;606;626
1,14966,15025,1,0,0,11,1,13;137;202;254;206;239;309;421;277;394;766
1,14963,15042,1,0,0,11,1,16;140;274;257;209;239;312;421;280;397;769
1,14928,15135,1,0,0,11,3,32;51;175;309;292;244;411;347;421;315;432
1,14402,14467,1,0,0,14,1,93;21;30;85;34;416;558;577;512;434;835;818;519;382
0,14438,14502,1,0,0,11,0,46;49;380;522;541;512;434;799;782;483;346
1,14461,14542,1,0,0,11,2,34;26;357;499;518;512;434;776;759;460;323
1,14468,14557,1,0,0,11,1,27;19;350;492;511;512;381;769;752;453;316
1,14269,14349,1,0,0,9,3,226;154;163;218;113;167;549;691;710
0,14330,14384,1,0,0,13,0,165;93;102;157;52;106;488;630;649;773;590;907;890
1,14373,14627,1,0,0,14,4,122;50;59;114;9;63;445;587;606;730;547;864;847;548
1,14377,14584,1,0,0,14,3,118;46;55;110;5;59;441;583;602;512;543;860;843;544
1,14825,14899,1,0,0,13,1,135;154;278;95;412;395;96;347;514;450;732;418;535
1,14860,14919,1,0,0,13,1,100;119;243;60;377;360;61;312;479;415;697;383;500
1,14887,15176,1,0,0,13,9,73;92;216;33;350;333;34;285;452;388;670;356;473
0,14906,14957,1,0,0,13,0,54;73;197;14;331;314;15;266;433;369;421;337;454
1,14519,14574,1,0,0,11,1,299;441;460;512;381;718;701;402;265;653;820
1,14575,14829,1,0,0,11,7,243;385;404;512;345;662;645;346;209;597;764
1,14657,14907,1,0,0,12,7,161;303;322;446;263;442;563;264;127;515;682;618
1,14754,14825,1,0,0,12,2,64;206;225;349;166;442;466;167;30;418;585;521
1,13868,13952,1,0,0,10,1,42;627;229;555;317;564;313;619;514;568
0,13817,13877,1,0,0,9,0,93;678;280;606;317;615;364;637;565
1,13977,14028,1,0,0,9,2,518;120;395;268;455;204;510;405;459
1,13927,14149,1,0,0,9,5,568;170;496;317;505;249;560;455;509
1,13781,14049,1,0,0,8,5,129;714;316;642;464;651;400;706
0,13728,13779,1,0,0,9,0,182;15;52;767;357;695;517;704;453
1,13791,13866,1,0,0,8,1,119;704;306;632;317;641;390;641
1,13787,14077,1,0,15,8,5,123;708;310;636;317;645;394;700
1,14123,14209,1,0,0,10,3,372;300;122;309;58;364;229;313;695;796
1,14122,14204,1,0,0,10,5,373;301;123;310;59;365;229;314;696;838
0,14243,14323,1,0,0,10,0,252;180;2;189;244;139;193;575;717;736
0,14218,14278,1,0,0,10,0,277;205;27;214;269;164;218;600;742;761
0,14012,14082,1,0,0,9,0,483;85;392;233;420;169;475;370;390
1,14003,14092,1,0,0,9,3,492;94;392;242;429;178;484;379;433
1,14034,14116,1,0,0,9,2,461;63;389;211;398;147;453;229;390
1,14029,14234,1,0,0,9,4,466;68;392;216;403;152;458;353;390
1,12508,12566,1,0,0,5,2,125;324;597;836;609
0,12474,12530,1,0,0,4,0,159;355;631;870
0,12418,12480,1,0,0,3,0,215;355;687
1,12345,12426,1,0,0,4,2,14;288;355;760
1,12257,12484,1,0,0,3,2,102;376;554
1,12242,12327,1,0,0,3,1,117;391;590
0,12228,12297,1,0,0,3,0,131;405;604
1,12206,12281,1,0,0,3,1,153;427;608
1,12790,12840,1,0,0,6,1,42;315;554;327;773;564
0,12752,12805,1,0,0,6,0,80;353;592;365;773;564
1,12750,13044,1,0,0,6,2,82;355;594;367;773;659
1,12735,13026,1,0,0,6,6,97;370;609;382;878;674
0,12601,12653,1,0,0,6,0,32;231;504;743;516;1012
0,12579,12642,1,0,0,6,0,54;253;526;765;538;1034
0,12577,12646,1,0,0,6,0,56;255;528;767;540;1036
0,12538,12601,1,0,0,6,0,95;294;567;806;579;1075
0,11913,11994,1,0,0,4,0,269;386;720;919
1,11997,12050,1,0,0,4,1,185;362;636;835
1,11874,12095,1,0,0,3,1,308;405;748
0,11903,11977,1,0,0,4,0,279;386;730;929
0,11821,11890,1,0,0,3,0,353;405;812
1,11825,11894,1,0,0,3,1,353;405;808
1,11761,11995,1,0,0,2,1,368;405
1,11783,11861,1,0,0,2,1,367;405
1,12175,12463,1,0,0,4,2,7;184;458;657
1,12179,12435,1,0,0,4,2,3;180;454;615
0,12150,12237,1,0,0,4,0,32;209;483;682
0,12170,12247,1,0,0,4,0,12;189;463;662
0,12071,12151,1,0,0,4,0,111;288;562;761
1,12127,12211,1,0,0,4,1,55;232;506;705
1,12016,12073,1,0,0,4,2,160;343;617;816
1,12024,12239,1,0,0,4,1,158;335;609;763
1,13452,13524,1,0,0,10,1,161;443;291;222;109;201;328;859;645;971
1,13449,13533,1,0,0,9,2,164;443;294;225;112;235;331;859;648
1,13520,13737,1,0,0,10,3,93;390;203;154;41;164;260;859;577;903
1,13514,13568,1,0,0,10,1,99;396;229;160;47;170;266;859;583;909
1,13392,13461,1,0,0,11,1,221;17;25;443;344;282;169;292;388;1103;705
1,13388,13460,1,0,0,11,1,225;21;29;443;355;286;173;296;392;1107;709
1,13397,13658,1,16,0,11,6,216;12;20;443;337;277;164;287;383;1098;700
1,13397,13448,1,0,0,11,1,216;12;20;443;337;277;164;287;383;859;700
1,13629,13706,1,0,0,9,1,281;114;45;55;149;859;454;794;616
1,13625,13676,1,0,0,9,2,284;118;49;59;155;859;454;798;620
0,13713,13763,1,0,0,9,0,197;30;67;782;357;710;532;719;468
1,13705,13756,1,0,0,9,2,205;38;75;790;392;718;540;727;476
1,13603,13672,1,0,0,10,1,10;307;140;71;81;177;859;494;820;642
1,13570,13630,1,0,0,10,1,43;340;173;104;114;193;859;527;853;675
0,13614,13694,1,0,0,9,0,284;129;60;70;166;859;454;809;631
1,13607,13657,1,0,0,10,1,6;284;136;67;77;173;859;490;816;638
1,12961,13253,1,15,0,10,9,144;383;156;652;448;375;309;887;782;713
1,13024,13085,1,0,0,12,4,81;320;93;589;385;375;246;661;719;650;537;660
1,13114,13391,1,0,0,11,8,230;3;499;295;303;156;661;629;560;447;570
1,13164,13236,1,0,0,11,1,180;449;245;253;106;661;526;510;397;520;616
1,12842,13073,1,0,0,7,5,263;502;275;771;554;575;428
0,12916,12986,1,0,0,8,0,189;428;201;697;493;375;354;994
1,12928,12988,1,0,0,10,1,177;416;189;685;481;375;342;982;815;746
1,12938,13025,1,0,0,10,3,167;406;179;675;471;375;332;972;805;733
1,13277,13340,1,0,0,10,2,67;336;132;140;591;466;397;284;407;503
1,13334,13417,1,0,0,10,4,10;279;75;83;576;409;340;227;350;446
1,13341,13612,1,0,0,10,5,3;272;68;76;551;402;333;220;343;439
1,13356,13428,1,0,0,9,1,257;53;61;443;387;318;205;328;424
1,13231,13308,1,0,0,11,4,113;382;178;186;39;661;512;443;330;453;549
1,13244,13298,1,0,0,11,1,100;369;165;173;26;642;499;430;317;440;536
1,13272,13359,1,0,0,10,4,72;341;137;145;638;471;402;289;412;508
1,13274,13493,1,0,0,10,4,70;339;135;143;602;469;400;287;410;506
1,10158,10215,1,0,0,6,1,255;238;199;538;334;601
0,10130,10189,1,0,0,6,0,283;238;227;566;334;629
1,10112,10391,1,0,0,6,3,301;238;228;584;529;647
1,10068,10149,1,0,0,6,1,345;238;276;628;573;691
1,10288,10363,1,0,0,9,3,125;136;49;408;334;471;676;702;519
1,10273,10324,1,0,0,7,1,140;151;84;423;334;486;676
1,10217,10271,1,0,0,7,2,196;207;140;479;334;542;676
1,10206,10465,1,0,16,7,4,207;218;151;490;334;553;841
0,10395,10448,1,0,0,10,0,18;29;301;246;364;652;595;412;438;921
0,10370,10446,1,0,0,9,0,43;54;326;271;389;676;620;437;463
1,10311,10524,1,0,0,9,3,102;113;46;385;330;448;676;679;496
0,10298,10367,1,0,0,9,0,115;126;49;393;334;461;676;692;509
1,10768,10851,1,0,0,10,2,279;222;39;65;548;384;677;708;557;918
0,10619,10689,1,0,0,11,0,77;22;140;428;371;188;214;697;533;826;857
0,10597,10675,1,0,0,11,0,99;44;162;450;393;210;236;719;555;848;879
0,10424,10508,1,0,0,10,0,0;272;217;335;623;566;383;409;892;728
1,9702,9985,1,0,0,6,3,51;219;679;199;722;655
1,9704,9986,1,0,0,6,3,49;217;679;199;720;479
1,9658,9731,1,0,0,4,1,95;263;679;293
1,9676,9965,1,0,0,4,2,77;245;679;233
1,9744,9816,1,0,0,6,1,9;177;656;181;512;479
1,9875,9964,1,0,0,5,1,46;538;76;512;479
1,9713,9767,1,0,0,6,1,40;208;679;199;512;479
1,9738,9810,1,0,0,6,1,15;183;656;199;512;479
1,9941,9994,1,0,0,5,1,472;10;483;276;755
1,9944,10163,1,0,0,5,3,434;7;480;276;752
1,9884,10114,1,0,0,5,2,37;515;67;512;473
0,9909,9968,1,0,0,5,0,12;504;42;512;276
0,9995,10080,1,0,0,4,0,418;238;276;662
0,10014,10093,1,0,0,5,0,399;238;276;662;627
1,9952,10209,1,0,0,4,1,434;472;276;662
0,9956,10008,1,0,0,4,0,434;238;276;662
1,11397,11468,1,0,0,4,3,48;79;289;8
1,11390,11457,1,0,16,4,1,55;86;296;40
0,11412,11488,1,0,0,5,0,33;64;269;8;770
0,11409,11472,1,0,0,4,0,36;67;269;8
0,11455,11717,1,0,0,3,0,21;231;712
1,11426,11511,1,0,0,5,3,19;50;260;4;756
0,11523,11600,1,0,0,2,0,163;463
1,11459,11723,1,0,0,3,1,17;227;712
0,11542,11595,1,0,0,2,0,144;440
1,11536,11786,1,0,0,2,1,150;463
1,11589,11880,1,0,0,2,1,97;440
0,11543,11607,1,0,0,2,0,143;440
1,11694,11767,1,0,0,2,1,397;665
1,11605,11838,1,0,0,3,1,81;440;754
1,11724,11977,1,0,0,2,1,368;635
0,11713,11773,1,0,0,2,0,368;646
1,10804,10888,1,0,0,10,2,243;186;3;29;512;348;641;672;521;882
0,10807,10876,1,0,0,10,0,240;183;0;26;509;345;638;641;518;879
0,10892,10977,1,0,0,9,0,155;98;424;260;553;584;433;794;538
1,10894,11170,1,0,0,9,7,153;96;422;258;551;582;431;792;536
1,10913,11188,1,0,0,9,5,134;77;403;239;532;563;412;686;517
1,10977,11057,1,0,0,9,3,70;13;339;175;468;499;348;686;320
0,11054,11140,1,0,0,7,0,262;98;391;422;271;632;320
0,11111,11168,1,0,0,7,0,205;41;334;365;214;575;319
1,11122,11207,1,0,0,7,1,194;30;323;354;203;564;308
0,11154,11232,1,0,0,6,0,162;291;322;171;532;259
0,11187,11249,1,0,0,6,0,129;258;289;138;499;243
1,11191,11255,1,0,0,6,1,125;254;285;134;495;239
1,11197,11275,1,0,0,6,1,109;248;279;128;489;233
1,11232,11433,1,0,0,6,1,84;213;244;93;454;198
1,11265,11562,1,0,0,6,3,51;180;211;60;421;50
0,11293,11375,1,0,0,6,0,23;152;183;32;393;50
1,8612,8691,1,0,0,10,3,133;221;96;585;223;11;172;220;592;410
1,8620,8691,1,0,0,10,2,125;216;88;577;215;3;172;143;592;410
1,8585,8638,1,0,0,11,2,15;160;251;105;612;250;38;172;247;592;450
1,8591,8659,1,0,0,11,2,9;154;221;105;606;244;32;172;241;592;444
1,8506,8560,1,0,0,12,2,94;239;330;105;45;691;329;117;172;326;627;529
1,8531,8735,1,0,0,12,3,69;214;305;105;20;666;304;92;172;301;627;477
1,8455,8682,1,0,0,12,3,145;7;290;381;105;96;742;380;168;398;377;761
1,8464,8745,1,0,0,11,5,136;281;372;105;87;733;371;159;172;368;752
1,8426,8640,1,0,0,12,2,174;36;319;410;282;125;771;409;197;427;406;790
0,8432,8496,1,0,0,12,0,168;30;313;404;105;119;765;403;191;421;400;784
1,8326,8387,1,0,0,12,5,92;274;136;419;438;382;225;871;509;297;527;506
1,8339,8428,1,0,0,12,6,79;261;123;406;438;369;212;858;496;248;514;493
1,8270,8333,1,0,0,12,1,148;330;192;475;438;438;281;898;565;353;583;562
0,8304,8373,1,0,0,12,0,114;296;158;441;438;384;247;893;531;319;549;528
1,8201,8274,1,0,0,12,5,8;21;53;217;399;261;544;614;507;350;898;634
1,8226,8430,1,0,0,11,4,28;192;374;236;519;610;482;325;898;609;397
1,8182,8265,1,0,0,13,1,27;40;4;72;236;418;280;563;614;526;369;898;653
1,8131,8198,1,0,0,12,5,78;91;55;123;287;469;331;614;614;577;420;898
1,8095,8324,1,0,0,13,7,20;114;127;91;159;323;505;367;650;741;613;456;898
1,8048,8307,1,0,0,13,7,67;161;174;138;206;370;552;374;697;788;660;503;1149
1,8032,8090,1,0,0,12,2,83;177;190;154;222;386;568;399;713;804;676;519
1,8013,8073,1,0,0,10,2,102;196;209;173;241;405;584;417;718;823
1,8007,8089,1,0,0,10,2,104;202;215;179;247;411;584;455;738;829
1,8007,8068,1,0,0,10,1,104;202;215;179;247;411;584;417;738;829
1,7995,8057,1,0,0,10,5,104;214;227;191;259;411;605;467;750;841
1,7989,8041,1,0,0,10,2,104;220;233;197;265;429;611;473;756;847
1,7982,8050,1,0,0,10,1,132;227;240;204;272;436;618;480;763;854
1,7967,8031,1,0,0,9,1,148;242;255;219;287;451;633;495;778
1,7921,7986,1,0,0,9,2,194;288;301;265;333;497;679;541;824
1,7866,7921,1,0,0,9,5,249;343;356;320;388;552;734;551;843
1,7863,8114,1,0,0,9,3,252;346;359;323;391;555;737;599;843
1,7813,7883,1,0,0,10,1,13;302;396;409;373;441;605;787;649;843
1,9558,9613,1,0,0,4,1,195;363;855;393
0,9568,9623,1,0,0,4,0,159;353;845;383
1,9584,9669,1,0,0,4,1,159;337;829;367
1,9631,9845,1,0,0,4,1,122;283;782;320
0,9399,9465,1,0,0,5,0,52;59;311;522;1014
0,9402,9491,1,0,0,5,0,49;56;311;519;1011
1,9481,9546,1,0,0,4,1,272;440;932;470
1,9508,9569,1,0,0,4,1,245;400;905;443
1,9262,9517,1,0,0,3,1,189;196;455
1,9271,9527,1,0,0,3,1,180;187;430
1,9292,9565,1,0,0,3,1,159;166;312
0,9351,9408,1,0,0,4,0,100;107;311;570
1,9094,9379,1,0,0,6,4,103;122;357;134;364;576
0,9131,9188,1,0,0,6,0,66;85;320;97;327;455
1,9160,9228,1,0,0,6,3,37;56;291;68;298;455
0,9251,9313,1,0,0,3,0,200;207;455
0,8990,9047,1,0,0,7,0,207;226;45;461;238;468;763
1,8969,9022,1,0,0,7,2,228;247;66;482;250;489;784
1,9051,9115,1,0,0,6,3,146;165;400;177;407;576
1,9003,9232,1,0,0,7,3,194;213;32;448;225;455;750
1,8885,8958,1,0,0,6,2,312;314;150;566;343;573
1,8883,8962,1,0,0,6,1,314;333;152;568;345;575
1,8936,8992,1,0,0,6,1,261;280;99;505;250;522
1,8902,8988,1,0,0,6,2,295;314;133;505;326;556
1,8728,8790,1,0,0,11,1,17;108;469;107;125;104;488;307;723;500;730
1,8693,8766,1,0,0,11,1,52;143;15;504;142;160;139;523;330;758;535
1,8860,8943,1,0,0,6,1,337;356;175;591;368;598
1,8729,8817,1,0,0,11,2,16;107;468;106;124;103;487;306;722;449;729
0,8658,8709,1,0,0,11,0,87;178;50;539;177;172;143;558;371;793;570
1,8652,8710,1,0,0,11,1,93;184;56;545;183;172;143;564;371;799;576
1,8685,8768,1,16,0,11,2,60;151;23;512;150;168;143;524;350;766;543
1,8671,8742,1,0,0,11,1,74;165;37;526;164;172;143;545;364;780;557
1,6870,6937,1,0,0,10,1,126;135;101;448;441;416;399;586;464;723
0,6887,6957,1,0,0,10,0,109;118;84;448;424;399;399;573;447;706
1,6791,7007,1,0,0,10,4,205;214;180;448;447;495;710;689;543;802
1,6851,7135,1,0,0,10,6,145;154;120;448;447;435;650;586;483;742
1,6939,6998,1,0,0,10,3,57;66;32;448;372;347;399;541;395;401
1,6982,7240,1,0,0,10,5,14;23;432;329;304;399;498;352;401;844
1,6889,6960,1,0,0,10,1,107;116;82;448;422;397;399;573;445;704
1,6936,7216,1,0,0,10,4,60;69;35;448;375;350;399;544;398;657
0,6621,6710,1,0,0,10,0,72;261;351;87;350;793;690;665;880;859
1,6644,6698,1,0,0,10,1,49;261;351;64;327;760;667;642;857;836
0,6591,6654,1,0,0,8,0,102;261;351;117;368;797;720;695
1,6621,6694,1,0,0,10,2,72;261;351;87;350;793;690;665;880;859
1,6747,6976,1,0,0,9,4,249;258;224;667;564;539;754;733;587
1,6757,6975,1,0,0,9,1,239;248;214;657;447;529;744;723;577
1,6681,6763,1,0,0,10,1,12;261;324;27;290;733;621;605;820;799
1,6687,6748,1,0,0,10,1,6;261;318;21;236;727;621;599;814;793
0,6489,6560,1,0,0,9,0,20;9;23;204;261;351;219;482;925
1,6481,6549,1,0,0,10,3,28;17;7;31;212;261;351;227;490;933
1,6476,6769,1,0,0,10,3,33;22;12;36;217;295;351;232;495;938
1,6459,6683,1,15,0,10,4,50;39;29;53;228;295;546;249;496;955
1,6585,6664,1,0,0,7,2,108;261;351;123;368;829;726
1,6580,6661,1,0,0,7,1,113;261;351;128;391;834;731
0,6533,6583,1,0,0,6,0,160;261;351;175;438;881
0,6495,6556,1,0,0,9,0,14;3;17;198;261;351;213;476;919
1,6362,6439,1,0,16,10,4,147;136;126;150;331;634;643;346;507;1052
1,6355,6580,1,0,0,10,3,154;143;133;157;338;641;650;353;616;1059
1,6314,6365,1,0,0,10,1,195;184;174;198;379;682;691;394;657;1100
0,6258,6334,1,0,0,8,0,251;240;218;254;435;738;747;450
1,6458,6704,1,0,0,10,3,51;40;30;54;228;538;547;250;496;956
1,6445,6514,1,0,0,10,2,64;53;43;67;228;551;560;263;507;969
1,6441,6505,1,0,0,10,4,68;57;47;71;252;555;564;267;507;973
1,6398,6463,1,0,0,10,1,111;100;90;114;295;598;607;310;507;981
1,7649,7737,1,0,0,10,5,147;38;135;439;560;573;537;589;667;951
1,7657,7716,1,16,0,10,1,147;30;127;439;552;565;529;589;667;898
1,7707,7784,1,0,0,9,1,119;77;408;502;515;479;547;667;893
1,7707,7921,1,0,0,9,1,119;77;408;502;515;479;547;658;893
1,7708,7784,1,0,0,9,1,118;76;407;501;514;478;546;627;892
1,7750,7965,1,0,0,11,4,76;34;365;459;472;436;504;623;850;712;995
1,7787,8085,1,0,0,10,10,39;328;422;435;399;467;623;813;675;865
1,7804,7867,1,0,0,10,1,22;311;405;418;382;450;614;796;658;845
0,7486,7556,1,0,0,11,0,15;107;340;201;145;298;439;723;706;700;768
0,7523,7602,1,0,0,10,0,70;303;164;108;261;439;686;699;663;731
1,7558,7784,1,0,0,10,5,35;268;129;73;226;439;651;664;628;696
0,7575,7647,1,0,0,10,0,18;251;112;56;209;439;634;647;611;589
0,7594,7665,1,0,0,9,0,232;93;37;190;439;615;628;592;589
0,7623,7689,1,0,0,10,0,203;64;8;161;439;586;599;563;589;795
1,7633,7708,1,0,0,9,2,193;54;151;439;576;589;553;589;785
1,7644,7918,1,0,0,9,4,147;43;140;439;565;578;542;589;774
0,7183,7239,1,0,0,11,0,231;128;103;318;297;151;394;624;504;350;601
1,7130,7344,1,0,0,11,3,284;181;156;371;350;204;394;624;557;501;654
1,7335,7618,1,0,0,11,9,79;166;145;258;491;352;296;449;780;874;887
1,7283,7353,1,0,0,12,1,131;28;3;218;197;51;310;543;404;348;501;832
1,7463,7536,1,0,0,11,4,38;17;130;363;224;168;321;651;746;759;723
1,7412,7476,1,0,0,11,4,2;89;68;181;414;275;219;372;666;797;810
1,7483,7729,1,0,0,10,7,18;110;343;204;148;301;632;726;706;703
0,7480,7542,1,0,0,11,0,21;0;113;346;207;151;304;635;729;706;706
1,7017,7075,1,0,0,10,1,397;294;269;399;463;317;394;624;670;614
1,6994,7057,1,0,0,11,2,2;11;420;317;292;399;486;340;401;624;693
1,7065,7148,1,0,0,11,2,349;246;221;387;415;269;394;624;622;566;719
1,7051,7128,1,0,0,11,2,363;260;235;387;429;283;394;624;636;580;733
1,7087,7148,1,0,0,11,2,327;224;199;387;371;247;394;624;600;544;697
1,7078,7130,1,0,0,11,1,336;233;208;387;402;256;394;624;609;553;697
0,7111,7185,1,0,0,11,0,303;200;175;387;364;223;394;624;576;520;673
1,7095,7160,1,0,0,11,1,319;216;191;387;371;239;394;624;592;536;689
1,4487,4551,1,0,0,5,2,117;6;341;862;842
0,4492,4576,1,0,0,5,0,112;6;336;815;837
1,4538,4590,1,0,0,5,1,66;290;815;791;585
0,4545,4745,1,15,0,5,0,33;283;811;784;578
1,4386,4463,1,0,0,3,1,201;124;442
1,4436,4496,1,0,0,4,1,168;78;392;920
1,4449,4524,1,0,0,4,2,125;65;379;907
1,4471,4546,1,16,0,4,1,125;43;357;862
0,4592,4657,1,0,0,5,0,12;135;764;531;531
1,4636,4695,1,0,0,5,4,135;720;531;487;923
0,4706,4936,1,0,0,6,0,122;650;531;417;853;682
1,4723,4805,1,0,0,6,1,105;633;531;400;836;665
0,4554,4604,1,0,0,5,0,33;274;802;775;569
1,4566,4843,1,0,0,5,4,33;262;790;763;557
1,4576,4660,1,0,0,5,3,28;252;780;531;547
1,4579,4798,1,0,0,5,4,25;170;777;531;544
1,4825,4876,1,0,0,7,2,3;531;504;298;710;416;513
1,4815,5067,1,0,0,7,5,13;541;513;308;710;573;523
1,4855,4926,1,0,0,6,2,501;474;268;704;416;483
0,4850,4922,1,0,0,6,0,506;479;273;709;416;488
0,4760,4827,1,0,0,7,0,68;596;513;363;799;628;578
0,4752,4823,1,0,0,7,0,76;604;513;371;807;636;586
1,4785,4859,1,0,0,7,1,43;571;513;338;774;603;553
0,4785,4843,1,0,0,7,0,43;571;513;338;710;603;553
1,5042,5130,1,0,0,11,1,306;287;81;517;346;296;615;733;597;725;435
1,4987,5072,1,0,0,10,3,369;342;136;572;401;351;670;733;652;780
1,5057,5112,1,0,0,11,1,299;272;66;502;331;281;600;733;515;642;420
1,5044,5256,1,0,0,11,7,306;285;79;515;344;294;613;733;515;723;433
1,4888,4939,1,0,0,8,2,468;441;235;671;416;450;764;1027
1,4874,4956,1,0,0,7,2,482;455;249;685;416;464;783
1,4954,5201,1,0,0,9,4,402;375;169;605;416;384;703;961;685
0,4932,5008,1,0,0,9,0,424;397;191;627;416;406;725;983;707
1,5396,5667,1,0,0,8,5,163;261;519;243;371;81;342;375
1,5421,5502,1,0,0,9,3,138;236;494;218;346;56;251;375;539
1,5301,5371,1,0,0,12,3,55;28;258;87;37;356;614;338;466;176;437;531
1,5376,5459,1,0,0,9,3,183;12;281;539;263;391;101;362;456
1,5133,5185,1,0,0,11,2,223;196;426;255;205;524;722;506;634;344;605
1,5243,5299,1,0,0,12,3,113;86;316;145;95;414;672;396;524;234;495;589
1,5110,5179,1,0,0,11,3,246;219;13;449;278;228;547;733;515;642;367
1,5125,5211,1,0,0,10,2,231;204;434;263;213;532;733;514;642;352
1,5666,5751,1,0,0,9,2,249;101;72;166;247;386;363;843;805
1,5692,5754,1,0,0,9,1,223;75;46;140;247;338;363;817;805
1,5633,5865,1,0,0,10,4,24;282;6;134;105;199;247;419;438;876
1,5661,5737,1,0,0,9,5,254;106;77;171;247;391;363;848;837
1,5572,5783,1,0,16,9,5,85;343;67;195;166;260;388;480;499
1,5584,5660,1,0,0,9,1,73;331;55;183;154;248;247;468;487
1,5491,5578,1,0,0,9,2,68;166;424;148;276;247;341;469;561
1,5527,5578,1,0,0,10,1,32;130;388;112;240;211;305;433;525;544
1,5934,6216,1,0,0,8,6,26;118;137;440;564;313;554;578
1,5874,5939,1,0,0,8,1,41;86;178;197;440;624;373;614
1,5859,6125,1,0,0,7,2,56;101;193;212;576;639;388
1,5856,5936,1,0,0,7,1,59;104;196;215;653;642;391
0,5751,5814,1,0,0,9,0,164;16;81;209;301;320;758;747;496
1,5741,5806,1,0,0,9,5,174;26;91;219;311;330;768;757;506
0,5733,5784,1,0,0,10,0,182;34;5;99;227;319;338;776;765;514
1,5709,5772,1,0,0,9,1,206;58;29;123;247;338;362;800;789
1,6257,6339,1,0,0,8,1,252;241;218;255;436;739;748;451
1,6234,6296,1,0,0,9,1,275;264;13;254;278;459;762;771;474
1,6162,6240,1,0,0,9,3,347;336;85;326;339;531;834;843;546
1,6110,6193,1,0,0,9,1,399;388;137;378;339;562;886;895;598
1,6061,6140,1,0,0,10,2,10;440;437;186;427;339;632;935;944;647
0,6014,6081,1,0,0,10,0,38;57;440;484;233;471;339;679;982;991
0,5987,6052,1,0,0,9,0,65;84;440;511;260;471;339;706;1009
1,5986,6060,1,0,0,9,1,66;85;440;512;261;502;339;707;1010
1,2759,2990,1,0,0,6,4,4;178;320;553;357;448
0,2789,2840,1,0,0,5,0,148;290;447;327;418
1,2816,3023,1,0,0,5,5,121;263;447;300;391
1,2821,2875,1,0,0,6,1,116;258;447;295;243;937
0,2828,2900,1,0,0,6,0,109;251;392;288;243;930
1,2853,2937,1,15,0,6,2,84;226;392;263;243;905
0,2854,2940,1,0,0,6,0,83;225;392;181;243;904
0,2908,2983,1,0,0,6,0,29;171;392;181;243;850
1,2952,3183,1,0,0,5,1,127;360;164;243;806
1,2966,3261,1,0,0,6,3,113;346;150;241;644;943
1,3002,3082,1,0,15,7,2,77;310;114;205;644;907;719
0,3004,3086,1,0,0,7,0,75;308;112;203;644;905;644
1,3016,3102,1,0,0,7,1,63;296;100;191;644;893;644
1,3073,3292,1,0,0,7,1,6;239;43;134;644;836;644
1,3094,3162,1,0,0,6,1,23;22;113;644;815;627
1,3112,3389,1,0,0,6,4,23;4;95;641;797;609
1,3245,3304,1,0,0,7,1,23;513;602;476;632;639;702
1,3197,3259,1,0,0,8,1,23;10;561;602;524;680;687;750
1,3310,3608,1,0,0,7,6,2;448;586;411;567;574;637
1,3248,3310,1,0,0,7,2,23;510;602;473;579;636;699
1,3472,3550,1,0,0,7,1,286;437;249;405;412;475;777
1,3369,3429,1,0,0,6,2,389;540;352;508;515;514
1,3488,3554,1,0,0,7,1,270;395;233;389;340;459;761
1,3482,3551,1,0,0,7,3,276;427;239;395;340;465;767
1,3510,3720,1,0,0,7,3,248;374;211;364;340;437;739
1,3508,3578,1,0,0,7,3,250;395;213;364;340;439;741
1,3549,3609,1,0,0,7,2,209;360;172;328;335;398;668
1,3517,3591,1,0,0,7,1,241;374;204;360;340;430;668
1,3585,3813,1,0,0,7,4,173;324;136;292;299;362;661
1,3557,3617,1,0,0,7,3,201;352;164;320;327;390;661
0,3608,3662,1,0,0,7,0,150;291;113;269;276;339;641
1,3591,3654,1,0,0,7,3,153;318;130;286;293;356;658
1,3696,3931,1,0,0,7,3,54;213;25;181;188;251;553
1,3718,3800,1,0,0,7,3,40;53;3;159;166;229;531
1,3630,3830,1,0,0,7,3,128;279;91;247;254;317;619
1,3693,3745,1,0,0,7,2,65;216;28;184;191;254;556
0,3815,3887,1,0,0,6,0,53;62;69;132;434;789
0,3816,3874,1,0,0,6,0,53;61;68;131;433;788
0,3756,3818,1,0,0,7,0,2;53;121;128;191;493;848
0,3770,3853,1,0,0,6,0,53;107;114;177;479;834
1,3864,3929,1,0,0,6,1,45;13;20;83;385;740
0,3866,3943,1,0,0,6,0,43;11;18;60;383;738
0,3823,3890,1,0,0,6,0,53;54;61;124;426;781
0,3864,3916,1,0,0,6,0,45;13;20;60;385;740
1,3922,4214,1,0,0,3,1,25;327;682
1,3939,4000,1,0,0,3,1,8;310;447
1,3889,3978,1,0,0,4,1,20;58;360;715
1,3893,3969,1,0,0,4,1,16;54;356;711
0,4041,4126,1,0,0,3,0,91;447;473
0,4036,4090,1,0,0,3,0,91;447;478
1,3947,4205,1,0,0,3,1,0;302;447
0,3942,4021,1,0,0,3,0,5;305;447
0,4115,4195,1,0,0,3,0,91;393;399
1,4076,4153,1,0,0,3,1,91;417;438
0,4065,4143,1,0,0,3,0,91;417;449
1,4044,4132,1,0,0,3,1,91;447;470
1,4221,4499,1,0,0,3,1,28;383;293
1,4160,4216,1,0,0,3,1,68;393;354
1,4159,4220,1,0,0,3,1,90;393;355
0,4149,4214,1,0,0,3,0,91;393;365
1,4344,4406,1,0,0,3,1,260;124;484
0,4327,4405,1,0,0,3,0,277;124;501
0,4284,4369,1,0,0,3,0,320;124;544
0,4268,4325,1,0,0,3,0,336;124;560
0,1035,1103,1,0,0,2,0,33;410
0,1010,1061,1,0,0,2,0,51;435
1,1077,1363,1,0,0,1,1,368
0,1057,1129,1,0,0,2,0,11;388
1,877,937,1,0,0,3,1,59;191;568
1,809,1025,1,0,0,4,1,127;24;259;622
1,1000,1231,1,0,0,2,1,68;445
0,996,1055,1,0,0,2,0,72;449
1,764,850,1,0,0,4,1,172;69;304;681
1,733,788,1,0,0,4,1,203;100;335;692
1,798,859,1,0,0,4,1,138;35;270;647
0,792,868,1,0,0,4,0,144;41;276;653
1,693,985,1,0,0,4,3,243;127;375;720
1,679,729,1,0,0,4,1,257;154;389;720
1,726,777,1,0,0,4,1,210;106;342;710
1,713,799,1,0,0,4,1,223;120;355;710
1,1745,1983,1,0,0,9,5,220;216;173;223;283;726;200;499;630
0,1762,1824,1,0,0,9,0,203;199;156;206;266;709;183;436;630
1,1802,2002,1,0,0,9,3,163;159;116;166;226;669;143;436;630
1,1823,1906,1,0,0,9,2,69;138;95;145;205;648;122;421;630
0,1603,1654,1,0,0,10,0,98;300;358;315;365;139;425;860;342;641
0,1644,1727,1,0,0,10,0,57;300;317;274;324;98;384;827;301;600
0,1701,1763,1,0,0,11,0,0;264;260;217;267;41;327;770;244;543;762
1,1712,1988,1,0,0,10,8,253;249;206;256;30;316;759;233;532;751
1,1475,1730,1,0,0,10,4,104;226;490;486;443;493;267;553;996;470
1,1489,1725,1,0,0,10,5,90;212;300;472;429;479;253;539;982;456
1,1499,1742,1,0,0,10,5,80;202;300;462;419;469;243;529;868;446
1,1511,1592,1,0,15,10,3,68;190;300;450;407;457;231;456;868;434
1,1088,1169,1,0,0,1,1,137
1,1222,1308,1,0,0,6,1,109;357;479;743;739;696
1,1329,1393,1,0,0,9,2,109;250;372;636;632;589;639;413;699
0,1470,1523,1,0,0,10,0,109;231;495;491;448;498;272;558;1001;475
1,2260,2335,1,0,16,5,1,211;203;390;143;489
0,2205,2269,1,0,0,7,0,266;39;258;24;445;198;544
1,2167,2220,1,0,0,7,3,304;77;296;62;483;236;582
1,2089,2151,1,0,0,6,3,331;155;374;140;561;314
1,2082,2161,1,0,0,6,3,351;162;381;147;568;321
1,2037,2107,1,0,0,6,2,351;207;426;192;612;366
1,2032,2246,1,0,0,6,4,439;212;431;197;612;371
1,2021,2235,1,0,0,7,3,4;450;223;442;208;618;382
1,2007,2062,1,0,0,7,1,4;464;237;451;222;643;396
1,1995,2057,1,0,0,6,1,33;476;249;451;234;655
1,1984,2061,1,0,0,6,2,44;487;260;479;245;666
1,1942,2011,1,0,16,10,2,23;19;26;86;529;3;302;521;287;708
0,1933,2011,1,0,0,10,0,32;28;35;95;538;12;311;530;293;717
1,1868,2115,1,0,0,11,2,69;93;50;100;160;603;77;376;595;293;782
1,1863,2150,1,0,0,11,7,69;98;55;105;165;608;82;381;600;366;787
0,1843,1895,1,0,0,10,0,69;118;75;125;185;628;102;401;620;386
0,2720,2789,1,0,0,7,0,29;43;217;359;592;396;487
1,2722,2806,1,0,0,7,2,27;41;215;357;590;394;485
0,2673,2762,1,0,0,7,0,76;68;264;406;639;443;534
0,2718,2769,1,0,0,7,0,31;45;219;361;594;398;489
0,2653,2712,1,0,0,7,0,96;110;284;426;659;463;554
1,2669,2735,1,0,0,7,2,80;94;268;410;643;447;538
0,2491,2728,1,0,0,5,0,159;258;223;446;588
0,2552,2632,1,0,0,8,0,98;197;211;385;527;760;564;655
0,2450,2521,1,0,0,6,0,21;13;200;294;223;487
0,2470,2542,1,0,0,5,0,1;180;279;223;467
1,2389,2624,1,0,0,6,3,82;74;261;14;360;223
1,2411,2473,1,0,0,6,2,60;52;239;294;223;526
1,2361,2561,1,0,16,6,3,110;102;289;42;388;402
0,2364,2423,1,0,0,6,0,107;99;286;39;385;223
0,2315,2401,1,0,0,5,0,156;148;335;88;434
1,2343,2415,1,0,0,5,1,128;120;307;60;406
1,374,428,1,0,0,3,1,374;459;694
1,509,571,1,0,0,3,1,374;324;559
0,299,367,1,0,0,2,0,637;473
1,307,567,1,0,0,2,1,629;473
0,605,677,1,0,0,3,0,331;228;463
1,663,956,1,0,0,4,4,273;170;405;782
0,552,640,1,0,0,3,0,374;281;516
0,604,669,1,0,0,3,0,332;229;464
0,74,366,1,0,0,0,0,
0,79,166,1,0,0,0,0,
0,17,71,1,0,0,0,0,
0,34,295,1,0,0,0,0,
0,152,429,1,0,0,0,0,
1,283,491,1,0,0,2,1,653;550
0,128,202,1,0,0,0,0,
0,140,211,1,0,0,0,0,
159
14968,15597,0.00,11
14956,15732,0.00,8
14983,15617,0.00,11
13818,14436,128.68,8
1104,1701,0.00,8
14068,14818,54.65,11
1090,1579,0.00,11
14089,14960,95.84,11
1157,1961,0.00,8
14216,14979,0.00,9
1135,1965,285.47,11
14273,15103,218.86,10
1266,1968,0.00,8
14284,14920,162.87,11
1200,1918,71.89,11
14316,15237,293.27,11
1308,1742,0.00,8
14322,15220,0.00,8
1308,2028,116.12,11
14333,14921,0.00,11
14396,14784,0.00,8
14484,15172,0.00,8
14500,15339,214.06,10
14635,15275,114.66,10
218,833,170.43,9
14769,15557,249.24,10
161,936,255.63,8
14776,15243,0.00,10
608,1445,384.78,11
14778,15360,0.00,11
369,1068,99.91,11
13737,14487,63.53,10
13810,14382,124.72,11
13649,14432,0.00,10
13684,14181,64.20,10
13451,14423,104.12,10
13539,14245,147.01,11
13370,14495,301.62,11
13384,14097,71.43,8
12998,13684,89.80,8
13127,13780,74.10,10
12928,13674,45.06,9
12986,13561,0.00,8
12870,13910,534.17,9
12919,13743,244.87,10
12794,13417,200.00,10
12841,13270,0.00,11
12654,13409,128.44,10
12526,13613,105.42,11
12490,13117,0.00,8
12462,13344,0.00,8
12327,13105,54.95,8
11892,12832,338.84,11
11820,12633,81.57,10
11595,12359,263.72,11
11410,12182,428.81,9
10846,11430,457.57,10
10763,11686,151.58,9
10654,11325,0.00,11
10548,11476,52.27,9
10534,11445,61.08,10
10417,11152,0.00,11
10393,11316,16.53,8
10191,11047,165.45,11
10275,10990,0.00,10
10282,10807,0.00,9
10346,10833,0.00,8
9698,10357,483.57,11
9922,10696,129.63,9
10008,10641,195.39,8
10040,10759,0.00,11
9345,9921,103.40,11
9372,10413,188.90,8
9461,9951,112.52,10
9680,10424,443.62,8
8632,9451,61.26,8
8652,9228,128.48,11
8705,9458,149.97,10
8968,9753,490.65,10
8264,8832,77.53,8
8263,8853,226.78,9
8472,9035,176.53,10
8378,9216,230.10,8
8038,9197,307.56,11
8024,8551,0.00,9
8212,8623,49.84,8
8152,8835,0.00,9
7750,8745,178.62,10
7739,8462,166.27,11
8023,8708,232.53,9
7978,8836,330.00,11
7486,8254,107.73,10
7446,8186,0.00,10
7645,8600,94.31,8
7610,8418,170.28,11
6984,7687,0.00,8
6995,7631,151.20,8
6784,7593,263.65,10
6952,7826,267.91,10
7331,8209,0.00,9
7333,8222,53.92,8
7034,7784,31.74,10
7240,8115,402.41,9
6292,7414,366.76,8
6536,7311,164.25,11
6019,6708,0.00,9
6288,6971,198.27,10
6598,7480,155.15,10
6729,7334,0.00,9
6588,7286,0.00,10
6595,7501,291.45,10
5863,6488,75.17,10
5732,6247,0.00,9
5648,6498,71.38,10
5614,6509,234.47,9
5993,7005,211.40,9
5973,6996,309.08,11
5938,6693,102.51,10
5897,6512,247.63,11
5127,5738,138.72,11
5037,5477,0.00,8
4978,5767,94.45,8
4899,5639,82.51,9
5507,6071,75.06,10
5466,6052,48.29,11
5404,5960,141.33,11
5178,5832,97.15,8
4429,5356,245.11,8
4475,5329,296.20,11
4511,5123,0.00,8
4633,5559,91.82,10
4705,5388,157.86,8
4735,5338,0.00,9
4866,5657,58.67,8
4887,5915,240.05,9
2983,3721,114.20,10
3131,3877,98.47,11
3133,3884,116.48,10
3177,3947,176.32,8
3390,4249,346.11,10
3746,4604,426.52,10
4031,4514,207.33,10
4231,4828,157.00,11
2396,2937,0.00,9
2351,2763,213.60,10
2504,3312,377.64,10
2476,3079,0.00,8
2516,3207,148.13,8
2506,3116,113.53,8
2964,3909,501.08,8
2818,3758,197.20,8
1454,1945,0.00,10
1436,2471,253.15,11
1693,2463,180.23,10
1575,2244,63.55,9
1863,2650,102.80,11
1826,2229,73.99,8
2107,2749,66.63,9
2006,2403,66.14,11
