100
0,235,315,1,0,0,4,0,525;496;780;459
1,299,597,1,15,0,6,5,525;432;716;395;490;613
0,35,319,1,0,0,0,0,
1,200,425,1,0,0,3,1,717;531;815
1,349,428,1,0,0,7,1,372;382;507;345;440;426;792
1,368,654,1,0,0,7,5,372;363;507;309;421;426;773
1,307,594,1,0,0,7,6,525;424;507;387;482;605;834
1,331,616,1,0,0,7,5,525;400;507;363;458;426;810
1,2842,3045,1,0,0,9,4,101;309;303;417;433;214;96;574;359
1,2935,3161,1,0,0,9,3,8;216;210;329;340;121;3;481;171
1,2732,2796,1,0,0,9,2,65;211;369;413;532;543;324;206;684
1,2818,2871,1,0,0,9,1,125;333;327;446;457;238;120;598;383
1,3003,3080,1,0,0,9,1,148;139;261;233;53;413;171;649;1031
1,3015,3255,1,0,0,10,6,136;130;249;233;41;401;153;637;1019;645
1,2956,3018,1,0,0,7,2,195;189;308;233;100;460;171
1,2967,3044,1,0,0,8,1,184;139;297;233;89;449;171;685
1,2613,2684,1,0,0,9,1,44;184;330;538;413;651;662;443;325
1,2615,2675,1,0,0,9,1,42;182;305;536;413;649;660;441;323
1,2498,2567,1,0,0,7,2,60;159;299;445;653;647;766
1,2567,2834,1,0,0,8,5,90;230;376;584;578;697;708;489
1,2651,2722,1,0,0,10,2,6;146;292;500;413;613;624;405;287;765
1,2682,2889,1,0,0,9,5,115;261;396;413;576;593;374;256;734
1,2620,2673,1,0,0,9,1,37;177;305;531;413;644;655;436;318
1,2651,2878,1,0,0,10,5,6;146;292;500;413;576;624;405;287;765
1,3354,3424,1,0,0,5,1,62;237;460;306;263
1,3353,3643,1,0,0,5,3,63;237;681;307;263
0,3341,3405,1,0,0,5,0,75;237;693;319;263
1,3315,3584,1,0,0,5,3,101;337;699;345;263
1,3134,3208,1,15,0,10,2,17;11;130;141;282;67;518;824;523;515
1,3117,3174,1,0,0,10,2,34;28;147;158;299;84;535;824;543;532
1,3083,3137,1,0,0,9,2,68;62;181;192;333;118;569;824;577
1,3018,3103,1,0,0,10,2,133;127;246;233;38;398;153;634;824;642
1,3310,3590,1,0,0,5,4,106;342;699;350;339
1,3252,3452,1,0,0,7,2,12;23;164;400;782;383;397
1,3223,3281,1,0,0,7,1,41;52;193;429;811;429;426
1,3200,3268,1,0,0,8,1,64;75;216;1;452;824;460;449
1,1860,2141,1,0,0,7,2,168;66;19;161;197;566;607
0,1866,1935,1,0,0,7,0,162;60;13;131;191;560;607
1,1868,1947,1,0,0,7,1,160;58;11;131;189;558;607
0,1956,2194,1,0,0,5,0,72;131;101;470;602
1,1762,1830,1,0,0,7,2,37;266;164;117;463;279;664
1,1769,1844,1,0,0,7,2,30;259;157;96;456;279;657
1,1833,2041,1,0,0,7,3,195;93;46;392;224;593;725
1,1840,2095,1,0,0,7,4,188;86;39;385;217;586;607
1,1653,1703,1,0,0,12,1,6;20;26;94;41;146;375;273;196;558;404;704
1,1654,1705,1,0,0,12,1,5;19;25;93;15;145;374;272;196;558;403;704
1,1722,1798,1,0,0,8,2,25;77;306;204;157;503;335;704
1,1725,1791,1,0,0,8,2,22;74;303;201;154;500;279;701
1,1543,1598,1,0,0,12,2,116;130;82;136;204;102;256;485;349;336;558;514
0,1550,1601,1,0,0,12,0,109;123;75;129;197;102;249;478;332;329;558;507
1,1606,1685,1,0,0,13,3,53;67;19;73;141;88;193;422;320;273;558;451;820
1,1610,1890,1,0,0,13,5,49;63;15;69;137;84;189;418;316;196;558;447;816
1,2420,2495,1,0,0,7,2,6;138;192;377;523;731;725
0,2366,2424,1,0,0,7,0,60;192;192;431;538;785;779
0,2468,2529,1,0,0,6,0,90;189;329;475;683;677
0,2443,2508,1,0,0,6,0,95;192;354;500;708;702
1,2269,2483,1,0,0,5,2,157;289;388;528;674
0,2241,2323,1,0,0,5,0,185;317;416;556;700
1,2358,2427,1,0,0,7,3,68;200;192;439;585;793;787
0,2290,2374,1,0,0,6,0,136;268;192;507;653;861
1,2145,2208,1,0,0,5,2,80;281;400;512;652
1,2142,2207,1,0,0,5,2,83;284;416;515;655
0,2219,2275,1,0,0,6,0,6;207;339;438;578;700
1,2197,2408,1,0,0,6,3,28;229;361;460;600;746
0,1975,2042,1,0,0,5,0,53;131;82;451;583
0,1962,2047,1,0,0,5,0,66;131;95;464;596
0,2014,2097,1,0,0,5,0,14;131;43;412;544
0,1977,2223,1,0,0,5,0,51;131;80;449;581
1,1004,1248,1,0,0,10,6,11;105;196;75;231;655;189;334;339;669
1,1023,1078,1,0,0,10,1,105;177;56;212;636;170;315;320;458;602
0,925,987,1,0,0,9,0,90;216;275;154;310;734;268;344;418
1,988,1040,1,0,0,10,2,27;153;212;91;247;671;205;344;355;685
1,834,1064,1,0,0,11,3,83;181;78;307;366;245;401;825;359;504;509
1,843,902,1,0,0,11,2,74;172;69;298;357;236;392;816;350;344;500
1,692,743,1,0,0,14,2,225;39;323;2;97;220;449;508;387;543;967;501;646;651
1,706,781,1,0,0,13,1,209;25;309;83;206;435;494;373;529;953;487;632;637
1,635,686,1,0,0,14,3,282;96;380;59;154;277;506;565;444;600;1024;558;703;708
1,637,886,1,0,0,14,9,280;94;378;57;152;259;504;563;442;598;1022;556;701;706
1,524,762,1,0,0,10,4,369;207;472;170;265;388;617;676;555;711
0,535,607,1,0,0,11,0,369;196;472;159;254;377;589;665;544;700;1124
1,412,497,1,0,0,8,2,369;319;472;282;377;426;729;788
1,433,502,1,0,0,8,2,369;298;472;261;356;426;708;725
1,372,457,1,0,0,7,1,372;359;472;309;417;426;769
1,392,463,1,16,0,7,1,372;339;472;295;397;426;749
1,1541,1599,1,0,0,12,2,118;132;84;138;206;102;258;487;385;338;558;516
1,1515,1741,1,0,0,11,3,144;158;110;164;232;102;284;513;411;364;710
1,1425,1687,1,0,0,10,8,234;248;200;254;322;269;367;527;501;454
1,1385,1627,1,0,0,9,6,274;288;240;294;362;309;414;527;541
1,1329,1389,1,0,0,11,1,330;9;14;344;296;350;418;365;470;527;597
1,1314,1383,1,0,0,11,1,345;24;29;359;311;365;433;380;485;527;612
1,1279,1333,1,0,0,11,3,380;59;64;394;346;400;468;415;520;538;647
1,1271,1479,1,0,0,11,6,388;67;72;402;354;408;476;423;528;604;655
1,1246,1515,1,0,0,10,5,413;92;97;427;379;433;501;448;553;782
1,1210,1286,1,0,0,10,1,25;449;128;133;458;415;469;537;484;589
1,1170,1248,1,0,0,11,1,30;65;489;23;168;173;458;455;509;548;524
1,1144,1368,1,0,0,10,5,56;91;515;49;194;199;458;481;535;565
1,1131,1210,1,0,0,11,1,10;69;104;528;62;207;212;458;494;548;616
0,1065,1118,1,0,0,10,0,76;135;14;170;594;128;273;278;458;560
0,1041,1101,1,0,0,10,0,100;139;38;194;618;152;297;302;458;584
1,1032,1106,1,0,0,10,1,105;162;47;203;627;161;306;311;458;593
43
209,694,50.22,11
171,1015,244.32,9
297,912,201.25,9
289,789,0.00,9
128,731,0.00,11
99,917,365.27,11
530,1659,96.37,9
542,1193,0.00,9
550,1338,160.62,10
622,1343,0.00,9
304,1141,117.97,11
396,1200,108.00,11
463,1079,0.00,9
510,1235,0.00,9
1165,1694,193.72,8
1203,1799,47.52,9
1230,2028,255.10,11
1271,1926,93.72,9
984,1673,211.75,9
1023,1625,0.00,11
1079,1679,0.00,9
1082,1747,101.69,11
2158,2943,120.46,11
2058,2797,0.00,11
2032,2657,210.16,9
1783,2558,192.53,9
1564,2426,112.96,10
1537,2057,57.95,8
1472,2225,406.80,11
1406,1879,99.60,8
2743,3201,206.87,10
2641,3416,46.75,8
2586,2938,0.00,8
2540,3056,0.00,8
2538,3275,116.70,11
2474,3264,89.58,9
2308,3145,234.64,10
2285,3151,141.72,9
3359,4119,0.00,9
3006,3660,156.49,10
3084,3649,76.30,9
2961,3652,100.68,9
2989,4034,528.72,10
