1001
1,3684,3942,1,0,2605,7,4,162;116;456;504;379;549;457
1,3695,3946,1,0,2325,7,6,151;105;396;493;368;538;446
1,3650,3926,1,0,2293,7,7,196;150;469;538;413;583;491
0,3661,3722,1,0,0,7,0,185;139;456;527;402;572;480
1,3866,3949,1,0,2621,6,1,320;322;197;367;275;544
1,3932,4019,1,0,3073,7,2,246;256;131;301;209;478;817
1,3706,3764,1,0,3183,8,1,28;94;396;482;357;527;435;704
1,3756,3828,1,0,3152,8,1,28;44;396;432;307;477;385;654
1,3950,4003,1,0,3042,7,1,236;238;113;283;191;389;799
0,3972,4060,1,0,0,7,0,214;216;91;261;169;389;777
1,3932,4020,1,0,3183,7,2,246;256;131;301;209;433;817
1,3935,4189,1,0,2792,7,5,246;253;128;298;206;409;814
1,4070,4123,1,0,2122,8,1,114;118;163;71;340;679;354;358
1,4071,4126,1,0,2106,8,1,114;117;162;58;339;678;354;357
1,4037,4095,1,0,3089,9,1,149;151;26;196;104;373;712;522;391
1,4058,4269,1,0,3432,9,5,114;130;5;175;83;352;691;501;370
1,4115,4175,1,0,2918,8,2,71;73;118;26;295;598;354;105
1,4103,4346,1,0,2246,8,1,83;85;129;38;307;598;354;325
1,4084,4134,1,0,2652,8,2,102;104;149;45;326;598;354;344
1,4079,4305,1,0,2496,8,3,107;109;154;45;331;670;354;349
1,4239,4324,1,0,2075,5,1,171;510;303;105;871
1,4195,4266,1,0,2168,6,1,38;215;554;354;105;915
1,4150,4428,1,16,2636,8,3,36;38;83;260;598;354;105;960
0,4119,4169,1,0,0,8,0,67;69;100;22;291;598;354;105
1,4426,4488,1,0,1669,5,1,323;133;2;684;740
1,4335,4419,1,0,1654,5,1,75;414;224;83;775
1,4324,4554,1,0,1357,5,2,86;425;235;94;786
1,4251,4470,1,0,2169,5,2,159;498;303;105;859
1,4471,4522,1,0,1669,4,1,278;88;639;695
0,4449,4500,1,0,0,4,0,300;110;641;717
1,4444,4514,1,0,1700,4,1,305;115;664;722
0,4434,4497,1,0,0,4,0,315;125;664;732
0,2467,2539,1,0,0,8,0,158;278;677;428;700;419;588;611
0,2469,2519,1,0,0,8,0,156;276;675;426;698;417;588;609
1,2480,2568,1,0,3027,9,4,145;265;664;415;687;406;588;598;787
1,2481,2565,1,0,3026,9,1,144;264;621;414;686;405;588;597;786
1,2521,2604,1,0,3073,9,4,104;224;621;374;646;365;549;557;746
1,2524,2819,1,0,3042,9,9,101;221;596;371;643;362;549;554;743
1,2525,2729,1,0,3058,9,6,100;220;596;370;642;361;549;553;540
0,2673,2734,1,0,0,9,0,72;471;222;494;213;407;405;536;677
1,2691,2774,1,0,3510,9,2,54;453;204;476;195;389;387;536;659
0,2712,2787,1,0,0,9,0,33;432;183;455;174;368;330;536;638
1,2719,2789,1,0,2792,9,2,26;425;176;448;167;361;330;536;631
1,2727,2815,1,0,2684,9,4,18;417;107;440;159;353;330;536;623
1,2881,2943,1,0,2325,8,4,263;14;286;5;199;197;386;469
0,2910,2962,1,0,0,6,0,234;257;170;168;357;440
1,2920,2979,1,0,2543,6,3,224;247;160;158;347;430
1,2934,3223,1,0,2527,6,4,201;233;146;144;333;416
1,3105,3168,1,0,2075,7,1,39;62;162;245;507;741;695
0,3037,3102,1,0,0,8,0,107;130;43;41;230;313;575;809
1,3166,3250,1,0,3323,8,3,1;101;184;446;680;634;1020;1022
1,3113,3163,1,0,2559,7,3,31;54;154;237;498;733;687
0,3270,3327,1,0,0,7,0,80;342;576;530;916;918;793
1,3204,3264,1,0,3120,7,1,63;146;408;605;596;982;984
1,3313,3555,1,0,3791,7,6,37;299;533;487;873;875;750
0,3283,3351,1,0,0,7,0,67;329;563;517;903;905;780
0,3407,3462,1,0,0,8,0,205;439;393;660;781;656;826;734
1,3360,3421,1,0,2512,7,1,252;486;440;660;828;703;873
1,3498,3584,1,0,2714,8,2,114;348;302;660;690;565;735;637
1,3411,3670,1,0,3338,8,7,201;435;389;660;777;652;822;730
1,3536,3799,1,0,3026,8,7,76;310;222;650;652;527;616;605
1,3514,3796,1,0,2839,8,7,98;332;222;660;674;549;719;627
1,3611,3681,1,0,2402,8,3,1;235;189;469;577;452;616;530
0,3592,3655,1,0,0,8,0,20;254;208;469;596;471;616;549
1,5756,6017,1,0,4227,10,4,29;53;165;24;445;303;362;764;453;731
1,5767,5832,1,0,3229,10,1,18;53;165;13;434;292;156;753;453;731
1,5716,5951,1,0,4196,10,2,69;257;232;64;485;343;402;797;453;731
1,5747,5831,1,0,4134,10,1,38;53;201;33;454;312;371;773;453;731
1,5691,5925,1,0,4321,10,5,94;282;257;89;510;368;427;797;453;963
1,5716,5784,1,0,4196,10,3,69;53;232;64;485;343;402;797;453;731
1,5657,5716,1,0,4571,11,1,126;316;291;123;32;544;402;461;797;453;997
1,5666,5732,1,0,4446,11,1,119;307;260;114;23;535;393;452;797;453;988
1,5925,6011,1,0,2699,11,2,48;23;270;134;153;595;372;729;511;964;738
1,5934,5999,1,0,3058,11,1,39;14;267;125;153;584;363;720;502;955;729
1,5899,5959,1,0,2901,11,2,53;49;302;160;153;618;398;731;537;990;764
1,5909,5978,1,0,2730,11,2,53;39;285;150;153;611;388;731;527;980;754
1,5845,5903,1,0,3089,11,2,53;103;356;214;153;675;452;731;591;1044;818
1,5862,5917,1,0,3230,11,2,53;86;339;197;153;658;435;731;574;1027;801
1,5776,5846,1,0,3713,10,1,9;53;165;4;425;274;156;744;453;731
1,5814,5877,1,0,3915,11,1,53;134;387;245;153;706;453;731;622;1075;849
1,6127,6195,1,0,5070,12,1,74;393;170;496;309;762;485;506;515;458;448;346
1,6127,6213,1,0,5367,12,3,36;393;170;496;309;762;485;506;515;458;448;346
1,6112,6190,1,0,5413,13,2,89;6;408;185;537;324;777;485;521;530;473;463;361
1,6087,6154,1,0,5725,13,1,114;31;433;210;567;349;802;485;546;555;498;488;386
1,6063,6118,1,0,5070,12,2,138;55;457;234;591;373;826;485;570;579;522;512
1,6058,6267,1,0,4867,13,5,143;1;60;462;239;596;378;831;605;575;584;527;517
1,6045,6116,1,0,4883,13,2,156;14;67;475;252;609;391;844;618;588;597;540;530
1,5993,6067,1,0,4602,12,2,208;66;125;527;304;661;443;896;670;640;649;592
1,6460,6531,1,0,3869,12,2,45;194;429;203;173;182;8;115;13;394;274;515
1,6445,6695,1,0,4399,12,4,45;209;444;218;188;197;140;130;28;409;274;530
1,6419,6493,1,0,4820,13,3,101;235;17;462;244;214;223;166;156;54;435;274;556
1,6378,6632,1,0,4836,13,8,142;276;58;462;285;255;264;207;197;95;476;441;597
1,6353,6437,1,0,4633,13,1,167;301;83;486;310;280;289;232;222;120;501;466;622
1,6335,6424,1,0,4649,13,2,185;319;101;554;328;298;307;250;240;138;519;484;640
1,6224,6310,1,0,5585,13,2,296;73;430;212;665;439;409;418;361;344;249;630;595
1,6154,6234,1,0,5086,12,3,36;366;143;496;282;735;485;479;488;431;366;319
1,4584,4821,1,0,2106,4,2,165;526;488;799
1,4623,4676,1,15,1404,4,1,126;487;473;760
0,4635,4687,1,0,0,5,0,99;475;473;748;351
0,4669,4753,1,0,0,5,0,80;441;473;714;317
0,4499,4551,1,0,0,4,0,250;60;611;667
1,4506,4747,1,0,1560,4,3,243;53;604;660
0,4564,4633,1,0,0,4,0,185;546;498;819
1,4581,4785,1,0,2137,4,2,168;529;498;802
1,5010,5067,1,0,3182,8,2,100;156;373;557;339;775;478;963
1,5011,5068,1,0,3931,9,2,99;137;372;556;338;774;477;962;570
1,5052,5263,1,0,4337,10,7,58;114;331;515;297;733;436;921;529;489
1,5133,5211,1,0,5164,10,2,33;250;434;216;599;355;840;448;408;815
1,4710,4949,1,0,1794,5,3,39;400;456;673;276
1,4794,4847,1,0,1856,4,3,316;372;589;192
0,4839,4889,1,0,0,6,0,271;327;544;147;728;510
0,4852,4933,1,0,0,7,0,258;314;531;134;715;497;933
0,5218,5281,1,0,0,10,0,165;349;131;563;270;755;363;323;671;562
1,5179,5417,1,0,4586,9,8,204;388;170;563;309;794;375;362;769
1,5300,5585,1,0,5694,12,9,83;267;49;485;188;673;281;241;633;480;389;901
1,5292,5353,1,0,5226,12,2,91;275;57;493;196;681;289;249;656;488;397;909
0,5147,5230,1,0,0,10,0,19;236;420;202;590;341;826;434;394;801
0,5139,5192,1,0,0,10,0,27;244;428;210;590;349;834;442;402;809
1,5176,5238,1,0,4758,9,1,207;391;173;590;312;797;375;365;772
1,5158,5232,1,0,4602,10,1,8;225;409;191;590;330;815;423;383;790
1,5518,5602,1,0,4353,12,2,49;267;455;63;23;430;262;171;656;473;600;797
1,5510,5809,1,0,4758,12,6,57;275;463;71;31;438;270;179;656;549;608;797
1,5638,5727,1,15,3931,11,2,147;335;310;142;51;563;421;480;797;453;1016
1,5599,5854,1,0,4243,10,4,186;374;349;181;90;602;460;519;797;698
1,5343,5612,1,0,5772,13,8,40;224;6;442;145;630;238;198;605;437;346;829;716
1,5334,5397,1,0,5741,12,1,49;233;15;451;154;639;247;207;614;446;355;829
1,5498,5747,1,0,5288,12,9,69;287;475;83;43;450;282;191;656;561;620;1022
0,5354,5425,1,0,0,12,0,29;213;431;134;619;227;187;594;426;335;656;705
1,7441,7667,1,0,1467,5,3,73;116;292;304;869
1,7421,7502,1,0,1513,5,2,135;136;312;324;869
0,7413,7502,1,0,0,6,0,143;3;144;320;332;869
1,7397,7448,1,0,1810,6,1,159;19;160;336;348;918
1,7619,7875,1,0,1966,4,1,114;83;555;630
0,7560,7615,1,0,0,4,0,173;83;555;689
1,7556,7788,1,0,2044,6,2,0;1;177;83;759;693
1,7459,7744,1,0,1451,5,2,73;98;274;286;773
0,7311,7390,1,0,0,5,0,245;48;246;422;434
1,7295,7366,1,0,1903,5,2,261;48;262;438;450
0,7271,7346,1,0,0,5,0,285;48;286;462;457
1,7223,7496,1,0,2356,5,4,333;48;334;474;522
1,7325,7378,1,0,1872,5,2,231;48;232;408;381
1,7324,7572,1,0,1872,5,4,232;48;233;409;417
1,7316,7373,1,0,1872,5,2,240;48;241;417;429
0,7314,7544,1,0,0,5,0,242;48;243;419;431
1,7824,7894,1,0,2168,4,1,447;380;638;772
1,7854,7939,1,0,2044,4,1,447;380;608;742
0,7790,7859,1,0,0,2,0,525;380
1,7793,8067,1,0,1653,3,2,522;380;669
1,7873,7961,1,0,2590,5,1,442;362;589;529;284
1,7876,7962,1,15,2543,5,1,439;362;539;529;284
1,7863,8081,1,0,2527,5,4,447;362;599;733;500
1,7871,8124,1,0,2387,5,2,444;362;591;529;492
1,7633,7870,1,0,1435,4,2,83;83;555;473
1,7634,7837,1,0,1419,4,2,83;83;555;421
1,7626,7891,1,0,1560,4,1,107;83;555;473
0,7630,7711,1,0,0,4,0,83;83;555;473
0,7730,7804,1,0,0,4,0,3;15;555;396
1,7745,7824,1,0,1030,3,1,0;555;396
1,7681,7969,1,16,982,4,1,52;64;555;396
0,7690,7764,1,0,0,4,0,43;23;555;396
1,6751,6992,1,0,1997,8,2,138;103;68;224;152;805;556;802
1,6751,6823,1,0,1997,8,1,138;103;68;224;152;805;548;802
1,6765,6820,1,0,2605,8,1,124;89;54;210;138;791;548;735
0,6754,6812,1,0,0,8,0,135;100;65;210;149;802;548;735
0,6809,6859,1,0,0,9,0,80;45;10;166;94;747;548;721;404
1,6792,6860,1,0,2558,8,1,97;62;27;183;111;764;548;735
0,6923,6977,1,0,0,6,0,52;633;493;499;290;810
1,6846,7067,1,0,2668,9,3,43;8;129;57;710;548;711;367;887
1,6482,6551,1,0,3978,11,3,38;172;389;181;151;160;8;93;372;274;493
1,6476,6564,1,0,3448,11,2,44;178;389;187;157;166;8;99;378;274;499
1,6679,6909,1,0,2215,7,2,210;175;140;296;224;877;737
1,6566,6638,1,0,3510,11,2,88;323;97;67;76;8;9;288;253;409;337
1,6721,6778,1,0,2075,8,1,168;133;98;254;182;835;556;836
0,6715,6791,1,0,0,8,0,174;139;104;260;188;841;556;842
1,6751,6803,1,0,2418,8,2,138;103;68;224;152;805;548;735
0,6732,6794,1,0,0,8,0,157;122;87;243;171;824;556;802
0,7115,7175,1,0,0,5,0,441;301;442;10;618
1,7122,7382,1,0,2044,5,4,434;294;435;10;611
1,7154,7228,1,0,2231,5,3,402;262;403;10;579
1,7154,7429,1,0,1966,5,2,402;262;403;10;579
0,7164,7243,1,0,0,5,0,392;48;393;10;569
0,7203,7274,1,0,0,6,0,353;48;354;10;530;542
0,7218,7280,1,0,0,5,0,338;48;339;515;527
1,7220,7273,1,0,2184,5,1,336;48;337;513;525
0,6953,7004,1,0,0,6,0,22;603;463;499;260;780
0,6954,7004,1,0,0,6,0,21;602;462;499;259;779
0,7016,7066,1,0,0,5,0,540;400;499;197;717
1,7047,7101,1,0,2247,5,2,509;369;499;166;686
0,7049,7126,1,0,0,5,0,482;367;499;164;684
1,7059,7135,1,0,2075,5,2,482;357;498;154;674
0,7062,7144,1,0,0,5,0,465;354;495;151;671
1,7066,7317,1,0,2403,5,5,465;350;491;147;667
1,9384,9453,1,0,1982,9,2,104;127;174;623;511;173;418;713;734
1,9319,9381,1,0,1638,9,2,169;43;192;239;688;576;238;483;778
1,9278,9349,1,0,2090,8,2,210;84;233;280;729;617;279;524
1,9199,9253,1,0,2964,8,2,67;289;163;312;328;808;659;358
1,9157,9450,1,0,2901,9,6,1;109;331;205;340;401;850;659;400
1,9144,9222,1,0,3214,9,1,14;122;344;218;357;414;863;659;413
1,9138,9197,1,0,3104,9,1,20;128;350;224;373;420;869;659;419
1,9100,9150,1,0,3432,9,1,58;166;388;262;411;458;907;659;457
1,9066,9335,1,0,3495,11,6,92;200;32;7;422;30;296;425;492;941;829
1,9008,9095,1,0,2902,10,1,150;258;90;43;65;430;88;341;425;550
1,8985,9071,1,0,2559,9,1,173;281;113;66;88;503;111;341;425
1,8949,9001,1,0,3354,9,1,209;317;149;102;124;539;147;341;425
0,8941,9002,1,0,0,9,0,217;325;157;110;125;547;155;341;425
1,8924,8979,1,0,3338,9,1,234;342;174;127;132;564;172;341;425
1,8922,8990,1,0,3307,9,1,236;344;176;129;151;566;174;341;425
1,8911,9117,1,0,3136,9,2,247;355;187;140;162;577;185;451;425
1,9997,10069,1,0,3947,13,1,10;100;121;381;474;87;473;247;112;266;200;486;637
1,10001,10082,1,0,3931,13,4,6;85;117;377;470;87;469;247;108;266;196;482;633
1,9949,10018,1,0,3666,12,2,58;148;169;429;522;87;521;247;160;331;248;534
0,9976,10057,1,0,0,13,0,31;121;142;402;495;87;494;247;133;266;221;507;658
1,9896,10175,1,0,3369,11,7,111;201;222;482;575;239;574;247;213;384;301
1,9922,9986,1,0,3120,12,1,85;175;196;456;549;87;548;247;187;358;275;561
1,9776,9837,1,0,3463,13,1,231;119;26;321;342;602;695;359;694;507;333;504;421
1,9829,10065,1,0,3993,12,6,178;66;268;289;549;642;306;641;454;280;451;368
1,9644,9723,1,0,2605,9,1,363;235;158;453;474;719;827;491;826
1,9705,9773,1,0,3214,11,1,302;190;97;392;413;673;766;430;765;578;404
0,9608,9695,1,0,0,9,0,399;287;194;489;496;719;863;527;862
1,9636,9712,1,0,2808,9,3,371;259;166;461;482;719;835;499;834
1,9485,9697,1,0,2839,10,6,3;26;73;522;410;72;317;612;616;893
1,9598,9659,1,0,2512,8,1,409;297;204;499;520;719;873;537
1,9447,9510,1,0,2075,9,2,41;64;111;560;448;110;355;650;671
1,9451,9530,1,0,1903,9,2,37;40;107;556;444;106;351;646;667
1,8395,8689,1,0,3510,10,7,67;201;243;169;40;512;734;871;703;656
1,8395,8454,1,0,3510,10,2,67;201;243;169;40;311;734;871;703;656
1,8449,8538,1,0,3728,10,2,13;147;189;115;311;709;817;649;602;534
1,8423,8628,1,0,4352,11,8,39;173;215;141;12;311;734;843;675;628;650
1,8353,8422,1,0,4010,14,2,109;243;10;285;211;71;5;6;18;554;760;913;745;698
1,8345,8395,1,0,4493,14,3,117;251;18;293;219;90;13;14;26;562;760;921;753;706
1,8388,8473,1,0,3495,10,2,74;208;250;176;47;519;737;878;710;663
1,8356,8444,1,0,3994,14,2,106;240;7;282;208;71;2;3;15;551;756;910;742;695
1,8161,8247,1,0,4025,12,4,154;88;301;435;202;383;403;232;197;198;199;746
1,8154,8447,1,0,4383,12,10,161;95;308;442;209;484;410;232;204;205;199;753
1,8261,8466,1,0,3463,12,7,54;197;335;102;377;303;174;97;98;110;646;897
1,8259,8347,1,0,3026,12,1,56;203;337;104;378;305;176;99;100;112;648;899
1,8087,8336,1,0,4118,12,8,228;162;375;509;276;551;477;348;271;272;284;820
1,7958,8040,1,0,4025,10,1,357;291;504;529;284;680;606;477;400;401
1,8150,8209,1,0,4587,12,2,165;99;312;446;213;488;414;285;208;209;199;757
0,8112,8181,1,0,0,12,0,203;137;350;484;251;526;452;323;246;247;199;795
1,8785,8835,1,0,3322,9,1,122;373;481;201;266;288;703;311;577
0,8808,8865,1,0,0,9,0,99;350;458;201;243;265;680;288;554
1,8881,8961,1,0,3292,10,1,26;277;385;201;170;192;607;215;481;630
1,8891,9158,1,0,3791,10,7,16;267;375;201;160;182;597;193;471;620
1,8696,8777,1,0,2979,8,1,211;462;570;201;355;377;792;400
1,8751,8804,1,0,3214,9,3,156;407;515;201;300;322;737;335;611
1,8773,8837,1,0,3354,9,3,134;385;493;201;278;300;715;323;589
0,8773,8828,1,0,0,9,0,134;383;493;201;278;300;715;323;589
0,8590,8649,1,0,0,10,0,6;48;311;568;676;508;461;461;898;506
0,8639,8689,1,0,0,8,0,268;519;627;459;412;434;849;457
1,8642,8716,1,0,3089,8,3,265;516;624;456;409;431;846;454
1,8678,8968,1,0,3448,8,7,229;480;588;420;373;395;810;418
1,8498,8580,1,0,4212,10,1,98;140;66;311;660;768;600;553;534;990
1,8516,8577,1,0,4680,11,1,80;122;48;311;642;750;582;535;534;972;580
1,8550,8618,1,0,4384,11,1,46;88;14;311;608;716;548;501;523;938;546
1,8559,8634,1,15,4119,11,3,37;54;5;311;599;707;539;492;514;929;537
0,251,330,1,0,0,1,0,980
0,292,379,1,0,0,1,0,939
1,318,544,1,0,515,1,1,913
0,328,390,1,0,0,1,0,785
0,337,414,1,0,0,1,0,785
0,372,453,1,0,0,1,0,785
0,373,434,1,0,0,1,0,785
0,388,476,1,0,0,1,0,785
0,134,187,1,0,0,0,0,
0,139,217,1,0,0,0,0,
0,149,213,1,0,0,0,0,
0,168,254,1,0,0,0,0,
0,197,271,1,0,0,0,0,
0,224,469,1,0,0,0,0,
0,229,307,1,0,0,0,0,
0,246,305,1,0,0,0,0,
0,44,319,1,0,0,0,0,
0,122,189,1,0,0,0,0,
0,85,151,1,0,0,0,0,
1,2398,2468,1,0,2668,7,3,62;227;347;746;497;769;432
1,2417,2678,1,0,2574,7,5,43;208;328;727;478;750;432
1,2450,2506,1,0,2606,8,1,10;175;295;694;445;717;432;630
0,2458,2512,1,0,0,9,0,2;167;287;686;437;709;428;588;620
1,2196,2285,1,0,3370,9,4,57;91;264;135;429;549;948;699;971
1,2229,2315,1,0,2995,9,4,24;58;231;102;396;516;915;666;938
1,2243,2299,1,0,2964,10,1,10;44;217;88;382;502;883;652;924;643
1,2389,2471,1,0,2699,7,4,71;236;356;755;506;778;497
1,2084,2139,1,0,2184,6,1,169;23;203;376;247;541
1,2121,2196,1,0,2262,5,1,132;166;339;210;504
1,2141,2196,1,0,2355,5,2,112;146;319;190;484
1,2158,2242,1,0,2683,7,2,95;129;302;173;467;587;986
1,1980,2055,1,0,2371,7,2,90;224;124;306;480;351;645
1,1998,2061,1,0,2590,7,1,36;224;109;289;462;333;627
1,2006,2075,1,0,2854,7,1,36;224;101;281;454;286;619
1,2033,2108,1,0,2574,7,1,36;220;69;254;427;286;592
1,1913,1987,1,0,2824,8,2,21;157;340;124;306;547;413;665
1,1909,1991,1,0,2152,8,1,25;161;344;198;306;551;413;665
1,1935,2154,1,0,2730,7,5,135;318;124;306;525;396;665
0,1934,2001,1,0,0,8,0,0;136;319;124;306;526;397;665
1,1867,1939,1,0,3588,9,1,67;203;386;240;27;420;593;464;758
1,1817,1894,1,0,4103,11,1,117;32;253;38;45;436;290;77;448;643;514
1,1904,1987,1,0,2372,8,2,30;166;349;203;383;556;413;721
1,1904,1972,1,0,3043,8,3,30;166;349;203;306;556;413;721
1,1688,1749,1,0,3510,9,1,246;161;350;167;159;565;419;206;599
1,1663,1745,1,0,3495,9,2,271;179;350;192;199;590;444;231;624
1,1790,1867,1,0,4072,11,3,144;59;280;65;72;463;317;104;497;670;541
1,1762,1821,1,0,3105,9,1,172;87;308;93;100;491;345;132;525
1,1449,1525,1,0,2933,9,2,130;96;485;375;621;117;406;413;804
1,1321,1536,1,0,2371,11,5,32;108;62;27;258;224;613;491;749;245;529
1,1660,1711,1,0,3494,9,1,274;189;350;195;202;593;447;234;627
1,1543,1755,1,0,3900,11,7,36;2;391;306;527;23;312;319;710;564;351
0,1177,1237,1,0,0,10,0,54;176;252;138;171;342;338;757;491;893
1,1290,1357,1,0,2808,11,3,63;139;93;58;289;255;644;491;780;276;565
1,1162,1410,1,0,3713,10,7,69;191;267;138;186;342;338;769;687;908
1,1176,1256,1,0,3463,10,3,55;177;253;138;172;342;338;758;577;894
0,1110,1194,1,0,0,10,0,121;243;319;138;238;342;338;824;739;960
1,1117,1201,1,0,3978,10,2,114;236;312;138;231;342;338;817;732;953
1,1063,1327,1,0,3151,8,4,168;262;366;138;285;342;482;871
0,1065,1125,1,0,0,9,0,166;262;364;138;283;342;338;869;784
1,1038,1247,1,0,2886,7,3,193;315;391;138;310;541;507
1,1055,1108,1,0,3104,7,1,176;298;374;138;293;342;490
1,974,1038,1,0,3089,7,3,257;379;455;409;374;605;571
1,1035,1262,1,0,2558,7,6,196;318;394;348;313;544;510
1,940,1009,1,0,2840,7,3,291;413;489;443;408;639;605
0,959,1035,1,0,0,7,0,272;394;470;424;378;620;586
1,830,905,1,0,1982,5,2,401;516;599;553;518
1,907,994,1,0,2106,6,1,324;446;522;476;441;672
1,801,886,1,0,1981,5,2,430;552;623;582;524
1,777,862,1,0,2137,5,1,454;576;652;606;524
1,745,828,1,0,2465,5,2,486;608;684;638;603
1,620,687,1,0,1529,3,1,611;669;809
0,565,620,1,0,0,3,0,666;669;824
1,550,636,1,0,1528,3,1,681;669;879
0,549,605,1,0,0,3,0,682;669;880
1,529,823,1,0,1607,3,2,702;824;900
0,525,614,1,0,0,3,0,706;828;904
0,473,532,1,0,0,3,0,727;880;956
1,461,515,1,0,1045,2,1,770;892
0,458,527,1,0,0,2,0,773;895
0,458,540,1,0,0,2,0,773;895
0,445,529,1,0,0,2,0,785;908
0,399,456,1,0,0,1,0,785
0,392,467,1,0,0,1,0,785
1,28820,29098,1,0,3853,8,7,206;221;147;108;271;307;270;866
1,28839,28904,1,0,3432,8,1,187;202;128;89;252;307;251;760
1,28799,29084,1,0,2995,8,4,227;240;160;129;292;395;291;1013
1,28808,29031,1,0,3417,8,4,218;233;159;120;283;307;282;1004
1,28884,28969,1,0,2668,8,2,142;157;38;44;207;307;195;760
1,28890,28973,1,0,2668,8,2,136;139;38;38;201;304;195;760
1,28863,28950,1,0,3541,8,2,163;178;104;65;228;307;195;760
1,28881,28958,1,0,3214,8,2,145;160;86;47;210;307;195;760
1,28944,29161,1,0,2215,8,3,82;97;23;2;250;146;760;639
1,28971,29266,1,0,1825,7,3,55;70;2;223;119;760;536
1,28895,28963,1,0,2402,8,2,131;125;38;33;196;299;195;760
1,28904,29116,1,0,2309,8,3,122;121;38;24;187;290;186;760
1,28990,29057,1,0,1373,7,1,31;33;2;204;100;760;536
1,29009,29090,1,0,1326,7,1,17;32;2;185;66;760;536
1,28972,29060,1,0,1794,7,2,54;69;2;213;118;760;536
1,28989,29050,1,0,1825,7,1,31;52;2;205;101;760;536
1,29062,29333,1,0,1389,5,3,2;132;7;750;521
1,29061,29306,1,0,1529,5,2,2;133;29;751;522
1,29034,29123,1,0,1778,6,1,7;2;160;47;760;536
1,29011,29064,1,0,1326,7,1,15;30;2;183;47;760;536
1,29085,29135,1,0,1482,5,1,2;109;4;727;498
1,29063,29129,1,0,1529,5,1,2;112;7;749;520
1,27102,27159,1,0,3261,8,3,193;57;63;264;322;569;596;98
1,27076,27141,1,0,3432,9,2,15;212;83;88;264;348;595;622;98
1,27066,27140,1,0,3307,9,1,25;212;93;99;264;358;605;632;98
1,27060,27149,1,0,3026,9,3,31;240;99;104;264;364;611;638;98
1,27057,27119,1,0,3027,9,1,34;243;102;108;264;367;614;641;98
1,27015,27282,1,0,2543,9,5,69;285;144;150;264;409;656;683;344
1,26994,27069,1,0,3370,10,3,97;306;154;171;9;264;430;677;704;365
1,26987,27269,1,0,3478,10,5,104;313;154;178;16;438;437;684;711;372
1,26981,27033,1,0,2933,10,1,110;319;178;184;16;444;443;690;717;378
1,26967,27038,1,0,3011,11,1,124;333;192;198;6;16;458;457;690;731;392
1,26961,27046,1,0,3447,11,1,130;339;198;204;12;16;464;463;710;737;398
1,26938,27006,1,0,3213,11,1,153;362;210;227;35;16;487;486;733;760;421
1,26927,27014,1,0,3152,10,1,164;373;210;238;46;76;498;497;736;771
1,26919,26974,1,0,3229,10,1,172;381;210;246;54;84;506;497;745;779
1,26902,26978,1,0,3885,11,1,189;9;397;236;263;71;101;523;497;745;796
1,26897,26979,1,0,3479,11,3,194;14;397;236;268;76;106;528;527;745;801
1,27740,27810,1,0,4929,11,2,152;236;622;416;370;337;472;378;600;407;457
1,27742,27976,1,0,4977,11,7,150;236;620;414;368;335;470;376;578;407;455
1,27700,27771,1,0,4571,10,2,192;377;662;456;410;360;497;418;640;464
1,27730,27957,1,0,4539,11,8,162;347;632;426;380;347;482;388;610;407;467
1,27692,27769,1,0,4914,11,1,6;200;385;662;464;418;360;520;426;648;472
1,27698,27786,1,0,4945,11,1,0;194;379;662;458;412;360;498;420;642;466
1,27644,27719,1,0,4383,11,2,27;54;248;433;662;512;466;433;568;474;696
1,27648,27731,1,0,4352,11,1,18;50;244;429;662;508;462;429;564;470;692
1,27542,27631,1,0,3276,9,1,128;156;350;535;820;614;568;535;670
1,27643,27713,1,0,4243,11,1,28;55;249;434;719;513;467;434;569;475;697
1,27525,27576,1,16,4087,9,2,146;173;367;552;837;631;585;552;687
1,27530,27581,1,0,4212,9,1,128;168;362;547;832;626;580;547;682
1,27292,27371,1,0,2247,7,2,8;133;132;379;406;67;600
0,27428,27481,1,0,0,6,0,243;270;464;649;934;728
1,27138,27205,1,0,2434,8,2,162;21;27;264;286;533;560;98
1,27275,27349,1,0,2247,7,2,25;150;149;396;423;84;617
0,28225,28312,1,0,0,4,0,137;115;344;801
1,28209,28293,1,0,1997,5,1,153;3;131;360;817
1,28261,28330,1,0,2074,5,1,101;79;308;611;780
1,28229,28496,1,0,2153,4,3,133;111;340;797
0,28180,28266,1,0,0,6,0,182;32;160;17;389;846
1,28133,28204,1,0,2823,8,3,229;23;79;207;31;64;436;893
0,28204,28282,1,0,0,5,0,158;8;133;365;822
1,28192,28275,1,0,2387,6,1,170;20;148;5;377;834
1,28007,28085,1,0,2886,11,2,70;355;149;103;70;205;111;333;157;190;562
1,27883,27940,1,0,3416,11,1,9;194;479;273;227;194;329;235;457;281;240
1,28090,28170,1,0,3011,10,3,246;66;20;122;28;250;74;107;479;936
1,28062,28129,1,0,3416,11,2,15;300;94;48;15;150;56;278;102;135;507
1,27818,28044,1,0,3510,11,7,74;236;544;338;291;259;394;300;522;346;379
1,27802,27872,1,0,4570,11,1,90;236;560;354;291;275;410;316;538;362;395
1,27856,27924,1,0,3245,11,2,36;221;506;300;254;221;333;262;484;308;240
1,27850,27915,1,0,2933,11,1,42;227;512;306;260;227;362;268;490;314;240
1,28683,28940,1,15,4056,8,5,241;351;261;245;408;511;407;1129
1,28765,28834,1,0,3432,8,3,241;276;202;163;326;429;325;1047
1,28782,28849,1,0,3151,8,1,241;259;160;146;309;412;308;1030
0,28785,28857,1,0,0,8,0,241;240;160;143;306;409;305;1027
1,28628,28837,1,0,2200,5,3,398;413;339;300;463
1,28663,28870,1,0,3541,8,5,241;378;304;265;428;531;427;1149
1,28673,28736,1,0,3573,8,2,241;368;291;255;418;521;417;1139
1,28680,28766,1,0,3619,8,1,241;361;261;248;411;514;410;1132
1,28347,28429,1,0,2247,5,2,15;222;603;694;620
1,28360,28580,1,0,2652,6,3,2;209;603;642;607;568
1,28435,28487,1,0,2527,5,2,134;591;606;388;493
0,28472,28539,1,0,0,5,0,97;554;569;388;456
1,28271,28345,1,0,2075,5,1,91;69;280;611;770
0,28305,28366,1,0,0,6,0,57;35;264;611;736;662
0,28322,28378,1,0,0,6,0,40;18;247;611;719;645
1,28344,28586,1,0,2262,5,2,18;225;611;697;623
1,25405,25484,1,0,1857,6,2,65;183;22;96;268;545
1,25279,25334,1,0,2715,6,2,191;45;203;148;222;394
1,25277,25533,1,0,2667,6,4,193;47;311;150;224;396
1,25265,25318,1,0,2652,6,2,205;59;323;162;236;408
1,25522,25605,1,0,2512,6,1,66;122;428;949;684;591
1,25467,25746,1,0,1856,6,3,3;121;34;206;483;1004
0,25460,25531,1,0,0,6,0,10;128;41;213;490;1011
1,25407,25471,1,0,1872,6,2,63;181;20;71;266;543
1,25013,25099,1,0,3089,10,1,245;457;154;131;311;575;414;378;119;660
1,24965,25175,1,0,3651,10,6,286;505;202;179;359;623;462;536;167;708
1,24948,25017,1,0,3526,10,1,310;522;219;196;376;640;479;553;184;725
0,24926,24988,1,0,0,10,0,332;544;241;218;398;662;501;575;206;747
1,25241,25316,1,0,2792,7,2,17;229;83;347;186;260;432
0,25144,25194,1,0,0,9,0,114;326;23;0;180;444;283;357;529
1,25099,25149,1,0,3900,10,2,159;371;68;45;225;489;328;378;33;574
1,25026,25094,1,0,3744,10,2,222;444;141;118;298;562;401;378;106;647
0,25849,25900,1,0,0,5,0,101;423;357;252;850
0,25860,25936,1,0,0,6,0,90;423;346;252;839;531
1,25803,25870,1,0,2512,5,1,147;423;403;310;896
0,25844,25922,1,0,0,5,0,106;423;362;252;855
1,25874,25941,1,0,3245,7,1,76;423;332;239;825;517;571
0,25893,25945,1,0,0,7,0,57;423;313;220;806;498;552
0,25867,25948,1,0,0,6,0,83;423;339;246;832;524
0,25872,25925,1,0,0,6,0,78;423;334;241;827;519
1,25592,25665,1,0,2137,5,1,81;358;695;614;521
0,25622,25676,1,0,0,5,0,47;328;695;584;491
1,25524,25773,1,0,2730,6,4,64;122;426;896;682;589
1,25563,25854,1,0,2434,6,4,25;110;387;715;643;550
1,25760,25815,1,0,2402,5,1,190;695;446;353;939
1,25796,26051,1,0,2636,5,5,154;675;410;317;903
0,25688,25738,1,0,0,4,0,262;695;518;425
0,25730,25817,1,0,0,5,0,220;695;476;383;969
1,26265,26529,1,0,4025,9,7,206;434;126;180;624;826;557;646;1035
1,26249,26332,1,0,4025,9,2,222;450;142;196;640;835;573;662;1051
1,26330,26384,1,0,3074,9,2,141;223;61;115;559;761;492;581;970
1,26277,26356,1,0,3291,9,1,194;223;114;168;612;814;545;634;1023
1,26356,26438,1,0,3136,9,2,115;223;35;89;533;735;440;555;944
1,26343,26404,1,0,3073,9,1,128;223;48;102;546;748;440;568;957
1,26373,26441,1,0,3651,11,1,98;223;18;72;516;718;440;538;923;786;792
1,26357,26424,1,0,3026,9,1,114;223;34;88;532;724;440;554;943
0,26021,26108,1,0,0,8,0,423;185;92;678;370;424;868;1070
0,25955,26039,1,0,0,7,0,423;251;158;744;436;490;934
1,26092,26175,1,0,3791,9,2,379;114;21;607;299;353;797;840;730
1,26067,26277,1,0,3947,9,5,404;139;46;632;324;378;822;1024;755
1,26125,26326,1,16,4040,8,1,346;81;574;266;320;716;840;697
1,26125,26201,1,0,4602,8,1,346;81;574;202;320;716;840;697
1,26183,26271,1,0,3385,9,2,288;23;516;171;262;706;835;639;728
1,26158,26427,1,0,4025,8,6,313;48;541;171;287;716;840;664
1,26675,26959,1,0,4274,13,10,24;214;416;147;236;625;484;463;298;328;750;749;996
1,26733,26800,1,0,4383,12,1,156;358;89;178;567;426;432;240;270;692;691;751
1,26747,26966,1,0,4774,12,6,129;344;75;164;553;412;418;226;256;678;677;751
1,26750,26831,1,0,4337,12,1,129;341;72;161;550;409;415;223;253;675;674;745
1,26764,26822,1,0,4134,12,1,78;327;58;147;536;395;401;209;239;661;660;745
1,26769,27007,1,0,4290,12,6,78;322;53;142;531;390;360;204;234;656;655;745
1,26822,26877,1,0,4383,13,2,67;269;0;89;478;236;343;151;181;603;602;745;876
1,26831,26911,1,0,4227,12,3,58;260;80;469;236;334;142;172;594;552;745;867
1,26407,26469,1,0,3635,10,1,64;223;38;482;684;415;504;893;752;758
1,26461,26537,1,0,2871,9,2,10;223;428;630;361;450;839;698;704
0,26480,26535,1,0,0,9,0,219;409;611;341;431;820;679;685;493
1,26491,26555,1,0,3135,9,2,208;398;600;331;420;809;668;674;482
0,26605,26656,1,0,0,12,0,94;284;486;217;306;695;554;560;368;398;820;819
1,26610,26661,1,0,3854,12,1,89;279;481;212;301;690;549;555;363;393;815;814
1,26655,26706,1,0,4181,13,1,44;234;436;167;256;645;504;509;318;348;770;769;1016
1,26661,26712,1,0,3619,13,1,38;228;430;161;250;639;498;482;312;342;764;763;1010
1,16450,16534,1,0,1732,6,1,93;94;224;203;253;741
0,16493,16580,1,0,0,6,0,60;51;201;120;210;698
1,16661,16951,1,0,3089,7,3,33;42;530;608;452;555;641
0,16691,16758,1,0,0,7,0,3;12;500;578;422;525;356
0,16725,16799,1,0,0,5,0,466;544;388;491;356
0,16738,16801,1,0,0,5,0,453;531;375;478;356
0,16856,16929,1,0,0,7,0,335;413;257;360;356;943;778
1,16901,16978,1,0,3245,7,2,290;368;212;315;356;898;733
1,16908,16961,1,16,3494,7,1,283;361;156;308;356;891;726
0,16952,17012,1,0,0,7,0,239;317;156;264;350;847;682
0,16979,17039,1,0,0,8,0,212;290;134;237;323;820;655;889
1,16991,17211,1,0,2715,8,5,200;278;122;225;311;808;643;877
1,16996,17247,1,0,2824,8,5,195;273;117;220;306;803;638;754
1,16998,17083,1,0,2480,8,1,193;271;115;218;304;801;636;742
1,17020,17094,1,0,2824,8,1,171;249;93;196;257;779;614;742
1,17053,17138,1,0,3088,8,1,138;216;60;163;249;746;581;742
0,17091,17172,1,15,0,8,0,100;178;22;125;187;708;543;742
1,17068,17130,1,0,2403,8,1,123;201;44;148;234;731;566;742
1,17146,17202,1,0,3479,9,3,45;123;70;156;576;488;722;791;600
1,17141,17410,1,0,3432,9,6,50;128;75;161;658;493;727;796;605
1,17255,17332,1,0,2542,7,1,14;47;544;379;613;682;491
1,17155,17404,1,0,3526,9,6,36;114;61;147;576;479;713;782;591
1,17324,17391,1,0,2153,5,3,475;310;544;613;240
1,17303,17520,1,0,2059,5,2,496;331;565;634;443
0,17413,17464,1,0,0,6,0,386;221;455;524;240;444
1,17355,17419,1,0,2480,6,1,444;279;513;582;240;502
1,17472,17536,1,0,2418,7,4,327;162;396;465;240;385;644
0,17444,17531,1,0,0,6,0,355;190;424;493;240;413
1,17527,17731,1,0,2309,7,5,272;107;341;410;219;330;589
0,17486,17546,1,0,0,7,0,313;148;382;451;240;371;594
1,17564,17626,1,0,1966,7,4,235;70;300;373;182;293;552
1,17541,17753,1,0,2293,7,4,258;93;327;396;205;316;575
1,15838,15901,1,0,2777,9,1,199;103;436;236;365;207;594;536;715
1,15880,15955,1,0,2823,9,1,157;61;394;194;347;184;552;494;673
0,15781,15844,1,0,0,8,0,256;160;493;293;446;207;651;593
1,15808,15864,1,0,3026,9,2,229;133;466;266;419;207;624;566;745
1,15923,16183,1,0,2979,9,5,114;18;351;151;304;96;509;451;602
1,15926,16012,1,0,2980,9,2,111;15;348;148;301;96;506;448;600
0,15897,15968,1,0,0,9,0,140;44;377;177;330;167;535;477;602
1,15922,16131,1,0,2964,9,3,115;19;352;152;305;142;510;452;602
1,16027,16104,1,0,3213,9,2,10;247;47;200;37;405;347;526;517
1,16037,16275,1,0,2777,9,4,0;237;37;190;27;375;337;516;507
1,15994,16047,1,0,3135,8,2,43;280;80;233;70;438;380;559
1,16002,16057,1,0,2964,8,2,35;272;72;225;39;430;372;551
1,16095,16308,1,0,2356,6,1,179;132;337;279;391;410
1,16106,16328,1,0,2387,7,3,168;121;326;241;391;410;588
1,16081,16145,1,0,2371,6,2,193;146;351;293;391;463
1,16090,16149,1,0,2247,6,2,184;137;342;284;391;410
1,16239,16504,1,0,2402,6,4,35;193;135;204;305;455
1,16187,16398,1,0,2153,7,3,87;40;245;187;228;357;507
1,16126,16203,1,0,2324,7,1,148;101;306;241;228;410;568
1,16115,16196,1,0,2293,7,3,159;112;317;241;251;410;579
1,16291,16374,1,0,2730,6,1,141;83;203;253;363;362
1,16249,16515,1,0,2262,6,4,25;183;125;204;295;363
0,16249,16307,1,0,0,6,0,25;183;125;203;295;363
0,16246,16305,1,0,0,6,0,28;186;128;204;298;363
1,16363,16428,1,0,2543,7,2,69;11;190;181;331;290;340
1,16329,16388,1,0,2075,6,1,99;26;196;215;363;324
1,16323,16379,1,0,1747,6,2,109;26;196;221;363;330
1,16292,16354,1,0,2309,6,1,140;26;203;252;363;361
1,16442,16531,1,0,2059,6,1,111;102;224;211;261;749
1,16421,16477,1,0,2340,7,1,11;132;123;224;232;282;770
1,16403,16481,1,0,2558,6,1,29;150;141;274;250;300
1,16393,16476,1,0,1981,6,1,34;160;151;301;260;310
1,14975,15052,1,0,3214,10,1,177;26;306;339;505;237;709;294;743;408
1,14976,15061,1,0,3525,10,1,176;26;263;338;504;236;708;294;742;407
1,15001,15058,1,0,3074,10,2,151;7;263;313;479;211;683;294;717;382
1,15023,15223,1,0,3557,9,5,129;258;291;457;189;661;294;695;360
1,14809,15035,1,0,4789,10,5,69;317;199;472;505;596;403;875;648;909
1,14868,15095,1,0,4134,10,4,10;284;26;413;446;596;344;816;589;850
1,14909,14976,1,0,4227,10,2,243;26;372;405;571;247;775;548;809;474
1,14933,15165,1,0,3963,10,6,219;26;348;381;547;247;721;524;785;450
1,15078,15152,1,0,3307,10,1,73;203;236;402;132;606;294;640;305;626
1,15084,15164,1,0,4274,11,3,68;197;230;396;128;600;294;583;299;620;663
0,15220,15296,1,0,0,9,0,61;94;260;464;237;498;163;484;527
0,15244,15313,1,0,0,9,0,37;70;236;440;213;474;139;460;503
0,15047,15109,1,0,0,10,0,105;234;267;433;142;637;294;671;336;657
1,15060,15146,1,0,3401,10,3,92;221;254;420;142;624;294;658;323;644
0,15066,15116,1,0,0,10,0,86;215;248;414;132;618;294;652;317;638
1,15068,15122,1,0,3354,10,1,84;213;246;412;132;616;294;650;315;636
1,15412,15464,1,0,2215,7,2,68;272;45;238;292;335;625
0,15397,15486,1,0,0,7,0,83;287;60;238;307;350;640
0,15481,15568,1,0,0,6,0,203;237;201;266;556;460
1,15439,15504,1,0,2449,7,1,41;245;18;238;265;289;598
1,15279,15563,1,0,3011,10,5,2;35;201;405;178;439;104;425;468;758
0,15262,15319,1,0,0,9,0,19;52;218;422;195;456;121;442;485
0,15396,15456,1,15,0,7,0,84;288;61;238;308;351;641
1,15318,15398,1,0,2964,8,4,162;366;139;238;65;386;429;719
1,15652,15871,1,0,3229,10,3,32;66;52;95;385;185;560;422;575;412
1,15586,15659,1,0,2777,9,2,98;103;118;161;451;185;560;488;611
0,15778,15830,1,0,0,8,0,259;163;496;296;449;207;654;596
0,15733,15783,1,0,0,8,0,14;304;185;541;341;494;207;699
1,15552,15829,1,0,2683,8,3,132;166;152;195;485;185;722;522
1,15507,15774,1,0,2464,6,4,177;211;197;240;530;434
1,15582,15637,1,0,2745,9,1,102;136;122;165;455;185;560;492;611
1,15580,15831,1,0,3167,9,6,104;138;124;167;457;185;560;494;647
1,13987,14056,1,0,1731,5,1,121;313;523;769;446
1,14040,14329,1,0,2480,7,5,68;260;470;716;402;580;838
0,13892,13966,1,0,0,5,0,216;408;618;89;864
1,13958,14014,1,0,2558,6,1,150;342;552;23;798;484
1,13810,13891,1,0,2340,6,2,48;298;490;700;171;946
0,13891,13943,1,0,0,5,0,217;409;619;90;865
1,13727,13800,1,0,2776,9,1,41;79;131;381;537;80;783;254;1029
0,13788,13868,1,0,0,8,0,18;70;320;512;19;722;193;968
1,14307,14576,1,0,3058,6,5,198;449;116;313;558;439
1,14327,14386,1,0,2542,6,1,183;429;115;293;551;328
1,14297,14362,1,0,3198,7,2,3;198;459;145;323;581;449
1,14298,14376,1,0,3073,7,1,2;198;458;116;322;580;448
1,14165,14216,1,0,2559,6,1,135;198;591;277;455;713
0,14250,14309,1,0,0,7,0,50;198;506;192;370;628;496
1,14071,14157,1,0,2777,7,1,37;229;198;685;371;549;807
1,14133,14189,1,0,2418,6,1,167;198;623;309;487;745
1,14604,14869,1,0,3479,8,4,152;16;147;142;485;404;677;710
1,14534,14738,1,0,2902,6,3,222;86;344;212;485;474
1,14494,14779,1,0,2620,6,3,16;262;126;384;252;547
0,14443,14512,1,0,0,6,0,67;313;177;425;303;547
1,14436,14501,1,0,2574,7,1,74;320;6;184;442;310;547
1,14419,14619,1,0,2262,7,3,91;337;23;201;459;327;733
1,14370,14447,1,0,2356,6,3,140;386;72;250;477;328
1,14362,14441,1,0,2730,6,1,148;394;80;258;497;328
1,14792,14877,1,0,3620,9,3,86;360;216;489;522;596;420;892;665
1,14741,14971,1,0,3884,10,6,15;137;5;411;267;540;573;739;471;943
1,14727,14783,1,0,3588,10,2,29;142;19;425;281;554;587;753;485;957
1,14685,14753,1,0,3291,9,1,71;142;61;467;323;596;629;795;527
1,14669,14747,1,0,3822,9,2,87;142;77;483;339;612;645;811;543
0,14668,14753,1,0,0,9,0,88;142;78;484;340;613;646;812;544
1,14628,14716,1,0,3011,7,2,128;142;118;485;380;653;686
1,14608,14668,1,0,3136,8,1,148;12;142;138;485;400;673;706
1,13034,13307,1,0,3214,9,8,159;236;236;202;397;734;482;772;824
1,13003,13085,1,0,2792,8,2,159;267;248;233;428;765;482;803
1,13080,13319,1,0,3510,9,6,128;190;190;156;351;688;482;606;778
1,13047,13099,1,0,3167,9,1,159;223;223;189;384;721;482;606;811
1,13159,13244,1,0,3105,9,1,49;111;111;77;272;609;449;543;699
1,13103,13191,1,0,2746,9,1,105;167;167;133;328;665;482;543;755
0,13193,13249,1,0,0,9,0,15;77;77;43;238;551;415;543;593
1,13179,13439,1,0,2996,9,6,29;91;91;57;252;551;429;543;679
1,12953,13019,1,0,2964,7,1,255;317;317;283;439;785;655
1,12937,13003,1,0,2980,7,1,271;333;326;299;439;830;671
1,12963,13019,1,0,2714,7,1,245;307;286;273;439;785;502
1,12959,13237,1,0,2964,7,7,249;311;286;277;439;785;649
1,12981,13187,1,0,2933,7,6,227;289;286;255;439;785;502
1,12975,13035,1,0,2527,7,1,233;295;286;261;439;785;502
1,12995,13071,1,0,2590,7,1,159;275;275;241;436;773;482
1,12994,13242,1,0,2559,7,6,159;276;276;242;437;774;502
1,13448,13740,1,0,1653,5,2,320;160;358;410;660
0,13475,13558,1,0,0,5,0,293;133;141;383;633
1,13515,13594,1,0,2044,6,2,253;93;141;343;593;785
1,13554,13793,1,0,1966,6,3,214;54;141;304;554;746
1,13558,13831,1,0,1638,6,3,210;50;141;300;417;742
1,13608,13844,1,0,3276,9,5,160;0;141;250;417;692;199;902;373
0,13663,13732,1,0,0,8,0,105;141;195;417;537;144;847;318
0,13685,13745,1,0,0,9,0,83;121;173;417;537;122;825;296;1071
1,13204,13260,1,0,3026,9,3,4;66;66;32;227;551;404;543;593
1,13240,13315,1,0,2091,7,2,30;30;191;528;368;543;593
1,13243,13324,1,0,2169,7,3,27;5;188;525;365;543;593
1,13308,13371,1,0,2091,6,2,123;460;300;498;550;800
1,13309,13548,1,0,1841,6,1,122;459;299;497;537;799
0,13313,13368,1,0,0,6,0,118;388;295;493;537;795
0,13359,13442,1,0,0,6,0,72;388;249;447;499;749
1,13399,13474,1,0,1747,6,1,32;369;209;407;459;709
1,12375,12652,1,0,2278,6,5,141;281;487;162;334;365
1,12323,12619,1,0,1529,5,5,193;333;539;214;386
1,12301,12581,1,0,1716,5,3,215;355;561;236;400
1,12294,12373,1,0,1513,5,1,222;362;565;243;415
1,12404,12663,1,0,2246,6,3,112;237;458;133;304;170
1,12397,12480,1,16,1716,6,1,119;259;465;140;304;170
0,12385,12447,1,0,0,6,0,131;271;477;152;304;170
1,12376,12447,1,0,2199,6,1,140;280;486;161;333;170
0,12226,12295,1,0,0,6,0,66;290;429;636;311;465
1,12180,12447,1,0,1809,6,4,112;336;476;676;357;465
1,12172,12374,1,0,2324,6,4,120;344;484;676;365;537
1,12112,12406,1,16,2730,7,6,180;404;8;527;684;425;597
1,12293,12550,1,0,1606,5,5,223;363;569;244;416
1,12257,12339,1,0,1748,6,4,35;259;396;605;280;423
1,12240,12324,1,0,1748,6,1,52;276;416;622;297;423
1,12234,12466,1,0,1981,6,4,58;282;422;628;303;465
1,12784,12850,1,0,2949,7,1,78;424;486;326;452;647;984
1,12795,12865,1,0,2964,7,1,67;413;475;326;441;636;965
0,12676,12733,1,0,0,7,0,186;33;64;532;594;326;560
0,12701,12778,1,0,0,7,0,161;8;39;507;569;326;535
1,12931,13166,1,0,3089,7,6,277;339;326;305;500;830;677
1,12937,13020,1,0,2980,7,1,271;333;326;299;439;812;671
0,12851,12904,1,0,0,7,0,11;357;419;326;385;580;917
1,12928,12996,1,0,3105,7,1,280;342;326;308;503;840;680
0,12568,12633,1,0,0,6,0,88;294;48;152;640;702
1,12573,12816,1,0,2262,6,4,83;289;48;152;635;697
1,12443,12738,1,0,2153,6,5,73;213;419;94;190;170
1,12462,12541,1,0,1763,6,1,54;194;400;75;190;152
0,12644,12697,1,0,0,8,0,12;218;48;96;564;601;626;592
1,12674,12973,1,0,3057,7,6,188;35;66;534;596;596;562
1,12596,12675,1,0,2418,6,1,60;266;48;144;612;601
1,12624,12680,1,0,3447,7,1,32;238;48;116;584;601;646
1,11307,11374,1,0,2184,6,1,370;106;457;462;747;745
1,11304,11369,1,0,2106,7,1,0;370;132;460;465;750;748
1,11323,11565,1,0,2464,6,5,370;103;441;436;731;729
1,11315,11379,1,0,2371,6,1,370;103;449;454;739;737
1,11137,11422,1,0,2262,6,3,167;95;370;299;627;632
1,11116,11330,1,0,2371,6,3,188;95;581;320;648;653
1,11254,11305,1,0,2293,7,1,50;370;182;510;507;800;798
1,11185,11267,1,0,2574,6,2,119;63;370;251;579;507
1,11075,11149,1,0,2137,6,2,229;173;622;361;689;694
0,11033,11102,1,0,0,6,0,264;187;664;361;731;736
1,11115,11175,1,0,2153,6,3,189;110;582;321;649;654
1,11112,11183,1,0,2231,6,3,192;136;585;324;652;657
0,10939,11003,1,0,0,6,0,365;187;758;361;825;830
1,10883,10948,1,0,2215,6,2,421;187;814;361;881;886
1,11007,11064,1,0,3027,6,3,297;187;690;361;757;762
0,10949,11009,1,0,0,6,0,355;187;748;361;815;820
1,11874,11954,1,0,2184,5,1,172;178;342;642;246
1,12047,12269,1,0,2371,8,4,7;5;245;469;73;609;815;490
1,12069,12136,1,0,2527,6,1,223;447;51;587;684;468
0,12082,12136,1,0,0,6,0,210;434;38;527;684;455
0,11744,11798,1,0,0,6,0,20;25;300;308;548;772
1,11834,12049,1,0,2262,5,4,220;218;458;682;286
1,11839,11922,1,0,2371,5,2,215;213;342;677;281
1,11863,11950,1,0,2044,5,1,191;189;342;652;257
1,11558,11620,1,0,1888,5,2,139;206;211;473;494
1,11681,11732,1,0,1669,6,1,16;83;88;373;371;611
0,11699,11761,1,0,0,5,0,65;70;341;353;593
1,11725,11928,1,0,2230,6,1,39;44;329;327;567;791
1,11352,11601,1,0,2340,6,3,152;84;412;417;702;700
1,11386,11633,1,0,2402,6,1,152;50;378;383;668;539
1,11391,11473,1,0,2465,6,1,152;45;373;378;473;539
1,11397,11478,1,0,2512,6,1,152;37;367;372;473;539
1,10451,10537,1,0,3416,10,1,20;19;32;183;242;230;62;219;853;384
1,10429,10494,1,0,4150,10,1,42;27;54;205;264;252;101;241;875;406
1,10412,10477,1,0,3557,10,1,59;58;71;222;281;269;118;258;892;423
0,10360,10426,1,0,0,11,0,18;111;110;118;274;333;321;159;310;944;475
1,10350,10407,1,0,3854,11,1,28;121;120;118;281;343;331;174;320;954;485
1,10348,10408,1,0,3962,11,2,30;123;122;135;281;345;333;174;322;956;487
1,10339,10394,1,0,4134,11,2,39;132;131;137;295;354;342;174;331;965;496
1,10319,10406,1,0,3729,11,1,59;152;151;137;315;374;362;211;351;985;516
0,10287,10345,1,0,0,10,0,91;184;183;137;347;406;394;227;383;1017
1,10248,10312,1,0,3885,11,1,130;223;222;35;32;137;386;445;433;251;422
1,10220,10466,1,0,4072,11,6,158;251;250;63;60;263;414;473;461;251;450
1,10217,10298,1,0,3619,11,2,161;254;253;66;63;266;417;476;464;313;453
1,10083,10169,1,0,3151,14,5,14;35;269;388;52;387;200;26;197;114;400;535;610;598
1,10068,10147,1,0,3775,13,2,29;50;310;403;67;402;215;41;212;129;415;535;625
1,10045,10119,1,0,3354,13,5,52;73;333;426;87;425;231;64;235;152;438;589;648
1,10010,10072,1,0,3666,12,3,85;108;368;461;87;460;231;99;266;187;473;624
0,10837,10908,1,0,0,6,0,467;235;860;361;927;932
1,10839,10898,1,0,2402,6,1,465;235;858;361;925;930
0,10824,10890,1,0,0,7,0,480;11;235;873;612;940;945
1,10835,11094,1,0,2309,7,3,469;0;235;862;601;929;934
1,10787,10843,1,0,2012,5,3,513;48;461;910;649
1,10808,11080,1,0,2964,7,5,496;27;440;883;628;956;961
0,10734,10817,1,0,0,5,0,513;101;514;963;702
0,10737,10803,1,0,0,5,0,513;98;511;960;699
1,10647,10705,1,0,2793,8,1,46;34;23;657;188;601;1050;789
1,10661,10921,1,0,3214,8,4,20;20;9;643;174;587;1036;775
0,10536,10617,1,0,0,7,0,98;157;145;134;768;245;712
1,10586,10653,1,0,2387,7,1,48;107;95;84;718;245;662
1,10507,10566,1,0,3058,8,1,127;181;174;23;163;797;245;741
1,10514,10575,1,0,2714,8,1,120;179;167;16;156;790;245;715
1,10462,10540,1,0,4306,10,2,9;8;21;172;181;219;62;208;842;373
1,10463,10680,1,0,3853,10,4,8;7;4;171;181;218;62;207;841;372
1,24712,24787,1,0,3744,8,1,546;718;387;432;612;876;685;789
1,24678,24754,1,0,3619,8,1,580;792;387;466;646;910;685;823
1,24673,24747,1,0,3089,7,1,585;797;387;471;651;915;754
0,24598,24648,1,0,0,6,0,73;660;847;387;538;726
1,24803,24882,1,0,3338,9,1,455;667;364;341;521;785;621;698;329
1,24786,24841,1,0,3338,9,1,465;681;381;358;538;802;641;715;346
1,24756,24841,1,0,3214,9,1,501;681;387;388;568;832;671;745;376
1,24730,24800,1,0,3885,9,1,501;718;387;414;594;858;685;771;402
1,24861,24936,1,0,3728,10,2,397;609;306;283;463;727;566;640;271;812
1,24823,24911,1,0,2839,9,2,435;647;344;317;501;765;604;678;309
1,24816,25029,1,0,3354,9,4,442;654;351;328;508;772;604;685;316
1,24803,24864,1,0,3650,9,1,455;667;364;341;521;785;616;698;329
1,24914,24999,1,0,3479,10,1,344;556;253;230;410;674;508;587;218;759
1,24889,24945,1,0,3323,10,1,369;581;259;255;435;699;508;612;243;784
1,24883,24971,1,0,3479,10,1,375;587;259;261;441;705;534;618;249;790
1,24864,24949,1,0,3136,10,1,394;606;259;280;460;724;563;637;268;809
0,24393,24450,1,0,0,4,0,176;278;865;847
1,24415,24500,1,0,2230,4,1,154;256;843;847
1,24299,24367,1,0,1950,5,1,81;270;372;955;1171
1,24368,24652,1,0,2184,5,3,12;201;303;890;1102
1,24437,24716,1,0,2528,5,3,132;234;773;847;730
0,24451,24523,1,0,0,5,0,118;220;773;847;716
0,24424,24510,1,0,0,5,0,145;247;773;847;743
0,24428,24497,1,0,0,5,0,141;243;773;847;739
1,24515,24572,1,0,3073,6,2,54;156;743;847;652;629
1,24528,24612,1,0,2776,6,1,41;143;730;847;639;587
0,24500,24575,1,0,0,6,0,69;171;758;847;667;644
0,24512,24570,1,0,0,6,0,57;159;746;847;655;632
0,24592,24643,1,0,0,5,0,79;666;847;387;552
1,24597,24672,1,0,2933,6,1,74;661;847;387;547;727
1,24537,24747,1,0,2917,6,3,32;134;671;847;630;587
1,24575,24787,1,0,2387,5,2,96;671;847;592;565
0,23849,23936,1,0,0,4,0,280;531;239;408
1,23849,24115,1,0,2137,4,4,280;531;239;408
1,23906,24188,1,0,2028,4,4,223;423;182;351
0,23899,23949,1,0,0,4,0,230;423;189;358
1,23950,24218,1,0,2090,4,2,179;410;138;307
0,23925,23983,1,0,0,4,0,204;410;163;332
0,23960,24020,1,0,0,4,0,169;410;128;120
1,23952,24024,1,0,2028,4,2,177;410;136;120
1,24001,24073,1,0,2106,4,2,128;379;87;120
0,23978,24055,1,0,0,4,0,151;402;110;120
0,24007,24077,1,0,0,4,0,122;373;81;70
0,24005,24057,1,0,0,4,0,124;375;83;70
1,24250,24302,1,0,1404,5,1,130;7;319;421;1008
1,24127,24197,1,0,1935,5,1,2;253;70;442;544
0,24278,24342,1,0,0,4,0,96;291;393;955
1,24266,24331,1,0,1467,4,1,96;303;405;992
1,23179,23426,1,0,3744,10,4,268;230;73;446;257;283;596;517;311;650
1,23187,23437,1,0,3978,10,5,260;222;65;438;253;275;588;509;311;591
1,23222,23295,1,0,2854,10,2,225;187;30;403;253;240;553;369;311;591
1,23270,23480,1,0,2372,9,5,177;138;355;243;192;505;369;311;559
1,23277,23349,1,0,2044,9,1,170;132;348;236;185;498;274;311;552
1,23314,23384,1,0,2387,10,1,133;95;311;199;148;461;274;311;515;315
0,23378,23440,1,0,0,10,0,69;31;247;135;84;397;274;300;451;251
1,23454,23693,1,0,2652,9,7,171;59;8;321;242;224;375;175;675
1,23490,23543,1,0,1982,8,2,135;23;285;206;188;339;139;514
1,23529,23590,1,0,2168,7,2,96;246;167;149;300;100;514
1,23604,23659,1,0,2075,8,1,21;171;92;74;225;25;514;776
1,23654,23705,1,0,1435,6,1,121;42;24;175;475;726
1,23658,23709,1,0,1825,6,2,117;38;14;171;471;722
1,23685,23754,1,0,1560,5,1,90;11;144;444;695
0,23715,23776,1,0,0,5,0,60;114;414;665;373
0,23827,23898,1,0,0,4,0,2;302;553;261
1,22987,23270,1,0,3432,11,7,29;51;460;111;406;265;638;526;475;788;709
1,22967,23039,1,0,3464,11,2,49;71;480;131;442;285;658;546;495;808;729
0,22853,22916,1,0,0,11,0,163;59;6;185;594;245;556;399;715;660;609
0,22819,22879,1,0,0,10,0,197;93;40;219;628;279;590;433;715;694
1,22784,22834,1,0,2309,10,5,232;128;75;254;663;314;625;468;715;729
1,22748,22965,1,0,1904,9,5,267;164;111;290;699;350;661;504;877
1,22744,22794,1,15,1810,10,1,0;272;168;115;294;703;354;665;508;881
1,22687,22737,1,0,1545,10,1,57;30;329;225;172;351;751;407;722;565
1,23179,23255,1,0,3104,10,2,268;230;73;446;257;283;596;517;311;591
1,23135,23389,1,0,3448,9,6,312;274;117;452;257;327;640;561;543
1,23128,23214,1,0,3011,9,1,319;281;124;497;257;334;647;568;550
0,23112,23181,1,0,0,9,0,332;297;140;513;257;350;663;584;566
1,23099,23171,1,0,3432,9,4,332;310;153;526;257;363;676;597;579
1,23096,23161,1,0,3588,10,3,351;2;313;156;529;257;366;679;600;582
1,23051,23114,1,0,3245,10,1,396;47;358;201;574;361;411;712;645;627
1,23034,23087,1,0,3744,11,4,4;413;64;375;218;591;361;428;741;662;644
1,22346,22606,1,0,2481,8,6,25;171;398;94;371;670;566;369
1,22456,22524,1,0,2714,8,2,61;288;261;560;367;369;582;991
1,22254,22323,1,0,2090,6,1,117;263;490;186;463;762
1,22312,22548,1,0,2574,8,4,59;205;432;128;405;704;600;547
0,22152,22234,1,0,0,5,0,217;365;592;220;565
1,22179,22267,1,16,1919,6,2,192;338;565;220;538;837
1,22131,22389,1,0,1918,5,3,240;386;610;249;586
1,22133,22202,1,16,2106,5,2,238;384;610;220;584
1,22634,22708,1,0,1810,10,1,110;83;382;278;225;404;751;464;775;618
0,22651,22705,1,15,0,10,0,93;66;365;261;208;387;751;407;732;601
1,22595,22652,1,0,2356,10,5,149;122;421;317;264;443;785;503;814;657
1,22634,22700,1,0,2480,10,5,110;83;382;278;225;404;751;464;732;618
1,22489,22732,1,0,3230,8,7,28;255;228;527;367;369;480;807
1,22514,22596,1,0,3853,11,2,3;230;203;502;367;345;480;785;584;895;738
1,22466,22677,1,0,3167,8,5,51;262;251;550;367;369;572;981
1,22483,22560,1,0,3213,8,3,34;261;234;533;367;369;555;807
1,21808,22107,1,0,2043,4,2,179;563;89;709
1,21781,21993,1,0,1638,3,1,179;590;89
1,21898,21971,1,0,1872,4,2,171;473;73;559
0,21821,21876,1,0,0,4,0,179;550;89;559
1,21623,21710,1,0,983,4,1,13;446;724;348
1,21523,21587,1,0,1560,4,1,94;111;546;724
1,21712,21983,1,0,1482,3,1,357;659;89
1,21671,21907,1,0,1419,3,3,398;700;300
1,22062,22124,1,0,2122,6,2,7;309;455;682;261;636
1,22032,22101,1,0,2403,6,1,37;339;485;712;261;636
1,22102,22307,1,0,1856,5,3,269;415;610;261;615
1,22077,22154,1,0,2028,5,2,294;440;622;261;636
1,21936,22021,1,0,2574,6,1,133;435;35;559;808;504
0,21899,21987,1,0,0,4,0,162;472;72;559
1,22022,22109,1,0,2199,6,1,47;349;495;722;261;695
1,21951,22187,1,0,2278,7,3,50;420;20;559;793;489;766
1,21303,21544,1,0,1591,5,2,62;199;314;308;766
0,21341,21399,1,0,0,5,0,24;161;276;295;551
0,21363,21452,1,0,0,5,0,2;139;254;273;551
0,21365,21430,1,0,0,5,0,0;137;252;271;551
0,21223,21310,1,0,0,5,0,142;279;394;308;830
1,21252,21488,1,0,1747,5,1,113;250;365;308;817
1,21253,21539,1,0,1592,5,5,112;249;364;308;787
0,21268,21335,1,0,0,5,0,97;234;349;308;787
1,21454,21543,1,0,1981,5,1,48;163;182;551;917
1,21463,21533,1,0,1451,5,2,39;147;173;551;908
1,21469,21736,1,0,1981,5,2,33;147;156;551;902
1,21490,21767,1,0,1919,5,2,12;127;111;551;881
0,21371,21449,1,0,0,4,0,131;246;265;551
1,21376,21440,1,0,1701,4,2,126;241;260;551
0,21425,21480,1,0,0,5,0,77;192;211;551;946
0,21452,21515,1,0,0,5,0,50;165;184;551;919
1,21136,21216,1,0,2293,6,2,60;229;366;481;308;884
0,21154,21204,1,0,0,6,0,42;211;341;463;308;884
1,21125,21353,1,0,2293,6,3,71;240;377;492;511;944
1,21128,21400,1,0,2403,6,4,68;237;374;489;508;884
1,21215,21440,1,0,1888,5,4,150;287;402;308;854
1,21219,21283,1,0,1716,5,1,146;283;398;308;850
1,21179,21469,1,0,1935,6,2,17;186;323;438;308;884
1,21188,21269,1,0,2246,6,2,8;177;314;429;308;868
1,20959,21175,1,0,2356,10,4,8;73;10;155;237;119;112;394;543;658
1,20966,21039,1,0,2527,10,3,1;66;3;148;230;112;105;394;536;522
1,20818,21034,1,0,2372,11,7,81;149;214;151;296;378;260;253;508;672;799
1,20819,20887,1,0,2621,11,5,80;148;213;150;295;377;259;252;394;672;798
1,21036,21106,1,0,2106,7,3,78;160;42;35;329;466;522
1,21045,21100,1,0,1778,7,1,69;151;27;26;320;457;522
1,20976,21026,1,0,2418,8,1,56;138;220;102;95;389;509;522
1,21010,21074,1,0,2496,8,2,22;104;186;68;61;355;492;522
1,20637,20722,1,0,3354,10,2,180;330;395;332;477;559;402;434;728;865
0,20625,20701,1,0,0,10,0,180;342;407;339;489;571;402;446;740;877
1,20619,20687,1,0,3276,9,3,180;348;413;339;495;577;459;452;746
1,20618,20674,1,0,3370,9,2,180;349;414;351;496;578;460;453;747
1,20817,20894,1,0,2262,11,2,82;150;215;152;297;379;261;254;548;672;800
1,20751,20831,1,0,3136,11,5,148;216;281;218;363;445;327;320;614;751;866
1,20682,20735,1,0,2293,11,2,180;285;350;287;432;514;396;389;683;820;935
1,20641,20718,1,0,3323,10,2,180;326;391;328;473;519;402;430;724;861
1,20544,20758,1,0,3557,9,5,17;355;365;488;425;545;652;534;527
1,20540,20621,1,0,3541,9,2,21;359;427;492;429;545;656;538;531
1,20496,20549,1,0,3791,9,2,65;403;471;536;473;545;679;582;570
1,20492,20542,1,0,4165,9,3,69;407;475;540;477;545;704;586;570
1,20603,20669,1,0,3338,9,1,180;364;429;366;511;593;475;468;762
0,20598,20654,1,0,0,9,0,180;365;434;371;516;598;480;473;767
1,20548,20622,1,0,3416,9,2,13;180;365;484;421;545;648;530;523
0,20548,20633,1,0,0,9,0,13;180;365;484;421;545;648;530;519
1,20114,20339,1,0,1420,5,3,45;306;62;447;785
1,20191,20249,1,0,2075,4,1,229;370;645;266
0,20237,20312,1,0,0,4,0,183;324;645;220
1,20346,20409,1,0,4431,10,2,74;215;553;111;621;686;623;768;850;732
0,20417,20476,1,0,0,11,0,3;144;482;40;550;615;552;697;779;661;654
1,20436,20520,1,0,4478,10,4,125;463;21;531;596;533;678;760;642;635
1,20449,20674,1,0,4742,10,4,112;450;8;518;583;520;665;747;629;570
0,20485,20548,1,0,0,9,0,76;414;482;547;484;545;711;593;570
1,19890,20155,1,0,2917,10,4,148;109;205;269;143;145;481;169;286;600
1,19927,19986,1,0,2496,10,3,111;72;168;232;106;108;481;132;249;589
1,19932,19998,1,0,2590,10,1,106;67;163;227;101;103;481;127;213;589
1,20007,20057,1,0,2512,9,1,31;88;152;26;28;413;52;169;554
0,20031,20084,1,0,0,9,0,7;64;125;2;4;389;28;145;530
1,20038,20093,1,0,2371,7,1,0;57;121;382;21;138;523
1,20043,20129,1,0,2371,6,2,52;116;377;16;133;518
1,20080,20142,1,0,2013,5,2,15;79;340;96;481
1,19761,19819,1,0,2886,11,1,277;67;190;334;398;272;236;659;298;415;601
1,19743,20006,1,0,3635,11,6,295;85;190;352;416;290;236;677;316;433;806
1,19765,19853,1,0,3526,11,1,273;63;190;330;394;268;229;655;294;411;600
1,19764,20044,1,0,3573,11,9,274;64;190;331;395;269;229;656;295;412;601
1,19804,19860,1,0,3760,11,1,234;24;190;291;355;229;229;616;214;372;600
1,19771,19830,1,0,4103,11,1,267;57;190;324;388;262;229;649;214;405;600
1,19880,19940,1,0,2933,10,3,158;119;215;279;153;155;540;179;296;600
1,19822,19907,1,0,3525,11,2,216;6;177;273;337;211;211;598;214;354;600
1,19452,19520,1,0,3604,12,1,17;213;147;586;219;376;525;71;153;287;643;707
1,19448,19517,1,0,4041,12,3,21;217;147;590;223;380;551;75;153;291;647;711
1,19560,19809,1,0,3447,13,5,105;92;478;111;268;439;76;179;535;599;473;475;860
0,19537,19610,1,0,0,12,0,128;115;501;134;291;462;99;202;558;622;496;498
1,19614,19703,1,0,4478,14,1,51;38;424;57;214;385;22;125;481;545;419;236;806;445
1,19590,19656,1,0,4305,13,1,75;62;448;81;238;409;46;149;505;569;443;236;830
1,19725,19810,1,0,4945,12,3,313;103;274;14;370;434;308;236;695;334;451;806
1,19724,19796,1,0,4087,12,2,314;104;275;15;371;435;309;236;696;335;452;837
1,19379,19454,1,0,3089,11,1,90;286;150;659;292;443;596;144;153;360;716
1,19447,19510,1,0,3744,12,4,22;218;150;591;224;381;552;76;153;292;648;712
1,19341,19412,1,0,2964,10,3,128;324;311;697;330;443;622;182;153;398
1,19363,19601,1,0,3105,10,5,106;302;289;675;308;443;596;160;153;376
1,19298,19356,1,0,3011,11,2,38;171;367;354;740;342;530;622;225;153;441
1,19318,19403,1,0,3073,11,1,18;151;347;334;720;342;510;622;194;153;421
1,19273,19362,1,0,2855,11,4,63;196;392;379;765;398;555;726;250;153;466
1,19282,19513,1,0,3011,11,7,54;187;383;370;756;342;546;717;241;153;457
1,19236,19491,1,0,3104,10,6,100;233;429;416;802;435;592;763;287;350
1,19247,19312,1,0,2808,10,1,89;222;418;405;791;424;581;752;276;153
1,19203,19499,1,0,2855,10,9,133;240;462;449;835;468;602;796;320;433
1,19214,19301,1,0,2933,10,2,122;240;451;438;824;457;602;785;309;350
1,19195,19282,1,0,3213,10,1,141;274;463;457;843;476;620;804;328;441
1,19196,19278,1,0,3230,10,1,140;273;463;456;842;475;602;803;327;440
1,19124,19200,1,0,3900,9,1,212;12;345;463;528;893;547;620;875
1,19140,19212,1,16,3650,8,1,196;329;463;512;864;531;620;859
1,19112,19181,1,0,4290,9,1,224;24;357;463;540;893;559;620;887
1,19094,19295,1,0,4056,9,3,242;42;375;463;558;893;577;734;905
1,19054,19301,1,0,2886,7,5,263;82;415;463;598;984;617
1,19008,19078,1,0,2418,5,1,306;101;461;463;644
1,18995,19062,1,0,2340,5,1,306;141;474;463;657
0,18979,19068,1,0,0,5,0,306;157;490;463;673
0,18978,19029,1,0,0,5,0,306;158;491;463;674
1,18936,19223,1,0,1872,4,3,306;200;533;729
1,18895,18947,1,0,1966,5,1,7;306;241;574;770
1,18889,19156,1,0,1888,5,3,13;316;247;580;776
1,18803,18876,1,0,3027,7,1,46;50;99;349;333;666;862
1,18770,19040,1,0,3151,8,3,79;83;16;132;566;366;699;895
1,18704,18968,1,0,3151,8,5,145;149;82;198;632;432;765;959
0,18653,18719,1,0,0,10,0,196;33;200;44;124;249;683;467;816;959
1,18631,18875,1,0,4290,10,3,218;55;222;66;124;271;700;467;838;1034
1,18604,18679,1,0,4992,10,1,245;82;249;93;124;298;700;522;865;1061
1,18460,18695,1,0,3042,11,7,75;111;121;389;226;393;237;124;442;700;676
1,18484,18552,1,0,3588,11,2,51;87;97;365;202;369;213;124;350;700;652
0,18531,18589,1,0,0,11,0,4;40;50;318;155;322;166;124;350;700;588
1,18599,18687,1,0,4992,10,1,250;87;254;98;124;303;700;537;870;1066
1,18441,18514,1,0,3276,11,3,94;130;140;408;245;412;256;345;461;895;695
1,18448,18725,1,0,3447,11,7,87;123;133;401;238;405;249;325;454;888;688
1,18451,18714,1,0,3151,11,7,84;120;130;398;235;402;246;325;451;700;685
1,18460,18544,1,0,3291,11,3,75;111;121;389;226;393;237;124;356;700;676
1,18309,18383,1,0,3495,10,1,215;262;272;120;540;377;544;385;477;593
1,18311,18396,1,0,2574,10,1,215;260;270;118;538;375;542;339;475;591
1,18344,18423,1,0,2715,10,1,191;227;237;85;505;342;509;339;442;558
1,18384,18679,1,0,3245,10,7,151;187;197;45;465;302;469;313;402;518
1,18245,18326,1,0,3776,10,1,290;326;336;184;604;441;608;452;485;657
1,18255,18333,1,0,3276,10,1,280;316;326;174;594;391;598;442;485;647
1,18286,18360,1,0,3635,10,2,249;285;295;143;563;391;567;385;485;616
1,18296,18347,1,0,2964,10,1,239;275;285;133;553;390;557;385;485;594
1,18169,18238,1,15,3994,10,1,366;402;412;260;680;517;684;528;617;733
1,18141,18418,1,0,3822,8,8,394;430;440;288;708;545;712;556
1,18233,18316,1,0,3963,10,2,302;338;348;196;616;453;620;464;553;669
1,18233,18311,1,0,4587,10,2,302;338;336;196;616;453;620;464;553;669
1,17968,18028,1,0,2044,5,2,148;567;603;537;461
1,17965,18035,1,0,1638,5,1,151;570;606;556;464
1,18091,18164,1,0,3291,8,1,25;444;480;490;338;758;595;762
0,17975,18047,1,0,0,5,0,141;560;590;537;454
1,17795,17861,1,0,1841,8,1,4;73;142;62;321;740;776;786
1,17762,17823,1,0,1061,6,1,37;106;175;76;354;773
1,17960,18198,1,0,2247,5,3,156;575;611;621;469
1,17877,17940,1,0,2356,6,1,60;239;658;694;704;552
1,17684,17742,1,0,2090,7,2,115;184;253;62;173;432;851
1,17627,17710,1,0,2153,7,1,172;7;241;310;119;230;489
1,17758,17820,1,0,1107,6,1,41;110;179;99;358;777
1,17727,17785,1,0,1981,7,2,72;141;210;19;119;389;808
318
1066,2070,232.12,9
1065,1849,322.80,9
1059,1934,86.70,11
927,1545,144.01,9
841,1579,199.49,9
692,1348,178.61,8
690,1383,210.56,10
469,1429,85.42,8
418,1353,228.57,11
250,1231,212.13,11
11207,12054,312.44,8
11244,12052,161.91,10
10789,11764,0.00,9
10805,11769,203.87,10
10595,11697,503.34,10
10613,11436,306.65,9
10313,10835,127.32,10
10482,11248,321.39,11
12105,12709,418.75,10
12337,12740,213.00,9
11897,12862,158.03,10
12005,12537,0.00,8
11798,12120,0.00,9
11893,12656,163.65,11
11606,12292,116.30,10
11706,12516,42.83,8
9735,10280,65.39,9
9685,10109,12.68,9
9679,10283,223.08,11
9604,10470,31.55,9
9581,10135,152.05,9
9572,10471,0.00,8
9467,10378,215.98,8
9343,10118,92.13,11
10287,11304,229.11,9
10201,10670,0.00,8
10100,10530,177.83,11
10069,10681,0.00,11
10015,10693,94.00,8
9952,10634,128.46,8
9899,10483,160.83,9
9739,10197,0.00,11
8319,9051,0.00,8
8396,9073,208.13,10
8473,9488,73.62,8
8502,9096,101.49,8
8026,8907,215.51,8
8165,9158,214.53,9
8269,9266,0.00,10
8274,9098,219.27,10
9025,9895,204.89,8
9084,9557,0.00,8
9226,9802,0.00,8
9315,10097,64.97,10
8733,9362,110.03,8
8861,9511,280.19,8
8995,9558,109.47,10
9016,10007,0.00,9
7391,8315,425.21,8
7183,7745,366.74,9
7793,8462,137.85,8
7540,8249,275.26,11
6711,7557,328.69,11
6638,7416,404.32,9
6834,7733,64.14,10
6808,7213,137.73,11
7928,8358,0.00,11
7913,8435,73.05,9
7993,8371,85.27,11
7931,8359,0.00,8
7857,8363,208.37,10
7801,8596,204.87,9
7911,8564,0.00,9
7900,8638,141.15,10
5637,6654,335.99,8
5780,6436,0.00,11
5430,6520,421.07,10
5592,6297,245.65,11
5969,6633,0.00,9
5980,6642,0.00,10
5789,6889,151.59,9
5796,6663,120.42,11
6075,6473,0.00,9
6161,6854,0.00,8
5984,6585,132.26,8
6000,6575,104.63,8
6511,6903,56.98,10
6580,7556,118.07,9
6168,6819,167.84,9
6286,6975,14.61,10
4812,5567,0.00,9
4624,4986,0.00,8
4515,5383,0.00,10
4420,5166,217.14,10
4979,5973,204.64,11
4903,5488,0.00,10
4845,5785,201.96,11
4834,5349,0.00,9
5202,5780,0.00,8
5060,5948,193.52,8
5046,5541,0.00,9
5011,5581,48.61,10
5369,6118,275.25,8
5341,6059,125.52,11
5290,6201,351.03,11
5245,5689,0.00,11
2451,3078,57.70,9
2473,3267,248.65,9
2672,3350,0.00,11
2956,3612,36.05,11
3017,3846,212.92,9
3081,3800,80.58,11
3128,4186,593.50,11
3154,4188,0.00,11
3218,4063,0.00,11
3354,4233,143.44,9
3385,4141,146.94,9
3705,4410,89.05,8
3879,4749,142.77,11
4013,4559,198.93,11
4030,4428,265.80,8
4144,5110,70.51,9
1220,1855,67.72,8
1188,1566,0.00,10
1432,2253,122.10,11
1426,1862,40.35,10
1500,1894,0.00,11
1461,2107,131.94,9
1763,2460,0.00,11
1614,2287,133.51,11
1824,2625,93.15,8
1776,2331,116.74,11
2147,3144,151.26,9
2142,2745,43.79,8
2185,3167,28.42,11
2169,2895,69.07,9
2420,3080,81.70,10
2230,2886,65.69,9
22305,22859,178.34,11
22442,23038,75.68,10
22450,23447,250.30,10
22497,23098,57.63,10
21932,22440,269.19,8
21951,22717,59.58,9
22165,23016,39.43,9
22276,22912,199.94,8
21394,22371,192.06,10
21588,21971,211.28,10
21785,22517,202.05,10
21928,22744,129.87,10
20625,21502,166.68,10
20679,21617,152.96,10
21081,21636,314.78,9
21095,22069,642.10,9
23845,24257,237.66,10
23699,24088,0.00,8
24094,24671,0.00,11
24038,24569,0.00,9
23291,23629,0.00,11
23171,23829,134.09,9
23564,24380,200.12,9
23390,24129,161.53,11
22893,23775,76.03,9
22830,23462,0.00,10
22990,23678,242.97,10
22958,23696,253.07,11
22505,23252,23.87,10
22498,23409,129.73,10
22776,23513,273.35,9
22692,23625,208.13,8
19373,20095,0.00,11
19431,20159,90.49,10
19182,19636,295.02,10
19248,19739,0.00,11
19090,19999,276.23,10
19149,19523,41.31,11
19016,19671,56.58,8
19062,19828,200.51,8
18944,19652,142.32,8
19009,20038,138.97,8
18537,19469,126.66,9
18591,19665,360.12,11
18395,19336,492.34,8
18408,19136,174.60,11
18167,18786,305.68,11
18168,18902,114.87,11
20555,21365,181.80,8
20399,21071,79.40,9
20343,21078,72.18,9
20332,21196,89.90,9
20326,21114,175.28,9
20277,20969,12.85,8
20269,21032,0.00,8
20259,20967,62.17,8
20133,20457,0.00,10
20111,20899,315.78,8
19632,20561,282.15,11
19624,20176,62.59,10
19599,20059,80.49,9
19557,20420,85.55,8
19518,20035,264.52,8
19457,20033,0.00,8
16009,16544,71.19,10
16106,16694,169.76,10
16287,16653,83.98,9
16360,16703,0.00,9
16419,17191,0.00,10
16522,17269,0.00,10
16565,17113,99.50,9
16588,17216,11.16,9
15448,15941,249.86,10
15522,16274,172.84,10
15549,16074,0.00,11
15562,16227,103.70,8
15640,16064,292.39,8
15693,16432,76.80,11
15743,16374,126.31,9
15805,16553,428.74,11
17767,18571,73.66,10
17660,18535,157.02,8
17805,18429,0.00,9
17767,18581,115.32,8
18012,18686,50.63,8
18004,18849,0.00,8
18103,18697,103.71,10
18066,18853,0.00,8
16764,17799,98.38,10
16656,17302,380.78,9
16978,17868,183.76,9
16790,17634,84.22,11
17123,17746,203.11,9
17092,17937,10.09,9
17462,18116,50.19,8
17326,17857,90.05,11
13509,14300,200.60,10
13576,13807,0.00,10
13033,13858,142.89,8
13276,14108,175.67,10
13683,14756,0.00,8
13905,14442,86.28,9
13581,14510,272.31,10
13601,13981,0.00,9
12623,13270,416.72,10
12637,13236,0.00,9
12484,13208,68.66,10
12530,13270,121.60,10
12870,13608,167.45,9
12996,13806,447.16,9
12717,13431,91.67,9
12759,13768,236.77,8
14805,15718,292.97,11
14747,15457,231.32,10
14687,15684,70.77,9
14665,15212,155.06,11
15264,16037,0.00,10
15083,15747,46.11,11
15035,15704,110.61,8
14895,15383,0.00,9
14399,15152,329.59,8
14168,14746,128.12,11
14000,14878,317.69,10
13989,14620,0.00,10
14640,15480,143.05,11
14576,15314,18.62,10
14559,15281,43.67,8
14508,15008,197.90,11
27339,28362,148.06,9
27303,28077,111.11,10
27443,28110,77.73,11
27340,28156,0.00,9
27479,28212,97.05,10
27443,28077,69.74,10
27604,28340,64.20,10
27575,28118,0.00,8
27726,28197,139.13,11
27660,28164,77.19,11
28064,29026,397.82,11
27937,28569,28.81,9
28293,28967,353.79,9
28250,29041,151.72,11
28530,29091,185.25,9
28350,28928,0.00,9
28631,29194,133.34,8
28646,29090,134.85,9
28651,29812,294.68,11
28910,29583,142.70,11
24462,25144,85.02,8
24422,25167,257.25,10
24291,25470,415.86,10
24173,25258,372.57,11
24674,25501,189.01,8
24666,25427,185.34,11
24655,25588,108.12,9
24597,25324,0.00,10
25444,26471,559.55,10
25325,25950,0.00,11
24858,25673,118.79,9
24718,25132,28.39,11
25850,26391,142.01,10
25720,26699,211.01,8
25519,26113,69.74,11
25473,26206,0.00,8
25980,27091,229.53,9
26028,26822,87.79,9
25874,26445,0.00,11
25947,26889,159.63,11
26360,27159,205.07,10
26366,27165,168.67,10
26180,26911,0.00,8
26220,27300,215.54,9
26517,27425,174.12,10
26595,27424,130.96,11
26474,26973,0.00,9
26511,27003,60.42,8
26928,27359,246.67,8
27139,27892,0.00,9
26641,27671,354.81,9
26780,27698,86.70,8
