500
1,7523,7602,1,0,1529,10,2,70;255;164;108;261;592;641;699;663;731
1,7486,7556,1,15,1342,11,1,15;80;255;201;145;298;629;641;706;700;768
1,7575,7647,1,0,1217,10,1,18;251;112;56;209;348;598;647;611;679
1,7558,7784,1,0,1217,10,6,35;255;129;73;226;557;598;664;628;696
1,7463,7536,1,0,1731,11,4,38;17;130;255;224;168;321;652;746;759;723
1,7412,7476,1,0,1560,11,1,2;89;68;181;255;275;219;372;703;797;810
1,7483,7729,1,0,1388,10,7,18;80;255;204;148;301;632;726;706;703
1,7480,7542,1,0,1404,11,1,21;0;113;255;207;151;304;635;729;706;706
0,7657,7716,1,0,0,10,0,169;30;125;348;540;565;529;597;667;898
1,7649,7737,1,0,1560,10,3,177;38;125;348;540;573;537;605;667;951
1,7707,7921,1,15,1186,9,2,119;77;348;502;515;479;547;667;893
1,7707,7784,1,0,1248,9,1,119;77;348;502;515;479;361;667;893
1,7623,7689,1,0,1139,10,1,203;64;8;161;348;586;599;563;631;795
0,7594,7665,1,0,0,9,0,232;93;37;190;348;594;628;592;660
1,7644,7918,1,0,1248,9,5,182;43;125;348;540;578;542;610;774
1,7633,7708,1,0,1279,9,2,193;54;151;348;540;589;553;621;785
1,7813,7883,1,0,1107,10,1,13;302;396;409;373;361;605;787;442;843
1,7863,8114,1,0,889,9,3,252;346;359;323;361;555;737;442;843
1,7866,7921,1,0,873,9,4,249;343;356;320;332;552;734;442;843
1,7921,7986,1,0,952,9,2,194;288;301;265;332;497;679;442;824
1,7708,7784,1,0,1170,9,1,118;76;348;501;514;478;361;658;892
1,7750,7965,1,0,1202,11,2,76;34;348;459;472;436;361;638;850;712;995
1,7787,8085,1,0,1280,10,8,39;328;422;435;399;361;631;813;675;865
1,7804,7867,1,0,1232,10,1,22;311;405;418;382;361;614;796;442;865
1,8007,8068,1,0,640,10,2,108;198;215;179;247;411;593;442;738;829
1,8007,8089,1,0,827,10,2,108;198;215;179;247;411;593;442;718;829
1,8013,8073,1,0,749,10,2,102;196;209;173;231;405;587;442;718;823
1,8032,8090,1,0,1154,12,2,83;177;190;154;211;386;568;430;713;804;676;519
1,7967,8031,1,0,687,9,1,148;242;255;219;287;451;633;442;778
1,7982,8050,1,0,842,10,1,133;226;240;204;272;436;618;442;763;854
1,7989,8041,1,0,718,10,2,126;198;233;197;265;429;611;442;756;847
1,7995,8057,1,0,998,10,4,120;198;227;191;247;423;605;442;750;841
1,6644,6698,1,0,1591,10,1,49;261;361;38;327;764;667;642;857;836
0,6621,6710,1,0,0,10,0,72;261;384;38;350;793;690;665;880;859
1,6621,6694,1,0,1653,10,2,72;261;384;38;350;793;690;665;880;859
0,6591,6654,1,0,0,8,0,79;261;414;38;368;823;720;695
1,6585,6664,1,0,1139,7,2,108;261;420;38;368;829;726
1,6580,6661,1,0,1060,7,1,113;261;425;38;391;834;731
0,6533,6583,1,0,0,6,0,160;261;472;38;438;881
0,6495,6556,1,0,0,9,0,14;3;17;198;261;510;38;476;919
0,6887,6957,1,15,0,10,0,109;118;84;448;424;399;614;593;343;661
0,6870,6937,1,0,0,10,0,126;135;101;448;441;416;631;610;343;661
1,6851,7135,1,0,2137,10,5,145;154;120;448;447;435;650;629;343;742
1,6791,7007,1,0,2137,10,5,205;214;180;448;447;495;710;689;543;802
1,6757,6975,1,0,1732,9,1,239;248;214;657;447;529;744;723;577
1,6747,6976,1,0,1669,9,3,249;258;224;667;564;539;754;733;587
1,6687,6748,1,0,1279,10,1,6;261;318;21;236;727;621;599;814;793
1,6681,6763,1,0,1716,10,1,12;261;324;27;290;733;621;605;820;799
1,7051,7128,1,0,1778,11,2,363;112;235;450;429;283;542;775;636;580;733
1,7065,7148,1,0,1779,11,2,349;112;221;436;415;269;528;761;622;566;719
1,6994,7057,1,0,1513,11,2,2;11;393;112;292;507;486;340;599;832;693
1,7017,7075,1,0,2091,10,2,393;112;269;484;463;317;576;809;670;614
1,6939,6998,1,0,1903,10,4,57;66;32;393;372;347;562;541;343;654
1,6982,7240,1,0,1716,10,5,14;23;393;329;304;519;498;343;611;844
0,6889,6960,1,0,0,10,0,107;116;82;448;422;397;612;591;343;661
1,6936,7216,1,0,1966,10,5,60;69;35;448;375;350;565;544;343;657
1,7283,7353,1,0,1310,12,1,131;28;3;218;197;51;310;543;404;348;501;832
1,7335,7618,1,0,1607,11,9,79;166;145;258;491;352;296;449;780;874;887
1,7130,7344,1,0,1935,11,5,284;112;156;371;350;204;463;647;557;501;654
1,7183,7239,1,0,1373,11,1,231;112;103;318;297;151;410;643;504;350;601
1,7095,7160,1,0,1685,11,1,307;112;191;406;385;218;498;731;592;536;689
1,7111,7185,1,0,1560,11,1,303;112;175;390;369;218;482;715;576;520;673
1,7078,7130,1,0,1684,11,1,336;112;208;423;402;256;515;748;609;553;697
1,7087,7148,1,0,1778,11,3,327;112;199;414;393;218;506;739;600;544;697
0,8990,9047,1,0,0,7,0,207;226;45;461;238;468;763
1,8969,9022,1,0,1310,7,1,228;247;66;482;250;489;784
1,9051,9115,1,0,967,6,2,102;165;400;177;407;702
1,9003,9232,1,0,1373,7,4,194;213;32;448;225;455;750
1,9131,9188,1,0,842,6,1,66;85;320;97;327;603
1,9094,9379,1,0,1045,6,4,102;122;357;134;345;659
0,9251,9313,1,0,0,3,0,200;207;502
1,9160,9228,1,0,656,6,2,37;56;291;68;298;593
1,9271,9527,1,0,499,3,1,180;187;467
1,9262,9517,1,0,531,3,1,189;196;491
0,9351,9408,1,0,0,4,0,100;107;348;570
1,9292,9565,1,0,499,3,1,159;166;349
0,9402,9491,1,0,0,5,0,49;56;348;519;1011
0,9399,9465,1,0,0,5,0,52;59;348;522;1014
1,9508,9569,1,0,842,4,1,245;400;905;443
1,9481,9546,1,0,765,4,1,272;440;932;470
1,9558,9613,1,0,842,4,1,195;363;855;393
0,9568,9623,1,0,0,4,0,159;353;845;383
1,9584,9669,1,0,812,4,1,159;337;829;367
1,9631,9845,1,0,780,4,1,122;283;782;320
1,9658,9731,1,0,811,4,1,95;263;679;293
1,9676,9965,1,0,780,4,2,77;245;679;233
1,9702,9985,1,0,936,6,3,51;219;679;199;722;655
1,9704,9986,1,0,1061,6,4,49;201;679;199;720;653
1,9713,9767,1,0,936,6,1,40;201;679;199;512;644
1,9738,9810,1,0,593,6,1,15;183;656;199;512;619
1,9744,9816,1,15,780,6,1,9;177;656;181;512;613
1,9875,9964,1,0,780,5,1,46;538;76;512;482
1,9884,10114,1,0,718,5,2,37;515;67;512;473
0,9909,9968,1,0,0,5,0,12;504;42;512;279
1,9941,9994,1,0,858,5,1,472;10;483;279;755
1,9944,10163,1,0,795,5,3,434;7;480;279;752
1,8182,8265,1,0,1185,13,1,27;40;4;72;236;418;206;563;654;526;369;1015;653
1,8131,8198,1,0,1388,12,3,78;91;55;123;287;469;206;614;657;577;420;1066
1,8095,8324,1,0,1544,13,8,20;114;127;91;159;323;505;367;650;657;613;456;1102
1,8048,8307,1,0,1404,13,8,67;161;174;138;206;370;552;414;697;788;660;503;1149
0,8304,8373,1,0,0,12,0,114;296;158;441;408;384;247;893;531;319;549;528
1,8270,8333,1,0,1498,12,1,148;330;192;475;408;438;281;927;565;353;583;562
1,8226,8430,1,0,1482,11,6,28;192;374;206;519;602;482;325;971;609;397
1,8201,8274,1,0,1295,12,4,8;21;53;217;399;206;544;635;507;350;996;634
0,8432,8496,1,0,0,12,0,168;30;313;404;105;119;765;403;191;421;400;784
1,8426,8640,1,0,1731,12,3,174;36;319;408;282;125;771;409;197;427;406;790
1,8339,8428,1,0,1591,12,5,79;261;123;406;408;369;212;858;496;248;514;493
1,8326,8387,1,0,1498,12,4,92;274;136;419;408;382;225;871;509;297;527;506
1,8531,8735,1,0,1498,12,4,69;214;305;105;20;666;304;92;172;301;627;477
1,8506,8560,1,0,1389,12,2,94;239;330;105;45;691;329;117;172;326;627;529
1,8464,8745,1,0,1357,11,5,136;281;372;105;87;733;371;159;172;368;752
1,8455,8682,1,0,1482,12,4,145;7;290;381;105;96;742;380;168;398;377;761
1,8612,8691,1,0,1248,10,2,133;224;96;585;223;11;172;220;592;410
1,8620,8691,1,0,920,10,2,125;216;88;577;175;3;172;212;592;410
1,8585,8638,1,0,1014,11,2,15;160;251;105;612;250;38;172;247;592;450
1,8591,8659,1,0,920,11,3,9;141;245;105;606;244;32;172;241;592;444
1,8671,8742,1,0,1248,11,1,74;165;37;511;164;172;161;545;364;780;557
1,8685,8768,1,0,1404,11,3,60;151;23;511;150;168;147;524;350;766;543
1,8652,8710,1,0,1124,11,1,93;184;56;545;175;172;180;564;383;799;576
1,8658,8709,1,0,1092,11,1,87;178;50;539;175;172;174;558;377;793;570
1,8729,8817,1,0,1233,11,1,16;107;468;106;124;103;487;306;722;449;729
1,8860,8943,1,0,1139,6,1,337;356;175;591;368;598
1,8693,8766,1,0,1108,11,1,52;143;15;504;142;156;139;523;342;758;535
1,8728,8790,1,0,1216,11,1,17;108;469;107;125;104;488;307;723;500;730
1,8902,8988,1,0,1014,6,3,295;314;133;505;326;556
1,8936,8992,1,0,1139,6,1,261;280;99;505;250;522
1,8883,8962,1,0,1107,6,2,314;333;152;568;345;575
1,8885,8958,1,0,1061,6,1,312;314;150;566;343;573
1,11536,11786,1,0,437,2,1,60;510
0,11542,11595,1,0,0,2,0,60;487
0,11543,11607,1,0,0,2,0,60;487
0,11589,11880,1,0,0,2,0,60;487
1,11426,11511,1,0,686,5,2,19;50;221;4;756
1,11455,11717,1,0,484,3,1,21;221;727
1,11459,11723,1,0,483,3,2,17;60;723
0,11523,11600,1,0,0,2,0,60;510
1,11390,11457,1,0,734,4,1,55;86;296;40
1,11397,11468,1,0,749,4,2,48;79;264;33
1,11409,11472,1,0,749,4,1,28;67;264;21
0,11412,11488,1,0,0,5,0,28;64;221;18;770
1,11197,11275,1,0,1139,6,1,109;248;279;128;489;233
1,11232,11433,1,0,1092,6,1,84;213;244;93;454;198
1,11265,11562,1,0,1186,6,3,51;180;211;60;306;165
0,11293,11375,1,0,0,6,0,23;152;183;32;306;137
1,12024,12239,1,0,765,4,1,158;335;609;763
1,12016,12073,1,0,826,4,2,166;343;617;816
1,12127,12211,1,0,562,4,1,55;232;506;705
0,12071,12151,1,0,0,4,0,111;288;562;761
0,11903,11977,1,0,0,4,0,279;386;730;929
1,11874,12095,1,0,608,3,1,308;405;748
1,11997,12050,1,0,811,4,1,185;362;636;835
0,11913,11994,1,0,0,4,0,269;386;720;919
1,11783,11861,1,0,421,2,1,390;405
1,11761,11995,1,0,406,2,1,421;405
1,11825,11894,1,0,624,3,1,357;405;808
0,11821,11890,1,0,0,3,0,361;405;812
1,11694,11767,1,0,405,2,1,480;665
1,11605,11838,1,0,624,3,1,60;487;754
1,11724,11977,1,0,422,2,1,458;635
0,11713,11773,1,0,0,2,0,460;646
1,10370,10446,1,0,1170,9,1,43;54;326;271;389;566;620;437;463
0,10395,10448,1,0,0,10,0,18;29;301;246;364;561;595;412;438;921
1,10298,10367,1,0,921,9,1,115;120;49;398;334;461;749;692;509
1,10311,10524,1,15,1092,9,4,102;113;46;385;330;448;702;679;496
1,10273,10324,1,0,624,7,1,140;151;84;423;334;486;774
1,10288,10363,1,0,1154,9,3,125;136;49;408;334;471;759;702;519
1,10206,10465,1,0,1248,7,4,207;218;151;490;334;553;841
1,10217,10271,1,0,1342,7,2,196;207;140;479;334;487;830
0,10130,10189,1,0,0,6,0,283;294;227;540;334;629
1,10158,10215,1,0,1138,6,1,255;266;199;538;334;601
1,10068,10149,1,0,998,6,1,345;350;279;540;573;691
1,10112,10391,1,0,874,6,3,301;312;231;540;529;647
0,9995,10080,1,16,0,4,0,418;350;279;540
0,10014,10093,1,0,0,5,0,399;350;279;540;627
1,9952,10209,1,0,795,4,1,434;350;279;744
0,9956,10008,1,0,0,4,0,434;350;279;540
1,11191,11255,1,0,1139,6,1,125;254;285;134;495;239
0,11187,11249,1,0,0,6,0,129;258;289;138;499;243
0,11154,11232,1,0,0,6,0,162;291;322;171;500;276
1,11122,11207,1,0,1123,7,1,194;30;323;354;203;550;308
0,11111,11168,1,0,0,7,0,205;41;334;365;214;550;319
0,11054,11140,1,0,0,7,0,262;98;391;422;271;550;376
1,10977,11057,1,0,1560,9,2,70;13;339;175;468;499;348;550;447
1,10913,11188,1,0,1514,9,6,134;77;403;239;532;563;412;773;447
1,10894,11170,1,0,1482,9,7,141;96;422;258;551;582;431;792;536
1,10892,10977,1,0,1560,9,1,155;98;424;260;553;584;433;794;538
1,10807,10876,1,0,1513,10,1,240;183;0;26;509;345;598;669;518;879
1,10804,10888,1,0,1670,10,2,243;186;3;29;512;348;629;672;521;882
1,10768,10851,1,0,1919,10,2,279;222;39;65;548;384;677;708;557;918
0,10619,10689,1,0,0,11,0,77;22;140;428;371;188;214;697;533;826;857
0,10597,10675,1,0,0,11,0,99;44;162;450;393;210;236;719;555;848;879
0,10424,10508,1,0,0,10,0,0;272;217;335;561;566;383;409;892;728
1,13449,13533,1,0,1217,9,1,164;461;294;225;112;77;331;859;648
1,13452,13524,1,0,1310,10,1,130;458;291;222;109;77;328;859;645;971
1,13514,13568,1,0,1435,10,1,99;396;229;160;47;77;266;859;583;909
1,13520,13737,1,0,1388,10,2,93;390;203;154;41;77;260;859;577;903
1,13570,13630,1,0,1404,10,1,43;340;173;104;77;193;859;527;853;675
1,13603,13672,1,16,1123,10,1,10;307;140;71;77;177;859;494;820;642
1,13607,13657,1,16,1123,10,2,6;303;136;67;53;173;859;490;816;638
0,13614,13694,1,0,0,9,0,296;129;60;53;166;859;454;809;631
1,13277,13340,1,0,1155,10,2,67;336;132;129;610;466;397;284;407;503
1,13334,13417,1,0,1108,10,4,10;279;75;83;576;409;340;227;350;446
1,13341,13612,1,0,1061,10,6,3;272;68;76;569;402;320;220;343;439
1,13356,13428,1,0,1061,9,1,257;53;61;554;387;318;205;77;424
1,13388,13460,1,0,1107,11,1,225;21;29;522;355;286;173;77;392;1107;709
1,13392,13461,1,0,1139,11,1,221;17;25;518;344;282;169;77;388;1103;705
1,13397,13448,1,0,1123,11,2,216;12;20;513;337;277;164;77;383;1098;700
1,13397,13658,1,0,1201,11,6,216;12;20;513;337;247;164;77;383;1098;700
1,13868,13952,1,0,1607,10,1,42;627;229;555;306;564;313;619;514;568
0,13817,13877,1,15,0,9,0,93;678;280;606;306;615;364;634;565
1,13977,14028,1,0,1139,9,1,518;120;446;268;455;204;510;328;459
1,13927,14149,1,0,1263,9,5,568;170;496;306;505;249;560;455;509
0,14012,14082,1,0,0,9,0,483;85;411;233;420;169;475;328;390
1,14003,14092,1,0,1076,9,3,492;94;420;242;429;178;484;328;433
1,14034,14116,1,0,920,9,2,461;63;389;211;398;147;453;328;373
1,14029,14234,1,0,889,9,3,466;68;394;216;403;152;458;328;390
1,13629,13706,1,0,951,9,1,281;114;45;53;149;859;454;794;616
1,13625,13676,1,0,999,9,1,285;118;49;53;155;859;454;798;620
0,13713,13763,1,0,0,9,0,197;30;67;782;357;710;532;719;468
1,13705,13756,1,0,1154,9,1,205;38;75;790;392;718;540;727;476
1,13781,14049,1,0,1450,8,5,129;714;316;642;464;651;400;706
0,13728,13779,1,0,0,9,0,182;15;52;767;357;695;517;704;453
1,13791,13866,1,0,1389,8,1,119;704;306;632;306;641;390;696
1,13787,14077,1,0,1450,8,5,123;708;310;636;317;645;394;700
1,12474,12530,1,0,780,4,1,159;358;631;870
1,12508,12566,1,0,998,5,1,125;319;597;836;609
1,12345,12426,1,0,593,4,2,14;288;487;760
0,12418,12480,1,0,0,3,0,215;414;687
0,12579,12642,1,0,0,6,0,54;253;526;765;538;1034
1,12601,12653,1,0,1170,6,1,32;231;504;743;516;1012
0,12538,12601,1,0,0,6,0,95;294;567;806;579;1075
0,12577,12646,1,0,0,6,0,56;255;528;767;540;1036
1,12175,12463,1,0,577,4,2,7;184;458;657
1,12179,12435,1,0,577,4,2,3;180;454;615
0,12150,12237,1,0,0,4,0,32;209;483;682
0,12170,12247,1,0,0,4,0,12;189;463;662
1,12242,12327,1,0,546,3,1,117;391;590
1,12257,12484,1,0,608,3,2,102;376;554
1,12206,12281,1,0,530,3,1,153;427;608
0,12228,12297,1,0,0,3,0,131;405;604
1,13164,13236,1,0,1498,11,1,180;449;245;253;106;707;526;510;397;520;616
1,13114,13391,1,0,1669,11,8,230;3;499;295;303;156;707;629;560;447;570
1,13024,13085,1,0,1747,12,3,81;320;93;589;385;375;246;707;719;650;537;660
1,12961,13253,1,0,1825,10,9,144;383;156;652;448;375;309;949;782;713
1,13274,13493,1,0,1186,10,4,70;339;135;129;636;469;400;287;410;506
1,13272,13359,1,0,1248,10,4,72;341;137;145;638;471;402;289;412;508
1,13244,13298,1,0,1217,11,1,100;369;165;173;26;666;499;420;317;440;536
1,13231,13308,1,0,1373,11,4,113;382;178;186;39;679;512;443;330;453;549
1,12790,12840,1,0,1014,6,1,42;315;554;327;773;564
0,12752,12805,1,0,0,6,0,80;353;592;365;773;564
1,12750,13044,1,0,1045,6,2,82;355;594;367;773;659
1,12735,13026,1,0,1123,6,5,97;370;609;382;878;674
1,12938,13025,1,0,1747,10,3,167;406;179;675;471;375;332;972;805;733
1,12928,12988,1,0,1763,10,1,177;416;189;685;481;375;342;982;815;746
0,12916,12986,1,0,0,8,0,189;428;201;697;493;375;354;994
1,12842,13073,1,0,1107,7,5,263;502;275;771;554;575;428
1,713,799,1,0,655,4,1,223;120;355;710
1,726,777,1,0,655,4,1,210;106;342;710
1,679,729,1,0,811,4,1,257;154;389;720
1,693,985,1,0,858,4,3,243;127;375;720
0,605,677,1,0,0,3,0,331;228;463
1,663,956,1,0,765,4,4,273;170;405;782
0,552,640,1,0,0,3,0,374;281;516
0,604,669,1,0,0,3,0,332;229;464
0,996,1055,1,0,0,2,0,72;449
1,1000,1231,1,0,405,2,1,68;445
1,809,1025,1,0,468,4,1,127;24;259;622
1,877,937,1,0,375,3,1,59;191;568
0,792,868,1,0,0,4,0,144;41;276;653
1,798,859,1,0,546,4,1,138;35;270;647
1,733,788,1,0,499,4,1,203;100;335;692
1,764,850,1,0,546,4,1,172;69;304;681
0,79,166,1,0,0,0,0,
0,74,366,1,0,0,0,0,
0,34,295,1,0,0,0,0,
0,17,71,1,0,0,0,0,
1,509,571,1,15,671,3,1,374;324;559
1,374,428,1,0,624,3,1,374;459;694
1,307,567,1,0,421,2,1,629;473
0,299,367,1,0,0,2,0,637;473
1,283,491,1,0,442,2,1,653;550
0,152,429,1,0,0,0,0,
0,140,211,1,0,0,0,0,
0,128,202,1,0,0,0,0,
0,2720,2789,1,0,0,7,0,29;43;217;359;592;396;487
1,2722,2806,1,0,718,7,1,27;41;215;357;590;394;485
0,2673,2762,1,0,0,7,0,29;90;264;406;639;443;534
0,2718,2769,1,0,0,7,0,29;45;219;361;594;398;489
1,2816,3023,1,0,1014,5,5,121;263;496;271;391
1,2821,2875,1,0,1029,6,1,116;258;491;271;243;937
1,2759,2990,1,0,811,6,4,4;178;320;553;357;448
0,2789,2840,1,0,0,5,0,148;290;523;271;418
0,2854,2940,1,0,0,6,0,83;225;458;197;243;904
0,2908,2983,1,0,0,6,0,29;171;404;197;243;850
0,2828,2900,1,0,0,6,0,109;251;484;201;243;930
1,2853,2937,1,0,1061,6,1,84;226;459;201;243;905
1,3002,3082,1,0,1154,7,2,77;266;114;205;644;907;719
0,3004,3086,1,0,0,7,0,75;266;112;203;644;905;644
1,2952,3183,1,0,889,5,2,127;360;164;243;806
1,2966,3261,1,0,1060,6,3,113;346;150;241;644;943
1,2260,2335,1,0,780,5,1,211;203;390;143;489
0,2205,2269,1,0,0,7,0,266;39;258;24;445;198;544
1,2167,2220,1,0,1124,7,2,304;77;296;62;483;236;582
1,2089,2151,1,0,952,6,2,382;155;374;102;561;314
0,2364,2423,1,0,0,6,0,83;99;286;39;385;399
1,2361,2561,1,0,780,6,4,110;102;289;42;388;402
1,2343,2415,1,0,671,5,1,128;120;307;60;406
0,2315,2401,1,0,0,5,0,156;148;335;88;434
0,2470,2542,1,0,0,5,0,1;180;279;293;467
0,2450,2521,1,0,0,6,0,21;13;200;299;313;487
1,2411,2473,1,0,827,6,1,60;52;239;338;352;526
1,2389,2624,1,0,827,6,4,82;74;261;14;360;374
1,2669,2735,1,0,702,7,1,80;94;268;410;643;447;538
0,2653,2712,1,0,0,7,0,96;110;284;426;659;463;554
0,2552,2632,1,0,0,8,0,98;197;172;385;527;760;564;655
1,2491,2728,1,16,764,5,2,159;258;272;446;588
1,1745,1983,1,0,1887,9,5,220;216;173;223;283;726;200;499;630
0,1762,1824,1,0,0,9,0,203;199;156;206;266;584;183;482;630
1,1802,2002,1,0,1529,9,4,163;159;116;166;226;584;143;442;630
1,1823,1906,1,0,1591,9,2,142;138;95;145;205;584;122;421;630
0,1843,1895,1,0,0,10,0,122;118;75;125;175;584;102;401;620;386
1,1863,2150,1,0,1747,11,7,102;98;55;105;165;584;82;381;600;366;787
1,1868,2115,1,0,1451,11,3,97;93;50;100;160;584;77;376;595;293;782
0,1933,2011,1,0,0,10,0,32;28;35;95;538;12;311;530;293;717
1,1942,2011,1,0,1185,10,2,23;19;26;86;529;3;302;521;287;708
1,1984,2061,1,0,764,6,2,44;479;260;479;245;666
1,1995,2057,1,0,687,6,1,33;476;249;468;219;655
1,2007,2062,1,0,951,7,2,4;464;237;456;219;643;396
1,2021,2235,1,0,952,7,4,4;450;223;442;208;628;382
1,2032,2246,1,0,999,6,4,439;212;431;197;618;371
1,2037,2107,1,0,998,6,2,434;207;426;189;613;366
1,2082,2161,1,0,998,6,2,389;162;381;147;568;321
0,1035,1103,1,0,0,2,0,33;410
0,1010,1061,1,0,0,2,0,51;435
1,1077,1363,1,0,218,1,1,368
0,1057,1129,1,0,0,2,0,11;388
1,1222,1308,1,0,1264,6,1,109;357;479;743;739;696
1,1088,1169,1,0,203,1,1,137
0,1470,1523,1,0,0,10,0,109;231;495;491;448;498;558;272;1001;475
1,1329,1393,1,0,1810,9,2,109;250;372;636;632;589;639;699;413
1,1489,1725,1,0,2231,10,5,90;212;300;472;429;479;539;253;982;456
1,1475,1730,1,0,2059,10,4,104;226;490;486;443;493;553;267;996;470
1,1511,1592,1,0,2090,10,3,68;190;300;450;407;457;456;231;960;373
1,1499,1742,1,0,1982,10,5,80;202;300;462;419;469;529;243;972;373
0,1644,1727,1,0,0,10,0,57;300;317;274;324;384;98;827;301;600
0,1603,1654,1,0,0,10,0,98;300;358;315;365;425;139;868;342;641
1,1712,1988,1,0,2028,10,8,253;249;206;256;316;30;759;233;532;751
0,1701,1763,1,15,0,11,0,0;264;260;217;267;327;41;770;244;543;762
1,4579,4798,1,0,826,5,4,25;249;777;750;340
1,4576,4660,1,0,858,5,3,28;252;780;753;458
1,4566,4843,1,0,843,5,4,33;262;790;763;557
0,4554,4604,1,0,0,5,0,33;274;802;775;569
0,4545,4745,1,0,0,5,0,33;283;811;784;578
1,4538,4590,1,0,717,5,1,66;290;815;791;585
0,4492,4576,1,0,0,5,0,112;6;336;815;837
1,4487,4551,1,0,811,5,2,117;6;341;862;842
1,4471,4546,1,0,671,4,1,125;43;357;862
1,4449,4524,1,0,608,4,2,125;65;379;907
1,4436,4496,1,0,640,4,1,168;78;392;920
1,4386,4463,1,0,592,3,1,201;124;442
1,4344,4406,1,0,655,3,1,260;124;484
0,4327,4405,1,0,0,3,0,277;124;501
0,4284,4369,1,0,0,3,0,320;124;544
0,4268,4325,1,0,0,3,0,336;124;560
1,4160,4216,1,0,468,3,1,68;393;354
1,4221,4499,1,0,390,3,1,28;383;293
0,4149,4214,1,0,0,3,0,91;393;365
1,4159,4220,1,0,483,3,1,90;393;355
1,4076,4153,1,0,702,3,1,91;417;438
0,4115,4195,1,0,0,3,0,91;393;399
1,4044,4132,1,0,671,3,1,91;447;470
0,4065,4143,1,0,0,3,0,91;417;449
0,4036,4090,1,0,0,3,0,91;447;478
0,4041,4126,1,0,0,3,0,91;447;473
0,3942,4021,1,0,0,3,0,5;305;447
1,3947,4205,1,0,484,3,1,0;302;447
1,3922,4214,1,0,406,3,1,25;327;682
1,3939,4000,1,0,437,3,1,8;310;447
1,3889,3978,1,0,421,4,1,20;58;360;715
1,3893,3969,1,0,437,4,1,16;54;356;711
1,3864,3916,1,0,577,6,1,45;13;20;83;385;740
0,3823,3890,1,0,0,6,0,86;54;61;124;426;781
0,3866,3943,1,0,0,6,0,43;10;18;58;383;738
1,3864,3929,1,0,749,6,2,45;10;20;83;385;740
0,3770,3853,1,0,0,6,0,139;107;114;177;479;834
0,3756,3818,1,0,0,7,0,2;153;121;128;191;493;848
0,3816,3874,1,0,0,6,0,93;61;68;131;433;788
0,3815,3887,1,0,0,6,0,94;62;69;132;434;789
1,3693,3745,1,0,811,7,2,65;216;28;184;191;254;556
1,3630,3830,1,0,780,7,3,128;279;91;247;254;317;619
1,3718,3800,1,0,811,7,3,40;191;3;157;166;229;531
1,3696,3931,1,0,843,7,3,57;213;25;181;188;251;553
1,3585,3813,1,0,873,7,3,173;324;136;292;299;362;664
1,3557,3617,1,0,765,7,3,186;352;164;320;327;390;668
0,3608,3662,1,0,0,7,0,150;301;113;269;276;329;641
1,3591,3654,1,0,874,7,3,167;318;130;286;293;356;658
1,3508,3578,1,0,952,7,3,250;401;213;364;340;439;741
1,3510,3720,1,0,1030,7,3,248;376;211;364;340;437;739
1,3517,3591,1,0,842,7,1,241;376;204;360;340;430;668
1,3549,3609,1,0,858,7,2,209;360;172;328;335;398;668
1,3369,3429,1,0,1170,6,2,389;540;352;508;515;514
1,3472,3550,1,0,967,7,1,286;437;249;405;412;475;777
1,3482,3551,1,0,920,7,3,276;427;239;395;340;465;767
1,3488,3554,1,0,921,7,1,270;421;233;389;340;458;761
1,3197,3259,1,0,1497,8,1,49;10;561;602;524;680;687;750
1,3245,3304,1,0,967,7,1,49;513;602;476;632;639;702
1,3248,3310,1,0,1154,7,2,49;510;602;473;579;636;699
1,3310,3608,1,0,1014,7,6,2;448;586;411;567;574;637
1,3016,3102,1,0,1233,7,1,63;266;100;191;644;893;644
1,3073,3292,1,0,936,7,1,6;239;43;134;644;836;644
1,3094,3162,1,0,702,6,1,49;22;113;644;815;627
1,3112,3389,1,0,921,6,4,49;4;95;641;797;609
1,6458,6704,1,0,1092,10,2,51;24;30;54;235;538;547;250;496;956
1,6445,6514,1,0,1202,10,1,64;24;43;67;248;551;560;263;507;969
1,6441,6505,1,0,1326,10,3,68;57;47;71;252;555;564;267;507;973
0,6398,6463,1,0,0,10,0,111;100;90;114;295;598;607;310;507;981
0,6489,6560,1,0,0,9,0,20;9;23;204;261;516;38;482;924
1,6481,6549,1,0,1092,10,3,28;17;7;31;212;261;524;38;490;933
1,6476,6769,1,0,1201,10,2,33;22;12;36;217;295;529;38;495;938
1,6459,6683,1,0,1186,10,5,50;24;29;53;234;295;546;249;496;955
1,6257,6339,1,0,1154,8,2,252;241;226;255;436;739;748;451
1,6234,6296,1,0,1201,9,2,275;264;13;254;278;459;762;771;474
1,6162,6240,1,0,1358,9,3,347;336;85;326;350;531;834;843;546
0,6110,6193,1,0,0,9,0,399;388;137;378;402;562;886;895;598
1,6362,6439,1,0,1310,10,3,147;136;126;150;331;634;643;346;507;1052
1,6355,6580,1,0,1388,10,4,154;143;133;157;338;641;650;353;616;1059
1,6314,6365,1,0,1311,10,1,195;184;174;198;379;682;691;394;657;1100
0,6258,6334,1,0,0,8,0,251;240;219;254;435;738;747;450
1,5874,5939,1,0,1263,8,1,41;86;113;197;576;624;373;614
1,5934,6216,1,0,1217,8,6,26;113;137;575;564;313;554;578
1,5856,5936,1,0,1092,7,1,59;104;196;215;653;642;391
1,5859,6125,1,0,1123,7,2,56;101;193;212;576;639;388
0,6014,6081,1,0,0,10,0,38;57;495;484;224;474;498;679;982;991
1,6061,6140,1,0,1482,10,3,10;448;437;186;427;451;632;935;944;647
1,5986,6060,1,0,1264,9,2,66;85;523;512;224;502;526;707;1010
0,5987,6052,1,0,0,9,0,65;84;503;511;224;501;525;706;1009
1,5666,5751,1,0,1607,9,1,249;101;72;166;294;386;363;843;805
1,5692,5754,1,0,1419,9,1,223;75;46;140;268;338;363;817;805
1,5633,5865,1,0,1685,10,3,24;282;6;134;105;199;327;419;438;876
1,5661,5737,1,0,1607,9,3,254;106;77;171;299;391;363;848;837
1,5741,5806,1,0,1295,9,3,166;26;91;219;311;330;768;757;506
1,5751,5814,1,0,1342,9,1,164;16;75;209;301;320;758;747;496
1,5709,5772,1,0,1482,9,1,206;58;29;123;251;338;362;800;789
1,5733,5784,1,0,1544,10,1,182;34;5;99;227;319;338;776;765;514
1,5376,5459,1,0,1138,9,2,183;12;281;539;263;391;101;362;456
1,5301,5371,1,0,1341,12,3,55;28;258;87;37;356;614;338;466;176;437;531
1,5421,5502,1,16,1357,9,2,138;236;399;218;346;56;317;375;539
1,5396,5667,1,0,1139,8,5,163;261;519;243;371;81;342;375
1,5527,5578,1,0,1497,10,1,32;130;388;112;240;211;305;433;525;544
1,5491,5578,1,0,1326,9,1,68;166;399;148;276;247;341;469;561
1,5584,5660,1,0,1326,9,1,73;331;55;183;154;244;376;468;487
1,5572,5783,1,0,1404,9,4,85;343;67;195;166;260;388;480;499
1,5042,5130,1,0,1186,11,2,306;287;81;517;346;296;615;873;597;725;435
1,4987,5072,1,0,1217,10,1,369;342;136;572;401;322;670;928;600;780
1,5057,5112,1,0,1217,11,1,299;272;66;502;331;281;600;712;582;710;420
1,5044,5256,1,0,1264,11,8,306;280;79;515;344;294;613;871;595;723;433
1,5125,5211,1,0,1248,10,2,231;204;434;263;213;527;712;514;642;352
1,5110,5179,1,0,1170,11,2,246;219;13;449;278;228;547;712;529;657;367
1,5243,5299,1,0,1467,12,2,113;86;316;145;95;414;672;396;524;234;495;589
1,5133,5185,1,0,1295,11,2,223;194;426;255;205;524;712;506;634;344;605
1,4815,5067,1,0,1108,7,4,13;541;420;306;710;573;523
0,4825,4876,1,0,0,7,0,3;531;420;298;710;563;322
0,4850,4922,1,0,0,6,0,506;420;273;709;538;322
1,4855,4926,1,0,1092,6,1,501;420;268;704;533;322
1,4874,4956,1,0,951,7,2,446;420;249;685;514;322;783
1,4888,4939,1,0,983,8,2,446;420;235;671;500;322;769;1027
1,4932,5008,1,0,1076,9,1,424;397;191;627;456;322;725;983;707
1,4954,5201,1,0,1092,9,4,402;375;169;605;434;322;703;961;685
0,4592,4657,1,0,0,5,0,12;236;764;737;317
1,4636,4695,1,0,905,5,2,192;720;693;317;923
1,4706,4936,1,0,952,6,1,122;650;623;306;853;682
0,4723,4805,1,0,0,6,0,105;633;420;306;836;665
0,4752,4823,1,0,0,7,0,76;604;420;306;807;636;586
0,4760,4827,1,0,0,7,0,68;596;420;306;799;628;578
0,4785,4843,1,0,0,7,0,43;571;420;306;774;603;553
1,4785,4859,1,0,1248,7,1,43;571;420;306;774;603;553
1,14825,14899,1,0,2652,13,2,135;154;278;95;412;395;96;347;514;450;732;418;535
1,14860,14919,1,0,2558,13,2,100;119;243;60;377;360;61;312;479;409;697;383;500
1,14887,15176,1,0,2246,13,8,73;92;216;33;350;333;34;285;452;387;670;356;473
0,14906,14957,1,0,0,13,0,54;73;197;14;331;314;15;266;433;368;651;337;454
1,14928,15135,1,0,1779,11,6,32;51;175;309;292;244;411;347;629;315;432
1,14963,15042,1,0,1732,11,1,16;140;274;257;209;376;312;431;280;397;769
1,14966,15025,1,0,1997,11,1,13;137;271;254;137;373;309;431;277;394;766
1,14991,15050,1,0,2387,12,1,112;246;229;137;348;284;431;252;369;741;606;626
1,14123,14209,1,0,1451,10,3,372;300;122;309;58;364;259;313;695;796
1,14122,14204,1,0,1326,10,4,373;301;123;310;59;365;260;314;696;838
0,14243,14323,1,0,0,10,0,252;171;2;189;244;139;193;575;717;736
1,14218,14278,1,0,1186,10,1,277;205;27;214;269;164;218;600;742;761
0,14330,14384,1,0,0,13,0,165;93;102;157;52;106;488;630;649;773;590;907;890
1,14269,14349,1,0,1311,9,3,226;154;163;218;113;167;549;691;710
1,14377,14584,1,0,2091,14,3,118;46;55;110;5;59;441;583;602;726;425;860;843;544
1,14373,14627,1,0,2246,14,4,122;50;59;114;9;63;445;587;606;730;547;864;847;548
1,14438,14502,1,0,1872,11,1,57;49;380;522;541;665;425;799;782;483;346
1,14402,14467,1,0,2418,14,1,93;21;30;84;34;416;558;577;701;425;835;818;519;382
1,14468,14557,1,0,1638,11,1,27;19;350;492;511;635;299;769;752;453;316
1,14461,14542,1,0,1888,11,2,34;26;357;499;518;641;425;776;759;460;323
1,14575,14829,1,0,2059,11,8,243;385;404;528;299;662;645;346;209;597;764
1,14519,14574,1,0,1887,11,1,299;441;460;584;299;718;701;402;265;653;820
1,14754,14825,1,0,2075,12,1,64;206;225;349;166;483;466;167;30;418;585;521
1,14657,14907,1,0,2137,12,7,161;303;322;446;263;580;563;264;127;515;682;618
159
9698,10357,304.18,11
9680,10424,356.77,8
9461,9951,112.52,10
9372,10413,242.29,8
9345,9921,131.59,11
8968,9753,251.90,10
8705,9458,152.83,10
8652,9228,128.48,11
10393,11316,16.53,8
10346,10833,0.00,8
10282,10807,0.00,9
10275,10990,0.00,10
10191,11047,221.22,11
10040,10759,66.01,11
10008,10641,195.39,8
9922,10696,204.60,9
8023,8708,239.19,9
8024,8551,0.00,9
7750,8745,197.78,10
7978,8836,359.72,11
7645,8600,60.25,8
7739,8462,395.03,11
7486,8254,270.06,10
7610,8418,170.65,11
8472,9035,113.96,10
8632,9451,66.02,8
8264,8832,42.34,8
8378,9216,230.10,8
8212,8623,49.84,8
8263,8853,238.99,9
8038,9197,120.96,11
8152,8835,48.18,9
6598,7480,0.00,10
6595,7501,0.00,10
6784,7593,156.63,10
6729,7334,239.16,9
6292,7414,413.95,8
6288,6971,198.27,10
6588,7286,0.00,10
6536,7311,381.26,11
7331,8209,260.44,9
7240,8115,216.74,9
7446,8186,7.85,10
7333,8222,53.92,8
6984,7687,0.00,8
6952,7826,333.87,10
7034,7784,77.10,10
6995,7631,151.20,8
5404,5960,0.00,11
5466,6052,129.15,11
5507,6071,75.06,10
5614,6509,98.64,9
4978,5767,0.00,8
5037,5477,0.00,8
5127,5738,0.00,11
5178,5832,129.78,8
5938,6693,100.11,10
5973,6996,277.15,11
5993,7005,0.00,9
6019,6708,211.50,9
5648,6498,104.37,10
5732,6247,97.67,9
5863,6488,43.01,10
5897,6512,0.00,11
3390,4249,340.36,10
3177,3947,241.70,8
3133,3884,116.48,10
3131,3877,126.34,11
4429,5356,211.64,8
4231,4828,39.57,11
4031,4514,207.33,10
3746,4604,426.52,10
4705,5388,0.00,8
4633,5559,91.82,10
4511,5123,270.09,8
4475,5329,231.68,11
4899,5639,87.14,9
4887,5915,417.55,9
4866,5657,46.41,8
4735,5338,201.00,9
1693,2463,142.20,10
1826,2229,165.95,8
1454,1945,83.35,10
1575,2244,0.00,9
2107,2749,59.46,9
2351,2763,100.68,10
1863,2650,52.76,11
2006,2403,66.14,11
2504,3312,270.09,10
2506,3116,160.70,8
2396,2937,0.00,9
2476,3079,0.00,8
2964,3909,267.74,8
2983,3721,114.20,10
2516,3207,148.13,8
2818,3758,197.51,8
161,936,255.63,8
369,1068,99.91,11
218,833,170.43,9
1090,1579,0.00,11
608,1445,384.78,11
1135,1965,190.72,11
1104,1701,0.00,8
1200,1918,96.24,11
1157,1961,0.00,8
1308,2028,150.99,11
1266,1968,0.00,8
1436,2471,232.14,11
1308,1742,0.00,8
14484,15172,152.44,8
14396,14784,0.00,8
14635,15275,104.54,10
14500,15339,41.84,10
14776,15243,0.00,10
14769,15557,198.92,10
14956,15732,0.00,8
14778,15360,0.00,11
14089,14960,95.84,11
14068,14818,0.00,11
14273,15103,24.74,10
14216,14979,89.95,9
14316,15237,0.00,11
14284,14920,248.17,11
14333,14921,0.00,11
14322,15220,0.00,8
14968,15597,0.00,11
14983,15617,0.00,11
12462,13344,0.00,8
12327,13105,80.13,8
11892,12832,194.11,11
11820,12633,162.70,10
12794,13417,216.54,10
12654,13409,128.44,10
12526,13613,152.14,11
12490,13117,0.00,8
10654,11325,0.00,11
10548,11476,26.13,9
10534,11445,107.27,10
10417,11152,0.00,11
11595,12359,263.72,11
11410,12182,310.69,9
10846,11430,147.67,10
10763,11686,688.37,9
13539,14245,158.60,11
13649,14432,0.00,10
13384,14097,71.43,8
13451,14423,34.19,10
13810,14382,163.47,11
13818,14436,143.52,8
13684,14181,64.20,10
13737,14487,88.66,10
12919,13743,244.87,10
12928,13674,88.21,9
12841,13270,0.00,11
12870,13910,269.15,9
13127,13780,74.10,10
13370,14495,284.13,11
12986,13561,0.00,8
12998,13684,290.26,8
