101
1,2334,2386,1,0,0,13,2,153;99;622;609;249;226;216;493;245;654;831;422;856
1,2254,2318,1,0,0,11,1,233;141;702;689;329;306;296;573;325;734;911
1,2412,2473,1,0,0,13,1,75;21;544;531;171;148;138;387;167;576;753;344;778
1,2409,2470,1,0,0,13,1,78;24;547;534;174;151;141;418;170;579;756;347;781
0,2508,2587,1,0,0,11,0,448;435;75;52;42;319;71;480;657;248;682
1,2461,2523,1,0,0,12,1,26;495;482;122;99;89;366;118;527;704;295;729
1,2592,2676,1,0,0,8,2,364;351;235;396;573;164;598;832
1,2520,2572,1,0,0,11,1,436;423;63;40;30;307;59;468;645;236;670
1,2623,2900,1,0,0,9,8,333;320;204;365;542;133;566;801;754
0,2612,2678,1,0,0,9,0,344;331;215;376;553;144;566;812;765
1,2668,2947,1,0,0,10,9,288;275;159;320;497;88;522;756;709;897
0,2642,2693,1,0,0,9,0,314;301;185;346;523;114;548;782;735
1,1835,2051,1,0,0,3,2,270;525;598
1,1841,1923,1,0,0,3,1,270;474;592
0,1798,1851,1,0,0,3,0,270;689;635
1,1803,2081,1,15,0,3,2,270;684;630
1,1875,2077,1,0,0,3,2,264;474;538
1,1879,2175,1,16,0,4,3,264;473;538;1077
0,1866,1926,1,0,0,3,0,264;474;567
1,1869,1924,1,0,0,3,1,264;474;564
1,1962,2046,1,0,0,7,1,176;473;424;994;981;621;598
1,2018,2090,1,0,0,9,1,150;469;415;938;923;565;542;532;809
1,1945,2004,1,0,0,7,1,223;473;424;1011;998;638;615
1,1950,2018,1,0,0,7,1,200;473;424;1006;993;633;610
1,2213,2270,1,0,0,11,1,274;220;743;730;370;347;337;614;366;775;952
1,2221,2304,1,0,0,11,2,266;188;735;722;362;339;329;606;358;767;944
0,2042,2094,1,0,0,10,0,126;445;391;914;901;541;518;508;785;537
1,2186,2257,1,0,0,10,1,301;247;770;757;397;374;364;641;393;802
1,1525,1734,1,0,0,6,3,194;178;172;259;231;643
1,1521,1580,1,0,0,6,1,226;182;176;263;235;647
1,1453,1541,1,0,0,5,1,294;247;244;331;303
1,1379,1600,1,0,0,6,4,63;349;324;318;405;377
0,1562,1645,1,0,0,6,0,165;141;135;222;194;603
1,1561,1631,1,0,0,6,1,185;142;136;223;195;603
1,1554,1632,1,0,0,6,1,193;149;143;230;202;603
0,1530,1609,1,0,0,6,0,194;173;167;254;226;603
0,1710,1797,1,0,0,4,0,37;74;46;458
0,1703,1774,1,0,0,5,0,44;0;81;53;465
1,1634,1693,1,0,0,6,1,113;69;63;150;122;534
1,1564,1618,1,0,0,6,1,165;139;133;220;192;603
1,1769,1978,1,0,0,4,3,15;283;718;664
1,1742,2004,1,0,0,5,2,5;42;14;426;745
0,1731,1816,1,0,0,5,0,16;53;25;433;756
1,1711,1929,1,0,0,4,1,36;73;45;457
0,972,1026,1,0,0,8,0,279;470;292;342;388;775;731;725
0,1074,1137,1,0,0,9,0,177;368;190;240;286;673;629;623;710
1,1119,1359,1,0,0,10,5,132;323;145;195;241;628;584;578;665;637
1,1162,1233,1,0,0,10,1,89;280;102;90;198;585;541;535;622;594
1,834,915,1,0,0,6,2,411;608;420;480;526;913
1,840,921,1,0,0,7,2,396;602;420;474;520;907;863
1,894,974,1,0,0,8,1,357;548;370;420;454;853;809;803
0,931,984,1,0,0,8,0,320;511;313;383;429;816;772;766
0,1308,1378,1,0,0,8,0,134;6;52;393;395;389;476;448
1,1310,1516,1,0,0,8,4,132;4;50;393;393;387;474;446
1,1338,1588,1,0,0,7,4,104;22;374;365;359;446;418
0,1354,1436,1,0,0,7,0,88;6;349;349;343;430;402
1,1164,1248,1,0,0,10,2,87;278;56;90;196;583;539;533;620;592
0,1181,1238,1,0,0,10,0,70;261;56;90;158;566;522;516;603;575
1,1193,1275,1,0,0,10,2,58;249;56;90;158;554;510;504;591;563
1,1303,1380,1,0,0,8,1,139;11;57;444;400;394;481;453
1,595,812,1,0,0,6,4,109;201;636;847;669;719
0,586,672,1,0,0,6,0,118;210;636;856;678;728
1,628,892,1,0,0,7,5,76;168;623;814;538;686;732
0,599,680,1,0,0,6,0,105;197;636;843;538;715
0,501,577,1,0,0,5,0,198;295;636;941;763
1,491,783,1,0,0,5,3,213;305;636;951;773
0,550,606,1,0,0,5,0,154;246;636;892;714
0,520,577,1,0,0,5,0,184;276;636;922;744
1,758,839,1,0,0,6,1,38;493;684;506;556;602
1,709,978,1,0,0,6,5,87;542;733;534;605;651
1,833,897,1,0,0,6,2,418;609;420;481;527;914
1,817,894,1,0,0,6,1,434;625;447;497;543;930
1,642,703,1,0,0,7,1,62;154;609;800;534;672;718
0,631,710,1,0,0,7,0,73;165;620;811;534;683;729
1,688,932,1,0,0,7,4,16;108;563;754;534;626;672
1,662,951,1,0,0,7,4,42;134;589;780;534;652;698
0,274,349,1,0,0,3,0,282;522;216
0,275,354,1,0,0,3,0,282;521;215
0,222,292,1,0,0,2,0,282;574
0,254,339,1,0,0,3,0,282;542;236
0,218,279,1,0,0,2,0,295;578
1,220,476,1,0,0,2,1,295;576
0,173,454,1,0,0,2,0,525;623
1,203,497,1,0,0,2,1,501;593
1,464,722,1,0,0,4,3,240;332;26;787
0,479,563,1,0,0,4,0,225;317;11;636
0,338,394,1,0,0,3,0,282;458;152
0,439,503,1,0,0,3,0,265;357;51
0,318,370,1,0,0,3,0,282;478;172
0,333,407,1,0,0,3,0,282;463;157
0,284,369,1,0,0,3,0,282;512;206
0,301,355,1,0,0,3,0,282;495;189
0,21,230,1,0,0,0,0,
1,171,239,1,0,0,2,1,533;625
0,166,218,1,0,0,2,0,538;630
1,120,204,1,0,0,2,1,584;676
0,90,162,1,0,0,1,0,614
0,88,142,1,0,0,1,0,616
0,82,134,1,0,0,1,0,622
0,79,132,1,0,0,1,0,625
0,71,138,1,0,0,1,0,633
30
488,1264,300.49,11
485,1442,0.00,11
455,1251,201.59,11
253,490,0.00,9
113,796,0.00,11
45,704,289.35,8
1506,2168,310.55,9
1080,1756,0.00,8
1012,1784,0.00,8
865,1697,0.00,8
838,1703,77.61,9
801,1747,196.87,9
625,1360,124.43,11
563,1314,105.21,8
1721,2487,270.23,10
1757,2433,235.38,8
1878,2956,0.00,9
1891,2943,101.76,11
1902,2583,0.00,10
1918,2560,0.00,11
2008,2550,0.00,9
2018,2827,85.68,11
2030,2579,0.00,9
2165,2988,0.00,8
2204,3165,0.00,10
2267,2756,0.00,9
2319,3190,32.95,9
2573,3424,0.00,11
2611,3377,0.00,10
2651,3565,0.00,8
