501
1,2470,2556,1,0,0,8,1,37;599;192;358;582;631;624;688
1,2545,2622,1,15,0,9,4,524;117;283;507;631;549;613;891;653
1,2560,2629,1,0,0,9,1,509;87;268;492;624;534;598;876;638
1,2571,2638,1,0,0,9,1,498;87;245;481;613;523;587;865;627
1,2205,2498,1,0,0,8,5,26;302;109;173;864;457;623;847
1,2246,2308,1,0,0,7,2,261;68;132;823;416;582;734
1,2265,2343,1,0,0,7,2,242;49;113;804;397;563;734
1,2409,2621,1,0,0,8,7,98;660;253;419;643;775;685;749
1,1997,2215,1,0,0,7,2,234;477;317;380;1072;548;831
1,2011,2099,1,0,0,7,1,220;477;303;367;969;548;817
1,2044,2113,1,0,0,8,2,185;463;270;334;969;548;784;1008
1,2114,2344,1,0,0,8,3,117;393;200;264;955;548;714;938
0,1884,1969,1,0,0,6,0,347;44;477;350;426;1185
1,1897,1981,1,0,0,7,1,334;31;477;350;426;1172;765
1,1972,2026,1,0,0,6,1,259;477;342;406;1097;690
1,1972,2181,1,0,0,6,3,259;477;342;380;1097;690
0,1848,1919,1,0,0,6,0,15;383;80;477;466;530
1,1795,2044,1,0,0,5,2,68;436;133;676;519
1,1882,1956,1,0,0,5,1,349;46;477;350;496
1,1866,2160,1,16,0,5,3,365;62;477;448;512
1,1622,1891,1,0,0,3,1,241;609;306
0,1618,1692,1,0,0,3,0,245;613;310
1,1679,1748,1,0,0,4,2,184;552;249;676
1,1670,1883,1,0,0,4,3,193;561;258;837
0,1444,1495,1,0,0,3,0,419;787;348
1,1431,1640,1,0,0,3,1,432;800;478
0,1605,1684,1,0,0,3,0,258;626;323
1,1516,1570,1,0,16,3,2,347;715;348
0,1378,1458,1,0,0,5,0,7;35;485;801;550
0,1374,1434,1,0,0,5,0,11;35;489;801;554
1,1418,1476,1,0,0,3,1,445;801;478
1,1414,1498,1,15,0,4,1,1;449;801;514
1,3331,3576,1,0,0,9,4,105;176;73;71;87;375;848;649;821
1,3419,3698,1,0,0,7,4,17;88;287;768;561;659;663
1,3258,3333,1,0,0,8,1,178;246;146;144;160;448;929;722
1,3312,3383,1,0,0,9,2,124;195;92;90;106;394;875;668;840
0,3159,3243,1,0,0,10,0,13;277;39;347;76;245;243;259;547;930
1,3230,3313,1,0,0,8,1,206;277;5;174;172;188;476;930
1,3145,3435,1,0,0,11,6,39;13;291;53;347;90;259;257;273;561;1042
1,3152,3204,1,0,0,11,2,32;6;284;46;347;83;252;250;266;554;930
1,3091,3148,1,0,0,12,1,93;3;67;345;107;416;0;132;273;278;327;615
1,3142,3229,1,0,0,11,2,42;16;294;56;365;93;262;260;276;564;1045
1,3067,3152,1,0,0,13,1,2;117;27;91;369;131;440;24;168;280;278;351;639
1,3088,3342,1,0,0,12,4,96;6;70;348;110;419;3;147;273;278;330;618
0,3041,3095,1,0,0,14,0,28;11;143;53;117;395;157;466;50;194;336;278;377;665
1,3061,3126,1,0,0,13,1,8;123;33;97;375;137;446;30;174;336;278;357;645
1,3015,3100,1,0,0,14,2,54;37;169;79;143;421;183;492;76;220;389;278;400;691
1,3027,3100,1,0,0,14,2,42;25;157;67;131;409;171;480;64;208;377;278;391;679
1,2982,3058,1,0,0,14,4,87;70;202;112;176;454;216;525;109;253;422;278;400;724
1,2974,3042,1,0,0,14,2,95;78;210;120;184;462;224;533;117;261;430;278;444;732
1,2950,3173,1,0,0,14,7,119;102;234;144;208;486;248;557;141;285;454;452;468;756
1,2853,2933,1,0,0,11,3,216;199;331;241;305;542;345;654;238;382;551
1,2827,2900,1,0,0,12,3,242;1;225;357;267;331;549;371;680;264;408;577
1,2785,2856,1,0,0,12,2,284;43;267;399;282;373;549;384;722;306;421;619
1,2705,2970,1,0,0,12,5,364;123;347;479;282;453;549;384;773;386;530;655
1,2694,2752,1,0,0,12,1,375;133;358;490;282;464;549;384;773;397;541;710
1,2678,2746,1,0,0,11,1,391;150;374;506;282;480;549;384;773;413;557
1,2654,2890,1,16,0,11,6,415;8;174;398;530;282;504;591;384;773;437
1,2629,2890,1,0,0,10,5,440;33;199;423;555;282;529;591;384;878
1,2626,2855,1,0,0,10,3,443;36;202;426;558;468;532;591;384;881
1,2612,2828,1,0,0,9,3,457;50;216;440;572;482;536;591;586
1,2577,2663,1,0,0,9,4,492;85;227;475;607;517;581;591;621
1,2575,2630,1,0,0,9,1,494;87;227;477;609;519;583;591;623
1,2572,2854,1,0,0,9,8,497;87;227;480;612;522;586;864;626
1,4162,4231,1,0,0,11,3,25;179;203;249;231;313;161;595;633;271;718
0,4168,4370,1,0,0,11,0,19;173;197;243;225;307;155;532;633;265;712
1,4235,4298,1,0,0,10,2,106;130;176;158;240;88;522;570;198;645
1,4258,4476,1,15,0,11,5,83;107;153;135;217;65;499;541;175;622;813
1,4268,4473,1,0,0,11,5,73;97;143;125;207;55;489;537;165;612;705
1,4294,4576,1,0,16,11,8,47;71;117;99;181;29;463;511;139;586;705
1,4299,4367,1,0,0,11,3,42;66;112;94;176;24;458;506;134;581;507
1,4304,4576,1,0,0,11,1,37;61;107;89;171;19;441;501;129;576;507
1,3833,4104,1,0,0,10,8,354;147;319;249;508;532;283;578;560;642
1,3845,3896,1,0,0,11,1,342;135;307;237;496;520;271;447;548;630;478
1,3937,4017,1,0,0,11,3,250;43;215;145;404;428;179;447;456;538;386
1,3973,4035,1,0,0,11,3,214;7;179;109;368;392;143;438;420;493;350
1,4036,4117,1,0,0,13,2,151;116;46;305;329;80;375;357;439;287;721;769;397
1,4073,4127,1,0,0,14,3,114;79;9;268;292;43;338;320;402;250;684;732;352;807
1,4084,4159,1,0,0,13,3,103;68;257;281;32;327;309;391;239;673;679;349;796
1,4146,4229,1,0,0,12,4,41;6;195;219;265;247;329;177;611;659;287;734
1,3655,3727,1,0,0,9,1,51;532;325;497;415;644;710;461;756
1,3584,3653,1,0,0,8,1,122;603;396;568;415;644;718;532
1,3709,3776,1,0,0,8,1,478;271;443;373;632;656;407;600
1,3702,3956,1,0,0,9,8,4;485;278;450;380;639;663;414;709
1,3758,3835,1,0,0,8,1,429;222;380;324;583;607;358;600
1,3744,3807,1,0,0,8,2,443;236;408;338;597;621;372;600
1,3772,3857,1,0,0,8,2,399;208;380;310;569;593;344;600
1,3771,3860,1,0,0,8,1,415;209;380;311;570;594;345;600
1,3445,3496,1,0,0,6,1,62;261;742;535;648;415
1,3437,3519,1,0,0,6,1,70;269;750;543;659;415
0,3457,3522,1,0,0,6,0,50;249;730;523;624;415
0,3456,3540,1,0,0,6,0,51;250;731;524;624;415
1,3502,3554,1,0,0,7,1,5;204;685;478;624;415;644
1,3482,3703,1,16,0,7,4,25;224;705;498;624;415;859
1,3580,3661,1,0,0,8,1,126;607;400;572;415;644;785;536
1,3541,3621,1,0,0,7,1,165;646;430;611;415;644;824
1,5230,5284,1,0,0,11,1,202;41;354;85;214;328;27;135;498;512;545
1,5237,5289,1,0,0,11,3,195;34;347;78;207;321;20;128;491;505;538
1,5139,5218,1,0,0,13,2,2;293;132;445;176;72;271;419;118;226;589;603;636
1,5195,5248,1,0,0,12,2,237;76;389;120;16;249;363;62;170;533;547;580
1,5336,5392,1,0,0,8,2,96;248;108;222;29;392;307;439
0,5454,5533,1,0,0,7,0,130;104;274;288;321;452;658
1,5249,5490,1,0,0,11,5,183;22;335;66;195;309;8;116;479;493;526
0,5255,5319,1,0,0,11,0,177;16;329;60;189;303;2;110;473;307;520
1,4865,4944,1,0,0,13,1,15;206;276;567;406;719;188;450;346;579;644;392;369
1,4920,4976,1,0,0,12,2,151;221;512;351;664;133;395;291;524;638;317;369
1,4790,5004,1,0,0,14,7,15;90;281;351;642;481;794;263;525;421;654;768;467;369
1,4815,4870,1,0,0,13,1,65;256;326;617;456;769;238;500;396;629;644;442;369
1,4972,5046,1,0,0,13,3,99;169;460;299;612;81;343;239;472;586;285;369;756
1,5095,5181,1,0,0,12,2,46;337;176;489;220;116;349;463;162;270;633;647
1,4927,5217,1,0,0,12,7,144;214;505;344;644;126;388;284;517;631;317;369
1,4947,5013,1,0,0,12,3,124;194;485;324;637;106;368;264;497;611;310;369
1,4643,4704,1,0,0,12,4,114;162;237;428;498;789;612;941;410;672;559;801
1,4639,4708,1,0,0,11,4,118;166;241;432;502;793;612;945;414;676;572
1,4573,4623,1,0,16,9,2,184;232;307;498;568;859;612;1011;480
0,4548,4626,1,0,0,9,0,209;257;323;507;593;884;612;1036;505
1,4785,5014,1,0,0,14,6,20;95;286;356;647;486;799;268;530;426;659;773;472;580
0,4745,4819,1,0,0,14,0,12;60;135;326;396;687;526;839;308;570;466;699;813;512
1,4676,4941,1,0,0,12,6,81;129;204;395;465;756;595;864;377;639;535;768
1,4671,4741,1,0,0,12,2,86;134;209;400;470;761;600;913;382;644;540;773
0,4435,4521,1,0,0,7,0,40;322;370;323;507;706;997
1,4391,4679,1,15,0,8,3,20;2;84;366;414;18;323;507
1,4387,4439,1,0,0,8,1,24;6;88;370;418;46;323;507
1,4313,4376,1,0,0,11,2,28;52;98;80;162;10;441;492;120;323;507
1,4496,4706,1,0,0,7,2,237;309;323;507;645;920;775
1,4490,4554,1,0,0,7,1,240;315;323;507;651;920;781
1,4489,4546,1,0,0,7,1,268;316;323;507;652;920;782
1,4479,4540,1,0,0,7,3,278;326;323;507;662;953;792
1,5880,5951,1,0,0,6,1,26;232;326;3;122;483
1,5837,5917,1,0,0,6,1,69;269;338;3;165;483
0,5997,6072,1,0,0,5,0,115;210;3;5;483
1,5969,6030,1,0,16,5,1,143;238;3;33;483
1,5808,5886,1,0,0,6,1,98;304;338;3;194;483
0,5802,6007,1,0,0,6,0,104;310;338;3;200;483
1,5835,5888,1,0,0,6,1,71;277;338;3;167;483
0,5827,5885,1,0,0,6,0,79;285;338;3;175;483
1,6234,6323,1,0,0,4,1,249;176;358;124
1,6228,6432,1,0,0,4,1,255;182;364;269
0,6339,6390,1,0,0,5,0,144;71;253;124;142
1,6279,6349,1,0,0,5,1,204;131;313;124;202
1,6092,6144,1,0,0,4,1,20;115;391;205
1,6060,6321,1,0,0,4,3,52;147;423;350
1,6176,6390,1,0,0,3,3,31;307;205
0,6097,6169,1,0,0,4,0,1;110;386;205
1,5592,5890,1,0,0,7,4,136;150;183;314;520;615;448
1,5633,5709,1,0,0,8,1,95;109;142;273;389;574;407;369
1,5637,5900,1,0,0,8,5,91;105;70;269;389;570;403;365
0,5642,5727,1,0,0,8,0,86;100;70;264;389;338;398;360
1,5466,5526,1,0,0,7,1,118;92;262;276;309;440;646
0,5472,5522,1,0,0,7,0,112;58;256;270;303;434;640
1,5500,5559,1,0,0,8,1,84;58;228;242;275;406;612;707
1,5565,5618,1,0,0,8,1,19;163;177;210;341;547;642;475
1,5767,6013,1,0,16,7,5,8;139;345;338;273;235;716
1,5778,5836,1,0,0,6,1,128;334;338;262;224;483
0,5796,5863,1,0,0,6,0,110;316;338;244;206;483
1,5801,6072,1,0,0,6,2,105;311;338;239;201;483
1,5661,5725,1,0,0,8,1,67;81;70;245;389;338;379;341
1,5683,5735,1,0,0,8,1,45;59;70;223;389;338;357;319
1,5703,5781,1,0,0,8,1,25;39;70;203;389;338;337;299
1,5704,5793,1,0,0,8,1,24;22;70;202;389;338;336;298
1,6776,6838,1,0,0,7,1,263;47;460;496;388;245;650
1,6752,6823,1,0,0,7,1,287;71;484;509;412;269;650
1,6747,6809,1,0,0,7,3,292;76;489;509;417;274;710
1,6727,6794,1,0,0,6,1,312;96;509;509;437;294
0,6663,6723,1,0,0,6,0,376;160;529;509;501;358
1,6648,6728,1,0,0,6,3,391;175;529;509;516;373
0,6644,6709,1,0,0,6,0,395;179;529;509;520;377
1,6622,6886,1,0,0,6,4,404;201;529;650;542;399
1,6945,7019,1,0,0,10,2,94;291;327;219;76;512;771;822;776;602
1,6905,7177,1,0,0,10,7,134;331;367;259;116;552;808;822;816;642
1,6884,7175,1,0,0,10,6,155;352;388;280;137;573;808;930;837;663
1,6879,6962,1,0,0,10,2,160;357;393;285;142;578;808;935;842;668
1,6846,6913,1,0,0,10,2,193;390;418;318;175;611;870;968;875;701
0,6836,6891,1,0,0,9,0,203;400;418;328;185;621;880;978;885
1,6835,6888,1,0,0,9,1,204;401;437;329;186;622;881;979;886
0,6833,6917,1,0,0,9,0,206;403;439;331;188;624;883;981;888
0,6457,6539,1,0,0,9,0,26;135;40;24;571;323;535;815;707
1,6480,6552,1,0,0,9,1,3;112;17;1;559;323;535;792;684
1,6449,6669,1,0,16,8,3,34;143;48;32;571;323;787;823
1,6449,6738,1,0,0,8,5,34;143;48;32;571;323;664;823
1,6405,6481,1,0,0,8,1,78;5;187;92;76;571;418;831
1,6446,6523,1,0,0,8,1,37;146;51;35;571;377;790;826
1,6376,6447,1,0,0,6,2,107;34;216;121;105;663
1,6379,6581,1,0,0,7,3,104;31;213;93;102;660;444
0,6544,6599,1,0,0,6,0,48;495;279;535;728;563
1,6613,6663,1,0,0,6,2,426;210;529;659;551;408
1,6538,6603,1,0,0,6,2,54;501;282;535;734;626
1,6544,6622,1,0,0,6,2,48;495;279;535;728;563
1,6499,6559,1,0,0,6,1,93;540;302;535;773;665
1,6531,6613,1,0,0,6,1,61;508;289;535;741;633
0,6484,6564,1,0,0,7,0,96;13;555;323;535;788;680
1,6496,6582,1,0,0,7,1,96;1;543;323;535;776;668
1,7660,7711,1,0,0,10,4,56;152;61;296;37;349;399;410;160;464
1,7642,7717,1,0,0,10,2,74;172;79;314;55;367;417;428;160;482
1,7730,7951,1,0,0,7,4,84;226;279;329;340;160;394
1,7687,7769,1,0,0,10,4,29;127;34;269;10;322;372;383;160;432
0,7749,7818,1,0,0,7,0,65;207;260;310;157;131;375
1,7745,7811,1,0,0,7,3,69;211;264;314;157;160;379
1,7814,8053,1,0,0,8,6,0;129;195;245;157;124;310;369
1,7806,7861,1,16,0,8,3,8;150;203;253;157;131;318;377
1,7874,8090,1,0,0,7,5,82;135;185;157;64;250;182
1,7849,7936,1,0,0,7,3,107;160;210;157;89;275;182
1,7957,8009,1,0,0,5,1,52;102;113;167;22
1,7940,8213,1,15,0,6,3,16;69;119;130;184;146
1,8016,8293,1,0,0,4,2,43;54;108;22
1,7993,8045,1,0,0,5,1,16;66;77;131;22
1,8050,8260,1,0,0,5,2,9;20;74;22;961
1,8018,8098,1,0,0,4,1,41;52;88;22
1,7003,7061,1,0,0,10,1,36;233;269;161;18;454;713;806;718;544
1,7021,7086,1,16,0,10,2,18;215;251;143;0;436;695;793;700;526
1,7033,7087,1,0,0,9,2,6;203;239;131;424;678;781;688;514
1,7130,7213,1,0,0,9,1,106;142;34;327;586;684;591;417;826
1,7143,7214,1,0,0,10,2,90;129;21;314;573;671;578;404;813;554
1,7150,7230,1,0,0,10,3,86;122;14;307;539;664;571;397;806;547
1,7163,7214,1,0,0,10,1,73;109;1;294;539;651;558;384;768;534
1,7200,7457,1,0,0,9,8,36;72;257;516;614;521;347;756;497
1,7209,7272,1,0,0,9,1,27;63;248;507;605;512;338;527;488
1,7320,7574,1,0,0,9,5,137;396;494;401;227;527;377;689;739
1,7349,7415,1,0,16,9,2,108;367;465;372;198;527;348;509;710
1,7367,7452,1,0,0,9,2,90;349;447;354;180;527;330;509;692
1,7406,7474,1,15,0,10,2,51;310;408;315;141;523;291;509;653;664
1,7447,7533,1,0,0,10,3,10;269;367;274;100;493;250;509;612;623
1,7479,7535,1,0,0,9,3,237;335;242;68;477;218;509;577;591
1,7623,7881,1,0,15,10,7,93;191;98;333;74;386;436;447;315;501
0,8591,8674,1,0,0,4,0,420;37;295;489
1,8589,8799,1,0,0,4,2,422;39;483;489
1,8534,8784,1,0,0,4,1,477;94;483;679
1,8479,8754,1,0,0,4,4,532;149;483;756
1,8647,8730,1,0,0,3,1,244;295;489
0,8644,8712,1,0,0,3,0,244;295;489
0,8642,8717,1,0,0,3,0,244;295;489
1,8641,8922,1,0,0,3,1,370;295;489
1,8717,8768,1,0,0,6,1,205;295;489;899;540;593
1,8716,8929,1,0,0,6,3,205;295;489;900;541;680
1,8664,8715,1,0,0,3,1,205;295;489
1,8659,8712,1,0,0,3,1,232;295;489
1,8921,9131,1,0,0,7,3,90;171;308;695;336;475;789
1,8898,9184,1,0,0,7,5,113;194;308;718;359;498;900
1,8887,8971,1,0,0,7,2,124;205;348;729;370;509;911
0,8814,8887,1,0,0,6,0,124;278;421;802;443;582
0,8120,8204,1,0,0,4,0,4;22;806;508
1,8132,8372,1,0,0,3,1,22;806;496
1,8064,8147,1,0,0,4,2,6;60;22;806
0,8105,8186,1,0,0,4,0,19;22;806;523
1,8203,8256,1,0,0,2,1,806;409
0,8244,8314,1,0,0,2,0,767;384
0,8189,8243,1,0,0,2,0,806;416
1,8190,8466,1,0,0,2,1,806;416
1,8380,8446,1,0,0,2,1,631;248
1,8396,8689,1,0,0,3,3,615;232;696
0,8318,8379,1,0,0,2,0,693;310
0,8336,8398,1,0,0,2,0,675;292
1,8402,8464,1,0,0,3,1,609;226;483
0,8464,8528,1,0,0,4,0,547;164;483;771
0,8399,8483,1,0,0,3,0,612;229;483
1,8402,8623,1,0,0,3,1,603;226;483
0,152,227,1,0,0,5,0,404;415;565;511;616
0,118,182,1,0,0,5,0,438;449;599;511;650
1,90,389,1,0,0,4,4,466;477;627;694
0,70,128,1,0,0,4,0,486;497;647;714
0,165,238,1,0,0,5,0,391;402;552;511;603
0,235,288,1,1,0,5,0,321;332;482;511;533
0,240,318,1,0,0,5,0,316;327;477;511;528
1,241,330,1,0,0,5,1,315;326;476;511;527
1,273,351,1,0,0,5,1,283;294;444;507;495
0,289,357,1,0,0,5,0,267;278;428;483;479
0,350,404,1,1,0,6,0,206;217;367;434;418;986
1,407,495,1,0,0,7,1,149;160;310;377;361;929;918
1,472,523,1,0,0,8,1,84;95;245;312;296;864;853;913
1,501,768,1,0,0,8,6,55;66;216;283;267;835;824;884
1,508,558,1,0,0,8,1,48;59;209;276;260;649;817;877
1,530,801,1,0,0,8,6,26;37;187;254;238;649;787;855
1,536,614,1,0,0,8,1,20;31;181;248;232;643;787;849
0,538,625,1,0,0,8,0,18;29;179;246;230;643;758;847
1,543,620,1,0,0,8,2,13;24;174;241;225;643;758;842
1,549,624,1,15,0,8,1,7;18;168;235;219;643;758;814
1,676,738,1,0,0,7,1,41;108;92;643;649;709;657
0,658,728,1,0,0,7,0,59;126;110;643;667;727;675
1,713,767,1,0,0,7,3,4;71;55;623;611;672;620
0,702,783,1,0,0,7,0,15;82;66;634;611;683;631
1,849,1146,1,0,0,6,6,487;454;536;484;566;389
1,847,933,1,0,0,6,2,489;478;538;486;568;391
1,1011,1300,1,0,0,6,6,325;314;374;322;281;227
1,850,1061,1,0,0,6,5,486;454;535;483;281;388
1,1056,1332,1,0,0,6,6,199;269;329;277;281;182
0,1017,1099,1,0,0,6,0,199;308;368;316;281;221
1,1091,1163,1,0,0,6,3,199;234;294;242;253;147
0,1060,1127,1,0,0,6,0,199;265;325;273;253;178
0,1308,1394,1,0,0,8,0,28;17;77;25;107;555;801;620
1,1268,1546,1,0,0,7,2,68;57;117;65;147;595;963
1,1336,1398,1,0,0,6,2,0;49;79;527;801;592
1,1328,1381,1,0,0,7,1,8;57;5;87;535;801;600
1,14866,14955,1,0,0,6,1,344;302;516;349;927;791
1,14828,14914,1,0,0,4,1,381;340;563;349
1,14833,14908,1,0,0,4,1,377;335;519;349
0,14796,14854,1,0,0,4,0,381;372;565;483
1,14825,15033,1,0,0,4,2,381;343;565;454
0,14778,14830,1,0,0,4,0,381;390;613;501
1,14789,14853,1,0,0,4,1,381;379;602;490
0,14719,14804,1,0,0,3,0,35;491;449
1,14775,14837,1,0,0,4,1,435;393;616;504
0,14708,14764,1,0,0,4,0,9;46;502;460
0,14709,14771,1,0,0,4,0,8;45;501;459
0,14549,14629,1,0,0,4,0,122;168;205;661
0,14630,14694,1,0,0,5,0,41;87;124;580;538
0,14488,14557,1,0,0,4,0,183;229;266;722
0,14496,14560,1,0,0,4,0,175;221;258;714
0,14418,14506,1,0,0,4,0,194;299;300;792
1,14470,14556,1,0,0,4,2,194;247;284;740
0,14331,14383,1,0,0,3,0,336;386;300
0,14325,14409,1,0,0,3,0,336;392;300
1,14373,14436,1,0,0,4,1,298;331;300;837
1,14353,14409,1,0,0,4,1,318;364;300;857
1,14407,14477,1,0,0,4,1,264;300;300;803
1,14392,14453,1,0,0,4,1,279;309;300;818
1,14415,14500,1,0,0,4,1,250;300;300;795
0,14415,14491,1,0,0,4,0,194;300;300;795
1,14065,14142,1,0,0,2,1,6;594
1,14032,14299,1,0,0,3,1,6;27;594
0,14123,14191,1,0,0,3,0,6;336;594
1,14077,14345,1,15,0,2,1,6;566
1,14184,14435,1,0,0,2,1,336;502
1,14154,14216,1,0,0,3,1,6;336;563
0,14314,14378,1,0,0,3,0,336;403;300
1,14274,14545,1,0,0,3,2,336;443;480
0,13777,13829,1,0,0,3,0,22;364;282
0,13821,13907,1,0,0,3,0,350;238;850
1,13882,13971,1,0,0,3,1,289;177;789
0,13897,13974,1,0,0,3,0,229;162;774
1,13966,14189,1,0,0,3,1,205;93;705
0,13995,14055,1,16,0,3,0,6;64;676
0,14003,14072,1,0,0,3,0,6;56;668
1,14021,14096,1,0,0,3,2,6;38;650
1,13582,13866,1,0,0,4,1,94;123;502;477
1,13634,13691,1,0,0,4,1,42;123;502;425
1,13634,13714,1,0,0,4,1,8;123;502;425
0,13667,13724,1,0,0,4,0,8;123;502;392
1,13699,13754,1,0,0,3,1,100;472;360
1,13736,13814,1,0,0,3,1,63;435;321
1,13743,13828,1,0,0,3,1,56;418;316
1,13751,13828,1,0,0,3,1,48;418;295
1,13469,13736,1,0,16,5,1,63;207;330;702;590
1,13442,13649,1,0,0,4,4,90;234;357;729
1,13344,13590,1,0,0,4,4,188;332;455;827
0,13328,13382,1,0,0,4,0,204;348;461;843
1,13571,13628,1,0,0,4,1,105;123;502;485
1,13488,13713,1,0,0,5,1,44;188;123;683;485
1,13487,13777,1,0,0,5,3,45;189;123;684;572
0,13478,13528,1,0,0,5,0,54;198;123;693;581
0,13242,13296,1,0,0,4,0,75;290;434;461
1,13215,13491,1,0,0,4,3,102;317;461;584
1,13114,13187,1,0,0,7,1,185;37;80;418;50;562;685
1,13099,13154,1,0,0,7,2,218;52;95;433;65;577;700
0,13309,13388,1,0,0,4,0,8;223;367;461
0,13291,13374,1,0,0,4,0,26;241;385;461
1,13266,13504,1,0,0,4,1,51;266;410;461
0,13246,13314,1,0,0,4,0,71;286;430;461
1,12887,13132,1,0,0,8,4,63;165;430;264;210;307;645;277
1,12904,13108,1,0,0,9,5,46;148;413;247;193;290;516;260;772
1,12839,12895,1,0,0,8,2,111;213;478;312;258;355;693;325
1,12845,12896,1,0,0,8,3,105;193;472;306;252;349;687;319
1,13013,13063,1,0,0,8,1,39;304;138;84;181;516;151;603
0,13074,13149,1,0,0,7,0,243;77;23;120;458;90;602
1,12941,13000,1,0,0,9,3,9;111;376;210;156;253;516;223;603
1,12966,13049,1,0,0,8,1,86;351;185;131;228;516;198;603
1,12669,12727,1,0,0,9,1,166;281;383;648;482;428;525;702;495
1,12672,12881,1,0,0,9,4,163;278;380;645;479;390;522;702;492
1,12603,12662,1,0,0,8,2,232;347;449;707;548;494;591;929
1,12612,12831,1,0,0,9,5,223;338;440;705;539;485;550;920;552
1,12760,12824,1,0,0,9,2,75;190;292;519;391;337;433;702;402
0,12782,12859,1,0,0,9,0,53;168;270;519;369;315;405;702;382
1,12706,12764,1,0,0,9,2,129;244;346;611;445;390;488;702;402
1,12743,12800,1,0,0,9,2,92;207;309;574;408;354;433;702;402
1,12212,12472,1,0,0,9,4,6;1;70;7;143;384;621;738;755
1,12219,12270,1,0,0,7,1,63;0;136;377;616;731;727
0,12228,12290,1,16,0,6,0,54;127;368;600;722;727
0,12236,12304,1,0,0,6,0,46;119;360;599;714;727
1,12073,12151,1,0,0,7,3,145;72;140;209;146;282;523
1,12073,12143,1,0,0,7,2,145;72;140;209;146;282;496
1,12176,12257,1,0,0,9,1,42;37;106;43;179;420;659;774;876
1,12210,12499,1,0,0,9,4,8;3;72;9;145;386;621;740;842
1,12507,12561,1,0,0,8,3,89;328;443;545;810;644;590;687
1,12536,12601,1,0,0,8,3,60;299;414;516;781;615;561;658
1,12556,12617,1,0,0,8,3,40;279;394;496;725;595;541;638
0,12572,12625,1,0,0,8,0,24;263;378;480;707;579;525;622
1,12374,12431,1,0,0,4,2,222;461;576;678
0,12411,12480,1,0,0,5,0,185;424;522;641;906
0,12427,12501,1,0,0,5,0,169;408;522;625;890
0,12482,12535,1,0,0,7,0,114;353;468;570;835;669;615
1,11703,11753,1,0,0,8,2,63;58;515;127;442;510;579;516
1,11699,11788,1,0,0,8,1,67;62;519;186;446;514;583;520
1,11770,11855,1,0,0,6,1,448;115;375;443;512;416
1,11742,11831,1,0,0,8,3,24;19;475;127;403;471;540;477
1,11494,11576,1,0,0,8,2,44;148;272;267;710;351;651;719
1,11491,11575,1,0,0,9,2,47;151;275;2;270;710;394;654;722
0,11583,11661,1,0,0,8,0,59;183;178;635;302;562;624;699
1,11564,11621,1,0,0,8,1,78;202;197;654;321;581;649;718
1,11969,12207,1,0,0,7,6,249;176;244;313;250;386;627
1,11899,11970,1,0,0,7,3,319;246;314;383;320;442;697
1,12024,12083,1,0,0,7,2,194;121;189;258;195;331;572
0,11974,12032,1,0,0,7,0,244;171;239;308;245;381;603
1,11811,11890,1,0,0,7,1,400;74;334;402;471;408;544
1,11792,11866,1,0,0,7,2,426;79;353;421;490;416;563
1,11860,11914,1,16,0,7,2,358;25;285;353;422;359;442
1,11855,11929,1,0,0,7,2,363;30;290;358;427;364;500
1,11188,11247,1,0,0,11,1,29;25;154;350;333;132;578;305;139;573;992
1,11200,11274,1,16,0,11,3,17;4;142;338;333;132;566;293;127;561;992
1,11179,11241,1,0,0,11,1,38;53;163;359;333;132;587;314;148;582;1039
1,11180,11244,1,0,0,11,2,37;25;162;358;333;132;586;313;147;581;1038
0,11141,11195,1,0,0,10,0,76;91;201;397;501;132;625;352;186;620
1,11165,11394,1,0,0,10,6,52;67;177;373;477;132;601;328;162;596
0,11131,11215,1,0,0,10,0,86;101;211;407;511;147;635;362;196;630
1,11135,11347,1,0,0,10,4,82;97;207;403;507;147;631;358;192;626
1,11418,11476,1,0,15,10,1,120;224;6;341;75;343;710;403;727;795
1,11437,11515,1,0,0,9,1,101;205;329;56;324;710;403;708;766
1,11338,11422,1,0,0,10,1,4;200;304;86;428;155;423;710;403;807
1,11406,11483,1,0,0,9,1,132;236;18;360;87;355;710;403;739
1,11310,11375,1,0,0,10,1,32;228;332;114;456;183;17;451;710;575
1,11323,11564,1,0,0,10,7,19;211;319;101;443;170;4;438;710;562
0,11206,11293,1,0,0,11,0,11;4;136;332;333;132;560;287;121;555;992
1,11293,11572,1,0,0,9,7,49;245;333;131;473;200;34;468;925
1,10957,11013,1,0,0,7,1,260;275;385;581;685;467;751
1,10948,11022,1,0,0,7,2,269;284;394;590;694;476;818
1,10916,10969,1,0,0,5,1,301;316;426;616;726
1,10872,10935,1,0,0,5,1,345;360;467;616;770
1,10851,11051,1,0,0,5,1,366;381;467;656;791
1,10822,10911,1,0,0,5,1,395;410;467;716;820
1,10807,10890,1,0,0,5,1,410;412;478;731;835
1,10800,10853,1,0,0,5,1,417;432;478;738;842
1,11129,11351,1,0,0,10,5,88;103;213;409;513;295;637;364;198;632
0,11107,11175,1,0,0,10,0,110;125;235;431;535;317;659;386;220;654
1,11078,11160,1,0,15,10,3,139;154;264;460;564;346;688;415;249;683
1,11052,11127,1,0,0,10,1,165;180;290;486;566;372;714;441;275;709
1,11004,11289,1,0,0,8,5,213;228;338;534;638;420;736;489
1,11003,11071,1,0,0,8,2,214;229;339;535;639;421;751;490
0,10990,11061,1,0,0,8,0,227;238;352;548;652;434;751;503
1,10964,11038,1,0,16,7,1,253;268;378;567;678;460;751
0,10390,10440,1,0,0,4,0,22;117;59;663
0,10416,10488,1,0,0,3,0,91;33;663
0,10444,10522,1,0,0,3,0,63;5;663
0,10465,10553,1,0,0,2,0,42;663
0,10472,10532,1,0,0,2,0,35;663
1,10613,10872,1,0,0,3,2,604;619;729
1,10626,10705,1,0,0,4,1,591;606;478;912
0,10630,10684,1,0,0,4,0,552;602;478;908
0,10636,10699,1,0,0,4,0,552;596;478;902
1,10638,10724,1,0,0,4,1,552;594;478;900
1,10691,10746,1,0,0,4,1,526;541;478;847
0,10703,10774,1,0,0,4,0,514;529;478;835
1,10710,10786,1,0,0,4,1,507;522;478;828
0,10735,10796,1,0,0,4,0,482;476;478;803
1,10764,10819,1,0,0,4,1,453;468;478;774
0,10781,10853,1,0,0,4,0,436;442;478;757
1,10061,10359,1,0,0,7,5,80;173;95;351;446;388;1156
1,10016,10233,1,0,0,7,1,80;218;202;396;491;23;433
1,10107,10177,1,0,0,7,1,80;73;95;305;400;342;980
1,10085,10170,1,0,0,7,1,80;149;95;327;422;364;980
1,10187,10247,1,0,0,7,1,27;47;31;225;320;262;975
1,10138,10225,1,0,0,7,4,74;73;80;274;369;311;980
1,10212,10262,1,0,0,7,3,2;22;6;200;295;237;975
0,10188,10247,1,0,0,7,0,10;46;30;224;319;261;975
0,10263,10313,1,0,0,4,0,149;244;186;945
1,10222,10292,1,0,0,5,4,12;190;285;227;975
0,10315,10383,1,0,0,4,0,97;192;134;663
1,10284,10577,1,0,0,4,1,128;223;165;933
0,10340,10573,1,0,0,4,0,72;167;109;663
0,10326,10526,1,0,0,4,0,86;181;123;663
0,10372,10425,1,0,0,4,0,40;135;77;663
0,10354,10598,1,0,0,4,0,58;153;95;663
1,9556,9633,1,0,0,10,1,60;242;141;190;425;658;394;678;662;836
1,9651,9735,1,0,0,11,1,147;46;95;330;563;299;583;567;761;856;388
1,9500,9580,1,0,0,10,1,102;298;197;246;481;714;450;734;718;912
1,9529,9602,1,0,0,10,3,68;269;168;217;452;685;421;705;689;883
0,9728,9779,1,0,0,10,0,70;18;253;486;222;506;490;684;779;311
1,9749,9801,1,0,0,9,1,49;232;465;201;485;469;663;758;290
1,9653,9742,1,0,0,11,3,145;44;72;328;561;297;581;565;759;854;386
1,9673,9746,1,0,0,11,1,125;24;72;308;541;277;561;545;735;834;366
1,9842,9901,1,0,0,8,1,139;372;108;392;376;570;596;197
1,9852,9907,1,0,0,8,3,129;362;98;382;319;560;596;187
1,9753,9823,1,0,0,9,1,45;228;461;197;481;465;659;724;286
1,9753,10021,1,0,0,9,6,45;228;414;197;481;465;659;724;286
1,9903,9957,1,0,0,8,3,78;311;47;331;294;509;596;136
1,9947,10168,1,0,0,8,2,34;267;3;287;271;465;560;92
1,9855,9944,1,0,0,8,1,113;359;95;379;319;557;596;184
1,9858,9918,1,0,0,8,3,113;356;92;376;294;554;596;181
1,9046,9134,1,0,0,7,1,46;189;562;211;350;752;651
1,9005,9079,1,0,0,8,2,6;87;230;562;252;391;768;692
1,9002,9074,1,0,0,8,1,9;90;233;562;255;394;768;695
1,8999,9077,1,0,0,8,1,12;93;236;617;258;397;768;698
1,9145,9209,1,0,0,8,1,90;471;112;251;653;552;413;836
1,9118,9401,1,0,0,7,6,117;498;139;278;680;579;628
1,9074,9126,1,0,0,7,2,18;161;499;183;322;724;623
1,9049,9107,1,0,0,7,1,43;186;521;208;347;749;648
1,9320,9404,1,0,0,8,1,278;76;478;377;413;661;894;630
1,9290,9365,1,0,0,8,1,326;106;508;407;413;691;924;660
1,9157,9235,1,0,0,9,2,70;459;100;239;619;540;413;824;1057
1,9149,9211,1,0,0,9,2,70;467;108;247;649;548;413;832;1065
1,9494,9551,1,0,16,10,1,122;304;203;252;482;720;456;740;724;918
1,9448,9517,1,0,0,9,2,149;350;249;298;533;766;502;786;770
1,9447,9505,1,0,0,9,1,169;351;250;299;534;767;503;787;771
0,9378,9452,1,0,0,9,0,238;18;420;319;368;603;836;572;856
151
7502,7938,184.58,8
7390,8070,183.75,10
7788,8183,347.22,8
7569,8124,116.98,11
7134,7697,0.00,11
7096,7956,324.04,11
7251,8059,98.78,8
7240,8009,180.50,11
8694,9257,0.00,9
8667,9616,242.09,11
8877,9798,216.31,11
8710,9396,87.05,11
8082,8628,101.66,11
8034,9011,437.68,10
8455,9235,327.66,11
8383,9092,401.41,8
9217,9950,0.00,8
9364,10234,76.22,9
9444,10218,189.85,10
9488,10412,88.22,10
8986,9697,0.00,9
9107,9746,293.31,9
9119,9981,91.24,9
9149,10214,276.31,11
10512,11232,174.24,11
10542,11342,284.94,9
10616,11538,175.51,10
10796,11642,217.82,11
9578,10507,162.14,8
9596,10039,0.00,8
9951,10449,0.00,9
10042,11217,552.11,8
11324,12145,0.00,9
11298,11885,328.09,11
11179,12218,358.38,8
11039,11761,0.00,8
11032,11327,0.00,11
10971,11493,0.00,9
10931,11766,132.83,11
10919,11424,163.69,10
12124,13052,136.18,9
12116,12950,54.80,9
12108,12835,55.35,9
11892,12596,80.36,9
11783,12355,73.60,11
11699,12219,61.21,9
11507,12282,0.00,9
11409,12213,54.19,11
12898,13676,215.71,11
13091,13799,331.24,9
12587,13532,372.06,11
12605,13164,90.21,9
12457,13097,38.83,10
12496,13194,232.78,9
12409,13317,204.39,10
12447,13151,0.00,10
14589,15168,0.00,11
14731,15391,84.99,11
14256,14754,191.18,8
14350,15210,76.97,9
13787,14671,384.42,9
14112,14717,153.23,8
13317,14171,596.27,10
13448,14059,200.17,8
14836,15793,0.00,10
14760,15279,105.75,10
14843,15657,0.00,10
1295,1928,234.00,10
1256,2231,228.54,9
1756,2314,98.72,11
1645,2507,360.35,10
1883,3069,105.26,9
1843,2378,97.35,10
1976,2828,206.93,8
1887,2662,172.66,9
343,1336,318.52,10
96,768,0.00,8
425,1385,36.88,11
384,1325,229.50,10
728,1415,358.07,10
639,1333,121.44,8
1161,1863,0.00,11
839,1238,0.00,8
43,556,0.00,8
52,567,0.00,10
61,717,0.00,11
64,784,220.67,10
6812,7814,162.54,8
6801,7716,114.11,8
6839,7547,0.00,11
6832,7721,16.33,10
6450,7164,96.66,10
6428,7272,161.46,10
6744,7457,107.26,11
6603,7021,0.00,10
6358,7039,112.85,8
6251,6481,58.90,8
6382,7236,316.83,9
6379,6823,128.14,9
6054,6410,145.32,11
5741,6483,263.42,10
6190,6497,174.52,11
6184,6592,71.53,9
5414,6112,190.15,11
5490,6207,264.87,11
5501,6040,236.23,8
5631,6002,0.00,10
4954,5728,0.00,9
4973,5742,246.55,8
5109,5775,89.63,11
5358,5906,0.00,9
4642,5444,78.05,9
4694,5558,293.55,11
4711,5257,80.32,9
4746,5365,211.43,10
4526,5584,101.14,9
4536,5053,0.00,8
4574,5315,0.00,8
4600,5211,25.54,8
4479,5271,171.04,10
4425,5432,56.25,10
4407,5141,0.00,9
4248,5071,344.49,8
4046,4880,253.38,8
4002,4433,123.35,11
4001,4805,136.72,8
3990,4757,113.27,11
3835,4323,0.00,10
3819,4475,88.29,11
3787,4393,0.00,8
3649,4411,256.29,11
3551,4116,0.00,11
3536,4365,113.17,10
3474,4341,244.33,10
3389,4082,269.89,9
3236,3980,48.66,11
3266,4152,247.31,8
2930,3706,0.00,10
3109,4187,198.69,8
2854,3402,174.77,9
2865,3418,44.33,11
2669,3235,124.66,9
2692,3404,191.49,9
2622,3507,181.31,11
2640,3091,0.00,8
2473,3436,322.73,8
2516,3198,203.42,10
2369,3094,214.77,8
2369,3158,45.17,10
2014,3052,113.63,9
2365,3184,164.54,11
