1002
1,13139,13207,1,0,0,3,1,11;232;753
1,13165,13236,1,0,0,3,1,11;206;727
0,13059,13110,1,0,0,2,0,11;312
1,13089,13382,1,0,0,2,1,11;282
0,13263,13317,1,0,0,2,0,108;578
0,13296,13382,1,0,0,2,0,75;578
1,13181,13268,1,0,0,3,1,11;188;711
1,13207,13438,1,0,0,3,2,1;164;685
1,12933,12987,1,0,0,4,1,53;312;76;438
1,12942,13013,1,0,0,4,1,53;303;67;429
1,12916,12967,1,0,0,4,1,91;329;93;455
0,12919,12970,1,0,0,4,0,53;326;90;452
0,13026,13107,1,0,0,2,0,11;345
0,13045,13313,1,0,0,2,0,11;326
1,13025,13301,1,0,0,2,2,220;346
1,13025,13284,1,0,0,2,2,25;346
1,13709,13765,1,0,0,10,1,183;325;547;53;550;324;255;698;307;708
1,13660,13715,1,0,0,9,2,232;374;577;102;599;373;304;701;356
1,13618,13683,1,0,16,9,2,274;416;580;144;641;415;342;701;398
1,13578,13632,1,0,0,9,1,314;456;580;184;681;453;386;701;438
1,13915,13975,1,15,0,10,3,119;341;344;118;49;492;101;339;683;917
0,13879,13935,1,0,0,10,0,13;155;377;380;154;85;528;111;339;719
1,13854,13932,1,0,0,9,1,38;180;402;405;179;110;553;162;339
1,13823,14121,1,0,0,9,7,69;211;433;436;210;141;584;193;594
1,13504,13554,1,0,0,5,1,388;530;580;258;755
0,13495,13568,1,0,0,5,0,397;539;580;267;764
1,13423,13720,1,0,0,3,2,469;611;833
0,13307,13374,1,0,0,2,0,64;578
1,13537,13794,1,0,0,8,3,355;497;580;225;722;453;427;870
0,13528,13613,1,0,0,6,0,364;498;580;234;731;453
1,13523,13605,1,0,0,6,2,369;498;580;239;736;510
1,13522,13583,1,0,0,6,1,370;512;580;240;737;511
1,12064,12303,1,0,0,6,4,219;119;603;680;243;417
1,12089,12146,1,0,0,6,2,194;94;578;517;218;392
1,12113,12188,1,0,0,6,2,170;70;554;517;176;368
1,12153,12442,1,0,0,6,3,130;30;514;517;154;328
1,12175,12438,1,0,0,6,2,108;8;492;517;132;174
1,12197,12476,1,0,0,5,3,86;470;496;110;174
0,12205,12276,1,0,0,5,0,78;462;269;102;174
0,12224,12289,1,0,0,5,0,59;443;269;83;174
1,11714,11795,1,0,0,5,1,144;15;556;265;313
1,11716,11945,1,0,0,5,2,109;13;556;265;311
1,11749,11800,1,0,0,4,1,109;534;265;147
0,11850,11935,1,0,0,6,0,8;433;265;147;817;894
1,11920,11988,1,0,0,5,2,363;263;107;747;824
0,11943,12031,1,0,0,5,0,334;240;84;724;801
0,11982,12058,1,0,0,5,0,301;201;45;685;762
1,11984,12045,1,0,0,5,1,299;199;43;683;760
0,12561,12648,1,0,0,5,0,106;183;446;683;370
1,12517,12588,1,0,0,5,3,150;227;490;690;370
0,12578,12644,1,0,0,5,0,89;166;429;667;370
0,12575,12656,1,0,0,5,0,92;169;432;670;370
1,12730,12810,1,0,0,5,1,14;270;515;279;641
1,12703,12753,1,0,0,5,1,41;304;542;306;668
1,12825,12889,1,0,0,4,1,182;420;184;546
1,12787,12869,1,0,0,4,1,220;458;222;584
0,12375,12432,1,0,0,5,0,292;269;106;537;870
1,12238,12497,1,0,0,6,3,45;429;269;69;174;769
1,12436,12711,1,16,0,5,3,231;269;45;534;809
1,12410,12499,1,0,0,5,2,257;269;71;537;835
1,12464,12669,1,0,0,6,2,203;269;17;534;691;373
1,12445,12694,1,0,0,6,2,222;269;36;534;691;564
1,12508,12570,1,0,0,5,3,159;236;499;691;370
0,12478,12560,1,0,0,6,0,189;266;3;529;691;370
1,11185,11240,1,0,0,9,2,83;312;349;109;263;139;460;497;544
1,11205,11479,1,0,0,9,4,63;312;328;89;243;139;460;477;524
1,11173,11253,1,0,0,9,2,95;312;361;121;275;139;461;509;556
1,11181,11258,1,0,0,9,2,87;312;353;113;267;139;461;501;548
1,11130,11361,1,0,0,9,7,138;312;404;164;318;311;728;530;599
1,11136,11406,1,0,0,9,5,132;312;398;158;312;139;722;530;593
1,11126,11181,1,0,0,9,1,142;312;408;168;322;315;732;556;603
1,11130,11337,1,0,0,9,2,138;312;404;164;318;311;728;530;599
1,11109,11166,1,0,0,10,2,7;159;312;425;185;339;332;749;573;620
0,11117,11167,1,0,0,9,0,151;312;417;177;329;324;741;565;612
1,11063,11121,1,0,0,9,2,53;205;567;460;231;385;378;795;619
1,11108,11336,1,0,0,10,7,8;160;522;426;186;340;333;750;574;621
1,11018,11085,1,0,0,8,1,98;250;612;516;276;430;423;840
1,11047,11136,1,0,0,9,2,69;221;583;487;247;401;394;811;635
1,10900,10967,1,0,0,7,1,216;368;730;634;394;548;541
0,10949,11029,1,0,0,7,0,167;319;681;585;345;499;492
1,11703,11781,1,0,0,5,1,155;26;580;265;324
1,11697,11944,1,0,0,4,4,161;29;582;486
1,11672,11753,1,0,0,4,1,186;10;29;611
0,11661,11729,1,0,0,4,0,197;21;29;622
1,11635,11858,1,0,0,4,2,223;47;29;648
1,11563,11622,1,0,0,5,1,8;295;119;29;720
1,11490,11775,1,0,0,6,4,140;44;368;192;29;793
1,11434,11723,1,0,0,8,2,196;100;14;7;403;248;295;842
0,11423,11493,1,0,0,8,0,207;111;25;18;403;259;306;842
0,11416,11479,1,0,0,8,0,214;118;32;25;403;266;313;842
0,11401,11477,1,0,0,8,0,229;133;47;40;403;281;328;842
1,11372,11452,1,0,0,8,3,258;162;76;69;403;310;331;911
1,11313,11604,1,0,16,7,4,285;221;135;128;438;369;331
1,11290,11367,1,0,0,8,2,312;244;4;158;139;438;392;331
1,11241,11457,1,0,0,9,2,2;312;293;53;207;139;460;441;331
1,11231,11317,1,0,0,9,1,37;312;303;63;217;139;460;451;331
1,10282,10334,1,15,0,9,1,177;174;466;201;237;225;481;825;346
1,10283,10346,1,0,0,9,1,176;134;465;201;236;225;480;825;346
1,10312,10364,1,0,0,9,2,147;134;436;186;207;225;451;802;346
1,10372,10437,1,0,0,9,3,87;84;376;126;147;225;391;744;320
1,10239,10306,1,0,0,8,1,220;188;509;259;280;424;524;825
1,10273,10359,1,0,0,9,3,186;183;475;205;246;390;490;825;419
1,10276,10489,1,0,0,9,2,183;180;472;205;243;387;487;825;346
1,10277,10333,1,0,0,9,1,182;179;471;205;242;225;486;825;346
1,10141,10217,1,0,0,8,1,5;318;315;607;324;378;522;622
1,10150,10238,1,0,0,7,2,309;306;549;324;369;513;613
1,10213,10275,1,0,0,8,2,246;222;535;285;306;450;550;903
1,10221,10295,1,0,0,8,1,238;188;527;277;298;442;542;895
1,10083,10135,1,0,0,8,1,63;40;376;373;665;415;436;580
1,10092,10145,1,0,0,8,1,54;31;367;364;656;406;427;571
1,10134,10197,1,0,0,8,1,12;325;322;614;364;385;529;629
0,10135,10224,1,0,0,8,0,11;324;321;613;324;384;528;628
1,10780,10848,1,0,0,5,1,336;488;850;754;514
1,10719,10776,1,0,0,7,1,29;44;387;499;911;815;575
1,10827,10895,1,0,0,5,1,289;441;803;647;467
1,10822,10899,1,0,0,5,1,294;446;808;712;472
1,10561,10634,1,0,0,6,1,187;102;189;387;131;707
1,10540,10611,1,0,0,6,1,208;123;189;387;152;728
1,10671,10883,1,0,0,6,2,77;61;387;21;597;959
1,10661,10750,1,0,0,7,2,87;2;102;387;31;607;969
1,10500,10580,1,0,0,7,2,248;19;163;207;387;192;768
1,10482,10561,1,0,0,8,3,266;16;37;181;215;387;210;786
0,10540,10616,1,0,0,6,0,208;114;189;387;152;728
0,10536,10599,1,0,0,6,0,212;127;189;387;156;732
1,10430,10711,1,0,0,9,6,29;26;315;68;89;225;333;686;262
1,10394,10473,1,0,0,9,1,65;62;354;104;101;225;369;722;298
1,10459,10524,1,0,0,9,2,0;289;39;60;204;215;387;233;809
1,10440,10739,1,0,0,9,3,19;16;308;58;79;223;215;676;252
1,8995,9049,1,0,0,6,1,452;206;428;90;328;359
0,8975,9029,1,0,0,6,0,472;226;428;90;348;379
1,8964,9051,1,0,0,6,1,483;237;428;90;359;390
0,8957,9031,1,0,0,6,0,486;244;428;90;366;397
1,9115,9368,1,0,0,8,4,332;86;428;90;208;205;918;694
1,9100,9176,1,0,0,8,1,347;101;428;90;223;205;933;709
1,9091,9166,1,0,0,8,2,356;110;428;90;232;263;942;718
1,9010,9230,1,0,0,6,1,437;191;428;90;313;344
1,9299,9349,1,0,0,7,3,148;306;24;55;734;459;597
1,9267,9522,1,0,0,7,5,180;338;56;87;753;518;629
1,9169,9392,1,0,0,8,3,278;32;386;76;154;185;753;640
1,9168,9236,1,0,0,8,1,279;33;428;77;155;186;753;641
1,9365,9427,1,0,0,5,2,82;198;668;442;531
1,9337,9613,1,0,0,6,3,110;268;17;696;447;559
1,9337,9413,1,0,0,6,2,110;198;17;696;447;559
1,9326,9393,1,0,0,6,3,121;279;28;707;459;570
1,9441,9494,1,0,0,5,1,6;164;592;368;414
1,9532,9614,1,0,0,4,2,73;501;277;364
1,9401,9474,1,0,0,5,2,46;198;632;408;492
1,9427,9501,1,0,0,5,1,20;178;606;382;469
1,9669,9879,1,0,0,5,3,364;140;155;477;454
1,9681,9969,1,0,0,6,3,352;128;151;465;442;778
0,9549,9616,1,0,0,4,0,56;457;260;347
1,9629,9852,1,0,0,4,2,404;180;267;517
1,9778,9831,1,0,0,6,2,255;31;118;368;345;590
1,9837,9921,1,0,0,6,1,196;59;309;286;590;619
1,9725,9797,1,0,0,6,2,308;84;151;421;398;590
1,9741,9798,1,0,0,6,1,284;68;151;405;382;590
1,9991,10055,1,0,0,9,1,42;155;132;468;465;757;507;528;672
1,10052,10103,1,0,0,8,1,94;71;407;404;696;446;467;611
1,9855,9920,1,0,0,6,1,126;41;291;268;590;601
0,9939,10010,1,0,0,9,0,94;207;184;520;517;809;559;580;724
1,8005,8270,1,0,0,8,6,27;359;397;610;503;609;741;683
0,7939,8019,1,0,0,10,0,10;53;35;93;425;463;676;544;675;807
1,8082,8156,1,0,0,8,4,282;320;533;426;532;611;606;800
1,8065,8136,1,0,0,7,2,299;337;550;443;549;681;614
1,8137,8400,1,0,0,9,8,227;253;478;371;477;609;551;745;640
0,8083,8162,1,0,0,8,0,281;253;532;425;531;611;605;799
1,8198,8266,1,0,0,9,2,166;204;417;310;416;548;490;512;579
1,8143,8206,1,16,0,9,3,221;253;472;365;471;603;545;512;634
0,8284,8342,1,0,0,9,0,80;118;331;224;330;462;404;512;493
0,8267,8355,1,0,0,9,0,97;135;348;241;347;479;421;512;510
0,8299,8373,1,0,0,9,0,65;103;316;209;315;447;389;512;389
1,8291,8568,1,0,0,9,3,73;111;324;217;323;455;397;512;486
0,8359,8418,1,0,0,9,0,5;43;256;149;255;387;329;512;261
1,8302,8582,1,0,0,9,5,62;100;313;206;312;444;386;512;389
1,8450,8724,1,0,0,7,4,165;58;164;213;238;432;261
1,8383,8665,1,0,0,8,3,19;232;125;231;363;305;499;261
1,8452,8663,1,0,0,7,2,163;56;162;213;236;430;251
0,8507,8565,1,0,0,10,0,108;1;107;213;181;375;251;940;694;350
1,8531,8611,1,0,0,9,2,84;83;213;157;351;246;916;670;326
1,8590,8664,1,0,0,10,2,25;24;156;98;292;187;857;611;267;1015
1,8675,8753,1,0,0,10,3,71;13;207;102;772;526;182;930;570;648
1,8706,8780,1,0,0,9,1,40;176;71;741;495;151;899;539;612
1,8715,8947,1,0,0,9,5,31;167;54;732;486;142;890;530;608
0,8720,8781,1,0,0,9,0,26;162;54;727;481;137;674;525;603
1,8726,8933,1,0,0,9,5,20;156;51;721;475;131;674;519;597
0,8774,8860,1,0,0,8,0,108;3;673;427;83;674;372;549
0,8805,8879,1,0,0,7,0,77;642;396;52;674;372;518
0,8825,8886,1,0,0,7,0,57;622;376;32;674;372;498
0,8880,8937,1,15,0,7,0,2;567;321;674;365;443;474
1,8911,9204,1,0,0,6,5,536;290;674;334;412;443
1,8915,8974,1,0,0,6,2,532;286;428;330;408;439
1,8930,9165,1,0,0,6,2,486;271;428;315;393;424
1,7026,7282,1,0,0,4,1,420;263;114;298
0,7001,7058,1,0,0,4,0,445;288;114;307
1,7000,7078,1,0,0,4,1,446;289;176;307
1,6978,7050,1,0,0,4,2,468;311;198;308
1,6968,7022,1,0,0,4,2,478;321;208;356
0,6829,6882,1,0,0,4,0,617;425;347;495
1,6705,6764,1,0,0,5,1,66;122;741;520;471
0,6696,6757,1,0,0,5,0,75;131;750;520;480
1,7286,7344,1,0,0,9,1,160;3;38;663;444;130;706;688;746
1,7267,7337,1,0,0,9,1,178;22;57;682;463;143;725;707;765
1,7256,7343,1,0,0,9,2,190;33;68;693;474;143;736;718;776
1,7239,7291,1,0,0,8,2,207;50;85;710;491;177;753;735
1,7213,7293,1,0,0,8,3,233;76;111;736;512;203;779;761
1,7197,7276,1,0,0,8,1,249;92;127;751;533;219;795;777
1,7138,7217,1,0,0,8,2,303;151;38;186;811;592;278;854
1,7027,7095,1,0,0,4,2,303;262;114;297
1,7595,7680,1,0,0,10,4,354;135;397;379;437;9;156;769;195;122
0,7703,7783,1,0,0,10,0,246;27;289;271;329;48;661;87;14;699
1,7555,7630,1,0,0,10,2,394;173;437;419;477;49;196;809;235;162
1,7557,7627,1,0,0,10,1,392;173;435;417;475;13;194;807;233;160
0,7447,7524,1,0,0,8,0,502;283;531;527;585;157;304;917
1,7517,7589,1,15,0,9,1,432;213;475;457;515;87;234;847;273
1,7343,7407,1,0,0,9,1,103;606;387;73;649;631;689;261;408
1,7395,7476,1,0,0,10,4,51;554;335;21;597;579;637;209;356;969
1,7922,7998,1,0,0,10,1,27;70;52;110;442;480;693;544;692;824
0,7926,7979,1,0,0,10,0,17;66;48;106;438;476;689;544;688;820
0,7841,7904,1,0,0,9,0,108;151;133;191;523;561;774;544;773
0,7867,7935,1,0,0,9,0,82;125;107;165;497;535;748;544;747
0,7778,7850,1,0,0,9,0,171;214;196;254;586;12;624;837;730
1,7788,8052,1,0,0,9,3,161;204;186;244;576;2;614;827;720
0,7722,7795,1,0,0,10,0,227;8;270;252;310;29;642;68;680;893
1,7771,7823,1,0,0,9,1,178;221;203;261;593;19;631;844;737
1,5861,5933,1,0,0,10,3,35;198;179;27;459;333;796;598;669;354
1,5859,5924,1,0,0,10,1,37;200;181;29;461;333;798;600;671;356
1,5913,5974,1,0,0,8,1,146;127;407;333;744;546;617;354
1,5890,6147,1,0,0,9,4,6;169;150;430;333;767;569;640;354
1,5778,5995,1,0,0,11,4,22;118;281;262;110;542;473;879;681;752;517
0,5773,5847,1,0,0,11,0,27;123;286;267;115;547;473;884;686;757;522
1,5823,6120,1,0,0,10,8,73;236;217;65;497;333;834;636;707;472
0,5789,5868,1,16,0,11,0,11;107;270;251;99;531;333;868;670;741;506
1,6045,6267,1,0,0,7,2,14;275;267;612;414;485;250
1,6018,6097,1,0,0,8,1,41;22;302;294;639;441;512;277
1,6071,6282,1,0,0,7,2,249;241;586;388;459;224;347
1,6053,6105,1,0,0,8,2,6;267;255;604;406;477;242;365
1,5946,6015,1,16,0,8,2,113;94;374;333;711;513;584;349
1,5925,6008,1,0,0,8,3,134;115;395;333;732;534;605;354
1,5983,6059,1,0,0,8,1,76;57;337;300;671;476;547;312
1,5979,6067,1,0,0,8,1,80;61;341;300;678;480;551;316
1,6238,6315,1,0,0,9,2,82;74;419;179;292;57;180;284;323
1,6239,6321,1,0,0,9,3,81;73;418;179;291;32;179;283;323
1,6297,6382,1,0,0,9,1,23;15;360;162;233;121;225;299;530
1,6351,6419,1,0,0,7,1,306;108;179;67;171;299;476
1,6072,6148,1,0,0,7,2,248;240;585;179;458;223;346
1,6185,6239,1,0,0,9,2,135;127;472;179;345;110;233;337;586
0,6213,6282,1,0,0,9,0,107;99;444;179;317;82;205;309;558
1,6228,6519,1,0,0,9,3,92;84;429;179;302;67;190;294;543
0,6560,6647,1,0,0,4,0,97;211;267;886
1,6649,6732,1,0,0,4,1,8;122;178;797
0,6662,6723,1,0,0,3,0,109;165;784
1,6695,6948,1,0,0,5,2,76;132;751;594;481
0,6351,6440,1,0,0,7,0,306;108;150;67;171;299;476
0,6359,6430,1,0,0,7,0,298;100;150;59;163;299;468
1,6367,6430,1,0,0,7,2,290;92;150;51;155;299;460
1,6547,6602,1,0,0,4,1,110;224;280;899
1,21700,21949,1,0,0,7,4,225;545;254;315;901;620;603
1,21687,21747,1,0,0,7,2,238;558;254;315;914;633;616
1,21781,22033,1,0,0,7,6,144;464;187;245;820;484;522
1,21732,22011,1,0,0,7,5,193;513;236;294;869;484;571
1,21937,22025,1,0,0,8,1,308;31;89;664;343;205;6;600
1,21885,22102,1,0,0,8,2,40;360;83;141;716;343;418;58
0,22013,22086,1,0,0,7,0,232;13;588;307;205;524;739
0,21949,22009,1,0,0,7,0,296;7;77;652;343;205;588
0,21551,21638,1,0,0,8,0,29;99;128;61;374;694;417;475
0,21476,21565,1,0,0,8,0,104;174;203;136;449;769;492;550
1,21585,21861,1,0,0,8,4,65;94;27;340;660;383;441;990
1,21578,21652,1,0,0,9,3,2;72;101;34;347;667;390;448;1023
1,21619,21689,1,0,0,8,2,31;48;306;626;349;315;982;701
1,21597,21661,1,0,0,8,2,53;82;15;328;648;371;315;990
1,21656,21732,1,0,0,7,1,23;269;589;283;315;945;664
1,21642,21693,1,0,0,8,1,8;26;283;603;326;315;959;678
1,21339,21428,1,0,0,9,2,60;43;130;241;311;340;273;468;906
1,21357,21408,1,0,0,9,1,42;43;87;223;293;322;255;468;888
1,21381,21440,1,0,0,9,3,18;43;87;199;269;298;231;468;864
1,21386,21447,1,0,0,9,1,13;38;37;194;264;293;226;468;859
0,21415,21474,1,0,0,9,0,9;37;165;235;264;197;468;830;553
1,21431,21481,1,15,0,9,3,37;149;219;248;181;468;814;537;595
0,21451,21516,1,0,0,9,0,18;129;199;228;161;456;794;517;575
0,21460,21517,1,0,0,9,0,9;120;190;219;152;456;785;508;566
1,21049,21311,1,0,0,10,8,290;177;375;233;420;531;601;630;231;563
1,21129,21204,1,0,0,10,3,270;97;295;153;340;451;521;550;151;372
1,21150,21223,1,0,0,10,3,249;76;274;132;319;427;500;529;130;372
1,21217,21300,1,0,0,10,2,182;9;207;65;252;363;433;462;63;372
1,21236,21302,1,0,0,9,3,163;188;46;233;344;414;406;44;372
1,21252,21332,1,0,0,10,3,147;172;30;217;328;398;406;28;360;673
1,21321,21563,1,0,0,8,5,78;103;148;259;329;358;291;604
1,21336,21394,1,0,0,9,2,63;88;133;244;314;343;276;468;909
1,20968,21024,1,0,0,12,3,290;10;14;258;51;456;314;501;612;626;711;309
1,20948,21011,1,0,0,12,2,290;30;34;278;51;476;334;521;632;626;731;332
1,20929,21212,1,0,0,12,9,470;49;53;297;51;495;353;540;651;626;750;351
1,20920,20996,1,0,0,12,3,479;58;62;306;51;504;362;549;660;680;759;360
0,21036,21096,1,0,0,10,0,290;190;388;246;433;544;614;643;244;576
1,21036,21122,1,0,0,10,2,290;190;388;246;433;544;614;643;244;576
0,21020,21090,1,0,0,11,0,290;206;4;404;262;449;560;626;659;260;592
1,21005,21073,1,0,0,11,2,290;221;19;419;277;464;575;626;674;275;607
1,20778,20860,1,0,0,11,1,134;621;200;204;448;246;646;504;556;756;872
1,20770,20859,1,0,0,10,2,142;629;208;212;456;254;654;512;556;810
1,20686,20928,1,0,0,9,7,226;713;274;296;540;338;738;596;783
1,20679,20731,1,0,0,10,2,6;233;720;299;303;547;345;745;603;790
1,20912,20993,1,0,0,13,2,0;487;66;70;314;112;512;370;556;668;680;767;368
1,20905,21171,1,0,0,13,9,7;494;73;77;321;119;519;377;556;675;745;774;375
0,20885,20957,1,0,0,13,0,27;514;93;97;341;139;539;397;556;695;765;794;395
0,20837,20917,1,0,0,13,0,75;562;141;145;389;185;587;445;556;743;813;842;443
0,20408,20484,1,0,0,8,0,29;143;277;488;991;570;574;818
0,20463,20522,1,0,0,7,0,88;222;449;936;515;519;763
1,20362,20429,1,0,0,7,1,24;75;189;323;550;1037;574
1,20396,20450,1,0,0,8,1,41;155;289;516;1003;574;586;830
1,20543,20593,1,0,0,8,1,8;142;369;856;435;439;683;471
1,20623,20678,1,0,0,8,1,62;289;776;355;359;603;401;801
1,20500,20577,1,0,0,8,1,51;185;412;899;478;482;726;524
1,20508,20580,1,0,0,8,1,43;177;402;891;470;474;718;516
1,20151,20204,1,0,0,7,2,40;235;286;117;367;534;761
1,20209,20276,1,0,0,6,2,177;228;117;342;476;703
1,20147,20227,1,0,0,7,2,44;239;290;190;402;538;765
1,20147,20207,1,0,0,7,1,44;239;290;117;402;538;765
0,20334,20404,1,0,0,8,0,52;103;3;217;351;578;1065;644
1,20356,20442,1,0,0,7,2,30;81;195;329;556;1043;622
0,20244,20321,1,0,0,6,0,142;193;93;307;441;668
1,20313,20393,1,0,0,8,2,73;124;24;238;372;599;1086;665
1,20050,20112,1,0,0,6,1,141;336;387;287;501;635
1,20002,20081,1,0,0,6,1,189;384;435;335;549;683
1,20113,20172,1,0,0,6,1,78;273;324;224;438;572
1,20064,20123,1,0,0,6,1,127;322;373;273;487;621
1,19905,19970,1,0,0,6,1,286;481;532;432;592;780
0,19841,19902,1,0,0,5,0,315;545;596;496;592
0,19992,20046,1,0,0,6,0,199;394;445;345;559;693
1,19914,19995,1,0,0,6,1,253;472;523;423;592;771
0,19766,19855,1,0,0,4,0,420;23;599;671
0,19735,19793,1,0,0,3,0,420;54;599
1,19829,19882,1,0,0,5,1,362;557;608;508;592
1,19798,20006,1,0,0,5,2,393;588;639;539;753
1,19663,19913,1,0,0,3,1,528;126;723
1,19637,19704,1,0,0,3,1,554;152;749
1,19712,19792,1,0,0,3,1,479;77;599
1,19700,19780,1,0,0,3,1,491;89;599
1,19453,19540,1,0,0,5,2,45;98;176;715;336
0,19574,19630,1,0,0,4,0,55;617;215;812
0,19582,19647,1,0,0,4,0,47;609;207;804
0,19604,19682,1,0,0,4,0,25;587;185;782
1,19305,19594,1,0,0,8,6,51;12;54;193;190;324;886;484
1,19329,19409,1,0,0,7,1,27;30;169;190;300;715;460
1,19377,19433,1,0,0,5,1,121;174;252;715;394
0,19446,19509,1,0,0,5,0,52;105;183;715;343
1,19235,19307,1,0,0,9,2,18;121;53;82;124;263;190;391;956
1,19264,19317,1,0,0,9,2,92;24;53;95;234;190;365;927;525
0,19276,19327,1,0,0,9,0,80;12;41;83;222;190;353;915;513
0,19299,19349,1,0,0,8,0,57;18;60;199;190;330;892;490
1,19150,19385,1,0,0,10,4,69;103;206;138;167;209;348;401;412;1041
1,19194,19268,1,0,0,10,1,25;59;162;94;123;165;304;190;412;997
1,19208,19265,1,0,0,10,2,11;24;148;80;109;151;290;190;412;983
0,19233,19295,1,0,0,9,0,20;123;55;84;126;265;190;391;958
1,19108,19174,1,0,0,10,1,111;145;248;17;180;209;251;390;443;412
1,19106,19402,1,0,0,10,6,113;146;250;19;182;211;253;392;445;523
1,19027,19094,1,16,0,8,2,192;146;329;26;261;290;332;471
1,19021,19106,1,0,0,8,2,198;146;335;34;267;296;338;477
1,18930,19139,1,0,0,6,2,289;153;426;34;338;387
1,18911,19147,1,0,0,7,2,1;308;153;445;114;338;406
1,18885,19165,1,0,0,7,4,4;27;334;368;471;114;338
1,18876,19101,1,0,0,8,2,13;36;343;8;377;480;249;338
1,18762,18824,1,0,0,9,1,127;150;457;59;122;451;590;363;338
1,18737,18959,1,0,0,9,6,152;152;482;84;147;451;590;388;551
1,18732,18818,1,0,0,9,4,157;152;487;89;152;452;590;393;556
1,18713,18775,1,0,0,9,1,176;152;506;108;171;452;643;412;575
1,18693,18769,1,0,0,10,1,5;196;163;526;128;191;452;663;432;595
1,18690,18754,1,0,0,10,1,8;199;222;529;131;194;452;666;435;598
1,18626,18849,1,0,0,8,5,72;263;286;575;173;258;627;730
1,18614,18677,1,0,0,7,2,84;10;275;298;603;173;270
1,18543,18602,1,0,0,7,1,155;81;346;369;603;278;341
1,18574,18653,1,0,0,7,3,124;50;315;338;603;247;310
1,18405,18702,1,0,0,7,4,116;293;219;90;484;507;814
1,18477,18538,1,0,0,9,2,44;221;147;18;412;435;603;344;407
1,18282,18345,1,0,0,8,1,239;75;87;416;270;213;607;630
0,18359,18442,1,0,0,8,0,162;40;10;339;265;136;530;553
1,18258,18544,1,0,0,8,3,263;141;111;440;366;237;631;654
1,18265,18347,1,0,0,8,2,256;134;104;433;270;230;624;647
1,18088,18151,1,0,0,10,3,4;103;106;433;311;281;610;536;407;801
1,18160,18221,1,0,0,9,3,31;34;361;239;209;538;464;335;729
1,18020,18093,1,0,0,11,4,72;171;174;501;36;379;349;678;604;475;869
1,18034,18113,1,0,0,11,4,58;157;160;487;22;327;335;664;590;461;855
1,17935,18004,1,0,0,12,1,157;0;256;259;586;121;464;434;703;688;560;954
1,17956,18012,1,0,0,11,2,136;235;238;565;92;443;413;703;668;539;933
1,17925,18013,1,0,0,12,4,167;10;266;269;596;131;474;444;718;699;570;964
1,17927,18179,1,0,0,12,3,165;8;264;267;594;129;472;442;703;697;568;962
1,17363,17445,1,0,0,7,1,30;426;210;602;434;525;572
1,17429,17719,1,0,0,8,7,360;210;602;368;459;506;762;765
0,17486,17554,1,0,0,8,0,303;210;602;311;402;449;705;535
1,17489,17782,1,0,0,8,5,300;210;602;308;399;446;702;535
1,17516,17577,1,0,0,10,1,273;210;576;281;372;308;675;535;1005;540
0,17530,17592,1,0,0,10,0,259;210;557;267;358;308;661;535;991;526
1,17567,17621,1,0,0,10,3,222;209;525;230;321;308;624;535;954;489
1,17626,17714,1,0,0,10,3,163;150;466;171;262;308;565;535;895;430
1,17638,17721,1,0,0,10,1,151;138;454;159;250;297;553;535;883;418
1,17702,17757,1,0,0,10,3,87;67;390;95;186;233;489;492;819;354
1,17736,17824,1,0,0,10,2,53;40;356;61;152;199;455;458;785;320
1,17784,17853,1,0,0,11,2,5;308;13;104;151;407;410;702;272;615;585
1,17796,17874,1,0,0,10,2,296;1;92;134;395;398;702;260;603;573
1,17848,17921,1,0,0,10,2,244;40;87;343;346;673;208;551;521;850
1,17852,18145,1,0,0,11,9,240;36;83;290;342;669;204;547;517;846;772
1,17873,17954,1,0,0,11,2,219;15;62;290;321;648;183;526;496;718;751
1,17005,17285,1,0,0,5,4,336;299;140;394;784
1,16863,16914,1,0,0,8,2,103;28;17;478;35;299;19;282
0,17075,17130,1,0,0,5,0,266;285;70;324;530
1,17021,17271,1,0,0,5,1,320;299;124;378;530
0,17101,17161,1,0,0,7,0,240;259;44;198;530;675;991
1,17085,17328,1,0,0,6,3,256;275;60;314;530;691
1,17183,17237,1,0,0,7,1,158;177;133;530;593;909;614
1,17152,17231,1,0,0,7,1,189;208;198;530;624;940;645
0,17261,17336,1,0,0,8,0,80;99;133;528;515;831;536;627
1,17204,17290,1,0,0,8,1,137;156;133;530;572;888;593;684
1,17291,17577,1,0,0,8,4,50;69;108;498;485;743;506;597
1,17286,17360,1,0,0,8,3,55;74;113;503;490;806;511;602
1,17306,17388,1,0,0,8,1,35;54;93;483;210;602;491;582
1,17302,17550,1,0,0,8,5,39;58;97;487;210;743;495;586
1,17353,17403,1,0,16,8,2,7;30;436;210;602;444;535;582
1,17317,17372,1,0,0,8,1,24;30;82;472;210;602;480;571
1,16658,16737,1,0,0,7,1,308;233;205;609;240;702;202
1,16662,16735,1,0,0,8,1,304;229;197;609;236;698;202;483
1,16597,16862,1,0,0,8,5,41;369;294;283;609;301;763;285
1,16657,16723,1,0,0,7,1,309;234;223;609;241;703;202
1,16721,16805,1,0,0,8,1,220;170;159;609;177;639;161;424
0,16723,16809,1,0,0,8,0,220;168;157;609;151;637;159;422
1,16670,16737,1,0,0,8,1,288;221;197;609;228;690;202;475
1,16702,16781,1,0,0,8,1,264;189;176;609;196;658;180;443
1,16755,16808,1,0,0,8,2,211;136;125;586;143;605;125;390
1,16782,16834,1,0,0,8,2,184;109;98;559;116;578;100;363
0,16729,16783,1,0,0,8,0,220;162;151;609;151;631;153;416
1,16746,16817,1,0,0,8,2,220;145;134;595;151;614;136;399
1,16816,16882,1,0,0,8,1,150;75;64;525;82;544;66;286
1,16850,17132,1,0,0,8,4,111;41;30;491;48;510;32;286
1,16795,16868,1,0,0,8,2,171;96;85;546;103;565;87;313
1,16799,16885,1,0,0,8,2,167;92;81;542;99;561;83;300
1,15952,16203,1,0,0,7,3,5;140;262;355;433;174;364
1,15868,15939,1,0,0,9,1,8;29;89;224;346;355;517;258;415
1,15858,16148,1,0,0,9,5,9;39;99;234;356;355;527;268;554
1,15844,15902,1,0,0,10,1,9;32;53;113;248;370;355;541;282;568
1,16194,16269,1,0,0,7,1,20;244;191;218;444;624;697
1,16155,16448,1,0,0,7,5,59;283;230;257;483;811;736
1,16056,16130,1,0,0,8,1,36;158;355;329;70;356;582;910
1,15968,16052,1,0,0,6,1,124;223;355;417;158;364
0,16325,16402,1,0,0,6,0,113;60;87;313;624;566
0,16284,16359,1,0,0,6,0,154;101;128;354;624;607
1,16228,16279,1,0,0,6,1,210;157;184;410;624;663
0,16218,16304,1,0,0,6,0,220;167;194;420;624;673
1,16521,16807,1,0,0,6,4,117;445;370;359;738;377
0,16489,16568,1,0,0,6,0,149;477;402;391;738;409
1,16463,16704,1,0,0,5,2,175;503;428;417;878
1,16399,16476,1,0,0,6,1,39;13;239;567;492;481
1,15398,15474,1,0,0,9,5,24;146;218;439;478;196;499;559;694
1,15460,15759,1,0,0,8,2,84;156;393;415;134;437;497;632
1,15481,15569,1,0,0,8,1,63;135;372;395;113;416;242;611
1,15481,15695,1,0,0,8,2,32;135;372;395;113;416;242;611
1,15274,15333,1,0,0,9,2,85;148;270;342;21;579;602;320;623
1,15283,15360,1,0,0,9,2,57;139;261;333;12;570;593;311;614
1,15327,15401,1,0,0,9,2,32;95;217;289;526;549;267;570;630
1,15382,15455,1,0,0,9,1,40;162;234;471;494;212;515;575;710
1,15685,15736,1,0,0,6,1,168;168;212;240;407;529
0,15739,15798,1,0,0,8,0,114;137;158;218;353;475;699;646
1,15797,15862,1,0,0,10,2,56;79;100;160;295;417;641;588;329;615
1,15831,16126,1,0,0,10,4,22;45;66;126;261;383;607;554;295;581
1,15549,15638,1,0,0,7,1,67;304;327;45;348;242;543
1,15566,15785,1,0,0,8,2,50;287;310;28;331;242;526;648
1,15652,15723,1,0,0,6,1,201;224;245;240;440;562
0,15664,15718,1,0,0,6,0,189;168;233;240;428;550
1,14842,14899,1,0,0,11,3,428;234;198;273;144;507;561;377;702;774;453
1,14805,14882,1,0,0,11,1,27;465;271;235;310;144;507;561;377;739;811
1,14880,14967,1,0,0,11,1,390;196;160;235;131;479;508;377;664;736;415
1,14871,14955,1,0,0,11,2,399;205;169;244;140;488;551;377;673;745;424
1,14753,14828,1,0,0,10,3,64;517;323;287;362;258;507;561;377;741
1,14752,14993,1,0,0,10,3,64;518;324;288;363;259;507;561;511;741
1,14799,14870,1,0,0,10,3,33;471;277;241;316;184;507;561;377;741
1,14766,14833,1,0,0,10,2,64;504;310;274;349;184;507;561;377;741
1,15009,15080,1,0,0,14,2,261;67;31;106;2;350;413;254;535;540;286;697;867;585
1,14993,15203,1,0,0,14,6,277;83;47;122;18;366;429;270;551;540;302;860;883;601
0,15182,15235,1,0,0,11,0,88;177;240;81;359;434;113;671;694;412;715
1,15170,15249,1,0,0,10,2,100;189;252;93;374;446;125;683;706;424
1,14904,15107,1,0,0,11,5,366;172;136;138;107;455;508;359;640;698;391
1,14894,15099,1,0,0,11,6,376;182;146;221;117;465;508;369;650;698;401
1,14919,14996,1,0,0,12,2,351;157;121;138;92;440;503;344;625;540;376;934
1,14911,15167,1,0,0,12,6,359;165;129;138;100;448;508;352;633;548;384;942
1,14475,14546,1,0,0,7,2,123;357;795;601;481;640;536
1,14544,14608,1,0,0,9,2,54;288;726;532;481;571;467;815;878
1,14358,14597,1,0,0,7,4,49;59;222;474;846;718;541
1,14359,14411,1,0,0,7,2,48;58;222;473;846;717;481
1,14345,14406,1,0,0,7,1,62;72;253;487;846;731;541
1,14353,14437,1,0,0,7,1,54;64;245;479;846;723;541
1,14285,14358,1,0,0,6,1,122;132;313;547;846;745
1,14322,14621,1,0,0,7,5,85;95;276;510;846;745;718
1,14739,14828,1,0,0,10,1,93;531;337;301;376;272;507;561;524;741
0,14751,14838,1,0,0,10,0,64;519;325;289;364;260;507;561;512;741
1,14721,14948,1,0,0,10,5,111;549;355;319;394;290;535;561;542;823
1,14724,14804,1,0,0,10,2,108;546;352;316;391;287;507;561;539;820
1,14692,14755,1,0,0,10,1,140;578;384;348;423;319;535;561;571;852
1,14699,14776,1,0,0,10,1,133;563;377;341;416;312;535;561;564;845
1,14570,14867,1,0,0,10,9,28;262;700;506;470;545;441;789;852;693
1,14606,14829,1,0,0,10,5,226;664;470;434;509;405;753;561;657;938
0,14058,14129,1,0,0,7,0,195;201;330;339;540;637;1212
1,14051,14114,1,0,0,7,1,195;208;356;339;547;637;1219
1,14026,14099,1,0,0,9,1,8;230;233;7;381;339;572;637;1244
1,13994,14247,1,0,0,10,4,40;262;265;39;413;22;339;604;838;1276
0,13973,14054,1,0,0,9,0,44;283;286;60;434;43;339;625;859
1,13973,14049,1,0,0,9,1,44;283;286;60;434;43;339;625;859
1,13933,14019,1,0,0,10,2,101;323;326;100;31;471;83;339;641;899
1,13921,13996,1,0,0,10,1,113;335;338;112;43;486;95;339;641;911
1,14252,14305,1,0,0,8,1,4;7;155;165;346;580;846;745
1,14238,14441,1,0,0,8,4,16;21;169;179;360;592;846;745
1,14226,14280,1,0,0,8,1,16;33;181;191;372;606;846;745
1,14210,14455,1,0,0,8,4,16;49;197;207;388;622;846;866
1,14193,14425,1,0,0,8,5,16;66;214;224;405;637;1077;883
1,14185,14272,1,0,0,8,2,71;74;222;232;413;637;1085;891
1,14145,14216,1,0,0,8,1,111;114;262;272;453;637;1125;931
1,14088,14164,1,0,0,7,1,168;171;319;329;510;637;1182
1,28691,28748,1,0,0,9,2,166;58;103;8;453;462;657;452;683
1,28727,28783,1,0,0,8,1,130;44;67;417;437;657;416;677
1,28739,28990,1,16,0,8,4,118;32;55;405;425;657;404;677
1,28740,28806,1,0,0,8,1,117;31;54;404;180;657;403;677
1,28648,28711,1,0,0,9,3,30;209;94;146;51;496;489;891;495
1,28651,28737,1,0,0,9,1,27;206;94;143;48;493;462;888;492
1,28680,28740,1,0,0,9,2,177;58;114;19;464;462;859;463;741
1,28680,28883,1,0,0,9,2,177;58;114;19;464;462;859;463;683
0,28518,28603,1,0,0,7,0,160;339;153;249;181;505;646
1,28626,28678,1,0,0,9,1,52;231;145;168;73;505;538;913;517
1,28632,28682,1,0,0,9,1,46;225;120;162;67;505;532;907;511
1,28646,28713,1,0,0,9,3,32;211;94;148;53;498;518;893;497
1,28388,28604,1,0,0,6,1,290;469;383;278;311;756
1,28415,28691,1,0,0,6,4,263;442;262;278;284;729
1,28462,28529,1,0,0,7,2,216;395;262;278;237;505;702
1,28481,28730,1,0,0,7,1,197;376;262;249;218;505;683
0,29299,29386,1,0,0,4,0,240;122;153;821
1,29227,29469,1,0,0,5,2,312;194;71;225;893
0,29342,29397,1,0,0,5,0,197;79;110;712;658
1,29339,29420,1,0,0,5,2,200;82;113;781;661
1,29143,29218,1,0,0,7,1,1;21;396;0;278;144;309
1,29139,29413,1,0,0,7,2,5;25;400;4;282;159;313
1,29173,29248,1,0,0,5,1,366;248;83;279;947
1,29164,29419,1,0,0,6,2,0;375;257;134;288;956
1,28912,28988,1,0,0,7,1,232;180;627;231;509;351;540
0,28907,28962,1,0,0,7,0,237;180;632;236;514;351;545
1,29116,29391,1,0,0,7,3,28;48;423;27;305;182;336
1,28992,29051,1,0,0,7,1,152;172;547;151;429;306;460
1,28788,29075,1,0,0,8,3,69;6;354;180;657;355;633;510
1,28771,28849,1,0,0,9,1,86;0;23;373;180;657;372;650;527
1,28879,29155,1,0,0,7,5,265;180;655;264;542;368;573
1,28861,28943,1,0,0,7,2,283;180;655;282;560;437;591
0,29755,29821,1,0,0,9,0,365;245;384;229;229;596;461;404;404
1,29756,29825,1,0,0,9,4,364;244;383;229;228;595;461;403;403
1,29735,29790,1,0,0,8,3,385;265;404;230;249;616;639;424
1,29735,29996,1,0,0,8,3,385;265;404;229;249;616;639;424
1,29722,29779,1,0,0,8,3,398;272;417;301;262;629;652;437
1,29729,29814,1,0,0,8,4,391;271;410;294;255;622;645;430
1,29681,29736,1,0,0,8,1,439;319;458;342;303;670;693;478
1,29693,29764,1,0,0,8,1,427;300;446;330;291;658;681;466
0,29558,29624,1,0,0,6,0,562;442;581;465;426;793
0,29622,29679,1,0,0,7,0,498;378;517;401;362;729;752
1,29457,29510,1,0,0,7,1,82;663;495;682;566;527;894
0,29544,29625,1,0,0,6,0,576;456;595;479;440;807
1,29423,29480,1,0,0,6,3,116;29;697;495;716;600
0,29446,29532,1,0,0,7,0,93;6;674;495;693;577;538
0,29365,29419,1,0,0,7,0,174;56;87;712;635;774;658
1,29404,29684,1,0,0,7,1,135;17;48;712;596;735;619
1,30293,30373,1,0,0,9,2,58;81;29;228;241;352;477;681;503
1,30256,30529,1,0,0,8,3,95;118;66;265;241;389;482;698
1,30254,30312,1,0,0,8,1,97;120;68;267;241;391;533;698
1,30224,30297,1,0,0,8,2,127;150;98;282;241;421;563;750
1,30140,30416,1,0,0,9,5,211;234;19;19;182;282;418;433;647
1,30122,30386,1,0,0,10,5,17;229;252;37;37;200;399;436;433;665
1,30055,30292,1,0,0,10,6,65;84;296;319;104;104;267;466;503;590
0,30050,30106,1,0,0,10,0,70;89;301;324;109;109;272;471;508;595
0,29995,30051,1,0,0,10,0,125;5;144;28;356;379;164;164;327;526
1,29931,29998,1,0,0,11,1,189;69;208;92;53;375;443;228;165;391;590
1,29918,29997,1,0,0,11,5,202;82;221;105;66;375;456;241;241;404;603
0,29916,29994,1,0,0,11,0,204;84;223;107;68;375;458;243;243;406;605
1,29861,29919,1,0,0,10,1,259;139;278;162;123;385;461;298;298;461
1,29840,30045,1,0,0,10,2,280;160;299;183;144;429;461;319;319;482
1,29830,30075,1,0,0,10,5,290;170;309;193;154;429;461;329;329;492
1,29790,30036,1,0,0,10,8,330;210;349;225;194;561;461;369;369;532
1,26661,26745,1,0,0,9,1,81;396;62;229;171;763;157;792;902
1,26668,26965,1,0,0,9,6,74;372;55;222;164;756;150;785;895
1,26714,27003,1,0,0,9,3,28;343;9;176;118;710;104;739;802
0,26725,26795,1,0,0,8,0,17;332;165;107;699;93;550;802
0,26752,26827,1,0,0,8,0,305;138;80;672;66;550;802;800
0,26770,26829,1,0,0,8,0,287;120;62;654;48;550;793;782
1,26828,26907,1,0,0,7,2,229;62;4;596;550;735;724
0,26840,26929,1,0,0,6,0,217;50;584;550;723;712
1,26335,26421,1,0,0,8,2,104;196;51;407;722;388;395;497
1,26358,26441,1,0,0,8,1,81;173;37;384;699;365;395;474
1,26393,26460,1,0,0,8,2,46;124;2;349;664;330;395;439
1,26399,26456,1,0,0,7,2,40;124;343;648;324;395;433
1,26406,26482,1,15,0,8,1,32;124;336;648;317;395;426;1018
0,26420,26470,1,0,0,8,0,19;111;318;637;303;395;412;1004
1,26608,26659,1,0,0,8,1,134;449;115;282;224;816;210;845
0,26649,26726,1,0,0,9,0,93;408;74;241;183;775;169;804;914
1,27222,27284,1,0,0,11,2,202;231;341;330;588;514;471;499;817;890;383
0,27191,27255,1,0,0,10,0,233;262;372;331;619;545;502;509;848;921
1,27378,27462,1,0,0,13,3,46;75;185;174;432;358;315;343;661;734;227;601;748
0,27370,27450,1,0,0,13,0,54;83;193;182;440;366;323;351;669;742;235;609;756
1,27435,27522,1,0,0,13,3,18;128;117;375;301;258;286;604;677;170;522;691;646
0,27398,27462,1,0,0,13,0,26;55;165;154;412;338;295;323;641;714;207;522;728
0,27448,27518,1,0,0,13,0,5;115;104;362;288;245;273;591;664;157;522;678;588
0,27444,27519,1,0,0,13,0,9;119;108;366;292;249;277;595;668;161;522;682;588
1,26933,27204,1,0,0,7,6,124;491;520;630;619;877;803
1,26874,26934,1,0,0,6,1,183;16;550;550;689;678
1,26999,27058,1,0,0,8,1,58;425;454;564;553;811;625;694
1,26976,27059,1,0,0,8,1,81;448;477;587;576;834;625;717
0,27053,27141,1,0,0,9,0,4;371;400;510;363;757;625;640;668
1,27007,27284,1,0,0,8,4,42;417;446;556;545;803;625;686
1,27113,27348,1,0,0,9,3,311;340;450;363;697;623;580;608;926
1,27113,27393,1,0,0,9,6,311;340;450;331;697;623;580;608;926
1,27731,27995,1,0,0,8,4,79;5;235;381;248;395;350;506
1,27748,27812,1,0,0,7,1,62;235;304;231;378;333;506
1,27684,27751,1,0,0,10,1,126;52;9;37;235;428;295;413;397;506
0,27707,27774,1,0,0,9,0,103;29;14;235;405;272;410;374;506
1,27929,28207,1,0,0,8,2,110;183;50;197;152;349;386;749
1,27988,28071,1,0,0,7,2,51;124;138;93;315;327;547
0,27873,27928,1,0,0,8,0,166;239;106;253;208;430;442;805
1,27928,28017,1,0,0,8,1,111;184;51;198;153;375;387;750
1,27531,27620,1,0,0,12,1,32;21;279;205;162;190;508;581;74;448;595;550
1,27593,27816,1,0,0,11,8,217;143;100;128;446;519;12;386;508;488;710
0,27450,27534,1,0,0,13,0,3;113;102;360;286;243;271;589;662;155;522;676;588
1,27456,27529,1,0,0,12,1,107;96;354;280;237;265;583;656;149;522;670;588
1,27664,27868,1,0,0,10,3,146;72;29;57;235;448;298;462;417;522
1,27678,27924,1,0,0,10,7,132;58;15;43;235;434;298;413;403;522
1,27624,27712,1,0,0,10,3,186;112;69;97;415;488;355;502;457;522
1,27645,27866,1,0,0,10,3,165;91;48;76;394;467;298;481;436;522
1,28304,28575,1,0,0,6,5,11;374;553;467;490;395
1,28252,28319,1,0,0,7,1,51;63;426;605;519;542;447
1,28234,28318,1,0,0,6,1,69;76;444;610;537;560
1,28212,28265,1,0,0,6,1,91;103;466;610;559;582
0,28377,28434,1,0,0,6,0,301;480;394;278;322;767
0,28354,28425,1,0,0,6,0,304;503;417;278;345;790
1,28341,28426,1,0,0,5,1,337;516;430;278;358
0,28326,28414,1,0,0,5,0,352;531;445;278;373
1,28059,28287,1,0,0,8,3,53;67;22;244;256;547;798;672
1,28055,28134,1,0,0,8,2,57;71;26;248;260;547;802;693
0,28043,28112,1,0,0,8,0,69;83;38;260;272;547;814;693
1,28041,28125,1,0,0,8,2,71;85;40;262;274;547;816;730
1,28158,28233,1,0,0,5,1,145;157;520;610;613
0,28138,28210,1,0,0,5,0,165;177;540;610;633
1,28096,28152,1,0,0,7,1,16;30;207;219;547;610;672
1,28082,28132,1,0,0,7,1,30;44;221;233;547;632;672
1,24311,24377,1,0,0,5,3,294;195;163;431;353
1,24296,24522,1,0,0,5,4,309;210;246;431;368
0,24477,24534,1,0,0,5,0,128;29;65;297;187
0,24420,24501,1,0,0,5,0,185;86;122;354;244
1,24125,24422,1,0,0,8,5,85;5;480;381;159;417;649;539
1,24087,24171,1,0,0,7,1,123;43;518;419;195;455;687
1,24245,24312,1,0,0,6,2,360;261;39;297;431;419
0,24148,24224,1,0,0,7,0,62;457;358;136;394;431;516
0,24750,24833,1,0,0,3,0,24;678;775
0,24632,24721,1,0,0,3,0,47;32;796
0,24765,24843,1,0,0,3,0,9;663;552
1,24756,25016,1,0,0,3,2,18;672;769
0,24533,24611,1,0,0,4,0,72;9;47;131
1,24516,24745,1,0,0,4,1,89;26;258;148
0,24613,24699,1,0,0,3,0,47;51;815
0,24556,24615,1,0,0,3,0,49;47;108
1,24943,25030,1,0,0,6,1,485;552;232;556;649;692
1,24956,25216,1,0,0,6,4,472;552;173;556;636;679
1,24958,25016,1,0,0,6,1,470;432;173;554;634;677
1,24965,25024,1,0,0,7,1,463;432;153;547;627;670;878
0,24811,24893,1,0,0,4,0,617;552;364;701
1,24838,25129,1,0,0,5,3,590;552;337;674;754
0,24862,24927,1,0,0,5,0,566;552;313;556;730
0,24933,24983,1,0,0,6,0,495;552;242;556;659;702
1,25063,25142,1,0,0,9,1,365;398;112;449;529;572;589;462;605
1,25079,25363,1,0,0,9,8,349;398;96;433;513;556;589;446;605
1,25089,25178,1,0,0,9,4,339;377;86;423;503;546;589;436;605
1,25148,25226,1,0,0,10,3,280;370;27;364;444;487;589;377;563;453
1,24976,25258,1,0,0,7,5,452;398;153;536;616;659;867
1,25007,25080,1,0,0,9,1,421;398;153;505;585;628;589;518;704
1,25034,25101,1,0,0,9,2,394;398;141;478;558;601;589;491;677
1,25057,25108,1,16,0,9,2,371;398;118;455;535;578;589;468;637
1,25516,25806,1,0,0,9,4,9;76;119;327;9;195;85;398;501
0,25382,25439,1,0,0,12,0,46;143;130;210;253;461;143;329;214;123;491;635
1,25318,25386,1,0,0,12,2,110;207;194;274;317;525;207;393;229;187;491;699
1,25299,25356,1,0,0,12,1,129;226;213;293;336;540;226;412;229;206;491;718
1,25246,25330,1,0,0,11,1,182;279;266;346;389;589;279;465;229;259;491
1,25225,25454,1,0,0,11,6,203;300;287;367;410;589;300;484;376;280;491
1,25224,25468,1,0,0,11,9,204;301;288;368;411;589;301;484;377;281;690
1,25209,25272,1,0,0,11,2,219;316;303;383;426;589;316;502;392;296;705
1,25831,26087,1,0,0,8,2,12;83;186;269;608;700;564;911
0,25671,25743,1,0,0,6,0,172;20;243;288;429;768
1,25664,25715,1,0,0,6,1,179;47;250;288;436;775
1,25632,25685,1,0,0,7,1,3;211;79;282;288;468;807
0,25607,25677,1,0,0,6,0,28;236;104;307;288;493
1,25552,25621,1,0,0,8,1,40;83;291;159;49;362;288;548
0,25522,25597,1,0,0,9,0,3;70;113;321;3;166;79;392;288
1,25521,25723,1,0,0,9,2,4;71;114;322;4;190;80;393;288
1,26038,26105,1,0,0,5,1,62;401;493;357;508
0,26060,26148,1,0,0,5,0,40;364;471;335;508
1,25978,26258,1,0,0,6,4,39;122;447;553;396;764
0,26014,26079,1,0,0,6,0,3;86;425;517;381;508
1,25924,26002,1,0,0,6,2,93;176;447;607;471;818
0,25950,26002,1,0,0,6,0,67;150;447;581;396;792
1,25863,26096,1,0,0,7,2,51;154;237;453;668;532;879
1,25896,25955,1,0,0,7,2,18;121;204;447;635;499;846
1,26299,26387,1,0,0,8,1,140;232;78;443;758;424;395;533
0,26300,26383,1,0,0,8,0,139;231;51;442;757;423;395;532
1,26276,26551,1,0,0,7,6,163;255;78;466;781;447;614
1,26278,26532,1,0,0,7,4,161;253;78;464;779;445;395
0,26141,26223,1,0,0,5,0,298;390;78;508;916
1,26165,26240,1,0,0,6,2,274;366;78;508;892;558
1,26088,26346,1,0,0,5,4,12;351;443;307;508
1,26108,26333,1,0,0,4,1,331;423;287;508
1,22039,22127,1,0,0,6,1,206;562;281;205;498;713
0,22028,22100,1,16,0,6,0,217;573;292;205;509;724
1,22138,22194,1,0,0,7,1,107;463;182;165;399;614;679
1,22102,22340,1,0,0,6,5,143;499;218;192;435;650
1,22208,22464,1,0,0,9,5,37;393;112;95;329;544;609;852;696
1,22151,22234,1,0,0,7,1,94;450;169;152;386;601;636
1,22234,22313,1,0,0,9,2,11;367;86;69;303;518;583;667;670
1,22211,22268,1,0,0,9,3,34;390;109;92;326;541;606;667;693
1,22280,22345,1,0,0,9,2,321;40;23;257;472;537;667;605;716
1,22270,22346,1,0,0,8,1,331;50;33;267;482;547;667;605
1,22303,22588,1,15,0,9,6,298;17;0;234;449;501;667;562;693
1,22297,22356,1,0,0,9,1,304;23;6;240;455;520;667;562;699
1,22420,22484,1,0,0,10,1,181;117;332;397;640;484;439;667;727;446
1,22366,22426,1,0,0,8,1,235;171;386;451;667;538;439;721
1,22457,22508,1,0,0,10,1,144;80;255;360;603;447;439;630;690;409
1,22443,22501,1,0,0,10,1,158;94;309;374;617;461;439;644;704;423
1,22495,22577,1,0,0,10,1,106;42;255;322;565;409;439;592;652;371
1,22498,22550,1,0,0,10,3,103;39;212;319;562;406;439;589;649;368
1,22500,22750,1,0,0,10,4,101;37;212;317;560;404;439;587;647;327
1,22512,22572,1,0,0,10,3,89;25;212;305;548;392;439;575;409;327
1,22520,22592,1,0,0,10,3,81;17;212;297;540;384;439;531;409;327
1,22547,22793,1,0,0,9,6,54;205;270;513;357;439;531;409;319
1,22548,22619,1,0,0,9,1,53;204;269;512;356;439;508;409;318
1,22574,22799,1,0,0,10,6,27;178;243;486;330;422;508;409;292;532
1,22587,22637,1,0,0,10,1,14;164;230;473;317;409;500;409;279;519
1,22647,22717,1,0,0,10,4,105;170;413;257;349;440;409;219;459;895
1,22778,22832,1,0,0,9,4,39;282;126;218;309;369;88;328;764
1,22833,22891,1,0,0,8,2,227;71;163;254;314;33;273;709
1,22865,22919,1,0,0,10,2,195;39;131;222;282;1;241;677;834;651
1,22895,22950,1,0,0,10,2,165;9;101;192;252;211;647;804;621;645
1,22962,23013,1,0,0,12,2,98;34;125;185;144;580;737;554;578;493;551;743
1,22976,23029,1,0,0,12,1,84;20;111;171;130;566;723;540;564;479;537;727
1,23092,23171,1,0,0,10,1,55;14;450;607;424;448;363;421;613;766
1,23012,23082,1,0,0,12,2,48;75;135;94;530;653;504;528;399;501;693;846
1,23005,23059,1,0,0,12,3,55;82;142;101;537;653;511;535;450;508;700;853
1,23002,23075,1,0,0,12,1,58;85;145;104;540;693;514;538;453;511;703;856
1,23128,23332,1,0,0,9,5,19;411;403;388;241;327;385;577;730
1,23111,23168,1,0,0,9,1,36;431;403;405;241;344;402;594;747
1,23102,23374,1,15,0,10,7,45;4;440;403;414;438;353;411;596;756
1,23096,23351,1,0,0,10,6,51;10;446;603;420;444;359;417;596;762
0,23207,23278,1,0,0,8,0,332;403;309;241;243;306;498;644
1,23205,23288,1,0,0,8,1,332;403;311;241;250;308;500;644
1,23186,23265,1,0,0,8,2,356;403;330;241;269;327;519;644
0,23147,23216,1,16,0,9,0,0;395;403;369;241;308;366;558;644
1,23320,23398,1,0,0,8,3,222;379;196;220;135;133;385;538
1,23316,23391,1,0,0,8,1,226;383;200;224;139;197;389;542
1,23257,23311,1,0,0,8,2,285;403;259;241;198;256;448;601
1,23213,23288,1,0,0,8,2,329;403;303;241;242;300;492;644
1,23399,23461,1,0,0,10,1,143;300;117;141;56;114;306;451;499;579
1,23554,23620,1,0,0,7,2,145;151;304;344;424;656;576
1,23323,23410,1,0,0,9,4,219;376;193;164;132;133;382;535;575
1,23369,23439,1,0,0,9,2,173;330;147;164;86;133;336;489;508
1,23652,23900,1,0,0,8,4,47;53;206;246;326;558;478;953
1,23657,23722,1,0,0,8,2,42;48;201;241;321;553;317;948
1,23566,23635,1,0,0,7,2,133;96;292;332;412;644;564
1,23575,23651,1,0,0,7,1,123;96;283;323;403;635;555
1,23866,23944,1,0,0,7,1,32;112;344;264;739;640;418
1,23887,24087,1,0,0,7,2,11;91;323;243;718;619;354
1,23829,23883,1,0,0,8,2,29;69;149;381;301;776;677;455
1,23834,23909,1,15,0,8,1,24;64;144;376;296;771;672;450
1,24010,24063,1,0,0,6,1,200;120;595;496;274;532
1,24073,24141,1,0,0,7,1,137;57;532;433;211;469;701
1,23952,24018,1,0,0,7,1,26;258;178;653;508;332;590
1,23971,24059,1,0,0,7,1,7;239;159;634;508;313;571
1,30752,30830,1,0,0,9,2,35;222;44;291;299;784;551;709;583
0,30762,30846,1,0,0,9,0,25;212;34;281;289;774;541;709;573
0,30693,30781,1,0,0,8,0,70;281;103;350;358;843;610;779
1,30710,30764,1,0,0,8,2,70;264;86;333;341;826;593;762
1,30819,30896,1,0,0,7,2,155;224;232;717;484;653;493
1,30827,31075,1,0,0,7,3,147;216;224;709;476;626;493
1,30783,30846,1,0,0,9,1,4;191;13;260;268;753;520;689;552
0,30792,30849,1,0,0,8,0,182;4;251;259;744;511;680;493
1,30898,30964,1,0,0,7,2,76;20;132;638;405;574;437
1,30901,30970,1,0,0,7,2,73;20;132;635;402;559;434
1,30890,30974,1,0,0,7,2,84;20;161;646;413;582;445
0,30898,30948,1,0,0,7,0,76;20;132;638;405;559;437
0,31101,31167,1,0,0,9,0,435;202;371;234;598;568;866;632;388
0,31107,31157,1,0,0,9,0,429;196;365;228;592;562;860;626;382
1,30924,31012,1,0,0,8,2,50;20;106;612;379;548;411;775
0,31031,31116,1,0,0,10,0,12;20;505;272;441;304;668;638;936;702
1,30384,30666,1,0,0,7,4,137;174;261;403;590;412;536
1,30376,30668,1,0,0,7,7,145;182;269;411;598;420;667
1,30316,30403,1,0,0,10,4,24;58;6;205;241;329;471;658;480;727
0,30298,30387,1,0,0,9,0,24;76;24;223;241;347;477;676;498
1,30465,30553,1,0,0,7,3,56;93;180;322;509;155;536
1,30418,30484,1,0,0,7,1,103;140;227;369;554;155;536
1,30409,30609,1,0,0,7,1,112;149;236;378;554;155;536
1,30402,30456,1,0,0,7,1,119;156;243;385;572;155;536
1,30618,30680,1,0,0,8,1,27;169;356;155;425;433;918;685
1,30529,30587,1,16,0,6,1,29;116;258;438;155;514
1,30514,30591,1,0,0,7,2,7;44;131;273;460;155;515
1,30485,30549,1,0,0,7,2,36;73;160;302;489;155;536
1,30687,30747,1,0,0,8,1,100;287;109;356;364;849;616;785
1,30651,30724,1,0,0,7,2,136;323;145;392;400;859;652
1,30626,30857,1,0,0,8,3,19;160;348;155;417;425;860;677
1,30618,30686,1,0,0,8,1,27;169;356;155;425;433;860;685
1,31407,31648,1,0,0,8,5,129;65;266;262;542;326;82;489
1,31434,31485,1,0,0,10,2,102;38;265;235;399;299;55;462;728;810
1,31537,31622,1,0,0,8,1,162;132;399;196;359;625;707;898
1,31562,31624,1,0,0,9,3,137;107;399;171;334;600;682;873;841
1,31573,31635,1,0,0,9,1,126;96;394;160;323;589;671;862;784
1,31579,31629,1,0,0,9,2,120;90;379;154;317;583;665;856;784
1,31185,31459,1,0,0,10,7,351;118;287;150;514;484;728;548;304;711
1,31135,31429,1,0,0,10,8,401;168;337;200;564;534;832;598;354;761
1,31215,31294,1,0,0,10,1,321;88;257;120;484;454;711;518;274;681
0,31213,31301,1,0,0,10,0,323;90;259;122;486;456;711;520;276;683
0,31232,31302,1,0,0,10,0,304;71;240;103;467;437;572;501;257;634
1,31218,31289,1,16,0,10,2,318;85;254;117;481;451;572;515;271;678
0,31242,31315,1,0,0,10,0,294;61;230;64;457;427;572;491;247;634
1,31233,31322,1,0,0,10,2,303;70;239;102;466;436;572;500;256;634
1,31267,31324,1,0,0,10,2,269;36;205;64;432;336;572;466;222;629
1,31263,31542,1,0,0,10,7,273;40;209;64;436;406;572;470;226;633
0,31302,31364,1,0,0,10,0,234;1;170;33;397;336;572;431;187;594
1,31277,31342,1,16,0,10,2,259;26;195;58;422;336;572;456;212;619
1,31330,31531,1,0,0,9,2,206;142;5;369;336;572;383;159;566
1,31303,31354,1,0,0,10,3,233;0;169;32;396;336;572;430;186;593
1,31387,31465,1,0,0,8,2,149;85;312;282;542;346;102;509
1,31355,31438,1,0,0,8,1,181;117;344;314;542;378;134;541
1,2370,2656,1,0,0,8,6,23;344;208;390;467;256;268;189
1,2353,2413,1,0,0,8,2,40;361;216;407;484;256;285;189
1,2323,2379,1,0,0,9,2,70;16;391;255;437;514;256;315;189
1,2291,2361,1,0,0,9,1,102;48;423;287;469;546;256;347;189
1,2525,2582,1,0,0,9,1,189;53;235;312;151;113;170;562;854
1,2490,2571,1,0,0,9,2,224;75;270;347;186;148;170;597;889
1,2477,2532,1,0,0,9,2,237;101;283;360;194;161;170;610;902
1,2464,2521,1,0,0,9,2,250;114;296;373;212;174;170;623;915
1,2588,2655,1,0,0,9,2,126;172;249;88;15;112;499;594;804
1,2576,2819,1,0,0,10,7,138;2;184;261;100;15;124;511;803;816
1,2561,2640,1,0,0,10,1,153;17;199;276;115;77;139;526;818;831
1,2558,2621,1,0,0,10,3,156;20;202;279;118;80;142;529;821;834
0,2720,2776,1,0,0,8,0,40;117;367;594;672;463;628;376
0,2713,2775,1,0,0,9,0,1;47;124;374;594;679;463;635;383
1,2709,2937,1,0,0,9,6,5;51;128;378;594;683;653;639;387
0,2672,2761,1,0,0,11,0,42;88;165;4;28;415;594;720;690;676;424
1,1866,1932,1,0,0,10,2,367;138;76;371;527;234;374;473;848;118
1,1889,1958,1,0,0,10,1,344;115;53;348;504;211;351;450;825;95
1,1795,1872,1,0,0,11,2,60;438;209;147;442;598;305;445;544;919;189
1,1854,1920,1,0,0,11,2,1;379;150;88;383;539;246;386;485;860;130
1,1948,2023,1,0,0,10,3,285;56;289;445;152;292;310;766;36;615
1,2027,2115,1,0,0,10,1,206;210;366;73;213;304;687;551;733;252
1,1897,2104,1,0,0,10,5,336;107;45;340;496;200;343;442;817;87
1,1920,2002,1,0,0,11,3,313;84;22;317;473;180;320;310;794;64;658
1,2136,2421,1,0,0,11,8,97;101;257;104;203;578;442;624;143;688;540
1,2146,2198,1,0,0,11,3,87;91;247;94;193;568;432;614;133;688;256
1,2032,2111,1,0,0,10,2,201;205;361;38;208;304;682;546;728;247
1,2096,2338,1,0,0,11,6,137;141;297;4;144;243;618;482;664;183;741
1,2280,2513,1,0,0,9,5,113;59;434;298;475;557;256;358;420
1,2286,2340,1,0,0,9,2,107;53;428;292;474;551;256;352;189
1,2170,2252,1,0,0,12,2,63;67;223;70;163;544;408;590;109;667;256;468
1,2208,2290,1,0,0,12,2,25;29;185;32;131;506;370;552;71;629;256;417
1,3229,3293,1,0,0,8,1,150;163;133;119;631;323;405;607
1,3131,3214,1,0,0,7,1,248;261;231;217;729;421;503
1,3270,3343,1,0,0,8,2,109;122;92;78;549;282;364;566
1,3263,3321,1,0,0,8,1,116;129;99;85;597;289;371;573
1,3374,3650,1,0,0,8,4,5;18;486;178;260;462;611;381
1,3276,3364,1,0,0,9,1,81;116;86;72;549;276;358;560;709
0,3384,3473,1,0,0,7,0,8;476;168;250;452;409;371
0,3375,3436,1,0,0,8,0,4;17;485;177;259;461;409;380
0,3505,3585,1,0,0,6,0,355;47;129;331;409;250
1,3411,3463,1,0,0,6,1,449;141;223;425;409;344
1,3607,3677,1,0,0,6,1,253;27;229;378;148;225
1,3553,3619,1,0,0,5,1,307;81;283;409;202
1,3710,3781,1,0,0,6,1,150;126;275;45;122;506
1,3650,3718,1,0,0,5,1,210;186;335;105;182
1,3739,3794,1,0,0,6,1,121;97;104;16;93;462
1,3737,3983,1,0,0,6,2,123;99;248;18;95;462
1,2734,2806,1,0,0,8,3,26;103;353;594;658;463;614;362
1,2751,3033,1,0,0,8,3,9;86;336;594;641;463;560;345
1,2792,3023,1,0,0,7,3,45;295;587;482;463;556;304
1,2802,2883,1,0,0,7,1,35;285;577;482;463;546;102
1,2805,3014,1,0,0,7,3,32;282;558;482;463;543;102
1,2827,2892,1,0,0,7,1,10;260;552;482;463;521;102
1,2851,3129,1,0,0,6,4,236;528;482;463;497;102
0,2860,2937,1,0,0,6,0,227;519;342;463;488;102
1,2890,2940,1,0,0,6,2,197;489;342;463;458;102
1,2898,2955,1,0,0,6,1,189;457;342;463;450;102
1,2933,3021,1,0,0,7,3,154;446;342;429;415;102;927
1,2957,3236,1,0,0,8,4,130;422;342;405;391;102;893;595
1,3050,3120,1,0,0,9,1,37;286;342;312;298;46;810;502;584
1,3073,3155,1,0,0,9,1,14;286;319;289;275;23;787;479;561
1,3079,3151,1,0,0,9,1,8;286;313;283;269;17;777;473;555
1,3091,3145,1,0,0,8,1,286;301;271;223;5;769;461;543
1,4567,4783,1,0,0,7,4,152;284;444;739;1233;552;756
0,4555,4630,1,0,0,6,0,164;296;456;751;1245;564
1,4423,4503,1,0,0,4,1,255;428;588;751
1,4406,4651,1,15,0,4,3,255;445;605;900
1,4333,4406,1,0,0,3,1,255;518;678
1,4266,4534,1,0,0,3,2,256;526;697
0,4261,4332,1,0,0,3,0,256;526;697
1,4247,4505,1,0,0,3,2,472;526;697
1,4806,4858,1,0,0,11,3,3;205;500;994;313;517;767;590;673;634;897
1,4806,4881,1,0,0,11,3,3;205;500;994;313;503;767;590;673;634;897
1,4781,4842,1,0,0,9,2,3;230;525;1019;338;542;792;615;720
0,4732,4792,1,0,0,9,0,3;279;574;1068;387;560;841;664;769
1,4715,4993,1,0,0,9,7,4;3;296;591;1085;404;608;858;681
1,4647,4699,1,0,0,9,2,72;3;364;659;1127;472;676;926;749
1,4614,4850,1,0,0,7,2,105;237;397;692;1127;505;709
1,4574,4644,1,0,0,7,2,145;277;437;732;1127;545;749
0,3985,4042,1,0,0,5,0,0;231;221;734;866
0,4001,4067,1,0,0,4,0,215;221;718;850
1,3958,4045,1,0,0,5,1,27;258;270;761;893
0,3963,4040,1,0,0,5,0,22;253;221;756;888
0,3804,3892,1,0,0,7,0,56;32;103;28;412;439;830
1,3865,4070,1,0,0,4,2,103;351;378;830
1,3757,3957,1,0,0,5,2,103;79;104;75;456
1,3796,4016,1,16,0,7,3,64;40;103;36;420;447;923
1,4234,4460,1,0,0,4,1,9;485;615;777
1,4243,4533,1,0,0,4,2,0;476;526;768
0,4154,4444,1,0,0,4,0,62;89;565;632
1,4159,4233,1,0,0,4,3,57;84;560;632
1,4076,4142,1,0,0,4,1,140;167;643;775
1,4092,4321,1,16,0,4,4,124;151;625;759
0,4025,4089,1,0,0,4,0,191;218;694;826
0,4035,4111,1,0,0,4,0,181;208;684;816
0,5455,5544,1,0,0,11,0,345;118;46;248;38;441;285;604;585;119;433
1,5436,5504,1,0,0,12,4,364;137;65;4;267;57;460;304;623;604;133;452
1,5531,5601,1,0,0,11,3,269;42;172;365;209;528;509;90;357;789;781
0,5499,5554,1,0,0,11,0,301;74;2;204;397;241;560;541;119;389;821
1,5334,5597,1,0,0,10,3,466;239;62;167;106;369;159;546;304;725
1,5324,5403,1,0,0,10,2,476;249;72;177;116;379;169;572;304;735
1,5422,5511,1,0,0,12,4,378;151;79;18;281;71;474;304;637;618;199;466
1,5367,5421,1,0,0,12,2,433;206;29;134;73;336;86;529;304;692;673;254
1,5735,5809,1,0,0,11,3,65;161;5;324;305;153;585;577;907;724;791
1,5734,5809,1,0,0,11,1,66;162;6;325;306;154;586;578;907;725;791
1,5759,5827,1,0,0,11,3,41;137;300;281;129;561;474;898;700;771;536
1,5739,5941,1,0,0,11,4,61;146;1;320;301;149;581;573;907;720;791
1,5615,5686,1,0,0,12,3,185;88;281;125;444;425;6;273;705;697;1042;844
1,5551,5615,1,0,0,11,1,249;22;152;345;189;508;489;70;337;739;761
1,5711,5795,1,0,0,11,3,89;185;29;348;329;177;609;601;907;748;819
1,5658,5934,1,0,0,11,7,142;45;238;82;401;382;230;662;654;999;801
1,4931,4994,1,0,0,12,3,80;375;869;107;392;642;465;570;418;772;383;965
0,4964,5026,1,0,0,12,0,47;342;836;107;359;609;432;537;418;739;383;932
1,5006,5262,1,0,0,12,7,5;300;794;107;317;567;390;495;418;697;383;890
1,5042,5317,1,0,0,11,9,264;758;77;281;531;354;459;398;661;383;828
1,4827,5079,1,0,0,11,9,3;184;479;973;292;496;746;569;673;613;854
1,4845,5123,1,0,0,12,8,3;166;461;955;274;478;728;551;656;418;854;648
1,4853,5053,1,0,0,11,3,158;453;947;266;470;720;543;648;418;850;512
1,4878,5109,1,0,0,11,4,133;428;922;241;445;695;518;623;418;825;383
1,5180,5231,1,0,15,12,4,126;620;143;393;216;321;247;523;300;716;560;879
1,5192,5453,1,0,0,12,11,114;608;131;381;204;309;242;511;300;704;548;867
1,5243,5298,1,0,0,12,4,63;557;80;330;153;258;197;460;250;653;416;816
1,5252,5506,1,0,0,12,7,54;548;71;321;144;246;188;451;241;644;416;807
1,5106,5184,1,0,0,12,4,200;694;13;217;467;290;395;334;597;324;790;634
1,5125,5379,1,0,0,11,8,181;675;198;448;271;376;315;578;300;771;615
1,5131,5203,1,0,0,11,4,175;669;192;442;265;370;309;572;300;765;603
1,5166,5236,1,0,0,12,4,140;634;157;407;230;335;274;537;300;730;574;893
1,453,688,1,0,0,6,3,158;447;203;259;393;649
1,485,692,1,0,0,6,3,126;415;171;259;393;526
0,419,476,1,0,0,6,0,192;481;237;259;393;683
0,432,501,1,0,0,6,0,179;468;224;259;393;670
1,377,581,1,0,0,5,2,234;514;279;409;393
0,405,456,1,0,0,6,0,206;495;251;259;393;697
0,364,444,1,0,0,5,0,247;514;292;422;393
0,365,437,1,0,0,5,0,246;514;291;421;393
1,306,575,1,0,0,5,3,305;514;350;480;646
0,317,382,1,0,0,5,0,294;514;339;469;393
0,235,287,1,0,0,4,0,307;514;421;551
0,282,337,1,0,0,5,0,307;514;374;504;670
0,218,306,1,0,0,4,0,307;530;438;568
1,230,482,1,0,0,4,3,307;530;426;556
1,164,439,1,0,0,4,1,447;736;492;622
1,203,491,1,0,0,4,4,307;697;453;583
0,114,173,1,0,0,3,0,497;786;542
0,37,107,1,0,0,1,0,574
0,4,65,1,0,0,0,0,
0,0,73,1,0,0,0,0,
1,1660,1885,1,0,0,12,7,29;195;573;344;282;577;733;440;580;679;1054;324
1,1692,1760,1,0,0,11,2,163;541;312;250;545;632;408;548;647;1022;292
1,1699,1771,1,0,0,11,2,156;534;305;243;497;632;401;541;640;1015;285
1,1757,1845,1,0,0,11,2,98;476;247;185;480;632;343;483;582;957;227
1,1303,1359,1,0,0,8,2,289;386;202;298;280;103;552;189
1,1495,1552,1,0,0,16,2,97;194;10;106;88;13;360;149;738;509;447;137;742;898;605;745
1,1564,1651,1,0,0,17,3,28;125;37;19;291;80;669;440;378;68;673;829;536;676;775;1150;420
1,1595,1653,1,0,0,15,3,94;6;260;49;638;409;347;37;642;798;491;645;744;1119;389
0,1115,1168,1,0,0,7,0,143;477;574;380;486;399;393
1,1205,1275,1,0,0,8,2,53;387;484;300;396;378;303;650
1,1261,1477,1,0,0,8,3,331;428;244;340;322;247;594;383
1,1280,1512,1,0,0,8,4,312;409;225;321;303;228;575;189
1,1039,1092,1,0,0,7,2,63;219;553;650;466;495;544
0,1098,1175,1,0,0,8,0,4;160;494;591;407;495;485;410
1,1100,1166,1,0,0,8,3,2;158;492;589;405;495;483;408
1,1111,1189,1,0,0,7,2,147;481;578;380;490;472;397
1,852,1087,1,0,0,9,6,48;100;250;406;677;837;638;749;731
1,837,889,1,0,0,8,3,63;115;265;421;677;852;654;764
1,943,1229,1,0,0,8,5,9;159;315;649;661;562;658;640
1,921,987,1,0,0,8,2,31;181;337;671;661;584;680;662
1,783,842,1,15,0,6,2,117;3;169;319;475;677
1,709,932,1,0,0,6,2,132;77;243;378;549;883
1,809,874,1,0,0,7,3,91;143;288;449;677;880;696
1,807,864,1,0,0,7,1,93;145;295;451;677;882;698
1,646,708,1,0,0,6,1,132;10;140;264;456;612
1,588,675,1,0,0,6,1,23;132;68;198;264;514
0,695,757,1,0,0,5,0,132;91;257;378;563
1,693,745,1,0,0,5,1,132;93;259;409;565
1,517,786,1,0,0,6,2,94;378;139;259;276;526
1,495,569,1,0,0,6,1,116;405;161;259;276;526
1,574,795,1,0,0,6,3,37;326;82;208;264;526
1,552,603,1,0,0,6,1,59;348;104;234;264;526
354
29667,30159,0.00,10
29598,30374,178.84,11
29773,30322,0.00,11
29736,30159,76.16,10
29359,30023,69.05,8
29348,30139,3.93,9
29457,30351,230.04,11
29440,29984,0.00,8
30276,30796,257.90,10
30183,30974,92.60,10
30566,31051,78.19,8
30316,31043,349.17,11
30004,30558,186.76,10
29915,30521,117.46,11
30075,30787,140.66,8
30006,30645,211.13,10
30923,31699,67.65,8
30960,31669,70.43,10
30979,31967,449.23,11
31022,31733,47.92,10
30570,31536,65.01,10
30590,31303,28.72,10
30671,31472,96.20,8
30733,31335,108.00,8
31503,32435,0.00,9
31553,32403,57.57,11
31068,31489,0.00,8
31109,31896,75.62,8
31408,32162,46.71,10
31419,32244,0.00,9
26537,27453,206.83,10
26523,26818,0.00,9
26404,27424,5.35,9
26295,26832,0.00,9
26892,27736,178.49,8
26890,27810,0.00,9
26744,27552,271.44,9
26647,27563,117.77,9
27158,28112,77.53,8
27061,28039,159.73,11
27020,27721,99.58,8
26963,27693,0.00,9
27432,28081,58.21,11
27273,28126,213.84,10
27237,27979,136.75,10
27195,27605,0.00,11
27857,28678,262.98,9
27989,28857,188.41,8
27538,28303,251.79,11
27761,28315,27.25,9
28238,28699,0.00,9
28354,29144,257.75,10
28010,28771,408.26,9
28190,28794,252.52,9
28552,29143,0.00,8
28662,29421,104.07,9
28431,29164,301.90,11
28535,29539,266.49,11
29148,30120,69.86,9
29307,30000,160.37,10
28747,29298,224.06,10
28847,29452,0.00,8
23321,23898,67.53,9
23002,23858,169.39,9
23442,24210,0.00,9
23398,23978,55.08,10
23608,24605,39.04,9
23536,24130,161.84,11
23782,24284,137.64,11
23744,24506,146.89,11
24021,24774,433.76,8
23895,24542,83.96,10
24582,25428,0.00,11
24098,24664,0.00,8
24792,25175,79.84,8
24664,25525,411.16,9
24813,25592,12.79,9
24810,25512,139.95,8
24895,25635,0.00,10
24963,25843,327.43,11
24994,25525,0.00,10
25006,25711,173.80,10
25127,25601,162.32,11
25161,25505,0.00,8
25185,25914,199.20,10
25251,26017,215.17,11
25526,26100,0.00,10
25627,26439,211.19,9
25710,26531,49.52,9
25744,26395,311.77,8
25803,26742,275.53,10
26130,27057,115.37,10
26148,26723,0.00,11
26179,26890,222.70,9
21845,21943,0.00,10
21918,22537,0.00,9
21601,22320,283.86,8
21685,22303,269.10,9
21425,22026,126.91,9
21572,22601,51.18,11
21333,22245,20.13,9
21391,21968,97.44,8
20983,21612,211.55,10
21241,21925,162.15,11
20786,21679,112.86,11
20790,21280,23.08,8
20768,21580,92.54,10
20777,21650,119.38,8
20649,21282,0.00,8
20654,21469,334.20,10
22917,23705,89.50,9
22916,23513,64.23,11
22912,23455,59.74,10
22889,23540,253.60,9
22860,23516,0.00,9
22848,23699,311.75,10
22629,23542,150.57,8
22551,23106,0.00,10
22409,22866,41.69,9
22399,23147,267.25,9
22337,23087,67.10,10
22275,22996,254.02,8
22170,22904,108.61,9
22159,23060,299.48,8
22110,22817,108.72,10
21990,22752,148.43,10
18647,19288,213.40,8
18895,19317,0.00,10
18999,19359,0.00,9
19017,19498,0.00,8
18439,18884,0.00,11
18619,19253,435.10,9
18626,19356,93.72,11
18630,19125,224.06,11
17919,18889,61.68,8
18172,18912,163.07,10
18387,19219,239.41,8
18407,18821,74.80,9
17775,18369,0.00,9
17799,18698,169.18,11
17851,18624,106.01,9
17875,18495,0.00,8
20375,21226,0.00,9
20367,20982,0.00,11
20584,21424,45.98,9
20497,21024,175.04,9
20130,20912,127.00,8
19899,20685,0.00,8
20286,20978,73.26,10
20279,21399,180.45,8
19745,20437,0.00,11
19493,20386,126.44,9
19796,20551,330.16,10
19792,20337,93.37,10
19080,19629,134.50,9
19036,19551,259.81,9
19261,19789,78.18,10
19145,20191,345.14,11
15773,16412,190.03,9
15971,16638,0.00,8
15700,16385,0.00,8
15762,16126,0.00,8
16371,16880,99.88,8
16428,17341,315.41,9
15971,16966,288.53,10
16145,16891,0.00,9
14993,15594,0.00,11
15177,15897,0.00,10
14905,15853,214.32,9
14945,15876,166.48,11
15552,16214,89.68,11
15697,16438,338.81,11
15301,15957,257.87,10
15376,16092,0.00,11
17375,18191,53.31,9
17334,17935,173.46,9
17187,17888,0.00,11
17130,17797,0.00,8
17757,18399,121.89,8
17507,18056,76.57,11
17496,18521,83.31,8
17408,18194,262.83,8
16662,17145,97.39,10
16555,16882,95.52,9
16544,17360,257.54,11
16470,16898,26.42,8
17088,18092,260.86,11
17077,17776,347.69,10
16998,17789,267.98,8
16882,17399,259.87,10
12681,13371,43.44,8
13092,13892,107.69,9
13355,14034,84.84,8
13405,14256,396.00,10
13443,13762,0.00,8
13447,14259,40.23,9
13512,14033,128.23,9
13535,13964,44.59,11
11703,12027,164.13,9
11754,12667,35.27,11
11848,12744,411.84,11
12013,12307,42.37,8
12051,12481,154.53,10
12230,13007,308.80,9
12303,13245,436.57,9
12440,13009,251.83,10
14438,15011,114.87,8
14364,15115,83.26,8
14518,15422,354.27,8
14488,15359,280.71,10
14594,15544,138.55,8
14549,15263,134.89,10
14837,15295,49.95,9
14805,15616,196.72,10
13578,14016,51.22,9
13537,14407,238.22,10
13860,14598,100.19,9
13684,14417,263.87,11
13980,15270,305.89,10
13882,14832,266.89,9
14297,15040,237.84,10
14122,15076,184.05,9
7248,8032,0.00,10
7308,7604,36.32,8
7118,7992,66.53,8
7181,7974,22.68,8
7458,7790,78.30,10
7545,7717,0.00,11
7341,7751,0.00,10
7386,8364,0.00,8
7742,8508,176.11,11
7816,8614,0.00,9
7615,8402,82.10,10
7710,8615,0.00,9
8079,8882,257.83,9
8101,8777,267.83,8
7868,8746,304.23,10
7952,8688,69.23,10
5660,6530,86.09,8
5575,6459,267.57,10
5558,6657,143.80,8
5522,6312,286.05,10
6124,6771,244.36,9
6078,6522,0.00,8
6047,6418,0.00,11
5753,6295,178.17,8
6693,7176,62.82,9
6679,7289,180.06,8
6374,7446,129.56,8
6258,6827,0.00,11
7066,7416,34.15,10
7042,7730,173.45,10
7034,7949,73.41,8
6780,7324,49.47,8
9888,10519,46.90,8
9931,10663,171.89,11
10096,10763,186.57,10
10156,11116,470.74,9
10249,10692,90.03,9
10455,11268,191.26,11
10586,11630,374.95,9
10686,11534,114.17,8
10708,11294,0.00,11
10857,11448,17.67,9
10891,11441,172.44,10
10969,11858,387.72,8
11037,11682,35.54,9
11082,11729,460.29,11
11316,12283,152.40,8
11690,12183,255.81,8
8501,9201,0.00,9
8488,9447,77.01,9
8544,9605,575.35,8
8504,8857,0.00,8
8635,9323,62.54,9
8618,9245,372.98,9
9046,10033,333.17,11
8840,9354,58.46,9
9226,9896,227.69,9
9085,9809,201.35,11
9661,10123,8.78,8
9594,10146,0.00,8
9812,10456,159.65,8
9673,10459,229.33,8
9878,10498,177.16,9
9866,10748,137.92,10
1916,2578,136.27,9
1957,2760,107.21,9
1553,2714,54.72,11
1554,1984,13.56,11
1487,2240,94.51,8
1528,2339,169.38,11
1468,2393,101.88,8
1484,2100,92.69,8
2380,3379,447.49,8
2557,3392,299.01,9
2219,2700,250.37,8
2371,3087,62.95,9
2128,2676,306.31,8
2160,2638,121.14,10
1978,2279,0.00,9
2071,2837,58.65,9
843,1583,106.97,9
811,1601,163.36,8
799,1505,84.17,9
786,1689,178.40,10
705,1592,206.00,10
615,1258,0.00,9
379,1102,264.27,11
274,952,397.97,8
1423,2237,89.33,9
1351,1632,0.00,8
1339,1942,0.00,9
1334,2004,0.00,10
1322,2233,0.00,9
1256,1644,194.89,10
1123,1855,0.00,11
1081,1508,125.19,9
4634,5396,0.00,9
4725,5501,59.47,8
4792,5440,228.28,9
4794,5703,52.09,10
4462,5800,148.52,10
4472,5119,134.17,11
4558,5323,62.97,8
4630,5573,45.86,10
5350,6040,0.00,10
5359,5621,80.49,11
5399,5888,0.00,11
5494,6320,53.49,11
4841,5493,422.73,9
4899,5896,116.51,9
5105,5740,257.01,9
5158,6059,19.42,11
3029,3634,0.00,11
2944,3552,0.00,9
3276,3985,352.59,8
3209,3836,0.00,10
2636,3348,101.19,11
2608,3362,339.64,9
2916,3860,152.01,11
2652,3096,202.14,8
3954,4851,467.41,9
3771,4719,333.25,11
4391,5306,149.10,10
4202,5011,116.21,10
3563,3832,0.00,11
3312,3755,0.00,9
3769,4243,157.22,9
3691,4216,50.59,10
43,900,404.70,11
5,611,140.14,9
146,786,176.78,9
64,656,0.00,9
