501
0,100,150,1,0,0,3,0,533;546;698
0,71,151,1,0,0,3,0,562;575;727
0,147,200,1,0,0,3,0,486;499;651
0,119,180,1,0,0,3,0,514;527;679
1,152,219,1,0,0,3,1,481;494;646
0,148,223,1,0,0,3,0,485;498;650
1,184,245,1,0,0,3,1,322;459;614
1,173,376,1,0,0,3,2,460;459;625
0,4,251,1,0,0,0,0,
0,51,135,1,0,0,3,0,582;595;747
0,29,113,1,0,0,1,0,604
0,1704,1758,1,0,0,6,0,22;110;232;7;466;385
1,1664,1737,1,0,0,6,1,40;150;272;47;506;424
1,1785,1874,1,0,0,6,2,29;151;385;304;851;868
0,1741,1797,1,0,0,6,0,73;195;429;348;895;912
1,1619,1698,1,0,0,7,1,68;35;195;317;92;545;470
1,1561,1639,1,0,0,8,1,68;31;35;253;375;150;570;528
1,1635,1718,1,0,0,7,1,40;20;179;301;76;535;449
1,1633,1691,1,0,0,7,2,68;22;181;303;78;537;449
1,1551,1601,1,0,0,8,1,68;41;104;263;385;160;619;538
0,1515,1569,1,15,0,7,0,68;70;140;299;421;196;640
1,1557,1641,1,0,0,8,1,68;35;98;257;379;154;570;532
1,1556,1643,1,0,0,8,1,68;36;99;258;380;155;570;533
1,1444,1515,1,0,0,7,1,68;148;211;370;492;267;726
1,1423,1717,1,0,0,8,5,9;303;169;232;391;513;288;747
1,1501,1572,1,0,0,7,1,68;91;154;313;435;210;640
1,1487,1559,1,0,0,7,1,68;105;168;327;449;224;683
1,1341,1395,1,0,0,7,1,9;91;385;251;314;473;595
1,1344,1409,1,0,0,7,1,6;88;382;237;311;470;592
1,1379,1437,1,0,0,8,1,53;347;213;276;435;557;332;791
1,1407,1457,1,0,0,8,1,25;319;185;248;407;529;304;763
1,1153,1231,1,0,0,8,2,139;252;476;161;439;502;661;783
1,1183,1247,1,0,0,8,3,18;249;476;131;409;472;631;753
1,1277,1501,1,0,0,8,2,18;155;449;37;315;378;537;659
0,1292,1372,1,0,0,8,0,18;140;434;22;255;363;522;644
1,1092,1157,1,0,0,10,1,22;16;45;258;340;634;222;500;563;722
1,1097,1329,1,0,0,10,3,17;11;19;253;335;629;217;495;558;717
1,1106,1328,1,0,0,10,3,8;2;19;244;326;476;208;486;549;708
1,1109,1336,1,0,0,9,3,5;19;241;252;476;205;483;546;705
1,968,1032,1,0,0,10,3,146;16;140;169;3;382;464;758;346;624
0,994,1045,1,0,0,8,0,120;114;143;356;438;732;320;598
1,1000,1066,1,0,0,8,1,114;108;137;350;432;726;314;592
1,1013,1064,1,0,0,8,1,101;95;101;337;419;713;301;579
1,929,1205,1,0,0,11,5,185;19;55;179;208;42;421;503;797;385;663
0,915,991,1,0,0,11,0,199;33;69;193;222;56;435;517;811;399;677
1,894,950,1,0,0,10,2,220;54;90;214;225;77;456;538;832;420
1,847,933,1,0,0,11,3,267;101;137;261;6;225;124;503;585;879;467
1,830,917,1,0,0,12,1,284;118;154;278;23;271;1;141;520;602;896;484
0,829,893,1,0,0,12,0,285;119;155;279;24;271;2;142;521;603;897;485
1,827,877,1,0,0,12,1,287;121;157;281;26;310;4;144;523;605;899;487
0,825,888,1,0,0,12,0,289;123;159;283;28;312;6;146;525;607;901;489
1,789,863,1,0,0,12,2,9;325;159;195;319;64;348;42;182;561;643;937
1,699,751,1,0,0,12,2,14;79;415;249;285;409;154;438;132;272;651;733
0,695,754,1,0,0,12,0,14;83;419;253;289;413;158;442;136;276;655;737
1,693,933,1,0,0,12,6,17;85;419;255;291;415;160;444;138;278;657;739
1,690,757,1,0,0,12,3,50;88;419;258;294;418;163;447;141;281;660;742
1,667,915,1,0,0,12,5,50;111;429;281;317;418;186;470;164;304;683;765
0,666,733,1,0,0,12,0,50;112;429;282;318;418;187;471;165;305;684;766
1,661,713,1,0,0,12,1,50;117;452;287;323;418;192;476;170;310;689;771
1,643,928,1,0,0,11,5,3;50;135;471;305;341;430;210;494;188;328
1,646,734,1,0,0,12,2,0;50;132;452;302;338;430;207;491;185;325;704
1,623,681,1,0,0,12,2,10;23;175;155;474;325;361;485;230;514;208;348
1,632,857,1,0,0,12,6,1;14;166;146;474;316;352;430;221;505;199;339
1,608,685,1,0,0,12,3,25;38;190;170;506;340;376;500;245;529;223;363
1,621,707,1,0,0,12,1,12;25;177;157;493;327;363;487;232;516;210;350
1,483,540,1,0,0,11,1,150;163;315;295;631;465;501;625;370;654;348
1,493,735,1,0,0,11,9,130;153;305;285;621;455;491;615;360;644;338
1,396,614,1,0,0,10,5,237;242;402;382;718;552;588;712;457;741
1,456,516,1,0,0,11,2,177;190;342;322;658;492;528;652;397;681;375
1,297,574,1,0,0,8,7,303;349;501;481;817;651;687;811
1,394,651,1,0,0,10,7,239;252;404;384;720;554;590;714;459;743
1,272,342,1,0,0,5,1,322;374;526;506;842
1,275,333,1,0,0,5,1,322;369;523;503;839
0,239,290,1,0,0,4,0,322;407;559;539
0,252,306,1,0,0,4,0,322;394;546;526
0,10077,10139,1,0,0,10,0,282;38;1;227;365;531;358;320;539;628
1,10189,10258,1,0,0,10,1,170;1;115;253;419;246;208;461;516;392
1,10062,10135,1,16,0,10,1,297;38;1;242;380;546;373;335;588;643
1,10076,10164,1,0,0,10,1,283;38;1;228;366;532;359;321;574;629
1,10000,10266,1,0,0,10,5,52;359;58;221;304;442;608;435;397;650
1,10058,10295,1,0,0,9,2,301;58;1;246;384;550;377;339;592
1,9887,9974,1,0,0,10,1,63;14;165;472;244;319;417;555;721;548
1,9913,10139,1,0,0,10,2,37;139;394;218;308;391;529;695;522;484
1,10371,10439,1,0,0,9,1,52;237;64;26;279;334;210;701;702
1,10375,10454,1,0,0,9,2,22;233;60;22;275;330;206;697;698
1,10318,10376,1,0,0,9,1,41;52;290;117;79;332;387;263;754
0,10320,10385,1,0,0,9,0,39;52;288;115;77;330;383;261;752
0,10273,10349,1,0,0,10,0,86;31;169;335;162;124;377;432;308;799
1,10288,10526,1,0,0,10,6,71;16;154;320;147;109;362;417;293;784
1,10227,10476,1,0,0,10,5,132;77;215;381;208;170;423;463;354;845
1,10264,10335,1,0,0,10,1,95;40;178;344;171;133;386;441;317;808
1,9663,9716,1,0,0,8,1,113;265;238;389;696;204;468;558
0,9646,9710,1,0,0,9,0,7;130;265;255;406;713;221;485;575
0,9628,9679,1,0,0,9,0,25;148;265;273;424;731;239;503;593
1,9620,9703,1,0,0,9,3,33;156;330;281;432;739;247;511;601
1,9571,9621,1,0,0,9,1,82;205;379;330;481;788;296;560;650
1,9472,9558,1,0,0,9,1,181;304;21;478;429;580;887;395;659
1,9414,9467,1,0,0,7,2,239;343;79;536;487;638;945
1,9399,9479,1,15,0,7,1,243;369;90;551;502;653;960
1,9860,10130,1,0,0,11,5,90;41;192;499;7;271;319;444;582;748;575
1,9830,9914,1,0,0,9,1,120;71;222;529;37;301;391;474;612
0,9784,9847,1,0,0,7,0,138;117;268;575;83;347;437
1,9767,9830,1,0,0,8,3,9;183;134;285;592;100;364;454
0,9735,9793,1,0,0,8,0,41;215;166;317;624;132;396;486
0,9675,9727,1,0,0,8,0,101;265;226;377;684;137;456;546
0,9675,9753,1,0,0,8,0,101;265;226;377;684;137;456;546
1,9667,9739,1,0,0,8,1,109;265;234;385;692;160;464;554
0,10819,10870,1,0,0,6,0,207;254;318;627;374;541
1,10883,10952,1,0,0,6,1,189;190;254;563;310;477
1,10889,10950,1,0,0,6,1,161;184;248;557;304;471
1,10907,10963,1,0,0,6,1,161;166;194;539;286;453
1,10750,10805,1,0,0,6,1,207;323;387;696;443;610
1,10760,10828,1,0,0,6,1,207;288;377;686;433;600
0,10769,10851,1,0,0,6,0,207;266;368;677;424;591
1,10770,10859,1,0,0,6,1,207;266;367;676;423;590
1,10993,11072,1,0,0,7,2,76;27;144;453;200;367;1046
0,11112,11164,1,0,0,5,0,25;334;81;248;927
1,11113,11337,1,0,0,5,2,24;333;80;247;926
0,11173,11257,1,0,0,4,0,263;20;187;866
1,10962,11248,1,0,0,7,4,110;111;175;484;231;398;1077
1,10965,11026,1,0,0,7,1,107;81;172;481;228;395;1074
1,10978,11038,1,0,0,7,1,94;81;159;468;215;382;1061
1,10992,11064,1,0,0,7,1,76;81;145;454;201;368;1047
1,10464,10694,1,0,0,6,2,144;186;241;117;608;609
0,10441,10500,1,0,0,7,0,1;167;209;264;140;631;632
0,10499,10563,1,0,0,7,0,10;151;206;82;573;574;638
1,10474,10559,1,0,0,6,2,10;176;231;107;598;599
0,10407,10473,1,0,0,8,0,22;201;28;243;298;174;665;666
0,10378,10459,1,0,0,9,0,22;230;57;3;272;327;203;694;695
0,10438,10505,1,0,0,7,0,4;170;212;267;143;634;635
1,10424,10491,1,0,0,8,2,18;184;11;226;281;157;648;649
0,10677,10733,1,0,0,5,0,28;357;396;460;769
1,10666,10730,1,0,0,5,3,39;375;407;471;780
1,10749,11042,1,0,0,6,6,323;324;388;697;444;611
1,10700,10961,1,0,0,6,4,5;357;373;437;746;493
0,10572,10643,1,0,0,8,0,10;78;133;9;500;501;565;874
0,10506,10578,1,0,0,7,0,10;144;199;75;566;567;631
1,10639,10701,1,0,0,6,3,11;66;433;434;498;807
1,10611,10820,1,0,0,6,2,39;94;461;462;526;835
1,11705,11782,1,0,0,11,1,104;202;462;49;193;794;413;802;724;380;543
1,11733,11796,1,0,0,11,2,104;174;434;21;165;766;385;774;696;352;515
1,11665,11960,1,0,0,10,7,294;205;502;89;233;834;453;842;764;420
1,11673,11728,1,0,0,10,2,110;205;494;81;225;826;445;834;756;412
1,11807,11886,1,0,0,10,2,99;91;360;91;692;294;700;622;278;441
1,11845,12140,1,0,0,10,6,99;62;322;53;654;273;662;584;240;403
1,11797,11854,1,0,0,10,1,99;110;370;101;702;321;710;632;288;451
1,11805,11861,1,0,0,10,1,99;91;362;93;694;313;702;624;280;443
0,11900,11965,1,0,0,10,0,99;7;124;597;218;607;529;185;348;664
1,11990,12217,1,0,0,9,3,49;124;509;128;517;439;95;258;574
1,11858,11917,1,0,0,10,1,99;49;124;40;641;260;649;571;227;390
1,11884,11961,1,0,0,11,1,99;23;124;14;615;234;623;545;201;364;680
1,12096,12168,1,0,0,9,1,34;403;22;395;333;152;468;832;718
0,12105,12187,1,0,0,9,0,34;394;13;395;294;143;459;823;709
1,12006,12068,1,0,0,9,2,33;124;493;112;395;423;79;242;558
1,12083,12164,1,0,0,10,2,84;416;35;395;346;2;165;481;845;731
1,11226,11513,1,0,0,4,2,220;134;813;650
1,11224,11287,1,0,0,4,1,222;136;815;683
0,11190,11275,1,0,0,4,0,256;3;170;849
0,11184,11245,1,0,0,4,0,262;9;176;855
0,11364,11424,1,0,0,6,0,82;602;543;803;390;534
1,11298,11539,1,0,0,6,4,148;62;604;609;869;456
0,11295,11373,1,0,0,5,0,151;65;604;612;872
0,11234,11299,1,0,0,4,0,212;126;604;650
1,11552,11619,1,0,0,7,1,487;205;615;202;346;947;566
0,11461,11530,1,15,0,5,0,578;205;706;293;437
1,11444,11703,1,0,0,6,4,2;595;463;723;310;454
0,11432,11504,1,0,0,6,0,14;602;475;735;322;466
1,11632,11884,1,0,0,9,6,315;205;535;122;266;867;486;875;797
0,11601,11658,1,0,0,8,0,315;205;566;153;297;898;517;906
0,11567,11648,1,0,0,7,0,315;205;600;187;331;911;551
1,11561,11830,1,0,0,7,5,478;205;606;193;337;911;557
1,12596,12680,1,0,0,11,2,332;218;408;281;223;590;673;718;763;533;545
0,12598,12661,1,0,0,11,0,330;216;406;279;221;532;671;716;761;533;543
1,12746,12828,1,16,0,12,1,182;68;258;131;73;440;523;568;613;389;395;517
1,12759,13019,1,0,0,12,7,169;55;245;118;60;427;510;555;600;373;382;504
1,12786,13024,1,0,0,12,3,142;28;98;91;33;400;483;528;573;349;355;477
1,12790,13053,1,0,0,12,7,30;24;98;87;29;396;479;524;569;345;351;473
1,12829,13032,1,0,0,11,4,30;76;48;357;440;485;530;306;312;434;311
1,12865,12936,1,0,0,11,1,30;76;12;321;404;449;494;270;276;398;275
1,12896,12958,1,0,0,10,1,30;60;290;373;418;463;239;245;367;244
1,12911,13121,1,0,0,10,6,17;60;264;358;403;448;224;230;352;229
1,12936,13190,1,0,0,10,7,60;225;333;378;423;199;205;327;204;550
1,12975,13061,1,0,0,10,1,29;211;294;339;384;160;166;288;165;511
1,12980,13053,1,0,0,10,1,24;206;289;334;379;148;161;283;160;506
0,13001,13064,1,0,0,10,0,3;185;268;313;358;120;140;262;139;485
1,13025,13103,1,0,0,9,2,161;244;289;334;110;116;238;115;461
1,13040,13098,1,0,0,9,1,146;229;274;319;95;101;223;100;446
1,12113,12329,1,0,0,9,5,34;386;5;375;294;135;451;815;701
1,12108,12179,1,0,0,9,1,34;391;10;395;294;140;456;820;706
1,12152,12208,1,0,0,9,1,15;201;355;277;96;412;776;662;852
0,12127,12193,1,0,0,8,0,34;201;375;294;121;437;801;687
1,12174,12234,1,0,0,8,1,201;332;255;74;390;754;608;830
1,12159,12227,1,0,0,9,1,8;201;332;270;89;405;769;655;845
1,12333,12573,1,0,0,8,6,19;174;96;231;595;481;671;544
1,12319,12554,1,0,0,8,5,180;188;110;245;609;495;685;558
1,12372,12640,1,0,0,8,5,19;135;57;192;556;442;632;505
1,12336,12410,1,0,0,8,1,19;171;93;228;592;478;668;541
1,12424,12497,1,0,0,11,1,19;83;5;140;504;390;580;453;395;762;845
0,12381,12470,1,0,0,10,0,19;106;48;183;547;433;623;496;438;805
0,12467,12533,1,0,0,10,0,19;40;97;461;346;537;410;352;719;802
1,12456,12527,1,0,0,10,1,19;51;108;472;358;548;421;363;730;813
1,12581,12638,1,0,0,11,1,347;233;423;296;238;605;688;733;778;554;560
1,12554,12630,1,0,0,11,1,10;374;260;450;323;265;632;715;760;805;581
1,13802,14069,1,16,0,12,7,560;614;322;62;216;400;59;733;353;355;764;665
1,13791,13863,1,0,0,12,2,571;625;333;73;227;411;70;744;364;366;775;676
0,13758,13810,1,0,0,11,0,604;658;366;106;260;444;103;777;397;399;808
0,13736,13800,1,0,0,11,0,626;680;388;128;282;466;125;799;419;421;830
0,13689,13742,1,0,0,9,0,673;727;435;175;329;513;172;846;466
1,13632,13886,1,0,0,8,5,719;777;492;232;386;570;229;903
1,13623,13693,1,0,0,8,2,719;793;501;241;395;579;238;912
0,13567,13623,1,0,0,7,0,719;849;557;297;451;635;294
0,13518,13587,1,0,0,7,0,719;898;606;346;500;684;343
0,13506,13570,1,16,0,7,0,719;910;618;358;512;696;355
1,13474,13526,1,0,0,8,1,12;719;936;650;390;544;728;387
1,13454,13700,1,31,0,8,3,14;731;936;670;410;564;748;407
1,13452,13659,1,0,0,8,2,14;733;936;672;412;566;750;409
1,13432,13651,1,0,0,8,3,14;873;936;692;432;586;770;429
0,13420,13470,1,0,0,8,0,14;873;936;704;444;598;782;441
0,13416,13466,1,0,0,8,0,14;873;936;708;448;602;786;445
1,13324,13586,1,0,0,7,4,35;14;875;1092;800;540;694
1,13336,13550,1,0,0,8,3,23;14;873;1080;788;528;682;866
0,13293,13345,1,0,0,8,0,21;47;14;877;1123;831;571;725
1,13306,13510,1,0,0,8,2,8;47;14;877;1110;818;558;712
1,13289,13496,1,0,0,8,2,25;70;14;1073;1127;835;575;729
1,13291,13348,1,0,0,8,2,23;68;14;877;1125;833;573;727
1,13214,13293,1,0,0,8,1,55;100;145;31;272;1148;1202;910
1,13268,13523,1,0,0,8,3,1;46;91;218;1094;1148;856;596
1,13144,13233,1,0,0,7,1,42;125;170;209;119;342;1218
1,13179,13250,1,16,0,8,1,7;90;135;169;84;307;1183;1237
0,13129,13218,1,0,0,10,0,57;140;185;225;6;12;134;11;357;1233
1,13142,13207,1,0,0,7,1,44;127;172;217;121;344;1220
0,13105,13184,1,0,0,10,0,81;164;209;225;21;36;158;35;381;1257
0,13106,13186,1,0,0,10,0,80;163;208;225;21;35;157;34;380;1256
1,13070,13157,1,15,0,9,1,116;199;244;289;65;71;193;70;416
1,13093,13164,1,0,0,9,1,93;176;221;266;21;48;170;47;393
1,13962,14049,1,0,0,11,1,365;365;162;56;240;573;193;195;604;505;487
1,13978,14220,1,0,0,11,7,365;365;146;40;224;521;177;179;588;489;471
1,13875,13943,1,0,0,11,2,365;365;249;143;327;660;280;282;691;585;574
1,13880,13950,1,0,0,11,1,365;365;189;138;322;655;275;277;686;585;569
0,13917,13984,1,0,0,11,0,365;365;189;101;285;607;238;240;649;550;532
0,13917,13994,1,0,0,11,0,365;365;189;101;285;607;238;240;649;550;532
1,13820,13889,1,0,0,12,2,542;596;304;44;198;382;41;715;335;337;746;647
1,13822,13884,1,0,0,12,1,523;594;302;42;196;380;39;713;333;335;744;645
1,13826,14085,1,0,0,12,6,523;590;298;38;192;376;35;709;329;331;740;585
1,13827,14116,1,0,0,12,8,365;589;297;37;191;375;34;708;328;330;739;585
0,1919,1986,1,0,0,5,0,17;192;170;717;707
1,1884,1965,1,0,0,5,1,52;192;205;752;737
1,2029,2108,1,0,0,6,1,141;60;607;624;543;442
1,1989,2075,1,0,0,6,3,181;100;647;664;583;482
1,1844,2068,1,0,0,5,3,68;326;245;792;809
1,1806,1858,1,16,0,6,1,8;68;364;283;830;847
0,1874,1935,1,0,0,5,0,62;192;215;762;737
1,1850,2084,1,0,0,5,1,68;192;239;786;803
0,2195,2283,1,0,0,6,0,441;449;377;276;405;679
0,2194,2278,1,0,0,6,0,442;449;378;277;481;680
1,2217,2280,1,0,0,7,1,419;436;355;254;387;657;712
1,2215,2293,1,0,0,7,1,421;438;357;256;405;659;714
1,2079,2166,1,0,0,6,1,91;10;557;574;493;379
0,2059,2130,1,0,0,6,0,111;30;577;594;513;379
1,2194,2275,1,16,0,6,1,442;449;378;277;481;680
1,2187,2269,1,0,0,6,1,449;466;385;284;488;687
1,2298,2352,1,0,0,7,1,338;207;236;173;377;576;631
1,2319,2381,1,0,0,7,1,317;207;236;150;356;555;610
0,2360,2430,1,0,0,7,0,276;207;212;111;315;514;569
1,2374,2639,1,0,0,7,4,262;207;198;97;301;500;555
1,2222,2293,1,0,0,7,1,414;431;350;249;387;652;662
1,2233,2293,1,0,0,7,1,403;420;339;238;387;641;644
1,2244,2486,1,0,0,7,4,392;409;328;227;387;630;643
1,2257,2342,1,0,0,7,2,379;207;315;214;387;617;643
1,2587,2669,1,0,0,5,2,34;66;88;287;342
1,2627,2829,1,0,0,5,1,9;26;48;247;302
0,2687,2741,1,0,0,3,0,156;242;418
0,2733,2785,1,0,0,3,0,141;196;372
1,2435,2515,1,0,0,7,1,58;207;137;36;240;439;494
1,2526,2590,1,0,0,6,2,58;127;46;149;348;403
0,2535,2610,1,0,0,6,0,58;104;37;140;339;394
1,2555,2840,1,0,0,6,4,58;98;17;120;319;374
1,2872,3095,1,0,0,5,1,2;57;56;368;783
1,2850,3139,1,0,0,5,3,14;79;255;390;805
1,2847,2914,1,15,0,5,1,27;82;258;393;808
1,2802,3086,1,0,0,3,1,72;119;303
1,2781,2870,1,0,0,3,2,84;148;324
0,2769,2844,1,0,0,3,0,84;160;336
0,2759,2821,1,0,0,3,0,84;170;346
1,2738,3037,1,0,0,3,2,136;191;367
1,3140,3412,1,0,0,3,2,100;515;786
0,3096,3176,1,0,0,3,0,9;144;559
0,3060,3120,1,0,0,3,0,45;180;593
0,3032,3095,1,0,0,3,0,56;208;593
1,3025,3257,1,0,0,3,1,56;215;630
0,3018,3070,1,0,0,3,0,56;222;637
1,2959,3224,1,0,0,3,1,56;281;687
0,2889,2967,1,0,0,4,0,40;56;351;687
0,3314,3366,1,0,0,7,0,276;612;251;568;715;553;864
1,3330,3415,1,0,0,7,2,276;596;251;568;715;537;848
1,3294,3514,1,0,0,6,2,276;632;251;679;772;573
1,3296,3363,1,0,0,6,1,276;630;251;568;770;571
0,3291,3345,1,0,0,6,0,276;635;311;682;775;576
1,3293,3364,1,0,0,6,1,276;633;309;680;773;574
0,3240,3321,1,0,0,5,0,0;276;686;362;733
0,3255,3325,1,0,0,4,0,276;671;347;718
1,3617,3896,1,0,0,7,6,30;234;356;449;250;561;328
0,3663,3728,1,0,0,6,0,234;310;403;204;515;282
1,3592,3659,1,0,0,8,2,63;234;10;381;474;275;586;353
1,3613,3858,1,0,0,7,6,42;234;360;453;254;565;332
1,3525,3609,1,0,0,8,2,130;401;77;448;541;342;653;420
1,3564,3848,1,0,0,8,4,91;362;38;409;502;303;614;381
1,3366,3416,1,0,0,8,2,255;560;236;568;700;501;812;579
1,3416,3489,1,0,0,8,2,239;510;186;557;650;451;762;529
1,3681,3891,1,0,0,6,3,234;292;385;186;497;264
0,3669,3746,1,0,0,6,0,234;304;397;198;509;276
0,3724,3779,1,0,0,7,0,202;249;342;143;454;221;994
0,3704,3765,1,0,0,7,0,222;268;362;163;474;241;1014
0,3732,3793,1,0,0,7,0,194;241;334;135;446;213;986
0,3728,3789,1,0,0,7,0,198;245;338;139;450;217;990
1,3844,3928,1,0,0,7,3,82;129;222;23;334;101;874
1,3819,3874,1,0,0,7,3,107;154;247;48;359;126;899
0,3880,3941,1,0,0,6,0,46;93;186;298;65;838
0,3878,3940,1,0,0,6,0,48;95;188;300;67;840
0,3898,3976,1,0,0,7,0,28;75;61;280;47;820;1006
1,3882,4174,1,0,0,6,3,44;91;184;296;63;836
1,3935,4202,1,0,0,6,2,38;61;243;10;783;969
0,3922,3976,1,0,0,7,0,4;51;61;256;23;796;982
1,4014,4244,1,0,0,4,1,52;73;704;890
0,3960,4016,1,0,0,5,0,13;61;73;758;944
0,4052,4109,1,0,0,4,0,14;63;666;852
1,4076,4127,1,0,0,3,1,63;642;828
1,4117,4197,1,0,0,3,1,61;601;787
1,4139,4425,1,0,0,3,2,35;579;765
1,4163,4252,1,0,0,3,1,15;394;741
1,4225,4308,1,0,0,2,1,336;679
0,4249,4327,1,0,0,2,0,336;603
0,4249,4325,1,0,0,2,0,336;603
0,4268,4334,1,0,0,2,0,336;603
0,4283,4355,1,0,0,2,0,336;603
0,4285,4344,1,0,0,2,0,336;603
0,4288,4340,1,0,0,2,0,336;603
0,4291,4341,1,0,0,2,0,336;603
0,4302,4385,1,0,0,2,0,336;602
0,4314,4375,1,0,0,2,0,336;590
0,4316,4398,1,0,0,2,0,336;588
1,4418,4485,1,0,0,2,1,300;486
0,4402,4489,1,0,0,2,0,316;502
0,4355,4407,1,0,0,2,0,336;543
1,4346,4402,1,0,0,2,1,336;558
1,4480,4745,1,0,0,2,1,80;424
1,4459,4727,1,0,0,2,1,259;424
1,4456,4526,1,0,0,2,1,262;448
0,4445,4512,1,0,0,2,0,273;458
1,4628,4698,1,0,0,5,1,65;149;345;786;834
1,4587,4674,1,0,0,5,1,65;149;413;827;875
1,4560,4793,1,0,0,4,2,65;341;440;854
1,4538,4601,1,0,0,4,1,65;366;462;876
1,4725,4805,1,0,0,6,1,149;275;689;709;838;532
1,4698,4783,1,0,0,6,1,20;149;302;716;764;865
0,4666,4722,1,0,0,5,0,36;149;334;748;796
1,4649,4705,1,0,0,5,1,63;149;345;765;813
0,4775,4837,1,0,0,7,0,125;225;639;687;788;482;256
1,4777,5023,1,0,0,7,4,125;223;637;685;786;480;254
1,4736,4803,1,0,0,6,1,149;264;678;687;827;521
1,4745,4817,1,0,0,7,1,149;242;669;687;818;512;286
1,4904,5136,1,0,0,9,2,0;96;510;558;659;353;127;676;367
1,4920,5001,1,0,0,8,1,80;494;369;643;337;111;660;351
1,4800,5041,1,0,0,8,7,104;181;614;662;763;457;231;780
1,4879,4962,1,0,0,9,3,25;121;535;583;684;378;152;701;392
1,5192,5478,1,0,0,8,5,86;270;371;65;388;79;323;526
1,5265,5560,1,0,0,9,4,86;107;298;315;6;250;453;154;573
0,5017,5104,1,0,0,9,0,397;329;546;240;14;563;254;498;701
1,5188,5465,1,0,0,8,4,226;274;375;69;392;83;327;530
1,5347,5419,1,16,0,9,2,67;107;182;127;168;371;72;491;675
1,5380,5435,1,0,0,9,1,34;82;182;127;116;338;39;458;642
1,5279,5516,1,0,0,8,5,86;107;182;301;236;439;140;559
1,5295,5352,1,0,0,8,1,86;107;182;127;220;423;124;543
1,5939,6173,1,0,0,8,4,83;176;395;534;311;595;491;711
1,5958,6164,1,15,0,8,4,64;23;376;515;292;576;472;692
1,5975,6261,1,0,0,9,5,47;23;359;498;275;559;455;675;442
1,5997,6285,1,0,0,9,6,25;23;337;462;253;537;433;653;420
0,5746,5812,1,0,0,5,0,92;276;369;588;727
1,5793,5865,1,0,0,6,1,45;229;322;541;680;457
1,5863,5940,1,0,0,7,2,159;252;471;610;387;671;567
1,5883,5964,1,0,0,7,1,139;232;451;551;367;651;547
1,5593,5644,1,0,0,5,1,15;245;429;522;741
0,5619,5674,1,0,0,5,0,15;219;380;496;715
1,5625,5871,1,0,0,5,2,15;213;380;490;709
1,5674,5762,1,0,0,5,1,15;164;348;441;660
1,5480,5554,1,0,0,7,1,83;100;35;238;358;542;635
0,5493,5560,1,0,0,7,0,70;87;22;225;345;529;622
1,5534,5830,1,0,0,7,5,29;46;184;304;488;581;800
0,5569,5627,1,0,0,6,0,11;15;269;453;546;765
1,6591,6657,1,0,0,10,1,59;12;7;180;301;1030;531;729;486;545
0,6577,6652,1,0,0,9,0,73;26;21;180;315;1044;545;743;500
1,6684,6957,1,0,0,8,5,96;208;937;438;636;393;452;554
1,6606,6852,1,0,0,9,4,44;174;286;1015;490;714;471;530;632
1,6462,6534,1,0,0,9,1,11;72;188;141;136;318;430;1159;660
1,6430,6513,1,0,0,10,2,43;104;0;220;173;168;350;462;1191;692
1,6562,6817,1,0,0,9,4,88;41;36;197;330;1059;560;758;515
1,6521,6598,1,0,0,9,1,13;129;82;77;259;371;1100;601;799
1,6302,6358,1,0,0,10,1,32;171;198;128;348;115;301;296;478;590
1,6297,6365,1,0,0,10,2,37;176;237;133;353;120;306;301;483;595
1,6408,6487,1,0,0,11,2,65;126;22;242;9;195;190;372;484;1213;714
1,6364,6443,1,0,0,11,4,109;170;66;286;53;239;234;416;528;1257;758
0,6075,6149,1,0,0,9,0,23;259;316;175;459;355;575;342;528
1,6029,6248,1,0,0,8,5,23;278;444;221;505;401;621;388
1,6185,6265,1,0,0,9,1,149;288;65;349;245;465;232;418;413
0,6123,6202,1,0,0,8,0,211;316;127;411;307;527;294;480
0,7167,7255,1,0,0,6,0,439;153;71;266;221;519
1,7167,7246,1,0,0,6,1,439;153;71;266;221;519
1,7082,7137,1,0,0,8,1,439;40;238;54;156;351;306;604
1,7141,7193,1,0,0,6,1,439;179;97;292;247;545
1,7007,7081,1,0,0,9,1,439;86;301;70;129;231;426;381;679
0,7033,7098,1,0,0,9,0,439;86;283;44;103;205;400;355;653
1,6912,6968,1,0,0,8,2,617;210;301;165;224;326;521;476
1,6953,7240,1,0,0,8,5,616;86;301;124;183;285;480;435
0,6880,6956,1,0,0,7,0,12;617;242;301;197;256;358
1,6912,7167,1,0,0,8,3,616;210;301;165;224;326;521;476
1,6820,7057,1,0,0,7,5,29;792;302;301;257;316;418
0,6859,6932,1,0,0,7,0,29;617;263;301;218;277;379
1,6782,7002,1,0,0,7,3,29;839;340;369;295;354;456
1,6811,7068,1,0,0,7,3,29;792;311;369;266;325;427
1,6711,6912,1,0,0,8,3,69;29;910;411;609;366;425;527
1,6728,6971,1,0,0,8,3,51;29;893;394;592;349;408;510
1,7727,7811,1,0,0,6,1,385;278;494;491;700;719
0,7699,7750,1,0,0,6,0,413;306;522;519;728;747
1,7577,7665,1,0,0,8,4,35;104;535;428;644;641;850;869
1,7576,7642,1,0,0,8,1,45;104;536;429;645;642;851;870
1,7542,7614,1,0,0,6,1,79;104;570;463;679;676
1,7494,7559,1,0,0,6,2,127;112;618;501;727;724
1,7480,7539,1,0,0,6,1,141;112;632;515;741;738
1,7447,7520,1,0,0,5,1,174;112;665;515;774
1,7439,7511,1,0,0,5,1,182;112;673;566;782
1,7436,7641,1,0,0,5,3,185;114;676;569;785
1,7429,7644,1,0,0,6,3,192;4;257;683;576;792
1,7360,7417,1,0,0,7,1,250;73;28;326;752;645;861
0,7328,7380,1,0,0,7,0,250;105;60;358;784;677;874
1,7298,7363,1,0,0,8,1,250;22;135;90;388;814;707;923
1,7258,7544,1,0,0,7,4,363;62;175;130;428;854;747
0,7185,7236,1,0,0,6,0,436;135;53;248;203;501
0,8054,8117,1,0,0,6,0,58;146;164;373;392;315
1,8082,8156,1,0,0,6,1,30;139;136;345;364;287
1,8103,8353,1,0,0,6,2,9;118;115;324;343;266
0,8150,8200,1,0,0,5,0,4;68;277;296;219
0,8202,8286,1,0,0,5,0,4;16;225;244;167
0,8241,8294,1,0,0,4,0,186;205;128;662
0,8318,8405,1,0,0,4,0,109;128;51;585
1,8322,8540,1,0,0,4,2,105;124;47;581
1,7752,7975,1,0,0,6,4,360;232;469;466;675;694
1,7764,7817,1,0,0,6,1,329;232;457;454;663;682
0,7767,7848,1,0,0,6,0,329;201;454;451;660;679
0,7771,7859,1,0,0,7,0,329;201;450;447;656;675;598
1,7940,8155,1,0,0,7,2,172;65;281;278;487;506;429
1,7955,8008,1,0,0,7,1,157;50;163;263;472;491;414
0,8025,8114,1,0,0,6,0,87;163;193;402;421;344
1,8028,8115,1,0,0,6,1,84;163;190;399;418;341
0,8552,8638,1,0,0,3,0,351;294;544
1,8546,8603,1,0,0,3,1,357;303;550
0,8580,8662,1,0,0,3,0,323;294;516
0,8554,8613,1,0,0,3,0,349;294;542
1,8711,8993,1,0,0,3,2,192;173;385
0,8599,8673,1,0,0,3,0,304;285;497
1,8765,9043,1,0,0,4,2,138;119;331;888
1,8729,9014,1,0,0,3,2,168;155;367
1,8401,8668,1,0,0,3,2,26;45;476
1,8366,8444,1,0,0,4,1,32;80;3;537
0,8430,8504,1,0,0,2,0,16;473
0,8403,8462,1,0,0,3,0,6;43;476
1,8457,8544,1,0,0,2,1,427;427
1,8430,8493,1,0,0,2,1,16;473
1,8532,8607,1,0,0,3,1,371;326;564
1,8531,8606,1,0,0,3,1,372;353;565
0,8934,9004,1,0,0,4,0,81;677;378;842
0,8950,9038,1,0,0,5,0,81;677;362;826;543
0,8911,8975,1,0,0,3,0,81;677;401
0,8924,8979,1,0,0,3,0,81;677;388
0,8955,9018,1,0,0,5,0,81;677;357;707;525
1,8993,9059,1,0,0,5,1,81;660;319;707;500
1,8952,9007,1,16,0,5,1,81;677;360;824;541
1,8953,9163,1,0,0,5,1,81;677;359;823;525
0,8827,8884,1,0,0,5,0,76;57;81;695;485
0,8835,8901,1,0,0,5,0,68;49;81;695;477
1,8772,8980,1,0,0,4,1,131;112;81;881
0,8774,9021,1,0,0,4,0,129;110;81;695
1,8893,8949,1,0,0,4,2,10;81;695;419
1,8905,9163,1,0,0,3,3,81;677;407
0,8870,8945,1,0,0,5,0,33;14;81;695;442
0,8890,8952,1,0,0,4,0,13;81;695;422
1,9356,9421,1,0,0,7,1,297;420;137;594;545;696;1003
1,9326,9384,1,0,0,6,1,327;450;167;624;575;726
1,9310,9585,1,0,0,6,3,343;2;466;168;640;591
1,9301,9351,1,0,0,6,1,352;11;475;168;649;600
1,9393,9473,1,0,0,7,1,243;377;90;557;508;659;966
1,9384,9449,1,0,0,7,1,269;377;90;566;517;668;975
1,9382,9443,1,0,0,7,1,271;394;90;568;519;670;977
1,9362,9446,1,0,0,7,4,291;403;131;588;539;690;997
0,9130,9197,1,0,0,4,0,523;182;646;363
1,9092,9152,1,0,0,5,1,4;561;220;684;401
1,9039,9101,1,0,0,5,1,57;594;273;707;454
1,9036,9099,1,0,0,5,1,60;617;276;707;457
1,9290,9354,1,0,0,6,2,363;22;486;198;660;611
1,9283,9350,1,0,0,6,2,370;29;493;210;667;618
0,9266,9353,1,0,0,6,0,387;46;510;227;684;635
1,9206,9285,1,0,0,5,1,447;106;570;287;744
150
13691,14157,0.00,9
13722,14566,0.00,10
13767,14467,60.89,9
13868,14449,0.00,10
13147,14416,427.79,9
13182,14124,60.66,10
13224,13864,0.00,11
13285,14018,0.00,10
13328,14202,0.00,11
13363,13861,0.00,8
13578,14535,101.80,9
13637,14155,0.00,9
11651,12085,0.00,8
11675,12248,0.00,10
11600,12507,273.93,11
11619,12429,39.58,10
11521,12499,402.15,9
11525,12118,30.42,9
11296,11754,0.00,10
11318,11898,0.00,8
11195,11907,318.46,9
11255,12167,249.66,10
10735,11360,0.00,9
10941,12039,591.02,8
10528,11446,70.17,10
10696,11193,38.92,11
10338,11073,141.69,11
10481,11137,72.12,8
13096,14362,579.51,10
12929,13486,204.75,8
12810,13140,0.00,10
12630,13263,53.53,8
12579,13141,0.00,9
12534,13135,138.67,10
12526,13359,132.76,10
12513,13314,0.00,10
12399,13269,0.00,8
12376,13186,169.19,10
12373,12819,0.00,8
12239,12877,0.00,9
12152,13004,206.95,8
12075,12814,80.35,11
12033,12928,112.92,11
11866,12564,0.00,10
8734,9653,289.15,10
8786,9312,0.00,11
8927,9776,215.19,9
8936,9493,161.53,8
7771,8369,0.00,9
8212,8903,132.69,8
8446,8884,146.23,10
8515,9096,250.86,11
7283,8221,336.02,10
7478,8218,0.00,9
7565,8427,94.09,10
7569,8446,0.00,10
6903,7388,0.00,8
6963,7686,184.78,9
7207,8112,31.42,9
7258,8005,159.36,8
10059,10705,111.07,10
9983,10650,35.38,10
10209,11072,274.49,11
10098,10581,0.00,9
9841,10608,134.47,8
9799,10442,132.73,9
9894,10397,32.52,10
9849,10435,0.00,10
9451,10131,227.54,8
9416,9867,67.84,9
9798,10304,0.00,11
9497,10221,293.88,8
9212,9901,0.00,8
9146,9950,135.59,11
9355,10359,100.52,8
9320,10052,0.00,8
2828,3655,487.48,9
3132,3926,144.03,8
2629,3105,199.97,9
2810,3240,0.00,8
2180,2874,203.18,10
2204,2929,98.48,9
1953,2471,103.74,11
2148,2675,120.44,11
3698,4718,496.43,11
3894,4904,385.80,9
3300,4178,207.56,9
3334,3945,0.00,8
3272,4066,178.67,9
3278,3867,0.00,8
3152,3602,58.15,11
3200,3973,177.06,8
1028,1655,63.82,10
895,1592,132.22,9
821,1314,0.00,10
756,1726,428.83,8
660,1432,80.66,11
644,1350,223.80,8
606,971,0.00,10
443,831,0.00,9
1920,2572,79.24,11
1735,2653,340.51,11
1719,2636,241.21,10
1545,2089,86.27,10
1370,2170,314.81,8
1350,1711,0.00,9
1116,1936,83.30,11
1047,1814,0.00,11
5974,6417,0.00,10
6072,6603,0.00,11
6162,6598,13.30,11
6232,6780,115.29,11
5782,6250,0.00,8
5804,6534,74.43,11
5825,6430,31.98,10
5904,6650,0.00,11
6522,7077,0.00,10
6585,7136,0.00,8
6604,7238,0.00,11
6882,7433,0.00,10
6263,6892,179.13,8
6352,7621,539.19,9
6358,7122,224.78,10
6490,7320,362.39,11
4742,5031,0.00,9
4714,5257,0.00,11
4820,5271,0.00,11
4789,5580,174.46,8
4531,5414,185.53,11
4481,5000,170.27,11
4693,5563,129.58,8
4574,5462,471.00,10
5448,6115,153.31,8
5313,6022,84.09,8
5731,6473,248.11,11
5529,6334,68.36,11
4942,5718,170.37,10
4932,5515,52.06,11
5212,5838,0.00,11
5202,5419,0.00,8
21,633,306.60,8
34,646,181.14,10
37,798,152.45,9
189,778,0.00,9
266,1114,92.76,11
281,948,0.00,8
285,984,0.00,11
296,1108,143.14,9
357,853,0.00,8
366,1137,148.58,11
