103
0,2341,2415,1,0,0,8,0,37;225;536;253;185;719;414;555
1,2371,2443,1,0,0,8,2,7;195;506;223;155;689;414;525
1,2298,2387,1,0,0,7,3,80;268;579;296;228;762;613
1,2338,2549,1,0,0,8,2,40;228;539;256;188;722;573;558
1,2270,2342,1,0,0,7,3,108;270;607;324;256;790;641
0,2272,2327,1,0,0,7,0,106;270;589;322;254;788;639
1,2241,2291,1,0,0,8,3,9;137;325;636;353;285;819;670
1,2252,2317,1,0,0,7,3,126;298;625;342;274;808;659
1,2434,2719,1,0,0,7,3,132;435;133;92;626;414;304
0,2437,2525,1,0,0,7,0,129;435;133;89;429;414;304
1,2418,2501,1,0,0,7,1,148;435;137;108;642;414;478
1,2424,2705,1,0,0,7,5,142;435;133;102;636;414;472
0,2407,2465,1,0,0,7,0,159;435;169;119;653;414;489
1,2408,2485,1,0,0,7,1,158;435;169;118;652;414;488
1,2374,2456,1,0,0,8,2,4;186;503;220;152;686;414;522
1,2392,2459,1,0,0,7,2,174;485;169;134;668;414;504
0,1891,1941,1,0,0,6,0,144;250;359;286;576;986
1,1877,2129,1,0,0,5,3,158;361;368;286;576
1,1861,2112,1,0,0,5,4,174;377;368;517;576
1,1840,1929,1,0,0,5,1,195;398;410;538;576
1,1779,1836,1,0,0,5,1,256;459;444;599;576
1,1772,2070,1,0,0,5,4,263;466;444;606;794
0,1720,1775,1,0,0,5,0,10;315;518;444;658
1,1711,1778,1,0,0,5,1,19;324;527;444;667
0,2231,2314,1,0,0,8,0,7;19;147;335;646;363;295;829
1,2173,2235,1,0,0,8,1,65;77;205;393;697;421;353;887
1,2140,2211,1,0,0,8,2,98;110;238;426;737;433;386;920
1,2124,2381,1,0,0,8,3,114;126;254;442;752;470;402;936
0,2091,2164,1,16,0,8,0,147;159;256;475;752;503;435;969
1,2073,2124,1,0,0,8,2,165;177;286;493;752;521;453;987
1,2054,2135,1,0,0,8,3,184;196;286;512;823;540;472;1006
1,1941,2160,1,0,0,6,2,94;250;309;286;576;936
1,2875,2934,1,0,0,9,1,2;185;36;21;208;256;618;652;404
1,2584,2835,1,0,0,8,6,293;10;429;327;262;499;670;922
1,2500,2586,1,0,0,8,2,66;377;94;26;429;395;262;513
1,2608,2682,1,0,0,7,2,269;429;303;262;475;646;797
1,2597,2858,1,0,0,7,6,280;429;314;262;486;657;834
0,2463,2513,1,0,0,8,0,103;414;131;63;429;414;304;513
1,2462,2687,1,0,0,8,4,104;415;132;64;429;414;304;621
1,2499,2566,1,0,0,8,1,67;378;95;27;429;395;304;513
1,2487,2571,1,0,0,8,1,79;390;107;39;429;414;304;513
1,2830,2902,1,0,0,9,3,47;225;81;66;253;256;676;697;663
1,2826,2881,1,0,0,8,2,51;234;85;70;257;256;680;701
1,2874,3113,1,0,0,9,2,3;186;37;22;209;256;618;653;619
1,2845,2896,1,0,0,9,3,32;215;66;51;238;256;649;682;648
1,2634,2689,1,0,0,7,3,243;426;261;248;449;620;797
1,2626,2711,1,0,0,7,1,251;429;285;248;457;628;797
1,2824,3043,1,0,0,8,3,53;236;87;72;259;430;682;703
0,2651,2726,1,0,0,7,0,226;409;260;245;432;603;797
0,323,373,1,0,0,3,0,354;511;826
0,398,479,1,0,0,3,0,297;474;751
0,274,355,1,0,0,3,0,354;598;875
1,310,399,1,0,0,3,1,354;562;839
1,512,585,1,0,0,5,2,183;360;622;706;857
1,539,626,1,0,0,5,1,156;333;610;679;857
1,432,669,1,0,0,3,2,263;440;717
1,511,561,1,0,0,5,1,184;361;622;707;904
1,631,882,1,0,0,5,3,64;241;518;479;784
0,704,759,1,0,0,6,0,168;445;430;711;802;642
1,588,827,1,0,0,5,3,107;284;561;630;827
1,593,650,1,0,0,5,1,102;279;556;479;822
1,779,1058,1,0,0,7,5,93;370;430;636;617;567;951
1,784,1073,1,0,0,7,4,88;365;430;631;617;562;759
1,726,936,1,0,0,6,3,146;423;430;689;780;620
1,730,948,1,0,0,6,3,142;419;430;685;653;616
0,59,277,1,0,0,0,0,
0,10,83,1,0,0,0,0,
0,153,219,1,0,0,1,0,354
0,136,212,1,0,0,1,0,354
1,127,424,1,0,0,1,1,568
0,73,125,1,0,0,0,0,
1,1238,1306,1,0,0,7,4,177;268;108;492;249;259;723
1,1254,1339,1,0,0,8,1,161;252;92;476;233;256;723;984
1,1316,1529,1,0,0,8,2,99;190;30;414;171;222;719;922
1,1320,1382,1,0,0,8,4,95;186;26;410;167;218;624;918
1,1346,1568,1,0,0,8,3,69;160;0;384;141;192;624;892
1,1355,1428,1,0,0,7,1,60;151;375;132;175;624;883
1,1356,1421,1,0,0,7,3,59;150;374;131;175;520;882
1,1381,1447,1,0,0,7,1,34;125;349;106;157;520;857
1,1400,1458,1,0,0,7,3,15;106;330;87;138;520;837
1,1402,1682,1,0,0,7,3,13;104;322;85;136;520;836
0,1403,1487,1,0,0,7,0,12;103;322;84;135;495;835
0,1567,1630,1,0,0,4,0,163;468;671;683
1,1622,1672,1,0,0,4,1,108;413;616;628
1,1642,1920,1,0,0,5,3,88;393;596;608;736
1,1654,1718,1,0,0,5,2,76;381;584;444;724
0,1678,1766,1,0,0,5,0,52;357;560;444;700
1,816,882,1,16,0,8,3,56;333;402;402;617;530;757;671
1,795,873,1,0,0,7,1,77;354;423;402;617;551;759
1,923,1205,1,0,0,7,4,226;295;402;583;423;757;564
1,820,909,1,0,0,8,3,52;294;398;402;617;526;757;667
0,972,1023,1,0,0,7,0,177;246;292;534;374;733;515
1,936,996,1,0,0,7,2,213;282;292;570;410;757;551
0,991,1063,1,0,0,7,0,158;227;292;515;355;733;496
0,978,1034,1,0,0,7,0,171;240;292;528;368;733;509
0,1047,1111,1,0,0,7,0,102;171;292;459;299;683;440
1,992,1043,1,0,0,7,3,157;226;292;514;354;733;495
1,1100,1179,1,0,0,8,3,49;118;280;406;246;630;387;438
1,1082,1141,1,0,0,8,1,67;136;292;424;264;648;405;456
1,1107,1187,1,0,0,8,2,42;111;280;399;194;623;380;259
1,1103,1310,1,0,0,8,5,46;115;280;403;194;627;384;435
1,1234,1481,1,0,0,7,6,181;272;112;496;253;259;801
0,1224,1307,1,15,0,7,0,191;282;122;506;263;259;811
26
2336,2896,224.37,8
2443,3083,161.55,9
2538,3254,174.23,10
2543,3506,184.43,9
2817,3527,0.00,9
2830,3493,215.86,9
1473,2250,241.61,11
1634,2378,306.97,8
1745,2566,290.70,10
1884,2877,180.34,9
1942,2594,124.79,10
1969,2526,0.00,8
1979,3060,207.12,10
2235,2911,203.39,10
669,1506,163.23,8
437,1415,442.32,8
765,1730,244.44,10
681,1346,66.46,11
1067,1538,212.09,10
804,1487,0.00,11
1252,2238,222.40,10
1112,2035,317.69,9
173,872,51.91,11
122,695,214.61,9
433,1218,220.67,8
250,1149,152.71,9
